[97, 14, 83, 14, 95, 15, 40, 56, 81, 47,
99, 98, 39, 86, 85, 4, 83, 19, 78, 17,
59, 42, 98, 5, 86, 97, 94, 79, 59, 14,
8, 21, 96, 58, 35, 90, 39, 42, 46, 19,
55, 10, 84, 61, 62, 34, 65, 44, 53, 9,
62, 11, 17, 25, 83, 2, 21, 77, 47, 46,
57]
[[1304, 1326, 1762], [1801, 644, 1120], [1547, 1232, 525], [445, 594, 348], [1470, 877, 294], [175, 627, 1558], [582, 1360, 1398], [1296, 835, 201], [561, 1322, 595], [52, 1303, 50],
[1205, 738, 1376], [1098, 1760, 1241], [1439, 1439, 1694], [95, 15, 420], [443, 706, 518], [1827, 881, 366], [738, 1463, 1726], [267, 112, 1783], [1558, 673, 457], [1374, 725, 1761],
[1424, 1151, 1720], [153, 381, 1612], [1394, 1820, 1182], [1220, 1137, 1197], [861, 801, 1125], [1379, 760, 137], [967, 1498, 822], [824, 986, 155], [1828, 676, 828], [417, 1271, 775],
[1399, 827, 57], [1250, 980, 438], [993, 1595, 1480], [306, 167, 748], [725, 1028, 770], [1850, 1629, 1530], [1208, 727, 380], [1251, 772, 588], [1406, 732, 1264], [1456, 370, 1756],
[362, 1769, 714], [1509, 1150, 915], [1169, 1365, 642], [780, 892, 809], [749, 838, 1059], [1519, 819, 819], [402, 1249, 767], [3, 1721, 760], [591, 1259, 1492], [1076, 67, 1083],
[964, 429, 983], [899, 69, 1355], [1036, 459, 72], [1678, 1239, 964], [1708, 1209, 1803], [119, 860, 1843], [159, 483, 444], [926, 486, 297], [1687, 1078, 777], [531, 285, 844],
[836, 470, 494]]
[[3, 5, 5, 0], [7, 6, 7, 7], [10, 0, 10, 0], [9, 1, 9, 4], [4, 6, 0, 7], [10, 9, 2, 10], [6, 1, 3, 7], [5, 8, 7, 6], [0, 1, 4, 7], [5, 0, 1, 2],
[10, 1, 3, 8], [0, 10, 10, 2], [3, 9, 7, 1], [7, 10, 9, 0], [0, 1, 8, 3], [7, 4, 10, 8], [3, 1, 2, 9], [2, 4, 9, 10], [3, 1, 5, 1], [9, 3, 4, 0],
[1, 0, 10, 8], [10, 8, 8, 8], [7, 3, 1, 4], [7, 9, 10, 0], [10, 10, 7, 10], [1, 5, 7, 4], [5, 2, 6, 1], [5, 10, 10, 6], [8, 9, 1, 8], [6, 7, 5, 3],
[0, 4, 5, 5], [0, 2, 3, 9], [1, 10, 8, 3], [3, 3, 5, 6], [5, 0, 7, 8], [8, 7, 1, 4], [3, 2, 1, 10], [9, 4, 0, 7], [9, 5, 2, 7], [5, 5, 5, 6],
[3, 1, 9, 4], [4, 4, 10, 9], [2, 6, 6, 9], [0, 7, 2, 4], [7, 1, 1, 3], [5, 10, 0, 1], [2, 0, 9, 7], [5, 3, 2, 6], [2, 10, 10, 6], [3, 9, 2, 3],
[3, 6, 1, 3], [0, 1, 5, 7], [2, 4, 9, 6], [3, 9, 7, 5], [9, 3, 1, 1], [5, 2, 8, 7], [1, 7, 3, 2], [4, 3, 5, 7], [10, 5, 8, 10], [4, 1, 5, 7],
[5, 3, 0, 7]]
[1, 0.05, 0.05, 0.05, 0.05, 0.05, 0.05, 0.05, 0.05, 0.05,
0.05, 0.05, 0.05, 0.05, 0.05, 0.05, 0.05, 0.05, 0.05, 0.05,
0.05, 0.0025, 0.0025, 0.0025, 0.0025, 0.0025, 0.0025, 0.0025, 0.0025, 0.0025,
0.0025, 0.0025, 0.0025, 0.0025, 0.0025, 0.0025, 0.0025, 0.0025, 0.0025, 0.0025,
0.0025, 0.000125, 0.000125, 0.000125, 0.000125, 0.000125, 0.000125, 0.000125, 0.000125, 0.000125,
0.000125, 0.000125, 0.000125, 0.000125, 0.000125, 0.000125, 0.000125, 0.000125, 0.000125, 0.000125,
0.000125]
[2, 7, 0, 0, 3, 1, 1, 7, 0, 2,
8, 7, 3, 4, 3, 9, 0, 9, 1, 7,
8, 6, 7, 7, 0, 5, 3, 4, 1, 2,
5, 4, 2, 8, 5, 1, 7, 4, 2, 5,
5, 3, 8, 7, 2, 7, 3, 6, 5, 2,
4, 7, 4, 0, 4, 2, 8, 0, 7, 9,
1]
------------------------------------------------------- 
# stage = 4	# children c = 20	length of each stage p = 1	nodes = 60	# items I = 1
