[6, 18, 14, 0, 21, 25, 96, 36, 54, 15,
55, 97, 94, 97, 23, 68, 66, 100, 27, 30,
47, 65, 98, 8, 4, 28, 2, 64, 68, 25,
14, 74, 10, 28, 40, 31, 53, 35, 33, 6,
50, 89, 70, 9, 85, 93, 44, 16, 58, 71,
46, 72, 36, 10, 46, 6, 38, 48, 70, 72,
39, 50, 45, 49, 78, 51, 81, 97, 86, 13,
2, 1, 68, 72, 78, 18, 31, 21, 35, 55,
58]
[[702, 64, 436], [732, 542, 194], [820, 585, 32], [842, 553, 642], [524, 198, 218], [96, 308, 164], [403, 838, 928], [0, 606, 617], [243, 68, 449], [612, 179, 95],
[846, 765, 44], [331, 546, 586], [409, 300, 104], [441, 191, 657], [16, 599, 739], [235, 580, 931], [283, 867, 703], [144, 868, 358], [762, 44, 310], [144, 541, 489],
[123, 436, 187], [167, 651, 734], [753, 944, 83], [857, 434, 158], [448, 450, 642], [120, 685, 271], [101, 852, 187], [804, 46, 939], [95, 808, 868], [406, 1, 458],
[779, 124, 778], [16, 176, 362], [634, 929, 355], [717, 720, 789], [759, 101, 172], [334, 105, 742], [605, 206, 643], [677, 894, 689], [549, 874, 430], [466, 213, 431],
[808, 41, 440], [519, 892, 616], [881, 575, 478], [169, 225, 131], [842, 869, 232], [899, 252, 338], [690, 742, 428], [266, 352, 256], [840, 901, 63], [319, 301, 276],
[635, 42, 201], [8, 446, 143], [508, 260, 602], [35, 430, 828], [167, 321, 746], [283, 269, 882], [505, 843, 673], [818, 43, 74], [7, 883, 860], [70, 135, 210],
[346, 654, 136], [547, 662, 582], [574, 103, 843], [226, 139, 322], [938, 190, 527], [617, 357, 681], [548, 747, 573], [155, 614, 500], [229, 505, 316], [138, 575, 452],
[232, 805, 39], [253, 285, 586], [835, 860, 689], [611, 19, 712], [933, 6, 786], [394, 623, 193], [124, 220, 824], [581, 259, 371], [131, 489, 876], [447, 511, 384],
[783, 628, 238]]
[[10, 3, 1, 9], [2, 10, 4, 8], [7, 2, 3, 9], [7, 0, 10, 10], [5, 5, 5, 1], [5, 0, 3, 7], [0, 9, 8, 4], [8, 8, 6, 7], [9, 7, 6, 10], [5, 8, 5, 10],
[8, 6, 7, 2], [5, 6, 0, 8], [10, 3, 9, 4], [3, 0, 0, 2], [7, 9, 4, 2], [4, 10, 9, 0], [5, 2, 10, 8], [8, 3, 7, 4], [9, 1, 6, 1], [6, 6, 10, 5],
[7, 6, 9, 0], [6, 7, 0, 0], [3, 2, 2, 7], [2, 10, 8, 5], [10, 5, 0, 8], [6, 5, 1, 5], [7, 5, 4, 2], [10, 3, 7, 6], [10, 3, 4, 5], [8, 4, 4, 1],
[7, 6, 6, 7], [3, 1, 10, 3], [7, 10, 9, 0], [4, 10, 3, 9], [2, 8, 0, 1], [0, 7, 8, 10], [8, 1, 3, 6], [4, 5, 5, 9], [0, 0, 3, 4], [2, 2, 5, 7],
[10, 3, 7, 1], [2, 0, 0, 2], [8, 0, 4, 6], [6, 10, 4, 3], [9, 7, 7, 2], [1, 1, 9, 10], [2, 1, 1, 2], [1, 6, 9, 9], [9, 3, 0, 9], [3, 9, 1, 9],
[9, 3, 5, 2], [0, 9, 4, 9], [3, 0, 10, 2], [0, 8, 10, 0], [8, 1, 2, 7], [5, 9, 6, 2], [1, 4, 0, 5], [2, 10, 1, 9], [0, 4, 10, 0], [2, 3, 8, 3],
[1, 7, 3, 1], [2, 3, 1, 8], [2, 1, 5, 7], [10, 9, 7, 1], [2, 8, 4, 2], [5, 3, 9, 4], [8, 8, 2, 8], [0, 10, 1, 2], [4, 4, 1, 5], [5, 1, 2, 7],
[2, 5, 2, 2], [3, 9, 1, 3], [4, 3, 5, 8], [6, 4, 1, 3], [1, 3, 10, 0], [1, 0, 0, 5], [2, 1, 10, 8], [2, 0, 4, 5], [5, 4, 5, 7], [3, 4, 10, 7],
[7, 5, 4, 0]]
[1, 0.05, 0.05, 0.05, 0.05, 0.05, 0.05, 0.05, 0.05, 0.05,
0.05, 0.05, 0.05, 0.05, 0.05, 0.05, 0.05, 0.05, 0.05, 0.05,
0.05, 0.0025, 0.0025, 0.0025, 0.0025, 0.0025, 0.0025, 0.0025, 0.0025, 0.0025,
0.0025, 0.0025, 0.0025, 0.0025, 0.0025, 0.0025, 0.0025, 0.0025, 0.0025, 0.0025,
0.0025, 0.000125, 0.000125, 0.000125, 0.000125, 0.000125, 0.000125, 0.000125, 0.000125, 0.000125,
0.000125, 0.000125, 0.000125, 0.000125, 0.000125, 0.000125, 0.000125, 0.000125, 0.000125, 0.000125,
0.000125, 6.25e-06, 6.25e-06, 6.25e-06, 6.25e-06, 6.25e-06, 6.25e-06, 6.25e-06, 6.25e-06, 6.25e-06,
6.25e-06, 6.25e-06, 6.25e-06, 6.25e-06, 6.25e-06, 6.25e-06, 6.25e-06, 6.25e-06, 6.25e-06, 6.25e-06,
6.25e-06]
[6, 0, 9, 2, 8, 0, 5, 5, 6, 1,
2, 3, 0, 7, 1, 0, 3, 8, 4, 7,
7, 4, 0, 3, 8, 2, 8, 8, 1, 9,
4, 3, 1, 1, 6, 2, 8, 9, 0, 8,
8, 0, 0, 9, 6, 7, 0, 9, 6, 1,
3, 9, 4, 1, 3, 4, 3, 2, 5, 5,
3, 3, 5, 9, 5, 9, 8, 1, 9, 9,
5, 5, 1, 2, 2, 0, 5, 1, 8, 8,
3]
------------------------------------------------------- 
# stage = 5	# children c = 20	length of each stage p = 1	nodes = 80	# items I = 1
