[26, 38, 8, 74, 37, 55, 69, 81, 44, 77,
70, 33, 60, 32, 22, 24, 87, 79, 54, 95,
29, 82, 99, 50, 27, 88, 63, 29, 13, 83,
80, 39, 88, 54, 13, 24, 8, 48, 72, 18,
92, 41, 51, 51, 39, 40, 76, 25, 85, 96,
87, 13, 77, 51, 29, 70, 39, 93, 100, 18,
41, 45, 58, 28, 99, 37, 19, 6, 51, 91,
91]
[[77, 375, 251], [110, 562, 510], [1198, 684, 21], [1044, 1356, 1438], [948, 361, 410], [1642, 636, 70], [306, 1743, 1714], [1217, 1024, 874], [1550, 300, 1636], [1068, 613, 934],
[1088, 250, 870], [1339, 360, 1432], [1409, 1118, 1676], [990, 286, 716], [551, 794, 1077], [522, 560, 1273], [152, 426, 699], [1866, 1644, 1723], [423, 877, 1583], [183, 69, 1756],
[1117, 717, 129], [1547, 179, 49], [1103, 1589, 728], [462, 702, 574], [1178, 814, 1368], [378, 1336, 1488], [1652, 1488, 38], [474, 1477, 1242], [1758, 1461, 242], [1464, 1644, 1748],
[904, 444, 588], [1033, 1552, 768], [643, 778, 40], [1371, 1240, 302], [1505, 542, 1116], [996, 480, 575], [608, 1692, 1623], [646, 1727, 1224], [11, 1608, 368], [1690, 755, 1572],
[1562, 1659, 1576], [273, 376, 1251], [601, 1019, 1589], [641, 73, 953], [944, 1578, 1055], [183, 257, 1095], [319, 865, 911], [65, 1071, 761], [849, 642, 52], [1217, 456, 367],
[912, 141, 150], [612, 414, 86], [1423, 1016, 665], [1136, 1217, 298], [212, 284, 1436], [827, 28, 1693], [45, 347, 242], [516, 412, 873], [837, 1262, 1516], [449, 162, 1532],
[817, 1075, 1673], [527, 1247, 1647], [613, 353, 346], [838, 1489, 1564], [1136, 1261, 1408], [695, 211, 1436], [71, 1694, 1343], [313, 1770, 1316], [747, 731, 701], [386, 1180, 423],
[41, 1557, 1498]]
[[10, 2, 4, 5], [4, 2, 6, 7], [9, 2, 10, 8], [10, 5, 2, 9], [3, 8, 4, 2], [5, 0, 9, 10], [7, 4, 4, 8], [4, 5, 9, 3], [7, 3, 6, 0], [3, 1, 5, 1],
[3, 5, 8, 0], [10, 8, 10, 2], [5, 1, 4, 8], [0, 1, 5, 7], [3, 9, 5, 7], [3, 1, 0, 8], [2, 6, 6, 6], [6, 1, 7, 7], [4, 2, 8, 3], [10, 7, 3, 4],
[6, 5, 0, 6], [4, 5, 3, 8], [2, 6, 4, 5], [7, 2, 1, 10], [7, 7, 5, 2], [6, 10, 7, 10], [0, 4, 2, 10], [9, 3, 2, 5], [7, 2, 0, 0], [5, 1, 8, 7],
[7, 0, 2, 4], [0, 1, 1, 7], [8, 4, 7, 4], [1, 4, 3, 1], [8, 4, 10, 5], [7, 1, 10, 1], [3, 10, 2, 6], [1, 8, 3, 6], [6, 3, 8, 7], [4, 9, 1, 1],
[0, 9, 3, 2], [0, 7, 1, 6], [0, 0, 0, 5], [1, 10, 5, 2], [8, 7, 9, 9], [2, 10, 2, 9], [2, 0, 3, 6], [7, 4, 7, 8], [2, 0, 8, 0], [5, 9, 7, 3],
[8, 7, 6, 7], [7, 0, 10, 4], [5, 6, 0, 8], [5, 2, 4, 7], [0, 7, 2, 8], [0, 7, 3, 1], [5, 0, 10, 8], [7, 6, 9, 4], [3, 5, 1, 8], [3, 9, 10, 9],
[2, 8, 4, 7], [8, 6, 1, 9], [2, 1, 4, 0], [6, 7, 10, 10], [7, 10, 7, 1], [3, 6, 4, 4], [9, 3, 1, 1], [1, 9, 8, 1], [6, 1, 6, 4], [7, 7, 0, 7],
[6, 4, 6, 1]]
[1, 0.1, 0.1, 0.1, 0.1, 0.1, 0.1, 0.1, 0.1, 0.1,
0.1, 0.01, 0.01, 0.01, 0.01, 0.01, 0.01, 0.01, 0.01, 0.01,
0.01, 0.001, 0.001, 0.001, 0.001, 0.001, 0.001, 0.001, 0.001, 0.001,
0.001, 0.0001, 0.0001, 0.0001, 0.0001, 0.0001, 0.0001, 0.0001, 0.0001, 0.0001,
0.0001, 1e-05, 1e-05, 1e-05, 1e-05, 1e-05, 1e-05, 1e-05, 1e-05, 1e-05,
1e-05, 1e-06, 1e-06, 1e-06, 1e-06, 1e-06, 1e-06, 1e-06, 1e-06, 1e-06,
1e-06, 1e-07, 1e-07, 1e-07, 1e-07, 1e-07, 1e-07, 1e-07, 1e-07, 1e-07,
1e-07]
[0, 5, 7, 5, 4, 7, 3, 9, 7, 7,
6, 0, 1, 2, 7, 7, 9, 8, 3, 1,
5, 4, 8, 0, 8, 5, 8, 6, 5, 6,
9, 9, 9, 8, 5, 3, 0, 0, 7, 8,
5, 1, 1, 5, 1, 0, 8, 1, 1, 3,
2, 8, 9, 3, 5, 3, 6, 6, 6, 3,
5, 9, 7, 4, 4, 4, 9, 9, 4, 5,
7]
------------------------------------------------------- 
# stage = 8	# children c = 10	length of each stage p = 1	nodes = 70	# items I = 1
