[29, 61, 13, 99, 40, 85, 92, 75, 33, 74,
62, 88, 54, 76, 40, 59, 62, 51, 57, 72,
20, 87, 41, 21, 38, 51, 33, 74, 46, 63,
81, 41, 23, 61, 6, 63, 45, 98, 37, 79,
38]
[[1732, 4512, 3619], [3835, 2455, 2012], [2114, 1399, 4104], [1037, 2639, 4073], [2308, 4169, 3041], [3400, 2929, 3338], [3008, 2593, 818], [136, 3692, 1179], [3396, 2820, 1510], [2528, 3314, 340],
[1174, 3442, 3248], [266, 2751, 4099], [2278, 338, 971], [251, 1375, 3610], [4324, 2080, 1649], [2839, 953, 51], [46, 2357, 1041], [864, 890, 206], [2044, 4286, 1422], [3554, 2287, 209],
[3894, 1857, 2048], [2615, 2123, 272], [2187, 2797, 3533], [3158, 3048, 381], [637, 1242, 857], [682, 4081, 207], [734, 4127, 2564], [171, 3388, 3454], [3300, 905, 3213], [195, 4459, 3896],
[3327, 2222, 1226], [848, 3233, 1745], [4043, 3816, 15], [3049, 843, 1460], [1827, 1480, 2702], [2684, 2163, 652], [2891, 1293, 252], [3852, 4387, 2036], [2779, 3160, 2941], [4389, 1751, 2873],
[2154, 551, 3491]]
[[4, 4, 7, 4], [10, 9, 9, 7], [6, 0, 1, 6], [3, 4, 6, 5], [9, 3, 5, 4], [6, 5, 4, 7], [2, 5, 6, 4], [1, 3, 6, 3], [7, 2, 7, 6], [10, 3, 0, 5],
[2, 1, 9, 5], [5, 2, 10, 3], [5, 2, 7, 1], [7, 0, 6, 10], [5, 1, 3, 4], [4, 7, 5, 0], [9, 10, 4, 6], [3, 4, 1, 5], [4, 8, 10, 9], [0, 7, 2, 3],
[9, 7, 2, 5], [6, 9, 2, 9], [10, 3, 3, 4], [10, 6, 2, 7], [6, 5, 2, 9], [7, 1, 1, 0], [10, 9, 8, 10], [5, 8, 2, 1], [4, 5, 6, 10], [1, 7, 9, 0],
[10, 10, 2, 8], [5, 3, 4, 9], [6, 4, 5, 2], [6, 6, 1, 3], [2, 7, 0, 7], [4, 0, 8, 8], [3, 2, 6, 4], [9, 4, 3, 6], [1, 5, 3, 4], [6, 5, 3, 1],
[10, 8, 2, 3]]
[1, 0.1, 0.1, 0.1, 0.1, 0.1, 0.1, 0.1, 0.1, 0.1,
0.1, 0.01, 0.01, 0.01, 0.01, 0.01, 0.01, 0.01, 0.01, 0.01,
0.01, 0.001, 0.001, 0.001, 0.001, 0.001, 0.001, 0.001, 0.001, 0.001,
0.001, 0.0001, 0.0001, 0.0001, 0.0001, 0.0001, 0.0001, 0.0001, 0.0001, 0.0001,
0.0001]
[3, 3, 1, 5, 1, 10, 0, 7, 3, 7,
11, 11, 3, 7, 7, 9, 6, 9, 9, 5,
0, 8, 11, 11, 1, 1, 4, 2, 8, 7,
9, 10, 9, 10, 5, 9, 6, 1, 1, 3,
3]
------------------------------------------------------- 
# stage = 5	# children c = 10	length of each stage p = 1	nodes = 40	# items I = 1
