[52, 93, 73, 54, 86, 66, 100, 41, 62, 43,
61, 54, 86, 18, 22, 16, 74, 16, 59, 39,
90, 95, 3, 5, 4, 28, 21, 57, 40, 15,
83, 93, 74, 55, 12, 26, 87, 78, 33, 15,
88, 94, 69, 73, 78, 57, 55, 52, 73, 81,
57, 29, 41, 60, 0, 45, 88, 21, 69, 94,
2]
[[959, 990, 712], [119, 881, 598], [974, 963, 673], [102, 998, 468], [328, 543, 834], [810, 564, 566], [625, 735, 684], [549, 559, 76], [920, 1008, 950], [188, 801, 1025],
[537, 727, 983], [216, 239, 223], [207, 605, 579], [272, 707, 969], [740, 3, 480], [966, 813, 11], [925, 830, 138], [576, 771, 698], [44, 50, 65], [995, 663, 258],
[379, 168, 985], [754, 809, 616], [370, 1016, 188], [949, 255, 896], [885, 387, 899], [757, 746, 71], [160, 638, 901], [299, 606, 31], [389, 651, 82], [454, 613, 745],
[712, 384, 305], [56, 106, 82], [673, 476, 490], [861, 817, 138], [116, 61, 950], [1015, 819, 55], [478, 979, 693], [346, 670, 267], [803, 26, 310], [885, 905, 315],
[1022, 1009, 699], [295, 33, 197], [802, 98, 673], [259, 351, 882], [822, 468, 944], [132, 875, 122], [187, 321, 68], [273, 59, 131], [965, 862, 582], [242, 714, 455],
[557, 704, 431], [223, 391, 889], [846, 160, 987], [486, 844, 306], [761, 26, 166], [672, 158, 8], [794, 345, 329], [254, 618, 389], [810, 550, 643], [360, 184, 325],
[815, 741, 421]]
[[6, 5, 10, 4], [8, 4, 7, 1], [1, 2, 0, 4], [3, 2, 3, 9], [6, 3, 2, 9], [1, 10, 9, 2], [6, 8, 1, 10], [2, 1, 3, 6], [6, 0, 10, 4], [4, 5, 3, 3],
[7, 3, 7, 0], [3, 9, 7, 9], [10, 9, 8, 1], [9, 4, 1, 2], [1, 3, 1, 3], [4, 3, 10, 8], [1, 7, 1, 4], [1, 4, 7, 9], [5, 2, 7, 8], [9, 3, 5, 8],
[10, 0, 9, 8], [4, 0, 0, 6], [1, 10, 7, 3], [0, 6, 0, 2], [1, 0, 4, 2], [2, 9, 9, 6], [0, 3, 3, 7], [6, 6, 5, 6], [6, 1, 1, 0], [1, 10, 4, 0],
[10, 0, 3, 8], [5, 2, 8, 6], [0, 1, 6, 2], [0, 3, 8, 9], [6, 10, 6, 0], [5, 9, 6, 10], [10, 5, 8, 10], [5, 1, 10, 2], [10, 1, 10, 4], [1, 6, 8, 1],
[7, 4, 1, 7], [7, 10, 4, 0], [7, 8, 0, 10], [6, 4, 9, 3], [10, 6, 2, 2], [5, 0, 4, 5], [10, 1, 9, 0], [7, 5, 10, 2], [9, 0, 7, 3], [8, 0, 3, 4],
[8, 2, 4, 1], [6, 0, 5, 5], [7, 7, 7, 1], [5, 9, 6, 4], [9, 3, 2, 5], [8, 1, 5, 4], [0, 2, 5, 8], [2, 6, 0, 9], [8, 2, 10, 4], [2, 2, 7, 7],
[8, 2, 7, 2]]
[1, 0.1, 0.1, 0.1, 0.1, 0.1, 0.1, 0.1, 0.1, 0.1,
0.1, 0.01, 0.01, 0.01, 0.01, 0.01, 0.01, 0.01, 0.01, 0.01,
0.01, 0.001, 0.001, 0.001, 0.001, 0.001, 0.001, 0.001, 0.001, 0.001,
0.001, 0.0001, 0.0001, 0.0001, 0.0001, 0.0001, 0.0001, 0.0001, 0.0001, 0.0001,
0.0001, 1e-05, 1e-05, 1e-05, 1e-05, 1e-05, 1e-05, 1e-05, 1e-05, 1e-05,
1e-05, 1e-06, 1e-06, 1e-06, 1e-06, 1e-06, 1e-06, 1e-06, 1e-06, 1e-06,
1e-06]
[0, 17, 8, 19, 11, 11, 12, 3, 8, 5,
5, 16, 12, 14, 6, 2, 9, 13, 8, 11,
9, 2, 11, 2, 7, 5, 15, 18, 0, 9,
2, 10, 3, 3, 10, 7, 11, 17, 11, 15,
3, 5, 16, 20, 10, 0, 16, 1, 9, 6,
16, 15, 0, 5, 6, 6, 17, 3, 10, 6,
9]
------------------------------------------------------- 
# stage = 7	# children c = 10	length of each stage p = 1	nodes = 60	# items I = 1
