[77, 19, 17, 84, 73, 3, 85, 24, 77, 29,
88, 93, 28, 95, 16, 19, 93, 26, 17, 63,
86, 53, 23, 6, 57, 88, 8, 36, 13, 15,
13, 90, 0, 97, 39, 73, 66, 23, 97, 42,
52, 50, 1, 47, 10, 17, 66, 2, 43, 49,
65, 29, 68, 54, 1, 25, 8, 77, 27, 21,
58, 6, 77, 58, 2, 82, 30, 35, 4, 93,
77]
[[1690, 971, 1749], [987, 846, 32], [1577, 371, 15], [726, 186, 341], [431, 1032, 1237], [1522, 1392, 171], [343, 1391, 1705], [712, 1196, 502], [582, 1001, 1480], [271, 1336, 1198],
[809, 1179, 1705], [246, 1702, 704], [1662, 1431, 611], [1678, 310, 798], [171, 277, 1366], [945, 1799, 447], [1116, 1679, 1838], [974, 543, 722], [1012, 1125, 1723], [181, 932, 1211],
[915, 1741, 78], [772, 140, 1780], [1012, 1338, 900], [1624, 1168, 746], [110, 876, 1023], [1476, 1821, 510], [1459, 625, 341], [1449, 1135, 884], [323, 1684, 1545], [1582, 17, 166],
[946, 468, 59], [560, 1240, 1583], [493, 1789, 610], [929, 1565, 1778], [1675, 1211, 806], [386, 375, 315], [896, 1835, 477], [774, 972, 1148], [1194, 832, 984], [892, 566, 537],
[1058, 1048, 1005], [653, 1609, 1782], [1773, 1638, 1723], [535, 719, 976], [1, 82, 339], [344, 468, 250], [659, 900, 237], [672, 1674, 746], [1821, 557, 1578], [493, 1449, 1680],
[567, 195, 417], [1572, 384, 1562], [1506, 1693, 888], [917, 1764, 1143], [45, 1766, 1225], [384, 262, 1229], [635, 457, 1665], [408, 1130, 1028], [690, 639, 1585], [420, 668, 1186],
[1637, 1235, 917], [206, 496, 837], [1304, 1538, 219], [344, 608, 135], [1487, 653, 1437], [400, 574, 1699], [1629, 745, 1693], [1446, 689, 511], [162, 1380, 686], [1747, 1336, 1354],
[621, 1125, 278]]
[[10, 6, 8, 8], [8, 4, 3, 1], [8, 8, 2, 6], [5, 3, 7, 2], [1, 5, 6, 9], [1, 7, 6, 8], [3, 10, 0, 6], [4, 8, 1, 1], [1, 9, 7, 9], [0, 8, 8, 7],
[3, 10, 2, 8], [1, 7, 10, 0], [10, 3, 10, 0], [10, 3, 6, 3], [3, 6, 7, 5], [1, 8, 6, 2], [5, 2, 9, 3], [8, 7, 10, 0], [4, 0, 9, 3], [5, 6, 4, 5],
[10, 1, 5, 9], [4, 10, 10, 5], [3, 7, 10, 5], [2, 3, 5, 5], [3, 2, 7, 0], [7, 4, 1, 0], [4, 8, 4, 10], [3, 6, 2, 0], [7, 7, 10, 0], [4, 9, 4, 8],
[3, 1, 0, 4], [5, 5, 7, 8], [5, 3, 7, 1], [8, 6, 2, 10], [3, 4, 7, 4], [10, 9, 5, 6], [4, 2, 4, 8], [0, 6, 5, 2], [8, 3, 6, 2], [9, 0, 8, 3],
[4, 4, 5, 10], [8, 5, 9, 9], [7, 6, 3, 4], [2, 6, 10, 6], [8, 1, 4, 6], [8, 7, 8, 5], [0, 1, 5, 7], [2, 2, 8, 4], [5, 0, 3, 0], [3, 10, 10, 10],
[3, 0, 3, 6], [6, 0, 10, 1], [0, 1, 7, 6], [9, 3, 9, 7], [4, 3, 1, 6], [3, 9, 10, 6], [8, 0, 7, 0], [9, 6, 9, 1], [4, 10, 5, 8], [0, 3, 9, 9],
[4, 3, 4, 0], [6, 2, 7, 0], [3, 6, 4, 6], [3, 2, 0, 0], [0, 7, 0, 9], [0, 7, 9, 4], [7, 1, 1, 5], [4, 8, 3, 9], [0, 7, 7, 5], [7, 2, 3, 10],
[8, 7, 3, 0]]
[1, 0.1, 0.1, 0.1, 0.1, 0.1, 0.1, 0.1, 0.1, 0.1,
0.1, 0.01, 0.01, 0.01, 0.01, 0.01, 0.01, 0.01, 0.01, 0.01,
0.01, 0.001, 0.001, 0.001, 0.001, 0.001, 0.001, 0.001, 0.001, 0.001,
0.001, 0.0001, 0.0001, 0.0001, 0.0001, 0.0001, 0.0001, 0.0001, 0.0001, 0.0001,
0.0001, 1e-05, 1e-05, 1e-05, 1e-05, 1e-05, 1e-05, 1e-05, 1e-05, 1e-05,
1e-05, 1e-06, 1e-06, 1e-06, 1e-06, 1e-06, 1e-06, 1e-06, 1e-06, 1e-06,
1e-06, 1e-07, 1e-07, 1e-07, 1e-07, 1e-07, 1e-07, 1e-07, 1e-07, 1e-07,
1e-07]
[4, 10, 2, 6, 2, 3, 10, 18, 4, 18,
4, 12, 8, 10, 18, 3, 2, 16, 15, 5,
6, 6, 18, 8, 6, 11, 0, 2, 7, 18,
16, 4, 12, 17, 0, 4, 8, 17, 10, 4,
5, 6, 14, 7, 18, 3, 9, 12, 3, 8,
7, 4, 1, 16, 3, 6, 10, 11, 15, 5,
4, 7, 10, 13, 7, 11, 12, 7, 14, 3,
18]
------------------------------------------------------- 
# stage = 8	# children c = 10	length of each stage p = 1	nodes = 70	# items I = 1
