[54, 0, 54, 20, 21, 93, 80, 24, 2, 15,
49, 63, 59, 57, 78, 27, 64, 51, 83, 66,
27, 98, 30, 20, 28, 34, 72, 99, 6, 20,
7, 60, 21, 62, 47, 42, 54, 93, 66, 22,
8, 82, 52, 67, 38, 96, 60, 68, 46, 42,
100, 40, 5, 96, 26, 33, 29, 98, 99, 36,
17]
[[286, 3025, 2587], [3053, 2435, 1577], [150, 3040, 233], [1131, 1663, 1727], [320, 3127, 3801], [1210, 2221, 3634], [3945, 1956, 3289], [2563, 3928, 369], [2654, 2284, 2697], [3473, 2031, 538],
[2819, 596, 3564], [3686, 3650, 2012], [3542, 2079, 1066], [3775, 3210, 1008], [1516, 3530, 148], [3596, 3019, 2369], [3243, 2978, 2604], [825, 3820, 824], [1194, 2487, 3109], [2170, 252, 3419],
[2709, 1351, 29], [2286, 1050, 1958], [2577, 605, 50], [1922, 2659, 3260], [2931, 188, 1083], [1358, 2064, 115], [2007, 3586, 1372], [624, 424, 1205], [1449, 3884, 1971], [2837, 2068, 2224],
[2269, 790, 3575], [2298, 1355, 2904], [269, 2211, 1788], [2585, 147, 460], [1859, 3078, 2915], [1221, 2715, 992], [3602, 735, 2857], [988, 1360, 3282], [472, 1088, 3179], [723, 3925, 3526],
[2947, 2207, 2595], [814, 2785, 2229], [3718, 1333, 454], [3785, 3919, 601], [258, 70, 1958], [3173, 1291, 686], [2444, 906, 1422], [1315, 173, 1061], [2876, 2912, 2149], [347, 3635, 366],
[3874, 874, 852], [761, 3954, 3637], [2991, 1964, 984], [3445, 1762, 3182], [2325, 2020, 3252], [2562, 3473, 2822], [1527, 209, 3728], [1228, 1524, 2181], [568, 2679, 3372], [2717, 1306, 3020],
[1362, 3459, 2173]]
[[10, 5, 8, 3], [6, 4, 5, 4], [10, 6, 10, 2], [2, 10, 10, 3], [5, 7, 7, 7], [1, 1, 6, 10], [5, 7, 4, 7], [1, 10, 4, 10], [3, 0, 2, 7], [2, 7, 0, 10],
[1, 8, 1, 3], [7, 0, 5, 1], [5, 1, 6, 4], [0, 10, 3, 5], [7, 8, 10, 8], [5, 3, 5, 8], [1, 8, 5, 4], [2, 3, 1, 3], [1, 1, 5, 6], [10, 10, 6, 5],
[9, 1, 9, 7], [10, 2, 1, 6], [10, 9, 1, 2], [1, 7, 0, 1], [2, 3, 3, 4], [4, 4, 6, 5], [5, 0, 1, 5], [8, 7, 10, 6], [6, 8, 2, 3], [8, 1, 9, 5],
[10, 9, 8, 9], [5, 6, 10, 7], [9, 2, 9, 0], [5, 4, 6, 10], [4, 5, 2, 10], [10, 1, 5, 3], [8, 5, 7, 3], [4, 5, 9, 1], [3, 6, 9, 6], [10, 8, 0, 6],
[9, 10, 6, 1], [3, 1, 0, 6], [4, 1, 5, 3], [2, 9, 7, 8], [1, 1, 10, 4], [4, 8, 5, 8], [1, 3, 1, 0], [10, 2, 6, 6], [1, 1, 7, 2], [1, 5, 6, 5],
[6, 10, 7, 7], [6, 1, 2, 7], [2, 1, 0, 6], [9, 4, 1, 8], [7, 3, 8, 4], [3, 1, 10, 2], [1, 4, 2, 2], [10, 9, 5, 3], [6, 1, 10, 1], [2, 2, 6, 4],
[1, 5, 9, 9]]
[1, 0.05, 0.05, 0.05, 0.05, 0.05, 0.05, 0.05, 0.05, 0.05,
0.05, 0.05, 0.05, 0.05, 0.05, 0.05, 0.05, 0.05, 0.05, 0.05,
0.05, 0.0025, 0.0025, 0.0025, 0.0025, 0.0025, 0.0025, 0.0025, 0.0025, 0.0025,
0.0025, 0.0025, 0.0025, 0.0025, 0.0025, 0.0025, 0.0025, 0.0025, 0.0025, 0.0025,
0.0025, 0.000125, 0.000125, 0.000125, 0.000125, 0.000125, 0.000125, 0.000125, 0.000125, 0.000125,
0.000125, 0.000125, 0.000125, 0.000125, 0.000125, 0.000125, 0.000125, 0.000125, 0.000125, 0.000125,
0.000125]
[14, 9, 5, 2, 1, 4, 5, 5, 18, 18,
5, 15, 15, 1, 11, 12, 13, 17, 11, 16,
7, 10, 4, 3, 11, 10, 6, 3, 17, 18,
11, 6, 4, 14, 6, 7, 3, 10, 17, 13,
19, 17, 1, 19, 17, 19, 0, 5, 12, 19,
14, 16, 0, 8, 3, 9, 16, 0, 19, 0,
9]
------------------------------------------------------- 
# stage = 4	# children c = 20	length of each stage p = 1	nodes = 60	# items I = 1
