[53, 41, 64, 98, 70, 16, 66, 2, 69, 86,
23, 32, 49, 96, 64, 26, 58, 39, 56, 66,
13, 22, 7, 57, 79, 77, 39, 28, 85, 21,
90, 37, 29, 20, 1, 99, 36, 33, 67, 71,
85]
[[755, 2961, 2177], [2211, 105, 1714], [3171, 2790, 1615], [656, 1532, 669], [3247, 2466, 1145], [2282, 3855, 1192], [2315, 86, 3706], [350, 1063, 3140], [483, 3161, 972], [3850, 1004, 1630],
[986, 3353, 688], [3163, 3256, 2387], [2568, 2524, 1275], [281, 871, 498], [2544, 1809, 655], [3689, 188, 607], [978, 2504, 693], [2376, 2854, 1756], [1613, 1028, 2608], [2586, 975, 1304],
[1907, 1961, 2348], [286, 2816, 3295], [2674, 3075, 1916], [1640, 1047, 478], [3732, 3591, 2288], [484, 3378, 2476], [1091, 2047, 2671], [3379, 2114, 3216], [2826, 3728, 1936], [3126, 102, 2911],
[2121, 3603, 2564], [566, 3889, 3071], [3862, 351, 3837], [3469, 1991, 982], [45, 1820, 670], [2333, 3898, 1739], [2500, 1087, 1478], [2863, 2157, 3592], [2176, 1080, 3417], [209, 303, 1210],
[812, 2424, 910]]
[[10, 5, 7, 2], [9, 9, 0, 4], [10, 2, 8, 1], [2, 3, 0, 7], [8, 8, 3, 10], [1, 9, 6, 10], [0, 0, 9, 8], [1, 3, 1, 0], [6, 7, 1, 4], [5, 1, 7, 2],
[1, 4, 4, 1], [5, 4, 9, 2], [0, 1, 1, 10], [8, 5, 9, 8], [5, 7, 3, 6], [8, 5, 5, 3], [1, 4, 8, 4], [3, 4, 6, 4], [6, 10, 6, 9], [2, 4, 9, 0],
[3, 9, 10, 1], [3, 8, 9, 7], [2, 0, 2, 10], [5, 5, 2, 4], [9, 8, 6, 1], [10, 10, 6, 3], [8, 1, 10, 10], [3, 9, 10, 6], [5, 7, 7, 6], [2, 4, 2, 4],
[4, 3, 1, 7], [8, 1, 9, 7], [10, 2, 8, 7], [1, 1, 0, 9], [2, 10, 6, 3], [6, 3, 10, 9], [10, 4, 5, 10], [6, 7, 3, 8], [8, 2, 4, 6], [4, 0, 2, 1],
[0, 8, 8, 2]]
[1, 0.1, 0.1, 0.1, 0.1, 0.1, 0.1, 0.1, 0.1, 0.1,
0.1, 0.01, 0.01, 0.01, 0.01, 0.01, 0.01, 0.01, 0.01, 0.01,
0.01, 0.001, 0.001, 0.001, 0.001, 0.001, 0.001, 0.001, 0.001, 0.001,
0.001, 0.0001, 0.0001, 0.0001, 0.0001, 0.0001, 0.0001, 0.0001, 0.0001, 0.0001,
0.0001]
[10, 7, 4, 10, 10, 6, 16, 4, 14, 9,
5, 18, 14, 19, 8, 17, 7, 8, 4, 7,
8, 5, 9, 4, 9, 17, 5, 5, 11, 11,
1, 2, 4, 16, 13, 16, 17, 11, 2, 14,
0]
------------------------------------------------------- 
# stage = 5	# children c = 10	length of each stage p = 1	nodes = 40	# items I = 1
