[9, 75, 15, 17, 13, 11, 86, 7, 68, 55,
38, 21, 45, 57, 33, 43, 64, 16, 56, 9,
1, 57, 61, 10, 83, 77, 46, 75, 36, 93,
62, 46, 33, 78, 29, 47, 55, 14, 20, 22,
35, 25, 43, 80, 48, 42, 89, 11, 58, 44,
87, 25, 1, 47, 1, 84, 91, 47, 24, 26,
6, 87, 72, 39, 30, 0, 52, 85, 81, 39,
74]
[[137, 616, 852], [178, 81, 336], [814, 515, 848], [720, 747, 108], [710, 509, 586], [578, 889, 519], [638, 824, 500], [425, 389, 905], [586, 457, 473], [661, 817, 148],
[599, 487, 297], [984, 665, 378], [317, 8, 894], [697, 728, 638], [338, 435, 680], [924, 546, 566], [440, 181, 387], [473, 606, 308], [375, 725, 297], [380, 383, 646],
[529, 514, 130], [826, 495, 795], [736, 345, 803], [627, 39, 60], [798, 912, 28], [7, 833, 574], [573, 806, 755], [492, 276, 893], [332, 183, 615], [161, 564, 530],
[807, 625, 42], [938, 448, 69], [730, 181, 414], [63, 341, 989], [658, 671, 898], [686, 678, 261], [257, 783, 599], [544, 807, 407], [970, 671, 590], [582, 832, 686],
[645, 636, 308], [219, 571, 288], [288, 834, 2], [235, 897, 878], [221, 84, 78], [651, 771, 288], [444, 560, 603], [40, 102, 407], [447, 69, 75], [570, 183, 439],
[788, 360, 72], [629, 579, 176], [449, 868, 7], [451, 635, 436], [861, 388, 520], [939, 36, 288], [759, 481, 849], [359, 53, 483], [766, 33, 552], [373, 603, 267],
[812, 923, 628], [885, 549, 204], [58, 999, 604], [600, 982, 236], [33, 841, 624], [85, 309, 193], [374, 66, 206], [755, 425, 794], [235, 724, 827], [319, 94, 962],
[586, 439, 883]]
[[6, 10, 10, 3], [3, 5, 4, 5], [7, 1, 9, 3], [0, 10, 4, 0], [4, 5, 1, 2], [7, 8, 1, 10], [10, 6, 2, 0], [6, 2, 9, 1], [1, 8, 4, 4], [2, 9, 7, 10],
[8, 6, 0, 8], [3, 2, 8, 7], [7, 7, 7, 1], [5, 6, 1, 4], [0, 1, 2, 6], [3, 0, 5, 2], [7, 8, 6, 7], [4, 3, 4, 1], [7, 4, 7, 10], [7, 2, 4, 1],
[9, 9, 1, 3], [3, 0, 6, 3], [1, 8, 7, 2], [7, 10, 4, 1], [7, 10, 8, 0], [0, 2, 1, 7], [4, 6, 4, 9], [8, 6, 0, 7], [5, 10, 8, 8], [10, 3, 9, 0],
[10, 3, 2, 4], [2, 4, 5, 8], [1, 0, 8, 2], [2, 8, 7, 5], [3, 10, 3, 1], [5, 1, 6, 10], [0, 3, 5, 10], [7, 1, 8, 4], [2, 8, 8, 5], [1, 0, 2, 3],
[0, 8, 3, 1], [5, 10, 6, 9], [7, 7, 8, 2], [9, 3, 1, 7], [6, 5, 7, 0], [6, 4, 2, 9], [2, 10, 1, 1], [8, 1, 2, 7], [9, 5, 8, 2], [3, 1, 9, 10],
[8, 6, 1, 4], [9, 1, 1, 2], [6, 8, 3, 10], [10, 3, 6, 10], [3, 5, 10, 9], [4, 1, 5, 3], [7, 2, 3, 10], [1, 1, 7, 10], [7, 9, 1, 3], [8, 2, 5, 3],
[8, 6, 0, 6], [10, 5, 5, 0], [10, 4, 9, 4], [4, 2, 5, 0], [2, 8, 8, 4], [7, 4, 1, 3], [0, 2, 4, 8], [5, 9, 9, 0], [3, 8, 6, 2], [2, 1, 0, 1],
[3, 7, 3, 5]]
[1, 0.1, 0.1, 0.1, 0.1, 0.1, 0.1, 0.1, 0.1, 0.1,
0.1, 0.01, 0.01, 0.01, 0.01, 0.01, 0.01, 0.01, 0.01, 0.01,
0.01, 0.001, 0.001, 0.001, 0.001, 0.001, 0.001, 0.001, 0.001, 0.001,
0.001, 0.0001, 0.0001, 0.0001, 0.0001, 0.0001, 0.0001, 0.0001, 0.0001, 0.0001,
0.0001, 1e-05, 1e-05, 1e-05, 1e-05, 1e-05, 1e-05, 1e-05, 1e-05, 1e-05,
1e-05, 1e-06, 1e-06, 1e-06, 1e-06, 1e-06, 1e-06, 1e-06, 1e-06, 1e-06,
1e-06, 1e-07, 1e-07, 1e-07, 1e-07, 1e-07, 1e-07, 1e-07, 1e-07, 1e-07,
1e-07]
[3, 3, 5, 3, 5, 0, 0, 5, 17, 8,
20, 6, 14, 1, 16, 18, 20, 0, 4, 3,
19, 13, 12, 7, 0, 17, 3, 19, 1, 18,
10, 12, 14, 12, 16, 4, 14, 10, 9, 13,
10, 7, 9, 7, 0, 3, 17, 18, 6, 5,
2, 10, 0, 20, 15, 17, 0, 16, 7, 16,
2, 16, 10, 7, 0, 12, 16, 14, 20, 3,
3]
------------------------------------------------------- 
# stage = 8	# children c = 10	length of each stage p = 1	nodes = 70	# items I = 1
