[2, 6, 12, 32, 65, 12, 75, 83, 96, 58,
36, 74, 8, 8, 60, 71, 70, 79, 63, 91,
0, 67, 60, 10, 59, 64, 39, 61, 50, 2,
11]
[[1750, 3277, 1669], [563, 2112, 28], [1056, 3667, 4320], [4088, 1526, 1407], [919, 1460, 3333], [2390, 2861, 256], [1723, 530, 297], [1311, 189, 4212], [519, 57, 3571], [2238, 3246, 1393],
[902, 4160, 282], [2571, 3887, 2395], [2599, 555, 838], [1696, 255, 1528], [2267, 338, 2153], [1213, 2728, 626], [633, 3616, 320], [930, 539, 509], [755, 1058, 4118], [4326, 3296, 2140],
[495, 3362, 1912], [778, 1545, 1411], [2337, 3309, 1130], [2339, 4169, 1386], [3867, 2048, 888], [1632, 2425, 3617], [1422, 3058, 2845], [1742, 3153, 2548], [2252, 3072, 3606], [1982, 2174, 1678],
[4123, 2669, 653]]
[[4, 6, 5, 9], [9, 0, 7, 3], [5, 3, 10, 0], [10, 9, 4, 5], [1, 5, 3, 10], [0, 3, 9, 0], [8, 4, 6, 4], [8, 0, 0, 1], [7, 6, 10, 3], [6, 5, 7, 0],
[6, 4, 9, 5], [2, 1, 10, 4], [6, 3, 3, 4], [4, 1, 4, 10], [3, 9, 4, 0], [9, 2, 1, 3], [8, 1, 7, 2], [4, 1, 0, 10], [5, 8, 3, 5], [9, 0, 7, 2],
[1, 10, 7, 6], [9, 0, 3, 0], [7, 7, 0, 4], [10, 2, 7, 5], [1, 1, 5, 5], [0, 6, 4, 3], [3, 5, 9, 10], [6, 5, 1, 7], [3, 8, 0, 10], [7, 4, 10, 3],
[9, 0, 7, 8]]
[1, 0.1, 0.1, 0.1, 0.1, 0.1, 0.1, 0.1, 0.1, 0.1,
0.1, 0.01, 0.01, 0.01, 0.01, 0.01, 0.01, 0.01, 0.01, 0.01,
0.01, 0.001, 0.001, 0.001, 0.001, 0.001, 0.001, 0.001, 0.001, 0.001,
0.001]
[4, 3, 6, 8, 3, 4, 0, 3, 7, 1,
5, 5, 9, 2, 10, 5, 9, 5, 10, 6,
6, 7, 2, 3, 6, 1, 10, 0, 8, 2,
8]
------------------------------------------------------- 
# stage = 4	# children c = 10	length of each stage p = 1	nodes = 30	# items I = 1
