[2, 71, 18, 12, 63, 94, 35, 6, 100, 10,
90, 8, 13, 23, 48, 18, 96, 82, 78, 61,
27, 10, 71, 85, 21, 1, 96, 98, 5, 91,
31, 74, 61, 49, 52, 23, 8, 87, 97, 74,
63, 86, 83, 76, 8, 97, 94, 70, 78, 71,
30, 4, 47, 68, 55, 68, 69, 16, 31, 40,
6, 63, 14, 33, 78, 66, 23, 53, 53, 19,
26]
[[909, 12, 194], [907, 951, 206], [826, 970, 465], [487, 23, 397], [498, 140, 626], [842, 636, 977], [344, 448, 546], [558, 94, 837], [267, 821, 992], [646, 340, 507],
[577, 806, 76], [328, 698, 584], [535, 66, 539], [557, 554, 120], [954, 609, 832], [565, 437, 453], [85, 338, 459], [188, 896, 110], [10, 720, 931], [1002, 923, 829],
[51, 42, 177], [127, 371, 876], [268, 463, 942], [808, 5, 481], [928, 959, 648], [302, 67, 70], [312, 152, 408], [771, 912, 862], [438, 922, 124], [927, 467, 33],
[298, 518, 647], [475, 203, 3], [336, 471, 466], [836, 836, 28], [302, 306, 988], [950, 608, 612], [577, 921, 321], [543, 234, 218], [962, 673, 125], [71, 585, 592],
[676, 883, 96], [309, 915, 871], [884, 237, 899], [908, 58, 721], [936, 932, 12], [909, 425, 178], [63, 559, 84], [384, 87, 890], [602, 34, 548], [728, 678, 690],
[305, 911, 115], [973, 205, 16], [386, 647, 825], [271, 540, 440], [549, 461, 357], [561, 928, 339], [296, 991, 899], [952, 361, 986], [828, 963, 578], [933, 233, 813],
[609, 96, 709], [281, 54, 472], [869, 1013, 104], [679, 269, 644], [104, 818, 662], [19, 936, 575], [358, 218, 552], [242, 727, 470], [786, 540, 418], [921, 459, 209],
[719, 625, 305]]
[[5, 9, 6, 0], [4, 9, 6, 2], [6, 7, 5, 10], [1, 7, 4, 8], [9, 6, 1, 9], [0, 1, 2, 10], [2, 1, 9, 8], [7, 8, 1, 0], [4, 8, 0, 8], [4, 4, 8, 0],
[0, 2, 8, 0], [8, 2, 8, 4], [8, 9, 0, 7], [0, 2, 4, 0], [2, 2, 6, 9], [8, 7, 9, 1], [2, 7, 9, 5], [10, 4, 3, 8], [6, 0, 8, 1], [0, 3, 6, 7],
[0, 6, 1, 9], [9, 5, 9, 0], [5, 2, 7, 2], [9, 4, 3, 10], [9, 10, 4, 8], [3, 7, 4, 9], [5, 1, 0, 6], [3, 4, 2, 3], [10, 3, 1, 6], [8, 8, 4, 2],
[10, 1, 2, 6], [3, 5, 5, 1], [4, 7, 8, 7], [1, 1, 3, 7], [0, 1, 2, 1], [5, 4, 4, 5], [5, 5, 9, 2], [2, 3, 2, 1], [2, 2, 6, 5], [7, 9, 4, 9],
[6, 10, 5, 7], [9, 6, 3, 8], [8, 3, 9, 2], [5, 3, 5, 10], [6, 2, 10, 9], [5, 10, 8, 5], [1, 1, 10, 8], [0, 1, 4, 6], [10, 9, 0, 8], [3, 2, 3, 0],
[5, 2, 0, 0], [3, 4, 8, 9], [6, 8, 5, 9], [7, 1, 3, 7], [2, 0, 2, 2], [10, 7, 6, 9], [3, 7, 5, 6], [7, 8, 4, 1], [8, 5, 10, 0], [7, 8, 8, 0],
[5, 2, 9, 10], [1, 10, 6, 2], [10, 9, 2, 9], [5, 9, 8, 6], [3, 2, 2, 10], [8, 6, 9, 6], [9, 9, 4, 3], [4, 1, 3, 9], [2, 10, 6, 1], [9, 0, 3, 8],
[7, 6, 5, 10]]
[1, 0.1, 0.1, 0.1, 0.1, 0.1, 0.1, 0.1, 0.1, 0.1,
0.1, 0.01, 0.01, 0.01, 0.01, 0.01, 0.01, 0.01, 0.01, 0.01,
0.01, 0.001, 0.001, 0.001, 0.001, 0.001, 0.001, 0.001, 0.001, 0.001,
0.001, 0.0001, 0.0001, 0.0001, 0.0001, 0.0001, 0.0001, 0.0001, 0.0001, 0.0001,
0.0001, 1e-05, 1e-05, 1e-05, 1e-05, 1e-05, 1e-05, 1e-05, 1e-05, 1e-05,
1e-05, 1e-06, 1e-06, 1e-06, 1e-06, 1e-06, 1e-06, 1e-06, 1e-06, 1e-06,
1e-06, 1e-07, 1e-07, 1e-07, 1e-07, 1e-07, 1e-07, 1e-07, 1e-07, 1e-07,
1e-07]
[2, 3, 3, 3, 4, 0, 8, 9, 3, 9,
4, 5, 7, 1, 7, 10, 6, 4, 9, 10,
9, 0, 2, 4, 4, 8, 9, 0, 8, 1,
7, 1, 2, 2, 0, 10, 8, 0, 5, 2,
7, 4, 2, 9, 2, 2, 10, 0, 5, 8,
1, 0, 3, 7, 3, 2, 8, 4, 6, 6,
0, 5, 6, 5, 5, 2, 7, 2, 9, 6,
6]
------------------------------------------------------- 
# stage = 8	# children c = 10	length of each stage p = 1	nodes = 70	# items I = 1
