[83, 94, 83, 73, 20, 13, 85, 51, 50, 60,
88, 51, 43, 26, 21, 32, 39, 31, 23, 5,
85, 53, 49, 99, 90, 62, 64, 57, 88, 4,
52, 70, 64, 34, 43, 84, 47, 27, 34, 63,
53, 21, 14, 63, 14, 1, 95, 19, 100, 18,
25, 84, 37, 74, 48, 26, 35, 11, 83, 22,
82, 34, 59, 45, 34, 1, 95, 81, 95, 95,
10, 13, 83, 91, 76, 97, 92, 71, 82, 91,
55, 6, 40, 92, 47, 88, 84, 82, 66, 32,
71, 13, 33, 96, 59, 67, 97, 19, 14, 91,
14, 24, 3, 97, 81, 46, 59, 72, 83, 6,
29, 37, 13, 35, 95, 60, 90, 44, 7, 55,
76, 44, 68, 8, 39, 93, 42, 1, 12, 56,
58, 93, 46, 28, 55, 26, 74, 80, 64, 56,
86]
[[156, 101, 422], [537, 1659, 156], [330, 1058, 1003], [31, 923, 557], [1752, 645, 942], [1533, 1348, 925], [628, 1865, 525], [1349, 1657, 1003], [1037, 155, 1103], [1155, 552, 358],
[536, 1202, 954], [958, 1740, 706], [1608, 163, 351], [704, 194, 1275], [1755, 534, 13], [1284, 160, 1855], [302, 1282, 400], [828, 724, 151], [418, 349, 800], [108, 1504, 1353],
[467, 133, 648], [1421, 1585, 481], [220, 1286, 1138], [572, 577, 1333], [434, 919, 454], [941, 296, 614], [1383, 1093, 484], [1784, 14, 1702], [522, 926, 144], [1322, 1034, 1649],
[1262, 1501, 369], [498, 1015, 48], [979, 1730, 1828], [705, 889, 499], [625, 1817, 1418], [1079, 851, 302], [280, 327, 1395], [764, 698, 1409], [560, 1220, 922], [704, 1130, 49],
[940, 485, 138], [1310, 983, 1153], [1852, 550, 1470], [1773, 1255, 946], [859, 1880, 856], [865, 1546, 294], [1167, 1826, 1116], [655, 684, 1814], [651, 1738, 1128], [1573, 535, 351],
[209, 63, 1330], [347, 1373, 407], [88, 1318, 957], [1558, 1678, 799], [1092, 631, 1266], [41, 1496, 905], [830, 1250, 824], [39, 1905, 95], [1853, 649, 1833], [1568, 809, 462],
[12, 1018, 525], [1343, 1366, 485], [337, 1454, 390], [1788, 1599, 655], [1174, 784, 1286], [533, 1320, 1369], [1438, 243, 1206], [355, 282, 1204], [451, 722, 440], [871, 384, 1249],
[1827, 396, 361], [939, 326, 1727], [1424, 1157, 1768], [401, 1038, 47], [1057, 305, 832], [930, 838, 739], [393, 863, 1476], [1599, 1713, 1758], [1391, 751, 1067], [1831, 1622, 1451],
[1174, 1543, 435], [1535, 575, 761], [1849, 587, 506], [297, 988, 1544], [344, 138, 437], [1670, 1069, 1769], [502, 49, 726], [565, 235, 532], [910, 213, 1283], [71, 138, 1492],
[1522, 1806, 1128], [50, 21, 291], [1306, 1870, 878], [1812, 754, 1866], [36, 1098, 592], [473, 862, 248], [830, 1858, 791], [143, 517, 1520], [1169, 1427, 1734], [545, 1498, 459],
[624, 1608, 358], [1753, 1658, 379], [137, 1551, 836], [1015, 1456, 1590], [1468, 80, 781], [647, 1047, 230], [895, 1877, 182], [273, 113, 1193], [1794, 1282, 1207], [1621, 414, 799],
[667, 1039, 500], [1025, 1379, 745], [1898, 103, 390], [827, 1118, 433], [510, 1173, 513], [1785, 1821, 1561], [109, 1303, 1531], [785, 1577, 232], [71, 51, 101], [1278, 259, 516],
[664, 926, 142], [1658, 44, 108], [991, 35, 211], [1381, 1356, 1823], [401, 1866, 1089], [915, 1744, 1497], [569, 440, 1388], [687, 1225, 1552], [1413, 1790, 1603], [1515, 1162, 1862],
[618, 413, 881], [1254, 165, 1419], [1362, 1650, 41], [1573, 1124, 1397], [1489, 112, 1850], [1165, 1027, 274], [1250, 183, 715], [731, 871, 33], [376, 871, 1824], [72, 479, 1573],
[521, 1097, 573]]
[[2, 9, 4, 8], [6, 4, 7, 4], [10, 2, 10, 10], [9, 3, 4, 6], [0, 7, 0, 0], [0, 5, 8, 7], [10, 2, 5, 3], [2, 2, 2, 3], [0, 7, 0, 6], [0, 5, 8, 8],
[5, 7, 6, 3], [10, 10, 9, 8], [4, 7, 6, 4], [1, 1, 9, 0], [3, 3, 1, 4], [5, 4, 7, 3], [0, 5, 9, 9], [10, 6, 7, 4], [1, 2, 5, 9], [10, 4, 7, 3],
[9, 0, 6, 0], [2, 4, 9, 3], [6, 9, 7, 0], [2, 1, 4, 0], [4, 0, 9, 3], [5, 3, 5, 6], [5, 0, 4, 4], [2, 9, 6, 0], [8, 10, 9, 10], [3, 8, 0, 9],
[4, 8, 8, 6], [7, 10, 4, 1], [10, 0, 2, 2], [4, 8, 6, 7], [8, 9, 10, 8], [5, 3, 8, 2], [2, 7, 10, 5], [2, 0, 2, 6], [6, 10, 10, 2], [9, 3, 1, 6],
[1, 2, 7, 5], [10, 2, 2, 5], [0, 10, 0, 6], [2, 8, 8, 4], [2, 8, 7, 4], [8, 9, 8, 1], [6, 7, 3, 2], [8, 3, 9, 10], [5, 5, 4, 2], [5, 4, 5, 6],
[1, 5, 10, 3], [0, 7, 5, 3], [2, 2, 5, 8], [9, 3, 9, 5], [8, 0, 7, 6], [3, 3, 5, 6], [8, 7, 6, 1], [10, 9, 7, 0], [1, 6, 2, 1], [0, 7, 2, 3],
[7, 8, 9, 6], [9, 8, 0, 6], [6, 5, 1, 7], [9, 4, 0, 4], [1, 6, 5, 9], [2, 10, 9, 3], [5, 0, 2, 4], [6, 3, 7, 2], [0, 3, 6, 7], [9, 6, 2, 4],
[10, 4, 0, 8], [6, 9, 10, 7], [4, 5, 5, 4], [4, 2, 5, 8], [0, 6, 1, 4], [9, 6, 7, 7], [9, 2, 3, 6], [7, 5, 10, 6], [7, 9, 1, 3], [7, 0, 8, 10],
[5, 1, 1, 8], [3, 7, 3, 1], [2, 4, 6, 0], [8, 2, 5, 4], [2, 8, 10, 7], [0, 8, 0, 8], [4, 1, 9, 9], [2, 4, 8, 5], [5, 8, 0, 8], [4, 3, 10, 4],
[5, 5, 4, 2], [5, 9, 5, 5], [4, 4, 2, 4], [10, 2, 10, 3], [4, 6, 2, 4], [0, 8, 7, 5], [5, 8, 1, 7], [9, 9, 0, 4], [1, 2, 4, 4], [0, 9, 9, 2],
[1, 9, 5, 0], [1, 4, 2, 3], [9, 2, 5, 9], [10, 1, 1, 3], [7, 0, 10, 6], [9, 0, 8, 8], [2, 10, 1, 1], [7, 0, 1, 8], [9, 6, 6, 8], [0, 6, 9, 9],
[8, 3, 5, 6], [5, 6, 9, 10], [7, 6, 5, 3], [4, 0, 1, 5], [0, 0, 4, 5], [9, 5, 2, 6], [1, 6, 3, 10], [0, 2, 6, 6], [5, 0, 1, 8], [4, 8, 8, 9],
[2, 0, 2, 6], [1, 1, 0, 10], [1, 2, 4, 9], [8, 4, 4, 9], [8, 7, 8, 8], [7, 1, 2, 0], [1, 3, 8, 3], [10, 3, 2, 1], [4, 2, 7, 3], [1, 6, 0, 2],
[8, 2, 0, 3], [6, 2, 10, 1], [10, 5, 8, 4], [6, 10, 4, 7], [0, 0, 0, 10], [1, 0, 0, 3], [2, 6, 6, 3], [10, 4, 3, 5], [6, 2, 9, 10], [4, 8, 1, 1],
[3, 7, 6, 9]]
[1, 0.05, 0.05, 0.05, 0.05, 0.05, 0.05, 0.05, 0.05, 0.05,
0.05, 0.05, 0.05, 0.05, 0.05, 0.05, 0.05, 0.05, 0.05, 0.05,
0.05, 0.0025, 0.0025, 0.0025, 0.0025, 0.0025, 0.0025, 0.0025, 0.0025, 0.0025,
0.0025, 0.0025, 0.0025, 0.0025, 0.0025, 0.0025, 0.0025, 0.0025, 0.0025, 0.0025,
0.0025, 0.000125, 0.000125, 0.000125, 0.000125, 0.000125, 0.000125, 0.000125, 0.000125, 0.000125,
0.000125, 0.000125, 0.000125, 0.000125, 0.000125, 0.000125, 0.000125, 0.000125, 0.000125, 0.000125,
0.000125, 6.25e-06, 6.25e-06, 6.25e-06, 6.25e-06, 6.25e-06, 6.25e-06, 6.25e-06, 6.25e-06, 6.25e-06,
6.25e-06, 6.25e-06, 6.25e-06, 6.25e-06, 6.25e-06, 6.25e-06, 6.25e-06, 6.25e-06, 6.25e-06, 6.25e-06,
6.25e-06, 3.125e-07, 3.125e-07, 3.125e-07, 3.125e-07, 3.125e-07, 3.125e-07, 3.125e-07, 3.125e-07, 3.125e-07,
3.125e-07, 3.125e-07, 3.125e-07, 3.125e-07, 3.125e-07, 3.125e-07, 3.125e-07, 3.125e-07, 3.125e-07, 3.125e-07,
3.125e-07, 1.5625e-08, 1.5625e-08, 1.5625e-08, 1.5625e-08, 1.5625e-08, 1.5625e-08, 1.5625e-08, 1.5625e-08, 1.5625e-08,
1.5625e-08, 1.5625e-08, 1.5625e-08, 1.5625e-08, 1.5625e-08, 1.5625e-08, 1.5625e-08, 1.5625e-08, 1.5625e-08, 1.5625e-08,
1.5625e-08, 7.8125e-10, 7.8125e-10, 7.8125e-10, 7.8125e-10, 7.8125e-10, 7.8125e-10, 7.8125e-10, 7.8125e-10, 7.8125e-10,
7.8125e-10, 7.8125e-10, 7.8125e-10, 7.8125e-10, 7.8125e-10, 7.8125e-10, 7.8125e-10, 7.8125e-10, 7.8125e-10, 7.8125e-10,
7.8125e-10]
[4, 1, 4, 0, 4, 7, 6, 0, 8, 2,
7, 1, 2, 6, 0, 1, 5, 8, 6, 3,
2, 8, 8, 6, 7, 2, 7, 5, 7, 8,
1, 4, 5, 8, 4, 3, 5, 9, 4, 4,
4, 7, 2, 3, 5, 1, 7, 7, 2, 6,
0, 5, 3, 0, 1, 0, 1, 1, 1, 7,
9, 6, 7, 1, 2, 8, 0, 7, 9, 2,
4, 0, 3, 1, 7, 4, 0, 5, 8, 9,
5, 5, 3, 1, 5, 8, 0, 5, 2, 0,
8, 0, 0, 9, 4, 1, 9, 0, 2, 9,
9, 6, 0, 6, 1, 5, 5, 3, 6, 6,
4, 4, 4, 9, 0, 7, 8, 1, 9, 2,
8, 6, 8, 1, 5, 6, 6, 6, 9, 1,
6, 9, 7, 7, 2, 1, 2, 7, 2, 6,
7]
------------------------------------------------------- 
# stage = 8	# children c = 20	length of each stage p = 1	nodes = 140	# items I = 1
