[13, 55, 20, 81, 79, 49, 25, 36, 5, 28,
40, 51, 100, 89, 56, 60, 42, 13, 79, 23,
34, 2, 45, 100, 69, 41, 51, 23, 67, 17,
33, 46, 39, 54, 93, 17, 69, 18, 53, 75,
12, 94, 92, 12, 48, 14, 38, 91, 27, 16,
80]
[[1689, 1327, 1512], [746, 1371, 1355], [704, 1369, 1677], [1145, 1595, 413], [694, 1154, 70], [1114, 1340, 692], [973, 396, 736], [1278, 138, 1525], [1323, 1835, 1312], [1317, 235, 1994],
[596, 189, 1587], [373, 1263, 895], [1728, 1967, 201], [1342, 1377, 61], [21, 8, 1544], [419, 1451, 821], [1112, 361, 1545], [113, 1640, 1684], [1638, 1228, 1784], [887, 810, 284],
[1147, 1406, 473], [671, 1780, 1736], [1566, 1773, 1640], [32, 1381, 1282], [422, 1402, 1291], [231, 1821, 1007], [1052, 1198, 1368], [862, 1311, 1273], [483, 886, 438], [205, 39, 1249],
[489, 1186, 920], [1291, 122, 965], [964, 2016, 1004], [870, 2048, 322], [89, 735, 1724], [1708, 966, 1810], [652, 283, 946], [286, 1146, 522], [1887, 1957, 1737], [263, 427, 41],
[1840, 1245, 1555], [1025, 473, 1677], [256, 1765, 1630], [1260, 900, 1615], [1582, 1318, 616], [1571, 963, 1582], [1646, 1944, 1866], [529, 495, 1277], [1380, 319, 1171], [1054, 910, 1599],
[1095, 1015, 781]]
[[0, 10, 0, 5], [5, 6, 6, 1], [6, 9, 1, 3], [9, 6, 4, 3], [8, 8, 6, 8], [5, 9, 3, 5], [1, 8, 1, 1], [6, 8, 4, 6], [5, 3, 9, 10], [9, 4, 10, 2],
[0, 0, 5, 8], [6, 9, 0, 1], [5, 4, 8, 8], [0, 0, 0, 2], [8, 1, 1, 3], [7, 4, 7, 2], [7, 5, 10, 3], [7, 9, 5, 5], [9, 8, 0, 2], [4, 10, 2, 9],
[3, 10, 4, 2], [10, 4, 2, 5], [3, 3, 6, 0], [7, 2, 0, 1], [5, 10, 4, 10], [7, 7, 4, 3], [4, 5, 4, 9], [2, 6, 5, 3], [5, 8, 5, 2], [10, 7, 7, 3],
[0, 2, 1, 5], [4, 10, 7, 7], [7, 0, 6, 3], [6, 10, 7, 10], [2, 0, 6, 2], [4, 10, 6, 7], [7, 0, 9, 6], [8, 5, 7, 6], [5, 6, 0, 7], [5, 5, 3, 0],
[4, 9, 1, 10], [6, 8, 9, 7], [6, 3, 9, 8], [2, 4, 4, 7], [3, 2, 0, 0], [5, 8, 4, 10], [1, 4, 6, 5], [8, 7, 5, 1], [5, 6, 0, 10], [2, 7, 6, 6],
[10, 2, 4, 1]]
[1, 0.1, 0.1, 0.1, 0.1, 0.1, 0.1, 0.1, 0.1, 0.1,
0.1, 0.01, 0.01, 0.01, 0.01, 0.01, 0.01, 0.01, 0.01, 0.01,
0.01, 0.001, 0.001, 0.001, 0.001, 0.001, 0.001, 0.001, 0.001, 0.001,
0.001, 0.0001, 0.0001, 0.0001, 0.0001, 0.0001, 0.0001, 0.0001, 0.0001, 0.0001,
0.0001, 1e-05, 1e-05, 1e-05, 1e-05, 1e-05, 1e-05, 1e-05, 1e-05, 1e-05,
1e-05]
[16, 0, 13, 2, 10, 12, 16, 18, 20, 4,
15, 8, 8, 3, 11, 17, 20, 14, 9, 15,
7, 11, 6, 11, 18, 4, 3, 9, 20, 6,
9, 14, 17, 18, 0, 2, 16, 7, 19, 3,
7, 5, 16, 1, 4, 4, 8, 0, 0, 8,
7]
------------------------------------------------------- 
# stage = 6	# children c = 10	length of each stage p = 1	nodes = 50	# items I = 1
