[33, 32, 5, 54, 40, 19, 19, 10, 56, 37,
44, 60, 97, 82, 73, 28, 11, 35, 46, 33,
21, 74, 66, 1, 77, 92, 41, 48, 45, 3,
91]
[[1175, 1053, 1952], [244, 1827, 1403], [1189, 888, 663], [174, 906, 1212], [435, 605, 1219], [1538, 760, 1888], [212, 462, 1503], [1840, 959, 232], [389, 1877, 1257], [91, 1524, 330],
[1970, 725, 1383], [1947, 969, 1235], [402, 1185, 149], [1065, 1359, 1055], [302, 821, 687], [1522, 385, 475], [462, 1599, 937], [992, 491, 1896], [1224, 881, 825], [506, 1974, 375],
[1838, 1969, 127], [1247, 968, 1096], [1509, 1370, 1308], [685, 461, 1694], [1740, 763, 541], [1455, 1312, 1928], [1930, 1775, 579], [1894, 792, 1071], [842, 1044, 1952], [1668, 577, 978],
[68, 1443, 972]]
[[1, 0, 5, 9], [9, 10, 5, 0], [10, 1, 3, 2], [4, 0, 0, 8], [3, 3, 4, 6], [1, 3, 3, 6], [8, 5, 4, 9], [7, 5, 8, 6], [3, 3, 4, 1], [0, 8, 0, 10],
[7, 1, 10, 0], [1, 0, 9, 4], [1, 0, 0, 2], [4, 1, 8, 10], [7, 1, 9, 1], [5, 4, 5, 6], [7, 9, 6, 5], [4, 6, 3, 0], [7, 0, 10, 8], [0, 6, 10, 1],
[6, 10, 1, 8], [10, 7, 8, 4], [7, 6, 5, 1], [10, 10, 7, 5], [6, 2, 8, 9], [6, 0, 7, 2], [1, 6, 8, 10], [1, 8, 10, 8], [5, 0, 5, 4], [6, 2, 6, 2],
[6, 0, 1, 6]]
[1, 0.1, 0.1, 0.1, 0.1, 0.1, 0.1, 0.1, 0.1, 0.1,
0.1, 0.01, 0.01, 0.01, 0.01, 0.01, 0.01, 0.01, 0.01, 0.01,
0.01, 0.001, 0.001, 0.001, 0.001, 0.001, 0.001, 0.001, 0.001, 0.001,
0.001]
[5, 8, 5, 2, 5, 2, 9, 8, 1, 5,
6, 2, 8, 8, 7, 3, 2, 1, 1, 3,
9, 4, 6, 9, 4, 1, 5, 2, 9, 3,
7]
------------------------------------------------------- 
# stage = 4	# children c = 10	length of each stage p = 1	nodes = 30	# items I = 1
