[76, 4, 12, 11, 13, 70, 64, 55, 3, 52,
33, 33, 3, 52, 70, 39, 52, 43, 32, 71,
29, 37, 28, 42, 64, 41, 92, 70, 23, 43,
31, 100, 47, 10, 77, 60, 80, 6, 81, 49,
58]
[[2622, 1126, 2809], [1968, 2406, 3549], [1965, 110, 218], [1546, 233, 3115], [3042, 2281, 488], [3107, 221, 558], [959, 2342, 3493], [2021, 718, 3371], [2073, 2729, 2543], [621, 1655, 680],
[2403, 1270, 2545], [2205, 230, 1943], [2007, 2195, 2054], [2964, 733, 3026], [2333, 29, 1560], [3560, 3136, 2520], [371, 348, 1115], [856, 3108, 2573], [480, 2174, 2294], [15, 2795, 941],
[695, 2191, 2950], [233, 649, 3180], [2176, 3395, 1629], [483, 2612, 2362], [3509, 1937, 3130], [2061, 1750, 2519], [834, 2861, 2867], [2689, 709, 2968], [2254, 1929, 1395], [801, 1944, 443],
[2481, 3379, 3373], [1685, 3612, 1014], [1857, 2041, 662], [3486, 3264, 267], [2841, 3026, 2943], [2224, 1341, 1686], [1736, 2914, 800], [856, 1856, 2248], [77, 363, 430], [2211, 1903, 3114],
[2655, 638, 2746]]
[[5, 10, 2, 10], [1, 8, 0, 3], [2, 1, 8, 7], [5, 4, 6, 3], [4, 10, 5, 9], [4, 10, 4, 9], [6, 10, 6, 3], [10, 10, 6, 4], [9, 6, 3, 8], [1, 1, 0, 4],
[3, 9, 9, 6], [0, 4, 9, 2], [1, 3, 10, 5], [1, 3, 1, 7], [3, 7, 8, 0], [6, 1, 2, 2], [8, 4, 9, 7], [5, 7, 0, 8], [3, 7, 1, 3], [9, 10, 4, 0],
[1, 3, 5, 2], [4, 5, 9, 5], [10, 4, 5, 6], [4, 8, 6, 1], [1, 2, 8, 4], [10, 7, 0, 2], [1, 1, 4, 0], [1, 8, 0, 2], [0, 3, 4, 4], [8, 0, 10, 8],
[2, 2, 1, 6], [10, 5, 5, 9], [6, 3, 1, 5], [8, 1, 7, 9], [2, 9, 7, 1], [6, 7, 3, 6], [9, 5, 9, 4], [5, 6, 10, 6], [8, 9, 1, 6], [2, 7, 4, 8],
[8, 3, 2, 3]]
[1, 0.1, 0.1, 0.1, 0.1, 0.1, 0.1, 0.1, 0.1, 0.1,
0.1, 0.01, 0.01, 0.01, 0.01, 0.01, 0.01, 0.01, 0.01, 0.01,
0.01, 0.001, 0.001, 0.001, 0.001, 0.001, 0.001, 0.001, 0.001, 0.001,
0.001, 0.0001, 0.0001, 0.0001, 0.0001, 0.0001, 0.0001, 0.0001, 0.0001, 0.0001,
0.0001]
[0, 8, 9, 8, 5, 9, 0, 2, 2, 0,
3, 1, 8, 5, 5, 3, 6, 8, 0, 8,
2, 5, 4, 0, 7, 1, 3, 4, 6, 7,
2, 0, 8, 5, 9, 7, 4, 0, 6, 7,
3]
------------------------------------------------------- 
# stage = 5	# children c = 10	length of each stage p = 1	nodes = 40	# items I = 1
