[50, 33, 35, 41, 91, 7, 97, 19, 22, 56,
74, 83, 47, 96, 47, 64, 55, 52, 93, 35,
85, 64, 42, 71, 21, 2, 79, 24, 61, 98,
19, 10, 97, 54, 17, 87, 27, 80, 5, 50,
35, 46, 99, 83, 41, 45, 12, 62, 97, 71,
63, 81, 34, 5, 18, 55, 74, 97, 79, 34,
61, 98, 10, 57, 18, 27, 44, 45, 6, 15,
95, 8, 61, 93, 91, 68, 3, 69, 30, 100,
39]
[[203, 1150, 972], [868, 661, 213], [1311, 1516, 1025], [1444, 1522, 2195], [1500, 1918, 415], [444, 1438, 415], [29, 1570, 1903], [880, 1554, 1425], [1846, 248, 1021], [1526, 308, 179],
[637, 511, 1329], [486, 255, 867], [699, 443, 91], [1724, 1887, 489], [503, 1095, 1283], [919, 415, 430], [210, 1612, 876], [990, 201, 139], [1291, 2047, 387], [20, 1281, 1863],
[1367, 1918, 1250], [405, 112, 1506], [148, 1979, 1949], [1407, 288, 420], [1896, 1959, 392], [887, 1754, 807], [193, 1965, 128], [1070, 1831, 329], [1209, 830, 1252], [472, 850, 241],
[1211, 2217, 1035], [169, 1498, 24], [551, 522, 2003], [208, 1929, 1167], [1797, 1533, 835], [2189, 1297, 1465], [1872, 1490, 1138], [2000, 268, 1845], [1205, 353, 383], [165, 1993, 1233],
[406, 2080, 35], [1442, 2250, 1533], [342, 509, 2056], [53, 1886, 1693], [97, 1391, 2103], [2100, 164, 2276], [1273, 2036, 1474], [1288, 621, 619], [841, 1826, 2140], [101, 1992, 718],
[1334, 1274, 506], [1369, 1592, 1632], [1779, 1934, 1018], [1543, 864, 612], [2112, 2129, 879], [799, 1937, 2211], [783, 2086, 1955], [1134, 2250, 284], [629, 1968, 987], [477, 2069, 1855],
[71, 2279, 837], [578, 1357, 138], [1086, 844, 948], [2104, 1263, 1812], [424, 2251, 1649], [179, 759, 170], [98, 418, 2257], [930, 428, 1091], [90, 1057, 767], [1077, 411, 544],
[640, 482, 1700], [354, 2228, 765], [1660, 1023, 485], [316, 835, 624], [1005, 136, 583], [362, 1483, 218], [1701, 458, 1805], [1666, 1388, 2233], [1633, 354, 2167], [109, 308, 1454],
[1821, 948, 812]]
[[0, 4, 6, 5], [2, 5, 3, 7], [4, 5, 2, 7], [6, 2, 7, 4], [6, 6, 1, 8], [8, 7, 5, 7], [3, 3, 5, 10], [8, 7, 2, 7], [9, 6, 1, 0], [9, 4, 6, 2],
[10, 6, 9, 3], [8, 3, 5, 1], [8, 6, 10, 5], [0, 4, 10, 3], [5, 4, 0, 3], [10, 0, 10, 6], [6, 9, 5, 4], [3, 0, 7, 0], [4, 3, 1, 0], [5, 6, 1, 2],
[2, 0, 7, 0], [2, 6, 4, 6], [9, 4, 7, 8], [5, 4, 3, 9], [2, 8, 1, 3], [6, 6, 3, 0], [7, 2, 9, 1], [9, 8, 1, 9], [7, 6, 9, 7], [0, 0, 2, 9],
[3, 9, 6, 6], [0, 7, 4, 3], [5, 3, 6, 0], [9, 8, 9, 6], [10, 5, 5, 6], [3, 7, 4, 10], [2, 1, 6, 0], [1, 9, 9, 4], [5, 2, 10, 4], [10, 2, 7, 4],
[5, 0, 2, 2], [6, 1, 6, 6], [4, 0, 1, 7], [5, 4, 6, 8], [5, 0, 8, 4], [7, 5, 7, 10], [7, 6, 3, 6], [6, 10, 8, 10], [9, 0, 1, 4], [10, 7, 10, 3],
[5, 10, 0, 0], [1, 4, 8, 4], [4, 3, 8, 9], [6, 4, 9, 3], [9, 1, 7, 4], [10, 5, 3, 8], [5, 2, 1, 2], [7, 10, 3, 2], [7, 1, 2, 8], [6, 8, 10, 8],
[9, 7, 7, 5], [10, 5, 8, 8], [4, 4, 10, 3], [7, 1, 0, 10], [3, 0, 1, 9], [8, 5, 0, 4], [6, 2, 10, 10], [8, 9, 8, 6], [3, 2, 0, 0], [5, 6, 6, 9],
[9, 6, 2, 5], [5, 0, 5, 6], [0, 4, 4, 8], [9, 4, 10, 3], [4, 7, 2, 10], [3, 8, 6, 5], [10, 4, 5, 4], [9, 1, 1, 7], [5, 3, 10, 10], [3, 4, 5, 2],
[9, 8, 8, 5]]
[1, 0.05, 0.05, 0.05, 0.05, 0.05, 0.05, 0.05, 0.05, 0.05,
0.05, 0.05, 0.05, 0.05, 0.05, 0.05, 0.05, 0.05, 0.05, 0.05,
0.05, 0.0025, 0.0025, 0.0025, 0.0025, 0.0025, 0.0025, 0.0025, 0.0025, 0.0025,
0.0025, 0.0025, 0.0025, 0.0025, 0.0025, 0.0025, 0.0025, 0.0025, 0.0025, 0.0025,
0.0025, 0.000125, 0.000125, 0.000125, 0.000125, 0.000125, 0.000125, 0.000125, 0.000125, 0.000125,
0.000125, 0.000125, 0.000125, 0.000125, 0.000125, 0.000125, 0.000125, 0.000125, 0.000125, 0.000125,
0.000125, 6.25e-06, 6.25e-06, 6.25e-06, 6.25e-06, 6.25e-06, 6.25e-06, 6.25e-06, 6.25e-06, 6.25e-06,
6.25e-06, 6.25e-06, 6.25e-06, 6.25e-06, 6.25e-06, 6.25e-06, 6.25e-06, 6.25e-06, 6.25e-06, 6.25e-06,
6.25e-06]
[10, 6, 8, 7, 3, 3, 10, 9, 1, 9,
8, 7, 4, 9, 8, 3, 2, 1, 5, 2,
8, 3, 4, 6, 7, 10, 10, 6, 1, 4,
1, 8, 8, 10, 9, 2, 5, 3, 10, 3,
1, 5, 0, 10, 7, 7, 9, 8, 8, 11,
10, 6, 6, 9, 3, 3, 7, 7, 0, 8,
7, 0, 2, 6, 6, 7, 6, 4, 3, 1,
6, 10, 9, 4, 3, 1, 8, 3, 6, 9,
6]
------------------------------------------------------- 
# stage = 5	# children c = 20	length of each stage p = 1	nodes = 80	# items I = 1
