[68, 95, 39, 61, 69, 82, 69, 39, 18, 21,
50, 57, 95, 33, 11, 80, 20, 60, 74, 99,
59, 36, 58, 25, 73, 72, 43, 93, 67, 39,
67, 0, 100, 6, 27, 34, 88, 96, 74, 72,
83, 90, 96, 44, 22, 6, 23, 8, 67, 64,
73]
[[1712, 1392, 2225], [589, 1297, 1654], [1012, 2127, 2134], [1730, 2083, 2232], [1972, 2055, 113], [610, 1136, 110], [419, 1267, 657], [1301, 137, 1848], [616, 1666, 742], [630, 1823, 1726],
[2209, 1007, 591], [2152, 1597, 1888], [1523, 81, 1733], [1130, 1566, 1533], [834, 1256, 1305], [948, 1621, 2196], [813, 2041, 1181], [1470, 1059, 1318], [791, 1431, 456], [1288, 2061, 2279],
[732, 1743, 759], [1323, 1612, 2111], [683, 607, 2192], [133, 1492, 1230], [1421, 44, 2241], [443, 747, 1580], [112, 1560, 1093], [1293, 502, 1907], [83, 1048, 1055], [539, 54, 589],
[291, 541, 49], [805, 1619, 1416], [633, 19, 2023], [297, 153, 988], [1527, 1574, 1032], [1241, 1773, 1779], [538, 1885, 811], [1631, 650, 1068], [1255, 733, 2117], [28, 1027, 2171],
[372, 1073, 184], [421, 1878, 1803], [1837, 2266, 1822], [1332, 280, 1730], [37, 1563, 1022], [824, 521, 267], [75, 814, 1907], [886, 162, 274], [1955, 1172, 762], [1544, 955, 1544],
[1432, 1327, 90]]
[[8, 10, 0, 3], [9, 0, 4, 6], [7, 0, 7, 9], [5, 1, 8, 9], [3, 6, 5, 5], [5, 7, 2, 2], [5, 9, 6, 10], [6, 10, 10, 4], [9, 9, 5, 6], [9, 7, 1, 6],
[6, 6, 2, 9], [8, 0, 7, 0], [6, 1, 3, 9], [8, 3, 1, 0], [0, 7, 8, 6], [6, 8, 8, 2], [6, 0, 8, 4], [8, 7, 8, 1], [3, 0, 10, 0], [9, 7, 9, 4],
[6, 2, 2, 2], [3, 1, 2, 3], [6, 9, 8, 1], [6, 3, 2, 10], [4, 10, 3, 1], [7, 1, 0, 8], [1, 10, 8, 10], [4, 4, 1, 0], [4, 1, 0, 8], [1, 0, 9, 7],
[9, 6, 9, 2], [10, 9, 1, 1], [8, 3, 0, 2], [4, 0, 10, 3], [10, 5, 0, 2], [10, 10, 2, 3], [9, 0, 0, 10], [0, 8, 7, 8], [1, 3, 10, 9], [1, 10, 10, 7],
[2, 10, 10, 4], [10, 7, 7, 8], [2, 5, 10, 10], [4, 10, 2, 2], [10, 1, 0, 8], [9, 7, 5, 8], [10, 3, 7, 0], [2, 6, 7, 2], [6, 4, 6, 3], [1, 0, 0, 1],
[5, 10, 0, 7]]
[1, 0.1, 0.1, 0.1, 0.1, 0.1, 0.1, 0.1, 0.1, 0.1,
0.1, 0.01, 0.01, 0.01, 0.01, 0.01, 0.01, 0.01, 0.01, 0.01,
0.01, 0.001, 0.001, 0.001, 0.001, 0.001, 0.001, 0.001, 0.001, 0.001,
0.001, 0.0001, 0.0001, 0.0001, 0.0001, 0.0001, 0.0001, 0.0001, 0.0001, 0.0001,
0.0001, 1e-05, 1e-05, 1e-05, 1e-05, 1e-05, 1e-05, 1e-05, 1e-05, 1e-05,
1e-05]
[5, 3, 0, 0, 1, 11, 5, 11, 3, 7,
0, 7, 9, 3, 8, 2, 2, 7, 10, 1,
1, 7, 4, 3, 2, 6, 7, 6, 2, 7,
8, 7, 10, 4, 5, 4, 3, 5, 2, 3,
2, 11, 7, 5, 11, 3, 9, 10, 9, 0,
5]
------------------------------------------------------- 
# stage = 6	# children c = 10	length of each stage p = 1	nodes = 50	# items I = 1
