[83, 25, 39, 91, 98, 88, 94, 40, 74, 70,
31, 7, 51, 86, 94, 18, 72, 1, 96, 2,
70, 39, 85, 62, 7, 83, 30, 96, 24, 56,
39, 7, 47, 44, 98, 44, 98, 57, 85, 71,
26, 82, 79, 77, 67, 38, 61, 5, 39, 56,
7]
[[481, 562, 441], [807, 687, 371], [809, 65, 478], [158, 385, 205], [443, 188, 668], [991, 1026, 806], [130, 90, 335], [958, 907, 330], [105, 198, 716], [56, 788, 988],
[740, 221, 503], [134, 1028, 542], [905, 789, 1007], [335, 300, 345], [541, 95, 933], [161, 38, 911], [319, 569, 353], [655, 479, 212], [337, 984, 810], [406, 392, 550],
[346, 484, 123], [201, 618, 104], [744, 875, 245], [703, 163, 945], [400, 56, 1041], [285, 617, 431], [548, 937, 1000], [901, 944, 831], [465, 633, 767], [628, 1039, 511],
[130, 338, 996], [254, 539, 966], [758, 635, 794], [1003, 691, 309], [901, 43, 365], [246, 729, 334], [677, 629, 623], [630, 483, 519], [813, 300, 505], [933, 928, 496],
[396, 411, 834], [344, 17, 726], [663, 775, 713], [409, 730, 356], [718, 983, 400], [435, 181, 481], [769, 211, 62], [345, 841, 945], [216, 1006, 198], [721, 891, 478],
[170, 240, 889]]
[[7, 9, 9, 4], [4, 10, 10, 4], [3, 6, 1, 6], [4, 7, 9, 0], [5, 7, 3, 9], [6, 3, 7, 4], [2, 7, 7, 7], [6, 9, 8, 0], [7, 6, 5, 1], [4, 2, 3, 7],
[9, 4, 2, 0], [0, 9, 9, 3], [3, 10, 10, 10], [0, 6, 1, 3], [0, 8, 8, 6], [6, 5, 7, 1], [10, 10, 0, 3], [1, 3, 10, 8], [7, 10, 7, 5], [6, 5, 6, 10],
[5, 6, 7, 3], [10, 8, 6, 0], [3, 2, 4, 10], [5, 0, 9, 4], [8, 9, 5, 10], [1, 2, 5, 6], [1, 1, 9, 6], [5, 4, 3, 8], [8, 10, 0, 8], [5, 5, 8, 8],
[7, 1, 5, 1], [0, 1, 4, 8], [10, 9, 5, 9], [10, 9, 2, 0], [8, 0, 6, 0], [3, 7, 8, 0], [6, 7, 8, 9], [10, 3, 5, 4], [3, 8, 3, 1], [10, 7, 7, 7],
[4, 0, 6, 3], [9, 8, 1, 4], [7, 6, 5, 10], [2, 0, 10, 7], [5, 6, 5, 4], [7, 8, 8, 10], [6, 1, 9, 5], [6, 6, 10, 10], [6, 5, 0, 2], [1, 2, 6, 6],
[6, 9, 5, 8]]
[1, 0.1, 0.1, 0.1, 0.1, 0.1, 0.1, 0.1, 0.1, 0.1,
0.1, 0.01, 0.01, 0.01, 0.01, 0.01, 0.01, 0.01, 0.01, 0.01,
0.01, 0.001, 0.001, 0.001, 0.001, 0.001, 0.001, 0.001, 0.001, 0.001,
0.001, 0.0001, 0.0001, 0.0001, 0.0001, 0.0001, 0.0001, 0.0001, 0.0001, 0.0001,
0.0001, 1e-05, 1e-05, 1e-05, 1e-05, 1e-05, 1e-05, 1e-05, 1e-05, 1e-05,
1e-05]
[18, 0, 1, 16, 13, 18, 3, 14, 7, 10,
7, 1, 14, 11, 7, 17, 7, 10, 16, 7,
19, 20, 9, 14, 15, 4, 1, 1, 7, 5,
15, 15, 15, 7, 7, 17, 20, 1, 4, 20,
15, 18, 4, 8, 7, 1, 12, 19, 18, 15,
20]
------------------------------------------------------- 
# stage = 6	# children c = 10	length of each stage p = 1	nodes = 50	# items I = 1
