[5, 48, 88, 65, 59, 94, 2, 88, 7, 76,
33, 57, 92, 19, 36, 60, 34, 16, 58, 32,
40, 19, 99, 14, 77, 46, 54, 69, 55, 40,
38, 60, 54, 25, 91, 12, 86, 59, 66, 59,
35, 66, 16, 26, 85, 18, 86, 85, 34, 9,
16, 75, 29, 15, 55, 72, 61, 8, 41, 15,
14]
[[1595, 1986, 196], [261, 1939, 1751], [1178, 516, 1107], [1637, 1646, 853], [1206, 864, 632], [2041, 741, 1265], [1, 81, 360], [693, 1008, 184], [1110, 2029, 1392], [462, 1727, 984],
[63, 648, 904], [259, 909, 169], [2010, 1480, 77], [443, 1051, 1724], [1296, 1650, 1980], [1320, 1017, 655], [1977, 411, 128], [1729, 1104, 1136], [1913, 148, 1100], [1240, 3, 153],
[1616, 1524, 194], [1912, 1783, 1103], [15, 1119, 517], [1551, 1562, 961], [1209, 184, 545], [1123, 897, 1562], [1170, 200, 1973], [1298, 1930, 403], [369, 1777, 2010], [861, 343, 2013],
[406, 1959, 863], [600, 1805, 2038], [1704, 1213, 483], [1613, 698, 1437], [508, 1907, 1013], [445, 356, 1910], [1400, 1526, 45], [699, 758, 1975], [1103, 519, 1078], [1047, 1380, 1422],
[386, 1787, 707], [1249, 1779, 447], [613, 1417, 1660], [1096, 357, 292], [467, 865, 1591], [1480, 703, 1947], [717, 37, 1407], [154, 736, 1557], [1521, 1231, 11], [533, 212, 1391],
[1347, 598, 504], [2055, 1239, 218], [436, 1852, 1027], [1488, 274, 776], [1780, 741, 1034], [1305, 1614, 1737], [578, 265, 1166], [1985, 419, 1294], [1476, 1940, 460], [879, 1865, 672],
[1663, 1147, 663]]
[[10, 7, 7, 9], [10, 6, 0, 8], [3, 9, 5, 5], [8, 9, 6, 1], [2, 1, 1, 0], [10, 6, 4, 3], [6, 4, 6, 1], [10, 7, 6, 9], [1, 2, 5, 9], [6, 4, 7, 9],
[2, 10, 3, 10], [7, 7, 9, 9], [8, 8, 9, 6], [4, 1, 9, 10], [3, 3, 9, 2], [8, 4, 9, 10], [4, 3, 8, 0], [7, 2, 9, 7], [2, 2, 4, 7], [9, 2, 5, 7],
[0, 1, 2, 2], [2, 9, 10, 5], [1, 8, 5, 10], [0, 3, 7, 4], [7, 4, 2, 1], [7, 1, 7, 7], [3, 0, 3, 10], [3, 6, 4, 1], [7, 4, 3, 10], [3, 0, 2, 2],
[6, 8, 1, 6], [0, 6, 9, 5], [0, 0, 5, 5], [10, 1, 1, 0], [1, 2, 0, 4], [8, 4, 3, 4], [7, 6, 1, 10], [4, 4, 10, 0], [10, 10, 6, 10], [5, 2, 3, 5],
[1, 8, 10, 0], [9, 9, 1, 8], [9, 1, 0, 6], [3, 3, 9, 8], [8, 10, 7, 1], [1, 5, 1, 0], [4, 6, 9, 9], [6, 1, 2, 7], [7, 10, 8, 3], [9, 7, 0, 5],
[6, 0, 1, 7], [2, 8, 5, 10], [5, 1, 0, 5], [4, 0, 5, 8], [6, 1, 5, 1], [0, 7, 7, 7], [6, 4, 10, 2], [9, 0, 8, 4], [9, 7, 0, 0], [2, 5, 8, 5],
[5, 7, 10, 9]]
[1, 0.1, 0.1, 0.1, 0.1, 0.1, 0.1, 0.1, 0.1, 0.1,
0.1, 0.01, 0.01, 0.01, 0.01, 0.01, 0.01, 0.01, 0.01, 0.01,
0.01, 0.001, 0.001, 0.001, 0.001, 0.001, 0.001, 0.001, 0.001, 0.001,
0.001, 0.0001, 0.0001, 0.0001, 0.0001, 0.0001, 0.0001, 0.0001, 0.0001, 0.0001,
0.0001, 1e-05, 1e-05, 1e-05, 1e-05, 1e-05, 1e-05, 1e-05, 1e-05, 1e-05,
1e-05, 1e-06, 1e-06, 1e-06, 1e-06, 1e-06, 1e-06, 1e-06, 1e-06, 1e-06,
1e-06]
[8, 3, 5, 4, 6, 0, 3, 0, 1, 3,
8, 10, 9, 3, 9, 6, 4, 5, 5, 5,
9, 2, 2, 8, 4, 8, 7, 6, 3, 7,
3, 4, 8, 3, 6, 1, 10, 4, 1, 3,
0, 4, 4, 8, 5, 6, 2, 2, 7, 0,
9, 4, 0, 8, 6, 5, 7, 9, 3, 5,
6]
------------------------------------------------------- 
# stage = 7	# children c = 10	length of each stage p = 1	nodes = 60	# items I = 1
