[50, 92, 21, 4, 43, 61, 26, 10, 25, 39,
8, 19, 46, 95, 76, 69, 91, 70, 42, 39,
33, 93, 74, 70, 39, 15, 9, 53, 34, 26,
5, 84, 17, 93, 54, 26, 53, 80, 36, 45,
85, 10, 64, 30, 71, 5, 65, 61, 42, 6,
67, 41, 66, 6, 77, 71, 22, 86, 23, 22,
78]
[[1679, 1012, 2730], [2360, 1097, 1912], [203, 1741, 3661], [1031, 287, 4004], [1384, 2462, 3738], [1758, 2041, 1992], [1706, 3934, 3475], [2047, 2428, 1769], [1435, 682, 547], [1753, 2894, 661],
[1297, 2525, 3717], [4028, 793, 722], [3892, 3040, 2463], [3461, 4072, 703], [3374, 1364, 1117], [972, 1074, 3158], [2965, 732, 952], [2348, 731, 1332], [25, 2167, 2014], [2616, 3920, 2860],
[3277, 3170, 1294], [2903, 1058, 39], [1577, 858, 3080], [1993, 2272, 3060], [2696, 3598, 2376], [3813, 478, 1402], [831, 1395, 2134], [1783, 3743, 2866], [1068, 1721, 2985], [3082, 245, 765],
[1851, 3523, 3935], [1097, 286, 2945], [1136, 3907, 1756], [124, 1808, 4028], [3184, 412, 1486], [3512, 2177, 1964], [822, 3008, 3360], [909, 2744, 963], [1727, 3812, 2684], [620, 754, 2930],
[3429, 2605, 313], [1225, 3702, 2643], [78, 2791, 2458], [1834, 2915, 2219], [3814, 4052, 2631], [1208, 3472, 2761], [1125, 2247, 3721], [393, 1108, 2373], [3400, 2835, 45], [1993, 1407, 800],
[2875, 2788, 1357], [1140, 4013, 3012], [1735, 0, 1711], [2145, 3878, 2578], [272, 1553, 2538], [2904, 2761, 3963], [3617, 1838, 2118], [3246, 183, 1178], [3572, 3584, 4013], [3617, 1485, 3372],
[2369, 2312, 2068]]
[[9, 6, 4, 6], [4, 8, 7, 0], [5, 10, 7, 0], [6, 4, 6, 6], [6, 4, 3, 2], [4, 1, 7, 3], [5, 9, 8, 0], [6, 0, 10, 5], [6, 1, 9, 8], [8, 5, 8, 0],
[3, 4, 1, 9], [6, 5, 2, 1], [7, 5, 2, 0], [7, 7, 4, 10], [4, 1, 10, 10], [0, 7, 2, 4], [9, 9, 2, 6], [2, 10, 6, 5], [2, 5, 1, 8], [0, 2, 8, 7],
[7, 8, 6, 1], [4, 8, 0, 8], [7, 0, 6, 7], [7, 8, 10, 3], [5, 1, 9, 7], [9, 3, 10, 9], [8, 0, 7, 6], [0, 2, 1, 8], [10, 7, 7, 3], [2, 8, 1, 9],
[6, 7, 4, 0], [2, 3, 4, 7], [4, 0, 1, 0], [3, 0, 10, 10], [10, 4, 5, 10], [6, 6, 5, 5], [0, 2, 6, 2], [8, 5, 1, 1], [10, 5, 10, 0], [6, 3, 7, 10],
[2, 7, 8, 5], [7, 5, 2, 4], [9, 8, 2, 2], [1, 7, 5, 0], [7, 1, 2, 2], [4, 1, 1, 4], [4, 1, 4, 10], [2, 9, 7, 4], [3, 3, 8, 0], [8, 10, 2, 5],
[5, 4, 7, 7], [10, 2, 7, 6], [1, 7, 7, 5], [7, 8, 7, 9], [9, 9, 7, 1], [6, 1, 5, 9], [2, 0, 7, 0], [0, 10, 3, 5], [1, 10, 10, 0], [10, 6, 5, 0],
[1, 1, 4, 6]]
[1, 0.05, 0.05, 0.05, 0.05, 0.05, 0.05, 0.05, 0.05, 0.05,
0.05, 0.05, 0.05, 0.05, 0.05, 0.05, 0.05, 0.05, 0.05, 0.05,
0.05, 0.0025, 0.0025, 0.0025, 0.0025, 0.0025, 0.0025, 0.0025, 0.0025, 0.0025,
0.0025, 0.0025, 0.0025, 0.0025, 0.0025, 0.0025, 0.0025, 0.0025, 0.0025, 0.0025,
0.0025, 0.000125, 0.000125, 0.000125, 0.000125, 0.000125, 0.000125, 0.000125, 0.000125, 0.000125,
0.000125, 0.000125, 0.000125, 0.000125, 0.000125, 0.000125, 0.000125, 0.000125, 0.000125, 0.000125,
0.000125]
[17, 12, 15, 13, 3, 8, 14, 2, 16, 10,
11, 13, 5, 18, 19, 19, 10, 17, 7, 19,
17, 16, 12, 15, 8, 14, 1, 10, 15, 6,
7, 3, 13, 1, 4, 8, 2, 11, 17, 20,
9, 0, 17, 15, 13, 1, 2, 16, 1, 15,
13, 5, 4, 4, 18, 1, 15, 15, 6, 0,
7]
------------------------------------------------------- 
# stage = 4	# children c = 20	length of each stage p = 1	nodes = 60	# items I = 1
