[15, 51, 52, 68, 69, 79, 68, 45, 5, 26,
99, 77, 18, 100, 22, 82, 21, 86, 12, 17,
70, 45, 26, 51, 76, 41, 43, 64, 49, 73,
80]
[[141, 887, 819], [203, 489, 766], [193, 1117, 424], [224, 548, 208], [723, 252, 1009], [1108, 653, 1095], [904, 667, 884], [301, 1041, 661], [793, 925, 234], [212, 158, 682],
[1124, 718, 407], [38, 177, 153], [60, 370, 108], [903, 1012, 656], [1111, 574, 908], [958, 520, 818], [147, 262, 323], [287, 563, 620], [949, 613, 801], [21, 825, 215],
[1121, 787, 933], [367, 81, 366], [520, 142, 737], [1046, 1045, 587], [541, 250, 417], [705, 464, 938], [779, 611, 456], [358, 898, 276], [234, 685, 889], [1035, 1124, 552],
[507, 1084, 595]]
[[10, 3, 9, 8], [6, 4, 10, 5], [5, 10, 9, 8], [1, 3, 0, 7], [3, 8, 5, 0], [4, 1, 3, 1], [0, 9, 0, 3], [6, 8, 9, 5], [1, 8, 0, 5], [1, 10, 10, 6],
[8, 7, 1, 7], [10, 2, 3, 2], [10, 9, 0, 1], [8, 3, 3, 8], [10, 1, 9, 3], [9, 8, 8, 8], [5, 6, 1, 4], [6, 0, 8, 3], [7, 9, 8, 4], [9, 0, 6, 9],
[7, 5, 10, 4], [6, 0, 10, 4], [1, 9, 7, 0], [4, 3, 6, 9], [9, 7, 2, 2], [8, 8, 3, 2], [6, 0, 7, 5], [1, 0, 1, 6], [3, 9, 0, 10], [10, 8, 3, 0],
[6, 8, 0, 8]]
[1, 0.1, 0.1, 0.1, 0.1, 0.1, 0.1, 0.1, 0.1, 0.1,
0.1, 0.01, 0.01, 0.01, 0.01, 0.01, 0.01, 0.01, 0.01, 0.01,
0.01, 0.001, 0.001, 0.001, 0.001, 0.001, 0.001, 0.001, 0.001, 0.001,
0.001]
[7, 13, 1, 9, 9, 6, 20, 15, 3, 18,
19, 3, 10, 14, 15, 21, 11, 9, 18, 18,
7, 23, 8, 7, 23, 10, 19, 3, 5, 6,
22]
------------------------------------------------------- 
# stage = 4	# children c = 10	length of each stage p = 1	nodes = 30	# items I = 1
