[48, 5, 39, 66, 100, 7, 49, 55, 94, 36,
19, 80, 36, 99, 79, 36, 67, 36, 26, 35,
80, 74, 6, 83, 6, 92, 5, 50, 33, 58,
35, 81, 29, 74, 46, 28, 47, 61, 49, 6,
63, 68, 86, 65, 33, 31, 0, 100, 33, 94,
0]
[[3999, 1189, 133], [1772, 154, 2101], [3433, 2461, 1098], [3506, 1013, 1978], [3560, 4261, 192], [363, 2726, 2724], [1910, 3254, 1561], [1242, 554, 3172], [1295, 2705, 3957], [2074, 3301, 4427],
[2242, 802, 1066], [427, 2574, 3822], [2528, 1458, 1733], [1679, 414, 798], [3657, 2026, 509], [3850, 2390, 1287], [2024, 2352, 4541], [1637, 3594, 3148], [259, 340, 1303], [4217, 2414, 54],
[2146, 2708, 856], [3212, 1187, 1483], [536, 1768, 2941], [321, 3447, 1407], [1120, 606, 3434], [4231, 4456, 3876], [3571, 4532, 1678], [3562, 1619, 723], [2160, 4481, 3665], [1515, 2200, 4131],
[4171, 4346, 342], [3080, 1060, 1529], [13, 1596, 1349], [2954, 4519, 246], [2413, 3691, 853], [3899, 3373, 3361], [3225, 2394, 1396], [2956, 4008, 3015], [1731, 4221, 998], [3448, 1186, 3198],
[1081, 808, 2994], [1423, 1940, 2106], [1005, 1953, 1754], [2354, 2959, 1724], [653, 822, 865], [4108, 2774, 2290], [971, 1449, 134], [2367, 2457, 2195], [3435, 2240, 1866], [4433, 1138, 1104],
[1134, 2220, 4514]]
[[1, 9, 0, 6], [9, 1, 1, 10], [9, 0, 6, 0], [2, 10, 9, 2], [6, 8, 2, 0], [3, 3, 8, 10], [10, 8, 5, 4], [4, 0, 7, 5], [9, 8, 9, 5], [7, 10, 3, 6],
[10, 9, 4, 10], [6, 2, 1, 0], [9, 3, 0, 1], [7, 8, 9, 4], [6, 3, 8, 8], [3, 5, 2, 10], [0, 1, 3, 7], [9, 4, 0, 7], [2, 5, 6, 7], [5, 6, 7, 1],
[9, 7, 2, 3], [2, 1, 8, 6], [2, 5, 3, 4], [10, 6, 3, 8], [5, 4, 5, 1], [8, 5, 6, 9], [8, 0, 5, 3], [6, 10, 4, 4], [6, 5, 6, 6], [4, 3, 2, 6],
[6, 5, 10, 4], [9, 1, 1, 1], [5, 6, 3, 1], [1, 9, 10, 9], [9, 2, 10, 4], [1, 4, 7, 5], [7, 2, 0, 0], [3, 2, 6, 9], [6, 6, 0, 4], [5, 2, 6, 10],
[8, 7, 9, 7], [5, 6, 4, 2], [8, 1, 4, 7], [3, 9, 10, 10], [9, 0, 10, 1], [0, 4, 9, 6], [10, 9, 0, 4], [9, 4, 1, 7], [0, 9, 1, 3], [4, 3, 5, 0],
[5, 8, 5, 8]]
[1, 0.1, 0.1, 0.1, 0.1, 0.1, 0.1, 0.1, 0.1, 0.1,
0.1, 0.01, 0.01, 0.01, 0.01, 0.01, 0.01, 0.01, 0.01, 0.01,
0.01, 0.001, 0.001, 0.001, 0.001, 0.001, 0.001, 0.001, 0.001, 0.001,
0.001, 0.0001, 0.0001, 0.0001, 0.0001, 0.0001, 0.0001, 0.0001, 0.0001, 0.0001,
0.0001, 1e-05, 1e-05, 1e-05, 1e-05, 1e-05, 1e-05, 1e-05, 1e-05, 1e-05,
1e-05]
[5, 3, 9, 5, 5, 7, 4, 5, 4, 11,
1, 4, 3, 11, 3, 4, 2, 9, 0, 8,
10, 3, 10, 11, 4, 5, 0, 6, 4, 11,
6, 0, 10, 4, 11, 1, 8, 7, 0, 6,
1, 10, 4, 1, 7, 0, 8, 5, 9, 2,
7]
------------------------------------------------------- 
# stage = 6	# children c = 10	length of each stage p = 1	nodes = 50	# items I = 1
