[56, 82, 1, 87, 89, 20, 62, 83, 11, 96,
5, 99, 77, 98, 37, 98, 40, 65, 87, 39,
62, 67, 44, 92, 61, 22, 83, 48, 54, 69,
66, 10, 50, 34, 97, 4, 54, 24, 88, 31,
20, 93, 97, 63, 56, 100, 60, 63, 64, 12,
1]
[[1582, 290, 960], [566, 123, 698], [1680, 237, 285], [1668, 413, 1489], [615, 1343, 131], [1513, 152, 1494], [668, 562, 1491], [374, 939, 716], [1651, 1119, 1736], [248, 949, 838],
[1111, 742, 1128], [283, 1059, 1001], [981, 950, 988], [1017, 829, 1401], [467, 1444, 706], [348, 918, 608], [53, 1587, 920], [1544, 1711, 1609], [221, 1573, 939], [1707, 1571, 100],
[506, 893, 592], [1634, 926, 1651], [596, 1658, 562], [1585, 636, 1391], [947, 1103, 797], [1653, 1451, 1715], [472, 1254, 1263], [1392, 759, 935], [963, 980, 469], [113, 898, 251],
[1752, 1405, 895], [306, 1000, 1571], [1707, 1597, 1440], [481, 1143, 37], [1622, 301, 1140], [630, 166, 552], [307, 388, 17], [1320, 1531, 776], [217, 705, 1506], [686, 818, 366],
[938, 532, 1771], [1583, 838, 732], [1365, 756, 290], [767, 1237, 1183], [804, 1071, 1485], [1695, 1451, 1401], [458, 1508, 0], [226, 790, 1531], [752, 1007, 197], [470, 1693, 766],
[836, 842, 1298]]
[[3, 5, 2, 7], [0, 6, 8, 0], [8, 3, 2, 7], [7, 1, 2, 7], [8, 2, 8, 3], [10, 2, 2, 4], [4, 4, 10, 3], [6, 5, 1, 9], [8, 3, 5, 6], [7, 1, 4, 2],
[4, 6, 10, 1], [6, 10, 6, 1], [1, 3, 2, 10], [3, 5, 3, 7], [7, 3, 9, 0], [6, 8, 10, 3], [0, 2, 9, 5], [3, 2, 7, 6], [6, 4, 5, 10], [3, 9, 9, 3],
[1, 1, 2, 4], [4, 5, 9, 0], [6, 5, 0, 1], [2, 8, 2, 0], [0, 0, 5, 1], [0, 2, 7, 5], [4, 10, 4, 8], [8, 1, 9, 9], [2, 9, 0, 6], [1, 8, 4, 8],
[0, 4, 7, 3], [2, 10, 3, 0], [8, 9, 1, 7], [9, 7, 1, 2], [6, 3, 8, 4], [4, 4, 0, 6], [2, 10, 10, 4], [5, 3, 10, 5], [8, 6, 8, 8], [3, 10, 6, 1],
[6, 7, 6, 4], [3, 7, 4, 8], [8, 0, 10, 2], [4, 10, 6, 5], [7, 6, 9, 1], [9, 8, 5, 4], [1, 2, 10, 5], [10, 5, 4, 5], [0, 10, 9, 3], [4, 1, 9, 1],
[1, 8, 3, 3]]
[1, 0.1, 0.1, 0.1, 0.1, 0.1, 0.1, 0.1, 0.1, 0.1,
0.1, 0.01, 0.01, 0.01, 0.01, 0.01, 0.01, 0.01, 0.01, 0.01,
0.01, 0.001, 0.001, 0.001, 0.001, 0.001, 0.001, 0.001, 0.001, 0.001,
0.001, 0.0001, 0.0001, 0.0001, 0.0001, 0.0001, 0.0001, 0.0001, 0.0001, 0.0001,
0.0001, 1e-05, 1e-05, 1e-05, 1e-05, 1e-05, 1e-05, 1e-05, 1e-05, 1e-05,
1e-05]
[2, 6, 8, 6, 5, 1, 0, 5, 8, 0,
8, 4, 2, 4, 0, 8, 6, 0, 7, 2,
1, 1, 5, 3, 7, 2, 5, 5, 6, 2,
4, 7, 3, 2, 3, 1, 4, 1, 6, 0,
8, 1, 4, 8, 4, 4, 7, 7, 8, 1,
1]
------------------------------------------------------- 
# stage = 6	# children c = 10	length of each stage p = 1	nodes = 50	# items I = 1
