[32, 85, 46, 97, 65, 36, 3, 6, 66, 36,
51, 93, 85, 49, 12, 24, 80, 18, 19, 6,
53, 27, 34, 18, 10, 90, 17, 17, 26, 98,
11, 58, 48, 24, 20, 12, 60, 90, 85, 92,
92, 35, 84, 76, 51, 62, 67, 97, 80, 86,
70, 33, 80, 3, 51, 90, 60, 34, 74, 86,
98, 85, 9, 45, 75, 96, 23, 34, 85, 8,
92, 42, 9, 75, 18, 60, 36, 51, 57, 83,
2]
[[1125, 952, 1162], [1847, 561, 417], [1166, 1841, 700], [816, 1232, 1190], [792, 1151, 272], [857, 1643, 231], [113, 1503, 1441], [1832, 289, 1075], [1581, 1641, 529], [1723, 1690, 1933],
[1786, 1787, 929], [992, 1678, 462], [381, 889, 348], [53, 677, 1580], [1243, 1470, 1703], [487, 1299, 362], [719, 384, 1866], [204, 260, 1127], [251, 814, 812], [1709, 1509, 1475],
[1686, 1339, 1306], [1587, 1303, 1029], [93, 1684, 890], [441, 1737, 1567], [994, 1025, 53], [1669, 1512, 1352], [76, 1203, 1737], [914, 1407, 969], [85, 1659, 1783], [897, 1412, 1336],
[416, 114, 1647], [695, 1701, 994], [1724, 1794, 722], [1586, 1208, 1432], [169, 1174, 1429], [223, 887, 985], [547, 963, 1161], [1256, 1877, 612], [270, 934, 1243], [1025, 1832, 1627],
[1334, 1220, 1741], [1025, 1915, 1486], [992, 655, 297], [686, 1213, 1505], [162, 1383, 723], [1591, 578, 1610], [1549, 1125, 1546], [754, 426, 439], [338, 696, 1374], [554, 693, 222],
[225, 71, 1442], [939, 69, 374], [1397, 1061, 1], [1694, 1747, 1215], [215, 882, 1570], [938, 1445, 192], [1521, 10, 1317], [1111, 1692, 715], [522, 75, 383], [1896, 629, 1077],
[162, 1782, 120], [577, 765, 189], [951, 207, 222], [1880, 1901, 942], [111, 1089, 796], [1681, 71, 285], [845, 564, 296], [1135, 647, 32], [1850, 1170, 1035], [278, 1110, 636],
[1355, 245, 463], [447, 822, 1228], [637, 745, 1435], [1787, 669, 353], [773, 1709, 414], [541, 1434, 485], [827, 1252, 22], [95, 431, 669], [1055, 325, 1839], [135, 1531, 1922],
[771, 930, 211]]
[[4, 4, 5, 5], [9, 5, 4, 9], [7, 9, 1, 9], [0, 2, 5, 8], [3, 9, 0, 2], [6, 1, 9, 6], [6, 8, 4, 0], [1, 7, 10, 5], [9, 3, 9, 5], [8, 2, 3, 4],
[1, 3, 0, 10], [5, 3, 6, 6], [2, 6, 9, 6], [5, 7, 10, 9], [2, 1, 9, 4], [6, 7, 7, 4], [10, 5, 10, 7], [6, 0, 9, 5], [3, 9, 4, 8], [2, 8, 4, 2],
[2, 0, 8, 7], [7, 5, 6, 9], [7, 2, 0, 0], [7, 8, 5, 4], [0, 2, 9, 6], [2, 7, 0, 4], [6, 3, 1, 8], [9, 3, 10, 0], [3, 5, 6, 8], [8, 10, 5, 4],
[1, 5, 3, 7], [0, 8, 0, 10], [8, 10, 5, 8], [6, 4, 1, 10], [5, 1, 7, 3], [2, 4, 4, 4], [9, 8, 1, 7], [7, 6, 9, 6], [10, 1, 2, 8], [7, 1, 7, 2],
[0, 2, 0, 4], [4, 10, 4, 7], [0, 9, 10, 3], [3, 1, 5, 10], [9, 6, 4, 3], [0, 3, 10, 10], [2, 1, 7, 8], [0, 2, 10, 9], [2, 10, 3, 6], [8, 5, 0, 8],
[3, 10, 9, 4], [10, 3, 4, 6], [8, 8, 10, 8], [9, 7, 5, 1], [6, 10, 9, 7], [1, 8, 5, 3], [6, 6, 7, 3], [0, 7, 9, 2], [5, 8, 6, 2], [9, 10, 8, 6],
[8, 5, 3, 4], [10, 6, 5, 6], [6, 1, 2, 5], [10, 5, 9, 3], [1, 3, 4, 10], [0, 2, 1, 3], [8, 8, 5, 7], [5, 0, 2, 0], [4, 4, 5, 3], [10, 8, 9, 3],
[10, 9, 9, 7], [2, 7, 8, 3], [8, 1, 0, 8], [3, 2, 9, 1], [8, 3, 8, 0], [2, 8, 1, 6], [10, 4, 7, 10], [1, 4, 0, 9], [0, 9, 5, 2], [3, 2, 3, 1],
[1, 4, 7, 5]]
[1, 0.05, 0.05, 0.05, 0.05, 0.05, 0.05, 0.05, 0.05, 0.05,
0.05, 0.05, 0.05, 0.05, 0.05, 0.05, 0.05, 0.05, 0.05, 0.05,
0.05, 0.0025, 0.0025, 0.0025, 0.0025, 0.0025, 0.0025, 0.0025, 0.0025, 0.0025,
0.0025, 0.0025, 0.0025, 0.0025, 0.0025, 0.0025, 0.0025, 0.0025, 0.0025, 0.0025,
0.0025, 0.000125, 0.000125, 0.000125, 0.000125, 0.000125, 0.000125, 0.000125, 0.000125, 0.000125,
0.000125, 0.000125, 0.000125, 0.000125, 0.000125, 0.000125, 0.000125, 0.000125, 0.000125, 0.000125,
0.000125, 6.25e-06, 6.25e-06, 6.25e-06, 6.25e-06, 6.25e-06, 6.25e-06, 6.25e-06, 6.25e-06, 6.25e-06,
6.25e-06, 6.25e-06, 6.25e-06, 6.25e-06, 6.25e-06, 6.25e-06, 6.25e-06, 6.25e-06, 6.25e-06, 6.25e-06,
6.25e-06]
[18, 7, 14, 2, 15, 16, 13, 11, 11, 19,
18, 15, 14, 0, 1, 8, 12, 6, 17, 5,
1, 14, 9, 15, 2, 18, 5, 19, 12, 5,
14, 5, 12, 4, 5, 14, 3, 12, 6, 8,
6, 14, 4, 3, 4, 2, 5, 8, 12, 10,
5, 15, 18, 5, 7, 17, 4, 8, 16, 5,
3, 2, 7, 9, 6, 8, 1, 13, 3, 7,
8, 7, 8, 1, 19, 17, 18, 15, 2, 17,
8]
------------------------------------------------------- 
# stage = 5	# children c = 20	length of each stage p = 1	nodes = 80	# items I = 1
