[4, 31, 55, 93, 98, 70, 60, 17, 68, 53,
51, 57, 48, 20, 100, 53, 29, 82, 17, 95,
90, 33, 24, 69, 96, 4, 82, 88, 34, 19,
71, 4, 17, 92, 98, 14, 27, 23, 98, 95,
76, 48, 18, 24, 34, 17, 43, 30, 99, 60,
24, 88, 94, 14, 22, 55, 18, 3, 42, 19,
90, 80, 23, 6, 37, 87, 87, 65, 77, 84,
25, 52, 98, 43, 42, 31, 60, 85, 61, 24,
45]
[[148, 3595, 2297], [751, 3306, 2870], [2522, 1786, 824], [1971, 1159, 2977], [2662, 2940, 2776], [3526, 987, 3109], [783, 3776, 925], [2669, 3805, 2378], [2305, 3606, 374], [568, 1861, 1938],
[1980, 2009, 1711], [2950, 1433, 1194], [671, 2628, 1653], [168, 776, 1485], [3145, 3438, 3099], [771, 1815, 263], [57, 2598, 2712], [3479, 1445, 1367], [2034, 2423, 1150], [1081, 2991, 1684],
[3020, 3644, 2366], [3404, 1445, 2473], [3271, 2116, 1278], [1102, 957, 2055], [2587, 2775, 1670], [1863, 3547, 3485], [2127, 2277, 934], [3512, 1933, 2379], [1057, 2641, 979], [2207, 3722, 2643],
[69, 1592, 1137], [1108, 1173, 1255], [3581, 3118, 2044], [1037, 397, 3001], [3092, 1657, 1954], [939, 2194, 351], [3098, 2994, 2628], [209, 2683, 3235], [1261, 3740, 2053], [913, 798, 625],
[2229, 3363, 2218], [2039, 648, 2064], [3295, 407, 32], [1516, 1444, 429], [3191, 713, 760], [1322, 325, 2954], [1673, 3423, 2125], [2974, 2305, 3481], [2386, 3566, 2072], [3112, 3152, 2870],
[3738, 1558, 2410], [806, 3598, 3058], [2870, 1743, 2138], [2903, 3259, 3582], [2005, 1300, 2968], [1438, 2622, 3294], [3065, 2968, 1567], [40, 2120, 50], [3522, 3179, 2289], [1771, 2469, 1619],
[818, 2384, 3177], [1901, 3190, 1625], [3632, 910, 3368], [1948, 2486, 1478], [380, 3165, 2778], [3349, 780, 251], [1493, 23, 3219], [3060, 63, 189], [1783, 3585, 3369], [250, 206, 688],
[1869, 3520, 3072], [3719, 271, 1112], [195, 81, 695], [3563, 702, 3182], [3714, 3578, 2524], [1343, 1777, 1977], [1594, 3270, 2000], [3486, 1181, 737], [3676, 2964, 2995], [1895, 1887, 3202],
[2583, 2429, 1572]]
[[1, 9, 4, 8], [1, 4, 4, 2], [6, 6, 10, 4], [0, 0, 0, 8], [7, 1, 10, 4], [7, 4, 10, 3], [3, 3, 4, 10], [8, 4, 2, 10], [1, 4, 5, 2], [7, 9, 2, 2],
[2, 2, 6, 3], [2, 4, 9, 10], [4, 8, 1, 0], [10, 1, 1, 2], [4, 3, 0, 10], [8, 2, 7, 7], [7, 2, 7, 3], [9, 9, 3, 1], [0, 9, 4, 3], [0, 2, 0, 2],
[8, 1, 0, 5], [0, 2, 8, 2], [3, 6, 2, 9], [8, 7, 5, 2], [7, 1, 3, 6], [9, 6, 5, 9], [2, 9, 10, 3], [9, 8, 3, 4], [8, 4, 9, 8], [4, 4, 9, 7],
[10, 9, 6, 6], [5, 9, 6, 2], [0, 10, 6, 7], [5, 0, 5, 8], [7, 3, 9, 3], [0, 1, 7, 8], [5, 3, 4, 9], [6, 0, 4, 3], [9, 10, 7, 3], [6, 3, 3, 4],
[2, 9, 0, 7], [7, 6, 2, 3], [7, 0, 6, 5], [2, 0, 1, 5], [2, 5, 2, 8], [3, 6, 9, 1], [3, 6, 2, 9], [9, 6, 3, 9], [2, 3, 5, 10], [7, 6, 0, 3],
[6, 7, 9, 6], [5, 10, 1, 7], [2, 3, 4, 5], [7, 3, 4, 10], [7, 6, 6, 5], [10, 9, 3, 2], [0, 6, 10, 5], [1, 10, 9, 6], [4, 5, 1, 10], [2, 0, 6, 2],
[1, 9, 5, 8], [10, 9, 5, 4], [2, 1, 9, 2], [8, 10, 2, 6], [3, 10, 1, 3], [9, 8, 9, 1], [0, 8, 9, 2], [9, 4, 2, 10], [0, 7, 6, 8], [3, 0, 1, 5],
[10, 8, 5, 6], [5, 7, 1, 9], [6, 2, 10, 3], [8, 6, 2, 8], [3, 0, 8, 10], [4, 10, 10, 3], [4, 3, 9, 5], [1, 0, 0, 1], [8, 5, 5, 3], [0, 6, 10, 4],
[7, 7, 5, 2]]
[1, 0.05, 0.05, 0.05, 0.05, 0.05, 0.05, 0.05, 0.05, 0.05,
0.05, 0.05, 0.05, 0.05, 0.05, 0.05, 0.05, 0.05, 0.05, 0.05,
0.05, 0.0025, 0.0025, 0.0025, 0.0025, 0.0025, 0.0025, 0.0025, 0.0025, 0.0025,
0.0025, 0.0025, 0.0025, 0.0025, 0.0025, 0.0025, 0.0025, 0.0025, 0.0025, 0.0025,
0.0025, 0.000125, 0.000125, 0.000125, 0.000125, 0.000125, 0.000125, 0.000125, 0.000125, 0.000125,
0.000125, 0.000125, 0.000125, 0.000125, 0.000125, 0.000125, 0.000125, 0.000125, 0.000125, 0.000125,
0.000125, 6.25e-06, 6.25e-06, 6.25e-06, 6.25e-06, 6.25e-06, 6.25e-06, 6.25e-06, 6.25e-06, 6.25e-06,
6.25e-06, 6.25e-06, 6.25e-06, 6.25e-06, 6.25e-06, 6.25e-06, 6.25e-06, 6.25e-06, 6.25e-06, 6.25e-06,
6.25e-06]
[13, 14, 19, 3, 16, 17, 11, 17, 9, 6,
12, 3, 16, 4, 17, 19, 2, 6, 17, 10,
0, 9, 5, 1, 4, 2, 7, 1, 6, 12,
9, 17, 17, 9, 17, 0, 12, 13, 7, 15,
14, 4, 6, 10, 2, 0, 6, 8, 17, 14,
1, 4, 7, 2, 15, 10, 19, 16, 12, 3,
12, 18, 17, 19, 8, 1, 0, 15, 6, 6,
19, 4, 2, 9, 10, 1, 11, 5, 18, 16,
2]
------------------------------------------------------- 
# stage = 5	# children c = 20	length of each stage p = 1	nodes = 80	# items I = 1
