[14, 62, 96, 18, 64, 85, 94, 89, 20, 79,
41, 48, 97, 4, 84, 85, 9, 41, 70, 53,
28, 75, 50, 26, 64, 94, 44, 65, 46, 89,
34, 26, 50, 96, 45, 81, 80, 4, 69, 67,
83, 76, 14, 45, 80, 64, 30, 89, 4, 66,
7, 99, 40, 58, 25, 71, 17, 69, 35, 63,
23, 69, 90, 74, 65, 0, 20, 10, 4, 89,
43, 53, 30, 57, 99, 9, 87, 95, 64, 57,
60, 72, 56, 66, 96, 47, 36, 12, 82, 71,
42, 5, 6, 98, 79, 37, 64, 65, 47, 68,
53]
[[315, 725, 836], [821, 56, 637], [750, 283, 702], [122, 485, 888], [990, 629, 84], [517, 962, 501], [269, 115, 847], [686, 705, 93], [93, 321, 847], [512, 203, 620],
[213, 518, 348], [53, 857, 404], [207, 610, 688], [909, 249, 176], [317, 756, 805], [915, 276, 288], [934, 63, 917], [784, 266, 142], [877, 359, 464], [245, 388, 184],
[865, 119, 219], [216, 172, 79], [137, 893, 207], [825, 323, 970], [518, 640, 730], [841, 559, 523], [646, 496, 586], [566, 283, 369], [708, 677, 246], [689, 922, 634],
[873, 307, 753], [96, 523, 442], [175, 661, 339], [896, 6, 662], [870, 525, 819], [603, 369, 381], [129, 18, 394], [233, 101, 677], [602, 326, 872], [365, 19, 314],
[3, 409, 622], [273, 505, 662], [716, 198, 326], [572, 611, 847], [751, 484, 375], [573, 90, 261], [472, 734, 793], [866, 967, 894], [64, 89, 223], [936, 969, 756],
[767, 972, 169], [392, 762, 191], [58, 481, 903], [898, 570, 518], [265, 324, 5], [157, 898, 610], [418, 887, 347], [728, 756, 831], [142, 820, 437], [880, 276, 409],
[639, 47, 898], [325, 953, 664], [517, 528, 662], [937, 430, 236], [458, 695, 77], [978, 853, 492], [108, 788, 382], [455, 520, 656], [803, 179, 479], [757, 62, 273],
[684, 702, 834], [585, 544, 790], [766, 64, 836], [946, 519, 269], [699, 494, 481], [776, 475, 851], [272, 583, 160], [171, 555, 680], [827, 875, 859], [824, 636, 439],
[614, 323, 658], [451, 425, 205], [758, 709, 784], [597, 658, 306], [383, 360, 800], [382, 653, 793], [236, 442, 893], [396, 614, 452], [593, 958, 330], [970, 785, 483],
[412, 402, 323], [73, 370, 266], [278, 646, 975], [579, 760, 153], [885, 147, 513], [206, 46, 683], [2, 282, 129], [895, 196, 260], [864, 306, 221], [712, 279, 524],
[198, 208, 443]]
[[10, 10, 10, 8], [8, 4, 7, 0], [9, 5, 8, 8], [0, 0, 8, 3], [1, 10, 2, 10], [5, 5, 8, 3], [7, 2, 1, 5], [2, 7, 0, 1], [4, 10, 8, 2], [1, 4, 0, 10],
[7, 9, 6, 8], [9, 1, 9, 8], [0, 0, 7, 3], [3, 4, 4, 8], [4, 5, 2, 5], [10, 0, 4, 2], [8, 1, 2, 9], [5, 2, 7, 0], [9, 2, 6, 5], [3, 4, 3, 2],
[3, 10, 5, 4], [2, 10, 2, 6], [2, 2, 0, 2], [3, 5, 2, 9], [6, 4, 8, 10], [4, 2, 8, 1], [4, 3, 6, 5], [5, 9, 7, 6], [7, 2, 0, 9], [1, 0, 2, 3],
[2, 1, 3, 3], [4, 5, 2, 8], [7, 8, 7, 10], [10, 2, 0, 3], [5, 6, 6, 9], [3, 3, 4, 8], [5, 2, 4, 4], [2, 6, 7, 3], [5, 9, 6, 9], [1, 6, 7, 9],
[3, 1, 6, 2], [4, 6, 3, 7], [10, 10, 5, 0], [2, 8, 8, 5], [10, 1, 9, 0], [6, 3, 3, 9], [1, 7, 8, 3], [3, 2, 10, 4], [1, 5, 5, 5], [9, 8, 0, 8],
[5, 3, 7, 5], [0, 4, 10, 9], [4, 6, 9, 8], [10, 10, 6, 9], [6, 1, 10, 7], [3, 7, 10, 3], [10, 4, 8, 8], [1, 6, 4, 5], [10, 0, 10, 10], [4, 10, 8, 6],
[3, 4, 1, 2], [3, 8, 10, 8], [9, 7, 4, 0], [4, 1, 3, 3], [5, 9, 10, 5], [3, 3, 10, 2], [3, 9, 10, 5], [6, 8, 10, 10], [10, 0, 10, 3], [6, 7, 0, 3],
[4, 2, 3, 6], [4, 4, 7, 7], [0, 6, 1, 3], [7, 0, 3, 10], [8, 3, 3, 3], [9, 0, 2, 8], [0, 0, 0, 7], [7, 9, 10, 0], [10, 0, 6, 1], [2, 3, 8, 2],
[7, 10, 4, 4], [8, 5, 1, 5], [8, 2, 7, 6], [2, 7, 2, 1], [7, 0, 8, 4], [10, 5, 2, 7], [3, 7, 8, 5], [8, 5, 5, 4], [2, 7, 6, 0], [2, 8, 3, 10],
[8, 10, 4, 0], [5, 4, 1, 1], [4, 7, 3, 1], [10, 6, 8, 2], [0, 3, 7, 8], [9, 1, 10, 9], [7, 6, 7, 9], [1, 0, 6, 9], [8, 8, 9, 2], [1, 8, 2, 6],
[2, 5, 5, 1]]
[1, 0.05, 0.05, 0.05, 0.05, 0.05, 0.05, 0.05, 0.05, 0.05,
0.05, 0.05, 0.05, 0.05, 0.05, 0.05, 0.05, 0.05, 0.05, 0.05,
0.05, 0.0025, 0.0025, 0.0025, 0.0025, 0.0025, 0.0025, 0.0025, 0.0025, 0.0025,
0.0025, 0.0025, 0.0025, 0.0025, 0.0025, 0.0025, 0.0025, 0.0025, 0.0025, 0.0025,
0.0025, 0.000125, 0.000125, 0.000125, 0.000125, 0.000125, 0.000125, 0.000125, 0.000125, 0.000125,
0.000125, 0.000125, 0.000125, 0.000125, 0.000125, 0.000125, 0.000125, 0.000125, 0.000125, 0.000125,
0.000125, 6.25e-06, 6.25e-06, 6.25e-06, 6.25e-06, 6.25e-06, 6.25e-06, 6.25e-06, 6.25e-06, 6.25e-06,
6.25e-06, 6.25e-06, 6.25e-06, 6.25e-06, 6.25e-06, 6.25e-06, 6.25e-06, 6.25e-06, 6.25e-06, 6.25e-06,
6.25e-06, 3.125e-07, 3.125e-07, 3.125e-07, 3.125e-07, 3.125e-07, 3.125e-07, 3.125e-07, 3.125e-07, 3.125e-07,
3.125e-07, 3.125e-07, 3.125e-07, 3.125e-07, 3.125e-07, 3.125e-07, 3.125e-07, 3.125e-07, 3.125e-07, 3.125e-07,
3.125e-07]
[6, 7, 4, 1, 9, 0, 2, 9, 4, 1,
1, 3, 9, 8, 5, 2, 6, 5, 5, 0,
5, 3, 8, 3, 7, 9, 1, 0, 2, 4,
0, 2, 8, 7, 5, 0, 0, 0, 1, 4,
9, 1, 7, 6, 1, 0, 9, 1, 3, 4,
0, 1, 0, 2, 8, 2, 1, 1, 7, 0,
9, 4, 6, 9, 6, 8, 7, 0, 5, 3,
2, 2, 1, 5, 2, 2, 8, 5, 4, 4,
9, 0, 8, 8, 4, 9, 9, 1, 9, 4,
5, 7, 6, 0, 8, 5, 1, 6, 8, 5,
0]
------------------------------------------------------- 
# stage = 6	# children c = 20	length of each stage p = 1	nodes = 100	# items I = 1
