[30, 7, 67, 35, 49, 20, 72, 86, 59, 11,
28, 6, 73, 24, 27, 83, 61, 13, 34, 20,
1, 48, 37, 96, 61, 49, 72, 47, 85, 53,
45, 15, 27, 12, 16, 42, 32, 88, 95, 57,
65, 22, 63, 4, 12, 56, 53, 74, 36, 87,
60, 37, 35, 97, 32, 62, 46, 4, 8, 97,
23]
[[1816, 837, 2011], [263, 2182, 209], [11, 563, 1620], [605, 1722, 504], [446, 72, 1227], [1689, 1690, 2110], [1113, 97, 1348], [2035, 687, 1690], [1958, 843, 1777], [1147, 1891, 1212],
[1810, 1591, 2049], [1704, 1954, 2015], [1913, 1965, 461], [1316, 453, 66], [1921, 899, 138], [1031, 471, 1929], [1024, 1584, 2126], [155, 1503, 596], [1846, 1344, 1539], [1506, 275, 1314],
[601, 2185, 688], [534, 1673, 525], [432, 1369, 273], [893, 569, 826], [959, 273, 1726], [1198, 1404, 80], [1010, 212, 1665], [919, 367, 951], [1616, 96, 78], [938, 1703, 453],
[35, 87, 522], [823, 721, 2195], [1348, 1153, 1447], [1721, 2046, 2116], [331, 889, 172], [2157, 2087, 1677], [20, 880, 1889], [1785, 1899, 39], [519, 1298, 136], [698, 20, 1939],
[1251, 155, 2026], [1773, 1079, 531], [1851, 310, 1784], [1182, 2032, 1714], [1081, 246, 386], [1354, 286, 356], [814, 306, 1336], [486, 2192, 1018], [525, 494, 100], [761, 1292, 220],
[483, 327, 375], [393, 2200, 1454], [1024, 1835, 1765], [691, 800, 1680], [188, 1881, 2026], [574, 1018, 95], [930, 1832, 501], [149, 201, 476], [1168, 827, 1071], [1368, 1688, 146],
[1588, 55, 573]]
[[8, 0, 9, 8], [10, 3, 2, 0], [5, 7, 3, 6], [1, 3, 7, 7], [9, 7, 6, 3], [6, 0, 4, 7], [7, 6, 8, 3], [8, 9, 7, 3], [7, 4, 0, 6], [7, 2, 5, 10],
[9, 8, 3, 8], [9, 8, 5, 5], [4, 0, 8, 8], [10, 2, 5, 6], [8, 0, 9, 3], [7, 3, 7, 4], [7, 7, 8, 1], [8, 2, 9, 6], [8, 0, 2, 4], [8, 7, 9, 2],
[5, 5, 10, 2], [5, 2, 8, 0], [3, 4, 3, 10], [8, 8, 3, 2], [5, 10, 2, 2], [1, 0, 6, 8], [0, 6, 1, 9], [0, 9, 9, 6], [3, 8, 6, 6], [9, 4, 6, 1],
[6, 9, 9, 1], [5, 0, 4, 10], [10, 4, 10, 9], [4, 3, 6, 3], [10, 6, 10, 8], [4, 8, 1, 5], [3, 8, 0, 1], [1, 6, 0, 5], [2, 10, 7, 7], [8, 0, 4, 7],
[4, 1, 5, 6], [3, 10, 7, 2], [5, 6, 10, 9], [1, 10, 1, 5], [7, 1, 4, 6], [5, 5, 0, 5], [2, 7, 0, 10], [7, 4, 4, 9], [4, 7, 3, 7], [6, 10, 7, 0],
[4, 4, 7, 5], [3, 8, 8, 10], [7, 2, 5, 1], [5, 6, 7, 5], [2, 7, 4, 8], [9, 6, 4, 2], [2, 7, 7, 7], [5, 3, 7, 9], [8, 2, 3, 9], [10, 10, 9, 5],
[1, 1, 6, 4]]
[1, 0.1, 0.1, 0.1, 0.1, 0.1, 0.1, 0.1, 0.1, 0.1,
0.1, 0.01, 0.01, 0.01, 0.01, 0.01, 0.01, 0.01, 0.01, 0.01,
0.01, 0.001, 0.001, 0.001, 0.001, 0.001, 0.001, 0.001, 0.001, 0.001,
0.001, 0.0001, 0.0001, 0.0001, 0.0001, 0.0001, 0.0001, 0.0001, 0.0001, 0.0001,
0.0001, 1e-05, 1e-05, 1e-05, 1e-05, 1e-05, 1e-05, 1e-05, 1e-05, 1e-05,
1e-05, 1e-06, 1e-06, 1e-06, 1e-06, 1e-06, 1e-06, 1e-06, 1e-06, 1e-06,
1e-06]
[10, 2, 1, 10, 11, 5, 0, 9, 7, 10,
6, 11, 9, 9, 2, 4, 10, 10, 0, 8,
6, 6, 9, 6, 10, 5, 11, 0, 9, 2,
1, 4, 0, 10, 0, 7, 11, 4, 0, 6,
0, 11, 11, 4, 6, 0, 9, 6, 4, 6,
2, 2, 11, 2, 1, 7, 3, 9, 10, 7,
0]
------------------------------------------------------- 
# stage = 7	# children c = 10	length of each stage p = 1	nodes = 60	# items I = 1
