[62, 61, 33, 54, 2, 84, 3, 22, 64, 4,
79, 8, 24, 15, 7, 30, 75, 15, 83, 62,
40, 58, 65, 74, 82, 57, 77, 85, 25, 79,
25, 88, 6, 24, 41, 8, 7, 44, 97, 72,
15]
[[521, 510, 366], [530, 782, 860], [314, 840, 261], [15, 213, 421], [523, 630, 430], [276, 431, 34], [389, 490, 745], [453, 318, 256], [135, 201, 259], [466, 640, 126],
[539, 165, 548], [905, 696, 422], [857, 14, 354], [122, 849, 567], [455, 465, 202], [885, 653, 633], [832, 135, 216], [669, 500, 534], [18, 548, 648], [189, 106, 292],
[315, 557, 369], [775, 554, 69], [289, 504, 83], [555, 626, 845], [126, 174, 314], [328, 63, 59], [874, 895, 106], [182, 569, 607], [628, 587, 247], [280, 688, 265],
[572, 95, 822], [34, 782, 380], [103, 163, 884], [99, 630, 515], [36, 756, 689], [350, 89, 664], [321, 55, 564], [428, 149, 225], [39, 689, 812], [198, 62, 592],
[375, 634, 599]]
[[4, 5, 7, 0], [1, 5, 5, 0], [8, 6, 0, 0], [0, 3, 4, 4], [2, 10, 6, 9], [9, 0, 8, 0], [10, 9, 1, 4], [5, 10, 4, 9], [2, 10, 10, 3], [4, 2, 1, 0],
[8, 2, 0, 8], [3, 3, 0, 5], [0, 4, 1, 10], [4, 9, 8, 1], [5, 9, 3, 8], [6, 8, 7, 6], [7, 4, 8, 9], [6, 7, 9, 4], [9, 8, 10, 10], [9, 8, 3, 9],
[1, 4, 6, 3], [1, 4, 2, 6], [0, 6, 4, 5], [1, 9, 0, 8], [0, 8, 4, 6], [5, 1, 8, 1], [9, 6, 10, 5], [1, 2, 3, 1], [4, 8, 2, 5], [1, 5, 10, 10],
[9, 1, 4, 10], [8, 5, 5, 8], [0, 9, 1, 3], [10, 8, 5, 6], [1, 2, 0, 2], [4, 2, 1, 6], [8, 4, 1, 9], [7, 9, 6, 3], [10, 0, 0, 7], [3, 5, 2, 1],
[1, 3, 5, 10]]
[1, 0.1, 0.1, 0.1, 0.1, 0.1, 0.1, 0.1, 0.1, 0.1,
0.1, 0.01, 0.01, 0.01, 0.01, 0.01, 0.01, 0.01, 0.01, 0.01,
0.01, 0.001, 0.001, 0.001, 0.001, 0.001, 0.001, 0.001, 0.001, 0.001,
0.001, 0.0001, 0.0001, 0.0001, 0.0001, 0.0001, 0.0001, 0.0001, 0.0001, 0.0001,
0.0001]
[0, 1, 8, 7, 7, 4, 7, 4, 0, 8,
7, 5, 5, 3, 7, 1, 7, 2, 1, 1,
0, 0, 7, 9, 1, 5, 5, 6, 7, 5,
6, 5, 4, 3, 8, 3, 4, 9, 9, 4,
8]
------------------------------------------------------- 
# stage = 5	# children c = 10	length of each stage p = 1	nodes = 40	# items I = 1
