[90, 11, 35, 70, 93, 92, 45, 70, 58, 95,
31, 65, 3, 85, 28, 64, 55, 62, 73, 70,
21, 20, 57, 82, 73, 69, 69, 15, 89, 41,
77, 78, 18, 79, 13, 77, 70, 58, 47, 94,
18, 78, 58, 22, 28, 53, 52, 50, 14, 91,
19, 35, 10, 42, 16, 49, 77, 51, 64, 65,
59, 7, 9, 77, 86, 22, 20, 55, 47, 67,
48, 65, 10, 5, 53, 38, 58, 4, 54, 38,
95, 73, 73, 71, 82, 56, 20, 58, 73, 84,
23, 31, 57, 99, 75, 42, 20, 95, 63, 33,
61]
[[663, 2931, 1828], [146, 933, 3707], [3221, 2999, 447], [2908, 3282, 3593], [3644, 2146, 3200], [1805, 2671, 2414], [2910, 3258, 525], [1809, 1822, 3308], [418, 3761, 2509], [1674, 674, 329],
[1080, 1337, 87], [2908, 2256, 1020], [3442, 1532, 846], [716, 1267, 955], [364, 1738, 3101], [3564, 3543, 2599], [2805, 3280, 1913], [157, 1145, 562], [3465, 2335, 378], [2030, 64, 1053],
[3131, 1916, 3162], [3219, 1651, 1473], [1066, 1921, 3777], [1913, 2637, 1871], [2868, 3774, 3610], [2797, 3393, 35], [1451, 3026, 3316], [3364, 3183, 1288], [3926, 3476, 3623], [1132, 2333, 514],
[2957, 1519, 3202], [2174, 793, 908], [475, 2632, 2829], [307, 600, 2294], [2951, 295, 2123], [2616, 3092, 2343], [2651, 1371, 1424], [2794, 1562, 1435], [137, 2316, 966], [587, 3448, 3299],
[1873, 2460, 1645], [1130, 1461, 2439], [2811, 1936, 1126], [2467, 3016, 2498], [816, 2022, 3565], [3711, 1465, 2713], [2882, 943, 911], [1133, 3738, 2473], [2568, 3875, 844], [361, 1290, 347],
[487, 3163, 2807], [2133, 1121, 324], [1399, 3932, 3032], [2525, 2454, 2103], [1850, 98, 952], [1470, 3809, 2417], [1010, 2746, 3361], [1921, 707, 3926], [450, 3275, 683], [2066, 464, 1973],
[2414, 951, 1964], [2048, 3084, 3085], [3144, 538, 3844], [3004, 3835, 3125], [1934, 1740, 3223], [2887, 38, 3860], [2131, 1048, 3433], [2319, 3742, 195], [2300, 1019, 298], [2984, 3085, 762],
[1784, 2326, 1713], [575, 430, 853], [487, 401, 2163], [386, 3405, 2054], [3512, 1395, 621], [3562, 1109, 659], [3477, 3240, 2480], [2966, 1615, 2277], [3933, 742, 3296], [286, 3726, 3208],
[1048, 2338, 1590], [2762, 2913, 2792], [442, 3401, 3193], [2605, 614, 3426], [1486, 953, 1648], [2108, 571, 2757], [3539, 103, 2052], [2074, 3841, 494], [1178, 3830, 1237], [1301, 171, 1790],
[565, 1992, 955], [2927, 809, 3869], [1774, 2023, 152], [1794, 1455, 1538], [1275, 2942, 2492], [2923, 1105, 3063], [1735, 699, 3938], [615, 3546, 3835], [1881, 1551, 547], [3890, 2853, 718],
[2508, 245, 3482]]
[[7, 6, 0, 8], [6, 5, 8, 8], [7, 4, 1, 9], [9, 5, 3, 0], [6, 2, 6, 5], [9, 5, 2, 9], [7, 0, 2, 10], [1, 9, 8, 6], [4, 6, 3, 8], [1, 10, 5, 6],
[3, 5, 2, 10], [10, 4, 9, 5], [4, 4, 8, 2], [9, 10, 9, 4], [9, 9, 1, 10], [7, 10, 5, 9], [3, 7, 7, 2], [6, 10, 6, 7], [4, 9, 6, 3], [2, 4, 8, 6],
[8, 6, 6, 5], [3, 4, 9, 10], [0, 10, 9, 8], [7, 2, 4, 9], [7, 9, 0, 2], [9, 7, 7, 2], [5, 2, 6, 5], [5, 1, 0, 2], [5, 4, 5, 7], [6, 3, 6, 6],
[1, 5, 1, 6], [5, 6, 4, 1], [4, 5, 1, 0], [10, 8, 3, 2], [10, 7, 7, 4], [8, 5, 5, 3], [9, 10, 10, 4], [1, 5, 8, 0], [8, 10, 6, 0], [3, 9, 1, 5],
[1, 2, 6, 0], [8, 7, 0, 8], [3, 7, 10, 0], [1, 2, 1, 8], [0, 9, 10, 10], [4, 7, 10, 10], [4, 3, 0, 7], [10, 10, 0, 0], [0, 6, 9, 8], [0, 9, 3, 3],
[3, 1, 1, 2], [3, 3, 10, 1], [1, 9, 0, 3], [4, 10, 1, 8], [1, 10, 3, 0], [7, 3, 10, 7], [7, 6, 3, 7], [5, 6, 10, 6], [5, 9, 9, 7], [1, 6, 8, 1],
[3, 7, 2, 7], [4, 3, 2, 5], [2, 5, 4, 8], [6, 3, 4, 2], [9, 7, 9, 1], [1, 6, 8, 6], [5, 6, 0, 4], [1, 9, 3, 4], [5, 6, 9, 9], [9, 1, 2, 10],
[6, 6, 7, 0], [9, 9, 2, 5], [4, 10, 7, 5], [3, 4, 9, 6], [8, 10, 0, 9], [6, 1, 1, 9], [7, 10, 5, 4], [9, 7, 1, 3], [0, 8, 3, 7], [4, 5, 2, 8],
[2, 9, 0, 6], [0, 8, 1, 8], [7, 10, 4, 0], [1, 3, 9, 8], [1, 3, 1, 10], [9, 0, 2, 9], [6, 5, 6, 0], [9, 8, 6, 0], [4, 7, 6, 2], [4, 6, 8, 9],
[5, 10, 9, 4], [3, 7, 0, 4], [8, 10, 1, 6], [0, 4, 5, 6], [7, 9, 6, 5], [4, 2, 4, 8], [7, 10, 8, 9], [3, 5, 7, 7], [4, 3, 0, 7], [8, 9, 9, 5],
[9, 0, 1, 9]]
[1, 0.05, 0.05, 0.05, 0.05, 0.05, 0.05, 0.05, 0.05, 0.05,
0.05, 0.05, 0.05, 0.05, 0.05, 0.05, 0.05, 0.05, 0.05, 0.05,
0.05, 0.0025, 0.0025, 0.0025, 0.0025, 0.0025, 0.0025, 0.0025, 0.0025, 0.0025,
0.0025, 0.0025, 0.0025, 0.0025, 0.0025, 0.0025, 0.0025, 0.0025, 0.0025, 0.0025,
0.0025, 0.000125, 0.000125, 0.000125, 0.000125, 0.000125, 0.000125, 0.000125, 0.000125, 0.000125,
0.000125, 0.000125, 0.000125, 0.000125, 0.000125, 0.000125, 0.000125, 0.000125, 0.000125, 0.000125,
0.000125, 6.25e-06, 6.25e-06, 6.25e-06, 6.25e-06, 6.25e-06, 6.25e-06, 6.25e-06, 6.25e-06, 6.25e-06,
6.25e-06, 6.25e-06, 6.25e-06, 6.25e-06, 6.25e-06, 6.25e-06, 6.25e-06, 6.25e-06, 6.25e-06, 6.25e-06,
6.25e-06, 3.125e-07, 3.125e-07, 3.125e-07, 3.125e-07, 3.125e-07, 3.125e-07, 3.125e-07, 3.125e-07, 3.125e-07,
3.125e-07, 3.125e-07, 3.125e-07, 3.125e-07, 3.125e-07, 3.125e-07, 3.125e-07, 3.125e-07, 3.125e-07, 3.125e-07,
3.125e-07]
[2, 9, 1, 2, 7, 1, 3, 2, 2, 3,
7, 7, 0, 0, 7, 8, 1, 4, 1, 1,
3, 9, 0, 5, 4, 0, 2, 1, 4, 4,
3, 4, 1, 9, 7, 5, 3, 9, 8, 0,
4, 3, 8, 3, 5, 8, 1, 5, 3, 0,
7, 3, 2, 7, 9, 4, 9, 4, 2, 4,
8, 0, 8, 5, 4, 4, 5, 5, 3, 1,
3, 0, 2, 5, 4, 6, 7, 3, 8, 8,
8, 6, 3, 6, 9, 3, 4, 8, 0, 5,
7, 9, 3, 1, 3, 5, 4, 0, 7, 7,
5]
------------------------------------------------------- 
# stage = 6	# children c = 20	length of each stage p = 1	nodes = 100	# items I = 1
