[59, 65, 48, 2, 29, 40, 45, 28, 99, 5,
1, 40, 47, 22, 62, 40, 21, 15, 27, 19,
99, 35, 84, 85, 86, 98, 16, 17, 41, 72,
58, 100, 2, 5, 2, 32, 12, 47, 60, 10,
52, 27, 17, 65, 15, 79, 72, 2, 94, 99,
22, 93, 33, 72, 43, 85, 36, 25, 68, 77,
97, 26, 77, 100, 98, 45, 98, 9, 58, 23,
87, 77, 16, 3, 7, 31, 48, 79, 33, 42,
77, 21, 0, 76, 60, 9, 27, 96, 35, 61,
72, 98, 53, 14, 63, 51, 59, 60, 26, 84,
49]
[[186, 170, 683], [208, 341, 191], [744, 829, 218], [805, 177, 710], [673, 743, 620], [719, 373, 594], [608, 385, 664], [273, 285, 634], [708, 332, 284], [701, 585, 499],
[740, 771, 74], [828, 384, 677], [161, 270, 648], [641, 217, 825], [493, 294, 114], [517, 155, 487], [515, 168, 277], [322, 441, 562], [360, 553, 36], [644, 658, 621],
[548, 803, 797], [26, 773, 585], [703, 76, 855], [494, 121, 476], [723, 614, 771], [242, 535, 330], [133, 192, 498], [410, 776, 344], [114, 540, 301], [412, 327, 102],
[176, 279, 309], [377, 305, 224], [104, 150, 562], [363, 48, 683], [839, 176, 701], [752, 418, 378], [487, 813, 832], [127, 366, 155], [733, 742, 695], [177, 297, 426],
[541, 735, 705], [850, 254, 152], [478, 620, 565], [182, 125, 613], [269, 106, 193], [374, 263, 611], [156, 750, 829], [130, 281, 337], [547, 157, 483], [385, 596, 780],
[811, 279, 657], [63, 533, 315], [215, 153, 339], [780, 597, 464], [798, 270, 833], [133, 644, 238], [149, 800, 392], [120, 334, 673], [719, 24, 234], [344, 671, 830],
[529, 28, 513], [590, 91, 188], [48, 569, 603], [649, 491, 604], [256, 693, 16], [231, 827, 64], [731, 380, 6], [265, 762, 603], [80, 623, 31], [577, 371, 702],
[549, 304, 730], [467, 37, 226], [59, 347, 795], [663, 138, 690], [671, 394, 526], [92, 29, 757], [156, 760, 279], [425, 167, 183], [170, 510, 210], [201, 229, 843],
[307, 182, 290], [441, 649, 589], [667, 709, 78], [604, 776, 478], [437, 589, 277], [367, 681, 306], [266, 242, 471], [807, 667, 42], [394, 241, 552], [604, 442, 781],
[851, 153, 106], [545, 594, 159], [276, 404, 10], [616, 412, 786], [499, 849, 518], [776, 358, 603], [486, 28, 845], [361, 835, 58], [404, 371, 299], [98, 379, 145],
[284, 635, 298]]
[[9, 3, 8, 7], [1, 9, 6, 9], [8, 6, 4, 1], [2, 2, 4, 6], [1, 10, 1, 1], [2, 7, 7, 8], [2, 8, 2, 7], [4, 4, 1, 1], [5, 10, 8, 6], [6, 1, 2, 1],
[7, 5, 3, 9], [5, 5, 3, 4], [5, 4, 5, 7], [9, 10, 2, 1], [5, 2, 6, 10], [4, 7, 9, 9], [4, 4, 3, 9], [6, 5, 8, 0], [8, 0, 8, 2], [4, 0, 6, 7],
[2, 10, 1, 1], [9, 3, 2, 2], [4, 6, 1, 8], [2, 8, 7, 5], [1, 8, 1, 7], [2, 9, 8, 9], [10, 5, 0, 1], [3, 5, 8, 5], [2, 9, 6, 0], [10, 6, 2, 1],
[1, 1, 10, 2], [9, 4, 7, 9], [1, 8, 5, 1], [6, 0, 10, 3], [3, 9, 2, 6], [3, 10, 1, 5], [6, 5, 3, 4], [1, 4, 5, 0], [3, 2, 2, 0], [4, 7, 9, 3],
[2, 3, 5, 7], [2, 2, 8, 5], [0, 0, 10, 1], [8, 9, 4, 4], [3, 8, 6, 4], [10, 9, 5, 2], [1, 5, 2, 3], [2, 0, 7, 2], [2, 10, 9, 2], [1, 7, 7, 0],
[5, 4, 10, 2], [2, 4, 4, 6], [1, 10, 8, 9], [7, 0, 0, 8], [6, 1, 9, 6], [1, 5, 8, 1], [2, 5, 3, 4], [10, 9, 2, 4], [0, 1, 6, 3], [5, 0, 9, 4],
[8, 6, 2, 4], [5, 1, 10, 0], [2, 9, 4, 1], [1, 10, 1, 4], [4, 2, 6, 1], [0, 6, 5, 10], [7, 1, 2, 0], [10, 9, 2, 5], [2, 5, 10, 7], [4, 7, 5, 6],
[3, 9, 7, 5], [7, 8, 7, 9], [0, 0, 0, 9], [6, 5, 8, 0], [4, 8, 0, 1], [6, 3, 7, 9], [6, 6, 5, 10], [0, 0, 5, 4], [7, 10, 7, 1], [6, 3, 0, 6],
[3, 9, 2, 9], [3, 9, 9, 6], [6, 8, 7, 2], [9, 3, 0, 4], [7, 3, 1, 6], [1, 4, 10, 9], [3, 6, 10, 9], [7, 8, 2, 10], [6, 5, 6, 8], [3, 2, 1, 9],
[10, 8, 9, 8], [10, 9, 10, 4], [2, 0, 10, 3], [4, 7, 10, 6], [2, 8, 2, 9], [3, 5, 6, 10], [8, 1, 5, 0], [2, 6, 7, 10], [1, 6, 8, 0], [2, 5, 3, 4],
[4, 2, 6, 8]]
[1, 0.05, 0.05, 0.05, 0.05, 0.05, 0.05, 0.05, 0.05, 0.05,
0.05, 0.05, 0.05, 0.05, 0.05, 0.05, 0.05, 0.05, 0.05, 0.05,
0.05, 0.0025, 0.0025, 0.0025, 0.0025, 0.0025, 0.0025, 0.0025, 0.0025, 0.0025,
0.0025, 0.0025, 0.0025, 0.0025, 0.0025, 0.0025, 0.0025, 0.0025, 0.0025, 0.0025,
0.0025, 0.000125, 0.000125, 0.000125, 0.000125, 0.000125, 0.000125, 0.000125, 0.000125, 0.000125,
0.000125, 0.000125, 0.000125, 0.000125, 0.000125, 0.000125, 0.000125, 0.000125, 0.000125, 0.000125,
0.000125, 6.25e-06, 6.25e-06, 6.25e-06, 6.25e-06, 6.25e-06, 6.25e-06, 6.25e-06, 6.25e-06, 6.25e-06,
6.25e-06, 6.25e-06, 6.25e-06, 6.25e-06, 6.25e-06, 6.25e-06, 6.25e-06, 6.25e-06, 6.25e-06, 6.25e-06,
6.25e-06, 3.125e-07, 3.125e-07, 3.125e-07, 3.125e-07, 3.125e-07, 3.125e-07, 3.125e-07, 3.125e-07, 3.125e-07,
3.125e-07, 3.125e-07, 3.125e-07, 3.125e-07, 3.125e-07, 3.125e-07, 3.125e-07, 3.125e-07, 3.125e-07, 3.125e-07,
3.125e-07]
[4, 7, 5, 7, 16, 5, 14, 8, 6, 8,
10, 13, 5, 11, 5, 9, 4, 5, 12, 17,
5, 15, 11, 0, 3, 1, 9, 8, 10, 9,
13, 6, 13, 7, 1, 16, 8, 6, 17, 1,
9, 13, 10, 9, 3, 16, 15, 12, 13, 14,
3, 1, 8, 10, 10, 6, 9, 14, 6, 2,
5, 4, 5, 9, 13, 11, 17, 7, 0, 10,
9, 6, 0, 0, 6, 12, 2, 12, 10, 2,
6, 1, 8, 7, 5, 13, 16, 13, 2, 1,
13, 0, 9, 1, 13, 4, 14, 2, 11, 10,
9]
------------------------------------------------------- 
# stage = 6	# children c = 20	length of each stage p = 1	nodes = 100	# items I = 1
