[94, 8, 85, 48, 94, 52, 17, 28, 90, 99,
12, 77, 11, 54, 38, 0, 2, 95, 15, 71,
58, 24, 19, 79, 77, 10, 38, 91, 88, 3,
40, 82, 78, 91, 29, 71, 9, 46, 66, 99,
11, 78, 75, 22, 31, 79, 22, 100, 73, 3,
37, 98, 94, 22, 76, 37, 33, 13, 27, 20,
83, 33, 68, 61, 91, 97, 98, 100, 9, 63,
98, 20, 6, 39, 8, 38, 17, 98, 3, 57,
0, 40, 20, 95, 29, 96, 98, 28, 75, 24,
48, 24, 23, 83, 85, 13, 79, 48, 12, 88,
11]
[[903, 637, 438], [248, 106, 853], [478, 633, 543], [416, 404, 1066], [538, 109, 804], [735, 202, 377], [294, 328, 262], [503, 240, 97], [216, 907, 132], [970, 933, 211],
[446, 1072, 85], [885, 220, 528], [637, 1035, 60], [416, 350, 802], [382, 125, 147], [422, 96, 349], [799, 727, 678], [298, 129, 154], [732, 682, 298], [864, 551, 130],
[312, 998, 439], [397, 18, 996], [925, 655, 930], [221, 1071, 517], [259, 689, 979], [407, 10, 1075], [1093, 46, 1039], [1007, 344, 67], [61, 1076, 1087], [696, 76, 874],
[62, 388, 7], [501, 21, 25], [396, 182, 1017], [563, 403, 988], [1080, 663, 913], [958, 306, 924], [168, 298, 206], [106, 205, 550], [511, 603, 525], [497, 198, 601],
[270, 260, 225], [615, 1099, 246], [640, 731, 428], [557, 193, 68], [781, 172, 1068], [593, 366, 273], [753, 872, 908], [959, 978, 349], [745, 725, 952], [170, 458, 386],
[7, 1066, 984], [570, 580, 218], [816, 119, 949], [481, 1013, 42], [549, 693, 551], [516, 523, 154], [25, 512, 1026], [169, 708, 139], [519, 352, 865], [707, 859, 559],
[330, 103, 524], [550, 673, 3], [768, 725, 460], [616, 105, 372], [995, 991, 302], [783, 743, 825], [937, 768, 573], [98, 174, 180], [574, 693, 870], [338, 636, 628],
[898, 966, 1068], [658, 415, 640], [662, 82, 265], [21, 1036, 707], [730, 166, 598], [1032, 185, 240], [1093, 21, 245], [566, 456, 419], [1083, 1031, 348], [852, 605, 984],
[717, 739, 86], [684, 297, 501], [561, 195, 921], [62, 216, 92], [769, 182, 258], [603, 114, 444], [844, 106, 802], [325, 1009, 495], [744, 992, 425], [328, 1080, 266],
[211, 696, 1006], [297, 617, 539], [35, 77, 734], [192, 476, 186], [284, 144, 368], [879, 1085, 482], [222, 828, 926], [261, 389, 70], [756, 32, 1062], [417, 697, 278],
[683, 144, 210]]
[[6, 6, 10, 0], [7, 9, 9, 5], [9, 1, 1, 6], [7, 6, 5, 6], [7, 5, 4, 10], [6, 10, 7, 6], [5, 2, 0, 1], [10, 4, 10, 3], [8, 8, 3, 2], [6, 1, 7, 2],
[3, 7, 9, 8], [0, 3, 4, 8], [7, 6, 7, 0], [3, 1, 6, 8], [4, 6, 7, 1], [8, 7, 4, 4], [4, 7, 6, 8], [6, 1, 0, 7], [6, 9, 5, 6], [10, 9, 3, 4],
[4, 9, 4, 7], [10, 8, 2, 1], [2, 7, 0, 8], [3, 4, 1, 5], [9, 6, 1, 5], [7, 1, 10, 2], [8, 2, 8, 5], [0, 10, 8, 2], [6, 1, 7, 3], [8, 7, 3, 10],
[4, 3, 7, 5], [6, 7, 0, 4], [2, 1, 7, 7], [0, 7, 7, 6], [9, 2, 9, 8], [10, 6, 8, 3], [8, 3, 7, 3], [8, 8, 0, 1], [0, 7, 7, 6], [1, 5, 0, 1],
[4, 5, 6, 2], [1, 2, 8, 9], [3, 6, 6, 2], [2, 1, 6, 8], [2, 0, 0, 0], [8, 0, 1, 8], [5, 6, 2, 5], [9, 0, 4, 0], [5, 0, 2, 5], [2, 8, 3, 3],
[4, 7, 6, 4], [6, 10, 10, 9], [10, 10, 9, 7], [8, 8, 2, 0], [2, 2, 3, 9], [2, 8, 10, 6], [8, 1, 0, 8], [10, 3, 1, 1], [8, 5, 5, 3], [2, 4, 1, 1],
[1, 8, 6, 7], [6, 6, 5, 6], [9, 7, 4, 9], [4, 3, 4, 10], [3, 2, 5, 0], [3, 4, 10, 0], [7, 4, 2, 9], [6, 3, 10, 5], [1, 3, 10, 5], [10, 2, 0, 8],
[9, 4, 4, 0], [6, 7, 8, 9], [9, 3, 7, 2], [5, 6, 0, 2], [8, 2, 0, 1], [4, 9, 6, 3], [1, 3, 8, 0], [3, 6, 6, 2], [10, 0, 0, 5], [7, 9, 1, 3],
[10, 6, 5, 4], [1, 4, 6, 9], [6, 7, 10, 10], [5, 3, 2, 6], [4, 8, 5, 8], [3, 0, 8, 3], [9, 8, 6, 3], [6, 6, 7, 3], [1, 10, 8, 1], [3, 3, 10, 8],
[8, 8, 7, 0], [9, 8, 5, 3], [5, 10, 9, 7], [8, 6, 10, 5], [3, 3, 8, 8], [7, 2, 0, 7], [0, 6, 8, 1], [10, 5, 9, 5], [0, 4, 6, 10], [10, 0, 0, 4],
[8, 9, 0, 5]]
[1, 0.05, 0.05, 0.05, 0.05, 0.05, 0.05, 0.05, 0.05, 0.05,
0.05, 0.05, 0.05, 0.05, 0.05, 0.05, 0.05, 0.05, 0.05, 0.05,
0.05, 0.0025, 0.0025, 0.0025, 0.0025, 0.0025, 0.0025, 0.0025, 0.0025, 0.0025,
0.0025, 0.0025, 0.0025, 0.0025, 0.0025, 0.0025, 0.0025, 0.0025, 0.0025, 0.0025,
0.0025, 0.000125, 0.000125, 0.000125, 0.000125, 0.000125, 0.000125, 0.000125, 0.000125, 0.000125,
0.000125, 0.000125, 0.000125, 0.000125, 0.000125, 0.000125, 0.000125, 0.000125, 0.000125, 0.000125,
0.000125, 6.25e-06, 6.25e-06, 6.25e-06, 6.25e-06, 6.25e-06, 6.25e-06, 6.25e-06, 6.25e-06, 6.25e-06,
6.25e-06, 6.25e-06, 6.25e-06, 6.25e-06, 6.25e-06, 6.25e-06, 6.25e-06, 6.25e-06, 6.25e-06, 6.25e-06,
6.25e-06, 3.125e-07, 3.125e-07, 3.125e-07, 3.125e-07, 3.125e-07, 3.125e-07, 3.125e-07, 3.125e-07, 3.125e-07,
3.125e-07, 3.125e-07, 3.125e-07, 3.125e-07, 3.125e-07, 3.125e-07, 3.125e-07, 3.125e-07, 3.125e-07, 3.125e-07,
3.125e-07]
[8, 3, 11, 1, 6, 1, 4, 6, 10, 0,
8, 9, 5, 11, 4, 4, 6, 5, 6, 6,
4, 7, 5, 0, 6, 0, 11, 0, 1, 0,
6, 10, 0, 7, 2, 2, 5, 8, 4, 2,
8, 5, 4, 3, 8, 7, 8, 4, 2, 6,
8, 7, 10, 4, 7, 9, 8, 6, 3, 2,
9, 10, 11, 5, 9, 2, 3, 11, 5, 0,
9, 0, 7, 10, 8, 2, 2, 6, 3, 11,
6, 10, 10, 7, 9, 0, 1, 5, 6, 11,
4, 3, 10, 3, 4, 5, 3, 4, 6, 9,
11]
------------------------------------------------------- 
# stage = 6	# children c = 20	length of each stage p = 1	nodes = 100	# items I = 1
