[53, 80, 80, 76, 77, 46, 53, 27, 14, 14,
77, 2, 68, 95, 19, 100, 0, 56, 3, 31,
58, 10, 61, 84, 18, 48, 44, 66, 15, 9,
98, 69, 56, 43, 10, 99, 56, 29, 92, 36,
44, 69, 5, 11, 29, 24, 77, 29, 47, 80,
26, 71, 56, 53, 55, 74, 67, 65, 5, 83,
40, 69, 17, 62, 78, 27, 61, 100, 56, 52,
36]
[[38, 1751, 799], [1987, 956, 37], [1644, 2167, 410], [977, 1100, 1922], [1459, 1676, 1245], [561, 1846, 2076], [1841, 1332, 796], [1586, 331, 681], [912, 392, 913], [1737, 1573, 1394],
[1603, 1611, 1407], [664, 1861, 625], [701, 1335, 1055], [1112, 574, 2155], [1296, 2033, 1661], [803, 425, 1338], [709, 528, 932], [1937, 2114, 1695], [448, 857, 2088], [1793, 856, 1491],
[1449, 289, 1365], [1118, 953, 1056], [6, 2086, 653], [1061, 1028, 1227], [1478, 587, 1090], [970, 1390, 1515], [570, 362, 306], [1934, 561, 250], [1460, 1010, 1539], [1378, 1065, 225],
[1131, 777, 946], [758, 157, 161], [76, 163, 78], [729, 1656, 1538], [1956, 965, 2125], [877, 197, 1346], [654, 767, 2140], [960, 531, 531], [1643, 253, 1973], [1012, 2063, 1301],
[1670, 1457, 340], [446, 45, 497], [608, 122, 661], [1118, 851, 147], [486, 1070, 1544], [442, 1947, 1741], [50, 863, 770], [452, 86, 1734], [983, 2161, 1987], [1219, 1435, 1881],
[350, 935, 1168], [690, 1814, 1645], [1187, 684, 1767], [110, 1802, 881], [690, 118, 1951], [64, 992, 2160], [68, 1474, 1285], [838, 1926, 1371], [402, 740, 1794], [652, 221, 1060],
[363, 571, 257], [1963, 1693, 2071], [1438, 1142, 1017], [1468, 1253, 1081], [179, 205, 1200], [392, 269, 454], [382, 337, 1929], [1667, 1608, 1685], [1301, 272, 687], [925, 924, 908],
[1985, 1287, 1911]]
[[10, 3, 9, 1], [9, 8, 3, 9], [4, 0, 0, 10], [10, 5, 6, 7], [3, 6, 10, 2], [8, 10, 8, 5], [6, 9, 3, 7], [10, 10, 0, 10], [3, 7, 9, 10], [5, 0, 9, 9],
[9, 7, 8, 9], [10, 1, 3, 2], [5, 1, 4, 3], [0, 10, 6, 6], [6, 9, 3, 4], [8, 1, 3, 9], [9, 10, 9, 3], [10, 5, 10, 7], [1, 6, 5, 0], [5, 8, 1, 0],
[9, 5, 3, 8], [3, 9, 3, 7], [5, 4, 0, 2], [4, 1, 1, 2], [1, 8, 3, 9], [2, 0, 5, 3], [6, 8, 1, 1], [6, 2, 1, 2], [6, 2, 10, 7], [9, 1, 3, 3],
[3, 4, 3, 7], [5, 2, 7, 6], [10, 8, 3, 10], [7, 6, 0, 2], [4, 2, 1, 8], [2, 0, 8, 8], [2, 8, 4, 0], [7, 8, 1, 10], [1, 5, 5, 4], [5, 10, 9, 3],
[6, 1, 2, 2], [5, 3, 4, 9], [3, 4, 4, 5], [4, 2, 1, 7], [10, 5, 5, 4], [0, 5, 1, 10], [8, 4, 4, 2], [4, 2, 5, 10], [1, 6, 10, 6], [7, 1, 5, 8],
[5, 9, 2, 10], [9, 3, 4, 6], [7, 7, 10, 7], [1, 1, 7, 9], [3, 9, 1, 7], [0, 4, 4, 1], [8, 3, 7, 2], [5, 10, 10, 8], [7, 2, 7, 5], [3, 9, 1, 10],
[6, 9, 5, 7], [8, 1, 4, 1], [10, 5, 6, 8], [7, 0, 7, 3], [1, 3, 5, 4], [1, 5, 2, 6], [5, 7, 9, 6], [6, 8, 6, 10], [7, 0, 4, 4], [10, 8, 3, 7],
[0, 10, 4, 6]]
[1, 0.1, 0.1, 0.1, 0.1, 0.1, 0.1, 0.1, 0.1, 0.1,
0.1, 0.01, 0.01, 0.01, 0.01, 0.01, 0.01, 0.01, 0.01, 0.01,
0.01, 0.001, 0.001, 0.001, 0.001, 0.001, 0.001, 0.001, 0.001, 0.001,
0.001, 0.0001, 0.0001, 0.0001, 0.0001, 0.0001, 0.0001, 0.0001, 0.0001, 0.0001,
0.0001, 1e-05, 1e-05, 1e-05, 1e-05, 1e-05, 1e-05, 1e-05, 1e-05, 1e-05,
1e-05, 1e-06, 1e-06, 1e-06, 1e-06, 1e-06, 1e-06, 1e-06, 1e-06, 1e-06,
1e-06, 1e-07, 1e-07, 1e-07, 1e-07, 1e-07, 1e-07, 1e-07, 1e-07, 1e-07,
1e-07]
[9, 1, 0, 9, 0, 3, 3, 10, 8, 7,
8, 4, 1, 2, 2, 2, 0, 9, 7, 7,
3, 8, 0, 0, 4, 6, 2, 8, 0, 3,
10, 2, 6, 7, 7, 5, 8, 3, 5, 5,
10, 9, 4, 2, 4, 8, 8, 10, 10, 1,
3, 1, 5, 8, 7, 7, 7, 6, 0, 6,
1, 4, 0, 8, 3, 1, 1, 5, 6, 3,
1]
------------------------------------------------------- 
# stage = 8	# children c = 10	length of each stage p = 1	nodes = 70	# items I = 1
