[29, 4, 17, 46, 49, 67, 21, 38, 46, 15,
63, 4, 12, 69, 11, 31, 62, 37, 86, 2,
82, 5, 81, 61, 47, 99, 3, 34, 79, 63,
100, 8, 33, 16, 20, 82, 49, 41, 19, 96,
23, 82, 66, 35, 17, 77, 32, 79, 80, 17,
48, 27, 90, 95, 88, 36, 93, 57, 36, 72,
19]
[[500, 860, 129], [1165, 1322, 1226], [1454, 1207, 568], [744, 940, 1455], [442, 1595, 672], [1261, 1381, 940], [1242, 1031, 714], [426, 1513, 974], [494, 90, 907], [1199, 452, 911],
[1532, 952, 125], [1541, 351, 1448], [1121, 159, 1009], [44, 903, 183], [1379, 1226, 12], [406, 841, 1393], [1226, 317, 658], [174, 623, 526], [1149, 1117, 496], [290, 551, 948],
[1201, 317, 134], [1326, 212, 366], [1008, 1213, 405], [251, 1137, 1189], [314, 871, 769], [326, 1157, 1490], [1600, 617, 161], [612, 791, 664], [1018, 174, 135], [1394, 464, 566],
[696, 1545, 883], [711, 1106, 975], [1077, 468, 543], [1362, 600, 1560], [905, 794, 665], [28, 1001, 56], [1398, 955, 673], [1439, 1447, 1345], [457, 820, 1519], [473, 568, 218],
[1039, 1145, 117], [157, 90, 1223], [1132, 1047, 1572], [1555, 763, 406], [1350, 23, 1200], [369, 1577, 435], [426, 1330, 1390], [979, 1003, 1192], [678, 1461, 246], [432, 288, 694],
[530, 1207, 73], [647, 1364, 163], [105, 731, 1210], [1557, 520, 208], [197, 224, 111], [1277, 594, 1568], [67, 900, 1132], [1457, 233, 490], [883, 912, 305], [1129, 1224, 473],
[178, 108, 34]]
[[7, 0, 7, 8], [3, 3, 3, 9], [5, 6, 4, 1], [6, 7, 6, 7], [1, 9, 7, 2], [6, 5, 10, 4], [0, 1, 2, 4], [3, 4, 0, 10], [2, 5, 5, 5], [9, 9, 1, 1],
[2, 4, 2, 9], [0, 7, 5, 2], [3, 0, 4, 7], [5, 1, 0, 4], [2, 0, 8, 3], [2, 7, 1, 4], [1, 6, 7, 8], [2, 7, 9, 5], [0, 1, 1, 0], [6, 6, 2, 7],
[4, 4, 3, 10], [5, 3, 1, 6], [2, 7, 9, 4], [3, 8, 9, 3], [2, 3, 0, 4], [10, 10, 7, 10], [9, 6, 9, 2], [2, 0, 7, 6], [5, 10, 3, 8], [0, 2, 1, 2],
[10, 0, 5, 0], [6, 1, 3, 8], [4, 2, 0, 2], [10, 7, 10, 8], [3, 8, 8, 3], [9, 4, 7, 1], [1, 9, 7, 1], [0, 9, 2, 8], [7, 7, 9, 2], [8, 10, 0, 10],
[1, 0, 1, 0], [5, 1, 6, 6], [9, 1, 9, 5], [3, 4, 4, 4], [0, 1, 4, 0], [10, 4, 7, 4], [0, 5, 6, 6], [4, 4, 3, 4], [2, 3, 2, 8], [2, 7, 3, 9],
[6, 0, 4, 10], [2, 6, 3, 2], [7, 7, 0, 4], [0, 7, 8, 9], [10, 2, 2, 2], [6, 6, 6, 9], [7, 6, 4, 9], [0, 5, 7, 7], [3, 9, 6, 5], [5, 9, 5, 10],
[4, 6, 4, 2]]
[1, 0.1, 0.1, 0.1, 0.1, 0.1, 0.1, 0.1, 0.1, 0.1,
0.1, 0.01, 0.01, 0.01, 0.01, 0.01, 0.01, 0.01, 0.01, 0.01,
0.01, 0.001, 0.001, 0.001, 0.001, 0.001, 0.001, 0.001, 0.001, 0.001,
0.001, 0.0001, 0.0001, 0.0001, 0.0001, 0.0001, 0.0001, 0.0001, 0.0001, 0.0001,
0.0001, 1e-05, 1e-05, 1e-05, 1e-05, 1e-05, 1e-05, 1e-05, 1e-05, 1e-05,
1e-05, 1e-06, 1e-06, 1e-06, 1e-06, 1e-06, 1e-06, 1e-06, 1e-06, 1e-06,
1e-06]
[0, 2, 3, 5, 0, 8, 4, 3, 1, 8,
8, 3, 6, 0, 1, 1, 8, 8, 5, 6,
8, 5, 0, 7, 1, 7, 7, 0, 1, 0,
5, 2, 2, 2, 3, 2, 1, 4, 5, 1,
5, 3, 1, 4, 8, 0, 3, 5, 8, 3,
4, 4, 3, 5, 7, 0, 4, 3, 2, 1,
0]
------------------------------------------------------- 
# stage = 7	# children c = 10	length of each stage p = 1	nodes = 60	# items I = 1
