[83, 98, 57, 82, 69, 13, 84, 54, 40, 98,
83, 86, 55, 20, 97, 10, 98, 41, 38, 94,
50, 46, 8, 89, 74, 59, 63, 91, 25, 63,
18, 74, 60, 41, 55, 96, 54, 39, 15, 95,
2, 98, 80, 24, 85, 76, 34, 82, 84, 73,
42, 33, 85, 50, 88, 58, 75, 50, 14, 66,
79, 32, 39, 5, 73, 95, 67, 27, 100, 82,
21, 1, 45, 67, 25, 29, 9, 26, 78, 59,
99]
[[3121, 207, 3244], [3731, 663, 3206], [2738, 346, 3791], [847, 1415, 252], [2842, 1134, 1453], [411, 295, 2206], [1976, 2227, 2640], [2258, 2969, 1458], [3764, 2764, 3290], [2748, 1451, 3624],
[2137, 622, 3764], [1432, 472, 545], [756, 3210, 892], [598, 107, 2239], [850, 2949, 3305], [2235, 3360, 3600], [491, 1387, 1946], [3132, 3645, 1033], [708, 3527, 3729], [48, 2325, 1298],
[3672, 580, 1853], [3486, 2012, 2325], [150, 2701, 1585], [974, 3299, 1625], [3145, 199, 692], [2568, 2366, 103], [2286, 2857, 1422], [350, 2107, 1185], [1316, 2747, 762], [1163, 2795, 3087],
[2394, 2518, 3599], [365, 2122, 1730], [2622, 2204, 549], [325, 3110, 3848], [1950, 2373, 97], [2575, 1059, 2463], [2610, 3346, 1438], [150, 3628, 3546], [1267, 994, 2343], [2029, 2158, 1189],
[1166, 602, 3707], [883, 967, 1947], [2545, 3521, 202], [3094, 3846, 3312], [2992, 1847, 1804], [3089, 472, 2863], [1670, 3082, 2259], [3041, 3232, 2006], [2637, 617, 2932], [1098, 2578, 1208],
[2287, 3676, 1742], [2044, 609, 2641], [42, 3155, 2280], [244, 2367, 2245], [3556, 1410, 142], [1478, 617, 614], [392, 2220, 3696], [2651, 1379, 2978], [707, 134, 3595], [3640, 1164, 2223],
[898, 3452, 2017], [2641, 1614, 2626], [1400, 1588, 1831], [3613, 1832, 249], [1976, 1507, 1659], [2050, 2917, 2208], [2664, 3241, 546], [2410, 2011, 1857], [1506, 2650, 1991], [1151, 2408, 3156],
[3374, 3239, 2658], [1509, 1930, 322], [185, 3262, 1911], [1949, 2993, 3743], [2198, 1019, 1300], [3857, 3069, 268], [2183, 1783, 3509], [2662, 311, 1570], [637, 1749, 339], [2629, 2900, 2679],
[1835, 2392, 2036]]
[[3, 2, 1, 8], [5, 7, 8, 8], [6, 5, 2, 0], [1, 10, 1, 7], [5, 7, 0, 4], [9, 1, 2, 3], [1, 9, 8, 4], [3, 8, 5, 4], [0, 4, 10, 3], [1, 7, 9, 7],
[10, 9, 5, 9], [8, 4, 6, 0], [0, 6, 4, 7], [5, 5, 0, 5], [1, 8, 9, 2], [4, 2, 6, 2], [6, 3, 3, 5], [8, 1, 10, 7], [0, 5, 5, 6], [9, 9, 5, 10],
[3, 9, 6, 8], [1, 4, 2, 2], [0, 10, 2, 4], [10, 8, 4, 3], [9, 7, 9, 6], [6, 8, 2, 4], [0, 6, 0, 8], [4, 3, 7, 7], [10, 0, 3, 1], [5, 5, 1, 3],
[2, 4, 7, 1], [10, 9, 5, 9], [5, 1, 2, 0], [7, 3, 3, 8], [9, 3, 5, 0], [4, 10, 8, 3], [8, 9, 4, 2], [3, 4, 3, 4], [6, 8, 5, 5], [6, 8, 1, 9],
[9, 2, 10, 4], [5, 0, 1, 3], [1, 4, 3, 5], [1, 9, 8, 9], [7, 0, 10, 9], [4, 2, 2, 10], [0, 5, 2, 4], [1, 2, 3, 8], [4, 0, 1, 9], [0, 0, 10, 1],
[2, 2, 6, 3], [10, 3, 0, 4], [3, 10, 2, 5], [10, 2, 4, 10], [6, 5, 2, 5], [7, 5, 2, 9], [5, 2, 5, 5], [2, 4, 6, 3], [4, 1, 6, 3], [2, 4, 8, 6],
[3, 8, 9, 1], [9, 3, 0, 2], [6, 0, 7, 0], [5, 9, 9, 10], [9, 1, 4, 10], [5, 8, 2, 9], [9, 6, 0, 1], [0, 6, 5, 1], [3, 3, 2, 10], [4, 1, 1, 10],
[1, 8, 8, 7], [5, 4, 6, 1], [5, 9, 0, 10], [6, 2, 7, 3], [9, 7, 4, 7], [2, 7, 8, 3], [8, 0, 3, 2], [1, 2, 10, 0], [9, 8, 7, 1], [10, 1, 2, 5],
[8, 3, 2, 3]]
[1, 0.05, 0.05, 0.05, 0.05, 0.05, 0.05, 0.05, 0.05, 0.05,
0.05, 0.05, 0.05, 0.05, 0.05, 0.05, 0.05, 0.05, 0.05, 0.05,
0.05, 0.0025, 0.0025, 0.0025, 0.0025, 0.0025, 0.0025, 0.0025, 0.0025, 0.0025,
0.0025, 0.0025, 0.0025, 0.0025, 0.0025, 0.0025, 0.0025, 0.0025, 0.0025, 0.0025,
0.0025, 0.000125, 0.000125, 0.000125, 0.000125, 0.000125, 0.000125, 0.000125, 0.000125, 0.000125,
0.000125, 0.000125, 0.000125, 0.000125, 0.000125, 0.000125, 0.000125, 0.000125, 0.000125, 0.000125,
0.000125, 6.25e-06, 6.25e-06, 6.25e-06, 6.25e-06, 6.25e-06, 6.25e-06, 6.25e-06, 6.25e-06, 6.25e-06,
6.25e-06, 6.25e-06, 6.25e-06, 6.25e-06, 6.25e-06, 6.25e-06, 6.25e-06, 6.25e-06, 6.25e-06, 6.25e-06,
6.25e-06]
[19, 15, 9, 12, 6, 10, 3, 0, 1, 6,
18, 2, 13, 13, 17, 13, 10, 17, 3, 1,
19, 15, 3, 7, 12, 8, 13, 18, 7, 14,
18, 4, 0, 19, 3, 16, 4, 9, 11, 15,
6, 14, 10, 18, 19, 13, 12, 18, 12, 7,
10, 2, 18, 6, 12, 13, 10, 10, 3, 10,
12, 12, 13, 8, 19, 5, 2, 17, 11, 11,
17, 6, 16, 12, 16, 14, 9, 5, 16, 12,
1]
------------------------------------------------------- 
# stage = 5	# children c = 20	length of each stage p = 1	nodes = 80	# items I = 1
