[49, 65, 50, 99, 80, 43, 28, 41, 3, 36,
48, 92, 47, 28, 78, 82, 21, 17, 25, 18,
72, 19, 2, 30, 25, 83, 39, 73, 23, 63,
38, 73, 28, 89, 71, 74, 98, 65, 82, 1,
67, 96, 59, 14, 23, 36, 96, 11, 20, 21,
96, 58, 6, 98, 88, 31, 46, 93, 4, 70,
56, 8, 42, 50, 97, 79, 23, 61, 10, 4,
62, 77, 100, 87, 91, 90, 89, 87, 0, 8,
74, 62, 33, 80, 59, 87, 11, 4, 80, 82,
40, 35, 56, 48, 85, 53, 94, 7, 80, 3,
79, 7, 80, 44, 94, 71, 33, 82, 23, 100,
57, 97, 61, 90, 76, 86, 76, 53, 91, 55,
0, 30, 56, 57, 79, 40, 76, 72, 14, 55,
75, 59, 28, 20, 2, 21, 91, 36, 69, 80,
1]
[[839, 154, 602], [1004, 307, 1307], [304, 268, 717], [1156, 1833, 1094], [1001, 1447, 931], [668, 1013, 1577], [1433, 1009, 1252], [1852, 207, 989], [1152, 1625, 1339], [846, 485, 996],
[987, 1102, 929], [1590, 1884, 1236], [931, 0, 1282], [1648, 935, 1149], [554, 1936, 409], [1486, 638, 1422], [875, 1849, 465], [1906, 1736, 451], [929, 700, 110], [303, 1324, 373],
[1299, 346, 1253], [262, 1936, 1172], [1276, 901, 950], [371, 361, 1885], [1520, 915, 1634], [1929, 213, 84], [1164, 867, 1712], [1407, 807, 1260], [1858, 1736, 1960], [2, 73, 1097],
[375, 1151, 1443], [1407, 1191, 1191], [613, 280, 1870], [1341, 651, 265], [1039, 205, 958], [707, 1913, 1172], [791, 889, 73], [315, 330, 658], [1575, 223, 428], [1570, 3, 280],
[701, 157, 1431], [1922, 1564, 656], [925, 1955, 936], [829, 1330, 1365], [872, 181, 1349], [1830, 666, 1296], [814, 1236, 219], [665, 1551, 549], [1323, 1161, 550], [1752, 543, 554],
[1810, 1022, 489], [1275, 756, 87], [1709, 1681, 76], [458, 544, 1184], [1823, 1416, 1144], [1206, 1280, 1810], [314, 129, 1080], [533, 794, 444], [861, 1896, 1605], [1189, 1460, 1926],
[1521, 1304, 982], [44, 613, 1738], [131, 134, 1453], [1951, 370, 31], [1170, 228, 1225], [348, 1212, 317], [1936, 1527, 224], [829, 1838, 1019], [1273, 511, 727], [690, 1701, 221],
[650, 1256, 1525], [1632, 1079, 1916], [1182, 1210, 84], [669, 1196, 455], [478, 178, 461], [1481, 526, 1673], [1798, 274, 1012], [57, 1103, 663], [854, 188, 952], [1581, 878, 465],
[1802, 1306, 1500], [1361, 750, 613], [1311, 1932, 1823], [1173, 413, 831], [1406, 669, 1009], [1867, 184, 1313], [1353, 17, 1588], [177, 1818, 503], [618, 706, 692], [1571, 99, 1348],
[70, 1901, 689], [1570, 1074, 1439], [1961, 197, 1406], [1819, 1370, 1597], [684, 811, 301], [1472, 490, 485], [819, 1843, 280], [441, 1799, 132], [945, 451, 616], [1415, 56, 715],
[797, 1871, 428], [1486, 1253, 1502], [738, 1249, 1699], [178, 880, 1104], [1553, 1564, 1693], [1854, 848, 217], [152, 1668, 1839], [432, 1887, 1672], [343, 644, 157], [737, 93, 1958],
[1453, 891, 1863], [1881, 189, 1150], [1196, 927, 211], [929, 883, 1091], [1811, 471, 468], [1538, 137, 1316], [1534, 289, 1018], [1185, 500, 940], [891, 843, 1584], [826, 1358, 1456],
[596, 845, 159], [493, 539, 126], [1422, 1513, 1054], [1411, 476, 1715], [537, 100, 1964], [1005, 1416, 1880], [355, 984, 203], [1152, 203, 481], [1870, 872, 1324], [1266, 1477, 495],
[756, 107, 1118], [915, 379, 1435], [820, 1579, 982], [1652, 1024, 1237], [1401, 1561, 1337], [1178, 378, 787], [1092, 512, 1550], [1073, 1442, 1531], [1555, 1346, 216], [691, 646, 1693],
[1186, 1181, 1578]]
[[6, 8, 1, 6], [0, 10, 0, 2], [7, 5, 9, 10], [0, 5, 10, 3], [6, 3, 3, 2], [5, 6, 5, 10], [10, 9, 9, 7], [8, 2, 5, 2], [0, 4, 8, 0], [4, 6, 0, 9],
[10, 7, 8, 10], [1, 5, 0, 7], [6, 2, 7, 9], [8, 1, 9, 5], [8, 7, 1, 6], [9, 5, 8, 9], [9, 3, 7, 0], [10, 8, 10, 9], [4, 5, 6, 4], [0, 6, 0, 4],
[8, 8, 3, 4], [7, 1, 9, 5], [8, 9, 0, 6], [1, 6, 3, 10], [9, 10, 0, 6], [5, 8, 2, 8], [2, 8, 1, 0], [2, 10, 5, 8], [5, 8, 10, 2], [7, 7, 5, 4],
[3, 3, 8, 4], [9, 9, 1, 5], [7, 10, 1, 1], [7, 1, 7, 8], [8, 6, 8, 8], [6, 2, 5, 9], [8, 3, 0, 4], [8, 3, 6, 9], [6, 2, 2, 4], [0, 1, 8, 7],
[1, 7, 7, 6], [8, 3, 3, 5], [10, 1, 2, 3], [1, 6, 1, 8], [7, 0, 10, 4], [3, 6, 2, 10], [8, 2, 3, 8], [3, 9, 3, 2], [5, 10, 9, 3], [2, 1, 8, 1],
[0, 9, 2, 0], [4, 4, 8, 0], [4, 7, 4, 5], [0, 4, 4, 8], [4, 6, 4, 5], [4, 7, 8, 10], [6, 6, 0, 6], [5, 8, 6, 4], [4, 8, 4, 8], [1, 10, 6, 3],
[4, 8, 9, 3], [1, 2, 0, 5], [6, 2, 9, 0], [7, 6, 8, 2], [10, 8, 7, 2], [3, 2, 6, 8], [10, 8, 3, 10], [5, 10, 2, 10], [7, 9, 2, 7], [10, 0, 10, 5],
[1, 8, 3, 8], [1, 0, 9, 0], [6, 5, 1, 10], [7, 7, 5, 4], [3, 8, 3, 8], [5, 4, 5, 0], [0, 5, 5, 10], [4, 4, 3, 5], [0, 6, 0, 10], [5, 7, 0, 0],
[1, 1, 10, 6], [6, 2, 9, 9], [0, 10, 5, 3], [3, 10, 3, 2], [5, 6, 1, 7], [0, 4, 1, 9], [9, 10, 8, 3], [7, 6, 3, 6], [5, 1, 2, 1], [1, 0, 8, 10],
[10, 2, 3, 1], [2, 4, 3, 5], [0, 2, 1, 9], [5, 0, 5, 3], [8, 2, 4, 4], [7, 5, 0, 1], [4, 0, 0, 6], [9, 9, 5, 6], [0, 6, 7, 0], [0, 8, 3, 9],
[9, 2, 7, 3], [0, 1, 4, 9], [1, 6, 2, 8], [0, 0, 8, 3], [0, 8, 9, 9], [6, 1, 3, 5], [6, 10, 3, 6], [6, 7, 2, 4], [7, 9, 5, 8], [8, 9, 4, 9],
[2, 6, 5, 2], [5, 2, 3, 3], [10, 1, 0, 6], [1, 3, 9, 7], [0, 1, 0, 6], [6, 2, 8, 1], [9, 2, 9, 6], [9, 2, 2, 0], [6, 7, 1, 9], [9, 4, 2, 7],
[4, 2, 0, 3], [5, 9, 8, 3], [8, 8, 10, 2], [8, 5, 3, 6], [8, 10, 10, 4], [10, 1, 3, 3], [9, 2, 2, 5], [6, 2, 1, 8], [2, 1, 0, 7], [8, 6, 8, 6],
[3, 7, 8, 0], [2, 9, 4, 8], [8, 3, 10, 7], [5, 2, 10, 1], [2, 10, 4, 9], [1, 6, 4, 3], [5, 3, 8, 3], [9, 6, 9, 0], [0, 4, 9, 0], [2, 3, 6, 8],
[4, 6, 4, 7]]
[1, 0.05, 0.05, 0.05, 0.05, 0.05, 0.05, 0.05, 0.05, 0.05,
0.05, 0.05, 0.05, 0.05, 0.05, 0.05, 0.05, 0.05, 0.05, 0.05,
0.05, 0.0025, 0.0025, 0.0025, 0.0025, 0.0025, 0.0025, 0.0025, 0.0025, 0.0025,
0.0025, 0.0025, 0.0025, 0.0025, 0.0025, 0.0025, 0.0025, 0.0025, 0.0025, 0.0025,
0.0025, 0.000125, 0.000125, 0.000125, 0.000125, 0.000125, 0.000125, 0.000125, 0.000125, 0.000125,
0.000125, 0.000125, 0.000125, 0.000125, 0.000125, 0.000125, 0.000125, 0.000125, 0.000125, 0.000125,
0.000125, 6.25e-06, 6.25e-06, 6.25e-06, 6.25e-06, 6.25e-06, 6.25e-06, 6.25e-06, 6.25e-06, 6.25e-06,
6.25e-06, 6.25e-06, 6.25e-06, 6.25e-06, 6.25e-06, 6.25e-06, 6.25e-06, 6.25e-06, 6.25e-06, 6.25e-06,
6.25e-06, 3.125e-07, 3.125e-07, 3.125e-07, 3.125e-07, 3.125e-07, 3.125e-07, 3.125e-07, 3.125e-07, 3.125e-07,
3.125e-07, 3.125e-07, 3.125e-07, 3.125e-07, 3.125e-07, 3.125e-07, 3.125e-07, 3.125e-07, 3.125e-07, 3.125e-07,
3.125e-07, 1.5625e-08, 1.5625e-08, 1.5625e-08, 1.5625e-08, 1.5625e-08, 1.5625e-08, 1.5625e-08, 1.5625e-08, 1.5625e-08,
1.5625e-08, 1.5625e-08, 1.5625e-08, 1.5625e-08, 1.5625e-08, 1.5625e-08, 1.5625e-08, 1.5625e-08, 1.5625e-08, 1.5625e-08,
1.5625e-08, 7.8125e-10, 7.8125e-10, 7.8125e-10, 7.8125e-10, 7.8125e-10, 7.8125e-10, 7.8125e-10, 7.8125e-10, 7.8125e-10,
7.8125e-10, 7.8125e-10, 7.8125e-10, 7.8125e-10, 7.8125e-10, 7.8125e-10, 7.8125e-10, 7.8125e-10, 7.8125e-10, 7.8125e-10,
7.8125e-10]
[8, 16, 14, 18, 16, 10, 10, 14, 3, 17,
6, 1, 10, 13, 14, 17, 1, 3, 17, 0,
8, 2, 12, 10, 15, 0, 6, 17, 14, 0,
7, 16, 16, 8, 17, 18, 11, 7, 16, 2,
9, 4, 15, 15, 3, 11, 17, 11, 10, 18,
0, 17, 16, 19, 14, 8, 16, 2, 6, 13,
5, 5, 15, 0, 0, 18, 7, 7, 12, 0,
0, 2, 14, 11, 14, 14, 13, 6, 0, 19,
16, 4, 16, 11, 10, 8, 4, 10, 7, 3,
10, 5, 1, 5, 9, 5, 5, 13, 12, 2,
8, 16, 5, 3, 12, 18, 15, 18, 7, 1,
19, 7, 19, 18, 17, 6, 15, 9, 5, 4,
18, 12, 19, 14, 14, 7, 14, 10, 19, 18,
12, 13, 11, 19, 7, 6, 11, 3, 1, 0,
6]
------------------------------------------------------- 
# stage = 8	# children c = 20	length of each stage p = 1	nodes = 140	# items I = 1
