[50, 57, 0, 25, 78, 3, 73, 91, 34, 94,
2, 72, 65, 64, 77, 42, 80, 86, 84, 35,
16, 61, 38, 3, 20, 11, 54, 55, 56, 19,
9, 6, 76, 9, 98, 19, 79, 36, 77, 13,
30, 79, 85, 61, 8, 62, 69, 54, 47, 52,
90, 29, 79, 94, 100, 100, 5, 53, 20, 61,
39, 29, 33, 14, 5, 98, 0, 84, 33, 77,
97, 29, 21, 82, 91, 29, 43, 59, 83, 56,
78, 38, 51, 56, 32, 50, 21, 3, 3, 41,
30, 8, 37, 64, 89, 42, 27, 89, 25, 60,
31, 22, 56, 52, 3, 12, 81, 12, 37, 64,
34, 14, 68, 85, 37, 100, 1, 24, 69, 71,
66, 100, 79, 2, 29, 67, 44, 56, 56, 69,
82, 87, 57, 3, 5, 26, 15, 86, 4, 53,
15]
[[653, 252, 454], [1761, 405, 1178], [1696, 618, 485], [1563, 356, 1337], [103, 1882, 879], [1606, 1877, 1070], [1833, 486, 526], [1879, 1056, 1103], [1483, 55, 747], [49, 1346, 1282],
[1015, 1999, 1535], [1971, 1607, 288], [1497, 1651, 1408], [330, 1060, 1764], [1667, 1666, 1994], [895, 1118, 65], [1965, 797, 1053], [839, 1024, 2110], [291, 353, 513], [1038, 905, 1859],
[167, 1920, 1705], [50, 85, 1660], [840, 1582, 1157], [94, 1912, 565], [1858, 1928, 77], [46, 669, 1195], [111, 982, 340], [1164, 1821, 1364], [1622, 460, 1718], [2135, 1499, 469],
[189, 14, 737], [242, 566, 822], [1902, 1406, 752], [1407, 1500, 510], [1972, 1706, 284], [398, 1752, 953], [1593, 211, 283], [1934, 1877, 453], [1646, 1346, 913], [1210, 1829, 760],
[27, 2018, 1276], [1266, 106, 1842], [436, 356, 1094], [1188, 1763, 942], [1699, 2084, 494], [331, 328, 594], [1787, 269, 1307], [2070, 49, 1031], [369, 1696, 223], [1785, 1254, 400],
[391, 1784, 265], [1668, 896, 873], [1858, 1333, 1732], [1301, 869, 1843], [89, 916, 1773], [1086, 1248, 449], [1680, 1383, 719], [834, 1299, 768], [213, 17, 812], [938, 1802, 415],
[1338, 541, 45], [2105, 557, 1443], [1327, 262, 1124], [905, 1563, 1994], [594, 0, 756], [214, 1086, 352], [1165, 1115, 1735], [1884, 1949, 1383], [1001, 510, 1400], [1813, 1448, 1550],
[74, 632, 439], [621, 1086, 1499], [2065, 259, 1761], [1537, 1164, 1672], [1377, 1758, 1672], [482, 320, 605], [834, 1486, 1720], [416, 1216, 2017], [147, 63, 373], [1547, 225, 1821],
[1445, 801, 801], [232, 1423, 1887], [1731, 1836, 2146], [1338, 1219, 1658], [1358, 945, 1263], [1379, 1427, 2085], [1984, 107, 1919], [2052, 1025, 1484], [263, 1172, 2049], [1138, 1067, 120],
[805, 860, 1424], [2108, 1093, 1195], [1842, 670, 877], [182, 357, 444], [1841, 63, 1389], [1452, 1442, 662], [1383, 1272, 1272], [1651, 1672, 645], [981, 1935, 166], [876, 1421, 1233],
[1499, 72, 2094], [769, 529, 1535], [1964, 719, 553], [1189, 901, 910], [1633, 1090, 974], [1371, 388, 262], [2033, 120, 2037], [1653, 119, 2057], [145, 1100, 187], [311, 324, 1608],
[2046, 1823, 29], [334, 940, 558], [1869, 1252, 1277], [269, 287, 526], [1681, 269, 2119], [1003, 1640, 353], [1768, 2021, 975], [2153, 1521, 1094], [2056, 14, 542], [89, 325, 867],
[46, 217, 1038], [75, 1054, 327], [633, 769, 1579], [258, 1540, 215], [1286, 1570, 484], [1251, 921, 2124], [2107, 535, 1991], [1430, 534, 1860], [873, 939, 1874], [1415, 1530, 547],
[630, 1576, 1267], [17, 1651, 167], [344, 632, 1438], [1923, 1392, 1327], [2138, 525, 743], [970, 124, 1664], [1442, 579, 548], [1782, 2010, 1082], [1488, 729, 369], [1209, 492, 1900],
[1756, 1123, 1322]]
[[3, 5, 6, 5], [3, 8, 1, 6], [8, 5, 7, 4], [5, 7, 2, 2], [9, 8, 9, 0], [6, 4, 0, 6], [9, 0, 5, 2], [3, 9, 5, 4], [4, 0, 9, 5], [8, 10, 9, 5],
[2, 5, 7, 7], [10, 9, 8, 6], [4, 4, 7, 0], [6, 5, 4, 2], [5, 9, 5, 6], [6, 10, 0, 8], [8, 9, 2, 5], [7, 1, 9, 9], [4, 5, 4, 2], [2, 10, 8, 6],
[3, 2, 4, 10], [7, 6, 10, 0], [5, 4, 6, 9], [1, 4, 6, 9], [1, 6, 2, 8], [5, 0, 4, 10], [3, 8, 1, 3], [7, 7, 10, 9], [10, 3, 8, 4], [10, 5, 4, 2],
[10, 9, 9, 0], [2, 4, 8, 3], [10, 10, 9, 5], [8, 3, 2, 9], [9, 1, 2, 6], [8, 1, 4, 5], [2, 10, 8, 10], [4, 1, 10, 1], [8, 8, 0, 9], [1, 8, 10, 10],
[5, 9, 2, 2], [10, 4, 0, 8], [3, 2, 3, 9], [1, 5, 4, 2], [4, 1, 1, 7], [0, 1, 8, 7], [9, 8, 5, 9], [3, 4, 6, 8], [0, 8, 8, 10], [10, 9, 8, 0],
[9, 9, 9, 9], [2, 0, 0, 4], [10, 10, 0, 0], [0, 7, 5, 8], [2, 10, 4, 6], [3, 10, 3, 4], [5, 1, 1, 4], [8, 7, 4, 4], [4, 2, 2, 6], [1, 0, 10, 0],
[0, 0, 9, 9], [5, 3, 4, 7], [2, 8, 2, 4], [7, 4, 6, 1], [3, 7, 3, 9], [4, 5, 2, 8], [6, 3, 1, 7], [1, 0, 7, 1], [9, 6, 9, 3], [9, 2, 0, 10],
[0, 0, 3, 5], [4, 9, 5, 7], [3, 8, 3, 5], [1, 6, 0, 7], [7, 1, 3, 8], [0, 8, 8, 9], [3, 6, 2, 0], [8, 0, 10, 8], [0, 0, 3, 5], [9, 8, 10, 10],
[3, 3, 5, 4], [7, 3, 0, 3], [5, 1, 9, 5], [10, 6, 1, 0], [1, 3, 0, 10], [3, 8, 7, 4], [8, 8, 7, 4], [5, 6, 2, 7], [7, 5, 0, 1], [8, 10, 2, 2],
[0, 1, 5, 10], [7, 7, 9, 7], [8, 7, 6, 10], [3, 0, 1, 0], [9, 8, 3, 1], [1, 3, 8, 7], [8, 7, 8, 5], [6, 0, 6, 6], [1, 9, 4, 6], [3, 2, 2, 1],
[7, 6, 0, 10], [7, 10, 9, 3], [7, 10, 4, 6], [2, 0, 2, 10], [7, 0, 2, 0], [9, 8, 6, 10], [5, 8, 3, 8], [8, 4, 9, 5], [10, 7, 4, 4], [6, 0, 7, 0],
[10, 10, 7, 1], [10, 9, 9, 4], [7, 1, 4, 5], [7, 8, 2, 1], [6, 6, 8, 3], [8, 4, 6, 7], [10, 9, 1, 3], [9, 6, 4, 7], [5, 9, 6, 2], [7, 3, 6, 2],
[2, 8, 7, 9], [6, 10, 9, 1], [3, 4, 2, 0], [8, 7, 5, 7], [3, 4, 0, 1], [0, 2, 6, 5], [0, 2, 8, 5], [5, 1, 7, 7], [10, 2, 3, 5], [10, 10, 4, 2],
[3, 4, 0, 1], [0, 5, 6, 1], [10, 4, 3, 8], [6, 7, 2, 6], [9, 8, 10, 1], [10, 4, 6, 7], [6, 8, 1, 5], [7, 3, 7, 9], [7, 5, 8, 6], [0, 3, 7, 8],
[8, 8, 5, 3]]
[1, 0.05, 0.05, 0.05, 0.05, 0.05, 0.05, 0.05, 0.05, 0.05,
0.05, 0.05, 0.05, 0.05, 0.05, 0.05, 0.05, 0.05, 0.05, 0.05,
0.05, 0.0025, 0.0025, 0.0025, 0.0025, 0.0025, 0.0025, 0.0025, 0.0025, 0.0025,
0.0025, 0.0025, 0.0025, 0.0025, 0.0025, 0.0025, 0.0025, 0.0025, 0.0025, 0.0025,
0.0025, 0.000125, 0.000125, 0.000125, 0.000125, 0.000125, 0.000125, 0.000125, 0.000125, 0.000125,
0.000125, 0.000125, 0.000125, 0.000125, 0.000125, 0.000125, 0.000125, 0.000125, 0.000125, 0.000125,
0.000125, 6.25e-06, 6.25e-06, 6.25e-06, 6.25e-06, 6.25e-06, 6.25e-06, 6.25e-06, 6.25e-06, 6.25e-06,
6.25e-06, 6.25e-06, 6.25e-06, 6.25e-06, 6.25e-06, 6.25e-06, 6.25e-06, 6.25e-06, 6.25e-06, 6.25e-06,
6.25e-06, 3.125e-07, 3.125e-07, 3.125e-07, 3.125e-07, 3.125e-07, 3.125e-07, 3.125e-07, 3.125e-07, 3.125e-07,
3.125e-07, 3.125e-07, 3.125e-07, 3.125e-07, 3.125e-07, 3.125e-07, 3.125e-07, 3.125e-07, 3.125e-07, 3.125e-07,
3.125e-07, 1.5625e-08, 1.5625e-08, 1.5625e-08, 1.5625e-08, 1.5625e-08, 1.5625e-08, 1.5625e-08, 1.5625e-08, 1.5625e-08,
1.5625e-08, 1.5625e-08, 1.5625e-08, 1.5625e-08, 1.5625e-08, 1.5625e-08, 1.5625e-08, 1.5625e-08, 1.5625e-08, 1.5625e-08,
1.5625e-08, 7.8125e-10, 7.8125e-10, 7.8125e-10, 7.8125e-10, 7.8125e-10, 7.8125e-10, 7.8125e-10, 7.8125e-10, 7.8125e-10,
7.8125e-10, 7.8125e-10, 7.8125e-10, 7.8125e-10, 7.8125e-10, 7.8125e-10, 7.8125e-10, 7.8125e-10, 7.8125e-10, 7.8125e-10,
7.8125e-10]
[10, 0, 10, 0, 1, 6, 7, 9, 5, 6,
6, 1, 8, 2, 10, 5, 6, 9, 10, 6,
8, 1, 3, 9, 10, 1, 9, 4, 1, 6,
8, 6, 5, 4, 2, 2, 8, 1, 9, 8,
0, 7, 7, 3, 6, 6, 6, 4, 6, 0,
4, 3, 1, 2, 3, 4, 5, 0, 0, 7,
8, 7, 1, 2, 2, 3, 3, 7, 10, 3,
5, 5, 2, 9, 4, 6, 5, 6, 9, 1,
0, 8, 8, 7, 0, 7, 0, 4, 3, 3,
3, 9, 10, 10, 0, 8, 2, 0, 5, 4,
0, 9, 8, 0, 0, 6, 0, 7, 7, 5,
6, 3, 5, 5, 7, 2, 5, 5, 10, 1,
8, 10, 9, 5, 1, 10, 1, 2, 3, 3,
1, 3, 2, 6, 0, 9, 10, 3, 9, 1,
5]
------------------------------------------------------- 
# stage = 8	# children c = 20	length of each stage p = 1	nodes = 140	# items I = 1
