[45, 12, 60, 2, 41, 4, 4, 14, 48, 27,
7, 79, 4, 6, 62, 36, 77, 47, 11, 7,
8, 97, 89, 69, 12, 61, 21, 47, 67, 100,
86, 78, 78, 45, 81, 85, 15, 51, 99, 63,
78, 72, 42, 83, 45, 70, 18, 21, 83, 96,
29, 92, 59, 84, 26, 71, 10, 13, 17, 43,
12, 69, 21, 90, 13, 68, 75, 95, 18, 39,
58, 62, 78, 66, 10, 22, 35, 29, 9, 17,
91, 38, 75, 49, 88, 0, 86, 64, 14, 70,
7, 93, 38, 95, 83, 18, 62, 23, 12, 46,
28]
[[111, 658, 1250], [247, 1565, 1180], [1282, 1757, 1335], [979, 106, 690], [295, 859, 1945], [1339, 1991, 430], [1195, 974, 1232], [1116, 1100, 1331], [1777, 1517, 1786], [1951, 1761, 1346],
[712, 1888, 2020], [1978, 84, 1534], [1123, 1382, 1255], [406, 326, 1377], [1112, 621, 184], [1006, 1961, 140], [1436, 1120, 1114], [633, 201, 178], [1964, 1994, 1696], [1698, 1909, 1405],
[993, 586, 1242], [977, 512, 1342], [475, 1635, 672], [1731, 5, 998], [1056, 1118, 1620], [1257, 88, 1545], [1413, 1540, 629], [491, 121, 830], [670, 33, 788], [314, 1748, 646],
[1719, 705, 1232], [925, 1682, 1744], [215, 106, 1344], [904, 1853, 1349], [1902, 857, 431], [1486, 78, 519], [995, 1491, 24], [1641, 1983, 145], [435, 617, 195], [1224, 931, 1943],
[1870, 614, 596], [1066, 1540, 226], [758, 1771, 348], [66, 639, 149], [1432, 506, 1023], [1863, 2008, 1101], [347, 952, 557], [371, 557, 504], [532, 992, 1121], [727, 180, 0],
[634, 2050, 630], [1230, 1080, 134], [1473, 1855, 1906], [1821, 1921, 509], [1971, 1301, 1015], [942, 1129, 972], [7, 1492, 1940], [580, 1879, 445], [1084, 375, 1453], [153, 1103, 1634],
[169, 1737, 1648], [800, 932, 677], [934, 353, 480], [804, 138, 365], [1314, 73, 1683], [293, 1015, 776], [1265, 1039, 216], [1169, 1619, 59], [1630, 668, 434], [1032, 837, 1553],
[630, 1007, 1255], [242, 1823, 135], [919, 721, 504], [1415, 1526, 642], [1797, 804, 716], [1428, 1097, 1747], [152, 327, 750], [384, 1512, 334], [443, 1091, 1002], [893, 71, 1839],
[395, 717, 810], [1650, 959, 597], [1785, 1879, 1319], [253, 1258, 809], [895, 1003, 1629], [1627, 395, 690], [1323, 547, 1033], [21, 947, 494], [355, 1390, 1585], [1373, 232, 1672],
[1161, 643, 337], [1987, 241, 1296], [533, 2042, 1139], [1868, 243, 346], [625, 1154, 1365], [202, 730, 1761], [908, 1, 272], [1942, 38, 1220], [384, 410, 574], [1969, 1783, 822],
[1589, 908, 1465]]
[[6, 3, 3, 1], [6, 1, 3, 6], [8, 7, 3, 10], [1, 1, 10, 8], [8, 10, 6, 9], [10, 0, 4, 8], [5, 6, 3, 0], [3, 5, 10, 10], [7, 0, 0, 0], [0, 4, 4, 8],
[9, 7, 5, 10], [6, 4, 7, 4], [2, 0, 0, 1], [10, 4, 8, 2], [8, 9, 3, 1], [4, 0, 0, 9], [9, 0, 9, 9], [2, 0, 4, 0], [7, 10, 9, 1], [1, 3, 3, 3],
[2, 3, 3, 1], [8, 0, 3, 5], [9, 4, 4, 0], [2, 4, 9, 1], [3, 5, 8, 5], [5, 2, 4, 2], [10, 0, 1, 0], [3, 4, 2, 5], [7, 3, 6, 2], [3, 8, 6, 10],
[10, 10, 0, 2], [2, 7, 1, 5], [2, 9, 8, 7], [9, 1, 7, 8], [1, 8, 7, 3], [1, 9, 8, 7], [1, 2, 7, 2], [8, 2, 10, 7], [0, 10, 7, 0], [7, 8, 5, 7],
[5, 0, 3, 3], [0, 0, 1, 10], [6, 6, 2, 8], [4, 9, 2, 3], [9, 9, 3, 4], [10, 2, 0, 8], [0, 6, 8, 5], [1, 0, 1, 6], [0, 4, 8, 9], [2, 9, 9, 9],
[4, 9, 4, 6], [7, 6, 7, 3], [2, 8, 7, 1], [10, 6, 9, 8], [1, 4, 2, 0], [4, 3, 7, 3], [8, 4, 1, 8], [0, 8, 6, 2], [7, 8, 6, 1], [3, 2, 5, 4],
[10, 10, 5, 7], [5, 2, 5, 4], [6, 7, 5, 9], [9, 10, 10, 6], [3, 0, 1, 1], [7, 8, 3, 3], [3, 9, 2, 7], [9, 7, 9, 6], [5, 3, 2, 10], [5, 5, 4, 10],
[0, 9, 6, 9], [6, 5, 2, 9], [3, 3, 8, 10], [9, 9, 0, 2], [5, 3, 7, 3], [8, 5, 9, 2], [8, 9, 0, 1], [2, 4, 9, 2], [0, 4, 0, 6], [9, 0, 2, 10],
[3, 8, 10, 2], [6, 8, 2, 0], [0, 9, 1, 7], [3, 8, 7, 9], [6, 7, 8, 6], [9, 4, 8, 9], [8, 6, 2, 4], [4, 2, 4, 8], [10, 1, 8, 5], [9, 10, 3, 8],
[6, 4, 2, 7], [1, 9, 5, 6], [6, 1, 1, 4], [5, 8, 1, 1], [1, 3, 3, 6], [6, 5, 3, 3], [6, 9, 9, 3], [6, 10, 0, 1], [4, 2, 8, 3], [9, 0, 9, 4],
[10, 9, 7, 5]]
[1, 0.05, 0.05, 0.05, 0.05, 0.05, 0.05, 0.05, 0.05, 0.05,
0.05, 0.05, 0.05, 0.05, 0.05, 0.05, 0.05, 0.05, 0.05, 0.05,
0.05, 0.0025, 0.0025, 0.0025, 0.0025, 0.0025, 0.0025, 0.0025, 0.0025, 0.0025,
0.0025, 0.0025, 0.0025, 0.0025, 0.0025, 0.0025, 0.0025, 0.0025, 0.0025, 0.0025,
0.0025, 0.000125, 0.000125, 0.000125, 0.000125, 0.000125, 0.000125, 0.000125, 0.000125, 0.000125,
0.000125, 0.000125, 0.000125, 0.000125, 0.000125, 0.000125, 0.000125, 0.000125, 0.000125, 0.000125,
0.000125, 6.25e-06, 6.25e-06, 6.25e-06, 6.25e-06, 6.25e-06, 6.25e-06, 6.25e-06, 6.25e-06, 6.25e-06,
6.25e-06, 6.25e-06, 6.25e-06, 6.25e-06, 6.25e-06, 6.25e-06, 6.25e-06, 6.25e-06, 6.25e-06, 6.25e-06,
6.25e-06, 3.125e-07, 3.125e-07, 3.125e-07, 3.125e-07, 3.125e-07, 3.125e-07, 3.125e-07, 3.125e-07, 3.125e-07,
3.125e-07, 3.125e-07, 3.125e-07, 3.125e-07, 3.125e-07, 3.125e-07, 3.125e-07, 3.125e-07, 3.125e-07, 3.125e-07,
3.125e-07]
[2, 8, 2, 2, 6, 8, 0, 7, 10, 8,
7, 4, 10, 4, 9, 2, 4, 10, 10, 0,
0, 8, 3, 8, 7, 0, 3, 5, 4, 4,
7, 10, 4, 4, 9, 6, 8, 6, 7, 0,
6, 4, 0, 1, 8, 4, 9, 2, 9, 4,
9, 1, 2, 5, 8, 1, 2, 0, 1, 4,
2, 9, 8, 0, 5, 0, 2, 5, 3, 0,
3, 1, 2, 6, 10, 9, 6, 9, 6, 10,
1, 10, 7, 6, 4, 7, 4, 9, 8, 6,
3, 4, 2, 1, 10, 7, 7, 2, 9, 10,
10]
------------------------------------------------------- 
# stage = 6	# children c = 20	length of each stage p = 1	nodes = 100	# items I = 1
