[17, 65, 13, 28, 35, 79, 83, 34, 31, 21,
62, 5, 4, 65, 95, 44, 30, 70, 90, 78,
68, 24, 60, 84, 7, 88, 15, 18, 45, 64,
31, 28, 28, 44, 57, 64, 89, 39, 64, 20,
27, 26, 25, 31, 57, 86, 42, 87, 55, 31,
64]
[[121, 853, 1006], [559, 517, 742], [268, 820, 595], [597, 75, 50], [528, 437, 616], [202, 107, 869], [182, 150, 633], [947, 360, 870], [610, 677, 936], [219, 369, 916],
[179, 70, 758], [765, 210, 855], [495, 478, 663], [670, 655, 318], [720, 172, 755], [324, 374, 443], [181, 136, 173], [394, 663, 533], [253, 261, 790], [769, 61, 739],
[674, 832, 809], [420, 585, 7], [263, 660, 66], [926, 910, 721], [232, 618, 473], [567, 522, 427], [590, 703, 564], [763, 678, 807], [876, 511, 649], [234, 268, 710],
[973, 942, 530], [771, 942, 695], [358, 785, 935], [4, 279, 833], [726, 91, 439], [779, 239, 961], [195, 829, 232], [339, 161, 490], [134, 617, 1001], [783, 852, 258],
[481, 813, 780], [591, 572, 291], [274, 511, 656], [197, 515, 936], [18, 821, 15], [37, 589, 846], [578, 364, 664], [391, 703, 405], [881, 837, 10], [871, 609, 862],
[709, 670, 664]]
[[0, 7, 10, 5], [7, 2, 1, 6], [9, 2, 0, 0], [10, 1, 8, 0], [10, 7, 4, 1], [1, 4, 9, 9], [7, 6, 2, 0], [0, 10, 3, 1], [6, 2, 4, 1], [3, 6, 5, 10],
[8, 3, 10, 7], [4, 7, 7, 1], [4, 1, 2, 5], [3, 9, 1, 0], [4, 3, 9, 3], [3, 2, 2, 7], [2, 6, 8, 5], [1, 2, 5, 8], [5, 4, 4, 8], [1, 10, 7, 3],
[0, 8, 6, 1], [6, 8, 1, 0], [9, 0, 1, 1], [0, 3, 9, 2], [9, 4, 8, 9], [5, 2, 6, 8], [4, 10, 5, 3], [9, 2, 6, 7], [10, 0, 9, 3], [8, 8, 3, 4],
[6, 2, 6, 6], [5, 2, 9, 2], [6, 4, 0, 0], [6, 6, 9, 8], [3, 1, 1, 0], [1, 7, 5, 9], [7, 1, 2, 2], [10, 3, 5, 3], [6, 0, 10, 0], [2, 8, 0, 6],
[10, 0, 7, 3], [4, 3, 0, 6], [4, 1, 6, 6], [7, 9, 2, 1], [0, 4, 2, 8], [8, 7, 0, 3], [7, 8, 1, 7], [3, 0, 0, 2], [0, 5, 5, 3], [8, 6, 9, 0],
[7, 2, 4, 3]]
[1, 0.1, 0.1, 0.1, 0.1, 0.1, 0.1, 0.1, 0.1, 0.1,
0.1, 0.01, 0.01, 0.01, 0.01, 0.01, 0.01, 0.01, 0.01, 0.01,
0.01, 0.001, 0.001, 0.001, 0.001, 0.001, 0.001, 0.001, 0.001, 0.001,
0.001, 0.0001, 0.0001, 0.0001, 0.0001, 0.0001, 0.0001, 0.0001, 0.0001, 0.0001,
0.0001, 1e-05, 1e-05, 1e-05, 1e-05, 1e-05, 1e-05, 1e-05, 1e-05, 1e-05,
1e-05]
[6, 7, 2, 14, 20, 15, 1, 15, 12, 4,
4, 10, 9, 16, 7, 13, 0, 3, 20, 13,
9, 5, 14, 10, 13, 5, 13, 8, 12, 5,
15, 10, 17, 16, 5, 8, 14, 0, 11, 10,
18, 17, 5, 10, 3, 16, 12, 10, 14, 18,
10]
------------------------------------------------------- 
# stage = 6	# children c = 10	length of each stage p = 1	nodes = 50	# items I = 1
