[25, 87, 58, 22, 51, 8, 84, 77, 59, 39,
21, 77, 27, 32, 31, 97, 37, 23, 80, 55,
52, 63, 67, 63, 59, 1, 25, 93, 49, 7,
70, 74, 94, 27, 96, 11, 35, 45, 54, 60,
85]
[[434, 2198, 2023], [477, 1807, 689], [918, 1179, 2039], [730, 2225, 958], [662, 481, 805], [2079, 600, 109], [444, 967, 946], [955, 1293, 2062], [0, 1174, 1992], [326, 1006, 263],
[80, 1440, 2130], [1771, 1586, 1361], [217, 260, 2208], [1924, 659, 2189], [307, 989, 94], [1112, 824, 694], [1221, 937, 1662], [1835, 1892, 379], [1653, 1892, 1221], [1069, 1886, 2227],
[1000, 1966, 1092], [886, 1161, 102], [3, 1378, 30], [1879, 727, 689], [1824, 702, 1679], [1586, 1814, 2171], [37, 459, 864], [1367, 50, 512], [1414, 1371, 2072], [391, 196, 1382],
[42, 1196, 772], [802, 1751, 1934], [904, 1422, 736], [935, 1058, 1131], [1624, 306, 1833], [727, 1893, 1071], [655, 1598, 1530], [1519, 721, 1248], [1700, 2135, 43], [1196, 2194, 239],
[3, 2236, 1104]]
[[1, 0, 0, 3], [10, 5, 0, 6], [5, 9, 9, 2], [6, 10, 2, 1], [8, 10, 6, 1], [10, 3, 10, 4], [8, 1, 6, 3], [9, 0, 2, 8], [0, 3, 10, 10], [8, 8, 3, 2],
[6, 1, 3, 10], [1, 3, 0, 7], [2, 5, 6, 1], [8, 3, 3, 3], [2, 9, 5, 9], [7, 7, 7, 7], [10, 4, 5, 6], [1, 6, 6, 5], [8, 9, 2, 7], [2, 0, 3, 2],
[5, 9, 2, 1], [0, 5, 4, 2], [2, 7, 1, 9], [4, 6, 4, 1], [10, 7, 5, 9], [2, 1, 3, 8], [8, 3, 4, 8], [3, 7, 0, 9], [4, 2, 10, 4], [5, 1, 6, 7],
[9, 7, 4, 0], [0, 6, 10, 10], [2, 5, 6, 2], [4, 7, 0, 1], [10, 4, 10, 3], [10, 8, 10, 3], [10, 9, 5, 2], [10, 0, 8, 6], [6, 1, 4, 6], [7, 4, 4, 7],
[7, 8, 9, 9]]
[1, 0.1, 0.1, 0.1, 0.1, 0.1, 0.1, 0.1, 0.1, 0.1,
0.1, 0.01, 0.01, 0.01, 0.01, 0.01, 0.01, 0.01, 0.01, 0.01,
0.01, 0.001, 0.001, 0.001, 0.001, 0.001, 0.001, 0.001, 0.001, 0.001,
0.001, 0.0001, 0.0001, 0.0001, 0.0001, 0.0001, 0.0001, 0.0001, 0.0001, 0.0001,
0.0001]
[3, 1, 9, 10, 1, 10, 2, 6, 9, 9,
5, 5, 5, 4, 11, 8, 11, 6, 11, 0,
7, 8, 9, 3, 7, 0, 1, 6, 0, 7,
11, 6, 9, 11, 1, 5, 2, 10, 0, 10,
10]
------------------------------------------------------- 
# stage = 5	# children c = 10	length of each stage p = 1	nodes = 40	# items I = 1
