[65, 11, 51, 44, 17, 77, 5, 13, 75, 13,
53, 24, 94, 90, 75, 92, 83, 35, 15, 71,
48, 88, 41, 59, 18, 41, 29, 63, 24, 60,
28, 55, 37, 80, 100, 20, 22, 71, 0, 63,
85, 53, 53, 78, 43, 27, 35, 92, 62, 50,
62, 10, 37, 3, 35, 22, 10, 31, 85, 0,
57, 79, 56, 95, 24, 21, 81, 12, 92, 81,
75, 42, 34, 27, 19, 43, 21, 21, 0, 49,
71, 28, 25, 75, 98, 61, 97, 7, 58, 47,
75, 14, 25, 97, 8, 50, 84, 56, 62, 75,
36]
[[3300, 2886, 3170], [2648, 1142, 1526], [1373, 125, 3269], [4025, 3582, 2580], [859, 594, 532], [564, 1658, 769], [2256, 3823, 3388], [3416, 295, 3711], [3856, 1480, 3593], [1562, 2994, 3503],
[4066, 2969, 3065], [3911, 1490, 80], [1310, 3666, 1007], [1254, 3564, 1264], [509, 296, 1858], [1844, 1662, 192], [2613, 593, 4015], [1874, 4009, 184], [1458, 413, 2466], [1726, 1976, 2135],
[1905, 2717, 978], [843, 2502, 3270], [1725, 487, 2809], [2732, 1742, 2246], [3996, 2251, 3345], [2530, 4095, 1682], [2722, 3383, 2276], [2610, 1131, 2960], [3596, 3391, 3374], [2737, 991, 2025],
[746, 3698, 615], [2526, 414, 3919], [1669, 2139, 280], [352, 1546, 2824], [3400, 1415, 1750], [3420, 3945, 2521], [976, 2540, 1777], [3252, 1826, 2908], [2887, 1295, 2975], [2134, 4033, 641],
[834, 1454, 212], [2252, 3980, 626], [2044, 1522, 3567], [3126, 2676, 986], [2625, 2752, 3203], [249, 2045, 3022], [3572, 3823, 2237], [1222, 3750, 4063], [806, 2511, 1232], [3781, 1320, 1940],
[295, 2155, 3394], [507, 1082, 4049], [1935, 3126, 1444], [2177, 2928, 796], [3965, 2228, 3548], [3041, 3279, 2268], [2738, 2724, 1965], [849, 3947, 2390], [1587, 1428, 774], [3621, 1082, 2095],
[1434, 2179, 925], [1503, 3488, 2007], [1425, 1296, 1808], [3672, 148, 1411], [1143, 4113, 3640], [1366, 3829, 2792], [3634, 2441, 2192], [2274, 4092, 2012], [538, 1552, 115], [1312, 1047, 1197],
[82, 3283, 51], [1809, 1462, 3539], [491, 3689, 1510], [3102, 3234, 1658], [386, 1052, 2446], [701, 2418, 2950], [169, 1926, 1264], [2361, 875, 2031], [1048, 1413, 259], [1163, 3528, 2108],
[3162, 285, 1264], [3213, 2897, 3528], [3427, 63, 3091], [810, 3165, 3000], [3270, 3552, 4053], [2391, 928, 2344], [1214, 1097, 945], [3281, 133, 2623], [1987, 1181, 711], [2246, 3146, 112],
[227, 2181, 1200], [2294, 2069, 772], [1695, 1369, 835], [1461, 2981, 4001], [335, 2926, 101], [1063, 1190, 1831], [3407, 3207, 3731], [1028, 3163, 3864], [3651, 1023, 919], [235, 3270, 4065],
[1150, 172, 2922]]
[[5, 9, 7, 8], [2, 4, 7, 8], [4, 0, 0, 8], [3, 1, 8, 1], [9, 6, 0, 8], [9, 4, 10, 3], [9, 0, 9, 1], [0, 5, 0, 3], [1, 5, 9, 2], [10, 6, 8, 1],
[4, 6, 7, 5], [7, 5, 5, 5], [0, 3, 2, 9], [7, 0, 10, 4], [9, 6, 3, 9], [9, 3, 10, 9], [7, 9, 0, 6], [2, 6, 5, 4], [2, 2, 7, 9], [5, 1, 2, 5],
[5, 2, 1, 10], [2, 9, 3, 1], [2, 7, 8, 0], [8, 8, 7, 4], [4, 5, 8, 6], [1, 1, 8, 3], [1, 4, 10, 6], [6, 1, 0, 9], [2, 10, 8, 4], [8, 10, 3, 8],
[4, 1, 6, 10], [7, 3, 2, 9], [8, 10, 2, 9], [9, 10, 10, 10], [3, 8, 3, 7], [7, 1, 3, 9], [0, 1, 3, 6], [9, 4, 3, 2], [5, 10, 10, 10], [0, 1, 8, 8],
[1, 10, 7, 8], [9, 4, 6, 0], [1, 9, 5, 9], [0, 9, 7, 9], [8, 8, 5, 6], [2, 6, 6, 5], [3, 5, 3, 3], [7, 0, 1, 6], [9, 6, 1, 7], [8, 7, 5, 10],
[6, 0, 6, 4], [9, 2, 2, 4], [9, 5, 10, 9], [10, 3, 1, 0], [6, 4, 4, 2], [5, 3, 6, 3], [7, 8, 8, 4], [2, 3, 1, 8], [1, 7, 10, 8], [8, 2, 1, 4],
[5, 9, 2, 2], [10, 3, 3, 5], [8, 5, 6, 0], [8, 10, 1, 2], [7, 9, 4, 10], [10, 6, 5, 9], [0, 3, 6, 8], [3, 5, 1, 8], [1, 1, 9, 0], [3, 1, 6, 0],
[6, 1, 9, 1], [0, 10, 1, 6], [8, 5, 3, 6], [9, 6, 4, 10], [9, 9, 5, 1], [3, 5, 8, 5], [4, 6, 5, 7], [5, 9, 7, 0], [8, 3, 10, 7], [2, 0, 0, 9],
[5, 1, 4, 4], [7, 8, 1, 4], [4, 4, 3, 8], [9, 9, 0, 3], [4, 3, 8, 9], [2, 3, 7, 8], [6, 4, 4, 9], [4, 4, 7, 8], [5, 9, 10, 0], [4, 0, 2, 9],
[2, 5, 6, 10], [4, 4, 2, 6], [7, 8, 3, 7], [0, 8, 5, 7], [2, 9, 5, 6], [1, 10, 1, 4], [8, 0, 4, 10], [9, 4, 8, 1], [10, 1, 0, 1], [5, 0, 5, 2],
[8, 8, 9, 9]]
[1, 0.05, 0.05, 0.05, 0.05, 0.05, 0.05, 0.05, 0.05, 0.05,
0.05, 0.05, 0.05, 0.05, 0.05, 0.05, 0.05, 0.05, 0.05, 0.05,
0.05, 0.0025, 0.0025, 0.0025, 0.0025, 0.0025, 0.0025, 0.0025, 0.0025, 0.0025,
0.0025, 0.0025, 0.0025, 0.0025, 0.0025, 0.0025, 0.0025, 0.0025, 0.0025, 0.0025,
0.0025, 0.000125, 0.000125, 0.000125, 0.000125, 0.000125, 0.000125, 0.000125, 0.000125, 0.000125,
0.000125, 0.000125, 0.000125, 0.000125, 0.000125, 0.000125, 0.000125, 0.000125, 0.000125, 0.000125,
0.000125, 6.25e-06, 6.25e-06, 6.25e-06, 6.25e-06, 6.25e-06, 6.25e-06, 6.25e-06, 6.25e-06, 6.25e-06,
6.25e-06, 6.25e-06, 6.25e-06, 6.25e-06, 6.25e-06, 6.25e-06, 6.25e-06, 6.25e-06, 6.25e-06, 6.25e-06,
6.25e-06, 3.125e-07, 3.125e-07, 3.125e-07, 3.125e-07, 3.125e-07, 3.125e-07, 3.125e-07, 3.125e-07, 3.125e-07,
3.125e-07, 3.125e-07, 3.125e-07, 3.125e-07, 3.125e-07, 3.125e-07, 3.125e-07, 3.125e-07, 3.125e-07, 3.125e-07,
3.125e-07]
[0, 17, 0, 1, 13, 5, 17, 13, 14, 5,
9, 17, 9, 20, 1, 3, 1, 17, 8, 9,
4, 20, 12, 7, 16, 12, 14, 11, 2, 13,
10, 4, 12, 9, 16, 17, 9, 17, 3, 0,
16, 19, 19, 8, 15, 5, 16, 14, 7, 3,
18, 0, 11, 0, 20, 8, 12, 2, 14, 9,
9, 11, 19, 8, 2, 8, 6, 20, 2, 6,
17, 13, 18, 17, 0, 16, 18, 10, 6, 1,
4, 1, 11, 0, 18, 12, 16, 0, 15, 19,
0, 3, 18, 11, 9, 5, 15, 18, 6, 18,
0]
------------------------------------------------------- 
# stage = 6	# children c = 20	length of each stage p = 1	nodes = 100	# items I = 1
