[37, 83, 17, 69, 67, 100, 92, 26, 80, 67,
35, 62, 45, 3, 81, 15, 83, 89, 0, 91,
83, 89, 45, 21, 71, 72, 26, 38, 65, 81,
28, 69, 29, 12, 37, 62, 11, 95, 89, 91,
27, 90, 18, 73, 93, 100, 88, 41, 88, 54,
31, 70, 42, 76, 58, 79, 14, 84, 83, 45,
30]
[[778, 186, 14], [813, 945, 863], [516, 675, 1051], [218, 12, 575], [546, 370, 604], [139, 1037, 119], [952, 1004, 992], [555, 884, 191], [433, 684, 484], [837, 329, 142],
[130, 41, 330], [145, 854, 209], [1010, 306, 885], [995, 526, 899], [504, 7, 203], [44, 146, 176], [163, 32, 115], [91, 589, 1001], [284, 1022, 619], [768, 794, 950],
[910, 926, 994], [175, 5, 784], [384, 1015, 25], [205, 944, 551], [38, 384, 558], [243, 429, 706], [420, 594, 741], [537, 686, 264], [472, 972, 223], [27, 675, 1019],
[977, 519, 879], [905, 696, 887], [624, 15, 838], [649, 222, 719], [136, 261, 37], [695, 504, 468], [337, 926, 1063], [12, 397, 685], [277, 871, 593], [502, 898, 202],
[457, 810, 724], [272, 651, 354], [93, 209, 371], [934, 860, 596], [587, 997, 857], [626, 628, 297], [31, 965, 158], [30, 978, 557], [717, 191, 365], [244, 695, 197],
[449, 86, 1009], [107, 358, 595], [463, 454, 806], [837, 322, 603], [367, 911, 534], [160, 473, 98], [457, 504, 1063], [617, 534, 977], [111, 185, 102], [476, 430, 797],
[675, 879, 885]]
[[4, 2, 3, 10], [10, 7, 0, 6], [8, 10, 5, 10], [6, 0, 0, 1], [1, 3, 7, 6], [5, 10, 7, 7], [8, 7, 3, 2], [8, 5, 10, 1], [7, 2, 9, 5], [10, 10, 9, 5],
[7, 1, 5, 2], [1, 3, 4, 3], [5, 9, 9, 10], [6, 3, 6, 4], [8, 8, 4, 6], [2, 3, 5, 7], [6, 4, 1, 3], [1, 0, 8, 8], [1, 0, 8, 3], [4, 1, 4, 9],
[8, 0, 6, 4], [3, 1, 6, 1], [9, 10, 7, 9], [2, 1, 6, 6], [3, 5, 7, 4], [5, 5, 10, 5], [3, 8, 8, 7], [7, 10, 3, 3], [10, 9, 5, 2], [0, 0, 3, 7],
[10, 8, 4, 10], [8, 8, 4, 9], [2, 0, 1, 6], [3, 0, 0, 7], [6, 6, 3, 1], [5, 5, 4, 4], [3, 9, 6, 1], [9, 8, 9, 6], [3, 0, 3, 0], [8, 7, 10, 10],
[6, 0, 5, 9], [9, 5, 5, 5], [9, 7, 6, 3], [1, 10, 7, 2], [6, 1, 4, 4], [9, 0, 8, 1], [0, 0, 0, 8], [6, 8, 5, 1], [8, 0, 10, 6], [3, 3, 9, 2],
[8, 2, 5, 7], [1, 0, 9, 5], [1, 2, 7, 8], [0, 4, 7, 0], [3, 5, 6, 9], [2, 1, 10, 8], [10, 7, 4, 2], [10, 0, 4, 5], [3, 8, 1, 2], [6, 9, 8, 5],
[9, 4, 0, 10]]
[1, 0.05, 0.05, 0.05, 0.05, 0.05, 0.05, 0.05, 0.05, 0.05,
0.05, 0.05, 0.05, 0.05, 0.05, 0.05, 0.05, 0.05, 0.05, 0.05,
0.05, 0.0025, 0.0025, 0.0025, 0.0025, 0.0025, 0.0025, 0.0025, 0.0025, 0.0025,
0.0025, 0.0025, 0.0025, 0.0025, 0.0025, 0.0025, 0.0025, 0.0025, 0.0025, 0.0025,
0.0025, 0.000125, 0.000125, 0.000125, 0.000125, 0.000125, 0.000125, 0.000125, 0.000125, 0.000125,
0.000125, 0.000125, 0.000125, 0.000125, 0.000125, 0.000125, 0.000125, 0.000125, 0.000125, 0.000125,
0.000125]
[9, 4, 9, 1, 4, 9, 0, 4, 5, 2,
4, 0, 8, 7, 2, 6, 2, 8, 10, 3,
6, 6, 1, 10, 5, 9, 6, 8, 9, 8,
7, 7, 0, 7, 1, 2, 7, 2, 6, 2,
0, 8, 5, 8, 8, 1, 9, 0, 10, 7,
0, 7, 7, 3, 6, 1, 3, 9, 1, 9,
0]
------------------------------------------------------- 
# stage = 4	# children c = 20	length of each stage p = 1	nodes = 60	# items I = 1
