[76, 97, 55, 31, 51, 54, 37, 28, 44, 93,
83, 55, 42, 52, 16, 31, 96, 100, 80, 22,
5, 100, 47, 2, 12, 68, 29, 45, 92, 72,
59, 33, 34, 80, 64, 85, 33, 67, 12, 44,
59, 61, 65, 68, 12, 81, 99, 7, 80, 44,
30]
[[4681, 2565, 3381], [1482, 1858, 1468], [2699, 3540, 3504], [2654, 4191, 2264], [3677, 398, 1419], [3644, 3045, 2404], [1495, 2562, 431], [1240, 105, 2014], [2403, 1402, 3794], [3026, 3925, 4291],
[4462, 1054, 2024], [3012, 2536, 1162], [1760, 403, 1983], [432, 3058, 1342], [2697, 4015, 3853], [1396, 2828, 2066], [3800, 1603, 4629], [4231, 123, 4734], [3525, 2527, 1304], [2487, 721, 2509],
[1946, 352, 3564], [1250, 644, 1268], [2412, 2404, 3784], [4395, 117, 4122], [3018, 2814, 3305], [2039, 1490, 3413], [4105, 458, 184], [1182, 4689, 308], [3196, 662, 115], [1780, 3149, 2948],
[4290, 2375, 580], [302, 3625, 1224], [3682, 1205, 909], [2634, 2881, 3138], [4036, 3179, 1120], [2510, 2498, 4722], [1091, 1771, 348], [1276, 234, 2317], [3696, 3430, 2979], [1091, 2491, 3408],
[4039, 1949, 951], [4620, 4363, 1856], [3124, 3213, 341], [1313, 3128, 3222], [4451, 2332, 3681], [2851, 10, 1347], [2741, 3214, 399], [3089, 1770, 633], [2686, 634, 1343], [2945, 3837, 3834],
[1521, 3044, 3063]]
[[8, 6, 1, 10], [3, 0, 7, 5], [4, 4, 4, 0], [4, 1, 6, 7], [7, 5, 1, 5], [2, 10, 2, 9], [9, 7, 1, 4], [5, 4, 6, 0], [10, 5, 10, 1], [5, 6, 4, 9],
[8, 9, 8, 1], [8, 3, 8, 4], [8, 7, 8, 8], [6, 10, 6, 2], [5, 7, 7, 8], [9, 0, 8, 7], [6, 7, 8, 0], [1, 1, 8, 9], [8, 5, 0, 5], [6, 6, 8, 1],
[3, 5, 10, 7], [2, 3, 10, 5], [9, 4, 0, 7], [4, 6, 3, 10], [1, 9, 9, 2], [9, 4, 9, 6], [9, 7, 10, 2], [3, 5, 3, 4], [10, 2, 0, 10], [6, 8, 5, 2],
[1, 5, 9, 6], [10, 2, 3, 0], [9, 1, 2, 7], [3, 9, 3, 1], [6, 0, 3, 9], [5, 5, 0, 2], [7, 0, 1, 0], [9, 4, 2, 10], [8, 10, 3, 7], [10, 7, 7, 8],
[6, 7, 5, 10], [5, 6, 9, 9], [6, 0, 7, 9], [5, 7, 0, 10], [6, 10, 9, 2], [4, 9, 10, 1], [6, 3, 8, 5], [8, 4, 3, 1], [9, 6, 0, 3], [1, 8, 2, 5],
[6, 7, 3, 0]]
[1, 0.1, 0.1, 0.1, 0.1, 0.1, 0.1, 0.1, 0.1, 0.1,
0.1, 0.01, 0.01, 0.01, 0.01, 0.01, 0.01, 0.01, 0.01, 0.01,
0.01, 0.001, 0.001, 0.001, 0.001, 0.001, 0.001, 0.001, 0.001, 0.001,
0.001, 0.0001, 0.0001, 0.0001, 0.0001, 0.0001, 0.0001, 0.0001, 0.0001, 0.0001,
0.0001, 1e-05, 1e-05, 1e-05, 1e-05, 1e-05, 1e-05, 1e-05, 1e-05, 1e-05,
1e-05]
[7, 0, 19, 1, 21, 7, 18, 4, 17, 14,
0, 23, 16, 10, 10, 15, 22, 0, 11, 4,
24, 3, 15, 11, 7, 18, 23, 7, 4, 5,
8, 9, 13, 1, 13, 9, 22, 9, 20, 21,
23, 15, 11, 15, 16, 8, 18, 8, 4, 8,
19]
------------------------------------------------------- 
# stage = 6	# children c = 10	length of each stage p = 1	nodes = 50	# items I = 1
