[62, 44, 32, 62, 85, 24, 2, 28, 35, 75,
59, 84, 84, 99, 2, 2, 37, 58, 56, 28,
49, 77, 41, 76, 46, 53, 84, 82, 92, 7,
27, 19, 17, 59, 81, 1, 49, 84, 30, 85,
58, 55, 68, 7, 19, 36, 76, 57, 60, 32,
85, 8, 8, 92, 85, 54, 11, 34, 1, 69,
7]
[[1337, 741, 1735], [1189, 1858, 197], [960, 828, 1659], [1535, 266, 1581], [514, 1068, 1724], [1681, 1835, 677], [1330, 919, 931], [1706, 1806, 545], [671, 1858, 960], [562, 422, 1125],
[629, 1759, 1866], [308, 1021, 1668], [506, 53, 568], [109, 1460, 834], [1691, 47, 1903], [1359, 1728, 1810], [108, 1003, 673], [911, 781, 423], [1457, 1325, 353], [361, 1887, 775],
[1486, 460, 607], [1296, 640, 1628], [1036, 1018, 1553], [1605, 1128, 1086], [511, 763, 1133], [358, 194, 805], [112, 175, 1680], [657, 958, 406], [1080, 359, 1731], [1434, 720, 1562],
[153, 278, 94], [632, 1446, 734], [204, 555, 1753], [1758, 104, 825], [916, 487, 1588], [1921, 846, 1654], [670, 958, 1829], [423, 1616, 732], [829, 768, 1091], [632, 146, 1684],
[266, 172, 1834], [232, 804, 1353], [838, 1009, 1780], [535, 839, 1884], [1360, 1627, 443], [1020, 1492, 1289], [747, 234, 320], [520, 529, 1808], [1252, 1358, 520], [288, 1862, 667],
[44, 200, 839], [1878, 304, 1515], [1175, 1143, 596], [1027, 1550, 1307], [983, 983, 878], [1427, 1875, 442], [660, 566, 549], [852, 1087, 1078], [732, 283, 381], [1253, 443, 315],
[1792, 487, 516]]
[[6, 1, 2, 9], [3, 1, 3, 0], [0, 1, 9, 6], [4, 10, 8, 6], [5, 8, 6, 0], [7, 7, 2, 2], [10, 0, 1, 4], [6, 6, 6, 2], [7, 8, 9, 9], [7, 1, 7, 6],
[1, 6, 1, 5], [5, 7, 10, 8], [4, 5, 7, 9], [10, 7, 1, 8], [8, 0, 10, 1], [7, 5, 1, 3], [0, 10, 10, 6], [1, 7, 10, 0], [0, 0, 3, 3], [6, 2, 0, 8],
[7, 5, 7, 7], [2, 6, 4, 10], [6, 3, 0, 0], [7, 2, 2, 5], [1, 1, 0, 0], [8, 10, 0, 6], [9, 4, 9, 4], [6, 10, 1, 1], [4, 6, 8, 4], [1, 10, 3, 6],
[0, 2, 6, 5], [2, 8, 0, 1], [8, 9, 2, 5], [9, 0, 10, 5], [2, 8, 9, 7], [5, 8, 8, 8], [4, 3, 1, 3], [0, 5, 9, 9], [5, 3, 4, 7], [9, 2, 8, 6],
[0, 8, 10, 7], [7, 9, 1, 9], [6, 8, 3, 10], [6, 9, 7, 8], [10, 8, 0, 10], [0, 8, 7, 5], [9, 0, 10, 7], [2, 6, 1, 2], [3, 0, 8, 8], [7, 9, 5, 0],
[7, 8, 10, 0], [5, 6, 6, 4], [2, 4, 2, 2], [1, 9, 6, 10], [7, 3, 5, 9], [9, 6, 9, 0], [4, 6, 6, 0], [3, 0, 9, 8], [7, 9, 6, 1], [2, 1, 3, 4],
[5, 5, 5, 7]]
[1, 0.05, 0.05, 0.05, 0.05, 0.05, 0.05, 0.05, 0.05, 0.05,
0.05, 0.05, 0.05, 0.05, 0.05, 0.05, 0.05, 0.05, 0.05, 0.05,
0.05, 0.0025, 0.0025, 0.0025, 0.0025, 0.0025, 0.0025, 0.0025, 0.0025, 0.0025,
0.0025, 0.0025, 0.0025, 0.0025, 0.0025, 0.0025, 0.0025, 0.0025, 0.0025, 0.0025,
0.0025, 0.000125, 0.000125, 0.000125, 0.000125, 0.000125, 0.000125, 0.000125, 0.000125, 0.000125,
0.000125, 0.000125, 0.000125, 0.000125, 0.000125, 0.000125, 0.000125, 0.000125, 0.000125, 0.000125,
0.000125]
[14, 18, 11, 5, 2, 1, 11, 15, 15, 12,
11, 5, 18, 15, 0, 1, 0, 16, 10, 1,
5, 2, 7, 9, 14, 4, 18, 13, 18, 18,
4, 5, 3, 19, 14, 18, 15, 9, 10, 8,
11, 1, 6, 10, 14, 7, 12, 6, 18, 13,
19, 5, 4, 9, 4, 10, 14, 1, 5, 16,
5]
------------------------------------------------------- 
# stage = 4	# children c = 20	length of each stage p = 1	nodes = 60	# items I = 1
