[5, 22, 64, 26, 15, 53, 7, 42, 97, 61,
31, 30, 87, 50, 24, 96, 71, 13, 2, 73,
93, 74, 3, 0, 16, 61, 18, 10, 69, 78,
73, 75, 100, 2, 0, 15, 56, 75, 23, 18,
1, 54, 48, 89, 4, 72, 50, 41, 51, 18,
14, 43, 92, 17, 9, 7, 44, 94, 85, 13,
72, 57, 54, 71, 25, 54, 52, 47, 95, 76,
65, 97, 96, 12, 85, 66, 51, 34, 7, 1,
52, 88, 11, 9, 4, 20, 84, 15, 14, 68,
28, 86, 91, 82, 22, 15, 1, 75, 29, 97,
16, 94, 93, 78, 73, 43, 44, 23, 43, 17,
91, 61, 4, 1, 36, 75, 89, 19, 90, 2,
53, 17, 54, 9, 65, 76, 92, 67, 16, 20,
29, 99, 13, 88, 77, 86, 30, 87, 75, 39,
3]
[[598, 108, 566], [81, 721, 412], [210, 154, 262], [105, 863, 364], [564, 21, 352], [724, 244, 177], [165, 671, 914], [481, 53, 670], [891, 908, 59], [841, 368, 392],
[115, 668, 500], [383, 451, 235], [795, 661, 390], [72, 767, 955], [138, 47, 679], [490, 473, 923], [668, 340, 311], [596, 821, 66], [968, 429, 974], [730, 972, 58],
[136, 789, 726], [636, 187, 192], [872, 982, 555], [964, 756, 336], [933, 895, 85], [328, 101, 558], [954, 471, 898], [279, 82, 436], [345, 752, 865], [35, 198, 553],
[93, 334, 356], [521, 971, 245], [415, 559, 242], [673, 239, 700], [711, 874, 311], [797, 217, 413], [369, 185, 884], [970, 166, 668], [420, 511, 137], [1, 248, 335],
[554, 43, 372], [612, 564, 59], [858, 682, 618], [802, 369, 559], [516, 94, 447], [828, 891, 366], [943, 963, 551], [841, 947, 419], [226, 381, 632], [65, 84, 880],
[400, 638, 923], [772, 952, 204], [831, 824, 588], [165, 640, 957], [724, 859, 753], [874, 701, 361], [254, 658, 338], [508, 215, 299], [927, 143, 382], [276, 208, 168],
[170, 311, 508], [796, 785, 474], [702, 333, 15], [304, 498, 655], [275, 925, 230], [730, 515, 931], [105, 769, 305], [443, 979, 223], [444, 921, 68], [528, 899, 277],
[696, 83, 290], [218, 581, 89], [395, 297, 422], [410, 601, 623], [767, 578, 264], [12, 25, 779], [645, 130, 264], [653, 276, 258], [578, 720, 881], [646, 951, 794],
[625, 363, 579], [915, 284, 175], [707, 679, 174], [143, 103, 478], [468, 870, 758], [732, 584, 783], [227, 244, 914], [492, 897, 204], [452, 191, 626], [347, 837, 293],
[843, 477, 657], [436, 406, 941], [313, 127, 336], [488, 959, 439], [668, 143, 25], [440, 578, 312], [238, 805, 556], [854, 13, 169], [760, 465, 360], [102, 514, 899],
[396, 371, 390], [755, 510, 499], [412, 823, 328], [748, 27, 3], [889, 397, 147], [914, 838, 725], [240, 778, 246], [498, 348, 260], [369, 810, 427], [431, 912, 644],
[345, 24, 717], [437, 481, 241], [936, 893, 767], [279, 655, 496], [970, 558, 894], [131, 189, 746], [558, 131, 240], [805, 630, 588], [767, 701, 114], [896, 147, 40],
[554, 492, 753], [286, 631, 248], [229, 582, 156], [10, 563, 513], [507, 547, 86], [117, 381, 275], [565, 939, 406], [805, 460, 738], [109, 241, 454], [223, 840, 303],
[951, 408, 497], [420, 396, 142], [669, 626, 724], [527, 338, 3], [742, 547, 551], [828, 664, 634], [805, 243, 587], [914, 750, 62], [666, 859, 5], [822, 96, 845],
[139, 750, 956]]
[[5, 5, 7, 5], [4, 2, 5, 10], [1, 10, 1, 0], [9, 7, 4, 8], [4, 6, 3, 7], [1, 2, 7, 8], [3, 6, 6, 7], [1, 5, 1, 6], [10, 6, 1, 1], [6, 4, 0, 7],
[4, 2, 6, 0], [7, 10, 8, 9], [3, 1, 3, 4], [1, 10, 10, 2], [3, 5, 9, 5], [10, 8, 9, 7], [1, 8, 8, 7], [2, 9, 4, 6], [9, 10, 4, 3], [7, 2, 1, 10],
[1, 4, 1, 0], [1, 0, 2, 5], [5, 0, 8, 2], [6, 6, 9, 7], [4, 4, 3, 4], [2, 5, 8, 9], [2, 1, 1, 9], [1, 0, 6, 2], [2, 7, 0, 4], [7, 2, 7, 10],
[0, 2, 1, 6], [8, 8, 2, 10], [2, 4, 3, 2], [9, 0, 1, 1], [2, 0, 8, 3], [1, 4, 4, 3], [0, 4, 5, 6], [5, 10, 5, 5], [1, 5, 1, 8], [0, 1, 7, 0],
[5, 9, 3, 4], [9, 2, 3, 9], [0, 0, 0, 1], [4, 2, 3, 3], [6, 6, 9, 9], [6, 1, 4, 5], [4, 3, 2, 5], [4, 8, 5, 8], [6, 6, 10, 2], [8, 2, 1, 9],
[2, 10, 8, 7], [1, 9, 10, 5], [5, 6, 4, 9], [7, 8, 1, 1], [9, 2, 4, 0], [10, 7, 8, 3], [3, 7, 3, 9], [9, 2, 5, 10], [1, 1, 4, 2], [10, 3, 8, 2],
[7, 1, 0, 1], [7, 2, 0, 5], [4, 4, 3, 1], [10, 1, 2, 2], [6, 5, 9, 3], [6, 4, 2, 7], [5, 6, 8, 4], [7, 5, 5, 1], [4, 5, 2, 0], [5, 3, 3, 7],
[5, 6, 6, 4], [5, 6, 6, 10], [1, 3, 2, 5], [7, 2, 1, 10], [6, 9, 1, 0], [1, 6, 1, 5], [10, 1, 3, 4], [4, 4, 10, 10], [9, 5, 3, 1], [1, 8, 0, 0],
[0, 0, 5, 5], [2, 4, 4, 6], [1, 3, 4, 2], [10, 3, 6, 9], [5, 7, 0, 7], [10, 10, 4, 8], [3, 6, 9, 2], [1, 10, 2, 10], [8, 5, 4, 9], [7, 6, 4, 8],
[9, 7, 9, 6], [10, 2, 2, 2], [9, 3, 10, 8], [2, 3, 3, 3], [9, 2, 5, 10], [10, 7, 9, 7], [10, 0, 3, 7], [4, 6, 2, 1], [2, 0, 7, 1], [2, 10, 2, 10],
[2, 1, 5, 2], [2, 9, 6, 1], [9, 9, 9, 8], [6, 6, 2, 3], [4, 4, 10, 9], [10, 2, 10, 1], [0, 4, 0, 1], [3, 2, 0, 3], [3, 3, 4, 4], [1, 8, 3, 10],
[6, 1, 5, 10], [5, 6, 3, 8], [10, 0, 6, 9], [0, 3, 8, 10], [7, 8, 0, 9], [9, 9, 10, 10], [1, 3, 3, 3], [9, 6, 0, 3], [6, 4, 2, 0], [8, 3, 8, 5],
[2, 1, 3, 0], [4, 9, 10, 10], [4, 10, 8, 2], [8, 5, 2, 8], [7, 5, 9, 5], [1, 9, 8, 7], [0, 9, 5, 8], [10, 1, 2, 1], [2, 3, 2, 5], [10, 1, 4, 4],
[10, 10, 6, 5], [2, 8, 2, 9], [3, 0, 4, 2], [8, 10, 9, 6], [6, 3, 4, 6], [2, 4, 7, 5], [6, 7, 8, 5], [7, 1, 9, 6], [9, 3, 9, 0], [0, 1, 10, 1],
[10, 1, 3, 7]]
[1, 0.05, 0.05, 0.05, 0.05, 0.05, 0.05, 0.05, 0.05, 0.05,
0.05, 0.05, 0.05, 0.05, 0.05, 0.05, 0.05, 0.05, 0.05, 0.05,
0.05, 0.0025, 0.0025, 0.0025, 0.0025, 0.0025, 0.0025, 0.0025, 0.0025, 0.0025,
0.0025, 0.0025, 0.0025, 0.0025, 0.0025, 0.0025, 0.0025, 0.0025, 0.0025, 0.0025,
0.0025, 0.000125, 0.000125, 0.000125, 0.000125, 0.000125, 0.000125, 0.000125, 0.000125, 0.000125,
0.000125, 0.000125, 0.000125, 0.000125, 0.000125, 0.000125, 0.000125, 0.000125, 0.000125, 0.000125,
0.000125, 6.25e-06, 6.25e-06, 6.25e-06, 6.25e-06, 6.25e-06, 6.25e-06, 6.25e-06, 6.25e-06, 6.25e-06,
6.25e-06, 6.25e-06, 6.25e-06, 6.25e-06, 6.25e-06, 6.25e-06, 6.25e-06, 6.25e-06, 6.25e-06, 6.25e-06,
6.25e-06, 3.125e-07, 3.125e-07, 3.125e-07, 3.125e-07, 3.125e-07, 3.125e-07, 3.125e-07, 3.125e-07, 3.125e-07,
3.125e-07, 3.125e-07, 3.125e-07, 3.125e-07, 3.125e-07, 3.125e-07, 3.125e-07, 3.125e-07, 3.125e-07, 3.125e-07,
3.125e-07, 1.5625e-08, 1.5625e-08, 1.5625e-08, 1.5625e-08, 1.5625e-08, 1.5625e-08, 1.5625e-08, 1.5625e-08, 1.5625e-08,
1.5625e-08, 1.5625e-08, 1.5625e-08, 1.5625e-08, 1.5625e-08, 1.5625e-08, 1.5625e-08, 1.5625e-08, 1.5625e-08, 1.5625e-08,
1.5625e-08, 7.8125e-10, 7.8125e-10, 7.8125e-10, 7.8125e-10, 7.8125e-10, 7.8125e-10, 7.8125e-10, 7.8125e-10, 7.8125e-10,
7.8125e-10, 7.8125e-10, 7.8125e-10, 7.8125e-10, 7.8125e-10, 7.8125e-10, 7.8125e-10, 7.8125e-10, 7.8125e-10, 7.8125e-10,
7.8125e-10]
[12, 3, 16, 16, 17, 12, 9, 0, 18, 15,
7, 16, 0, 6, 11, 2, 1, 7, 16, 8,
2, 19, 6, 15, 13, 3, 19, 3, 3, 11,
18, 1, 2, 9, 16, 4, 10, 14, 7, 13,
11, 4, 8, 14, 2, 1, 10, 0, 15, 15,
18, 2, 14, 9, 10, 13, 11, 4, 10, 15,
16, 4, 3, 3, 17, 14, 9, 9, 17, 17,
13, 12, 5, 7, 0, 19, 3, 7, 12, 9,
1, 17, 4, 7, 9, 12, 11, 10, 14, 3,
4, 2, 10, 17, 13, 11, 7, 17, 19, 9,
5, 6, 18, 5, 18, 10, 3, 13, 15, 7,
13, 6, 11, 16, 12, 3, 18, 18, 18, 13,
3, 2, 1, 3, 2, 8, 1, 0, 10, 7,
13, 16, 13, 0, 9, 12, 2, 3, 6, 3,
9]
------------------------------------------------------- 
# stage = 8	# children c = 20	length of each stage p = 1	nodes = 140	# items I = 1
