[88, 45, 27, 88, 68, 68, 3, 79, 22, 12,
76, 81, 76, 32, 18, 49, 82, 92, 70, 29,
34, 28, 96, 80, 62, 97, 23, 29, 21, 55,
11]
[[3695, 1884, 1280], [192, 362, 700], [2923, 2182, 2509], [621, 3093, 306], [2010, 815, 1545], [1954, 1810, 2421], [2151, 920, 633], [3560, 1134, 2006], [1000, 156, 3720], [2005, 1481, 343],
[504, 2941, 3733], [3290, 897, 353], [1754, 79, 2535], [522, 700, 1887], [828, 475, 466], [137, 193, 40], [2559, 2344, 961], [3192, 3668, 3601], [1456, 926, 15], [2941, 2932, 3002],
[3284, 1200, 2201], [3275, 748, 3099], [1393, 266, 942], [186, 788, 3148], [3579, 3123, 3623], [1810, 3260, 74], [1850, 3583, 182], [575, 798, 108], [434, 18, 2541], [1955, 2959, 1731],
[1216, 265, 695]]
[[9, 4, 5, 7], [2, 0, 8, 5], [1, 1, 7, 5], [0, 1, 4, 4], [9, 9, 1, 7], [7, 10, 8, 0], [0, 1, 4, 8], [3, 10, 6, 10], [4, 9, 6, 4], [9, 4, 8, 8],
[5, 4, 2, 3], [5, 6, 7, 3], [2, 7, 8, 9], [6, 4, 8, 4], [5, 1, 2, 7], [10, 6, 6, 1], [4, 0, 3, 0], [2, 0, 8, 7], [4, 9, 8, 7], [4, 4, 8, 5],
[0, 6, 1, 5], [8, 9, 9, 0], [9, 9, 7, 8], [2, 1, 7, 6], [1, 10, 4, 3], [9, 2, 8, 2], [0, 5, 8, 2], [7, 5, 7, 6], [9, 9, 0, 6], [5, 7, 7, 3],
[4, 1, 9, 6]]
[1, 0.1, 0.1, 0.1, 0.1, 0.1, 0.1, 0.1, 0.1, 0.1,
0.1, 0.01, 0.01, 0.01, 0.01, 0.01, 0.01, 0.01, 0.01, 0.01,
0.01, 0.001, 0.001, 0.001, 0.001, 0.001, 0.001, 0.001, 0.001, 0.001,
0.001]
[13, 18, 16, 5, 12, 10, 3, 2, 4, 14,
14, 6, 17, 0, 2, 16, 10, 5, 14, 5,
5, 5, 0, 18, 1, 17, 6, 15, 12, 16,
15]
------------------------------------------------------- 
# stage = 4	# children c = 10	length of each stage p = 1	nodes = 30	# items I = 1
