[26, 38, 63, 56, 40, 66, 23, 8, 17, 98,
18, 100, 92, 62, 39, 12, 68, 64, 45, 31,
55, 92, 82, 41, 44, 70, 69, 88, 35, 98,
51, 27, 35, 13, 50, 42, 46, 73, 50, 63,
36, 68, 28, 28, 30, 68, 6, 64, 98, 51,
61, 52, 43, 43, 59, 53, 79, 28, 40, 80,
92, 57, 7, 94, 37, 23, 35, 83, 62, 85,
45]
[[527, 1316, 856], [1753, 698, 837], [1036, 374, 1103], [1621, 1541, 272], [1772, 195, 6], [133, 1216, 1566], [898, 890, 972], [567, 1205, 732], [1362, 1634, 1643], [117, 1150, 736],
[1642, 653, 1029], [707, 614, 1727], [520, 626, 1077], [599, 455, 1594], [871, 1203, 1790], [1645, 1336, 190], [395, 443, 1080], [1367, 1778, 494], [1076, 1348, 1104], [927, 441, 1230],
[639, 292, 91], [644, 1767, 1473], [1347, 495, 308], [632, 1095, 763], [435, 942, 175], [1201, 1564, 487], [1391, 935, 1698], [1448, 511, 1684], [918, 563, 217], [998, 466, 658],
[437, 1105, 1718], [1296, 726, 1693], [978, 281, 1165], [262, 914, 1236], [1, 325, 1154], [176, 1526, 926], [1432, 101, 70], [1338, 1549, 1349], [207, 1443, 120], [1192, 650, 586],
[826, 63, 667], [753, 1359, 1393], [1422, 1313, 1675], [795, 1575, 1565], [1007, 1577, 98], [370, 729, 600], [272, 1137, 701], [1110, 1452, 1227], [667, 1659, 1646], [1555, 1059, 504],
[1117, 93, 1335], [1785, 1614, 1671], [362, 1245, 1192], [245, 1016, 1744], [786, 232, 505], [884, 1370, 210], [460, 1642, 1348], [138, 961, 1008], [341, 604, 1643], [195, 368, 910],
[1468, 1485, 1771], [1011, 454, 1594], [890, 817, 23], [1059, 38, 1039], [1011, 825, 1271], [492, 685, 1617], [1470, 1146, 1468], [2, 1284, 1405], [1778, 1625, 985], [1629, 796, 1353],
[1515, 472, 23]]
[[5, 5, 5, 0], [0, 9, 9, 9], [6, 3, 3, 9], [5, 1, 1, 10], [3, 6, 6, 5], [5, 3, 4, 4], [2, 9, 3, 9], [1, 8, 2, 4], [2, 7, 4, 1], [3, 1, 10, 7],
[4, 2, 5, 7], [4, 5, 4, 7], [0, 10, 10, 3], [1, 3, 7, 3], [1, 8, 2, 1], [5, 2, 5, 8], [7, 8, 9, 10], [9, 8, 6, 0], [8, 10, 7, 1], [2, 0, 7, 0],
[0, 6, 4, 10], [10, 0, 2, 9], [9, 2, 10, 1], [4, 5, 9, 0], [2, 5, 8, 9], [0, 2, 9, 9], [1, 5, 8, 1], [3, 4, 1, 1], [0, 5, 0, 8], [4, 3, 4, 2],
[3, 4, 3, 8], [7, 0, 6, 9], [3, 2, 5, 2], [4, 3, 0, 3], [6, 6, 4, 9], [9, 5, 0, 7], [0, 0, 4, 2], [1, 8, 4, 3], [10, 5, 0, 6], [3, 4, 2, 7],
[6, 7, 9, 10], [10, 7, 2, 3], [0, 6, 2, 9], [10, 0, 5, 8], [9, 7, 10, 9], [5, 1, 1, 2], [4, 10, 9, 8], [3, 0, 2, 8], [8, 9, 7, 5], [3, 8, 9, 3],
[1, 9, 2, 9], [9, 7, 6, 7], [4, 5, 5, 7], [4, 6, 9, 9], [3, 5, 4, 7], [6, 6, 4, 1], [2, 9, 4, 5], [4, 2, 8, 4], [9, 8, 2, 7], [3, 9, 2, 5],
[1, 5, 1, 6], [10, 8, 2, 2], [3, 6, 9, 7], [10, 0, 6, 10], [8, 10, 4, 1], [0, 10, 3, 9], [8, 6, 4, 9], [2, 6, 3, 3], [9, 2, 7, 8], [10, 9, 0, 0],
[2, 7, 5, 10]]
[1, 0.1, 0.1, 0.1, 0.1, 0.1, 0.1, 0.1, 0.1, 0.1,
0.1, 0.01, 0.01, 0.01, 0.01, 0.01, 0.01, 0.01, 0.01, 0.01,
0.01, 0.001, 0.001, 0.001, 0.001, 0.001, 0.001, 0.001, 0.001, 0.001,
0.001, 0.0001, 0.0001, 0.0001, 0.0001, 0.0001, 0.0001, 0.0001, 0.0001, 0.0001,
0.0001, 1e-05, 1e-05, 1e-05, 1e-05, 1e-05, 1e-05, 1e-05, 1e-05, 1e-05,
1e-05, 1e-06, 1e-06, 1e-06, 1e-06, 1e-06, 1e-06, 1e-06, 1e-06, 1e-06,
1e-06, 1e-07, 1e-07, 1e-07, 1e-07, 1e-07, 1e-07, 1e-07, 1e-07, 1e-07,
1e-07]
[2, 9, 6, 9, 7, 16, 14, 8, 15, 3,
11, 0, 5, 10, 3, 4, 9, 2, 3, 0,
0, 15, 8, 9, 8, 13, 17, 9, 0, 5,
15, 7, 2, 1, 17, 14, 12, 9, 15, 4,
14, 6, 10, 15, 12, 13, 10, 11, 8, 16,
9, 2, 2, 4, 10, 1, 5, 17, 16, 4,
14, 16, 16, 17, 1, 9, 4, 13, 2, 2,
3]
------------------------------------------------------- 
# stage = 8	# children c = 10	length of each stage p = 1	nodes = 70	# items I = 1
