[94, 16, 92, 54, 17, 79, 41, 86, 41, 16,
17, 19, 94, 77, 79, 99, 64, 69, 87, 50,
12, 30, 91, 3, 78, 49, 80, 25, 92, 10,
69, 85, 26, 61, 38, 44, 5, 46, 96, 13,
62, 12, 32, 21, 55, 10, 86, 18, 45, 72,
34]
[[1210, 243, 1082], [1148, 3374, 3433], [2117, 2123, 3487], [681, 657, 2595], [3191, 342, 3157], [3950, 3080, 108], [2763, 964, 3406], [1407, 3585, 1734], [1161, 2527, 2564], [338, 3756, 3278],
[3298, 4187, 2742], [20, 974, 1755], [3453, 2313, 3878], [1800, 2994, 3756], [3617, 1045, 4099], [2413, 4216, 2818], [1742, 2619, 3003], [787, 3247, 1448], [1742, 47, 3976], [3528, 385, 2592],
[2445, 2905, 2418], [826, 2925, 2613], [2581, 1238, 565], [1319, 2260, 2781], [714, 737, 3826], [4034, 2371, 2903], [1712, 4114, 382], [354, 540, 3629], [1803, 1504, 2897], [639, 671, 2504],
[3231, 3116, 1048], [1288, 3942, 3194], [3901, 1383, 71], [3688, 1923, 1552], [2108, 1858, 2289], [794, 1532, 300], [2918, 3244, 53], [3300, 2820, 4175], [1789, 262, 1318], [326, 901, 1989],
[2051, 4132, 4326], [3099, 280, 3907], [1932, 3402, 150], [1224, 2729, 2073], [2777, 4058, 3932], [705, 4074, 324], [226, 2631, 3568], [3861, 792, 2027], [2897, 2581, 1510], [4215, 2907, 1632],
[1065, 597, 624]]
[[6, 2, 9, 3], [3, 7, 4, 4], [7, 10, 2, 3], [8, 4, 2, 6], [8, 7, 0, 8], [2, 1, 6, 6], [8, 8, 10, 6], [6, 10, 1, 10], [10, 10, 2, 0], [5, 6, 5, 10],
[6, 5, 2, 1], [7, 4, 7, 4], [9, 7, 2, 10], [6, 6, 5, 3], [3, 4, 7, 9], [3, 9, 6, 1], [6, 8, 1, 0], [4, 4, 10, 8], [9, 0, 9, 3], [4, 5, 8, 1],
[10, 8, 0, 5], [3, 5, 6, 6], [9, 3, 3, 0], [1, 9, 10, 7], [5, 0, 6, 9], [3, 3, 4, 10], [3, 2, 3, 6], [5, 0, 7, 4], [8, 7, 7, 9], [10, 2, 2, 6],
[5, 3, 4, 6], [0, 3, 1, 5], [2, 7, 3, 5], [10, 5, 4, 3], [7, 7, 9, 1], [5, 3, 3, 0], [10, 10, 7, 7], [10, 10, 2, 5], [2, 7, 9, 0], [10, 10, 5, 1],
[6, 6, 6, 4], [0, 9, 5, 5], [3, 1, 4, 7], [4, 7, 7, 1], [4, 4, 8, 4], [1, 10, 7, 1], [6, 5, 2, 4], [3, 7, 5, 7], [1, 10, 0, 1], [6, 5, 7, 7],
[6, 0, 3, 8]]
[1, 0.1, 0.1, 0.1, 0.1, 0.1, 0.1, 0.1, 0.1, 0.1,
0.1, 0.01, 0.01, 0.01, 0.01, 0.01, 0.01, 0.01, 0.01, 0.01,
0.01, 0.001, 0.001, 0.001, 0.001, 0.001, 0.001, 0.001, 0.001, 0.001,
0.001, 0.0001, 0.0001, 0.0001, 0.0001, 0.0001, 0.0001, 0.0001, 0.0001, 0.0001,
0.0001, 1e-05, 1e-05, 1e-05, 1e-05, 1e-05, 1e-05, 1e-05, 1e-05, 1e-05,
1e-05]
[10, 0, 7, 1, 5, 10, 3, 8, 6, 1,
10, 0, 6, 1, 4, 7, 1, 1, 2, 8,
1, 6, 0, 1, 3, 0, 1, 4, 4, 2,
0, 0, 2, 5, 1, 9, 8, 1, 3, 1,
3, 7, 9, 10, 1, 8, 8, 10, 6, 0,
8]
------------------------------------------------------- 
# stage = 6	# children c = 10	length of each stage p = 1	nodes = 50	# items I = 1
