[49, 22, 68, 72, 70, 86, 67, 1, 8, 65,
27, 86, 53, 52, 42, 78, 81, 14, 47, 91,
76, 36, 56, 26, 41, 78, 65, 0, 85, 47,
12, 0, 35, 81, 72, 4, 66, 4, 5, 40,
69, 99, 93, 89, 16, 0, 32, 63, 15, 79,
53, 57, 15, 75, 83, 56, 18, 14, 22, 3,
61, 35, 70, 62, 82, 41, 66, 13, 45, 37,
20]
[[2050, 438, 932], [1760, 2157, 2142], [572, 1379, 1651], [2210, 618, 1162], [789, 392, 285], [302, 1497, 1446], [990, 82, 1573], [2077, 1972, 199], [2239, 1141, 845], [382, 1335, 67],
[1725, 1582, 945], [414, 1100, 859], [753, 2112, 2239], [161, 2079, 1054], [1764, 1066, 1446], [246, 1368, 700], [1692, 555, 782], [1462, 389, 951], [1662, 825, 2092], [704, 1207, 1185],
[771, 1129, 964], [2157, 1543, 2064], [1213, 53, 130], [1209, 655, 2210], [460, 176, 1473], [1906, 862, 598], [803, 311, 1153], [2026, 1773, 1982], [734, 1632, 564], [1024, 94, 2212],
[2209, 1305, 1098], [1370, 1659, 399], [1192, 630, 892], [1762, 36, 1987], [1729, 497, 360], [959, 600, 1222], [1997, 1404, 1533], [1347, 1627, 1504], [1086, 118, 893], [1651, 1142, 1427],
[1620, 1548, 490], [915, 1116, 2149], [1314, 65, 976], [404, 1827, 1013], [148, 1754, 1510], [949, 910, 2110], [2171, 665, 1711], [1902, 2012, 1535], [1163, 856, 2094], [253, 704, 1433],
[1681, 521, 739], [368, 1436, 1855], [714, 948, 117], [1691, 1792, 141], [901, 137, 92], [168, 1086, 1003], [475, 1455, 2108], [384, 1114, 1877], [1919, 34, 930], [1770, 287, 2074],
[961, 165, 792], [2140, 973, 426], [2192, 1688, 1814], [506, 1576, 1363], [1087, 234, 1940], [1180, 842, 784], [380, 1317, 2239], [245, 2141, 1550], [2122, 1818, 1584], [1250, 1345, 68],
[1081, 503, 674]]
[[10, 2, 8, 10], [7, 0, 3, 0], [2, 10, 5, 2], [10, 2, 9, 8], [2, 7, 1, 1], [2, 4, 6, 10], [7, 8, 7, 7], [5, 5, 1, 3], [5, 9, 0, 1], [7, 2, 1, 10],
[1, 7, 1, 0], [7, 10, 6, 7], [5, 7, 7, 5], [10, 2, 3, 4], [9, 10, 0, 1], [2, 1, 4, 7], [8, 5, 9, 3], [7, 10, 2, 6], [4, 3, 4, 0], [0, 10, 8, 3],
[4, 2, 9, 1], [4, 1, 6, 2], [9, 4, 4, 1], [4, 6, 8, 10], [0, 4, 2, 5], [4, 2, 9, 6], [5, 2, 7, 4], [10, 2, 7, 2], [4, 3, 3, 6], [4, 7, 9, 1],
[10, 0, 2, 1], [6, 8, 0, 5], [2, 1, 10, 4], [3, 7, 8, 7], [9, 4, 0, 7], [4, 7, 9, 6], [0, 10, 0, 2], [7, 9, 1, 6], [7, 3, 7, 2], [10, 5, 7, 10],
[4, 5, 1, 8], [10, 9, 2, 6], [1, 2, 2, 3], [7, 9, 8, 5], [9, 8, 6, 5], [4, 7, 9, 0], [9, 5, 0, 6], [8, 6, 5, 2], [9, 4, 8, 8], [2, 10, 3, 1],
[10, 6, 5, 4], [4, 2, 10, 2], [10, 3, 5, 1], [10, 3, 1, 8], [6, 1, 3, 4], [5, 6, 4, 3], [10, 10, 0, 0], [7, 4, 1, 6], [8, 4, 10, 10], [6, 7, 2, 3],
[10, 5, 4, 8], [9, 3, 5, 4], [3, 7, 6, 8], [0, 10, 1, 9], [9, 10, 7, 5], [1, 8, 9, 9], [0, 7, 9, 6], [1, 9, 8, 10], [3, 10, 7, 10], [3, 10, 4, 4],
[4, 8, 1, 5]]
[1, 0.1, 0.1, 0.1, 0.1, 0.1, 0.1, 0.1, 0.1, 0.1,
0.1, 0.01, 0.01, 0.01, 0.01, 0.01, 0.01, 0.01, 0.01, 0.01,
0.01, 0.001, 0.001, 0.001, 0.001, 0.001, 0.001, 0.001, 0.001, 0.001,
0.001, 0.0001, 0.0001, 0.0001, 0.0001, 0.0001, 0.0001, 0.0001, 0.0001, 0.0001,
0.0001, 1e-05, 1e-05, 1e-05, 1e-05, 1e-05, 1e-05, 1e-05, 1e-05, 1e-05,
1e-05, 1e-06, 1e-06, 1e-06, 1e-06, 1e-06, 1e-06, 1e-06, 1e-06, 1e-06,
1e-06, 1e-07, 1e-07, 1e-07, 1e-07, 1e-07, 1e-07, 1e-07, 1e-07, 1e-07,
1e-07]
[5, 5, 18, 4, 11, 0, 21, 10, 0, 21,
5, 20, 11, 11, 4, 11, 16, 20, 6, 22,
10, 3, 19, 16, 22, 22, 13, 17, 20, 10,
2, 0, 14, 2, 16, 2, 12, 22, 7, 22,
0, 0, 12, 10, 17, 5, 6, 9, 20, 5,
1, 11, 6, 22, 14, 9, 14, 16, 20, 7,
11, 22, 6, 2, 8, 10, 8, 16, 20, 17,
3]
------------------------------------------------------- 
# stage = 8	# children c = 10	length of each stage p = 1	nodes = 70	# items I = 1
