[23, 65, 28, 97, 3, 16, 45, 28, 84, 14,
25, 88, 70, 64, 26, 78, 86, 80, 14, 40,
39, 26, 21, 79, 80, 75, 18, 45, 55, 73,
52, 44, 37, 47, 6, 6, 63, 51, 35, 12,
66, 26, 66, 35, 56, 92, 80, 41, 38, 94,
48]
[[3147, 3653, 2149], [309, 543, 2742], [3622, 35, 641], [378, 1233, 2207], [3545, 3665, 1180], [595, 1010, 3570], [2775, 2802, 3341], [2090, 3540, 1859], [3202, 437, 2631], [2534, 1214, 581],
[1016, 333, 516], [2856, 332, 750], [1570, 3644, 785], [1901, 304, 2018], [390, 3540, 1655], [1260, 417, 2665], [1113, 3192, 1749], [426, 1254, 1261], [1975, 739, 1388], [888, 3273, 2602],
[1469, 261, 2626], [1986, 2807, 2958], [2736, 659, 2885], [3211, 2250, 2879], [1202, 2641, 2391], [2857, 183, 2498], [1495, 986, 1663], [2934, 1102, 2917], [478, 3077, 3346], [1556, 248, 2591],
[441, 1717, 2853], [2757, 3703, 1942], [1997, 2411, 2292], [854, 1905, 824], [16, 3107, 3155], [2097, 1936, 3029], [878, 3431, 3705], [2541, 2648, 1090], [1740, 2816, 449], [1369, 654, 697],
[242, 785, 2415], [2785, 3542, 2090], [700, 1512, 474], [2682, 2366, 2379], [3196, 2072, 1458], [2634, 452, 3394], [1635, 1330, 2798], [1622, 153, 1728], [2712, 1583, 516], [2852, 2952, 1170],
[3549, 2885, 1956]]
[[0, 5, 9, 8], [3, 5, 1, 3], [9, 6, 5, 10], [2, 9, 3, 7], [9, 4, 7, 1], [10, 0, 1, 6], [3, 3, 2, 7], [5, 7, 5, 5], [0, 1, 1, 3], [4, 2, 4, 1],
[8, 10, 0, 8], [6, 2, 3, 5], [6, 10, 4, 3], [10, 3, 9, 1], [4, 1, 8, 9], [6, 0, 4, 6], [1, 5, 8, 3], [7, 1, 4, 2], [9, 5, 9, 5], [5, 1, 8, 9],
[9, 1, 1, 7], [2, 10, 8, 7], [9, 3, 5, 5], [3, 9, 0, 2], [1, 6, 5, 8], [8, 10, 9, 4], [2, 7, 7, 5], [6, 2, 3, 4], [3, 2, 9, 6], [10, 6, 0, 9],
[9, 5, 1, 10], [2, 10, 1, 3], [6, 5, 10, 1], [2, 8, 5, 2], [2, 0, 7, 6], [2, 8, 8, 4], [8, 7, 8, 7], [2, 8, 3, 1], [2, 4, 0, 2], [4, 0, 6, 8],
[5, 5, 9, 5], [0, 3, 7, 2], [1, 1, 8, 4], [9, 5, 6, 4], [1, 3, 9, 2], [0, 2, 3, 0], [4, 1, 3, 8], [10, 7, 5, 2], [1, 1, 7, 1], [3, 3, 1, 4],
[4, 7, 6, 0]]
[1, 0.1, 0.1, 0.1, 0.1, 0.1, 0.1, 0.1, 0.1, 0.1,
0.1, 0.01, 0.01, 0.01, 0.01, 0.01, 0.01, 0.01, 0.01, 0.01,
0.01, 0.001, 0.001, 0.001, 0.001, 0.001, 0.001, 0.001, 0.001, 0.001,
0.001, 0.0001, 0.0001, 0.0001, 0.0001, 0.0001, 0.0001, 0.0001, 0.0001, 0.0001,
0.0001, 1e-05, 1e-05, 1e-05, 1e-05, 1e-05, 1e-05, 1e-05, 1e-05, 1e-05,
1e-05]
[14, 18, 2, 2, 5, 13, 0, 13, 11, 14,
15, 13, 11, 16, 7, 11, 1, 12, 14, 1,
7, 14, 13, 9, 9, 11, 13, 14, 6, 9,
14, 17, 5, 13, 0, 10, 4, 8, 7, 3,
16, 16, 13, 10, 0, 12, 14, 1, 17, 10,
4]
------------------------------------------------------- 
# stage = 6	# children c = 10	length of each stage p = 1	nodes = 50	# items I = 1
