[83, 58, 90, 98, 11, 47, 16, 80, 79, 58,
90, 10, 23, 49, 78, 12, 38, 87, 65, 0,
44, 49, 48, 30, 100, 94, 9, 5, 3, 64,
98, 86, 88, 54, 84, 99, 67, 66, 79, 45,
90, 34, 55, 12, 84, 100, 91, 88, 86, 55,
54, 29, 4, 1, 59, 70, 61, 34, 75, 64,
98]
[[226, 1529, 974], [1320, 483, 1799], [1147, 892, 953], [286, 795, 531], [1533, 448, 101], [97, 1373, 1194], [1449, 113, 1744], [922, 231, 566], [1029, 791, 369], [1708, 728, 1336],
[878, 954, 805], [1669, 398, 1104], [1592, 1362, 1812], [485, 1464, 731], [832, 1121, 995], [933, 1034, 308], [67, 607, 422], [1811, 1346, 469], [502, 315, 1261], [687, 1839, 113],
[1839, 842, 883], [584, 451, 1282], [1688, 167, 584], [1440, 469, 172], [296, 1301, 1110], [1107, 175, 268], [1416, 242, 692], [1838, 178, 1854], [247, 496, 293], [1508, 999, 73],
[1437, 963, 915], [445, 1363, 1366], [1543, 992, 1349], [67, 556, 1634], [55, 668, 1060], [1165, 1776, 1051], [1250, 1132, 1109], [1758, 910, 1287], [1736, 1157, 1599], [1845, 606, 723],
[42, 167, 1502], [773, 428, 989], [263, 1787, 105], [1429, 1670, 478], [1187, 1726, 1146], [187, 831, 862], [1054, 205, 118], [288, 1779, 844], [1391, 1639, 126], [1115, 1425, 732],
[1838, 1467, 715], [1280, 181, 960], [209, 260, 687], [131, 1689, 482], [609, 817, 148], [1755, 1004, 979], [558, 183, 1001], [676, 287, 904], [1337, 1678, 484], [1463, 917, 33],
[135, 695, 1316]]
[[10, 3, 2, 1], [0, 2, 2, 0], [0, 6, 1, 2], [8, 8, 6, 9], [9, 2, 8, 7], [0, 10, 4, 1], [8, 6, 1, 3], [2, 10, 0, 1], [0, 2, 0, 9], [4, 2, 9, 5],
[8, 9, 5, 4], [6, 9, 2, 4], [0, 8, 9, 9], [8, 0, 10, 3], [7, 0, 6, 9], [8, 4, 8, 9], [4, 8, 7, 7], [8, 4, 10, 6], [2, 4, 8, 8], [2, 8, 10, 0],
[6, 9, 7, 1], [9, 6, 4, 3], [4, 8, 10, 1], [0, 5, 8, 4], [0, 3, 9, 9], [5, 8, 2, 7], [1, 10, 2, 1], [7, 10, 10, 0], [8, 6, 1, 5], [1, 3, 6, 3],
[10, 6, 5, 10], [0, 0, 1, 1], [1, 0, 10, 6], [8, 1, 0, 8], [9, 0, 7, 5], [0, 5, 4, 6], [0, 3, 0, 0], [7, 5, 3, 4], [0, 6, 1, 0], [5, 2, 10, 4],
[0, 7, 9, 7], [8, 9, 2, 4], [8, 9, 8, 8], [1, 1, 3, 0], [4, 2, 9, 0], [7, 1, 4, 7], [6, 3, 5, 9], [6, 3, 2, 4], [10, 9, 0, 6], [6, 2, 10, 3],
[10, 7, 0, 9], [8, 1, 9, 2], [3, 7, 0, 10], [7, 3, 4, 0], [6, 8, 9, 10], [0, 9, 4, 10], [8, 2, 5, 3], [3, 5, 4, 2], [1, 4, 9, 8], [5, 8, 10, 7],
[4, 8, 4, 0]]
[1, 0.1, 0.1, 0.1, 0.1, 0.1, 0.1, 0.1, 0.1, 0.1,
0.1, 0.01, 0.01, 0.01, 0.01, 0.01, 0.01, 0.01, 0.01, 0.01,
0.01, 0.001, 0.001, 0.001, 0.001, 0.001, 0.001, 0.001, 0.001, 0.001,
0.001, 0.0001, 0.0001, 0.0001, 0.0001, 0.0001, 0.0001, 0.0001, 0.0001, 0.0001,
0.0001, 1e-05, 1e-05, 1e-05, 1e-05, 1e-05, 1e-05, 1e-05, 1e-05, 1e-05,
1e-05, 1e-06, 1e-06, 1e-06, 1e-06, 1e-06, 1e-06, 1e-06, 1e-06, 1e-06,
1e-06]
[9, 12, 10, 1, 0, 11, 2, 14, 13, 4,
5, 10, 0, 12, 8, 12, 16, 15, 15, 9,
1, 2, 11, 7, 11, 10, 18, 18, 5, 11,
9, 7, 4, 7, 16, 12, 13, 17, 6, 7,
10, 8, 12, 2, 15, 7, 12, 9, 11, 17,
11, 0, 0, 4, 17, 17, 3, 15, 13, 9,
9]
------------------------------------------------------- 
# stage = 7	# children c = 10	length of each stage p = 1	nodes = 60	# items I = 1
