[50, 50, 42, 35, 7, 43, 68, 78, 48, 2,
32, 26, 16, 42, 85, 27, 18, 72, 70, 75,
96, 41, 27, 53, 6, 2, 61, 66, 39, 46,
41, 89, 62, 49, 91, 70, 58, 58, 47, 72,
26]
[[3645, 3203, 447], [193, 572, 2501], [3552, 2187, 1717], [1737, 554, 4012], [1714, 2464, 616], [3984, 520, 3882], [1099, 2863, 1783], [4079, 3866, 424], [91, 3384, 121], [1014, 3933, 3234],
[623, 3495, 2202], [1070, 3688, 2926], [3571, 3157, 1031], [1205, 660, 1737], [983, 2526, 4201], [1599, 2275, 638], [1398, 3526, 3653], [3181, 3370, 3437], [3757, 3614, 2586], [4031, 393, 2436],
[3030, 1168, 1848], [1149, 2238, 1301], [4227, 1726, 224], [1023, 2932, 1036], [2760, 4067, 3562], [2879, 1431, 1754], [3517, 2982, 1045], [3088, 1928, 180], [2290, 1603, 3946], [793, 1551, 256],
[3381, 498, 1424], [994, 1647, 3662], [2447, 1791, 1306], [2671, 2815, 3], [3707, 1492, 4070], [3186, 288, 1418], [705, 3806, 165], [1902, 2811, 2246], [2235, 1018, 4001], [1946, 1811, 1317],
[2203, 1109, 1815]]
[[9, 5, 10, 4], [10, 4, 2, 0], [5, 1, 10, 4], [0, 0, 9, 2], [3, 7, 3, 4], [10, 6, 7, 5], [5, 5, 4, 8], [4, 6, 7, 0], [9, 6, 4, 8], [8, 6, 9, 1],
[8, 6, 3, 6], [4, 1, 6, 8], [8, 7, 10, 5], [3, 6, 8, 6], [0, 1, 4, 2], [6, 0, 2, 4], [4, 4, 0, 0], [9, 7, 1, 6], [2, 4, 10, 4], [4, 3, 1, 1],
[0, 10, 5, 1], [5, 2, 7, 4], [4, 0, 4, 8], [9, 5, 10, 3], [9, 10, 3, 7], [6, 2, 0, 6], [4, 8, 0, 8], [1, 10, 10, 10], [9, 4, 0, 2], [6, 5, 6, 8],
[6, 10, 3, 2], [4, 3, 5, 1], [2, 6, 6, 7], [8, 7, 0, 2], [4, 0, 10, 3], [9, 7, 0, 7], [9, 0, 9, 3], [6, 2, 9, 10], [0, 2, 1, 4], [5, 5, 3, 7],
[0, 10, 1, 7]]
[1, 0.1, 0.1, 0.1, 0.1, 0.1, 0.1, 0.1, 0.1, 0.1,
0.1, 0.01, 0.01, 0.01, 0.01, 0.01, 0.01, 0.01, 0.01, 0.01,
0.01, 0.001, 0.001, 0.001, 0.001, 0.001, 0.001, 0.001, 0.001, 0.001,
0.001, 0.0001, 0.0001, 0.0001, 0.0001, 0.0001, 0.0001, 0.0001, 0.0001, 0.0001,
0.0001]
[0, 6, 4, 2, 4, 7, 8, 1, 7, 7,
2, 8, 6, 5, 9, 5, 0, 2, 10, 2,
4, 7, 5, 7, 6, 4, 10, 5, 0, 0,
2, 6, 1, 3, 10, 1, 1, 1, 1, 6,
9]
------------------------------------------------------- 
# stage = 5	# children c = 10	length of each stage p = 1	nodes = 40	# items I = 1
