[74, 63, 50, 59, 47, 7, 99, 96, 25, 86,
69, 42, 2, 0, 83, 49, 81, 14, 71, 21,
52, 9, 54, 2, 82, 42, 31, 5, 15, 34,
90, 90, 63, 39, 48, 9, 46, 13, 71, 72,
65]
[[3950, 2594, 1353], [1266, 2891, 4189], [3765, 760, 353], [545, 2601, 1605], [3082, 537, 724], [299, 3558, 2181], [2607, 333, 1635], [1224, 2675, 3764], [1340, 3646, 1839], [3980, 3401, 3370],
[2806, 2936, 1769], [3939, 3982, 464], [3712, 3551, 1004], [4065, 4096, 3385], [1254, 2763, 3922], [1979, 3062, 3064], [3940, 1473, 3178], [1380, 2697, 1437], [728, 3818, 888], [2567, 3602, 4069],
[1741, 1992, 2809], [3510, 1735, 2596], [3754, 1251, 1731], [563, 900, 1412], [3728, 2155, 4175], [3455, 3914, 2821], [2323, 3658, 4074], [1305, 622, 2355], [2743, 1350, 1977], [3411, 3697, 1384],
[3284, 1243, 3376], [1678, 337, 696], [4054, 4092, 1727], [1369, 239, 2628], [2561, 3967, 587], [2540, 3006, 305], [945, 914, 3743], [823, 1999, 4146], [2959, 326, 1080], [740, 3737, 582],
[1904, 2606, 1825]]
[[0, 2, 3, 4], [6, 7, 7, 2], [1, 5, 7, 7], [4, 9, 3, 5], [6, 4, 3, 10], [9, 2, 9, 5], [7, 0, 3, 9], [4, 9, 4, 2], [0, 7, 7, 4], [1, 1, 4, 2],
[6, 0, 7, 8], [9, 0, 3, 4], [4, 4, 1, 2], [6, 10, 5, 2], [9, 8, 1, 0], [6, 3, 2, 6], [9, 7, 8, 10], [8, 2, 0, 1], [2, 7, 8, 10], [5, 0, 1, 9],
[2, 3, 9, 8], [0, 4, 8, 9], [1, 7, 9, 6], [0, 10, 10, 9], [6, 8, 6, 2], [10, 4, 1, 10], [1, 9, 9, 4], [7, 9, 3, 9], [10, 1, 6, 10], [3, 2, 7, 3],
[9, 3, 9, 9], [2, 8, 5, 7], [5, 1, 7, 2], [5, 8, 2, 4], [7, 9, 9, 1], [7, 10, 0, 4], [9, 4, 2, 2], [6, 9, 3, 3], [10, 1, 1, 2], [7, 5, 7, 2],
[6, 1, 4, 9]]
[1, 0.1, 0.1, 0.1, 0.1, 0.1, 0.1, 0.1, 0.1, 0.1,
0.1, 0.01, 0.01, 0.01, 0.01, 0.01, 0.01, 0.01, 0.01, 0.01,
0.01, 0.001, 0.001, 0.001, 0.001, 0.001, 0.001, 0.001, 0.001, 0.001,
0.001, 0.0001, 0.0001, 0.0001, 0.0001, 0.0001, 0.0001, 0.0001, 0.0001, 0.0001,
0.0001]
[5, 2, 2, 4, 6, 2, 9, 5, 7, 10,
10, 6, 8, 10, 9, 3, 9, 2, 7, 8,
0, 8, 8, 10, 3, 3, 4, 10, 6, 10,
0, 5, 4, 5, 10, 8, 10, 7, 5, 0,
3]
------------------------------------------------------- 
# stage = 5	# children c = 10	length of each stage p = 1	nodes = 40	# items I = 1
