[88, 15, 20, 31, 1, 19, 60, 7, 25, 27,
34, 33, 52, 73, 29, 88, 14, 45, 61, 43,
71, 5, 72, 64, 13, 50, 72, 12, 21, 6,
79]
[[1470, 52, 1399], [1569, 1800, 2285], [2899, 3579, 2275], [3704, 513, 1225], [2074, 627, 2892], [3242, 178, 1803], [3121, 1580, 2245], [1369, 3532, 676], [2463, 850, 3324], [304, 872, 1557],
[3721, 2342, 1609], [1352, 117, 3435], [3637, 3043, 3221], [2144, 2979, 3734], [3395, 1260, 593], [2493, 708, 771], [502, 61, 2351], [2747, 1457, 2116], [3449, 126, 2992], [3005, 456, 70],
[769, 383, 2438], [2404, 1735, 2582], [2046, 1604, 1831], [1499, 3775, 1042], [1439, 3376, 2328], [2059, 2076, 3063], [2830, 2604, 3124], [1414, 1584, 787], [3530, 1265, 939], [2728, 503, 1395],
[2824, 1272, 1804]]
[[1, 5, 6, 9], [3, 9, 3, 1], [0, 3, 9, 2], [7, 7, 4, 8], [9, 1, 9, 7], [10, 10, 7, 7], [8, 7, 9, 10], [7, 3, 9, 6], [6, 2, 3, 9], [0, 6, 9, 9],
[7, 7, 0, 3], [3, 4, 1, 10], [4, 8, 6, 1], [5, 0, 8, 1], [7, 4, 0, 1], [5, 9, 8, 1], [10, 9, 10, 10], [4, 6, 9, 9], [2, 9, 2, 3], [1, 1, 0, 5],
[7, 7, 6, 2], [7, 1, 3, 2], [5, 1, 3, 10], [0, 9, 9, 8], [7, 7, 7, 9], [2, 5, 8, 3], [4, 8, 4, 3], [7, 5, 6, 3], [1, 10, 3, 6], [0, 6, 8, 3],
[8, 10, 0, 6]]
[1, 0.1, 0.1, 0.1, 0.1, 0.1, 0.1, 0.1, 0.1, 0.1,
0.1, 0.01, 0.01, 0.01, 0.01, 0.01, 0.01, 0.01, 0.01, 0.01,
0.01, 0.001, 0.001, 0.001, 0.001, 0.001, 0.001, 0.001, 0.001, 0.001,
0.001]
[3, 18, 6, 5, 12, 4, 16, 12, 4, 5,
11, 18, 2, 4, 18, 2, 15, 12, 5, 16,
18, 17, 2, 13, 16, 5, 9, 18, 9, 3,
5]
------------------------------------------------------- 
# stage = 4	# children c = 10	length of each stage p = 1	nodes = 30	# items I = 1
