[44, 79, 13, 68, 95, 24, 38, 10, 31, 90,
26, 97, 23, 20, 59, 2, 100, 72, 95, 71,
64, 55, 29, 90, 49, 75, 88, 11, 31, 4,
74, 41, 83, 88, 8, 43, 78, 47, 53, 9,
36, 79, 5, 25, 65, 30, 27, 64, 2, 22,
1, 66, 43, 30, 22, 58, 71, 76, 70, 1,
80, 43, 8, 28, 97, 83, 71, 41, 29, 90,
16, 31, 34, 88, 56, 99, 18, 50, 29, 20,
72, 30, 86, 81, 26, 74, 38, 97, 50, 74,
64, 29, 84, 38, 24, 46, 20, 95, 87, 16,
51, 2, 47, 85, 57, 70, 84, 75, 19, 12,
95, 57, 8, 46, 37, 0, 87, 75, 63, 36,
15]
[[1031, 1611, 1233], [904, 1323, 585], [268, 1314, 1477], [1143, 1909, 1072], [686, 1737, 1760], [1122, 1710, 1593], [1007, 1539, 832], [197, 600, 207], [332, 1774, 1196], [980, 666, 74],
[1336, 1569, 1557], [641, 546, 952], [1226, 686, 339], [775, 1701, 192], [1719, 460, 2], [1551, 1454, 1712], [1217, 405, 1195], [121, 602, 1796], [201, 807, 1514], [1269, 1659, 125],
[1215, 1067, 1566], [844, 1708, 184], [1797, 879, 743], [80, 1654, 516], [272, 1318, 848], [274, 941, 247], [1858, 102, 652], [1126, 224, 1127], [866, 297, 6], [324, 1566, 1537],
[449, 853, 676], [1888, 1697, 328], [16, 1438, 1207], [759, 1518, 806], [1276, 1663, 196], [68, 1809, 1137], [315, 1740, 1240], [968, 810, 1336], [39, 1676, 1505], [1845, 1872, 1143],
[1454, 266, 1868], [74, 226, 1509], [274, 242, 1020], [1354, 1002, 482], [232, 222, 217], [300, 162, 1899], [1309, 478, 1711], [493, 1318, 593], [1829, 1357, 213], [1278, 1146, 29],
[493, 672, 295], [433, 618, 521], [1815, 892, 636], [907, 318, 1510], [1389, 422, 1604], [1479, 722, 1766], [1450, 104, 188], [1105, 597, 1506], [1570, 371, 807], [1655, 1649, 25],
[1684, 215, 569], [52, 520, 1187], [445, 407, 24], [1081, 1186, 342], [663, 520, 637], [339, 1871, 1359], [178, 1393, 1463], [366, 442, 133], [1745, 84, 504], [496, 1739, 97],
[394, 1495, 184], [835, 1547, 705], [95, 65, 984], [1919, 1146, 115], [205, 1682, 635], [842, 93, 578], [274, 143, 1843], [1737, 382, 357], [1742, 71, 441], [190, 567, 124],
[288, 833, 1619], [472, 1669, 1111], [1049, 1636, 1176], [1906, 1627, 266], [93, 1832, 1820], [600, 747, 1914], [1050, 893, 1], [837, 574, 383], [1066, 389, 454], [1507, 451, 894],
[1503, 611, 1727], [1194, 1084, 1468], [377, 77, 1176], [1425, 55, 875], [1564, 20, 652], [1456, 492, 1271], [1314, 1414, 236], [1316, 323, 810], [1571, 1261, 1071], [1898, 840, 1395],
[864, 287, 78], [663, 1482, 1034], [76, 1731, 1112], [1252, 1101, 1039], [72, 609, 932], [724, 9, 1296], [67, 1324, 783], [175, 584, 978], [985, 227, 312], [1, 197, 1024],
[1396, 933, 1312], [1346, 1597, 738], [453, 1673, 413], [1437, 869, 1386], [420, 941, 67], [1352, 1537, 77], [593, 1476, 1401], [1248, 1651, 1857], [298, 581, 28], [482, 582, 98],
[1379, 1850, 1031]]
[[10, 10, 10, 9], [8, 2, 3, 6], [1, 10, 6, 9], [0, 4, 8, 1], [0, 8, 8, 10], [6, 10, 1, 10], [10, 7, 0, 6], [6, 1, 1, 5], [0, 9, 3, 9], [1, 5, 2, 2],
[2, 8, 0, 0], [1, 7, 1, 0], [2, 7, 10, 9], [4, 1, 6, 3], [6, 6, 10, 2], [7, 9, 7, 5], [8, 9, 1, 7], [1, 3, 7, 1], [0, 5, 2, 0], [1, 3, 0, 4],
[9, 8, 0, 2], [7, 4, 6, 3], [8, 3, 3, 2], [10, 8, 7, 5], [6, 9, 1, 5], [1, 6, 7, 0], [1, 9, 0, 2], [10, 9, 4, 6], [6, 2, 9, 3], [6, 2, 4, 3],
[3, 7, 5, 0], [4, 0, 6, 9], [9, 5, 1, 8], [1, 8, 6, 2], [4, 6, 2, 2], [2, 5, 8, 7], [7, 4, 10, 1], [4, 1, 2, 5], [8, 6, 6, 10], [6, 1, 8, 2],
[4, 10, 10, 5], [5, 6, 5, 10], [10, 6, 10, 0], [0, 5, 7, 5], [8, 6, 4, 10], [7, 7, 5, 2], [2, 0, 1, 8], [10, 8, 10, 3], [7, 7, 7, 10], [0, 1, 7, 0],
[7, 6, 0, 7], [10, 7, 0, 7], [0, 4, 6, 5], [0, 9, 5, 0], [9, 6, 6, 6], [1, 5, 10, 8], [0, 6, 6, 0], [5, 2, 9, 2], [9, 9, 7, 6], [3, 7, 2, 1],
[10, 6, 4, 8], [5, 9, 9, 1], [3, 4, 8, 4], [8, 5, 0, 8], [9, 6, 6, 3], [8, 5, 5, 4], [3, 0, 10, 5], [5, 10, 4, 4], [4, 9, 0, 7], [5, 9, 8, 8],
[0, 3, 0, 6], [8, 0, 1, 6], [4, 8, 8, 1], [2, 0, 4, 3], [0, 1, 6, 6], [10, 0, 8, 3], [7, 8, 10, 10], [4, 5, 6, 3], [9, 6, 9, 4], [4, 9, 9, 8],
[6, 6, 7, 8], [6, 0, 9, 7], [2, 5, 0, 10], [3, 8, 2, 10], [6, 10, 7, 10], [4, 2, 2, 0], [8, 10, 5, 1], [8, 3, 9, 3], [9, 6, 9, 2], [4, 5, 7, 4],
[10, 7, 3, 0], [3, 3, 8, 9], [2, 5, 6, 5], [7, 9, 3, 3], [6, 8, 4, 3], [9, 1, 4, 5], [5, 0, 8, 9], [5, 4, 3, 3], [10, 4, 1, 2], [8, 10, 9, 8],
[2, 4, 2, 9], [0, 6, 1, 6], [1, 4, 7, 0], [5, 9, 5, 10], [9, 0, 6, 2], [3, 9, 3, 2], [3, 4, 2, 9], [3, 0, 6, 5], [2, 7, 2, 3], [0, 1, 7, 1],
[5, 4, 10, 10], [2, 5, 7, 10], [3, 3, 1, 6], [1, 4, 6, 2], [6, 8, 0, 8], [6, 5, 0, 9], [1, 2, 10, 1], [4, 4, 2, 7], [8, 0, 7, 9], [3, 1, 6, 6],
[4, 7, 2, 4]]
[1, 0.05, 0.05, 0.05, 0.05, 0.05, 0.05, 0.05, 0.05, 0.05,
0.05, 0.05, 0.05, 0.05, 0.05, 0.05, 0.05, 0.05, 0.05, 0.05,
0.05, 0.0025, 0.0025, 0.0025, 0.0025, 0.0025, 0.0025, 0.0025, 0.0025, 0.0025,
0.0025, 0.0025, 0.0025, 0.0025, 0.0025, 0.0025, 0.0025, 0.0025, 0.0025, 0.0025,
0.0025, 0.000125, 0.000125, 0.000125, 0.000125, 0.000125, 0.000125, 0.000125, 0.000125, 0.000125,
0.000125, 0.000125, 0.000125, 0.000125, 0.000125, 0.000125, 0.000125, 0.000125, 0.000125, 0.000125,
0.000125, 6.25e-06, 6.25e-06, 6.25e-06, 6.25e-06, 6.25e-06, 6.25e-06, 6.25e-06, 6.25e-06, 6.25e-06,
6.25e-06, 6.25e-06, 6.25e-06, 6.25e-06, 6.25e-06, 6.25e-06, 6.25e-06, 6.25e-06, 6.25e-06, 6.25e-06,
6.25e-06, 3.125e-07, 3.125e-07, 3.125e-07, 3.125e-07, 3.125e-07, 3.125e-07, 3.125e-07, 3.125e-07, 3.125e-07,
3.125e-07, 3.125e-07, 3.125e-07, 3.125e-07, 3.125e-07, 3.125e-07, 3.125e-07, 3.125e-07, 3.125e-07, 3.125e-07,
3.125e-07, 1.5625e-08, 1.5625e-08, 1.5625e-08, 1.5625e-08, 1.5625e-08, 1.5625e-08, 1.5625e-08, 1.5625e-08, 1.5625e-08,
1.5625e-08, 1.5625e-08, 1.5625e-08, 1.5625e-08, 1.5625e-08, 1.5625e-08, 1.5625e-08, 1.5625e-08, 1.5625e-08, 1.5625e-08,
1.5625e-08]
[12, 1, 1, 2, 5, 4, 11, 5, 2, 0,
19, 19, 5, 2, 7, 19, 6, 17, 19, 6,
14, 0, 17, 18, 4, 13, 6, 16, 9, 0,
15, 8, 4, 1, 16, 3, 10, 9, 9, 19,
10, 14, 9, 12, 12, 7, 3, 1, 4, 14,
1, 3, 1, 3, 4, 0, 19, 7, 8, 18,
3, 0, 4, 6, 15, 1, 2, 12, 1, 17,
10, 15, 4, 1, 13, 5, 9, 15, 18, 2,
5, 14, 0, 2, 14, 10, 2, 18, 0, 3,
12, 2, 18, 7, 2, 14, 5, 7, 7, 10,
13, 18, 10, 14, 9, 7, 18, 6, 18, 18,
16, 0, 13, 11, 8, 1, 6, 1, 1, 10,
5]
------------------------------------------------------- 
# stage = 7	# children c = 20	length of each stage p = 1	nodes = 120	# items I = 1
