[61, 34, 62, 35, 1, 68, 74, 81, 61, 28,
71, 37, 80, 54, 12, 34, 61, 88, 0, 46,
57, 14, 32, 93, 26, 42, 99, 62, 4, 85,
70, 31, 85, 32, 67, 86, 66, 40, 33, 93,
68, 70, 29, 14, 23, 7, 14, 50, 96, 81,
96, 52, 61, 94, 44, 53, 2, 8, 14, 6,
59, 51, 38, 9, 49, 71, 62, 14, 77, 95,
6, 45, 30, 2, 25, 53, 9, 5, 69, 71,
86, 30, 89, 47, 90, 99, 66, 92, 6, 47,
65, 31, 98, 2, 41, 46, 39, 2, 26, 15,
63, 99, 26, 93, 0, 17, 11, 77, 22, 80,
47, 75, 76, 36, 21, 65, 34, 53, 57, 7,
100, 21, 38, 97, 90, 45, 8, 28, 47, 34,
9, 76, 100, 36, 34, 100, 53, 45, 76, 76,
91]
[[731, 284, 74], [844, 15, 795], [224, 752, 314], [659, 857, 739], [644, 608, 130], [621, 241, 836], [37, 542, 406], [301, 660, 86], [272, 396, 189], [332, 882, 864],
[872, 679, 255], [53, 630, 270], [848, 855, 129], [269, 621, 52], [74, 330, 702], [246, 58, 8], [189, 95, 550], [637, 439, 317], [723, 711, 756], [20, 151, 745],
[884, 88, 531], [205, 184, 227], [517, 97, 147], [647, 367, 768], [741, 483, 205], [508, 729, 305], [558, 918, 442], [173, 662, 881], [532, 450, 700], [353, 470, 851],
[164, 462, 46], [695, 709, 230], [922, 333, 328], [176, 45, 737], [51, 828, 285], [256, 443, 121], [603, 66, 146], [111, 281, 808], [99, 814, 323], [799, 274, 836],
[757, 480, 363], [804, 283, 179], [99, 312, 512], [469, 489, 600], [271, 540, 493], [556, 839, 2], [677, 507, 68], [823, 660, 350], [696, 802, 271], [127, 666, 545],
[28, 489, 133], [433, 400, 416], [612, 499, 728], [189, 34, 282], [789, 347, 865], [390, 904, 769], [392, 688, 383], [502, 577, 109], [894, 380, 18], [272, 507, 684],
[818, 577, 280], [58, 117, 722], [474, 729, 287], [267, 26, 363], [592, 857, 710], [522, 312, 721], [398, 746, 475], [781, 314, 159], [932, 315, 539], [15, 588, 154],
[742, 513, 773], [129, 571, 891], [852, 110, 727], [246, 419, 795], [609, 76, 718], [426, 640, 95], [255, 103, 884], [730, 927, 305], [889, 924, 620], [535, 47, 315],
[731, 789, 828], [570, 918, 506], [568, 835, 658], [402, 146, 143], [263, 797, 261], [46, 331, 902], [183, 586, 70], [174, 423, 62], [479, 419, 94], [207, 19, 141],
[522, 793, 930], [458, 470, 20], [29, 103, 898], [730, 547, 151], [873, 810, 56], [241, 898, 387], [208, 189, 80], [321, 363, 503], [425, 843, 29], [519, 157, 90],
[702, 679, 883], [739, 244, 418], [760, 316, 563], [765, 111, 176], [23, 91, 93], [79, 332, 57], [508, 583, 288], [588, 904, 651], [198, 436, 601], [227, 21, 758],
[360, 765, 545], [308, 570, 789], [769, 437, 170], [397, 309, 323], [615, 332, 414], [709, 412, 789], [808, 920, 437], [161, 616, 406], [812, 856, 884], [521, 191, 905],
[386, 551, 778], [931, 901, 413], [828, 735, 892], [63, 198, 266], [429, 855, 598], [843, 629, 75], [739, 502, 103], [241, 705, 761], [689, 625, 724], [639, 211, 22],
[651, 597, 573], [494, 636, 540], [14, 529, 340], [906, 634, 580], [237, 128, 501], [836, 79, 237], [18, 818, 782], [163, 167, 552], [31, 856, 242], [798, 602, 495],
[820, 319, 200]]
[[4, 0, 4, 6], [8, 8, 7, 3], [6, 10, 1, 6], [10, 6, 4, 5], [6, 9, 9, 7], [2, 2, 3, 9], [8, 6, 5, 7], [4, 5, 5, 8], [5, 7, 1, 0], [2, 9, 1, 8],
[6, 2, 1, 3], [7, 5, 9, 0], [3, 5, 7, 4], [7, 9, 0, 2], [2, 5, 10, 6], [10, 2, 2, 2], [7, 3, 2, 10], [10, 4, 5, 6], [4, 7, 7, 9], [10, 5, 9, 3],
[8, 6, 5, 3], [2, 5, 5, 4], [0, 2, 8, 8], [4, 10, 0, 1], [3, 0, 9, 0], [4, 3, 4, 7], [8, 1, 5, 8], [4, 4, 0, 2], [8, 3, 3, 8], [8, 8, 10, 6],
[0, 7, 4, 2], [7, 4, 1, 8], [4, 10, 8, 7], [1, 0, 1, 9], [1, 4, 6, 5], [8, 4, 5, 3], [7, 8, 9, 3], [4, 8, 9, 4], [5, 2, 4, 10], [4, 4, 7, 7],
[1, 2, 1, 2], [0, 0, 10, 1], [4, 5, 7, 0], [8, 1, 3, 2], [8, 2, 5, 1], [10, 4, 3, 2], [4, 7, 1, 7], [0, 6, 1, 2], [7, 2, 2, 7], [2, 1, 7, 4],
[5, 3, 4, 2], [2, 8, 4, 10], [8, 10, 9, 5], [1, 1, 6, 3], [7, 5, 10, 5], [1, 0, 5, 6], [0, 8, 0, 0], [7, 7, 5, 1], [8, 9, 1, 0], [4, 6, 8, 10],
[3, 5, 3, 2], [6, 9, 5, 2], [3, 3, 8, 2], [1, 2, 8, 2], [8, 7, 0, 5], [3, 5, 4, 1], [2, 6, 10, 4], [10, 5, 4, 0], [10, 5, 0, 4], [3, 5, 6, 6],
[6, 1, 9, 8], [2, 4, 8, 10], [0, 8, 2, 2], [1, 7, 1, 3], [0, 0, 5, 10], [3, 7, 8, 1], [1, 8, 5, 4], [0, 0, 9, 7], [0, 5, 4, 2], [7, 1, 10, 8],
[7, 2, 8, 8], [7, 9, 9, 5], [7, 4, 2, 10], [9, 10, 0, 0], [7, 3, 2, 5], [2, 9, 1, 2], [3, 3, 2, 0], [2, 10, 6, 10], [10, 3, 7, 6], [10, 6, 0, 6],
[8, 2, 3, 6], [10, 2, 4, 4], [5, 5, 10, 7], [3, 0, 7, 5], [2, 7, 3, 4], [7, 7, 3, 6], [10, 0, 2, 9], [4, 0, 2, 1], [1, 5, 5, 9], [5, 8, 3, 0],
[2, 2, 5, 3], [0, 2, 8, 2], [7, 9, 7, 3], [5, 10, 10, 2], [8, 10, 9, 10], [10, 0, 0, 9], [4, 4, 8, 9], [1, 0, 7, 1], [0, 2, 4, 0], [2, 0, 1, 9],
[9, 8, 2, 2], [5, 1, 4, 1], [0, 3, 0, 8], [1, 10, 5, 5], [1, 2, 2, 2], [0, 9, 1, 0], [9, 5, 9, 9], [3, 10, 8, 0], [5, 8, 2, 9], [7, 4, 8, 5],
[5, 8, 0, 7], [5, 5, 10, 6], [5, 1, 6, 5], [9, 7, 3, 7], [0, 2, 6, 1], [10, 1, 1, 5], [7, 1, 1, 3], [4, 9, 6, 9], [4, 6, 3, 10], [1, 3, 3, 6],
[2, 10, 10, 0], [4, 2, 6, 2], [2, 10, 4, 2], [0, 3, 5, 7], [3, 6, 8, 7], [2, 3, 5, 6], [9, 9, 5, 8], [10, 7, 2, 1], [6, 1, 0, 8], [1, 6, 0, 4],
[5, 4, 6, 3]]
[1, 0.05, 0.05, 0.05, 0.05, 0.05, 0.05, 0.05, 0.05, 0.05,
0.05, 0.05, 0.05, 0.05, 0.05, 0.05, 0.05, 0.05, 0.05, 0.05,
0.05, 0.0025, 0.0025, 0.0025, 0.0025, 0.0025, 0.0025, 0.0025, 0.0025, 0.0025,
0.0025, 0.0025, 0.0025, 0.0025, 0.0025, 0.0025, 0.0025, 0.0025, 0.0025, 0.0025,
0.0025, 0.000125, 0.000125, 0.000125, 0.000125, 0.000125, 0.000125, 0.000125, 0.000125, 0.000125,
0.000125, 0.000125, 0.000125, 0.000125, 0.000125, 0.000125, 0.000125, 0.000125, 0.000125, 0.000125,
0.000125, 6.25e-06, 6.25e-06, 6.25e-06, 6.25e-06, 6.25e-06, 6.25e-06, 6.25e-06, 6.25e-06, 6.25e-06,
6.25e-06, 6.25e-06, 6.25e-06, 6.25e-06, 6.25e-06, 6.25e-06, 6.25e-06, 6.25e-06, 6.25e-06, 6.25e-06,
6.25e-06, 3.125e-07, 3.125e-07, 3.125e-07, 3.125e-07, 3.125e-07, 3.125e-07, 3.125e-07, 3.125e-07, 3.125e-07,
3.125e-07, 3.125e-07, 3.125e-07, 3.125e-07, 3.125e-07, 3.125e-07, 3.125e-07, 3.125e-07, 3.125e-07, 3.125e-07,
3.125e-07, 1.5625e-08, 1.5625e-08, 1.5625e-08, 1.5625e-08, 1.5625e-08, 1.5625e-08, 1.5625e-08, 1.5625e-08, 1.5625e-08,
1.5625e-08, 1.5625e-08, 1.5625e-08, 1.5625e-08, 1.5625e-08, 1.5625e-08, 1.5625e-08, 1.5625e-08, 1.5625e-08, 1.5625e-08,
1.5625e-08, 7.8125e-10, 7.8125e-10, 7.8125e-10, 7.8125e-10, 7.8125e-10, 7.8125e-10, 7.8125e-10, 7.8125e-10, 7.8125e-10,
7.8125e-10, 7.8125e-10, 7.8125e-10, 7.8125e-10, 7.8125e-10, 7.8125e-10, 7.8125e-10, 7.8125e-10, 7.8125e-10, 7.8125e-10,
7.8125e-10]
[11, 1, 3, 5, 10, 11, 9, 13, 11, 2,
18, 14, 0, 18, 2, 13, 18, 14, 16, 15,
3, 13, 2, 9, 6, 12, 10, 11, 18, 0,
8, 12, 8, 6, 5, 7, 1, 2, 3, 17,
16, 12, 15, 12, 5, 13, 6, 17, 8, 14,
1, 2, 0, 5, 6, 11, 15, 8, 0, 1,
11, 16, 17, 4, 16, 16, 14, 0, 14, 15,
6, 5, 6, 8, 6, 8, 1, 9, 17, 0,
9, 9, 13, 16, 11, 8, 14, 14, 18, 4,
6, 3, 12, 1, 4, 18, 14, 18, 14, 15,
5, 18, 11, 17, 11, 15, 6, 0, 6, 3,
15, 1, 7, 17, 9, 2, 11, 12, 10, 14,
4, 14, 4, 6, 10, 17, 5, 18, 10, 11,
1, 12, 7, 12, 8, 13, 12, 1, 18, 1,
8]
------------------------------------------------------- 
# stage = 8	# children c = 20	length of each stage p = 1	nodes = 140	# items I = 1
