[10, 66, 34, 17, 51, 93, 96, 36, 26, 55,
75, 93, 22, 68, 67, 86, 23, 61, 89, 35,
20, 93, 62, 6, 72, 43, 74, 100, 79, 92,
71, 56, 57, 5, 39, 7, 64, 34, 9, 56,
90, 51, 14, 11, 18, 81, 63, 7, 41, 17,
42, 27, 76, 71, 33, 47, 80, 73, 46, 58,
64]
[[787, 782, 636], [637, 50, 898], [405, 98, 559], [943, 995, 507], [848, 326, 658], [53, 384, 34], [582, 995, 107], [693, 997, 532], [427, 460, 998], [944, 42, 614],
[106, 701, 248], [614, 190, 298], [365, 595, 396], [924, 390, 243], [411, 218, 569], [942, 272, 826], [976, 726, 801], [956, 271, 778], [468, 698, 218], [318, 623, 132],
[932, 601, 705], [160, 67, 896], [331, 432, 343], [599, 208, 734], [843, 492, 824], [264, 414, 968], [70, 242, 674], [872, 178, 946], [630, 518, 624], [721, 709, 99],
[725, 621, 572], [411, 654, 512], [159, 857, 816], [502, 436, 5], [88, 259, 369], [785, 524, 655], [733, 466, 769], [260, 318, 820], [186, 821, 318], [682, 394, 899],
[654, 99, 501], [78, 382, 7], [590, 541, 864], [259, 24, 280], [136, 1004, 412], [505, 769, 808], [12, 355, 254], [781, 615, 445], [581, 673, 246], [772, 335, 512],
[651, 861, 611], [4, 940, 994], [11, 382, 387], [747, 513, 283], [900, 649, 268], [292, 6, 909], [972, 18, 244], [206, 800, 731], [651, 233, 384], [769, 1005, 720],
[133, 637, 433]]
[[8, 1, 8, 5], [9, 10, 0, 7], [5, 1, 3, 10], [1, 10, 9, 8], [3, 1, 10, 5], [6, 8, 7, 3], [10, 10, 8, 2], [3, 10, 2, 9], [10, 10, 3, 8], [10, 3, 4, 2],
[4, 5, 10, 3], [2, 8, 0, 5], [9, 8, 0, 2], [5, 5, 5, 3], [4, 0, 3, 5], [0, 5, 3, 8], [3, 6, 5, 2], [9, 8, 2, 0], [2, 1, 1, 5], [7, 1, 10, 5],
[8, 8, 8, 2], [0, 0, 3, 5], [10, 6, 10, 8], [1, 1, 5, 4], [7, 8, 4, 4], [5, 6, 2, 6], [5, 4, 0, 1], [5, 8, 4, 2], [4, 10, 3, 4], [0, 6, 7, 8],
[0, 5, 5, 1], [6, 8, 3, 0], [5, 5, 4, 9], [9, 7, 4, 3], [0, 2, 2, 3], [8, 6, 4, 10], [4, 5, 4, 4], [9, 9, 10, 9], [3, 4, 8, 9], [1, 9, 10, 4],
[3, 3, 2, 1], [8, 6, 2, 6], [8, 2, 8, 4], [9, 10, 3, 2], [4, 5, 4, 2], [4, 1, 10, 7], [5, 7, 6, 4], [4, 5, 8, 7], [6, 9, 7, 2], [4, 7, 8, 0],
[10, 3, 4, 6], [2, 5, 6, 6], [0, 8, 7, 4], [9, 4, 0, 1], [0, 4, 5, 4], [7, 0, 10, 1], [9, 4, 3, 1], [9, 9, 1, 8], [2, 3, 1, 2], [6, 5, 7, 6],
[2, 3, 8, 9]]
[1, 0.05, 0.05, 0.05, 0.05, 0.05, 0.05, 0.05, 0.05, 0.05,
0.05, 0.05, 0.05, 0.05, 0.05, 0.05, 0.05, 0.05, 0.05, 0.05,
0.05, 0.0025, 0.0025, 0.0025, 0.0025, 0.0025, 0.0025, 0.0025, 0.0025, 0.0025,
0.0025, 0.0025, 0.0025, 0.0025, 0.0025, 0.0025, 0.0025, 0.0025, 0.0025, 0.0025,
0.0025, 0.000125, 0.000125, 0.000125, 0.000125, 0.000125, 0.000125, 0.000125, 0.000125, 0.000125,
0.000125, 0.000125, 0.000125, 0.000125, 0.000125, 0.000125, 0.000125, 0.000125, 0.000125, 0.000125,
0.000125]
[17, 12, 9, 0, 0, 3, 2, 2, 20, 6,
1, 4, 15, 15, 16, 7, 14, 8, 16, 9,
4, 9, 19, 14, 13, 14, 1, 12, 18, 4,
1, 20, 6, 15, 14, 17, 14, 1, 15, 7,
13, 20, 15, 3, 15, 1, 15, 9, 5, 2,
4, 14, 0, 8, 5, 0, 12, 7, 7, 14,
16]
------------------------------------------------------- 
# stage = 4	# children c = 20	length of each stage p = 1	nodes = 60	# items I = 1
