[39, 74, 72, 70, 61, 48, 31, 56, 38, 2,
32, 25, 26, 29, 47, 4, 43, 44, 62, 55,
59, 36, 62, 31, 4, 0, 55, 19, 41, 75,
38, 80, 15, 9, 15, 42, 57, 47, 98, 61,
15, 96, 52, 8, 24, 100, 12, 68, 9, 41,
89, 34, 77, 16, 31, 81, 83, 87, 100, 24,
27, 37, 70, 42, 13, 86, 84, 36, 32, 48,
98, 13, 43, 15, 21, 34, 14, 34, 68, 91,
41, 22, 91, 17, 39, 22, 64, 21, 75, 63,
45, 68, 66, 15, 77, 45, 67, 26, 82, 99,
74]
[[453, 760, 532], [220, 385, 126], [437, 22, 572], [642, 294, 504], [290, 395, 726], [899, 455, 701], [342, 730, 744], [155, 825, 437], [311, 260, 500], [584, 134, 463],
[76, 588, 780], [608, 808, 220], [734, 803, 745], [864, 57, 94], [925, 348, 489], [263, 804, 501], [521, 704, 789], [321, 416, 669], [758, 727, 929], [313, 868, 119],
[333, 944, 264], [671, 607, 629], [891, 899, 487], [248, 375, 545], [844, 355, 450], [389, 175, 309], [447, 697, 68], [291, 73, 42], [15, 831, 326], [502, 701, 250],
[178, 89, 249], [442, 760, 414], [126, 264, 870], [171, 69, 300], [716, 914, 212], [723, 358, 387], [87, 362, 139], [658, 654, 714], [700, 226, 600], [81, 285, 858],
[833, 463, 3], [138, 905, 320], [109, 589, 584], [34, 760, 654], [334, 88, 623], [546, 811, 538], [490, 455, 900], [630, 168, 166], [901, 425, 895], [114, 64, 235],
[27, 897, 699], [30, 592, 216], [853, 701, 805], [492, 735, 177], [703, 626, 265], [883, 227, 131], [33, 275, 587], [491, 462, 312], [657, 418, 738], [164, 532, 359],
[400, 560, 311], [656, 147, 461], [429, 55, 217], [290, 105, 510], [24, 365, 191], [290, 806, 921], [923, 839, 251], [565, 385, 713], [435, 600, 186], [730, 764, 276],
[144, 721, 393], [12, 934, 540], [473, 419, 153], [248, 266, 760], [758, 290, 180], [506, 137, 543], [482, 116, 438], [733, 681, 380], [58, 673, 35], [747, 458, 357],
[78, 602, 133], [471, 615, 625], [568, 645, 99], [278, 893, 867], [93, 263, 212], [776, 770, 350], [374, 809, 466], [369, 155, 704], [750, 213, 433], [342, 15, 448],
[699, 595, 106], [390, 623, 278], [70, 247, 480], [671, 82, 931], [593, 678, 249], [362, 66, 576], [712, 440, 441], [735, 367, 596], [52, 172, 366], [42, 71, 884],
[490, 771, 534]]
[[2, 10, 8, 1], [6, 1, 2, 8], [9, 5, 3, 4], [1, 10, 3, 2], [8, 2, 8, 4], [8, 7, 7, 0], [8, 6, 2, 4], [8, 1, 7, 10], [10, 4, 9, 5], [3, 9, 0, 10],
[3, 1, 3, 3], [0, 7, 3, 8], [7, 1, 1, 2], [6, 6, 1, 3], [10, 3, 5, 7], [3, 1, 4, 0], [3, 3, 5, 6], [1, 3, 5, 5], [4, 9, 6, 4], [3, 9, 10, 10],
[8, 9, 10, 1], [2, 0, 2, 2], [2, 8, 9, 5], [9, 3, 5, 2], [4, 8, 8, 5], [0, 1, 8, 2], [10, 3, 6, 2], [0, 3, 10, 8], [10, 9, 8, 1], [8, 10, 3, 10],
[7, 0, 2, 4], [1, 5, 4, 5], [0, 10, 8, 9], [0, 4, 0, 10], [5, 4, 10, 5], [7, 9, 1, 6], [6, 9, 5, 1], [6, 7, 0, 3], [7, 0, 5, 6], [5, 9, 9, 3],
[8, 6, 1, 9], [8, 1, 6, 3], [5, 6, 6, 10], [2, 5, 5, 6], [3, 8, 7, 8], [4, 5, 9, 0], [5, 3, 4, 8], [1, 2, 0, 7], [7, 1, 5, 4], [0, 10, 5, 5],
[3, 1, 4, 3], [6, 7, 8, 8], [5, 4, 5, 9], [8, 3, 8, 0], [4, 10, 9, 3], [0, 7, 10, 7], [7, 3, 9, 7], [2, 2, 0, 3], [1, 2, 6, 7], [8, 3, 2, 0],
[6, 5, 7, 3], [6, 2, 3, 10], [2, 10, 2, 2], [5, 0, 7, 10], [3, 3, 6, 3], [5, 4, 6, 6], [5, 1, 1, 2], [3, 1, 2, 9], [5, 9, 10, 0], [1, 0, 9, 1],
[0, 9, 3, 3], [9, 8, 2, 1], [9, 6, 4, 4], [9, 10, 8, 3], [10, 7, 5, 2], [7, 7, 9, 1], [3, 8, 1, 2], [8, 8, 3, 6], [7, 4, 7, 5], [1, 9, 5, 0],
[3, 7, 2, 1], [5, 8, 4, 4], [3, 7, 4, 10], [1, 0, 0, 4], [8, 10, 7, 3], [6, 8, 8, 2], [2, 4, 5, 1], [1, 10, 10, 4], [5, 1, 5, 10], [8, 7, 1, 0],
[3, 5, 8, 2], [5, 6, 6, 0], [3, 0, 1, 9], [7, 9, 9, 9], [3, 4, 8, 2], [1, 8, 6, 6], [7, 9, 5, 4], [3, 6, 2, 4], [9, 8, 6, 1], [3, 1, 10, 5],
[0, 1, 3, 7]]
[1, 0.05, 0.05, 0.05, 0.05, 0.05, 0.05, 0.05, 0.05, 0.05,
0.05, 0.05, 0.05, 0.05, 0.05, 0.05, 0.05, 0.05, 0.05, 0.05,
0.05, 0.0025, 0.0025, 0.0025, 0.0025, 0.0025, 0.0025, 0.0025, 0.0025, 0.0025,
0.0025, 0.0025, 0.0025, 0.0025, 0.0025, 0.0025, 0.0025, 0.0025, 0.0025, 0.0025,
0.0025, 0.000125, 0.000125, 0.000125, 0.000125, 0.000125, 0.000125, 0.000125, 0.000125, 0.000125,
0.000125, 0.000125, 0.000125, 0.000125, 0.000125, 0.000125, 0.000125, 0.000125, 0.000125, 0.000125,
0.000125, 6.25e-06, 6.25e-06, 6.25e-06, 6.25e-06, 6.25e-06, 6.25e-06, 6.25e-06, 6.25e-06, 6.25e-06,
6.25e-06, 6.25e-06, 6.25e-06, 6.25e-06, 6.25e-06, 6.25e-06, 6.25e-06, 6.25e-06, 6.25e-06, 6.25e-06,
6.25e-06, 3.125e-07, 3.125e-07, 3.125e-07, 3.125e-07, 3.125e-07, 3.125e-07, 3.125e-07, 3.125e-07, 3.125e-07,
3.125e-07, 3.125e-07, 3.125e-07, 3.125e-07, 3.125e-07, 3.125e-07, 3.125e-07, 3.125e-07, 3.125e-07, 3.125e-07,
3.125e-07]
[2, 10, 7, 12, 8, 10, 3, 10, 15, 18,
14, 1, 8, 13, 17, 8, 0, 11, 9, 18,
17, 4, 2, 12, 3, 6, 6, 13, 7, 8,
12, 6, 11, 13, 0, 12, 1, 16, 6, 2,
15, 5, 13, 13, 3, 6, 11, 3, 8, 17,
11, 3, 4, 12, 7, 1, 1, 2, 2, 12,
13, 18, 6, 5, 17, 0, 10, 15, 1, 6,
1, 6, 10, 13, 3, 14, 2, 15, 11, 0,
1, 12, 17, 3, 16, 2, 13, 16, 15, 10,
13, 9, 14, 5, 3, 9, 0, 12, 10, 14,
3]
------------------------------------------------------- 
# stage = 6	# children c = 20	length of each stage p = 1	nodes = 100	# items I = 1
