[30, 54, 6, 19, 41, 18, 23, 5, 20, 66,
60, 34, 15, 76, 92, 10, 58, 26, 37, 52,
83, 39, 31, 96, 41, 27, 61, 5, 90, 79,
5, 86, 33, 11, 4, 40, 30, 94, 46, 16,
59, 72, 51, 41, 14, 8, 51, 72, 35, 54,
23, 84, 93, 21, 80, 33, 14, 6, 4, 3,
51, 10, 56, 50, 88, 60, 91, 84, 20, 2,
67, 45, 74, 17, 86, 54, 92, 2, 92, 26,
57, 82, 10, 49, 2, 56, 49, 83, 28, 53,
53, 79, 29, 8, 29, 17, 34, 19, 67, 54,
21, 33, 100, 61, 16, 85, 15, 8, 54, 73,
0, 10, 54, 77, 25, 22, 32, 74, 5, 60,
94]
[[762, 654, 823], [958, 645, 129], [804, 127, 251], [694, 152, 62], [226, 147, 955], [445, 799, 814], [709, 137, 828], [386, 622, 875], [537, 718, 614], [478, 838, 88],
[493, 574, 797], [344, 505, 415], [473, 336, 543], [724, 3, 749], [840, 229, 896], [768, 674, 668], [556, 411, 859], [411, 797, 508], [260, 307, 199], [928, 839, 65],
[1016, 305, 639], [840, 703, 171], [229, 150, 507], [826, 928, 510], [548, 796, 739], [417, 537, 441], [112, 120, 852], [1026, 532, 676], [507, 846, 983], [761, 801, 849],
[826, 790, 127], [438, 604, 831], [663, 887, 8], [143, 686, 990], [653, 261, 759], [419, 732, 270], [860, 844, 444], [739, 843, 976], [388, 378, 795], [398, 112, 569],
[220, 938, 387], [402, 403, 18], [260, 39, 959], [322, 236, 672], [285, 889, 933], [18, 335, 638], [342, 223, 509], [786, 962, 380], [790, 378, 758], [612, 830, 870],
[209, 78, 835], [650, 480, 265], [668, 794, 358], [654, 89, 594], [299, 374, 510], [259, 446, 899], [951, 842, 95], [487, 656, 85], [867, 473, 517], [598, 58, 320],
[495, 267, 452], [303, 917, 932], [622, 612, 753], [980, 239, 842], [601, 592, 244], [138, 905, 744], [11, 829, 614], [106, 290, 243], [245, 184, 716], [762, 783, 828],
[110, 251, 69], [562, 609, 13], [522, 204, 680], [248, 212, 973], [64, 867, 539], [362, 1006, 471], [79, 44, 328], [693, 204, 672], [990, 450, 856], [733, 185, 666],
[535, 295, 918], [658, 912, 554], [671, 407, 812], [378, 655, 51], [325, 773, 919], [918, 108, 952], [362, 242, 996], [690, 989, 173], [389, 953, 623], [219, 659, 863],
[885, 221, 185], [830, 879, 70], [357, 578, 477], [197, 956, 160], [248, 254, 987], [140, 145, 69], [119, 562, 365], [88, 279, 327], [316, 669, 307], [939, 942, 1021],
[829, 800, 215], [1015, 658, 68], [112, 42, 646], [644, 239, 575], [804, 488, 884], [764, 682, 56], [887, 802, 618], [279, 944, 898], [607, 233, 594], [968, 200, 509],
[962, 2, 336], [151, 44, 21], [219, 157, 64], [919, 855, 357], [521, 632, 899], [378, 423, 609], [435, 338, 384], [80, 617, 355], [5, 251, 589], [599, 193, 843],
[135, 128, 845]]
[[3, 1, 10, 2], [2, 3, 3, 10], [2, 1, 2, 7], [9, 1, 10, 2], [4, 8, 9, 1], [7, 4, 6, 7], [4, 2, 9, 8], [9, 3, 9, 1], [2, 9, 1, 2], [1, 4, 1, 3],
[3, 1, 9, 10], [0, 8, 0, 3], [5, 7, 4, 10], [1, 10, 6, 3], [10, 5, 9, 8], [6, 6, 9, 6], [2, 8, 8, 3], [0, 7, 5, 3], [8, 3, 1, 6], [9, 10, 9, 3],
[6, 2, 0, 5], [0, 7, 6, 10], [10, 5, 8, 3], [0, 4, 9, 0], [2, 4, 3, 0], [9, 6, 1, 4], [7, 2, 10, 3], [1, 9, 6, 6], [9, 7, 0, 9], [1, 7, 9, 0],
[10, 4, 1, 8], [8, 8, 8, 8], [1, 9, 8, 8], [3, 10, 1, 8], [10, 0, 1, 10], [7, 5, 3, 6], [10, 3, 4, 0], [8, 0, 9, 5], [4, 10, 2, 0], [7, 8, 6, 6],
[7, 2, 3, 8], [10, 2, 5, 9], [3, 6, 6, 8], [10, 9, 3, 9], [0, 6, 10, 6], [6, 6, 10, 0], [4, 1, 9, 9], [8, 4, 5, 2], [6, 6, 10, 5], [9, 2, 2, 10],
[7, 6, 7, 6], [3, 9, 4, 3], [4, 1, 7, 10], [6, 6, 10, 10], [6, 6, 8, 3], [0, 0, 3, 6], [5, 2, 10, 1], [2, 1, 0, 9], [7, 5, 4, 10], [3, 9, 0, 7],
[8, 6, 7, 3], [1, 4, 2, 5], [0, 9, 6, 9], [7, 9, 4, 1], [9, 3, 2, 1], [2, 0, 10, 10], [4, 4, 7, 7], [0, 8, 2, 8], [1, 7, 10, 2], [0, 10, 6, 9],
[8, 1, 7, 5], [0, 10, 4, 9], [0, 5, 8, 1], [3, 8, 9, 7], [10, 5, 2, 10], [0, 4, 5, 1], [0, 2, 2, 9], [2, 8, 8, 10], [7, 2, 2, 7], [10, 7, 4, 0],
[10, 1, 1, 2], [7, 10, 8, 6], [2, 10, 3, 3], [1, 9, 2, 1], [0, 4, 8, 2], [10, 3, 0, 7], [6, 2, 1, 3], [7, 5, 1, 4], [5, 0, 7, 1], [10, 2, 8, 0],
[10, 0, 1, 0], [7, 3, 10, 6], [6, 7, 6, 5], [0, 6, 10, 4], [7, 1, 7, 1], [6, 9, 6, 9], [9, 0, 9, 7], [2, 4, 5, 1], [2, 6, 10, 10], [7, 9, 3, 2],
[5, 7, 6, 3], [3, 5, 7, 8], [6, 2, 9, 0], [9, 2, 7, 5], [2, 5, 10, 2], [9, 4, 1, 1], [8, 0, 9, 5], [9, 1, 5, 2], [8, 0, 5, 9], [4, 0, 4, 10],
[0, 1, 8, 9], [3, 5, 1, 4], [10, 1, 6, 7], [3, 8, 8, 1], [8, 6, 4, 5], [5, 9, 7, 0], [8, 10, 10, 1], [10, 1, 9, 10], [2, 7, 6, 6], [10, 8, 10, 7],
[7, 3, 3, 10]]
[1, 0.05, 0.05, 0.05, 0.05, 0.05, 0.05, 0.05, 0.05, 0.05,
0.05, 0.05, 0.05, 0.05, 0.05, 0.05, 0.05, 0.05, 0.05, 0.05,
0.05, 0.0025, 0.0025, 0.0025, 0.0025, 0.0025, 0.0025, 0.0025, 0.0025, 0.0025,
0.0025, 0.0025, 0.0025, 0.0025, 0.0025, 0.0025, 0.0025, 0.0025, 0.0025, 0.0025,
0.0025, 0.000125, 0.000125, 0.000125, 0.000125, 0.000125, 0.000125, 0.000125, 0.000125, 0.000125,
0.000125, 0.000125, 0.000125, 0.000125, 0.000125, 0.000125, 0.000125, 0.000125, 0.000125, 0.000125,
0.000125, 6.25e-06, 6.25e-06, 6.25e-06, 6.25e-06, 6.25e-06, 6.25e-06, 6.25e-06, 6.25e-06, 6.25e-06,
6.25e-06, 6.25e-06, 6.25e-06, 6.25e-06, 6.25e-06, 6.25e-06, 6.25e-06, 6.25e-06, 6.25e-06, 6.25e-06,
6.25e-06, 3.125e-07, 3.125e-07, 3.125e-07, 3.125e-07, 3.125e-07, 3.125e-07, 3.125e-07, 3.125e-07, 3.125e-07,
3.125e-07, 3.125e-07, 3.125e-07, 3.125e-07, 3.125e-07, 3.125e-07, 3.125e-07, 3.125e-07, 3.125e-07, 3.125e-07,
3.125e-07, 1.5625e-08, 1.5625e-08, 1.5625e-08, 1.5625e-08, 1.5625e-08, 1.5625e-08, 1.5625e-08, 1.5625e-08, 1.5625e-08,
1.5625e-08, 1.5625e-08, 1.5625e-08, 1.5625e-08, 1.5625e-08, 1.5625e-08, 1.5625e-08, 1.5625e-08, 1.5625e-08, 1.5625e-08,
1.5625e-08]
[9, 4, 4, 1, 7, 3, 1, 4, 0, 7,
3, 3, 1, 3, 3, 3, 9, 9, 1, 9,
3, 5, 6, 0, 2, 2, 6, 6, 1, 0,
3, 6, 8, 4, 10, 5, 2, 4, 6, 2,
8, 0, 8, 6, 2, 1, 8, 8, 5, 4,
2, 4, 4, 0, 8, 6, 7, 4, 0, 10,
6, 6, 4, 7, 3, 2, 3, 8, 1, 4,
0, 0, 0, 6, 4, 9, 2, 0, 8, 4,
3, 4, 10, 0, 8, 5, 0, 10, 8, 9,
9, 9, 0, 5, 2, 7, 0, 10, 8, 6,
2, 9, 4, 1, 3, 0, 4, 10, 4, 10,
10, 9, 0, 8, 8, 0, 3, 0, 6, 7,
7]
------------------------------------------------------- 
# stage = 7	# children c = 20	length of each stage p = 1	nodes = 120	# items I = 1
