[15, 82, 82, 11, 62, 15, 83, 79, 100, 73,
51, 45, 95, 26, 34, 17, 75, 47, 39, 24,
3, 42, 6, 99, 33, 6, 86, 65, 16, 36,
35, 31, 17, 16, 8, 45, 99, 91, 24, 64,
30, 41, 9, 91, 33, 9, 75, 7, 56, 13,
98, 26, 21, 3, 91, 20, 9, 76, 86, 92,
79, 87, 90, 96, 69, 98, 41, 67, 55, 31,
98, 51, 38, 73, 41, 72, 48, 82, 45, 70,
96, 43, 96, 16, 12, 53, 37, 89, 95, 89,
80, 73, 41, 69, 69, 9, 33, 76, 43, 54,
73, 40, 4, 10, 12, 11, 48, 60, 94, 60,
29, 55, 69, 92, 71, 81, 10, 74, 69, 4,
28]
[[1823, 201, 1567], [1621, 15, 170], [1093, 462, 1202], [1436, 663, 1616], [954, 1521, 1513], [554, 721, 705], [845, 1627, 58], [854, 1163, 30], [306, 787, 939], [100, 1873, 588],
[1923, 1682, 1033], [1476, 1533, 1293], [1646, 857, 1755], [1078, 279, 649], [680, 1477, 400], [423, 17, 1366], [1128, 862, 979], [1431, 1961, 128], [1461, 497, 1159], [387, 597, 1018],
[1219, 750, 931], [482, 212, 694], [1775, 88, 1551], [1517, 1166, 60], [152, 76, 1537], [552, 500, 1798], [1918, 1872, 891], [1127, 1289, 1082], [1255, 737, 1579], [401, 1368, 163],
[1663, 573, 913], [580, 1299, 1370], [1275, 1061, 1702], [1056, 808, 855], [1117, 1204, 931], [884, 2000, 1675], [669, 135, 1534], [1560, 1262, 1053], [628, 748, 1790], [193, 1393, 1388],
[600, 1042, 191], [1758, 1867, 1491], [1358, 1372, 538], [1046, 414, 1590], [1901, 1531, 780], [1063, 402, 766], [968, 1315, 1145], [732, 861, 394], [1786, 1733, 1142], [1806, 1926, 521],
[1181, 757, 1807], [1372, 745, 1660], [849, 89, 1018], [1631, 1135, 1677], [1451, 1267, 1438], [217, 560, 70], [1228, 1528, 1385], [359, 247, 476], [753, 263, 195], [125, 55, 352],
[646, 1480, 1109], [684, 1083, 84], [330, 162, 173], [1593, 24, 1552], [1500, 1475, 805], [924, 1693, 1365], [1239, 907, 1124], [854, 1510, 1615], [1331, 494, 1878], [1526, 619, 163],
[108, 1510, 1888], [1461, 180, 957], [1545, 754, 1119], [1718, 577, 1143], [1257, 63, 605], [292, 1232, 528], [1902, 457, 1679], [1256, 1311, 1175], [857, 872, 1913], [965, 629, 519],
[1372, 737, 259], [1246, 185, 439], [433, 1730, 1437], [1797, 1679, 1], [1170, 1166, 64], [5, 1458, 1540], [533, 1590, 1997], [442, 832, 1539], [1862, 1933, 641], [1761, 1128, 1270],
[266, 487, 2008], [769, 1977, 423], [1208, 397, 139], [876, 424, 48], [877, 1594, 1214], [1185, 1600, 903], [712, 363, 479], [939, 806, 1556], [708, 654, 1719], [1350, 401, 834],
[606, 912, 1321], [844, 1681, 1528], [1267, 1120, 155], [1651, 1996, 579], [1699, 859, 160], [900, 274, 1760], [1803, 986, 109], [512, 156, 1159], [54, 864, 1813], [4, 444, 445],
[838, 1051, 1601], [389, 125, 1268], [1917, 1393, 618], [59, 1030, 600], [638, 715, 1703], [798, 1859, 208], [788, 1648, 1438], [1142, 391, 1594], [287, 689, 689], [331, 693, 1133],
[1020, 1531, 414]]
[[8, 9, 4, 10], [9, 0, 5, 2], [6, 7, 0, 8], [10, 0, 3, 5], [4, 9, 2, 2], [2, 4, 10, 4], [5, 4, 5, 1], [1, 5, 1, 7], [1, 4, 4, 10], [2, 10, 10, 8],
[4, 8, 3, 4], [6, 6, 7, 10], [4, 9, 1, 4], [0, 9, 7, 5], [3, 10, 6, 2], [2, 6, 9, 3], [10, 2, 0, 1], [1, 8, 7, 4], [5, 10, 6, 1], [3, 0, 9, 5],
[9, 9, 7, 9], [7, 1, 1, 8], [1, 8, 10, 1], [3, 8, 5, 0], [0, 3, 1, 10], [1, 6, 1, 6], [3, 7, 5, 6], [5, 2, 9, 3], [0, 5, 10, 5], [5, 1, 3, 6],
[7, 2, 5, 10], [9, 10, 8, 7], [3, 9, 4, 2], [4, 4, 8, 7], [9, 1, 0, 4], [3, 7, 7, 1], [10, 5, 6, 4], [4, 9, 8, 9], [10, 3, 6, 8], [0, 3, 2, 1],
[1, 4, 3, 3], [8, 10, 8, 7], [0, 6, 0, 1], [2, 5, 2, 1], [8, 8, 4, 1], [7, 1, 8, 4], [4, 3, 10, 5], [6, 1, 6, 5], [5, 10, 6, 1], [7, 3, 8, 7],
[7, 8, 6, 9], [2, 8, 9, 0], [5, 2, 10, 10], [3, 8, 3, 6], [9, 2, 9, 5], [1, 4, 8, 5], [1, 4, 6, 6], [5, 3, 2, 2], [9, 6, 9, 0], [3, 7, 9, 7],
[7, 7, 6, 9], [2, 8, 4, 0], [8, 2, 3, 10], [4, 10, 2, 4], [3, 8, 10, 6], [0, 0, 6, 9], [6, 5, 7, 8], [10, 4, 4, 7], [9, 8, 5, 0], [3, 7, 9, 1],
[7, 0, 9, 9], [10, 0, 2, 0], [8, 0, 4, 6], [9, 0, 2, 2], [3, 7, 10, 2], [9, 1, 7, 7], [8, 10, 5, 9], [6, 2, 10, 2], [0, 6, 1, 8], [6, 1, 6, 1],
[10, 10, 5, 8], [8, 5, 9, 0], [2, 6, 3, 9], [8, 8, 6, 3], [8, 9, 1, 3], [0, 10, 4, 9], [5, 3, 6, 10], [2, 1, 9, 2], [1, 2, 8, 7], [7, 6, 8, 7],
[2, 9, 6, 8], [6, 10, 9, 3], [8, 10, 5, 7], [7, 7, 5, 0], [10, 1, 8, 10], [0, 6, 1, 1], [8, 8, 7, 3], [3, 4, 8, 3], [2, 3, 0, 6], [2, 9, 8, 9],
[7, 0, 5, 1], [7, 8, 1, 4], [7, 9, 3, 8], [5, 3, 7, 0], [0, 3, 1, 3], [7, 10, 5, 7], [0, 5, 1, 1], [2, 9, 10, 7], [9, 2, 8, 3], [10, 10, 7, 5],
[6, 8, 2, 9], [0, 9, 8, 0], [2, 9, 2, 9], [6, 7, 4, 7], [10, 5, 8, 10], [3, 7, 6, 10], [7, 2, 0, 4], [10, 7, 9, 5], [2, 0, 4, 3], [10, 1, 3, 1],
[10, 3, 8, 4]]
[1, 0.05, 0.05, 0.05, 0.05, 0.05, 0.05, 0.05, 0.05, 0.05,
0.05, 0.05, 0.05, 0.05, 0.05, 0.05, 0.05, 0.05, 0.05, 0.05,
0.05, 0.0025, 0.0025, 0.0025, 0.0025, 0.0025, 0.0025, 0.0025, 0.0025, 0.0025,
0.0025, 0.0025, 0.0025, 0.0025, 0.0025, 0.0025, 0.0025, 0.0025, 0.0025, 0.0025,
0.0025, 0.000125, 0.000125, 0.000125, 0.000125, 0.000125, 0.000125, 0.000125, 0.000125, 0.000125,
0.000125, 0.000125, 0.000125, 0.000125, 0.000125, 0.000125, 0.000125, 0.000125, 0.000125, 0.000125,
0.000125, 6.25e-06, 6.25e-06, 6.25e-06, 6.25e-06, 6.25e-06, 6.25e-06, 6.25e-06, 6.25e-06, 6.25e-06,
6.25e-06, 6.25e-06, 6.25e-06, 6.25e-06, 6.25e-06, 6.25e-06, 6.25e-06, 6.25e-06, 6.25e-06, 6.25e-06,
6.25e-06, 3.125e-07, 3.125e-07, 3.125e-07, 3.125e-07, 3.125e-07, 3.125e-07, 3.125e-07, 3.125e-07, 3.125e-07,
3.125e-07, 3.125e-07, 3.125e-07, 3.125e-07, 3.125e-07, 3.125e-07, 3.125e-07, 3.125e-07, 3.125e-07, 3.125e-07,
3.125e-07, 1.5625e-08, 1.5625e-08, 1.5625e-08, 1.5625e-08, 1.5625e-08, 1.5625e-08, 1.5625e-08, 1.5625e-08, 1.5625e-08,
1.5625e-08, 1.5625e-08, 1.5625e-08, 1.5625e-08, 1.5625e-08, 1.5625e-08, 1.5625e-08, 1.5625e-08, 1.5625e-08, 1.5625e-08,
1.5625e-08]
[20, 18, 14, 14, 4, 3, 15, 15, 14, 3,
0, 19, 9, 15, 18, 10, 10, 0, 6, 16,
12, 12, 15, 17, 13, 7, 7, 16, 6, 10,
15, 20, 4, 5, 8, 20, 15, 1, 11, 15,
17, 15, 7, 17, 15, 14, 3, 13, 9, 14,
14, 13, 20, 15, 11, 14, 10, 6, 14, 5,
4, 16, 10, 10, 4, 12, 13, 5, 18, 2,
6, 11, 20, 7, 13, 0, 9, 1, 2, 13,
11, 3, 8, 15, 1, 9, 11, 19, 10, 1,
14, 17, 14, 17, 4, 19, 10, 16, 5, 19,
4, 11, 2, 5, 11, 12, 2, 2, 3, 9,
4, 20, 5, 10, 2, 15, 14, 1, 12, 6,
6]
------------------------------------------------------- 
# stage = 7	# children c = 20	length of each stage p = 1	nodes = 120	# items I = 1
