[62, 47, 37, 14, 72, 36, 81, 51, 84, 92,
12, 56, 34, 84, 77, 69, 99, 54, 40, 85,
33, 50, 95, 61, 37, 39, 57, 62, 26, 94,
48, 88, 6, 51, 68, 44, 88, 14, 95, 71,
5, 7, 26, 6, 91, 2, 41, 56, 22, 47,
6, 56, 64, 1, 83, 0, 6, 39, 62, 33,
99]
[[390, 312, 990], [696, 429, 457], [1793, 1373, 1735], [139, 1107, 268], [1875, 1756, 1192], [1131, 733, 557], [119, 516, 232], [930, 361, 839], [464, 1688, 441], [1316, 773, 51],
[89, 1164, 363], [895, 1676, 792], [1352, 1410, 289], [1028, 1365, 1212], [1296, 1364, 1092], [612, 435, 1641], [986, 554, 282], [1218, 1300, 643], [1874, 1765, 455], [255, 1021, 1045],
[306, 1110, 149], [485, 130, 1641], [1093, 1298, 1175], [1198, 450, 664], [534, 1747, 1845], [1443, 299, 404], [1208, 1285, 959], [1306, 444, 383], [74, 442, 88], [345, 513, 1110],
[1390, 820, 160], [1355, 1121, 290], [1121, 339, 1589], [420, 1537, 1855], [901, 12, 1726], [870, 1271, 150], [1274, 603, 1251], [357, 34, 1695], [557, 1800, 261], [645, 269, 591],
[1571, 1476, 1411], [1732, 955, 472], [1838, 200, 811], [1551, 437, 289], [1531, 1338, 301], [1197, 332, 1572], [1163, 1422, 115], [539, 1596, 1841], [358, 277, 1765], [436, 738, 1851],
[1027, 250, 1451], [378, 106, 346], [850, 68, 363], [1662, 1436, 800], [1767, 907, 78], [192, 44, 226], [1580, 1208, 1648], [1511, 1747, 1368], [1293, 229, 1461], [998, 481, 140],
[973, 1508, 390]]
[[2, 10, 10, 8], [4, 4, 8, 8], [2, 4, 10, 2], [3, 7, 2, 0], [8, 7, 4, 3], [7, 7, 10, 4], [4, 10, 6, 8], [5, 10, 4, 5], [8, 3, 1, 10], [6, 9, 7, 6],
[1, 4, 8, 4], [9, 10, 2, 5], [5, 6, 8, 10], [0, 5, 3, 5], [2, 7, 0, 5], [5, 2, 0, 2], [4, 1, 1, 10], [8, 6, 5, 9], [9, 0, 2, 7], [10, 5, 10, 2],
[9, 5, 1, 10], [10, 4, 2, 10], [10, 2, 5, 4], [4, 5, 6, 8], [4, 7, 5, 1], [0, 10, 0, 9], [10, 0, 4, 8], [3, 3, 8, 2], [9, 8, 10, 6], [10, 1, 6, 9],
[1, 0, 2, 3], [5, 6, 10, 7], [0, 4, 6, 1], [2, 6, 10, 1], [5, 3, 7, 8], [5, 3, 8, 3], [0, 5, 7, 10], [6, 2, 7, 5], [2, 7, 9, 5], [3, 8, 10, 3],
[1, 6, 4, 3], [1, 2, 3, 4], [3, 8, 0, 8], [0, 6, 9, 9], [1, 6, 7, 7], [6, 3, 2, 9], [10, 9, 1, 2], [6, 1, 4, 5], [7, 6, 9, 6], [6, 10, 0, 10],
[7, 9, 5, 6], [4, 2, 2, 5], [6, 9, 2, 1], [1, 2, 8, 10], [0, 10, 10, 4], [0, 3, 9, 5], [8, 5, 0, 3], [2, 9, 2, 8], [7, 6, 3, 10], [8, 3, 4, 3],
[2, 4, 2, 1]]
[1, 0.05, 0.05, 0.05, 0.05, 0.05, 0.05, 0.05, 0.05, 0.05,
0.05, 0.05, 0.05, 0.05, 0.05, 0.05, 0.05, 0.05, 0.05, 0.05,
0.05, 0.0025, 0.0025, 0.0025, 0.0025, 0.0025, 0.0025, 0.0025, 0.0025, 0.0025,
0.0025, 0.0025, 0.0025, 0.0025, 0.0025, 0.0025, 0.0025, 0.0025, 0.0025, 0.0025,
0.0025, 0.000125, 0.000125, 0.000125, 0.000125, 0.000125, 0.000125, 0.000125, 0.000125, 0.000125,
0.000125, 0.000125, 0.000125, 0.000125, 0.000125, 0.000125, 0.000125, 0.000125, 0.000125, 0.000125,
0.000125]
[6, 3, 0, 7, 4, 7, 6, 6, 8, 3,
5, 2, 3, 4, 6, 5, 2, 2, 0, 1,
7, 0, 9, 3, 8, 6, 1, 4, 0, 0,
1, 2, 7, 0, 7, 3, 5, 9, 1, 7,
0, 5, 3, 9, 4, 3, 7, 0, 3, 6,
7, 6, 7, 0, 9, 1, 0, 3, 2, 9,
2]
------------------------------------------------------- 
# stage = 4	# children c = 20	length of each stage p = 1	nodes = 60	# items I = 1
