[41, 81, 21, 97, 94, 9, 76, 80, 58, 61,
92, 68, 80, 48, 93, 99, 94, 64, 13, 57,
95, 6, 99, 5, 24, 67, 99, 27, 23, 10,
21, 65, 91, 8, 27, 84, 84, 2, 29, 42,
29, 88, 9, 9, 1, 69, 74, 96, 99, 53,
52, 93, 59, 16, 99, 50, 49, 63, 77, 72,
73, 64, 36, 30, 38, 30, 80, 22, 32, 9,
30, 62, 63, 39, 37, 64, 74, 77, 59, 72,
30]
[[3524, 2737, 838], [2617, 3450, 288], [994, 1518, 3012], [2875, 1935, 691], [897, 1790, 815], [1920, 3285, 2953], [1047, 3800, 2021], [2156, 3311, 1678], [3406, 3068, 1165], [3143, 1466, 4041],
[2180, 2807, 506], [835, 1335, 1773], [3029, 147, 1108], [1952, 839, 861], [2644, 3642, 2651], [3459, 3379, 1847], [140, 337, 1558], [2162, 2493, 780], [1657, 3717, 1666], [2822, 2771, 949],
[591, 2768, 1573], [1098, 1420, 2908], [688, 360, 872], [1797, 2312, 1711], [2658, 2773, 1265], [3126, 4050, 555], [884, 101, 893], [260, 2263, 1203], [2946, 1738, 831], [523, 471, 1419],
[3378, 1063, 2004], [2768, 4067, 3424], [3494, 2572, 3784], [277, 280, 2008], [1989, 755, 692], [1071, 3881, 2559], [3532, 2583, 2661], [2242, 2843, 835], [1263, 1700, 2573], [2094, 41, 862],
[1331, 1236, 3831], [3335, 4005, 1626], [2671, 3410, 109], [2366, 3687, 2296], [2191, 3493, 3051], [701, 2381, 661], [3260, 1825, 3244], [1832, 4067, 3904], [485, 1241, 1515], [875, 1153, 3462],
[1737, 301, 610], [1479, 3636, 2432], [3105, 35, 1753], [1032, 2402, 3257], [3328, 2410, 2662], [107, 3111, 954], [2674, 100, 596], [3735, 1932, 2481], [3550, 234, 3722], [2883, 1110, 2692],
[2256, 2847, 2993], [683, 2144, 358], [3115, 3066, 393], [2685, 9, 612], [1854, 1154, 3023], [2333, 1262, 3951], [1104, 1753, 4051], [1701, 1400, 3801], [1999, 861, 4035], [1632, 1561, 2962],
[2142, 1635, 1721], [1046, 135, 3865], [3310, 3251, 2842], [3704, 3753, 669], [2133, 3424, 1823], [2973, 1668, 902], [653, 590, 2656], [2521, 108, 4056], [2233, 2107, 2734], [4086, 1556, 207],
[2959, 3698, 3748]]
[[7, 9, 9, 7], [5, 2, 5, 3], [6, 10, 3, 7], [5, 9, 6, 8], [4, 2, 9, 7], [5, 2, 7, 8], [6, 8, 7, 6], [9, 1, 2, 6], [8, 10, 2, 0], [1, 6, 4, 7],
[5, 7, 2, 10], [5, 6, 6, 7], [8, 2, 4, 2], [4, 9, 10, 10], [4, 6, 3, 3], [6, 6, 9, 3], [5, 9, 2, 4], [4, 6, 10, 7], [0, 10, 5, 5], [5, 0, 10, 2],
[2, 1, 4, 4], [0, 1, 1, 4], [8, 4, 7, 3], [8, 3, 4, 0], [2, 6, 5, 4], [10, 2, 1, 10], [1, 6, 2, 4], [4, 2, 6, 4], [3, 8, 8, 3], [9, 7, 6, 4],
[9, 0, 7, 7], [4, 10, 7, 4], [3, 10, 8, 3], [1, 7, 2, 0], [2, 5, 4, 4], [5, 8, 8, 8], [5, 3, 10, 2], [8, 3, 6, 7], [3, 1, 1, 7], [0, 8, 9, 3],
[8, 7, 4, 7], [3, 7, 8, 4], [10, 10, 6, 4], [8, 2, 10, 0], [3, 7, 2, 1], [10, 9, 6, 3], [8, 7, 8, 6], [4, 7, 9, 10], [1, 3, 7, 4], [8, 4, 6, 7],
[3, 2, 9, 9], [4, 8, 10, 7], [5, 1, 6, 4], [8, 1, 5, 5], [8, 3, 0, 0], [8, 8, 10, 9], [9, 4, 0, 4], [6, 5, 0, 8], [5, 7, 6, 9], [4, 5, 3, 7],
[5, 8, 10, 2], [9, 4, 6, 5], [5, 4, 3, 0], [1, 0, 7, 8], [5, 6, 1, 0], [0, 10, 8, 5], [4, 2, 1, 9], [7, 4, 3, 1], [1, 2, 2, 9], [5, 6, 1, 10],
[10, 4, 0, 10], [4, 7, 7, 9], [2, 7, 8, 0], [4, 3, 5, 7], [5, 4, 3, 0], [7, 6, 10, 8], [7, 1, 4, 1], [5, 5, 0, 5], [9, 9, 4, 1], [4, 9, 8, 4],
[3, 3, 5, 6]]
[1, 0.05, 0.05, 0.05, 0.05, 0.05, 0.05, 0.05, 0.05, 0.05,
0.05, 0.05, 0.05, 0.05, 0.05, 0.05, 0.05, 0.05, 0.05, 0.05,
0.05, 0.0025, 0.0025, 0.0025, 0.0025, 0.0025, 0.0025, 0.0025, 0.0025, 0.0025,
0.0025, 0.0025, 0.0025, 0.0025, 0.0025, 0.0025, 0.0025, 0.0025, 0.0025, 0.0025,
0.0025, 0.000125, 0.000125, 0.000125, 0.000125, 0.000125, 0.000125, 0.000125, 0.000125, 0.000125,
0.000125, 0.000125, 0.000125, 0.000125, 0.000125, 0.000125, 0.000125, 0.000125, 0.000125, 0.000125,
0.000125, 6.25e-06, 6.25e-06, 6.25e-06, 6.25e-06, 6.25e-06, 6.25e-06, 6.25e-06, 6.25e-06, 6.25e-06,
6.25e-06, 6.25e-06, 6.25e-06, 6.25e-06, 6.25e-06, 6.25e-06, 6.25e-06, 6.25e-06, 6.25e-06, 6.25e-06,
6.25e-06]
[10, 0, 2, 7, 3, 7, 0, 0, 2, 8,
9, 1, 8, 2, 3, 5, 3, 3, 0, 2,
3, 5, 6, 6, 2, 0, 10, 10, 10, 0,
8, 2, 7, 5, 0, 6, 5, 4, 4, 4,
0, 3, 3, 2, 0, 3, 5, 6, 7, 7,
4, 8, 0, 5, 8, 9, 0, 5, 0, 6,
7, 6, 1, 1, 7, 3, 10, 6, 1, 1,
8, 3, 9, 10, 0, 10, 1, 7, 1, 7,
6]
------------------------------------------------------- 
# stage = 5	# children c = 20	length of each stage p = 1	nodes = 80	# items I = 1
