[71, 51, 3, 100, 49, 27, 94, 60, 37, 96,
26, 87, 51, 52, 71, 32, 18, 10, 57, 53,
98, 78, 76, 12, 94, 3, 38, 8, 21, 18,
6, 93, 69, 9, 58, 84, 2, 17, 44, 5,
12, 70, 92, 63, 88, 62, 61, 73, 39, 17,
25, 36, 62, 67, 48, 55, 71, 52, 29, 58,
70, 35, 16, 4, 11, 74, 89, 13, 57, 99,
19, 70, 34, 10, 99, 22, 39, 60, 95, 78,
43]
[[2043, 2087, 1608], [2074, 1099, 1152], [267, 2941, 2936], [455, 3319, 1251], [2245, 1151, 1246], [3179, 2237, 186], [767, 2565, 133], [41, 1935, 964], [982, 2019, 3395], [45, 2619, 1861],
[288, 1493, 166], [1897, 397, 1878], [3049, 1277, 1036], [2202, 1733, 572], [284, 808, 2336], [2143, 204, 790], [2330, 1584, 3355], [2463, 2238, 1507], [257, 3220, 3526], [482, 96, 2976],
[2956, 384, 686], [3122, 2281, 1083], [1830, 2161, 2361], [2866, 580, 924], [268, 1477, 1732], [2604, 3621, 2549], [224, 2168, 963], [3579, 1461, 32], [1917, 2331, 3252], [2273, 2813, 178],
[1466, 1986, 563], [2765, 1939, 3457], [66, 599, 1835], [3040, 3466, 3029], [794, 564, 723], [2526, 3169, 561], [1905, 223, 3342], [3481, 20, 1020], [3513, 2550, 3351], [3596, 1040, 2994],
[3774, 2507, 1811], [554, 1489, 580], [842, 2168, 1179], [2677, 2038, 1475], [1923, 2832, 2040], [3260, 1575, 2039], [38, 310, 2262], [3381, 9, 2895], [1231, 3522, 1662], [1413, 3335, 2703],
[1237, 157, 2040], [3048, 1324, 359], [458, 2166, 3141], [2251, 1061, 1396], [3726, 3597, 446], [2596, 3074, 2634], [1465, 3726, 3558], [3728, 3324, 3567], [3453, 1385, 136], [1333, 2798, 302],
[866, 253, 459], [3519, 131, 1783], [708, 590, 780], [66, 3454, 2454], [2076, 3397, 2268], [3135, 2824, 2173], [1986, 506, 2116], [2374, 1064, 2270], [2158, 735, 3655], [2908, 2681, 2671],
[40, 377, 3537], [1112, 726, 3668], [3508, 1434, 1088], [505, 2114, 759], [2959, 1020, 987], [2058, 372, 28], [448, 2971, 1147], [3177, 1563, 2212], [1664, 551, 3560], [1536, 289, 3071],
[1037, 329, 278]]
[[1, 1, 6, 0], [6, 2, 10, 4], [2, 3, 1, 10], [5, 7, 7, 5], [3, 8, 2, 3], [6, 1, 8, 7], [6, 2, 1, 8], [7, 5, 9, 6], [6, 2, 4, 10], [3, 1, 3, 5],
[5, 4, 2, 8], [1, 9, 2, 2], [5, 2, 6, 0], [1, 3, 5, 8], [3, 6, 5, 10], [0, 1, 3, 6], [2, 6, 5, 5], [7, 9, 8, 10], [0, 0, 7, 10], [7, 8, 0, 1],
[10, 4, 0, 1], [7, 5, 7, 8], [10, 1, 5, 10], [3, 8, 4, 5], [1, 7, 8, 9], [3, 5, 6, 4], [3, 3, 1, 0], [9, 1, 10, 8], [5, 8, 7, 10], [3, 3, 7, 2],
[5, 1, 10, 6], [8, 1, 9, 9], [9, 6, 5, 1], [9, 1, 3, 2], [2, 3, 0, 0], [4, 8, 6, 8], [6, 3, 5, 7], [4, 2, 9, 7], [1, 6, 2, 7], [8, 9, 4, 4],
[2, 9, 3, 1], [8, 5, 1, 8], [8, 1, 6, 10], [9, 2, 7, 4], [3, 2, 0, 7], [2, 7, 4, 1], [1, 4, 9, 7], [3, 0, 0, 5], [9, 1, 4, 5], [6, 5, 0, 3],
[6, 7, 3, 3], [9, 8, 5, 1], [8, 4, 6, 8], [9, 10, 10, 10], [2, 6, 6, 3], [6, 4, 8, 2], [6, 0, 5, 1], [5, 6, 3, 10], [2, 4, 2, 0], [1, 7, 10, 8],
[9, 5, 5, 8], [3, 4, 5, 5], [8, 1, 6, 1], [3, 3, 4, 9], [3, 7, 9, 7], [2, 1, 6, 4], [3, 8, 2, 2], [2, 10, 10, 10], [5, 5, 7, 6], [7, 1, 9, 3],
[0, 4, 4, 2], [5, 6, 0, 7], [3, 7, 3, 5], [6, 7, 8, 9], [4, 8, 1, 4], [8, 9, 3, 0], [3, 8, 6, 9], [8, 2, 1, 6], [6, 5, 8, 0], [1, 7, 5, 4],
[3, 8, 7, 8]]
[1, 0.05, 0.05, 0.05, 0.05, 0.05, 0.05, 0.05, 0.05, 0.05,
0.05, 0.05, 0.05, 0.05, 0.05, 0.05, 0.05, 0.05, 0.05, 0.05,
0.05, 0.0025, 0.0025, 0.0025, 0.0025, 0.0025, 0.0025, 0.0025, 0.0025, 0.0025,
0.0025, 0.0025, 0.0025, 0.0025, 0.0025, 0.0025, 0.0025, 0.0025, 0.0025, 0.0025,
0.0025, 0.000125, 0.000125, 0.000125, 0.000125, 0.000125, 0.000125, 0.000125, 0.000125, 0.000125,
0.000125, 0.000125, 0.000125, 0.000125, 0.000125, 0.000125, 0.000125, 0.000125, 0.000125, 0.000125,
0.000125, 6.25e-06, 6.25e-06, 6.25e-06, 6.25e-06, 6.25e-06, 6.25e-06, 6.25e-06, 6.25e-06, 6.25e-06,
6.25e-06, 6.25e-06, 6.25e-06, 6.25e-06, 6.25e-06, 6.25e-06, 6.25e-06, 6.25e-06, 6.25e-06, 6.25e-06,
6.25e-06]
[15, 15, 3, 15, 14, 16, 2, 3, 15, 12,
6, 2, 11, 1, 6, 7, 18, 13, 14, 2,
8, 1, 16, 8, 9, 2, 12, 7, 0, 8,
18, 3, 13, 15, 4, 11, 11, 1, 13, 18,
5, 16, 1, 16, 8, 4, 15, 3, 18, 11,
14, 10, 12, 12, 14, 3, 11, 9, 0, 10,
9, 9, 13, 8, 6, 13, 0, 5, 9, 15,
10, 18, 13, 8, 12, 18, 8, 1, 16, 12,
6]
------------------------------------------------------- 
# stage = 5	# children c = 20	length of each stage p = 1	nodes = 80	# items I = 1
