[18, 89, 79, 20, 63, 82, 98, 99, 38, 40,
24, 38, 34, 52, 59, 83, 80, 34, 93, 66,
3, 84, 61, 24, 57, 28, 51, 19, 32, 6,
76, 16, 95, 54, 37, 58, 1, 0, 22, 40,
41, 12, 44, 75, 30, 69, 23, 9, 2, 82,
76, 73, 31, 2, 97, 88, 97, 14, 73, 29,
20, 48, 45, 81, 1, 48, 4, 70, 49, 94,
76, 56, 5, 19, 30, 2, 88, 19, 78, 56,
0, 53, 28, 32, 22, 92, 86, 18, 5, 59,
13, 92, 6, 25, 72, 75, 73, 77, 44, 21,
70, 19, 77, 41, 4, 73, 9, 58, 92, 88,
13, 59, 6, 8, 57, 28, 100, 42, 47, 71,
67, 26, 62, 40, 51, 33, 81, 24, 76, 24,
11, 11, 9, 55, 19, 80, 27, 28, 37, 86,
15]
[[521, 118, 481], [29, 457, 401], [858, 1010, 493], [136, 677, 803], [652, 1025, 366], [876, 264, 693], [841, 614, 995], [632, 84, 286], [678, 817, 309], [602, 28, 110],
[462, 551, 230], [945, 580, 689], [280, 374, 633], [774, 512, 246], [513, 99, 206], [881, 977, 472], [508, 754, 21], [437, 321, 107], [723, 1001, 926], [1035, 537, 957],
[81, 999, 442], [311, 879, 1025], [1002, 93, 333], [569, 869, 846], [816, 316, 947], [1024, 134, 858], [432, 642, 548], [455, 16, 869], [563, 741, 807], [425, 710, 278],
[318, 791, 214], [761, 38, 29], [722, 1040, 124], [1055, 546, 994], [837, 298, 246], [720, 258, 380], [514, 690, 1025], [1063, 82, 1041], [868, 647, 716], [609, 6, 363],
[888, 325, 90], [38, 22, 129], [67, 744, 105], [191, 735, 653], [119, 509, 953], [368, 163, 145], [748, 678, 838], [707, 675, 920], [684, 477, 501], [337, 23, 509],
[700, 913, 834], [790, 951, 858], [921, 1018, 536], [1029, 143, 208], [618, 263, 717], [506, 631, 880], [653, 315, 492], [425, 1025, 103], [281, 643, 583], [784, 980, 606],
[228, 616, 453], [1064, 343, 338], [857, 200, 290], [329, 163, 435], [537, 782, 698], [190, 224, 265], [7, 877, 583], [499, 239, 542], [605, 520, 121], [122, 241, 38],
[730, 469, 654], [117, 469, 997], [457, 260, 132], [749, 592, 297], [118, 65, 15], [819, 256, 239], [20, 263, 53], [603, 764, 292], [81, 305, 814], [203, 427, 1057],
[241, 91, 462], [897, 210, 932], [829, 669, 128], [963, 352, 720], [194, 471, 788], [210, 224, 1044], [451, 244, 243], [506, 850, 1009], [800, 931, 249], [549, 70, 678],
[542, 313, 772], [1005, 145, 982], [871, 974, 586], [1001, 871, 938], [656, 1, 345], [380, 213, 571], [360, 667, 818], [603, 107, 602], [548, 908, 469], [797, 393, 542],
[410, 935, 855], [116, 874, 1000], [34, 681, 910], [622, 617, 717], [497, 209, 719], [842, 589, 934], [350, 949, 535], [102, 488, 645], [706, 1038, 487], [109, 770, 882],
[651, 116, 751], [443, 234, 562], [377, 270, 177], [222, 893, 796], [941, 326, 1005], [594, 104, 530], [465, 454, 413], [1000, 556, 903], [581, 198, 876], [2, 308, 582],
[884, 961, 700], [572, 340, 934], [68, 718, 140], [247, 942, 1033], [1044, 817, 295], [985, 348, 400], [450, 813, 854], [863, 749, 347], [703, 265, 545], [515, 269, 855],
[31, 90, 753], [731, 664, 27], [601, 734, 747], [741, 981, 623], [711, 961, 377], [1006, 881, 727], [340, 265, 474], [131, 64, 159], [480, 769, 426], [1027, 218, 698],
[819, 249, 788]]
[[3, 1, 0, 8], [2, 2, 0, 7], [10, 5, 5, 4], [7, 9, 7, 8], [1, 4, 4, 1], [4, 3, 4, 8], [2, 6, 2, 4], [9, 10, 10, 10], [0, 8, 8, 2], [10, 6, 10, 8],
[10, 2, 10, 6], [0, 6, 3, 10], [0, 6, 9, 4], [9, 2, 1, 0], [6, 1, 2, 4], [1, 1, 1, 10], [9, 7, 0, 7], [3, 8, 4, 0], [10, 3, 4, 8], [9, 6, 5, 7],
[1, 3, 0, 8], [5, 10, 6, 0], [1, 6, 2, 0], [8, 1, 8, 4], [9, 8, 9, 10], [3, 2, 10, 2], [5, 3, 8, 2], [9, 2, 9, 8], [3, 8, 3, 8], [7, 9, 6, 6],
[5, 6, 4, 0], [8, 2, 2, 4], [8, 1, 3, 1], [3, 2, 1, 7], [3, 10, 9, 0], [10, 7, 8, 1], [4, 1, 7, 10], [8, 3, 3, 0], [7, 6, 9, 2], [8, 1, 6, 5],
[0, 9, 4, 1], [9, 6, 8, 2], [3, 4, 2, 0], [10, 8, 1, 1], [7, 9, 0, 3], [10, 2, 3, 4], [8, 2, 7, 3], [1, 0, 6, 1], [8, 0, 2, 6], [4, 9, 6, 7],
[2, 6, 5, 1], [4, 5, 1, 0], [3, 10, 3, 0], [1, 5, 4, 7], [7, 9, 10, 8], [10, 6, 7, 5], [4, 9, 9, 8], [7, 5, 2, 8], [0, 5, 7, 2], [10, 8, 1, 0],
[8, 2, 0, 9], [7, 3, 4, 1], [1, 3, 7, 9], [7, 3, 1, 9], [2, 0, 4, 7], [5, 4, 4, 3], [10, 1, 4, 9], [9, 5, 10, 4], [7, 8, 1, 2], [0, 5, 3, 0],
[6, 9, 7, 1], [1, 9, 10, 1], [9, 4, 9, 1], [6, 0, 4, 5], [10, 8, 2, 7], [0, 10, 0, 8], [7, 1, 8, 8], [6, 0, 6, 2], [7, 2, 3, 9], [0, 0, 8, 9],
[2, 6, 8, 9], [5, 0, 3, 4], [6, 3, 9, 7], [2, 10, 2, 10], [0, 10, 5, 5], [8, 0, 7, 5], [0, 8, 3, 1], [8, 0, 8, 0], [5, 6, 7, 8], [6, 10, 10, 10],
[3, 9, 6, 3], [8, 8, 2, 6], [5, 5, 0, 3], [3, 5, 8, 4], [2, 9, 5, 9], [7, 0, 7, 10], [4, 3, 7, 8], [0, 7, 8, 1], [3, 3, 5, 9], [10, 7, 4, 4],
[0, 5, 5, 3], [10, 2, 7, 0], [9, 10, 9, 6], [9, 3, 5, 2], [6, 0, 0, 6], [5, 6, 8, 8], [9, 2, 6, 6], [7, 8, 9, 7], [2, 3, 9, 0], [6, 5, 9, 4],
[3, 5, 8, 1], [8, 1, 3, 3], [1, 1, 9, 4], [7, 4, 10, 4], [6, 5, 10, 1], [0, 8, 6, 3], [1, 4, 1, 5], [10, 10, 7, 0], [4, 5, 1, 1], [4, 4, 2, 5],
[4, 0, 7, 0], [3, 6, 4, 7], [9, 4, 8, 9], [10, 4, 10, 0], [6, 0, 3, 3], [8, 0, 3, 10], [5, 4, 0, 9], [7, 0, 1, 0], [10, 6, 9, 2], [1, 3, 9, 10],
[5, 7, 6, 2], [9, 6, 1, 4], [6, 4, 8, 2], [4, 9, 1, 7], [3, 0, 3, 8], [0, 2, 6, 10], [8, 4, 1, 9], [5, 0, 6, 8], [5, 2, 0, 1], [8, 1, 3, 1],
[5, 9, 3, 8]]
[1, 0.05, 0.05, 0.05, 0.05, 0.05, 0.05, 0.05, 0.05, 0.05,
0.05, 0.05, 0.05, 0.05, 0.05, 0.05, 0.05, 0.05, 0.05, 0.05,
0.05, 0.0025, 0.0025, 0.0025, 0.0025, 0.0025, 0.0025, 0.0025, 0.0025, 0.0025,
0.0025, 0.0025, 0.0025, 0.0025, 0.0025, 0.0025, 0.0025, 0.0025, 0.0025, 0.0025,
0.0025, 0.000125, 0.000125, 0.000125, 0.000125, 0.000125, 0.000125, 0.000125, 0.000125, 0.000125,
0.000125, 0.000125, 0.000125, 0.000125, 0.000125, 0.000125, 0.000125, 0.000125, 0.000125, 0.000125,
0.000125, 6.25e-06, 6.25e-06, 6.25e-06, 6.25e-06, 6.25e-06, 6.25e-06, 6.25e-06, 6.25e-06, 6.25e-06,
6.25e-06, 6.25e-06, 6.25e-06, 6.25e-06, 6.25e-06, 6.25e-06, 6.25e-06, 6.25e-06, 6.25e-06, 6.25e-06,
6.25e-06, 3.125e-07, 3.125e-07, 3.125e-07, 3.125e-07, 3.125e-07, 3.125e-07, 3.125e-07, 3.125e-07, 3.125e-07,
3.125e-07, 3.125e-07, 3.125e-07, 3.125e-07, 3.125e-07, 3.125e-07, 3.125e-07, 3.125e-07, 3.125e-07, 3.125e-07,
3.125e-07, 1.5625e-08, 1.5625e-08, 1.5625e-08, 1.5625e-08, 1.5625e-08, 1.5625e-08, 1.5625e-08, 1.5625e-08, 1.5625e-08,
1.5625e-08, 1.5625e-08, 1.5625e-08, 1.5625e-08, 1.5625e-08, 1.5625e-08, 1.5625e-08, 1.5625e-08, 1.5625e-08, 1.5625e-08,
1.5625e-08, 7.8125e-10, 7.8125e-10, 7.8125e-10, 7.8125e-10, 7.8125e-10, 7.8125e-10, 7.8125e-10, 7.8125e-10, 7.8125e-10,
7.8125e-10, 7.8125e-10, 7.8125e-10, 7.8125e-10, 7.8125e-10, 7.8125e-10, 7.8125e-10, 7.8125e-10, 7.8125e-10, 7.8125e-10,
7.8125e-10]
[12, 19, 10, 1, 14, 1, 2, 20, 19, 10,
16, 17, 3, 12, 7, 20, 6, 1, 9, 4,
12, 7, 19, 17, 10, 1, 13, 6, 20, 19,
7, 0, 10, 6, 21, 18, 11, 0, 5, 20,
19, 15, 16, 3, 14, 15, 15, 10, 11, 20,
1, 18, 16, 17, 10, 10, 13, 15, 20, 16,
20, 11, 0, 14, 13, 20, 0, 1, 9, 13,
9, 4, 0, 3, 15, 10, 5, 2, 18, 15,
0, 20, 4, 17, 13, 9, 4, 19, 10, 21,
18, 14, 6, 5, 4, 6, 7, 4, 21, 2,
2, 10, 1, 8, 6, 10, 15, 2, 14, 18,
3, 20, 4, 20, 20, 15, 10, 2, 8, 19,
17, 13, 8, 6, 0, 15, 5, 11, 12, 11,
8, 7, 5, 6, 19, 1, 8, 20, 5, 13,
6]
------------------------------------------------------- 
# stage = 8	# children c = 20	length of each stage p = 1	nodes = 140	# items I = 1
