[20, 1, 49, 24, 70, 92, 40, 47, 6, 9,
3, 68, 96, 4, 66, 63, 80, 98, 25, 14,
95, 22, 51, 57, 50, 20, 75, 64, 77, 55,
67, 97, 22, 83, 87, 59, 40, 26, 72, 13,
36, 75, 81, 98, 45, 47, 60, 24, 44, 51,
39, 38, 73, 56, 95, 89, 42, 36, 53, 18,
57, 86, 81, 80, 68, 67, 4, 75, 60, 76,
88, 62, 16, 68, 59, 61, 14, 85, 52, 58,
2, 57, 62, 75, 12, 23, 30, 54, 59, 49,
39, 82, 34, 19, 61, 69, 87, 31, 43, 46,
73]
[[731, 354, 577], [178, 948, 244], [64, 628, 801], [126, 342, 502], [6, 779, 451], [33, 792, 145], [511, 545, 708], [926, 898, 241], [461, 578, 957], [938, 497, 1026],
[38, 164, 314], [615, 342, 198], [861, 408, 826], [598, 537, 103], [35, 545, 882], [488, 580, 610], [634, 27, 89], [278, 953, 987], [521, 350, 501], [414, 224, 1000],
[374, 263, 98], [691, 880, 442], [889, 676, 851], [650, 208, 324], [753, 245, 869], [571, 734, 384], [115, 304, 411], [206, 582, 301], [130, 38, 651], [633, 454, 878],
[568, 829, 75], [668, 454, 955], [45, 277, 567], [898, 929, 776], [156, 616, 1021], [1025, 123, 691], [345, 240, 995], [757, 447, 514], [1058, 577, 554], [645, 144, 1008],
[457, 714, 771], [534, 317, 161], [424, 362, 439], [991, 194, 304], [703, 350, 923], [661, 311, 1046], [286, 657, 221], [216, 350, 668], [730, 344, 181], [220, 989, 325],
[162, 383, 1042], [934, 917, 293], [29, 277, 655], [470, 205, 851], [777, 908, 137], [634, 503, 448], [614, 792, 41], [837, 1010, 391], [441, 674, 735], [622, 894, 661],
[950, 1058, 1044], [926, 926, 895], [153, 958, 109], [810, 364, 314], [595, 75, 158], [732, 709, 662], [116, 260, 390], [158, 31, 334], [549, 473, 1010], [219, 29, 838],
[880, 981, 832], [860, 841, 693], [691, 996, 587], [800, 740, 953], [48, 269, 1029], [207, 1003, 674], [871, 54, 934], [195, 214, 968], [529, 763, 375], [473, 984, 406],
[247, 800, 322], [13, 594, 99], [708, 220, 30], [231, 1020, 770], [119, 5, 1042], [84, 214, 981], [758, 21, 1035], [629, 216, 185], [531, 747, 949], [908, 156, 869],
[248, 405, 604], [572, 420, 132], [672, 65, 354], [702, 296, 311], [408, 417, 318], [384, 501, 532], [300, 196, 553], [271, 825, 771], [457, 292, 454], [342, 134, 612],
[145, 384, 1019]]
[[2, 9, 2, 0], [1, 2, 3, 9], [6, 1, 0, 0], [8, 0, 4, 7], [2, 2, 3, 3], [10, 5, 8, 1], [9, 1, 8, 1], [8, 5, 1, 10], [1, 3, 0, 2], [3, 1, 9, 9],
[2, 10, 7, 8], [8, 9, 2, 10], [10, 3, 2, 9], [7, 8, 8, 5], [8, 5, 4, 5], [10, 5, 3, 9], [7, 1, 0, 10], [2, 10, 7, 2], [7, 1, 0, 4], [0, 0, 1, 10],
[4, 1, 6, 0], [7, 4, 3, 4], [7, 5, 8, 5], [0, 9, 3, 5], [10, 2, 4, 10], [10, 9, 1, 6], [0, 10, 8, 9], [9, 7, 6, 2], [6, 1, 0, 2], [3, 1, 5, 0],
[6, 0, 5, 4], [9, 6, 9, 6], [8, 1, 5, 5], [8, 4, 9, 8], [2, 6, 4, 0], [0, 10, 0, 6], [1, 0, 7, 4], [10, 1, 2, 3], [1, 5, 8, 8], [1, 4, 3, 7],
[5, 6, 2, 3], [10, 0, 9, 10], [5, 3, 10, 5], [2, 10, 10, 1], [8, 6, 4, 5], [7, 6, 9, 6], [1, 6, 3, 2], [10, 4, 7, 3], [10, 9, 4, 7], [10, 0, 7, 2],
[3, 4, 7, 4], [4, 4, 3, 10], [10, 7, 5, 4], [1, 1, 10, 0], [7, 0, 0, 4], [2, 7, 5, 10], [6, 9, 5, 3], [8, 1, 5, 9], [3, 10, 0, 5], [4, 4, 5, 3],
[9, 8, 6, 8], [9, 5, 8, 3], [4, 8, 7, 6], [5, 0, 4, 0], [9, 9, 1, 6], [8, 6, 3, 0], [3, 3, 6, 7], [7, 9, 9, 4], [6, 2, 1, 4], [7, 10, 7, 9],
[7, 1, 3, 1], [1, 7, 10, 9], [5, 0, 2, 2], [4, 5, 2, 8], [9, 6, 2, 3], [4, 9, 7, 10], [0, 9, 1, 6], [8, 6, 2, 2], [6, 5, 4, 7], [1, 1, 3, 4],
[0, 4, 4, 4], [9, 5, 10, 5], [0, 0, 9, 5], [7, 5, 2, 6], [1, 2, 10, 7], [8, 1, 10, 3], [7, 1, 9, 6], [0, 1, 9, 0], [5, 2, 3, 2], [7, 0, 7, 6],
[0, 3, 0, 6], [7, 0, 1, 8], [2, 9, 5, 9], [10, 2, 1, 4], [1, 8, 9, 1], [10, 5, 2, 2], [7, 3, 4, 2], [3, 10, 8, 2], [2, 6, 8, 9], [6, 7, 7, 7],
[5, 10, 5, 2]]
[1, 0.05, 0.05, 0.05, 0.05, 0.05, 0.05, 0.05, 0.05, 0.05,
0.05, 0.05, 0.05, 0.05, 0.05, 0.05, 0.05, 0.05, 0.05, 0.05,
0.05, 0.0025, 0.0025, 0.0025, 0.0025, 0.0025, 0.0025, 0.0025, 0.0025, 0.0025,
0.0025, 0.0025, 0.0025, 0.0025, 0.0025, 0.0025, 0.0025, 0.0025, 0.0025, 0.0025,
0.0025, 0.000125, 0.000125, 0.000125, 0.000125, 0.000125, 0.000125, 0.000125, 0.000125, 0.000125,
0.000125, 0.000125, 0.000125, 0.000125, 0.000125, 0.000125, 0.000125, 0.000125, 0.000125, 0.000125,
0.000125, 6.25e-06, 6.25e-06, 6.25e-06, 6.25e-06, 6.25e-06, 6.25e-06, 6.25e-06, 6.25e-06, 6.25e-06,
6.25e-06, 6.25e-06, 6.25e-06, 6.25e-06, 6.25e-06, 6.25e-06, 6.25e-06, 6.25e-06, 6.25e-06, 6.25e-06,
6.25e-06, 3.125e-07, 3.125e-07, 3.125e-07, 3.125e-07, 3.125e-07, 3.125e-07, 3.125e-07, 3.125e-07, 3.125e-07,
3.125e-07, 3.125e-07, 3.125e-07, 3.125e-07, 3.125e-07, 3.125e-07, 3.125e-07, 3.125e-07, 3.125e-07, 3.125e-07,
3.125e-07]
[17, 2, 6, 19, 13, 10, 12, 13, 4, 15,
13, 3, 8, 17, 7, 1, 0, 21, 18, 19,
0, 13, 0, 4, 1, 9, 12, 14, 9, 20,
4, 17, 19, 6, 11, 1, 10, 21, 16, 12,
0, 6, 7, 7, 5, 8, 21, 11, 16, 10,
20, 14, 21, 16, 14, 7, 21, 1, 7, 0,
9, 20, 8, 6, 2, 5, 2, 4, 6, 15,
20, 8, 10, 3, 15, 5, 5, 10, 7, 11,
8, 5, 9, 8, 1, 9, 20, 14, 3, 1,
16, 20, 5, 9, 0, 20, 13, 13, 9, 12,
0]
------------------------------------------------------- 
# stage = 6	# children c = 20	length of each stage p = 1	nodes = 100	# items I = 1
