[80, 26, 30, 96, 20, 47, 76, 16, 47, 78,
51, 59, 0, 32, 16, 65, 83, 91, 85, 71,
78, 85, 80, 10, 68, 28, 71, 32, 42, 78,
100, 22, 70, 96, 84, 90, 42, 59, 72, 55,
36]
[[1084, 1240, 966], [1847, 496, 1309], [887, 1379, 531], [1521, 380, 113], [808, 2095, 1160], [307, 1787, 64], [961, 34, 541], [108, 1307, 1478], [1429, 280, 892], [1211, 1902, 2096],
[1763, 889, 1019], [631, 418, 1295], [1720, 1086, 577], [2031, 289, 737], [47, 878, 734], [987, 1185, 424], [1051, 1927, 458], [1372, 2035, 1546], [532, 1146, 1606], [1425, 260, 1410],
[1203, 2023, 2079], [2002, 336, 400], [1200, 1836, 1266], [1777, 1769, 1555], [196, 1816, 335], [931, 485, 1301], [1135, 1317, 1130], [1373, 591, 847], [821, 904, 1993], [329, 231, 2033],
[1520, 1434, 1958], [1501, 1339, 2074], [1681, 441, 1592], [849, 1998, 1264], [307, 96, 762], [422, 807, 1248], [1723, 1942, 467], [755, 998, 838], [1602, 1819, 1742], [1498, 1929, 1753],
[1213, 1351, 1090]]
[[2, 2, 2, 0], [1, 4, 2, 7], [8, 10, 7, 10], [5, 1, 2, 0], [10, 8, 1, 9], [4, 5, 5, 8], [5, 6, 8, 3], [1, 6, 4, 3], [6, 6, 1, 7], [9, 1, 1, 4],
[0, 9, 3, 3], [10, 3, 2, 10], [0, 3, 6, 3], [6, 9, 0, 0], [5, 6, 1, 6], [1, 5, 7, 5], [10, 6, 10, 6], [5, 1, 10, 5], [10, 1, 7, 7], [4, 7, 4, 3],
[10, 0, 6, 3], [9, 4, 3, 3], [10, 2, 7, 10], [7, 1, 2, 4], [7, 2, 10, 1], [1, 8, 5, 0], [9, 10, 5, 0], [6, 10, 3, 5], [8, 7, 6, 6], [0, 9, 8, 9],
[9, 2, 8, 3], [4, 10, 8, 9], [10, 5, 0, 0], [0, 3, 9, 9], [2, 4, 8, 6], [1, 0, 0, 9], [8, 4, 2, 6], [0, 8, 4, 9], [0, 10, 1, 2], [10, 7, 0, 9],
[2, 9, 10, 2]]
[1, 0.1, 0.1, 0.1, 0.1, 0.1, 0.1, 0.1, 0.1, 0.1,
0.1, 0.01, 0.01, 0.01, 0.01, 0.01, 0.01, 0.01, 0.01, 0.01,
0.01, 0.001, 0.001, 0.001, 0.001, 0.001, 0.001, 0.001, 0.001, 0.001,
0.001, 0.0001, 0.0001, 0.0001, 0.0001, 0.0001, 0.0001, 0.0001, 0.0001, 0.0001,
0.0001]
[1, 1, 7, 8, 6, 9, 3, 8, 5, 4,
8, 2, 9, 3, 2, 8, 3, 2, 9, 5,
5, 2, 3, 7, 2, 6, 10, 0, 5, 6,
9, 5, 8, 7, 5, 9, 1, 4, 7, 7,
5]
------------------------------------------------------- 
# stage = 5	# children c = 10	length of each stage p = 1	nodes = 40	# items I = 1
