[100, 86, 72, 60, 53, 14, 70, 55, 29, 39,
7, 29, 74, 81, 73, 84, 69, 40, 46, 9,
31, 68, 23, 3, 37, 47, 19, 92, 63, 81,
43, 62, 32, 82, 89, 85, 62, 58, 5, 92,
98, 12, 20, 37, 60, 94, 21, 28, 33, 67,
37, 30, 0, 26, 33, 37, 74, 19, 29, 2,
66]
[[369, 830, 2161], [454, 1876, 1086], [190, 857, 299], [3, 1107, 1832], [223, 662, 1549], [437, 1471, 1537], [2057, 1879, 1245], [1919, 205, 1689], [830, 801, 1380], [135, 187, 1455],
[1750, 556, 42], [1668, 1451, 1918], [952, 2081, 972], [1691, 2084, 2080], [1280, 65, 499], [1027, 942, 168], [321, 757, 2047], [1566, 433, 449], [1453, 1703, 1250], [590, 1839, 1437],
[2045, 1346, 191], [285, 1211, 1642], [2203, 360, 1480], [1373, 2052, 1761], [1210, 1529, 1826], [2149, 313, 966], [74, 1074, 1723], [318, 398, 353], [767, 1851, 253], [214, 638, 2092],
[2092, 440, 1635], [40, 725, 604], [2122, 1126, 964], [1799, 256, 1213], [1317, 1906, 940], [1341, 1812, 1693], [64, 84, 525], [2227, 402, 1363], [337, 1610, 1411], [1030, 21, 2049],
[880, 2113, 686], [272, 350, 1412], [1316, 229, 735], [38, 2028, 1431], [1691, 1543, 1094], [388, 641, 1103], [2082, 705, 1627], [804, 689, 227], [2167, 1466, 1837], [1335, 253, 1858],
[1581, 1573, 2169], [24, 43, 276], [1876, 1359, 946], [808, 1837, 1171], [2239, 1286, 911], [1530, 1674, 1552], [831, 1953, 14], [215, 514, 1143], [442, 878, 806], [476, 410, 1500],
[92, 1991, 830]]
[[3, 3, 9, 9], [8, 7, 9, 6], [10, 0, 9, 7], [4, 7, 0, 4], [3, 0, 3, 2], [0, 4, 3, 5], [8, 5, 5, 10], [3, 9, 3, 4], [1, 1, 3, 8], [7, 10, 3, 4],
[10, 10, 0, 1], [6, 1, 6, 10], [10, 9, 10, 9], [0, 2, 1, 9], [5, 6, 6, 6], [4, 8, 9, 3], [7, 1, 0, 3], [9, 1, 5, 6], [0, 6, 7, 5], [5, 0, 2, 2],
[8, 1, 0, 8], [1, 1, 4, 5], [5, 0, 9, 7], [8, 7, 0, 2], [6, 0, 6, 4], [0, 9, 10, 0], [4, 5, 3, 7], [5, 5, 10, 2], [6, 8, 9, 6], [8, 2, 0, 2],
[0, 9, 10, 6], [4, 8, 9, 10], [8, 2, 4, 6], [0, 1, 5, 3], [6, 8, 10, 10], [3, 7, 1, 7], [5, 8, 2, 0], [9, 0, 2, 9], [8, 10, 3, 1], [7, 1, 0, 3],
[1, 4, 9, 1], [4, 3, 2, 10], [1, 2, 9, 2], [7, 9, 9, 10], [6, 1, 10, 4], [10, 0, 1, 7], [10, 4, 8, 7], [3, 7, 10, 4], [9, 6, 5, 2], [10, 6, 2, 9],
[6, 9, 0, 2], [7, 9, 0, 1], [8, 10, 3, 8], [10, 4, 2, 10], [8, 0, 4, 0], [7, 3, 2, 3], [7, 6, 6, 6], [1, 8, 2, 7], [6, 2, 7, 1], [10, 7, 2, 5],
[7, 5, 0, 4]]
[1, 0.1, 0.1, 0.1, 0.1, 0.1, 0.1, 0.1, 0.1, 0.1,
0.1, 0.01, 0.01, 0.01, 0.01, 0.01, 0.01, 0.01, 0.01, 0.01,
0.01, 0.001, 0.001, 0.001, 0.001, 0.001, 0.001, 0.001, 0.001, 0.001,
0.001, 0.0001, 0.0001, 0.0001, 0.0001, 0.0001, 0.0001, 0.0001, 0.0001, 0.0001,
0.0001, 1e-05, 1e-05, 1e-05, 1e-05, 1e-05, 1e-05, 1e-05, 1e-05, 1e-05,
1e-05, 1e-06, 1e-06, 1e-06, 1e-06, 1e-06, 1e-06, 1e-06, 1e-06, 1e-06,
1e-06]
[9, 16, 22, 17, 17, 3, 14, 16, 5, 6,
22, 15, 13, 6, 18, 15, 17, 15, 14, 6,
1, 22, 5, 16, 6, 14, 10, 13, 5, 5,
17, 22, 0, 16, 17, 5, 20, 22, 13, 13,
16, 13, 22, 14, 11, 16, 11, 11, 18, 8,
21, 20, 12, 21, 6, 17, 4, 13, 22, 12,
1]
------------------------------------------------------- 
# stage = 7	# children c = 10	length of each stage p = 1	nodes = 60	# items I = 1
