[46, 19, 50, 91, 72, 72, 42, 15, 75, 62,
64, 2, 54, 4, 35, 59, 54, 79, 83, 59,
94, 4, 8, 74, 14, 44, 86, 10, 59, 2,
48, 4, 88, 99, 95, 60, 70, 2, 75, 10,
31, 4, 79, 85, 8, 13, 43, 29, 59, 92,
88, 52, 97, 63, 92, 77, 6, 77, 87, 65,
45, 35, 70, 33, 33, 30, 93, 69, 33, 33,
46, 64, 3, 91, 48, 11, 4, 57, 40, 29,
49]
[[1753, 2619, 2874], [3353, 3909, 579], [3052, 302, 1671], [423, 3666, 429], [2408, 1206, 2450], [93, 1980, 637], [1941, 1765, 3462], [3122, 3423, 3879], [1335, 1547, 1435], [94, 465, 2545],
[1716, 182, 3127], [294, 1498, 702], [873, 2513, 1004], [507, 2936, 2633], [3196, 1047, 3839], [1349, 1140, 3783], [4246, 1045, 1251], [3412, 4167, 378], [957, 1205, 4185], [355, 3560, 2614],
[863, 979, 2796], [3991, 3533, 2257], [396, 2370, 473], [1401, 2877, 1372], [4034, 4037, 2420], [3577, 1089, 1523], [3063, 1039, 2568], [2277, 2414, 402], [618, 3371, 3867], [507, 3727, 3130],
[3121, 293, 2073], [3880, 4284, 3569], [4100, 384, 1642], [276, 4045, 2483], [1648, 3782, 2223], [2031, 1025, 3312], [1518, 2051, 2314], [2049, 2292, 431], [2451, 2910, 3803], [4282, 1380, 3233],
[1078, 204, 1489], [3151, 2047, 1477], [387, 1850, 1861], [2029, 89, 3869], [215, 1738, 3354], [401, 1732, 2343], [1677, 3250, 2357], [3991, 3263, 352], [2386, 1417, 1226], [4152, 1402, 2606],
[1051, 2481, 774], [2540, 3595, 2821], [4017, 3982, 2635], [3841, 3975, 687], [3413, 2153, 388], [434, 2555, 2121], [740, 2195, 3334], [1060, 1889, 2300], [1413, 2238, 1681], [2639, 2093, 1046],
[948, 3144, 1490], [3982, 3648, 3049], [470, 3368, 697], [3105, 876, 375], [1755, 2252, 492], [2144, 2686, 1010], [4265, 1389, 3205], [1265, 2450, 3057], [3566, 1826, 999], [3210, 2428, 1055],
[4256, 1339, 4200], [3710, 1025, 1514], [2462, 1495, 585], [3159, 2563, 3721], [1498, 21, 1677], [1990, 2165, 2326], [963, 96, 3716], [4168, 1362, 4129], [2928, 2891, 1658], [3927, 1804, 4086],
[2946, 4023, 1128]]
[[7, 10, 10, 5], [2, 10, 4, 9], [2, 2, 10, 7], [5, 6, 9, 10], [1, 8, 5, 4], [9, 3, 10, 10], [9, 9, 8, 5], [10, 0, 2, 6], [10, 10, 0, 10], [10, 4, 9, 10],
[4, 6, 6, 8], [1, 2, 7, 2], [10, 10, 6, 7], [0, 5, 4, 9], [1, 1, 1, 9], [10, 2, 4, 7], [1, 2, 5, 0], [4, 3, 8, 9], [9, 1, 4, 8], [3, 9, 10, 1],
[8, 3, 8, 8], [6, 10, 4, 5], [9, 3, 4, 8], [5, 8, 2, 7], [9, 7, 5, 2], [10, 3, 9, 6], [4, 2, 3, 6], [9, 0, 7, 6], [3, 2, 3, 7], [1, 5, 2, 8],
[9, 6, 5, 3], [1, 5, 8, 10], [2, 3, 2, 10], [4, 0, 4, 8], [1, 5, 1, 10], [6, 6, 4, 7], [8, 5, 4, 7], [0, 6, 4, 9], [1, 7, 10, 2], [0, 8, 2, 0],
[0, 2, 8, 2], [0, 1, 10, 1], [7, 10, 10, 0], [5, 3, 7, 1], [8, 0, 8, 6], [6, 0, 4, 5], [5, 2, 8, 5], [10, 8, 5, 8], [8, 3, 10, 8], [2, 7, 8, 7],
[6, 7, 7, 1], [8, 4, 2, 5], [2, 8, 1, 7], [6, 3, 1, 1], [5, 7, 4, 2], [2, 8, 10, 10], [9, 7, 8, 9], [4, 5, 6, 8], [10, 0, 7, 7], [2, 7, 10, 5],
[5, 9, 1, 9], [0, 0, 8, 5], [8, 2, 6, 10], [8, 5, 8, 6], [0, 5, 4, 4], [8, 8, 1, 5], [9, 7, 1, 0], [3, 0, 5, 6], [8, 4, 5, 8], [5, 2, 2, 0],
[2, 6, 8, 10], [10, 5, 5, 10], [8, 8, 3, 3], [5, 2, 8, 3], [9, 9, 2, 2], [8, 5, 6, 5], [10, 0, 2, 2], [3, 2, 2, 3], [9, 10, 3, 8], [5, 6, 5, 0],
[3, 6, 4, 7]]
[1, 0.05, 0.05, 0.05, 0.05, 0.05, 0.05, 0.05, 0.05, 0.05,
0.05, 0.05, 0.05, 0.05, 0.05, 0.05, 0.05, 0.05, 0.05, 0.05,
0.05, 0.0025, 0.0025, 0.0025, 0.0025, 0.0025, 0.0025, 0.0025, 0.0025, 0.0025,
0.0025, 0.0025, 0.0025, 0.0025, 0.0025, 0.0025, 0.0025, 0.0025, 0.0025, 0.0025,
0.0025, 0.000125, 0.000125, 0.000125, 0.000125, 0.000125, 0.000125, 0.000125, 0.000125, 0.000125,
0.000125, 0.000125, 0.000125, 0.000125, 0.000125, 0.000125, 0.000125, 0.000125, 0.000125, 0.000125,
0.000125, 6.25e-06, 6.25e-06, 6.25e-06, 6.25e-06, 6.25e-06, 6.25e-06, 6.25e-06, 6.25e-06, 6.25e-06,
6.25e-06, 6.25e-06, 6.25e-06, 6.25e-06, 6.25e-06, 6.25e-06, 6.25e-06, 6.25e-06, 6.25e-06, 6.25e-06,
6.25e-06]
[5, 7, 7, 6, 4, 4, 5, 10, 2, 5,
3, 1, 2, 10, 8, 3, 1, 6, 1, 0,
1, 1, 5, 0, 4, 5, 5, 5, 4, 0,
9, 2, 9, 4, 10, 3, 5, 1, 3, 4,
5, 1, 0, 4, 7, 6, 3, 1, 2, 8,
8, 10, 2, 0, 0, 10, 1, 3, 4, 6,
6, 4, 4, 7, 9, 6, 2, 7, 4, 9,
2, 6, 6, 3, 3, 7, 7, 4, 2, 5,
5]
------------------------------------------------------- 
# stage = 5	# children c = 20	length of each stage p = 1	nodes = 80	# items I = 1
