[73, 99, 7, 58, 25, 65, 77, 49, 14, 35,
50, 23, 93, 37, 4, 30, 84, 67, 97, 61,
100, 67, 93, 25, 90, 9, 1, 82, 98, 62,
66, 70, 60, 73, 27, 51, 3, 70, 67, 84,
4, 83, 6, 97, 19, 77, 93, 3, 43, 90,
30, 8, 22, 23, 34, 78, 99, 1, 60, 97,
64]
[[1580, 1399, 22], [1119, 362, 424], [837, 277, 654], [1133, 957, 670], [1672, 298, 1167], [1809, 1361, 880], [844, 1011, 1352], [152, 523, 1489], [596, 902, 781], [206, 62, 1055],
[53, 1642, 631], [1313, 352, 407], [1737, 604, 98], [569, 1737, 1055], [1239, 1000, 1353], [1820, 986, 305], [291, 1244, 1316], [1644, 810, 1253], [724, 820, 332], [1505, 1027, 394],
[737, 494, 1451], [1369, 1807, 1803], [1190, 1136, 584], [1289, 1705, 498], [521, 535, 1498], [52, 1769, 76], [357, 237, 734], [1088, 1295, 1545], [518, 196, 1779], [265, 1701, 983],
[73, 616, 892], [1524, 1399, 290], [1505, 766, 1426], [1503, 232, 722], [1416, 168, 671], [505, 220, 617], [1818, 1814, 269], [730, 493, 1564], [1689, 1012, 1761], [1645, 1277, 1053],
[220, 1350, 1083], [1112, 466, 73], [1402, 148, 840], [1006, 1065, 486], [1142, 658, 68], [1814, 578, 288], [608, 573, 1517], [877, 1303, 187], [33, 1169, 613], [1208, 406, 1304],
[438, 626, 246], [1522, 1152, 712], [1595, 731, 274], [26, 1151, 753], [1750, 471, 1412], [1818, 462, 1404], [1521, 484, 154], [629, 776, 1458], [816, 809, 218], [844, 194, 624],
[1562, 632, 664]]
[[5, 10, 3, 1], [5, 7, 3, 10], [7, 7, 7, 4], [0, 2, 0, 10], [9, 9, 6, 3], [9, 1, 6, 6], [6, 9, 0, 7], [2, 4, 8, 7], [1, 10, 6, 6], [6, 8, 4, 0],
[4, 9, 2, 2], [0, 2, 1, 7], [9, 8, 10, 8], [9, 4, 1, 4], [0, 10, 0, 2], [3, 7, 7, 3], [6, 1, 9, 10], [9, 0, 8, 0], [9, 10, 2, 10], [0, 2, 4, 9],
[10, 4, 4, 6], [6, 4, 8, 6], [3, 6, 6, 5], [2, 2, 8, 6], [1, 4, 3, 8], [5, 0, 6, 3], [9, 9, 0, 9], [0, 5, 5, 8], [7, 8, 3, 2], [1, 9, 8, 2],
[4, 3, 7, 5], [3, 2, 9, 3], [5, 2, 0, 10], [0, 7, 0, 9], [3, 10, 5, 1], [2, 0, 9, 7], [6, 10, 9, 5], [6, 4, 7, 10], [5, 2, 4, 6], [2, 3, 9, 7],
[3, 8, 4, 3], [4, 3, 0, 5], [2, 5, 6, 2], [3, 2, 9, 9], [10, 5, 1, 5], [7, 9, 2, 1], [9, 7, 7, 0], [8, 6, 8, 0], [1, 1, 1, 5], [4, 1, 8, 4],
[5, 1, 6, 8], [1, 2, 5, 9], [7, 6, 1, 1], [2, 3, 2, 0], [10, 8, 1, 7], [1, 9, 5, 2], [8, 7, 5, 0], [8, 2, 4, 0], [1, 9, 7, 2], [0, 1, 0, 6],
[5, 1, 7, 6]]
[1, 0.05, 0.05, 0.05, 0.05, 0.05, 0.05, 0.05, 0.05, 0.05,
0.05, 0.05, 0.05, 0.05, 0.05, 0.05, 0.05, 0.05, 0.05, 0.05,
0.05, 0.0025, 0.0025, 0.0025, 0.0025, 0.0025, 0.0025, 0.0025, 0.0025, 0.0025,
0.0025, 0.0025, 0.0025, 0.0025, 0.0025, 0.0025, 0.0025, 0.0025, 0.0025, 0.0025,
0.0025, 0.000125, 0.000125, 0.000125, 0.000125, 0.000125, 0.000125, 0.000125, 0.000125, 0.000125,
0.000125, 0.000125, 0.000125, 0.000125, 0.000125, 0.000125, 0.000125, 0.000125, 0.000125, 0.000125,
0.000125]
[8, 6, 1, 0, 7, 5, 3, 7, 2, 3,
4, 7, 4, 3, 3, 2, 0, 9, 4, 4,
5, 9, 2, 0, 1, 1, 8, 1, 8, 1,
8, 7, 4, 2, 0, 4, 9, 5, 4, 9,
0, 3, 8, 5, 1, 2, 2, 2, 8, 9,
4, 3, 0, 7, 5, 0, 9, 7, 1, 8,
3]
------------------------------------------------------- 
# stage = 4	# children c = 20	length of each stage p = 1	nodes = 60	# items I = 1
