[26, 9, 69, 59, 42, 40, 68, 34, 57, 15,
95, 11, 44, 11, 20, 40, 53, 41, 62, 88,
19, 91, 12, 28, 54, 58, 12, 25, 51, 17,
22]
[[3422, 1232, 826], [1385, 1093, 2266], [286, 1536, 3252], [2990, 1406, 3219], [186, 1170, 441], [1309, 201, 173], [2053, 835, 1485], [2539, 113, 1379], [1623, 3070, 3159], [2416, 21, 1824],
[1770, 3443, 1509], [1049, 3281, 2602], [1768, 2020, 2591], [1561, 4, 539], [1321, 2103, 162], [216, 3412, 364], [2301, 459, 1199], [327, 1452, 3224], [160, 3075, 2835], [1772, 485, 1309],
[137, 2255, 3205], [1646, 1758, 3027], [790, 67, 1588], [3381, 1629, 45], [2373, 1403, 2148], [2536, 72, 555], [1353, 2373, 1014], [1005, 1154, 919], [770, 3226, 535], [2058, 1539, 1021],
[3367, 1676, 1729]]
[[1, 10, 0, 7], [8, 6, 1, 0], [4, 9, 5, 0], [9, 2, 3, 0], [0, 3, 3, 4], [1, 2, 1, 6], [0, 6, 0, 1], [6, 4, 6, 8], [3, 4, 2, 9], [10, 3, 9, 2],
[1, 4, 2, 0], [4, 3, 9, 2], [6, 10, 6, 6], [10, 8, 1, 0], [3, 0, 1, 8], [4, 5, 3, 5], [9, 5, 3, 6], [8, 10, 8, 7], [3, 0, 7, 5], [1, 4, 8, 6],
[3, 3, 1, 3], [0, 0, 3, 2], [0, 2, 8, 2], [7, 0, 7, 3], [5, 8, 9, 0], [8, 7, 7, 9], [5, 4, 4, 6], [8, 10, 1, 9], [2, 0, 1, 1], [1, 2, 1, 10],
[4, 9, 2, 9]]
[1, 0.1, 0.1, 0.1, 0.1, 0.1, 0.1, 0.1, 0.1, 0.1,
0.1, 0.01, 0.01, 0.01, 0.01, 0.01, 0.01, 0.01, 0.01, 0.01,
0.01, 0.001, 0.001, 0.001, 0.001, 0.001, 0.001, 0.001, 0.001, 0.001,
0.001]
[10, 12, 12, 17, 11, 10, 1, 12, 12, 11,
0, 1, 14, 10, 1, 14, 8, 16, 10, 17,
10, 11, 13, 6, 2, 6, 0, 3, 16, 15,
6]
------------------------------------------------------- 
# stage = 4	# children c = 10	length of each stage p = 1	nodes = 30	# items I = 1
