[100, 8, 15, 21, 92, 96, 8, 7, 67, 6,
57, 52, 67, 84, 45, 45, 47, 38, 21, 34,
33, 62, 50, 24, 46, 50, 79, 22, 77, 19,
91, 42, 94, 72, 64, 51, 68, 38, 59, 0,
44, 15, 18, 78, 99, 63, 89, 11, 0, 9,
46, 100, 72, 62, 23, 84, 78, 68, 6, 21,
88, 63, 63, 47, 35, 93, 99, 69, 31, 23,
35, 41, 4, 53, 85, 70, 82, 73, 81, 48,
49, 93, 47, 20, 21, 71, 70, 99, 4, 42,
19, 92, 5, 49, 5, 6, 7, 70, 41, 4,
93]
[[374, 664, 696], [433, 452, 135], [231, 315, 66], [583, 522, 679], [767, 460, 774], [468, 361, 805], [717, 904, 34], [526, 377, 217], [425, 394, 462], [39, 143, 352],
[691, 933, 495], [450, 429, 10], [64, 661, 742], [130, 723, 327], [809, 32, 788], [646, 500, 212], [930, 281, 180], [28, 286, 557], [661, 190, 430], [602, 645, 53],
[433, 399, 49], [928, 328, 479], [417, 392, 619], [222, 522, 821], [550, 810, 853], [817, 935, 416], [508, 929, 176], [688, 436, 878], [725, 160, 132], [634, 762, 777],
[166, 258, 656], [216, 665, 47], [174, 145, 440], [272, 368, 25], [156, 397, 836], [72, 277, 834], [904, 785, 305], [560, 16, 741], [501, 220, 380], [112, 333, 621],
[890, 500, 358], [609, 716, 86], [135, 369, 232], [575, 641, 600], [80, 276, 60], [916, 348, 753], [292, 315, 601], [77, 354, 96], [297, 856, 316], [678, 31, 650],
[778, 400, 213], [200, 488, 408], [286, 624, 256], [518, 678, 376], [181, 758, 652], [657, 216, 63], [473, 509, 794], [554, 65, 212], [650, 362, 547], [446, 519, 57],
[575, 361, 458], [788, 40, 425], [675, 326, 528], [410, 845, 270], [786, 505, 91], [501, 642, 308], [564, 178, 296], [837, 211, 361], [528, 341, 202], [138, 787, 201],
[612, 425, 41], [549, 692, 81], [37, 846, 407], [566, 319, 731], [315, 168, 716], [406, 669, 421], [193, 712, 78], [905, 91, 290], [745, 620, 631], [11, 237, 897],
[628, 849, 801], [669, 461, 556], [750, 915, 465], [636, 544, 263], [431, 338, 431], [210, 223, 579], [110, 417, 354], [188, 385, 445], [478, 194, 544], [588, 621, 782],
[548, 312, 173], [828, 460, 635], [447, 689, 613], [391, 388, 636], [654, 298, 37], [564, 508, 676], [206, 97, 156], [39, 286, 21], [485, 243, 631], [92, 832, 731],
[353, 859, 522]]
[[3, 6, 6, 4], [8, 4, 2, 6], [8, 6, 0, 4], [10, 4, 2, 3], [8, 9, 3, 10], [1, 4, 5, 10], [8, 0, 3, 2], [10, 9, 2, 2], [2, 9, 4, 0], [2, 6, 4, 8],
[1, 2, 2, 9], [6, 4, 0, 1], [0, 3, 0, 2], [5, 3, 1, 3], [1, 2, 5, 0], [10, 8, 0, 1], [4, 4, 1, 4], [8, 3, 0, 7], [5, 2, 6, 9], [4, 6, 0, 5],
[7, 9, 5, 10], [2, 6, 2, 3], [7, 6, 2, 6], [1, 0, 7, 3], [3, 7, 7, 0], [10, 7, 8, 5], [7, 3, 3, 1], [7, 1, 4, 1], [0, 9, 0, 0], [2, 1, 1, 9],
[7, 3, 4, 6], [4, 10, 9, 5], [4, 3, 5, 3], [9, 2, 6, 3], [3, 8, 4, 10], [7, 6, 9, 7], [4, 10, 7, 7], [0, 9, 5, 5], [10, 8, 9, 1], [5, 7, 6, 9],
[8, 1, 10, 4], [1, 6, 8, 5], [1, 10, 2, 8], [6, 1, 3, 10], [9, 8, 6, 7], [4, 10, 1, 4], [5, 10, 3, 10], [4, 10, 8, 10], [9, 7, 4, 8], [0, 1, 0, 10],
[0, 1, 8, 4], [0, 9, 4, 9], [6, 8, 5, 0], [5, 4, 2, 10], [3, 3, 9, 5], [2, 4, 4, 9], [1, 6, 5, 10], [7, 5, 10, 6], [6, 5, 10, 6], [3, 1, 2, 7],
[10, 5, 5, 4], [9, 5, 2, 10], [9, 0, 4, 9], [3, 7, 8, 4], [2, 2, 3, 8], [5, 2, 3, 10], [7, 0, 5, 8], [0, 6, 5, 10], [0, 8, 1, 10], [3, 1, 7, 1],
[0, 10, 10, 3], [6, 5, 7, 8], [5, 8, 3, 0], [9, 4, 10, 3], [5, 2, 1, 5], [6, 4, 2, 7], [1, 1, 4, 2], [3, 0, 3, 3], [10, 1, 6, 3], [6, 0, 10, 10],
[8, 2, 10, 6], [7, 7, 10, 1], [7, 9, 4, 3], [0, 4, 8, 1], [5, 1, 2, 6], [10, 5, 9, 8], [4, 2, 0, 0], [2, 10, 10, 9], [0, 7, 4, 7], [1, 1, 6, 6],
[8, 10, 9, 8], [1, 4, 8, 6], [5, 10, 2, 3], [4, 9, 9, 9], [1, 9, 7, 1], [7, 4, 10, 7], [9, 2, 3, 8], [1, 7, 3, 10], [6, 0, 5, 5], [4, 2, 0, 8],
[1, 0, 0, 4]]
[1, 0.05, 0.05, 0.05, 0.05, 0.05, 0.05, 0.05, 0.05, 0.05,
0.05, 0.05, 0.05, 0.05, 0.05, 0.05, 0.05, 0.05, 0.05, 0.05,
0.05, 0.0025, 0.0025, 0.0025, 0.0025, 0.0025, 0.0025, 0.0025, 0.0025, 0.0025,
0.0025, 0.0025, 0.0025, 0.0025, 0.0025, 0.0025, 0.0025, 0.0025, 0.0025, 0.0025,
0.0025, 0.000125, 0.000125, 0.000125, 0.000125, 0.000125, 0.000125, 0.000125, 0.000125, 0.000125,
0.000125, 0.000125, 0.000125, 0.000125, 0.000125, 0.000125, 0.000125, 0.000125, 0.000125, 0.000125,
0.000125, 6.25e-06, 6.25e-06, 6.25e-06, 6.25e-06, 6.25e-06, 6.25e-06, 6.25e-06, 6.25e-06, 6.25e-06,
6.25e-06, 6.25e-06, 6.25e-06, 6.25e-06, 6.25e-06, 6.25e-06, 6.25e-06, 6.25e-06, 6.25e-06, 6.25e-06,
6.25e-06, 3.125e-07, 3.125e-07, 3.125e-07, 3.125e-07, 3.125e-07, 3.125e-07, 3.125e-07, 3.125e-07, 3.125e-07,
3.125e-07, 3.125e-07, 3.125e-07, 3.125e-07, 3.125e-07, 3.125e-07, 3.125e-07, 3.125e-07, 3.125e-07, 3.125e-07,
3.125e-07]
[7, 2, 6, 3, 7, 7, 2, 9, 5, 4,
9, 5, 0, 9, 0, 6, 3, 4, 6, 1,
8, 0, 9, 5, 5, 9, 6, 2, 2, 5,
8, 1, 1, 0, 7, 0, 6, 9, 1, 1,
6, 5, 7, 1, 5, 3, 9, 5, 3, 9,
4, 7, 3, 6, 3, 8, 0, 1, 5, 0,
1, 5, 1, 7, 8, 9, 0, 3, 5, 5,
0, 7, 8, 3, 5, 5, 8, 4, 2, 8,
0, 5, 5, 1, 1, 8, 3, 6, 8, 7,
5, 4, 6, 7, 2, 4, 6, 7, 2, 4,
8]
------------------------------------------------------- 
# stage = 6	# children c = 20	length of each stage p = 1	nodes = 100	# items I = 1
