[92, 27, 97, 71, 82, 84, 92, 15, 89, 57,
32, 64, 49, 0, 66, 89, 84, 32, 49, 70,
83, 72, 29, 72, 88, 91, 76, 85, 12, 96,
95, 4, 90, 57, 41, 71, 40, 32, 52, 29,
55, 50, 59, 71, 50, 24, 59, 0, 56, 74,
36, 4, 45, 65, 77, 32, 56, 18, 84, 34,
81, 78, 38, 70, 34, 46, 6, 74, 44, 24,
69]
[[79, 554, 302], [453, 546, 829], [778, 530, 668], [107, 22, 322], [16, 899, 664], [448, 87, 184], [541, 438, 93], [930, 584, 138], [368, 431, 289], [71, 339, 527],
[753, 419, 17], [119, 744, 563], [820, 458, 29], [552, 565, 51], [746, 582, 823], [475, 902, 782], [659, 379, 156], [624, 373, 613], [763, 613, 108], [116, 685, 320],
[515, 502, 739], [532, 493, 419], [159, 378, 749], [61, 930, 378], [112, 741, 832], [807, 152, 670], [526, 683, 113], [554, 371, 359], [231, 198, 36], [340, 187, 593],
[660, 702, 31], [335, 299, 525], [626, 330, 903], [439, 391, 769], [689, 376, 446], [458, 119, 470], [64, 517, 217], [178, 136, 461], [409, 239, 531], [317, 579, 718],
[783, 175, 357], [814, 510, 528], [275, 72, 858], [242, 383, 186], [884, 9, 434], [266, 467, 425], [737, 531, 7], [826, 581, 15], [351, 862, 254], [883, 244, 706],
[537, 899, 881], [894, 777, 328], [486, 117, 400], [281, 231, 656], [339, 51, 665], [645, 318, 196], [134, 119, 599], [13, 817, 117], [28, 233, 43], [283, 180, 159],
[53, 717, 122], [806, 548, 772], [198, 906, 761], [471, 251, 864], [191, 462, 916], [856, 171, 170], [924, 306, 161], [459, 319, 42], [576, 220, 275], [492, 375, 327],
[523, 300, 917]]
[[7, 4, 9, 1], [5, 5, 5, 2], [6, 8, 1, 1], [5, 7, 2, 1], [7, 7, 9, 6], [7, 6, 7, 5], [5, 0, 5, 3], [0, 4, 10, 7], [6, 7, 6, 0], [1, 0, 1, 5],
[6, 0, 6, 0], [7, 6, 10, 4], [1, 7, 10, 6], [2, 6, 1, 6], [5, 6, 9, 5], [8, 8, 1, 3], [2, 7, 2, 1], [5, 3, 7, 9], [3, 0, 7, 8], [7, 6, 1, 6],
[2, 9, 1, 3], [3, 2, 9, 8], [7, 7, 2, 2], [2, 1, 4, 3], [6, 6, 4, 9], [7, 0, 7, 8], [1, 3, 5, 6], [7, 7, 1, 8], [3, 0, 0, 6], [1, 7, 3, 8],
[1, 5, 8, 1], [4, 1, 4, 10], [5, 9, 8, 1], [9, 2, 9, 8], [3, 2, 1, 0], [7, 0, 8, 10], [1, 6, 6, 2], [2, 7, 8, 1], [2, 5, 2, 4], [5, 5, 4, 10],
[3, 10, 10, 10], [0, 6, 6, 3], [8, 7, 3, 4], [6, 9, 4, 5], [4, 8, 7, 4], [4, 2, 3, 6], [5, 4, 9, 10], [9, 2, 8, 1], [10, 7, 9, 10], [2, 4, 3, 0],
[10, 4, 2, 3], [3, 6, 8, 5], [3, 2, 8, 8], [4, 0, 1, 9], [4, 10, 7, 2], [10, 4, 1, 10], [9, 9, 7, 9], [2, 8, 7, 10], [2, 10, 0, 3], [5, 8, 8, 7],
[8, 5, 4, 1], [4, 3, 9, 8], [3, 5, 9, 0], [7, 10, 10, 5], [8, 5, 3, 9], [2, 0, 6, 4], [10, 7, 5, 2], [2, 3, 9, 0], [6, 0, 10, 10], [4, 8, 6, 7],
[2, 4, 7, 9]]
[1, 0.1, 0.1, 0.1, 0.1, 0.1, 0.1, 0.1, 0.1, 0.1,
0.1, 0.01, 0.01, 0.01, 0.01, 0.01, 0.01, 0.01, 0.01, 0.01,
0.01, 0.001, 0.001, 0.001, 0.001, 0.001, 0.001, 0.001, 0.001, 0.001,
0.001, 0.0001, 0.0001, 0.0001, 0.0001, 0.0001, 0.0001, 0.0001, 0.0001, 0.0001,
0.0001, 1e-05, 1e-05, 1e-05, 1e-05, 1e-05, 1e-05, 1e-05, 1e-05, 1e-05,
1e-05, 1e-06, 1e-06, 1e-06, 1e-06, 1e-06, 1e-06, 1e-06, 1e-06, 1e-06,
1e-06, 1e-07, 1e-07, 1e-07, 1e-07, 1e-07, 1e-07, 1e-07, 1e-07, 1e-07,
1e-07]
[5, 12, 5, 9, 10, 10, 14, 8, 15, 15,
5, 11, 9, 15, 15, 0, 0, 1, 16, 11,
2, 10, 11, 11, 12, 2, 17, 17, 15, 8,
0, 14, 15, 18, 3, 1, 8, 15, 9, 4,
14, 14, 17, 17, 3, 7, 9, 0, 11, 14,
4, 16, 3, 12, 13, 8, 1, 18, 9, 10,
17, 12, 13, 6, 6, 16, 12, 1, 16, 5,
8]
------------------------------------------------------- 
# stage = 8	# children c = 10	length of each stage p = 1	nodes = 70	# items I = 1
