[56, 24, 70, 39, 11, 94, 32, 93, 39, 36,
95, 30, 17, 88, 21, 63, 92, 12, 86, 42,
58, 1, 41, 67, 1, 91, 33, 63, 51, 67,
33, 6, 92, 69, 45, 69, 63, 77, 62, 1,
79, 56, 98, 97, 9, 19, 25, 1, 31, 11,
9, 55, 12, 50, 21, 80, 7, 20, 42, 58,
54, 41, 30, 45, 77, 75, 80, 39, 17, 41,
6, 63, 63, 70, 25, 73, 89, 50, 40, 86,
27]
[[123, 839, 231], [312, 574, 191], [345, 524, 76], [698, 606, 628], [451, 461, 322], [310, 781, 372], [398, 722, 595], [702, 82, 107], [82, 694, 470], [252, 760, 676],
[431, 276, 663], [662, 588, 385], [246, 325, 301], [566, 171, 56], [343, 14, 761], [57, 569, 690], [429, 115, 560], [172, 817, 34], [524, 47, 728], [386, 300, 28],
[210, 123, 304], [265, 178, 284], [651, 424, 609], [344, 138, 781], [400, 725, 795], [309, 782, 512], [147, 604, 628], [99, 776, 837], [133, 692, 33], [253, 227, 577],
[526, 437, 700], [830, 95, 270], [507, 138, 694], [264, 482, 833], [437, 31, 98], [381, 584, 29], [285, 732, 633], [305, 223, 801], [291, 357, 642], [568, 2, 261],
[293, 528, 90], [385, 751, 185], [48, 406, 323], [742, 62, 806], [115, 500, 837], [214, 273, 569], [487, 802, 693], [512, 256, 65], [461, 791, 666], [495, 507, 668],
[756, 192, 589], [847, 821, 488], [180, 17, 286], [504, 152, 592], [702, 267, 240], [79, 725, 757], [40, 360, 708], [734, 20, 356], [191, 726, 295], [5, 369, 194],
[65, 518, 630], [654, 757, 843], [534, 85, 253], [212, 833, 405], [805, 75, 64], [437, 154, 790], [343, 195, 542], [199, 321, 807], [555, 512, 681], [242, 761, 442],
[436, 218, 352], [458, 265, 257], [449, 191, 587], [702, 404, 812], [499, 601, 36], [564, 186, 190], [746, 773, 629], [680, 364, 342], [635, 311, 246], [708, 553, 155],
[543, 381, 374]]
[[7, 3, 3, 8], [1, 2, 4, 0], [3, 9, 9, 0], [9, 3, 0, 1], [2, 9, 4, 5], [4, 3, 1, 0], [0, 8, 3, 9], [5, 4, 10, 2], [7, 2, 8, 9], [3, 1, 7, 6],
[8, 5, 6, 6], [6, 5, 5, 8], [3, 7, 0, 8], [9, 0, 8, 9], [8, 9, 5, 1], [2, 5, 3, 8], [5, 0, 4, 8], [10, 0, 1, 7], [3, 6, 0, 7], [0, 3, 2, 1],
[10, 3, 9, 8], [1, 4, 5, 7], [1, 10, 8, 3], [2, 9, 0, 8], [7, 4, 3, 6], [2, 3, 2, 3], [9, 0, 10, 7], [3, 0, 8, 3], [1, 5, 9, 2], [9, 3, 9, 10],
[1, 5, 1, 3], [3, 10, 9, 9], [4, 0, 4, 4], [3, 5, 6, 10], [3, 3, 6, 7], [3, 3, 8, 4], [8, 6, 6, 5], [8, 3, 2, 7], [6, 1, 8, 7], [1, 7, 5, 3],
[5, 8, 7, 6], [0, 0, 5, 3], [4, 0, 10, 7], [1, 7, 10, 8], [1, 3, 0, 7], [6, 2, 3, 10], [2, 0, 7, 3], [5, 10, 6, 8], [7, 0, 3, 7], [1, 8, 0, 3],
[6, 10, 10, 8], [5, 9, 5, 4], [2, 3, 0, 6], [5, 1, 4, 5], [10, 0, 8, 5], [10, 1, 2, 7], [0, 6, 1, 10], [1, 1, 2, 8], [10, 10, 5, 2], [7, 8, 6, 7],
[0, 4, 0, 3], [5, 4, 9, 4], [4, 4, 7, 2], [6, 8, 7, 4], [3, 8, 3, 4], [8, 3, 1, 7], [2, 4, 7, 7], [1, 0, 3, 10], [4, 4, 3, 7], [8, 1, 9, 0],
[3, 6, 2, 9], [3, 9, 0, 4], [4, 3, 6, 1], [4, 6, 6, 7], [10, 2, 1, 10], [0, 5, 9, 4], [9, 1, 9, 4], [0, 8, 4, 2], [3, 4, 9, 4], [0, 10, 8, 5],
[0, 3, 6, 5]]
[1, 0.05, 0.05, 0.05, 0.05, 0.05, 0.05, 0.05, 0.05, 0.05,
0.05, 0.05, 0.05, 0.05, 0.05, 0.05, 0.05, 0.05, 0.05, 0.05,
0.05, 0.0025, 0.0025, 0.0025, 0.0025, 0.0025, 0.0025, 0.0025, 0.0025, 0.0025,
0.0025, 0.0025, 0.0025, 0.0025, 0.0025, 0.0025, 0.0025, 0.0025, 0.0025, 0.0025,
0.0025, 0.000125, 0.000125, 0.000125, 0.000125, 0.000125, 0.000125, 0.000125, 0.000125, 0.000125,
0.000125, 0.000125, 0.000125, 0.000125, 0.000125, 0.000125, 0.000125, 0.000125, 0.000125, 0.000125,
0.000125, 6.25e-06, 6.25e-06, 6.25e-06, 6.25e-06, 6.25e-06, 6.25e-06, 6.25e-06, 6.25e-06, 6.25e-06,
6.25e-06, 6.25e-06, 6.25e-06, 6.25e-06, 6.25e-06, 6.25e-06, 6.25e-06, 6.25e-06, 6.25e-06, 6.25e-06,
6.25e-06]
[17, 17, 14, 13, 0, 7, 13, 1, 17, 3,
13, 15, 11, 17, 0, 14, 6, 11, 3, 13,
1, 0, 14, 7, 17, 16, 16, 4, 8, 12,
10, 3, 17, 14, 16, 3, 10, 12, 0, 0,
9, 8, 8, 16, 9, 3, 12, 15, 16, 13,
1, 13, 16, 0, 5, 13, 15, 1, 12, 17,
6, 5, 5, 12, 12, 17, 3, 7, 15, 14,
4, 15, 11, 2, 15, 8, 0, 0, 12, 6,
17]
------------------------------------------------------- 
# stage = 5	# children c = 20	length of each stage p = 1	nodes = 80	# items I = 1
