[78, 9, 100, 62, 66, 33, 93, 32, 52, 38,
26, 90, 31, 57, 98, 91, 80, 56, 100, 54,
82, 47, 59, 27, 63, 92, 35, 84, 51, 98,
7, 29, 6, 74, 91, 38, 6, 49, 71, 58,
88, 63, 47, 85, 19, 45, 41, 65, 67, 40,
18, 48, 53, 78, 76, 82, 35, 77, 32, 87,
75, 39, 82, 81, 12, 72, 19, 85, 88, 56,
42, 41, 18, 56, 92, 4, 67, 32, 69, 33,
38, 88, 47, 91, 31, 22, 39, 66, 66, 71,
52, 40, 9, 33, 87, 89, 72, 72, 73, 25,
27, 82, 32, 12, 3, 23, 16, 70, 55, 51,
2, 93, 4, 15, 83, 35, 38, 88, 68, 70,
58]
[[1428, 36, 1435], [771, 1509, 668], [1267, 1802, 425], [333, 1455, 224], [1556, 775, 511], [34, 187, 81], [1145, 773, 448], [2020, 732, 1840], [1410, 1383, 2005], [1830, 64, 671],
[1864, 1492, 707], [1275, 239, 784], [1943, 1507, 1154], [936, 1840, 1177], [1753, 1964, 520], [240, 566, 1299], [321, 1711, 49], [769, 275, 1373], [1177, 1685, 732], [1158, 1491, 796],
[1829, 1331, 857], [1104, 1175, 1096], [456, 1686, 1171], [178, 1191, 1579], [1947, 920, 88], [443, 1752, 654], [1742, 641, 342], [359, 1410, 617], [1732, 1155, 871], [1033, 289, 338],
[397, 686, 238], [1254, 358, 2005], [919, 1406, 235], [66, 1584, 1426], [214, 1507, 914], [302, 518, 642], [956, 828, 1283], [1890, 1188, 1261], [1076, 1488, 984], [1947, 497, 1865],
[853, 895, 1119], [1683, 717, 1477], [232, 1636, 1451], [468, 271, 1011], [462, 485, 1086], [1969, 1379, 172], [1179, 903, 1001], [439, 770, 757], [268, 1846, 221], [1253, 337, 719],
[1094, 1190, 182], [190, 1442, 899], [235, 1674, 1104], [1687, 710, 1375], [1266, 1765, 428], [921, 1710, 1807], [1093, 865, 686], [662, 1896, 24], [1419, 733, 438], [1641, 1986, 775],
[928, 1648, 534], [1702, 406, 1976], [577, 642, 194], [1681, 897, 1497], [1624, 731, 1238], [28, 1652, 924], [403, 1314, 357], [1682, 1976, 822], [1706, 1372, 1555], [713, 1581, 85],
[1488, 1077, 1733], [590, 755, 708], [1134, 1332, 1942], [1329, 1582, 815], [802, 1774, 114], [608, 1803, 335], [1532, 774, 1649], [457, 432, 169], [1279, 707, 109], [1402, 2012, 1690],
[1487, 1476, 743], [1197, 43, 66], [473, 1769, 1991], [391, 1074, 1549], [1798, 444, 1299], [1912, 1052, 1670], [223, 1152, 1013], [440, 178, 13], [610, 1457, 1312], [719, 1428, 1300],
[978, 891, 753], [289, 656, 1388], [356, 1129, 1133], [323, 1520, 776], [440, 1294, 1812], [1739, 1183, 841], [1978, 1998, 561], [967, 415, 739], [1572, 1617, 765], [861, 904, 169],
[137, 1882, 1060], [890, 148, 285], [846, 504, 1414], [548, 1419, 1503], [1324, 1859, 1365], [1704, 142, 524], [521, 96, 1091], [1675, 1655, 74], [390, 1204, 1691], [1747, 41, 571],
[1916, 178, 430], [1545, 1661, 1170], [398, 1075, 242], [1812, 1623, 1661], [1883, 1515, 1496], [1225, 1788, 1638], [317, 285, 303], [1408, 528, 526], [1482, 919, 298], [1149, 1234, 339],
[289, 1719, 1110]]
[[2, 9, 4, 2], [7, 1, 4, 7], [5, 3, 7, 7], [2, 7, 1, 3], [9, 9, 5, 2], [4, 5, 10, 4], [5, 2, 9, 1], [3, 7, 7, 5], [5, 0, 7, 10], [1, 9, 6, 5],
[1, 1, 10, 1], [8, 1, 2, 5], [8, 7, 5, 2], [10, 2, 6, 3], [4, 4, 2, 5], [0, 9, 0, 3], [8, 5, 2, 9], [4, 7, 3, 3], [8, 3, 3, 3], [2, 5, 6, 10],
[0, 0, 1, 10], [3, 7, 0, 5], [9, 0, 0, 9], [10, 9, 1, 7], [3, 2, 3, 5], [9, 5, 7, 4], [8, 10, 5, 8], [4, 10, 5, 4], [8, 7, 2, 9], [1, 0, 4, 0],
[1, 2, 7, 9], [9, 9, 3, 10], [9, 6, 3, 5], [0, 10, 7, 6], [7, 10, 3, 9], [9, 9, 1, 7], [3, 3, 5, 2], [3, 7, 2, 2], [7, 10, 0, 5], [6, 3, 5, 4],
[8, 8, 9, 6], [5, 3, 2, 1], [2, 3, 10, 1], [10, 0, 6, 2], [1, 9, 5, 3], [6, 5, 5, 2], [4, 4, 6, 8], [5, 9, 1, 2], [6, 8, 7, 9], [0, 9, 8, 3],
[1, 5, 2, 1], [6, 6, 1, 5], [4, 4, 8, 10], [10, 1, 0, 1], [3, 4, 10, 8], [2, 9, 9, 6], [7, 5, 4, 5], [1, 1, 6, 0], [4, 6, 1, 10], [1, 1, 3, 6],
[5, 9, 3, 2], [8, 1, 4, 0], [5, 3, 7, 7], [1, 3, 0, 6], [6, 2, 10, 7], [1, 3, 7, 6], [10, 7, 5, 0], [6, 6, 4, 0], [5, 8, 3, 2], [7, 5, 1, 2],
[8, 8, 7, 7], [9, 8, 1, 4], [10, 9, 0, 1], [1, 5, 7, 9], [10, 10, 8, 5], [6, 1, 6, 9], [7, 7, 9, 4], [1, 10, 4, 7], [5, 0, 3, 3], [8, 2, 5, 6],
[0, 3, 5, 2], [9, 1, 9, 8], [9, 6, 3, 4], [8, 7, 0, 2], [1, 10, 6, 2], [9, 10, 7, 2], [9, 10, 3, 4], [0, 9, 10, 0], [1, 4, 0, 10], [3, 10, 6, 2],
[3, 9, 4, 0], [3, 5, 1, 4], [2, 7, 4, 9], [5, 0, 0, 1], [8, 4, 5, 8], [0, 5, 7, 1], [7, 5, 10, 9], [2, 5, 0, 6], [1, 2, 4, 4], [5, 5, 8, 7],
[0, 1, 6, 5], [1, 4, 6, 9], [6, 9, 5, 6], [1, 1, 8, 9], [4, 7, 5, 7], [1, 5, 2, 0], [5, 6, 4, 0], [10, 10, 7, 10], [9, 0, 2, 8], [5, 6, 6, 0],
[4, 9, 5, 6], [8, 2, 2, 2], [7, 7, 9, 8], [10, 9, 6, 4], [4, 10, 4, 1], [9, 10, 0, 5], [10, 2, 2, 2], [8, 8, 1, 2], [5, 6, 6, 2], [6, 8, 4, 2],
[4, 0, 8, 1]]
[1, 0.05, 0.05, 0.05, 0.05, 0.05, 0.05, 0.05, 0.05, 0.05,
0.05, 0.05, 0.05, 0.05, 0.05, 0.05, 0.05, 0.05, 0.05, 0.05,
0.05, 0.0025, 0.0025, 0.0025, 0.0025, 0.0025, 0.0025, 0.0025, 0.0025, 0.0025,
0.0025, 0.0025, 0.0025, 0.0025, 0.0025, 0.0025, 0.0025, 0.0025, 0.0025, 0.0025,
0.0025, 0.000125, 0.000125, 0.000125, 0.000125, 0.000125, 0.000125, 0.000125, 0.000125, 0.000125,
0.000125, 0.000125, 0.000125, 0.000125, 0.000125, 0.000125, 0.000125, 0.000125, 0.000125, 0.000125,
0.000125, 6.25e-06, 6.25e-06, 6.25e-06, 6.25e-06, 6.25e-06, 6.25e-06, 6.25e-06, 6.25e-06, 6.25e-06,
6.25e-06, 6.25e-06, 6.25e-06, 6.25e-06, 6.25e-06, 6.25e-06, 6.25e-06, 6.25e-06, 6.25e-06, 6.25e-06,
6.25e-06, 3.125e-07, 3.125e-07, 3.125e-07, 3.125e-07, 3.125e-07, 3.125e-07, 3.125e-07, 3.125e-07, 3.125e-07,
3.125e-07, 3.125e-07, 3.125e-07, 3.125e-07, 3.125e-07, 3.125e-07, 3.125e-07, 3.125e-07, 3.125e-07, 3.125e-07,
3.125e-07, 1.5625e-08, 1.5625e-08, 1.5625e-08, 1.5625e-08, 1.5625e-08, 1.5625e-08, 1.5625e-08, 1.5625e-08, 1.5625e-08,
1.5625e-08, 1.5625e-08, 1.5625e-08, 1.5625e-08, 1.5625e-08, 1.5625e-08, 1.5625e-08, 1.5625e-08, 1.5625e-08, 1.5625e-08,
1.5625e-08]
[8, 6, 3, 5, 6, 3, 10, 1, 7, 7,
4, 0, 8, 2, 6, 0, 5, 9, 10, 5,
7, 7, 7, 2, 1, 9, 9, 8, 10, 2,
9, 6, 8, 10, 4, 8, 0, 3, 9, 7,
1, 2, 2, 4, 8, 5, 7, 8, 1, 8,
9, 3, 6, 3, 9, 3, 1, 6, 2, 4,
1, 2, 8, 9, 2, 1, 7, 6, 7, 6,
5, 10, 10, 7, 0, 6, 6, 6, 5, 8,
6, 6, 9, 5, 7, 7, 6, 3, 9, 1,
8, 8, 5, 4, 5, 5, 8, 3, 9, 8,
6, 2, 8, 1, 2, 4, 10, 10, 3, 1,
1, 9, 3, 1, 7, 2, 1, 9, 5, 3,
2]
------------------------------------------------------- 
# stage = 7	# children c = 20	length of each stage p = 1	nodes = 120	# items I = 1
