[38, 84, 23, 8, 60, 67, 39, 68, 86, 87,
69, 57, 59, 37, 74, 12, 29, 40, 72, 15,
1, 19, 9, 49, 85, 60, 61, 64, 89, 86,
5]
[[1036, 377, 580], [174, 332, 954], [925, 637, 19], [948, 444, 182], [478, 278, 914], [529, 693, 786], [265, 941, 285], [422, 896, 349], [449, 239, 677], [484, 338, 658],
[295, 335, 512], [875, 1025, 845], [790, 912, 959], [287, 821, 364], [469, 776, 642], [860, 267, 813], [607, 9, 715], [369, 431, 49], [718, 880, 288], [872, 842, 626],
[491, 98, 438], [481, 450, 424], [287, 202, 297], [723, 1005, 596], [565, 435, 333], [168, 772, 77], [458, 340, 86], [134, 709, 1033], [183, 904, 875], [987, 215, 678],
[51, 183, 253]]
[[6, 7, 8, 6], [7, 10, 9, 2], [10, 5, 2, 3], [4, 3, 1, 1], [8, 1, 1, 6], [2, 1, 0, 6], [4, 6, 10, 9], [2, 8, 10, 9], [4, 7, 4, 9], [5, 1, 9, 4],
[4, 9, 6, 6], [2, 5, 7, 10], [6, 9, 5, 9], [10, 3, 2, 2], [9, 1, 9, 1], [7, 8, 8, 1], [2, 10, 8, 7], [9, 7, 10, 1], [5, 5, 7, 5], [10, 2, 4, 4],
[9, 8, 0, 6], [0, 2, 8, 10], [4, 6, 9, 9], [1, 4, 10, 4], [3, 6, 0, 0], [2, 10, 1, 5], [2, 6, 0, 0], [6, 2, 4, 4], [10, 4, 0, 0], [6, 6, 8, 8],
[2, 6, 7, 1]]
[1, 0.1, 0.1, 0.1, 0.1, 0.1, 0.1, 0.1, 0.1, 0.1,
0.1, 0.01, 0.01, 0.01, 0.01, 0.01, 0.01, 0.01, 0.01, 0.01,
0.01, 0.001, 0.001, 0.001, 0.001, 0.001, 0.001, 0.001, 0.001, 0.001,
0.001]
[15, 9, 16, 14, 8, 13, 19, 13, 11, 17,
9, 4, 7, 1, 11, 18, 20, 16, 17, 18,
14, 18, 19, 5, 1, 6, 11, 1, 10, 17,
1]
------------------------------------------------------- 
# stage = 4	# children c = 10	length of each stage p = 1	nodes = 30	# items I = 1
