[60, 53, 52, 24, 61, 92, 32, 6, 63, 5,
85, 11, 58, 42, 85, 46, 77, 3, 6, 23,
36, 28, 85, 19, 38, 63, 81, 16, 21, 71,
41, 48, 23, 93, 72, 50, 84, 71, 56, 12,
42]
[[1322, 3630, 1173], [1477, 1766, 4004], [3203, 1264, 2484], [1261, 545, 2048], [149, 3408, 42], [801, 2836, 2309], [3886, 273, 2815], [222, 3458, 870], [3680, 3415, 1003], [982, 3775, 3928],
[561, 1077, 3890], [1734, 2555, 1636], [2070, 1738, 2900], [534, 3351, 3445], [2935, 3852, 3186], [2977, 634, 2002], [1266, 500, 2627], [61, 722, 2418], [1284, 735, 1813], [2287, 1717, 1569],
[2547, 2278, 2998], [2417, 344, 1885], [385, 2414, 3623], [3285, 3301, 3307], [3062, 2216, 3139], [2580, 1173, 3773], [563, 2792, 605], [3542, 3205, 1328], [1940, 469, 2415], [86, 3108, 112],
[1655, 1635, 2742], [985, 384, 3086], [2871, 769, 1832], [2826, 386, 1113], [2113, 3801, 3681], [1585, 2361, 835], [1338, 3276, 3979], [2296, 3151, 3516], [3624, 1071, 318], [2019, 1509, 3426],
[2483, 3164, 1394]]
[[1, 6, 8, 2], [7, 9, 7, 3], [9, 0, 6, 1], [8, 9, 5, 7], [10, 7, 6, 6], [1, 7, 6, 6], [0, 7, 2, 3], [5, 5, 4, 5], [1, 1, 5, 6], [0, 1, 7, 7],
[1, 3, 8, 8], [10, 0, 4, 9], [5, 10, 2, 4], [5, 8, 10, 5], [4, 1, 6, 8], [5, 10, 2, 4], [9, 5, 10, 7], [6, 5, 2, 5], [8, 8, 2, 7], [9, 4, 4, 1],
[2, 6, 4, 7], [4, 3, 10, 6], [3, 3, 3, 6], [2, 3, 10, 9], [8, 7, 6, 1], [1, 8, 5, 7], [5, 7, 2, 1], [10, 6, 1, 1], [10, 5, 6, 3], [6, 3, 10, 7],
[6, 0, 2, 6], [4, 10, 4, 1], [7, 8, 1, 6], [3, 6, 3, 7], [0, 3, 6, 8], [7, 5, 9, 6], [10, 2, 8, 6], [5, 5, 0, 9], [5, 3, 4, 9], [2, 7, 9, 7],
[2, 10, 3, 4]]
[1, 0.1, 0.1, 0.1, 0.1, 0.1, 0.1, 0.1, 0.1, 0.1,
0.1, 0.01, 0.01, 0.01, 0.01, 0.01, 0.01, 0.01, 0.01, 0.01,
0.01, 0.001, 0.001, 0.001, 0.001, 0.001, 0.001, 0.001, 0.001, 0.001,
0.001, 0.0001, 0.0001, 0.0001, 0.0001, 0.0001, 0.0001, 0.0001, 0.0001, 0.0001,
0.0001]
[2, 11, 17, 2, 11, 17, 12, 13, 16, 14,
19, 4, 10, 4, 14, 9, 4, 1, 16, 0,
3, 6, 17, 2, 10, 5, 18, 1, 0, 3,
2, 5, 12, 4, 6, 9, 19, 4, 10, 2,
18]
------------------------------------------------------- 
# stage = 5	# children c = 10	length of each stage p = 1	nodes = 40	# items I = 1
