[29, 46, 9, 22, 64, 58, 90, 4, 70, 27,
38, 98, 29, 17, 67, 65, 18, 8, 1, 31,
21, 66, 26, 58, 48, 70, 14, 25, 44, 86,
12]
[[352, 477, 245], [97, 164, 288], [729, 606, 272], [762, 405, 258], [217, 824, 73], [405, 142, 413], [103, 819, 422], [486, 315, 91], [260, 257, 284], [115, 232, 249],
[749, 798, 94], [362, 49, 258], [18, 779, 233], [290, 695, 6], [762, 280, 830], [835, 685, 340], [402, 788, 314], [192, 642, 629], [498, 57, 255], [782, 172, 487],
[185, 289, 653], [279, 651, 703], [752, 670, 4], [139, 328, 67], [145, 245, 347], [343, 448, 400], [684, 5, 556], [152, 411, 352], [149, 63, 623], [404, 845, 795],
[259, 184, 238]]
[[3, 6, 0, 2], [0, 1, 3, 9], [7, 2, 7, 8], [6, 8, 0, 1], [1, 2, 7, 7], [6, 2, 3, 9], [6, 2, 6, 5], [7, 5, 10, 10], [0, 10, 10, 10], [9, 2, 8, 5],
[3, 2, 0, 9], [8, 1, 10, 9], [1, 5, 5, 7], [7, 6, 3, 1], [8, 7, 6, 4], [1, 3, 1, 2], [0, 0, 1, 9], [1, 7, 1, 4], [9, 2, 2, 6], [3, 0, 4, 4],
[5, 7, 9, 10], [2, 10, 0, 9], [7, 6, 2, 8], [7, 2, 8, 7], [0, 7, 5, 1], [3, 7, 3, 10], [7, 4, 5, 8], [4, 7, 1, 9], [1, 8, 6, 4], [7, 7, 0, 1],
[2, 0, 8, 10]]
[1, 0.1, 0.1, 0.1, 0.1, 0.1, 0.1, 0.1, 0.1, 0.1,
0.1, 0.01, 0.01, 0.01, 0.01, 0.01, 0.01, 0.01, 0.01, 0.01,
0.01, 0.001, 0.001, 0.001, 0.001, 0.001, 0.001, 0.001, 0.001, 0.001,
0.001]
[3, 1, 1, 1, 0, 3, 3, 5, 5, 0,
0, 3, 1, 6, 5, 0, 4, 3, 4, 6,
6, 5, 3, 0, 0, 8, 2, 3, 3, 0,
6]
------------------------------------------------------- 
# stage = 4	# children c = 10	length of each stage p = 1	nodes = 30	# items I = 1
