[32, 35, 91, 23, 92, 45, 98, 80, 81, 6,
98, 0, 76, 38, 75, 68, 99, 82, 22, 41,
82, 94, 100, 62, 19, 64, 23, 27, 95, 0,
65, 93, 1, 55, 82, 93, 66, 79, 38, 46,
51, 35, 12, 93, 39, 87, 61, 37, 35, 49,
44, 16, 43, 10, 44, 28, 40, 34, 56, 0,
34]
[[903, 380, 1458], [1564, 369, 1182], [1373, 1095, 1285], [1305, 907, 57], [235, 277, 799], [1087, 783, 79], [1317, 1055, 632], [962, 1457, 372], [1247, 1160, 60], [1202, 407, 678],
[29, 1310, 1059], [1487, 282, 404], [1101, 87, 475], [1362, 1393, 358], [1420, 60, 636], [651, 1147, 1419], [1274, 1441, 1450], [338, 835, 1339], [1254, 1058, 931], [1314, 1236, 314],
[425, 1265, 600], [460, 160, 883], [1408, 237, 970], [315, 32, 1339], [673, 428, 1399], [285, 1079, 1523], [136, 1330, 1396], [563, 100, 1207], [334, 1355, 697], [242, 77, 910],
[556, 502, 607], [133, 1506, 1312], [1560, 1346, 525], [962, 93, 1101], [1278, 767, 1529], [1109, 28, 17], [40, 709, 1347], [412, 1272, 423], [51, 38, 210], [1293, 824, 832],
[635, 1381, 1334], [218, 490, 1273], [506, 482, 1051], [1032, 420, 121], [565, 130, 1432], [1071, 216, 1460], [1088, 256, 601], [1411, 669, 305], [266, 1264, 888], [1021, 1533, 144],
[285, 1144, 501], [595, 1363, 991], [300, 301, 449], [328, 309, 870], [449, 1419, 1000], [313, 922, 192], [749, 986, 449], [1351, 829, 94], [88, 1095, 334], [976, 548, 300],
[1121, 1377, 1444]]
[[3, 5, 1, 2], [0, 1, 3, 2], [0, 7, 9, 4], [0, 4, 0, 6], [9, 3, 6, 4], [6, 8, 2, 10], [7, 1, 5, 2], [0, 8, 7, 1], [1, 8, 3, 1], [7, 4, 3, 5],
[1, 10, 9, 1], [4, 8, 5, 0], [0, 1, 2, 4], [9, 4, 4, 3], [6, 7, 5, 4], [2, 10, 6, 3], [5, 9, 2, 10], [3, 4, 5, 2], [3, 3, 3, 5], [0, 8, 6, 9],
[7, 6, 1, 4], [0, 3, 7, 6], [10, 2, 10, 1], [10, 3, 3, 5], [0, 3, 4, 1], [5, 9, 3, 7], [0, 4, 1, 9], [1, 5, 6, 7], [1, 7, 0, 1], [10, 7, 5, 7],
[7, 2, 6, 5], [6, 7, 10, 6], [0, 1, 7, 5], [0, 8, 1, 9], [1, 1, 7, 0], [4, 0, 7, 5], [7, 5, 4, 4], [2, 7, 9, 7], [10, 5, 1, 5], [10, 9, 9, 8],
[0, 3, 3, 9], [0, 2, 7, 1], [1, 1, 1, 6], [2, 7, 9, 7], [1, 1, 1, 3], [8, 8, 9, 5], [0, 10, 10, 0], [9, 6, 8, 7], [9, 9, 5, 9], [10, 1, 10, 0],
[2, 10, 4, 2], [6, 1, 10, 7], [0, 9, 9, 8], [6, 5, 3, 7], [2, 0, 7, 0], [7, 2, 5, 3], [1, 10, 2, 0], [0, 10, 9, 1], [7, 1, 1, 2], [2, 0, 8, 0],
[9, 4, 8, 5]]
[1, 0.05, 0.05, 0.05, 0.05, 0.05, 0.05, 0.05, 0.05, 0.05,
0.05, 0.05, 0.05, 0.05, 0.05, 0.05, 0.05, 0.05, 0.05, 0.05,
0.05, 0.0025, 0.0025, 0.0025, 0.0025, 0.0025, 0.0025, 0.0025, 0.0025, 0.0025,
0.0025, 0.0025, 0.0025, 0.0025, 0.0025, 0.0025, 0.0025, 0.0025, 0.0025, 0.0025,
0.0025, 0.000125, 0.000125, 0.000125, 0.000125, 0.000125, 0.000125, 0.000125, 0.000125, 0.000125,
0.000125, 0.000125, 0.000125, 0.000125, 0.000125, 0.000125, 0.000125, 0.000125, 0.000125, 0.000125,
0.000125]
[5, 6, 5, 9, 13, 5, 3, 6, 9, 8,
5, 14, 1, 0, 4, 8, 12, 10, 6, 11,
14, 9, 0, 3, 7, 0, 11, 1, 1, 14,
5, 14, 5, 2, 12, 15, 15, 13, 8, 9,
11, 13, 8, 3, 15, 14, 8, 6, 5, 9,
6, 12, 1, 5, 9, 9, 8, 11, 4, 10,
15]
------------------------------------------------------- 
# stage = 4	# children c = 20	length of each stage p = 1	nodes = 60	# items I = 1
