[75, 63, 84, 27, 52, 59, 76, 36, 97, 47,
27, 100, 20, 91, 78, 31, 39, 56, 85, 68,
41, 28, 68, 71, 14, 80, 99, 10, 39, 69,
54, 14, 98, 37, 41, 49, 63, 83, 51, 59,
96, 78, 58, 82, 35, 1, 79, 74, 57, 64,
41, 64, 58, 75, 35, 72, 20, 100, 82, 26,
68]
[[294, 26, 504], [168, 288, 919], [733, 190, 85], [201, 713, 87], [690, 92, 428], [40, 98, 771], [520, 1035, 536], [425, 463, 654], [314, 124, 18], [1015, 795, 754],
[949, 46, 780], [411, 215, 184], [446, 64, 375], [531, 424, 204], [619, 72, 297], [163, 271, 395], [934, 950, 387], [586, 333, 1009], [357, 806, 91], [534, 937, 886],
[245, 1003, 48], [141, 371, 422], [484, 817, 645], [1018, 464, 186], [180, 199, 417], [477, 362, 688], [1031, 413, 596], [535, 115, 929], [501, 631, 851], [592, 122, 745],
[594, 367, 705], [643, 667, 192], [181, 268, 125], [827, 243, 590], [129, 423, 948], [546, 16, 427], [191, 5, 999], [787, 699, 71], [832, 157, 703], [640, 909, 825],
[343, 460, 309], [164, 219, 92], [357, 560, 360], [482, 503, 604], [188, 632, 143], [94, 135, 160], [521, 326, 324], [477, 230, 1023], [707, 19, 296], [526, 660, 321],
[468, 119, 941], [777, 283, 276], [869, 640, 836], [346, 239, 296], [950, 427, 928], [50, 680, 179], [369, 158, 506], [693, 794, 736], [832, 618, 914], [245, 101, 531],
[725, 569, 650]]
[[4, 7, 8, 4], [10, 10, 4, 9], [10, 3, 7, 1], [5, 5, 1, 3], [6, 10, 5, 10], [0, 5, 1, 10], [10, 8, 6, 3], [2, 7, 9, 5], [1, 6, 9, 1], [6, 0, 8, 5],
[1, 2, 4, 6], [7, 6, 7, 1], [3, 1, 9, 1], [7, 0, 0, 4], [6, 5, 5, 8], [1, 4, 2, 3], [10, 9, 2, 3], [7, 10, 6, 8], [10, 9, 3, 7], [2, 9, 8, 3],
[10, 4, 4, 6], [4, 3, 9, 8], [8, 3, 6, 7], [7, 6, 8, 5], [3, 10, 6, 10], [7, 0, 6, 7], [9, 7, 1, 9], [5, 7, 1, 5], [0, 5, 9, 3], [6, 7, 0, 3],
[9, 4, 9, 3], [9, 6, 6, 1], [4, 2, 9, 0], [2, 4, 5, 9], [1, 4, 7, 6], [0, 6, 9, 10], [0, 6, 2, 5], [0, 0, 6, 9], [5, 4, 2, 3], [0, 8, 4, 4],
[8, 0, 2, 8], [5, 6, 4, 4], [10, 9, 8, 9], [4, 7, 8, 5], [2, 8, 8, 0], [8, 3, 10, 0], [8, 10, 3, 6], [5, 5, 8, 3], [6, 10, 9, 9], [3, 3, 2, 3],
[1, 10, 1, 6], [4, 7, 9, 4], [4, 6, 5, 1], [9, 2, 0, 4], [1, 3, 10, 6], [7, 7, 7, 0], [7, 4, 9, 8], [5, 0, 0, 6], [8, 10, 10, 0], [6, 6, 4, 8],
[10, 7, 8, 9]]
[1, 0.05, 0.05, 0.05, 0.05, 0.05, 0.05, 0.05, 0.05, 0.05,
0.05, 0.05, 0.05, 0.05, 0.05, 0.05, 0.05, 0.05, 0.05, 0.05,
0.05, 0.0025, 0.0025, 0.0025, 0.0025, 0.0025, 0.0025, 0.0025, 0.0025, 0.0025,
0.0025, 0.0025, 0.0025, 0.0025, 0.0025, 0.0025, 0.0025, 0.0025, 0.0025, 0.0025,
0.0025, 0.000125, 0.000125, 0.000125, 0.000125, 0.000125, 0.000125, 0.000125, 0.000125, 0.000125,
0.000125, 0.000125, 0.000125, 0.000125, 0.000125, 0.000125, 0.000125, 0.000125, 0.000125, 0.000125,
0.000125]
[14, 16, 11, 12, 20, 13, 7, 15, 3, 18,
7, 13, 0, 2, 19, 17, 2, 6, 8, 12,
15, 2, 3, 12, 9, 15, 10, 11, 16, 5,
13, 2, 11, 6, 1, 4, 0, 14, 0, 5,
11, 0, 6, 8, 0, 13, 11, 4, 1, 20,
6, 15, 10, 4, 10, 16, 8, 1, 3, 13,
19]
------------------------------------------------------- 
# stage = 4	# children c = 20	length of each stage p = 1	nodes = 60	# items I = 1
