[93, 10, 55, 97, 90, 94, 69, 95, 31, 31,
65, 43, 60, 86, 42, 81, 16, 91, 28, 58,
86, 44, 85, 11, 78, 51, 54, 17, 66, 18,
84, 25, 28, 4, 88, 85, 98, 56, 45, 96,
53, 9, 38, 12, 95, 47, 60, 77, 37, 88,
35, 22, 31, 19, 100, 9, 36, 53, 26, 69,
37, 76, 60, 32, 47, 47, 16, 44, 2, 27,
5, 55, 37, 10, 33, 98, 57, 93, 75, 94,
80, 76, 82, 78, 61, 47, 53, 63, 0, 45,
31, 3, 88, 57, 35, 34, 3, 51, 44, 5,
45]
[[1436, 1441, 552], [273, 948, 1725], [496, 537, 657], [1303, 530, 1166], [1666, 1305, 295], [762, 1700, 359], [1815, 1763, 1443], [35, 1462, 1838], [1320, 1225, 1412], [708, 1305, 1281],
[121, 933, 860], [727, 1206, 1808], [590, 1703, 538], [1302, 1198, 1068], [606, 1002, 565], [956, 1764, 404], [1315, 1771, 359], [951, 1807, 13], [927, 1265, 1238], [478, 165, 735],
[1813, 287, 1668], [811, 1068, 1067], [811, 1713, 908], [1403, 1153, 244], [663, 1813, 1300], [1229, 961, 1257], [1633, 415, 1166], [184, 1420, 1111], [197, 485, 569], [1489, 1017, 734],
[417, 968, 1075], [277, 1833, 282], [1344, 783, 133], [444, 378, 1340], [742, 1042, 1345], [181, 409, 445], [1438, 234, 914], [742, 472, 472], [46, 723, 957], [615, 350, 113],
[1349, 821, 1081], [563, 1099, 1107], [899, 581, 28], [1086, 1026, 460], [618, 1768, 1556], [101, 141, 157], [600, 1579, 391], [1514, 460, 917], [178, 506, 1640], [1190, 1175, 183],
[1357, 662, 1004], [630, 1279, 295], [1737, 370, 877], [1819, 1510, 95], [418, 266, 55], [112, 422, 197], [270, 1022, 1776], [715, 729, 428], [1687, 907, 988], [1519, 289, 301],
[1702, 1646, 1018], [899, 415, 489], [1194, 290, 914], [263, 302, 562], [358, 720, 829], [414, 886, 1251], [665, 1210, 411], [633, 118, 1140], [1062, 1859, 240], [242, 1516, 529],
[598, 1357, 314], [1616, 448, 783], [297, 1642, 1127], [1211, 44, 1429], [1774, 402, 341], [741, 870, 1282], [184, 1589, 684], [649, 361, 856], [1844, 1477, 853], [222, 1719, 508],
[805, 455, 57], [1173, 263, 505], [94, 561, 285], [1276, 1826, 383], [897, 1738, 840], [1293, 671, 1764], [713, 855, 1492], [1451, 1505, 1853], [446, 1487, 1468], [1353, 1763, 1325],
[1861, 706, 1835], [110, 72, 236], [615, 220, 851], [955, 1496, 816], [1392, 532, 746], [370, 17, 1418], [273, 730, 465], [1765, 373, 162], [1756, 819, 1703], [1416, 365, 1604],
[933, 418, 503]]
[[2, 1, 3, 4], [5, 8, 5, 6], [9, 5, 7, 10], [0, 4, 8, 1], [3, 0, 6, 7], [6, 2, 9, 6], [1, 2, 0, 10], [4, 9, 6, 6], [8, 7, 8, 2], [2, 0, 9, 1],
[3, 3, 0, 3], [7, 7, 2, 10], [7, 7, 4, 2], [9, 3, 6, 8], [3, 7, 5, 5], [5, 9, 9, 0], [3, 6, 3, 6], [6, 1, 7, 9], [2, 5, 10, 9], [10, 2, 6, 4],
[7, 10, 5, 5], [0, 0, 0, 2], [7, 4, 7, 10], [2, 4, 9, 4], [10, 1, 10, 4], [0, 4, 2, 2], [7, 0, 9, 7], [0, 2, 0, 7], [10, 3, 10, 9], [4, 10, 0, 9],
[3, 5, 7, 4], [9, 5, 8, 7], [6, 5, 0, 4], [9, 0, 6, 5], [0, 2, 10, 0], [4, 9, 7, 1], [1, 6, 10, 5], [4, 8, 4, 5], [1, 0, 9, 10], [3, 4, 4, 9],
[9, 4, 2, 5], [5, 6, 9, 3], [6, 8, 4, 8], [6, 9, 9, 8], [3, 9, 0, 5], [6, 2, 10, 7], [0, 7, 5, 3], [9, 9, 1, 6], [1, 1, 0, 6], [7, 9, 7, 0],
[7, 9, 8, 0], [8, 7, 6, 9], [3, 7, 1, 9], [9, 9, 4, 10], [5, 7, 0, 2], [3, 2, 8, 4], [1, 8, 8, 7], [5, 5, 7, 1], [3, 5, 10, 9], [1, 6, 5, 4],
[2, 6, 0, 9], [5, 2, 6, 8], [7, 7, 10, 0], [7, 7, 4, 8], [3, 0, 4, 8], [5, 1, 7, 8], [4, 6, 5, 3], [1, 10, 5, 1], [6, 5, 0, 9], [6, 4, 6, 2],
[0, 6, 0, 7], [0, 3, 5, 1], [3, 7, 7, 8], [6, 1, 3, 10], [8, 6, 2, 7], [6, 7, 7, 10], [0, 5, 8, 4], [9, 3, 4, 10], [7, 5, 6, 6], [8, 9, 5, 0],
[6, 2, 6, 1], [3, 7, 1, 9], [3, 1, 6, 9], [7, 0, 6, 7], [5, 3, 0, 3], [4, 4, 2, 1], [7, 7, 5, 4], [5, 10, 2, 9], [1, 6, 9, 3], [3, 8, 1, 4],
[9, 5, 0, 5], [5, 6, 10, 10], [9, 10, 1, 0], [2, 1, 10, 9], [8, 4, 1, 1], [4, 1, 8, 3], [6, 6, 6, 9], [3, 8, 0, 0], [0, 0, 3, 6], [6, 3, 3, 2],
[2, 2, 2, 2]]
[1, 0.05, 0.05, 0.05, 0.05, 0.05, 0.05, 0.05, 0.05, 0.05,
0.05, 0.05, 0.05, 0.05, 0.05, 0.05, 0.05, 0.05, 0.05, 0.05,
0.05, 0.0025, 0.0025, 0.0025, 0.0025, 0.0025, 0.0025, 0.0025, 0.0025, 0.0025,
0.0025, 0.0025, 0.0025, 0.0025, 0.0025, 0.0025, 0.0025, 0.0025, 0.0025, 0.0025,
0.0025, 0.000125, 0.000125, 0.000125, 0.000125, 0.000125, 0.000125, 0.000125, 0.000125, 0.000125,
0.000125, 0.000125, 0.000125, 0.000125, 0.000125, 0.000125, 0.000125, 0.000125, 0.000125, 0.000125,
0.000125, 6.25e-06, 6.25e-06, 6.25e-06, 6.25e-06, 6.25e-06, 6.25e-06, 6.25e-06, 6.25e-06, 6.25e-06,
6.25e-06, 6.25e-06, 6.25e-06, 6.25e-06, 6.25e-06, 6.25e-06, 6.25e-06, 6.25e-06, 6.25e-06, 6.25e-06,
6.25e-06, 3.125e-07, 3.125e-07, 3.125e-07, 3.125e-07, 3.125e-07, 3.125e-07, 3.125e-07, 3.125e-07, 3.125e-07,
3.125e-07, 3.125e-07, 3.125e-07, 3.125e-07, 3.125e-07, 3.125e-07, 3.125e-07, 3.125e-07, 3.125e-07, 3.125e-07,
3.125e-07]
[9, 3, 9, 5, 4, 2, 0, 1, 7, 6,
5, 6, 0, 1, 9, 6, 5, 5, 2, 6,
4, 3, 3, 0, 9, 3, 9, 2, 4, 4,
5, 4, 4, 7, 1, 6, 6, 5, 4, 0,
4, 1, 6, 8, 1, 3, 8, 9, 0, 0,
4, 0, 9, 9, 4, 1, 8, 7, 0, 6,
3, 1, 1, 4, 9, 6, 5, 5, 5, 0,
6, 2, 7, 1, 0, 4, 9, 7, 7, 7,
9, 1, 3, 1, 3, 1, 8, 7, 9, 8,
8, 7, 7, 4, 7, 5, 6, 6, 7, 1,
3]
------------------------------------------------------- 
# stage = 6	# children c = 20	length of each stage p = 1	nodes = 100	# items I = 1
