[65, 65, 36, 40, 86, 13, 1, 71, 99, 69,
99, 64, 6, 38, 71, 70, 87, 70, 51, 3,
20, 60, 60, 16, 41, 47, 11, 73, 38, 85,
60, 2, 49, 62, 43, 0, 75, 10, 71, 73,
79, 70, 2, 51, 74, 74, 87, 27, 43, 37,
97, 63, 98, 56, 46, 4, 2, 23, 43, 40,
8]
[[684, 904, 964], [126, 411, 606], [110, 913, 967], [295, 508, 536], [905, 351, 517], [455, 476, 16], [813, 483, 131], [46, 431, 586], [958, 880, 466], [912, 821, 406],
[599, 465, 271], [523, 463, 554], [1002, 573, 427], [929, 740, 807], [297, 606, 118], [815, 933, 467], [831, 706, 950], [834, 625, 342], [253, 415, 54], [719, 160, 747],
[998, 631, 173], [229, 1026, 508], [655, 988, 42], [42, 877, 654], [849, 135, 220], [839, 822, 1026], [266, 485, 564], [177, 279, 149], [391, 532, 437], [445, 212, 597],
[153, 42, 188], [198, 271, 46], [706, 798, 1035], [620, 840, 744], [235, 521, 751], [327, 192, 533], [185, 331, 1018], [750, 380, 258], [899, 771, 662], [168, 48, 746],
[765, 73, 788], [825, 271, 931], [872, 850, 689], [739, 430, 361], [443, 537, 754], [155, 737, 947], [688, 922, 238], [539, 632, 490], [669, 364, 221], [163, 532, 141],
[910, 130, 215], [530, 955, 358], [294, 659, 168], [983, 358, 471], [177, 674, 1008], [931, 829, 705], [710, 349, 460], [820, 888, 52], [270, 389, 416], [363, 553, 821],
[505, 423, 951]]
[[1, 4, 5, 8], [0, 4, 0, 5], [9, 5, 4, 8], [3, 7, 8, 7], [0, 10, 2, 0], [6, 1, 1, 10], [7, 4, 3, 9], [6, 2, 3, 7], [6, 9, 2, 4], [2, 3, 7, 9],
[8, 9, 7, 0], [5, 2, 6, 4], [1, 8, 4, 7], [7, 3, 4, 3], [5, 5, 0, 9], [8, 3, 5, 1], [1, 8, 6, 1], [9, 2, 0, 6], [10, 5, 4, 4], [7, 8, 8, 6],
[4, 10, 2, 0], [0, 4, 4, 3], [10, 2, 1, 5], [5, 7, 4, 5], [2, 10, 6, 9], [0, 4, 2, 10], [9, 6, 1, 3], [2, 8, 9, 6], [5, 9, 6, 6], [3, 8, 9, 0],
[10, 0, 3, 5], [5, 7, 8, 5], [5, 3, 3, 5], [6, 5, 2, 4], [9, 1, 6, 0], [9, 4, 6, 4], [1, 0, 8, 2], [8, 4, 2, 8], [2, 3, 0, 5], [10, 8, 10, 4],
[9, 0, 7, 4], [5, 7, 7, 2], [7, 2, 0, 5], [4, 5, 7, 5], [5, 2, 7, 2], [7, 7, 8, 9], [8, 8, 4, 6], [5, 1, 10, 4], [2, 5, 8, 5], [10, 4, 5, 6],
[4, 6, 10, 9], [9, 4, 1, 3], [7, 7, 3, 1], [3, 1, 8, 10], [9, 10, 5, 2], [1, 2, 6, 1], [5, 1, 4, 5], [4, 10, 9, 8], [3, 8, 6, 1], [0, 8, 4, 5],
[4, 7, 6, 5]]
[1, 0.05, 0.05, 0.05, 0.05, 0.05, 0.05, 0.05, 0.05, 0.05,
0.05, 0.05, 0.05, 0.05, 0.05, 0.05, 0.05, 0.05, 0.05, 0.05,
0.05, 0.0025, 0.0025, 0.0025, 0.0025, 0.0025, 0.0025, 0.0025, 0.0025, 0.0025,
0.0025, 0.0025, 0.0025, 0.0025, 0.0025, 0.0025, 0.0025, 0.0025, 0.0025, 0.0025,
0.0025, 0.000125, 0.000125, 0.000125, 0.000125, 0.000125, 0.000125, 0.000125, 0.000125, 0.000125,
0.000125, 0.000125, 0.000125, 0.000125, 0.000125, 0.000125, 0.000125, 0.000125, 0.000125, 0.000125,
0.000125]
[1, 1, 0, 1, 2, 1, 9, 6, 1, 6,
2, 10, 2, 3, 3, 1, 3, 0, 3, 5,
8, 5, 9, 8, 9, 6, 5, 1, 4, 9,
6, 10, 9, 9, 5, 4, 7, 6, 6, 0,
6, 2, 10, 5, 3, 7, 10, 3, 10, 8,
2, 4, 5, 0, 4, 2, 8, 8, 5, 5,
4]
------------------------------------------------------- 
# stage = 4	# children c = 20	length of each stage p = 1	nodes = 60	# items I = 1
