[87, 78, 31, 91, 93, 1, 4, 34, 30, 52,
30, 43, 42, 0, 14, 46, 42, 0, 52, 15,
55, 40, 1, 32, 92, 67, 85, 8, 78, 42,
65]
[[3392, 1024, 1957], [451, 165, 3401], [634, 3705, 1641], [931, 3869, 1994], [3305, 1137, 1617], [2012, 1228, 3199], [2749, 278, 2360], [1021, 176, 1371], [4061, 3262, 3517], [2936, 3283, 1639],
[958, 3005, 3200], [3452, 3456, 3365], [2647, 420, 3400], [618, 1351, 3599], [3149, 449, 1067], [559, 2461, 2832], [3758, 1540, 3111], [2448, 2561, 3824], [3820, 2952, 2879], [3130, 1681, 2492],
[1099, 3176, 1291], [92, 2422, 1077], [3995, 1399, 1498], [3725, 2554, 3386], [3118, 1496, 3836], [515, 2593, 2627], [3347, 2144, 4168], [2788, 923, 2522], [2406, 536, 1805], [1615, 3666, 4023],
[438, 559, 2993]]
[[7, 10, 8, 4], [7, 9, 10, 2], [4, 6, 1, 0], [5, 10, 2, 0], [7, 9, 6, 7], [1, 9, 8, 2], [10, 7, 6, 2], [8, 9, 6, 3], [6, 1, 7, 2], [9, 4, 2, 0],
[8, 3, 0, 3], [3, 1, 3, 8], [10, 9, 2, 0], [5, 0, 0, 4], [5, 7, 4, 3], [5, 8, 6, 0], [7, 2, 0, 5], [4, 0, 5, 2], [3, 4, 5, 4], [5, 6, 10, 2],
[2, 2, 1, 7], [0, 1, 9, 5], [6, 2, 8, 0], [8, 1, 9, 4], [1, 7, 8, 6], [5, 0, 8, 9], [4, 0, 0, 7], [6, 9, 8, 8], [0, 9, 4, 0], [10, 2, 5, 6],
[2, 1, 4, 10]]
[1, 0.1, 0.1, 0.1, 0.1, 0.1, 0.1, 0.1, 0.1, 0.1,
0.1, 0.01, 0.01, 0.01, 0.01, 0.01, 0.01, 0.01, 0.01, 0.01,
0.01, 0.001, 0.001, 0.001, 0.001, 0.001, 0.001, 0.001, 0.001, 0.001,
0.001]
[9, 10, 8, 5, 6, 19, 14, 21, 17, 16,
5, 19, 15, 20, 11, 6, 14, 2, 21, 13,
12, 13, 17, 4, 4, 11, 16, 3, 11, 8,
15]
------------------------------------------------------- 
# stage = 4	# children c = 10	length of each stage p = 1	nodes = 30	# items I = 1
