[87, 36, 47, 84, 30, 53, 90, 66, 25, 74,
11, 31, 48, 52, 24, 79, 36, 54, 50, 5,
47, 1, 76, 89, 62, 72, 80, 43, 94, 84,
40, 46, 19, 87, 29, 16, 5, 18, 82, 30,
58]
[[1002, 1123, 468], [1180, 224, 406], [713, 908, 111], [574, 838, 1192], [233, 668, 926], [594, 926, 1197], [992, 467, 945], [39, 326, 855], [587, 257, 603], [4, 821, 664],
[540, 564, 734], [1215, 691, 1165], [362, 351, 1020], [473, 926, 599], [407, 1159, 215], [280, 701, 88], [424, 640, 762], [111, 680, 1088], [1172, 214, 86], [516, 424, 1114],
[127, 964, 625], [862, 920, 264], [974, 24, 615], [735, 703, 488], [281, 57, 595], [702, 338, 37], [791, 762, 883], [294, 1079, 510], [329, 1198, 724], [621, 455, 1148],
[682, 583, 1060], [49, 392, 721], [313, 107, 951], [1134, 1048, 602], [364, 276, 659], [959, 979, 1203], [1202, 717, 913], [826, 1011, 733], [78, 287, 673], [802, 1114, 75],
[898, 538, 658]]
[[8, 9, 7, 8], [10, 0, 7, 3], [5, 6, 5, 1], [10, 6, 8, 8], [3, 9, 5, 6], [8, 7, 8, 6], [10, 9, 6, 2], [1, 10, 2, 8], [8, 7, 3, 7], [8, 0, 8, 0],
[4, 2, 10, 3], [9, 8, 0, 10], [6, 3, 5, 1], [8, 0, 5, 7], [10, 0, 7, 9], [10, 10, 6, 7], [6, 10, 1, 1], [8, 9, 2, 10], [1, 1, 2, 8], [7, 1, 7, 0],
[4, 10, 10, 2], [10, 4, 9, 7], [5, 4, 6, 2], [3, 10, 10, 7], [7, 9, 9, 2], [8, 9, 1, 7], [10, 2, 2, 5], [3, 9, 3, 5], [8, 3, 7, 5], [7, 4, 2, 10],
[8, 6, 2, 9], [3, 10, 5, 0], [8, 3, 0, 3], [1, 0, 10, 10], [2, 10, 2, 5], [8, 5, 10, 3], [6, 5, 7, 1], [7, 9, 0, 2], [2, 2, 0, 5], [1, 3, 3, 8],
[7, 4, 0, 6]]
[1, 0.1, 0.1, 0.1, 0.1, 0.1, 0.1, 0.1, 0.1, 0.1,
0.1, 0.01, 0.01, 0.01, 0.01, 0.01, 0.01, 0.01, 0.01, 0.01,
0.01, 0.001, 0.001, 0.001, 0.001, 0.001, 0.001, 0.001, 0.001, 0.001,
0.001, 0.0001, 0.0001, 0.0001, 0.0001, 0.0001, 0.0001, 0.0001, 0.0001, 0.0001,
0.0001]
[19, 0, 17, 22, 5, 23, 7, 10, 9, 16,
20, 17, 20, 1, 6, 16, 7, 6, 0, 16,
6, 23, 25, 9, 12, 7, 17, 20, 19, 22,
14, 1, 8, 21, 13, 15, 0, 13, 22, 9,
0]
------------------------------------------------------- 
# stage = 5	# children c = 10	length of each stage p = 1	nodes = 40	# items I = 1
