[14, 43, 89, 70, 12, 47, 63, 31, 15, 15,
93, 45, 99, 63, 56, 92, 35, 59, 27, 78,
74, 60, 29, 54, 85, 96, 24, 3, 58, 70,
32, 72, 79, 87, 41, 92, 100, 71, 89, 14,
86, 81, 59, 50, 9, 14, 8, 44, 39, 35,
89, 79, 61, 17, 32, 45, 79, 57, 14, 36,
93, 12, 74, 72, 99, 82, 29, 98, 18, 17,
11, 3, 64, 37, 19, 73, 17, 27, 84, 57,
62]
[[1180, 1049, 276], [694, 1521, 602], [787, 25, 72], [394, 1068, 1723], [642, 1038, 151], [1762, 382, 695], [1312, 1765, 1081], [1785, 588, 1572], [214, 31, 630], [671, 1459, 965],
[502, 268, 148], [779, 962, 1165], [877, 1749, 1191], [445, 1639, 1755], [302, 1778, 927], [1816, 1673, 805], [645, 1118, 199], [1222, 1036, 787], [423, 747, 818], [1053, 1418, 1773],
[1515, 53, 174], [1663, 328, 632], [457, 701, 10], [1144, 1147, 1650], [1033, 945, 1561], [1456, 894, 1367], [394, 1035, 115], [593, 390, 647], [876, 814, 1394], [1694, 1363, 441],
[1097, 1011, 1858], [767, 303, 319], [1400, 761, 517], [906, 38, 1664], [689, 1071, 238], [1746, 156, 628], [743, 550, 1664], [354, 639, 1550], [1001, 1515, 497], [25, 839, 1357],
[466, 69, 501], [457, 836, 805], [273, 1732, 1566], [790, 772, 1100], [83, 957, 1668], [1684, 837, 1824], [445, 1076, 4], [1605, 1430, 643], [1289, 564, 1655], [1282, 85, 123],
[772, 552, 192], [770, 505, 524], [1575, 274, 1753], [770, 560, 658], [3, 643, 1615], [1671, 1823, 81], [1629, 402, 653], [1633, 140, 216], [1772, 925, 277], [1056, 341, 362],
[1179, 609, 410], [867, 1379, 412], [888, 583, 686], [774, 1353, 1247], [928, 1357, 1386], [172, 657, 1343], [1617, 1782, 1241], [403, 1044, 877], [116, 950, 1803], [1756, 1502, 1640],
[1614, 311, 382], [158, 674, 1762], [570, 1562, 478], [752, 1832, 1328], [132, 893, 314], [1519, 1066, 971], [491, 816, 887], [1732, 715, 1427], [742, 831, 6], [174, 216, 1509],
[1814, 1831, 1820]]
[[2, 9, 8, 10], [9, 0, 1, 10], [2, 6, 9, 1], [9, 10, 0, 2], [10, 10, 4, 6], [0, 5, 2, 6], [10, 7, 6, 7], [10, 4, 7, 10], [1, 4, 9, 10], [5, 10, 7, 5],
[5, 5, 7, 1], [3, 5, 4, 0], [5, 6, 7, 3], [10, 9, 9, 7], [3, 2, 3, 2], [7, 8, 1, 6], [2, 8, 5, 5], [5, 1, 8, 8], [4, 2, 10, 7], [8, 1, 8, 0],
[5, 4, 3, 4], [0, 10, 0, 2], [1, 2, 4, 8], [10, 4, 3, 10], [10, 6, 2, 3], [5, 0, 0, 8], [2, 8, 4, 8], [7, 10, 8, 2], [1, 0, 6, 0], [8, 5, 2, 10],
[5, 6, 5, 4], [8, 9, 2, 6], [2, 2, 9, 6], [2, 9, 3, 3], [5, 5, 9, 1], [5, 7, 3, 6], [5, 8, 6, 3], [0, 8, 0, 5], [2, 5, 7, 10], [1, 9, 5, 4],
[1, 1, 8, 1], [0, 0, 2, 3], [5, 1, 4, 8], [6, 6, 4, 9], [1, 10, 10, 1], [6, 10, 6, 8], [5, 2, 7, 6], [10, 0, 8, 9], [1, 5, 10, 10], [3, 0, 2, 7],
[10, 5, 4, 5], [0, 8, 1, 1], [6, 1, 2, 1], [9, 6, 9, 3], [6, 3, 10, 3], [1, 5, 1, 1], [0, 10, 9, 1], [10, 1, 8, 9], [4, 2, 1, 4], [8, 2, 3, 1],
[1, 3, 0, 0], [7, 7, 3, 2], [0, 0, 4, 10], [6, 5, 9, 4], [4, 8, 5, 1], [7, 3, 10, 0], [3, 9, 2, 9], [1, 5, 0, 2], [6, 0, 2, 2], [6, 4, 2, 4],
[4, 6, 3, 8], [1, 2, 1, 3], [8, 5, 5, 4], [6, 2, 4, 9], [1, 6, 5, 0], [9, 5, 2, 4], [4, 3, 6, 10], [5, 6, 1, 7], [2, 4, 5, 1], [4, 4, 4, 1],
[7, 7, 5, 2]]
[1, 0.05, 0.05, 0.05, 0.05, 0.05, 0.05, 0.05, 0.05, 0.05,
0.05, 0.05, 0.05, 0.05, 0.05, 0.05, 0.05, 0.05, 0.05, 0.05,
0.05, 0.0025, 0.0025, 0.0025, 0.0025, 0.0025, 0.0025, 0.0025, 0.0025, 0.0025,
0.0025, 0.0025, 0.0025, 0.0025, 0.0025, 0.0025, 0.0025, 0.0025, 0.0025, 0.0025,
0.0025, 0.000125, 0.000125, 0.000125, 0.000125, 0.000125, 0.000125, 0.000125, 0.000125, 0.000125,
0.000125, 0.000125, 0.000125, 0.000125, 0.000125, 0.000125, 0.000125, 0.000125, 0.000125, 0.000125,
0.000125, 6.25e-06, 6.25e-06, 6.25e-06, 6.25e-06, 6.25e-06, 6.25e-06, 6.25e-06, 6.25e-06, 6.25e-06,
6.25e-06, 6.25e-06, 6.25e-06, 6.25e-06, 6.25e-06, 6.25e-06, 6.25e-06, 6.25e-06, 6.25e-06, 6.25e-06,
6.25e-06]
[18, 2, 12, 6, 18, 13, 4, 14, 17, 2,
9, 1, 9, 13, 8, 4, 10, 15, 11, 18,
18, 5, 6, 2, 5, 18, 18, 6, 3, 11,
12, 16, 0, 4, 9, 15, 9, 5, 17, 16,
5, 9, 13, 13, 10, 3, 15, 4, 3, 1,
3, 15, 18, 6, 3, 14, 17, 14, 16, 3,
8, 8, 16, 13, 12, 13, 8, 7, 6, 2,
14, 18, 17, 2, 0, 0, 5, 6, 14, 2,
11]
------------------------------------------------------- 
# stage = 5	# children c = 20	length of each stage p = 1	nodes = 80	# items I = 1
