[18, 78, 23, 35, 11, 4, 21, 8, 82, 38,
93, 82, 60, 86, 50, 4, 63, 90, 96, 92,
29, 25, 87, 84, 11, 61, 60, 96, 33, 91,
11, 51, 69, 1, 52, 46, 5, 73, 55, 88,
77, 13, 35, 36, 65, 85, 6, 27, 41, 1,
86, 36, 27, 72, 19, 4, 99, 80, 66, 31,
70, 44, 48, 4, 45, 67, 51, 50, 5, 72,
3, 83, 51, 39, 85, 16, 23, 92, 9, 64,
59, 95, 66, 86, 32, 86, 56, 98, 31, 22,
95, 67, 32, 43, 38, 77, 76, 89, 93, 81,
26]
[[1013, 132, 792], [1699, 1323, 381], [795, 1471, 1577], [776, 1016, 390], [1556, 1710, 655], [1737, 1287, 522], [797, 813, 1071], [561, 899, 1445], [1517, 507, 153], [89, 374, 1403],
[1787, 1641, 1535], [1011, 1518, 1291], [1646, 745, 940], [1401, 1522, 134], [1792, 1256, 22], [879, 1426, 1563], [1401, 401, 554], [904, 1216, 1453], [781, 912, 393], [934, 1255, 1021],
[515, 1220, 840], [483, 664, 790], [1774, 488, 1536], [892, 68, 1236], [1280, 292, 924], [1556, 1171, 528], [1297, 1004, 1183], [283, 340, 832], [168, 1121, 1744], [561, 488, 1177],
[1582, 1003, 830], [600, 1740, 1494], [1645, 1692, 414], [1359, 1016, 482], [1027, 728, 1028], [129, 716, 631], [912, 191, 1635], [527, 728, 407], [1359, 897, 1529], [1535, 1458, 449],
[891, 1219, 1452], [153, 251, 1625], [79, 74, 1749], [493, 1687, 1198], [1230, 892, 104], [436, 1276, 821], [1322, 620, 1266], [1389, 1147, 173], [1797, 685, 1070], [1758, 398, 960],
[385, 1543, 611], [269, 128, 863], [72, 207, 1191], [0, 955, 1311], [1198, 617, 381], [1556, 1307, 89], [809, 807, 709], [508, 375, 35], [935, 350, 974], [437, 286, 1372],
[1397, 925, 1348], [187, 1194, 1476], [1304, 1267, 116], [927, 1521, 1325], [416, 1151, 120], [1052, 1139, 1681], [1141, 127, 667], [283, 889, 1296], [318, 2, 78], [1292, 693, 618],
[1096, 268, 1543], [622, 709, 915], [531, 445, 360], [647, 1373, 313], [150, 221, 1464], [524, 1273, 782], [383, 847, 1163], [1304, 1130, 230], [778, 1702, 486], [856, 1426, 1179],
[1474, 700, 1701], [1449, 1577, 843], [543, 286, 1288], [1157, 1187, 1093], [1471, 1591, 1315], [1113, 293, 766], [73, 930, 1613], [1236, 413, 1175], [1720, 1191, 1055], [384, 480, 659],
[1817, 386, 1614], [129, 14, 1369], [972, 811, 87], [438, 146, 1528], [1532, 49, 1297], [1025, 1163, 22], [223, 1490, 952], [269, 1159, 1365], [1444, 1057, 735], [678, 1696, 1469],
[1591, 123, 33]]
[[4, 0, 7, 10], [8, 4, 2, 6], [3, 8, 4, 6], [2, 2, 5, 1], [10, 4, 6, 0], [2, 4, 10, 0], [6, 0, 10, 8], [2, 1, 0, 6], [1, 7, 3, 7], [10, 3, 0, 2],
[0, 3, 6, 3], [5, 0, 4, 2], [2, 9, 1, 5], [0, 9, 3, 4], [10, 3, 10, 10], [4, 10, 3, 3], [4, 4, 9, 3], [7, 9, 3, 8], [10, 10, 9, 2], [8, 0, 5, 0],
[9, 4, 3, 7], [2, 6, 0, 10], [7, 10, 7, 0], [9, 10, 2, 1], [3, 9, 4, 9], [7, 8, 6, 7], [5, 2, 9, 2], [2, 1, 0, 10], [3, 1, 6, 6], [8, 5, 3, 4],
[2, 0, 3, 10], [8, 3, 0, 10], [1, 2, 8, 6], [8, 1, 2, 2], [3, 10, 3, 5], [9, 3, 2, 2], [3, 7, 6, 0], [1, 7, 2, 1], [7, 3, 0, 3], [6, 9, 0, 7],
[1, 8, 3, 9], [7, 3, 10, 10], [0, 2, 2, 10], [3, 5, 10, 6], [1, 5, 4, 0], [1, 7, 10, 7], [8, 0, 8, 4], [7, 8, 9, 8], [3, 10, 5, 10], [1, 2, 7, 1],
[4, 9, 9, 5], [1, 8, 10, 0], [0, 3, 0, 0], [8, 0, 5, 6], [9, 2, 8, 5], [8, 6, 1, 9], [4, 4, 6, 5], [6, 2, 6, 8], [9, 3, 0, 0], [9, 10, 0, 10],
[1, 10, 10, 7], [8, 2, 0, 6], [4, 6, 9, 10], [2, 8, 8, 4], [1, 1, 9, 5], [3, 2, 0, 10], [3, 1, 10, 2], [9, 9, 1, 10], [8, 9, 5, 5], [9, 5, 9, 2],
[1, 5, 10, 1], [1, 5, 5, 0], [6, 1, 6, 7], [1, 6, 6, 5], [5, 4, 7, 4], [2, 6, 3, 8], [2, 6, 0, 0], [1, 7, 0, 0], [1, 10, 1, 2], [4, 4, 1, 8],
[3, 7, 4, 4], [0, 8, 9, 6], [1, 3, 8, 3], [9, 9, 9, 0], [5, 9, 0, 6], [5, 0, 4, 5], [8, 3, 5, 10], [7, 6, 7, 8], [2, 9, 1, 1], [7, 9, 5, 8],
[10, 2, 10, 9], [0, 8, 7, 5], [7, 6, 9, 10], [4, 2, 4, 2], [5, 10, 10, 10], [5, 7, 7, 6], [5, 7, 7, 10], [3, 10, 8, 2], [1, 5, 9, 10], [2, 4, 5, 7],
[8, 1, 7, 1]]
[1, 0.05, 0.05, 0.05, 0.05, 0.05, 0.05, 0.05, 0.05, 0.05,
0.05, 0.05, 0.05, 0.05, 0.05, 0.05, 0.05, 0.05, 0.05, 0.05,
0.05, 0.0025, 0.0025, 0.0025, 0.0025, 0.0025, 0.0025, 0.0025, 0.0025, 0.0025,
0.0025, 0.0025, 0.0025, 0.0025, 0.0025, 0.0025, 0.0025, 0.0025, 0.0025, 0.0025,
0.0025, 0.000125, 0.000125, 0.000125, 0.000125, 0.000125, 0.000125, 0.000125, 0.000125, 0.000125,
0.000125, 0.000125, 0.000125, 0.000125, 0.000125, 0.000125, 0.000125, 0.000125, 0.000125, 0.000125,
0.000125, 6.25e-06, 6.25e-06, 6.25e-06, 6.25e-06, 6.25e-06, 6.25e-06, 6.25e-06, 6.25e-06, 6.25e-06,
6.25e-06, 6.25e-06, 6.25e-06, 6.25e-06, 6.25e-06, 6.25e-06, 6.25e-06, 6.25e-06, 6.25e-06, 6.25e-06,
6.25e-06, 3.125e-07, 3.125e-07, 3.125e-07, 3.125e-07, 3.125e-07, 3.125e-07, 3.125e-07, 3.125e-07, 3.125e-07,
3.125e-07, 3.125e-07, 3.125e-07, 3.125e-07, 3.125e-07, 3.125e-07, 3.125e-07, 3.125e-07, 3.125e-07, 3.125e-07,
3.125e-07]
[4, 0, 2, 3, 1, 6, 4, 2, 8, 2,
2, 0, 9, 8, 0, 4, 1, 7, 4, 1,
5, 6, 7, 6, 3, 6, 2, 9, 1, 1,
0, 7, 2, 1, 6, 7, 2, 4, 4, 6,
4, 9, 0, 7, 9, 4, 8, 6, 8, 0,
0, 0, 3, 1, 0, 8, 3, 2, 9, 7,
1, 1, 6, 1, 5, 3, 1, 8, 3, 5,
3, 9, 3, 1, 2, 2, 2, 7, 3, 7,
4, 6, 6, 3, 1, 4, 3, 1, 6, 3,
3, 8, 3, 8, 5, 7, 7, 8, 2, 5,
1]
------------------------------------------------------- 
# stage = 6	# children c = 20	length of each stage p = 1	nodes = 100	# items I = 1
