[24, 23, 75, 99, 48, 4, 7, 39, 0, 16,
11, 36, 63, 23, 68, 97, 65, 14, 100, 12,
67, 65, 24, 83, 48, 84, 96, 91, 63, 13,
17, 54, 36, 59, 18, 85, 63, 26, 90, 63,
8, 67, 66, 71, 56, 33, 33, 21, 47, 32,
100, 81, 63, 23, 63, 10, 74, 58, 67, 2,
38]
[[4016, 1816, 393], [2950, 3163, 2174], [2774, 1580, 3664], [2728, 3704, 330], [1211, 2141, 2898], [3746, 3996, 1975], [751, 1056, 3595], [4023, 1136, 1233], [916, 299, 3176], [778, 3230, 1843],
[3455, 3009, 1092], [1281, 3392, 18], [887, 3598, 3268], [314, 2090, 2735], [644, 3301, 2308], [974, 2810, 2067], [2950, 993, 3123], [2308, 2449, 22], [974, 3365, 1991], [1582, 1575, 984],
[3426, 2463, 1425], [281, 3744, 580], [1968, 394, 4179], [999, 2377, 2032], [3734, 453, 2765], [1805, 1428, 3007], [1304, 1810, 4000], [191, 1550, 2212], [1882, 4193, 3009], [1305, 1539, 348],
[3958, 728, 2811], [1147, 2678, 3987], [3396, 2078, 1813], [770, 3078, 4190], [2802, 7, 2075], [2999, 3482, 935], [1769, 549, 2745], [3202, 2409, 1728], [1177, 1724, 1684], [1619, 3029, 3223],
[1967, 183, 1383], [2210, 2999, 1493], [3629, 2158, 3572], [1205, 2929, 4082], [2827, 3163, 4089], [665, 1926, 3334], [1601, 1127, 1316], [1778, 92, 3725], [3506, 2939, 1212], [954, 321, 1674],
[1609, 3957, 1857], [2993, 3599, 2288], [1918, 2991, 209], [1253, 1628, 570], [1098, 1887, 1166], [951, 2552, 524], [1717, 1585, 1651], [3033, 796, 3413], [4191, 65, 2115], [1166, 2688, 4105],
[272, 1730, 1257]]
[[6, 10, 9, 2], [2, 5, 3, 10], [10, 4, 6, 10], [10, 3, 0, 5], [7, 2, 7, 2], [0, 10, 9, 3], [9, 3, 9, 7], [6, 0, 1, 1], [9, 10, 1, 0], [5, 4, 8, 2],
[6, 3, 2, 5], [6, 0, 9, 0], [2, 5, 2, 2], [2, 9, 3, 0], [0, 1, 7, 6], [2, 6, 5, 9], [4, 4, 9, 9], [8, 6, 9, 4], [7, 0, 7, 2], [0, 3, 0, 0],
[8, 2, 3, 10], [10, 4, 9, 10], [6, 3, 3, 6], [8, 6, 4, 1], [8, 0, 8, 5], [6, 6, 7, 0], [5, 2, 2, 3], [5, 0, 4, 1], [2, 5, 9, 10], [9, 5, 7, 4],
[7, 8, 10, 4], [3, 1, 5, 0], [1, 2, 4, 5], [6, 9, 5, 0], [9, 5, 4, 2], [5, 6, 1, 6], [0, 10, 5, 9], [3, 0, 1, 10], [8, 0, 3, 10], [2, 6, 10, 1],
[6, 1, 7, 1], [9, 1, 0, 7], [7, 4, 7, 10], [8, 8, 5, 8], [6, 9, 6, 9], [9, 7, 6, 6], [6, 9, 5, 6], [2, 3, 7, 8], [2, 1, 7, 0], [3, 7, 6, 8],
[9, 0, 7, 6], [9, 0, 3, 2], [9, 8, 0, 7], [4, 4, 0, 8], [0, 6, 1, 2], [7, 9, 8, 9], [10, 4, 8, 0], [1, 1, 6, 8], [1, 1, 4, 8], [1, 7, 10, 8],
[2, 8, 2, 5]]
[1, 0.05, 0.05, 0.05, 0.05, 0.05, 0.05, 0.05, 0.05, 0.05,
0.05, 0.05, 0.05, 0.05, 0.05, 0.05, 0.05, 0.05, 0.05, 0.05,
0.05, 0.0025, 0.0025, 0.0025, 0.0025, 0.0025, 0.0025, 0.0025, 0.0025, 0.0025,
0.0025, 0.0025, 0.0025, 0.0025, 0.0025, 0.0025, 0.0025, 0.0025, 0.0025, 0.0025,
0.0025, 0.000125, 0.000125, 0.000125, 0.000125, 0.000125, 0.000125, 0.000125, 0.000125, 0.000125,
0.000125, 0.000125, 0.000125, 0.000125, 0.000125, 0.000125, 0.000125, 0.000125, 0.000125, 0.000125,
0.000125]
[5, 9, 7, 1, 7, 3, 9, 7, 9, 5,
10, 1, 2, 5, 0, 5, 10, 1, 9, 1,
1, 8, 1, 5, 10, 2, 4, 4, 5, 7,
6, 10, 0, 9, 10, 3, 10, 8, 5, 9,
10, 0, 0, 8, 0, 8, 3, 9, 4, 0,
2, 1, 2, 9, 8, 8, 3, 7, 0, 7,
4]
------------------------------------------------------- 
# stage = 4	# children c = 20	length of each stage p = 1	nodes = 60	# items I = 1
