[26, 93, 80, 56, 48, 61, 47, 82, 1, 87,
27, 14, 35, 61, 41, 71, 62, 44, 77, 45,
17, 13, 3, 58, 68, 19, 20, 0, 13, 7,
38, 39, 100, 84, 61, 48, 10, 7, 96, 12,
94]
[[348, 740, 459], [796, 312, 66], [193, 116, 556], [709, 39, 389], [255, 926, 766], [1112, 975, 478], [837, 316, 852], [867, 216, 667], [196, 663, 791], [637, 236, 501],
[282, 584, 1008], [508, 34, 208], [574, 227, 324], [17, 704, 130], [407, 726, 823], [940, 492, 453], [72, 217, 769], [924, 1084, 752], [246, 1047, 69], [804, 571, 305],
[1072, 620, 656], [967, 15, 690], [942, 590, 685], [153, 374, 43], [50, 548, 536], [874, 375, 1028], [214, 448, 132], [983, 26, 983], [622, 39, 918], [691, 843, 143],
[763, 802, 764], [73, 424, 779], [763, 253, 23], [102, 174, 398], [145, 224, 946], [448, 865, 1089], [364, 1079, 191], [263, 716, 217], [134, 1105, 257], [819, 683, 1100],
[962, 100, 557]]
[[0, 9, 1, 8], [10, 10, 8, 4], [10, 8, 8, 9], [10, 10, 3, 6], [0, 7, 3, 6], [10, 5, 6, 3], [10, 2, 5, 6], [3, 8, 8, 3], [6, 7, 9, 5], [6, 7, 7, 3],
[4, 5, 10, 1], [2, 3, 8, 0], [8, 9, 7, 7], [4, 0, 0, 1], [2, 5, 7, 5], [0, 2, 8, 6], [9, 4, 9, 2], [0, 5, 3, 3], [8, 3, 2, 8], [4, 10, 9, 1],
[9, 3, 9, 0], [3, 7, 1, 5], [10, 8, 10, 10], [9, 5, 3, 5], [9, 10, 8, 8], [2, 9, 9, 0], [10, 0, 8, 3], [9, 4, 3, 5], [7, 10, 5, 10], [6, 4, 2, 5],
[10, 10, 2, 8], [4, 5, 3, 1], [2, 9, 7, 4], [7, 3, 2, 7], [1, 0, 8, 10], [2, 0, 2, 10], [10, 7, 7, 3], [0, 10, 6, 9], [9, 8, 6, 1], [0, 7, 0, 2],
[3, 7, 5, 0]]
[1, 0.1, 0.1, 0.1, 0.1, 0.1, 0.1, 0.1, 0.1, 0.1,
0.1, 0.01, 0.01, 0.01, 0.01, 0.01, 0.01, 0.01, 0.01, 0.01,
0.01, 0.001, 0.001, 0.001, 0.001, 0.001, 0.001, 0.001, 0.001, 0.001,
0.001, 0.0001, 0.0001, 0.0001, 0.0001, 0.0001, 0.0001, 0.0001, 0.0001, 0.0001,
0.0001]
[10, 3, 17, 7, 0, 18, 16, 0, 1, 16,
21, 6, 22, 8, 5, 2, 1, 8, 13, 1,
12, 1, 21, 9, 16, 9, 21, 6, 4, 12,
9, 13, 19, 16, 8, 18, 13, 20, 8, 5,
2]
------------------------------------------------------- 
# stage = 5	# children c = 10	length of each stage p = 1	nodes = 40	# items I = 1
