[9, 43, 81, 6, 13, 4, 86, 80, 83, 42,
95, 42, 36, 78, 88, 38, 27, 22, 22, 63,
24, 81, 100, 60, 38, 52, 72, 23, 54, 95,
24, 29, 4, 71, 36, 17, 76, 88, 64, 24,
97, 24, 32, 32, 68, 20, 36, 95, 42, 58,
23, 32, 5, 22, 93, 43, 40, 64, 32, 61,
25, 56, 90, 29, 26, 25, 12, 68, 80, 42,
93, 76, 32, 24, 74, 0, 10, 77, 95, 53,
0, 18, 51, 5, 6, 43, 14, 13, 74, 46,
74, 65, 68, 29, 94, 95, 21, 5, 28, 0,
14, 87, 42, 46, 78, 15, 46, 88, 92, 7,
6, 93, 92, 58, 64, 64, 67, 79, 43, 6,
91, 16, 71, 59, 12, 64, 19, 33, 36, 47,
33, 50, 34, 75, 62, 11, 56, 8, 65, 14,
82]
[[677, 1184, 1363], [301, 290, 1712], [900, 936, 1134], [584, 295, 1169], [555, 1571, 94], [1909, 1318, 634], [69, 1218, 32], [496, 1824, 139], [753, 729, 1935], [1084, 523, 1209],
[1290, 1200, 396], [1373, 221, 1404], [1087, 1840, 1060], [941, 1144, 1355], [113, 1699, 1646], [925, 1610, 1684], [1559, 399, 905], [312, 896, 1449], [451, 369, 180], [1106, 173, 1421],
[317, 1463, 1342], [713, 1557, 283], [837, 646, 125], [1898, 1588, 1270], [1973, 421, 1689], [1622, 1346, 1302], [1308, 1626, 421], [933, 1938, 37], [385, 1109, 406], [565, 217, 579],
[1987, 534, 763], [51, 1966, 322], [334, 1523, 968], [460, 1423, 1276], [450, 119, 417], [141, 461, 484], [163, 489, 112], [585, 1423, 770], [622, 1808, 1879], [1747, 375, 816],
[328, 1082, 1350], [1091, 1851, 38], [1413, 188, 1562], [1102, 648, 1705], [1098, 1816, 1824], [1516, 1957, 1005], [2, 123, 1495], [832, 1426, 920], [1602, 768, 730], [203, 517, 1823],
[1019, 846, 1626], [371, 657, 1479], [410, 791, 387], [692, 1893, 1753], [399, 993, 1571], [944, 1229, 1531], [1949, 1949, 374], [166, 783, 1800], [1086, 1105, 570], [536, 1308, 1088],
[1080, 329, 654], [1426, 701, 31], [907, 1829, 822], [15, 1241, 717], [1768, 360, 431], [1342, 1304, 380], [875, 1974, 332], [1249, 142, 1833], [1769, 1947, 941], [341, 1203, 251],
[149, 285, 581], [803, 1711, 2], [835, 1339, 551], [377, 1354, 1792], [1813, 1124, 154], [246, 468, 179], [1344, 63, 155], [1676, 32, 1015], [1512, 1801, 1682], [1173, 145, 888],
[1424, 1012, 1891], [7, 536, 325], [9, 91, 384], [560, 468, 1738], [1072, 283, 1582], [1227, 1247, 771], [1406, 594, 834], [281, 990, 1585], [16, 1222, 1388], [419, 397, 253],
[27, 1822, 1266], [1918, 549, 1802], [963, 1277, 1893], [1347, 557, 363], [1087, 1630, 1365], [1390, 1577, 614], [163, 985, 1926], [1715, 1984, 919], [22, 720, 143], [1411, 1139, 541],
[384, 1166, 1083], [1650, 1805, 1632], [174, 770, 1629], [69, 838, 189], [1151, 645, 539], [1236, 37, 118], [1850, 918, 1821], [1779, 1354, 527], [700, 1376, 1247], [1561, 789, 389],
[104, 1174, 275], [1905, 1544, 800], [260, 1719, 291], [1889, 508, 1129], [80, 379, 1774], [1337, 1615, 532], [1455, 188, 170], [1278, 687, 1524], [1805, 107, 903], [1773, 1668, 412],
[882, 493, 306], [1157, 400, 571], [678, 660, 1010], [969, 552, 1518], [100, 1350, 618], [594, 690, 953], [1844, 865, 1141], [17, 864, 1828], [1541, 1389, 1935], [1164, 1164, 326],
[297, 48, 819], [1321, 1924, 1219], [1892, 604, 600], [904, 1573, 1870], [1143, 393, 1940], [1761, 1705, 1350], [1434, 1552, 218], [578, 289, 1082], [1126, 550, 473], [1782, 1715, 1638],
[110, 732, 406]]
[[4, 5, 9, 10], [10, 8, 10, 6], [4, 5, 6, 0], [6, 6, 0, 3], [10, 1, 5, 10], [3, 8, 4, 3], [10, 8, 3, 2], [4, 9, 7, 8], [1, 5, 5, 0], [1, 4, 5, 5],
[9, 9, 3, 3], [4, 4, 6, 3], [3, 9, 0, 5], [4, 5, 8, 3], [2, 0, 4, 6], [7, 0, 1, 8], [4, 6, 7, 5], [0, 1, 10, 7], [10, 2, 10, 3], [4, 5, 6, 8],
[1, 4, 2, 5], [9, 8, 9, 1], [9, 0, 5, 5], [0, 7, 1, 4], [0, 8, 9, 0], [9, 6, 6, 6], [7, 5, 9, 0], [9, 2, 8, 10], [6, 8, 3, 3], [6, 10, 2, 2],
[10, 7, 5, 8], [1, 6, 0, 2], [3, 7, 0, 10], [1, 6, 3, 8], [10, 1, 8, 8], [1, 4, 5, 6], [10, 6, 9, 3], [5, 0, 5, 2], [5, 0, 9, 5], [6, 9, 7, 8],
[3, 7, 5, 4], [1, 9, 10, 0], [8, 8, 6, 8], [10, 9, 3, 9], [5, 10, 0, 10], [8, 5, 2, 0], [3, 9, 5, 8], [7, 1, 5, 8], [7, 8, 0, 8], [4, 10, 6, 0],
[5, 1, 8, 4], [10, 9, 1, 4], [6, 1, 2, 1], [4, 2, 1, 8], [0, 7, 5, 5], [6, 8, 2, 2], [3, 2, 8, 8], [0, 3, 6, 5], [4, 1, 8, 4], [8, 7, 6, 3],
[6, 8, 4, 10], [10, 5, 5, 10], [10, 10, 4, 6], [5, 5, 6, 9], [5, 4, 4, 5], [5, 10, 0, 10], [0, 6, 1, 8], [2, 5, 9, 8], [3, 0, 5, 0], [3, 0, 9, 3],
[8, 0, 7, 3], [5, 2, 10, 0], [4, 3, 3, 10], [0, 3, 7, 9], [9, 6, 4, 9], [0, 0, 6, 1], [0, 1, 0, 3], [10, 9, 4, 7], [7, 0, 8, 0], [1, 7, 0, 3],
[8, 1, 0, 6], [5, 5, 4, 1], [0, 6, 9, 10], [6, 4, 9, 4], [3, 7, 8, 2], [5, 10, 8, 0], [9, 5, 0, 8], [0, 9, 0, 6], [10, 10, 2, 2], [4, 4, 4, 3],
[0, 2, 0, 4], [4, 7, 9, 6], [4, 4, 8, 7], [3, 3, 7, 10], [9, 7, 7, 7], [5, 6, 2, 3], [5, 4, 5, 7], [7, 7, 10, 7], [7, 8, 9, 1], [5, 5, 7, 7],
[9, 2, 3, 0], [4, 9, 10, 2], [5, 5, 7, 9], [0, 9, 1, 5], [1, 4, 1, 8], [1, 10, 2, 8], [7, 9, 7, 10], [4, 1, 6, 2], [2, 8, 0, 6], [6, 9, 6, 9],
[3, 2, 7, 3], [9, 6, 6, 10], [9, 5, 5, 10], [2, 5, 7, 8], [4, 2, 7, 8], [3, 1, 8, 5], [9, 7, 0, 4], [5, 6, 2, 6], [6, 8, 7, 5], [1, 0, 4, 10],
[5, 8, 9, 6], [2, 4, 3, 4], [4, 8, 1, 7], [9, 8, 0, 5], [4, 9, 9, 7], [5, 10, 2, 0], [5, 9, 3, 6], [9, 6, 4, 1], [3, 2, 7, 3], [4, 8, 8, 8],
[6, 7, 3, 2], [4, 3, 8, 6], [1, 4, 0, 4], [1, 2, 3, 6], [9, 6, 0, 5], [1, 4, 5, 4], [4, 10, 6, 7], [8, 3, 4, 1], [10, 5, 1, 4], [8, 7, 8, 8],
[10, 9, 10, 0]]
[1, 0.05, 0.05, 0.05, 0.05, 0.05, 0.05, 0.05, 0.05, 0.05,
0.05, 0.05, 0.05, 0.05, 0.05, 0.05, 0.05, 0.05, 0.05, 0.05,
0.05, 0.0025, 0.0025, 0.0025, 0.0025, 0.0025, 0.0025, 0.0025, 0.0025, 0.0025,
0.0025, 0.0025, 0.0025, 0.0025, 0.0025, 0.0025, 0.0025, 0.0025, 0.0025, 0.0025,
0.0025, 0.000125, 0.000125, 0.000125, 0.000125, 0.000125, 0.000125, 0.000125, 0.000125, 0.000125,
0.000125, 0.000125, 0.000125, 0.000125, 0.000125, 0.000125, 0.000125, 0.000125, 0.000125, 0.000125,
0.000125, 6.25e-06, 6.25e-06, 6.25e-06, 6.25e-06, 6.25e-06, 6.25e-06, 6.25e-06, 6.25e-06, 6.25e-06,
6.25e-06, 6.25e-06, 6.25e-06, 6.25e-06, 6.25e-06, 6.25e-06, 6.25e-06, 6.25e-06, 6.25e-06, 6.25e-06,
6.25e-06, 3.125e-07, 3.125e-07, 3.125e-07, 3.125e-07, 3.125e-07, 3.125e-07, 3.125e-07, 3.125e-07, 3.125e-07,
3.125e-07, 3.125e-07, 3.125e-07, 3.125e-07, 3.125e-07, 3.125e-07, 3.125e-07, 3.125e-07, 3.125e-07, 3.125e-07,
3.125e-07, 1.5625e-08, 1.5625e-08, 1.5625e-08, 1.5625e-08, 1.5625e-08, 1.5625e-08, 1.5625e-08, 1.5625e-08, 1.5625e-08,
1.5625e-08, 1.5625e-08, 1.5625e-08, 1.5625e-08, 1.5625e-08, 1.5625e-08, 1.5625e-08, 1.5625e-08, 1.5625e-08, 1.5625e-08,
1.5625e-08, 7.8125e-10, 7.8125e-10, 7.8125e-10, 7.8125e-10, 7.8125e-10, 7.8125e-10, 7.8125e-10, 7.8125e-10, 7.8125e-10,
7.8125e-10, 7.8125e-10, 7.8125e-10, 7.8125e-10, 7.8125e-10, 7.8125e-10, 7.8125e-10, 7.8125e-10, 7.8125e-10, 7.8125e-10,
7.8125e-10]
[9, 18, 16, 10, 8, 12, 4, 13, 12, 1,
7, 13, 19, 13, 14, 16, 14, 4, 7, 2,
18, 15, 16, 17, 18, 15, 18, 18, 15, 17,
9, 14, 12, 9, 8, 0, 10, 13, 15, 11,
13, 3, 15, 0, 17, 13, 3, 5, 1, 19,
18, 0, 18, 10, 15, 11, 0, 11, 12, 10,
13, 19, 14, 16, 2, 17, 19, 12, 2, 15,
16, 10, 5, 4, 17, 10, 2, 11, 17, 16,
7, 12, 14, 7, 0, 17, 2, 5, 13, 9,
7, 5, 1, 10, 16, 10, 11, 13, 12, 5,
16, 12, 2, 1, 10, 17, 2, 11, 12, 5,
7, 16, 11, 7, 2, 7, 7, 12, 9, 4,
16, 1, 16, 13, 14, 9, 7, 4, 6, 13,
16, 3, 11, 4, 2, 12, 14, 1, 18, 11,
5]
------------------------------------------------------- 
# stage = 8	# children c = 20	length of each stage p = 1	nodes = 140	# items I = 1
