[76, 26, 80, 88, 18, 80, 22, 41, 54, 83,
21, 97, 79, 21, 37, 27, 6, 81, 94, 46,
54, 73, 88, 28, 10, 53, 51, 71, 56, 100,
12, 32, 25, 59, 86, 9, 38, 7, 51, 92,
57]
[[976, 2725, 2785], [2193, 1928, 2225], [745, 36, 422], [1405, 2467, 79], [1527, 2251, 2348], [2126, 3173, 1243], [2306, 1404, 1155], [1313, 379, 726], [1328, 2447, 122], [3282, 1737, 466],
[2390, 1479, 3192], [1410, 2438, 120], [2401, 1949, 2689], [2823, 3354, 1390], [1668, 1116, 2407], [250, 2008, 1814], [259, 548, 1985], [1415, 1861, 2364], [907, 1956, 3577], [1030, 1472, 1548],
[262, 96, 1793], [2220, 272, 466], [2341, 2673, 2415], [1264, 496, 770], [1420, 931, 1886], [61, 1181, 128], [642, 207, 3209], [2627, 388, 70], [3757, 1295, 2026], [3569, 1091, 2264],
[117, 1354, 1127], [1911, 3574, 1399], [1143, 2149, 2839], [2324, 2179, 3335], [3094, 3599, 500], [3746, 2427, 448], [2641, 3069, 3187], [2084, 696, 3575], [2154, 687, 3636], [2947, 490, 3494],
[1445, 608, 1082]]
[[5, 6, 7, 6], [7, 1, 8, 6], [7, 2, 8, 2], [1, 1, 10, 8], [10, 7, 7, 9], [4, 9, 9, 7], [9, 3, 1, 5], [7, 4, 5, 1], [8, 1, 6, 4], [0, 3, 9, 6],
[5, 6, 6, 6], [5, 5, 1, 2], [10, 7, 1, 4], [3, 10, 0, 0], [0, 0, 5, 8], [4, 10, 7, 0], [9, 2, 2, 7], [4, 0, 2, 9], [4, 9, 3, 10], [1, 2, 1, 1],
[7, 0, 5, 0], [10, 5, 0, 0], [3, 5, 6, 6], [2, 2, 6, 9], [3, 8, 5, 7], [7, 8, 3, 9], [4, 6, 6, 3], [7, 8, 4, 3], [6, 9, 1, 6], [2, 1, 4, 5],
[4, 8, 9, 6], [10, 4, 2, 0], [0, 8, 7, 5], [3, 0, 3, 7], [4, 10, 10, 0], [5, 2, 2, 0], [0, 3, 4, 0], [5, 6, 4, 7], [3, 2, 3, 1], [5, 5, 1, 5],
[0, 7, 8, 3]]
[1, 0.1, 0.1, 0.1, 0.1, 0.1, 0.1, 0.1, 0.1, 0.1,
0.1, 0.01, 0.01, 0.01, 0.01, 0.01, 0.01, 0.01, 0.01, 0.01,
0.01, 0.001, 0.001, 0.001, 0.001, 0.001, 0.001, 0.001, 0.001, 0.001,
0.001, 0.0001, 0.0001, 0.0001, 0.0001, 0.0001, 0.0001, 0.0001, 0.0001, 0.0001,
0.0001]
[17, 12, 17, 5, 18, 18, 3, 5, 6, 12,
18, 3, 2, 18, 8, 12, 16, 14, 4, 8,
2, 0, 8, 13, 0, 3, 5, 0, 7, 6,
3, 15, 17, 11, 1, 3, 18, 4, 6, 16,
18]
------------------------------------------------------- 
# stage = 5	# children c = 10	length of each stage p = 1	nodes = 40	# items I = 1
