[85, 20, 30, 1, 63, 97, 75, 48, 91, 64,
60, 76, 14, 53, 96, 55, 35, 45, 21, 43,
78, 66, 74, 54, 50, 78, 4, 44, 92, 59,
83, 76, 79, 13, 43, 8, 9, 84, 22, 67,
47, 48, 8, 61, 1, 3, 15, 36, 14, 3,
45, 58, 35, 19, 78, 86, 63, 82, 29, 54,
6, 11, 96, 52, 91, 38, 60, 67, 21, 82,
100, 34, 29, 7, 95, 30, 10, 77, 32, 91,
46, 78, 48, 81, 97, 93, 66, 25, 40, 61,
80, 47, 39, 41, 99, 96, 46, 24, 62, 67,
72, 61, 68, 67, 68, 28, 98, 44, 4, 96,
0, 50, 73, 49, 98, 35, 7, 29, 61, 47,
91]
[[1208, 1665, 653], [1505, 1640, 770], [770, 707, 531], [1818, 352, 665], [93, 502, 1618], [153, 1855, 311], [1006, 1121, 968], [415, 599, 553], [1136, 1593, 1631], [1581, 1261, 781],
[911, 548, 525], [1895, 464, 575], [1075, 1565, 1282], [1606, 1462, 44], [682, 1556, 546], [379, 1709, 812], [1022, 1125, 343], [69, 1871, 942], [953, 1086, 946], [994, 1078, 617],
[1776, 68, 1165], [711, 373, 1629], [1287, 1448, 1604], [648, 1464, 1146], [693, 225, 1112], [1570, 936, 1231], [792, 37, 435], [1135, 437, 386], [488, 1390, 1803], [1765, 794, 960],
[461, 980, 1359], [36, 1692, 1732], [76, 1058, 1590], [1680, 116, 1134], [905, 1140, 1359], [96, 1121, 374], [1658, 1913, 742], [173, 1128, 1510], [559, 26, 1310], [441, 1791, 184],
[1733, 662, 1164], [1171, 698, 935], [983, 774, 403], [652, 534, 851], [196, 1770, 70], [1556, 277, 1191], [340, 14, 1184], [1414, 187, 722], [1003, 1077, 1079], [393, 1850, 1280],
[908, 1662, 21], [151, 912, 719], [1418, 305, 1825], [231, 1289, 769], [1082, 1485, 618], [1153, 1120, 895], [754, 1792, 1241], [348, 1285, 1759], [1401, 698, 916], [559, 1091, 845],
[1839, 78, 917], [270, 561, 1829], [1321, 389, 545], [1225, 620, 1834], [73, 1703, 1398], [1022, 935, 929], [328, 99, 1131], [1569, 448, 495], [1407, 1849, 1193], [733, 488, 695],
[1578, 737, 1104], [574, 1008, 75], [814, 408, 464], [1359, 1633, 1085], [1272, 116, 867], [1080, 1138, 212], [419, 1797, 311], [1550, 1445, 1090], [455, 1263, 1019], [1649, 75, 1838],
[754, 64, 654], [268, 638, 1662], [344, 1783, 480], [808, 1221, 523], [303, 903, 639], [1501, 394, 188], [1713, 813, 64], [435, 443, 1841], [1525, 898, 1183], [954, 957, 1589],
[871, 121, 1653], [1526, 390, 371], [1598, 734, 564], [158, 1873, 196], [681, 256, 1430], [1652, 167, 1824], [1840, 1881, 717], [314, 726, 1491], [565, 661, 468], [1748, 1616, 1757],
[1748, 566, 1878], [1480, 171, 347], [261, 1770, 1412], [826, 338, 1696], [1022, 1019, 362], [531, 1081, 529], [766, 1331, 820], [1483, 1646, 1546], [1053, 621, 287], [1852, 780, 1903],
[1688, 607, 879], [1646, 166, 1051], [403, 428, 1231], [226, 1254, 1900], [1, 686, 1329], [694, 1548, 490], [1223, 393, 1821], [123, 286, 1877], [79, 1670, 578], [697, 1602, 1358],
[679, 1700, 375]]
[[6, 8, 0, 10], [10, 4, 3, 2], [4, 2, 7, 8], [7, 3, 6, 10], [7, 7, 8, 5], [2, 6, 4, 4], [0, 5, 1, 4], [1, 9, 3, 5], [5, 1, 3, 2], [5, 6, 5, 9],
[8, 1, 5, 2], [2, 0, 0, 9], [5, 8, 2, 5], [3, 4, 9, 2], [7, 8, 4, 9], [5, 7, 1, 10], [8, 4, 10, 0], [9, 4, 8, 4], [4, 2, 7, 6], [0, 7, 3, 5],
[2, 5, 9, 3], [7, 5, 5, 3], [3, 9, 10, 6], [3, 1, 3, 9], [3, 2, 8, 1], [7, 5, 6, 0], [5, 2, 6, 5], [7, 7, 8, 7], [1, 6, 10, 8], [10, 5, 10, 2],
[1, 9, 8, 5], [10, 9, 1, 1], [0, 9, 2, 7], [3, 8, 5, 6], [8, 10, 0, 2], [6, 7, 9, 6], [0, 7, 1, 10], [1, 0, 10, 0], [10, 5, 3, 7], [3, 5, 8, 4],
[3, 9, 9, 5], [4, 2, 0, 0], [1, 10, 2, 7], [4, 10, 0, 2], [6, 2, 2, 5], [2, 10, 5, 10], [3, 7, 5, 6], [1, 2, 8, 2], [9, 5, 7, 3], [7, 6, 3, 6],
[3, 3, 2, 7], [2, 1, 9, 6], [3, 9, 0, 3], [9, 4, 3, 10], [0, 8, 5, 10], [8, 1, 1, 7], [4, 7, 8, 0], [2, 9, 6, 3], [1, 6, 10, 2], [7, 8, 8, 8],
[5, 9, 1, 1], [0, 2, 0, 9], [8, 3, 8, 3], [4, 7, 8, 8], [3, 5, 6, 3], [3, 10, 6, 5], [6, 3, 7, 0], [10, 2, 7, 4], [9, 8, 5, 9], [8, 5, 7, 5],
[8, 2, 8, 0], [10, 6, 6, 0], [9, 2, 4, 2], [10, 8, 5, 5], [1, 10, 4, 0], [1, 0, 2, 9], [6, 7, 7, 1], [10, 2, 4, 7], [4, 10, 5, 1], [5, 1, 2, 2],
[1, 4, 2, 0], [10, 5, 4, 9], [4, 6, 7, 3], [4, 9, 1, 8], [3, 7, 9, 2], [7, 2, 8, 9], [1, 2, 0, 5], [1, 0, 7, 0], [2, 7, 1, 1], [1, 3, 0, 3],
[9, 5, 6, 2], [4, 6, 10, 5], [0, 6, 8, 7], [8, 3, 5, 7], [5, 3, 10, 5], [3, 4, 5, 3], [0, 4, 5, 1], [7, 3, 4, 3], [6, 9, 3, 10], [2, 0, 5, 2],
[6, 0, 7, 1], [3, 10, 7, 6], [3, 6, 0, 4], [0, 4, 8, 0], [8, 0, 0, 3], [1, 2, 6, 7], [9, 8, 5, 0], [8, 8, 0, 2], [8, 7, 3, 9], [5, 8, 4, 6],
[4, 5, 10, 2], [7, 5, 2, 4], [3, 0, 5, 2], [3, 1, 10, 1], [9, 2, 0, 4], [10, 0, 6, 5], [6, 8, 3, 0], [5, 7, 6, 9], [10, 3, 0, 6], [7, 1, 9, 8],
[1, 3, 0, 2]]
[1, 0.05, 0.05, 0.05, 0.05, 0.05, 0.05, 0.05, 0.05, 0.05,
0.05, 0.05, 0.05, 0.05, 0.05, 0.05, 0.05, 0.05, 0.05, 0.05,
0.05, 0.0025, 0.0025, 0.0025, 0.0025, 0.0025, 0.0025, 0.0025, 0.0025, 0.0025,
0.0025, 0.0025, 0.0025, 0.0025, 0.0025, 0.0025, 0.0025, 0.0025, 0.0025, 0.0025,
0.0025, 0.000125, 0.000125, 0.000125, 0.000125, 0.000125, 0.000125, 0.000125, 0.000125, 0.000125,
0.000125, 0.000125, 0.000125, 0.000125, 0.000125, 0.000125, 0.000125, 0.000125, 0.000125, 0.000125,
0.000125, 6.25e-06, 6.25e-06, 6.25e-06, 6.25e-06, 6.25e-06, 6.25e-06, 6.25e-06, 6.25e-06, 6.25e-06,
6.25e-06, 6.25e-06, 6.25e-06, 6.25e-06, 6.25e-06, 6.25e-06, 6.25e-06, 6.25e-06, 6.25e-06, 6.25e-06,
6.25e-06, 3.125e-07, 3.125e-07, 3.125e-07, 3.125e-07, 3.125e-07, 3.125e-07, 3.125e-07, 3.125e-07, 3.125e-07,
3.125e-07, 3.125e-07, 3.125e-07, 3.125e-07, 3.125e-07, 3.125e-07, 3.125e-07, 3.125e-07, 3.125e-07, 3.125e-07,
3.125e-07, 1.5625e-08, 1.5625e-08, 1.5625e-08, 1.5625e-08, 1.5625e-08, 1.5625e-08, 1.5625e-08, 1.5625e-08, 1.5625e-08,
1.5625e-08, 1.5625e-08, 1.5625e-08, 1.5625e-08, 1.5625e-08, 1.5625e-08, 1.5625e-08, 1.5625e-08, 1.5625e-08, 1.5625e-08,
1.5625e-08]
[4, 7, 2, 8, 5, 9, 2, 5, 5, 0,
8, 9, 6, 7, 3, 5, 0, 9, 8, 4,
2, 6, 1, 5, 1, 6, 3, 7, 9, 3,
7, 3, 4, 9, 2, 1, 9, 3, 1, 9,
8, 6, 3, 5, 1, 8, 0, 5, 4, 2,
2, 6, 3, 6, 0, 9, 3, 1, 0, 0,
1, 2, 9, 0, 6, 7, 0, 6, 2, 2,
0, 2, 0, 1, 5, 7, 1, 2, 1, 8,
0, 0, 0, 0, 1, 7, 9, 6, 8, 3,
0, 3, 2, 4, 1, 4, 2, 7, 4, 7,
3, 9, 9, 3, 5, 4, 1, 9, 5, 0,
9, 9, 1, 6, 6, 5, 4, 4, 3, 4,
0]
------------------------------------------------------- 
# stage = 7	# children c = 20	length of each stage p = 1	nodes = 120	# items I = 1
