[53, 40, 26, 69, 20, 45, 1, 26, 18, 15,
49, 27, 36, 96, 84, 84, 48, 43, 93, 59,
71, 35, 86, 51, 42, 51, 33, 46, 69, 70,
73, 89, 76, 65, 57, 63, 9, 24, 55, 94,
5, 3, 87, 42, 65, 70, 92, 80, 79, 84,
4, 49, 86, 90, 66, 94, 40, 65, 39, 75,
34, 78, 29, 77, 9, 53, 39, 18, 43, 94,
79]
[[915, 854, 1969], [260, 893, 1067], [1885, 1840, 125], [245, 143, 313], [1359, 1494, 1097], [267, 120, 1079], [561, 824, 1618], [1718, 1832, 917], [695, 983, 1171], [1496, 1620, 1546],
[294, 540, 593], [269, 987, 1486], [1523, 878, 1518], [1836, 1310, 1848], [341, 674, 1535], [1438, 941, 1655], [710, 1690, 671], [520, 1413, 509], [1625, 113, 1492], [988, 1796, 1304],
[539, 95, 37], [1132, 551, 1024], [810, 267, 94], [520, 108, 1591], [374, 636, 271], [1909, 267, 1399], [1756, 977, 1094], [433, 1684, 512], [1129, 1314, 812], [813, 307, 800],
[309, 1034, 1083], [533, 171, 1634], [1745, 1169, 93], [1839, 1689, 388], [1623, 68, 1025], [1894, 169, 1292], [1298, 1926, 461], [585, 551, 150], [1284, 1867, 1652], [289, 872, 151],
[1089, 1181, 1185], [177, 1715, 1357], [4, 1465, 531], [97, 1496, 412], [486, 1124, 481], [1511, 1210, 837], [808, 701, 768], [1456, 1286, 1506], [1606, 762, 1378], [1450, 1051, 255],
[1602, 146, 1624], [792, 510, 1531], [341, 514, 1001], [1059, 612, 689], [1472, 1098, 6], [145, 614, 1216], [982, 1609, 1917], [1938, 1070, 1395], [1449, 868, 163], [1020, 511, 1401],
[1462, 118, 1734], [1278, 1097, 250], [814, 1439, 764], [7, 503, 1376], [697, 167, 479], [703, 312, 1280], [111, 1295, 894], [221, 1425, 156], [1616, 879, 1212], [1966, 91, 1723],
[1373, 1741, 1841]]
[[5, 8, 3, 4], [9, 0, 9, 7], [6, 1, 10, 9], [10, 10, 9, 4], [7, 10, 10, 4], [10, 2, 0, 4], [1, 9, 4, 2], [6, 10, 9, 9], [6, 0, 2, 2], [0, 9, 9, 6],
[0, 8, 4, 10], [5, 1, 2, 10], [9, 10, 3, 6], [1, 3, 0, 2], [10, 2, 3, 4], [0, 1, 2, 6], [10, 5, 6, 10], [3, 4, 4, 1], [10, 8, 10, 4], [7, 1, 1, 5],
[0, 4, 10, 0], [6, 10, 0, 3], [1, 3, 7, 1], [3, 10, 5, 2], [2, 0, 2, 3], [2, 6, 5, 1], [1, 4, 3, 7], [3, 4, 10, 3], [7, 9, 1, 0], [8, 2, 3, 8],
[5, 9, 7, 8], [6, 2, 0, 6], [0, 0, 9, 3], [4, 1, 2, 3], [3, 4, 10, 6], [8, 10, 8, 2], [8, 9, 2, 4], [0, 4, 1, 6], [0, 8, 1, 6], [8, 10, 1, 7],
[8, 8, 10, 1], [10, 10, 3, 2], [3, 2, 7, 10], [10, 4, 1, 6], [2, 2, 8, 1], [6, 9, 7, 4], [4, 6, 10, 0], [6, 9, 7, 1], [6, 4, 3, 3], [3, 4, 4, 7],
[4, 0, 6, 4], [4, 5, 8, 4], [7, 5, 5, 0], [1, 10, 4, 5], [6, 1, 3, 10], [10, 10, 9, 4], [3, 1, 7, 5], [3, 0, 1, 8], [0, 5, 1, 2], [10, 7, 7, 5],
[1, 10, 3, 2], [10, 6, 5, 3], [7, 7, 0, 5], [4, 9, 9, 6], [9, 5, 0, 1], [4, 10, 9, 2], [4, 8, 5, 1], [4, 10, 4, 3], [9, 8, 3, 6], [3, 7, 9, 8],
[3, 9, 2, 7]]
[1, 0.1, 0.1, 0.1, 0.1, 0.1, 0.1, 0.1, 0.1, 0.1,
0.1, 0.01, 0.01, 0.01, 0.01, 0.01, 0.01, 0.01, 0.01, 0.01,
0.01, 0.001, 0.001, 0.001, 0.001, 0.001, 0.001, 0.001, 0.001, 0.001,
0.001, 0.0001, 0.0001, 0.0001, 0.0001, 0.0001, 0.0001, 0.0001, 0.0001, 0.0001,
0.0001, 1e-05, 1e-05, 1e-05, 1e-05, 1e-05, 1e-05, 1e-05, 1e-05, 1e-05,
1e-05, 1e-06, 1e-06, 1e-06, 1e-06, 1e-06, 1e-06, 1e-06, 1e-06, 1e-06,
1e-06, 1e-07, 1e-07, 1e-07, 1e-07, 1e-07, 1e-07, 1e-07, 1e-07, 1e-07,
1e-07]
[4, 4, 9, 1, 5, 7, 0, 7, 7, 8,
5, 8, 3, 2, 8, 2, 9, 1, 3, 5,
5, 5, 0, 0, 4, 6, 4, 1, 3, 9,
9, 4, 1, 0, 2, 4, 1, 8, 7, 2,
8, 4, 8, 4, 1, 3, 7, 2, 7, 6,
2, 1, 5, 8, 9, 5, 4, 2, 7, 5,
1, 2, 0, 1, 0, 0, 1, 0, 3, 2,
5]
------------------------------------------------------- 
# stage = 8	# children c = 10	length of each stage p = 1	nodes = 70	# items I = 1
