[81, 10, 53, 49, 22, 53, 35, 97, 88, 50,
40, 6, 12, 15, 64, 36, 80, 88, 49, 32,
88, 25, 45, 8, 59, 4, 20, 4, 61, 38,
100, 8, 48, 19, 23, 70, 38, 58, 32, 26,
75]
[[587, 537, 619], [312, 148, 809], [142, 851, 319], [701, 744, 658], [927, 173, 461], [569, 38, 708], [814, 893, 1025], [866, 819, 731], [40, 529, 794], [33, 686, 623],
[833, 215, 73], [394, 498, 192], [115, 640, 1043], [434, 253, 729], [4, 122, 902], [466, 691, 940], [86, 446, 746], [52, 225, 506], [784, 265, 1006], [519, 269, 633],
[55, 43, 819], [99, 408, 259], [291, 524, 870], [246, 958, 65], [946, 963, 187], [760, 341, 878], [642, 427, 236], [300, 451, 461], [777, 176, 697], [724, 666, 937],
[269, 692, 981], [1, 791, 330], [260, 1053, 825], [71, 241, 725], [107, 128, 600], [294, 889, 912], [84, 443, 280], [321, 714, 731], [753, 432, 878], [363, 97, 457],
[241, 337, 90]]
[[2, 4, 2, 9], [2, 3, 4, 3], [6, 9, 5, 10], [7, 8, 10, 2], [1, 8, 10, 10], [7, 9, 5, 7], [9, 0, 1, 3], [6, 8, 7, 6], [10, 9, 4, 1], [10, 7, 5, 6],
[5, 8, 5, 0], [5, 3, 0, 4], [0, 10, 1, 5], [7, 6, 2, 3], [4, 1, 6, 9], [9, 2, 4, 6], [9, 7, 8, 9], [3, 2, 2, 6], [8, 5, 6, 2], [8, 4, 7, 6],
[4, 8, 1, 9], [2, 1, 1, 6], [2, 8, 2, 9], [8, 7, 4, 5], [3, 10, 1, 4], [10, 3, 8, 7], [8, 2, 10, 4], [6, 4, 10, 8], [1, 0, 6, 1], [1, 8, 6, 1],
[3, 8, 10, 9], [4, 2, 3, 5], [1, 4, 7, 1], [7, 5, 6, 3], [7, 5, 7, 2], [9, 6, 0, 9], [7, 6, 10, 6], [1, 3, 6, 2], [1, 3, 1, 3], [5, 4, 9, 5],
[9, 5, 4, 3]]
[1, 0.1, 0.1, 0.1, 0.1, 0.1, 0.1, 0.1, 0.1, 0.1,
0.1, 0.01, 0.01, 0.01, 0.01, 0.01, 0.01, 0.01, 0.01, 0.01,
0.01, 0.001, 0.001, 0.001, 0.001, 0.001, 0.001, 0.001, 0.001, 0.001,
0.001, 0.0001, 0.0001, 0.0001, 0.0001, 0.0001, 0.0001, 0.0001, 0.0001, 0.0001,
0.0001]
[9, 3, 10, 9, 4, 8, 3, 10, 0, 9,
8, 6, 7, 2, 6, 6, 5, 5, 3, 1,
2, 8, 6, 9, 5, 6, 3, 6, 7, 3,
9, 2, 3, 4, 9, 2, 2, 3, 3, 0,
7]
------------------------------------------------------- 
# stage = 5	# children c = 10	length of each stage p = 1	nodes = 40	# items I = 1
