[33, 35, 52, 48, 77, 72, 84, 74, 88, 100,
16, 64, 35, 6, 51, 42, 87, 23, 67, 37,
33, 87, 32, 19, 41, 45, 89, 80, 55, 76,
53, 88, 77, 72, 1, 53, 9, 86, 93, 98,
85, 8, 27, 19, 81, 44, 28, 68, 67, 95,
71]
[[3297, 3066, 701], [1727, 834, 342], [217, 2054, 538], [564, 840, 1719], [2269, 2639, 1592], [3422, 366, 2761], [1285, 2183, 173], [1254, 343, 1608], [231, 2844, 10], [163, 746, 1302],
[2382, 997, 902], [3083, 2724, 1736], [379, 3362, 744], [917, 459, 2005], [3057, 3149, 1598], [1182, 3105, 1964], [897, 923, 680], [1491, 2599, 1023], [3099, 3251, 822], [64, 368, 1568],
[1366, 2750, 2986], [2689, 2367, 2665], [958, 2746, 2560], [2123, 618, 3020], [661, 208, 2702], [2259, 1812, 2761], [1178, 2709, 639], [1858, 734, 3238], [3303, 787, 3022], [658, 851, 3390],
[2647, 2639, 3095], [2166, 1861, 1995], [1785, 3241, 1695], [879, 2318, 2313], [853, 2980, 2943], [509, 1772, 1288], [3271, 3371, 951], [443, 1763, 2106], [214, 2020, 2894], [190, 3099, 699],
[534, 2700, 292], [162, 1399, 2575], [2578, 139, 2349], [1228, 1018, 1200], [495, 1871, 1134], [3438, 2380, 3328], [1259, 2605, 3232], [2632, 3048, 1949], [1271, 216, 502], [1119, 827, 555],
[2240, 1362, 3255]]
[[0, 3, 7, 8], [0, 7, 3, 1], [7, 1, 7, 3], [5, 8, 10, 3], [9, 6, 6, 8], [5, 6, 5, 7], [6, 7, 5, 3], [3, 10, 8, 3], [2, 4, 9, 0], [0, 10, 1, 5],
[0, 7, 8, 3], [4, 7, 6, 0], [0, 0, 6, 6], [6, 0, 0, 10], [5, 3, 1, 6], [0, 9, 7, 2], [0, 6, 0, 9], [5, 0, 3, 4], [7, 0, 7, 0], [6, 1, 10, 6],
[1, 5, 10, 5], [4, 8, 2, 7], [9, 3, 3, 9], [10, 10, 9, 8], [5, 10, 6, 0], [8, 9, 4, 4], [8, 0, 2, 1], [1, 1, 5, 0], [5, 5, 3, 9], [0, 6, 5, 10],
[9, 8, 6, 7], [6, 5, 4, 0], [2, 9, 9, 10], [5, 2, 1, 2], [1, 3, 3, 0], [5, 9, 10, 8], [1, 2, 6, 10], [8, 9, 9, 5], [5, 3, 10, 0], [6, 3, 9, 8],
[1, 8, 5, 7], [8, 6, 7, 7], [9, 9, 6, 1], [5, 5, 7, 4], [5, 0, 3, 1], [10, 2, 4, 2], [3, 3, 0, 9], [4, 9, 4, 4], [4, 9, 9, 2], [2, 3, 7, 9],
[1, 2, 0, 4]]
[1, 0.1, 0.1, 0.1, 0.1, 0.1, 0.1, 0.1, 0.1, 0.1,
0.1, 0.01, 0.01, 0.01, 0.01, 0.01, 0.01, 0.01, 0.01, 0.01,
0.01, 0.001, 0.001, 0.001, 0.001, 0.001, 0.001, 0.001, 0.001, 0.001,
0.001, 0.0001, 0.0001, 0.0001, 0.0001, 0.0001, 0.0001, 0.0001, 0.0001, 0.0001,
0.0001, 1e-05, 1e-05, 1e-05, 1e-05, 1e-05, 1e-05, 1e-05, 1e-05, 1e-05,
1e-05]
[8, 1, 4, 5, 8, 3, 8, 7, 0, 2,
6, 7, 2, 8, 1, 4, 2, 8, 2, 2,
8, 1, 5, 8, 0, 6, 6, 2, 4, 7,
7, 3, 4, 4, 4, 3, 0, 7, 2, 7,
5, 0, 4, 8, 0, 8, 5, 5, 2, 2,
4]
------------------------------------------------------- 
# stage = 6	# children c = 10	length of each stage p = 1	nodes = 50	# items I = 1
