[12, 82, 7, 56, 18, 37, 2, 18, 71, 84,
97, 99, 88, 61, 64, 46, 92, 20, 8, 35,
14, 71, 31, 32, 68, 67, 28, 49, 71, 43,
47, 49, 91, 20, 4, 8, 57, 7, 27, 94,
57, 90, 93, 44, 51, 22, 90, 8, 9, 64,
9, 23, 1, 7, 55, 35, 74, 50, 84, 11,
59, 30, 60, 49, 16, 65, 58, 73, 72, 51,
67, 95, 40, 25, 5, 91, 13, 61, 66, 22,
25]
[[635, 328, 618], [1631, 1116, 1557], [1265, 779, 1023], [1176, 116, 562], [503, 1753, 24], [781, 543, 715], [543, 1188, 1383], [157, 1464, 731], [1404, 1087, 42], [528, 1111, 1231],
[224, 1746, 974], [257, 1555, 267], [1814, 411, 460], [1014, 1587, 576], [1576, 1504, 1743], [1600, 462, 1700], [1730, 420, 1066], [1290, 577, 707], [1435, 1395, 1208], [891, 100, 496],
[1537, 1562, 420], [688, 1233, 152], [369, 1224, 563], [829, 1652, 1564], [819, 819, 660], [153, 11, 1122], [30, 1741, 956], [510, 622, 947], [1217, 235, 1757], [603, 1126, 1271],
[513, 840, 424], [933, 942, 1657], [499, 1311, 472], [476, 1554, 1538], [1455, 550, 535], [292, 117, 1783], [828, 148, 1701], [1199, 658, 500], [323, 1290, 149], [1494, 1307, 1276],
[943, 1820, 1530], [781, 931, 64], [616, 844, 1375], [502, 1321, 521], [218, 953, 1071], [167, 659, 603], [127, 1487, 751], [1242, 863, 823], [1742, 601, 1527], [1306, 272, 1011],
[759, 629, 1009], [1703, 1411, 1354], [1767, 204, 375], [734, 120, 1696], [1255, 338, 240], [1740, 505, 313], [520, 632, 1801], [685, 51, 255], [1509, 1208, 270], [627, 691, 543],
[1639, 864, 1172], [825, 158, 174], [356, 103, 1615], [145, 251, 1736], [1256, 1506, 251], [910, 837, 171], [1224, 1358, 217], [616, 220, 269], [871, 1143, 891], [1142, 1771, 996],
[1099, 1001, 37], [1685, 3, 195], [37, 1596, 1535], [1652, 1155, 1786], [979, 588, 883], [645, 1499, 1721], [816, 900, 670], [1033, 1516, 304], [716, 1801, 862], [1607, 534, 224],
[780, 1633, 1225]]
[[3, 7, 0, 7], [9, 6, 9, 4], [9, 7, 6, 0], [2, 2, 4, 10], [0, 2, 8, 0], [9, 1, 8, 5], [0, 10, 8, 6], [6, 4, 10, 8], [1, 8, 2, 10], [3, 0, 3, 10],
[5, 7, 10, 8], [9, 3, 5, 8], [4, 1, 8, 0], [2, 5, 4, 2], [5, 1, 6, 9], [5, 6, 4, 6], [3, 7, 3, 5], [5, 6, 2, 0], [0, 2, 8, 8], [3, 0, 5, 7],
[1, 2, 6, 3], [8, 10, 3, 0], [0, 8, 9, 5], [1, 3, 10, 2], [8, 2, 7, 2], [7, 10, 2, 5], [10, 8, 2, 2], [7, 7, 8, 8], [10, 3, 10, 5], [0, 0, 5, 0],
[8, 1, 3, 7], [4, 2, 10, 1], [3, 4, 4, 8], [1, 4, 2, 0], [0, 3, 1, 7], [10, 7, 2, 7], [10, 1, 10, 10], [2, 2, 8, 8], [4, 0, 5, 8], [1, 2, 8, 2],
[6, 10, 8, 8], [1, 10, 6, 1], [0, 7, 6, 0], [3, 9, 5, 0], [10, 5, 8, 10], [7, 5, 6, 9], [4, 9, 5, 3], [0, 2, 5, 6], [1, 2, 1, 2], [10, 8, 2, 0],
[2, 8, 9, 6], [6, 3, 4, 4], [6, 0, 3, 1], [3, 7, 10, 7], [5, 4, 10, 3], [4, 2, 10, 3], [4, 9, 6, 2], [6, 6, 2, 9], [3, 9, 2, 8], [10, 4, 1, 6],
[4, 2, 5, 8], [10, 2, 2, 2], [5, 0, 6, 9], [2, 5, 2, 5], [3, 6, 7, 8], [1, 7, 4, 2], [5, 4, 10, 4], [8, 9, 10, 2], [1, 2, 8, 9], [5, 8, 0, 8],
[8, 6, 6, 9], [0, 6, 3, 2], [10, 10, 8, 9], [6, 1, 1, 0], [3, 9, 4, 0], [8, 2, 0, 7], [2, 8, 5, 7], [6, 5, 2, 1], [1, 7, 10, 10], [2, 2, 10, 2],
[10, 5, 0, 5]]
[1, 0.05, 0.05, 0.05, 0.05, 0.05, 0.05, 0.05, 0.05, 0.05,
0.05, 0.05, 0.05, 0.05, 0.05, 0.05, 0.05, 0.05, 0.05, 0.05,
0.05, 0.0025, 0.0025, 0.0025, 0.0025, 0.0025, 0.0025, 0.0025, 0.0025, 0.0025,
0.0025, 0.0025, 0.0025, 0.0025, 0.0025, 0.0025, 0.0025, 0.0025, 0.0025, 0.0025,
0.0025, 0.000125, 0.000125, 0.000125, 0.000125, 0.000125, 0.000125, 0.000125, 0.000125, 0.000125,
0.000125, 0.000125, 0.000125, 0.000125, 0.000125, 0.000125, 0.000125, 0.000125, 0.000125, 0.000125,
0.000125, 6.25e-06, 6.25e-06, 6.25e-06, 6.25e-06, 6.25e-06, 6.25e-06, 6.25e-06, 6.25e-06, 6.25e-06,
6.25e-06, 6.25e-06, 6.25e-06, 6.25e-06, 6.25e-06, 6.25e-06, 6.25e-06, 6.25e-06, 6.25e-06, 6.25e-06,
6.25e-06]
[8, 8, 5, 12, 7, 16, 10, 8, 1, 8,
13, 5, 7, 8, 13, 0, 16, 4, 12, 3,
3, 2, 17, 18, 11, 14, 5, 11, 5, 1,
18, 15, 4, 14, 8, 16, 12, 5, 7, 4,
9, 2, 17, 2, 8, 18, 2, 17, 6, 3,
9, 7, 12, 10, 11, 17, 9, 9, 8, 7,
12, 0, 15, 17, 8, 13, 14, 17, 8, 6,
14, 17, 1, 11, 16, 2, 0, 18, 16, 11,
12]
------------------------------------------------------- 
# stage = 5	# children c = 20	length of each stage p = 1	nodes = 80	# items I = 1
