[77, 17, 35, 81, 88, 2, 13, 100, 1, 17,
17, 53, 5, 58, 4, 87, 0, 57, 68, 31,
75, 79, 67, 93, 92, 77, 96, 97, 49, 85,
31, 25, 68, 32, 5, 55, 34, 18, 20, 36,
1, 38, 55, 74, 62, 25, 60, 28, 82, 94,
59, 57, 38, 93, 15, 96, 69, 10, 92, 17,
61]
[[734, 444, 71], [707, 837, 244], [1002, 569, 729], [390, 634, 122], [528, 265, 886], [146, 971, 299], [307, 357, 117], [501, 873, 236], [572, 14, 684], [1078, 603, 3],
[378, 258, 447], [868, 965, 623], [33, 227, 532], [763, 618, 87], [224, 485, 352], [32, 631, 663], [749, 277, 359], [866, 779, 572], [442, 272, 586], [47, 272, 110],
[468, 1068, 368], [916, 196, 672], [460, 230, 900], [331, 332, 857], [418, 974, 263], [110, 1006, 233], [112, 16, 510], [889, 882, 628], [382, 663, 901], [969, 711, 512],
[0, 100, 501], [787, 355, 37], [798, 155, 267], [1037, 486, 1017], [815, 244, 912], [417, 772, 179], [1068, 884, 195], [918, 694, 416], [467, 416, 1], [289, 306, 51],
[140, 724, 569], [1060, 850, 925], [18, 570, 419], [703, 946, 244], [641, 22, 488], [892, 439, 181], [410, 847, 404], [605, 686, 438], [361, 74, 854], [362, 782, 499],
[413, 922, 562], [321, 242, 752], [585, 260, 661], [1004, 963, 528], [588, 943, 550], [1076, 96, 329], [597, 506, 97], [340, 451, 783], [778, 151, 196], [971, 513, 978],
[809, 265, 161]]
[[1, 7, 6, 2], [0, 4, 4, 1], [6, 6, 8, 7], [4, 0, 10, 3], [9, 9, 5, 1], [4, 8, 7, 4], [6, 2, 4, 2], [8, 6, 5, 9], [2, 9, 0, 1], [0, 2, 2, 6],
[8, 8, 0, 1], [7, 9, 5, 3], [7, 8, 4, 9], [5, 9, 1, 9], [10, 5, 9, 7], [9, 3, 5, 1], [1, 3, 2, 0], [6, 2, 6, 3], [8, 5, 3, 4], [1, 8, 7, 8],
[5, 1, 4, 8], [8, 5, 6, 7], [8, 4, 3, 7], [6, 6, 6, 7], [10, 8, 7, 3], [8, 1, 4, 5], [4, 7, 8, 5], [4, 4, 0, 7], [3, 2, 4, 1], [8, 8, 8, 5],
[0, 10, 10, 6], [5, 5, 0, 4], [0, 6, 5, 8], [5, 10, 1, 9], [6, 9, 1, 9], [0, 1, 5, 4], [3, 8, 3, 9], [5, 0, 2, 3], [8, 1, 9, 3], [5, 10, 5, 5],
[5, 0, 1, 8], [10, 2, 6, 5], [0, 5, 3, 9], [6, 7, 2, 7], [4, 5, 6, 7], [4, 6, 0, 1], [7, 7, 2, 1], [6, 8, 5, 9], [8, 6, 6, 7], [8, 10, 10, 6],
[4, 1, 4, 8], [8, 5, 5, 10], [8, 9, 4, 1], [4, 2, 1, 9], [10, 1, 9, 3], [9, 3, 2, 6], [7, 6, 0, 4], [6, 0, 8, 8], [1, 10, 6, 7], [4, 9, 6, 2],
[7, 8, 1, 9]]
[1, 0.1, 0.1, 0.1, 0.1, 0.1, 0.1, 0.1, 0.1, 0.1,
0.1, 0.01, 0.01, 0.01, 0.01, 0.01, 0.01, 0.01, 0.01, 0.01,
0.01, 0.001, 0.001, 0.001, 0.001, 0.001, 0.001, 0.001, 0.001, 0.001,
0.001, 0.0001, 0.0001, 0.0001, 0.0001, 0.0001, 0.0001, 0.0001, 0.0001, 0.0001,
0.0001, 1e-05, 1e-05, 1e-05, 1e-05, 1e-05, 1e-05, 1e-05, 1e-05, 1e-05,
1e-05, 1e-06, 1e-06, 1e-06, 1e-06, 1e-06, 1e-06, 1e-06, 1e-06, 1e-06,
1e-06]
[8, 10, 7, 10, 9, 8, 6, 2, 1, 8,
7, 2, 4, 6, 2, 3, 8, 3, 4, 10,
5, 9, 1, 2, 7, 1, 8, 10, 6, 9,
1, 4, 10, 3, 6, 3, 5, 5, 9, 2,
4, 7, 5, 2, 9, 4, 10, 7, 1, 8,
10, 3, 9, 4, 2, 10, 8, 7, 9, 0,
5]
------------------------------------------------------- 
# stage = 7	# children c = 10	length of each stage p = 1	nodes = 60	# items I = 1
