[91, 83, 77, 71, 54, 61, 85, 3, 63, 27,
63, 33, 60, 29, 69, 73, 71, 54, 68, 15,
32, 37, 42, 33, 86, 33, 87, 51, 29, 95,
62, 86, 77, 4, 56, 98, 65, 40, 0, 28,
67, 29, 27, 27, 58, 96, 100, 29, 16, 67,
10, 14, 70, 18, 47, 55, 18, 0, 5, 13,
61]
[[1195, 3771, 2101], [2106, 3723, 3287], [3981, 2156, 1596], [1616, 3702, 4022], [185, 3461, 1814], [1714, 983, 2295], [888, 2792, 2233], [4023, 1434, 2717], [2546, 1586, 238], [2817, 1431, 3089],
[992, 2345, 2500], [3094, 92, 2145], [2021, 3792, 222], [3336, 1329, 3925], [3279, 1233, 3026], [733, 2666, 4009], [3029, 3555, 2442], [1183, 3218, 3876], [3619, 1404, 1384], [3857, 142, 2534],
[2587, 854, 520], [1008, 3948, 612], [2872, 1609, 44], [2814, 867, 1373], [2379, 3865, 2326], [1326, 520, 913], [976, 3268, 108], [3418, 372, 3046], [2934, 3710, 90], [4037, 3489, 233],
[2493, 1716, 806], [2732, 2443, 394], [3344, 1237, 2003], [3107, 4051, 2589], [120, 2351, 2376], [2446, 3396, 2615], [3079, 12, 1804], [2906, 3149, 1895], [1873, 2005, 1526], [1964, 1963, 655],
[1916, 377, 2090], [2722, 2828, 455], [3116, 1812, 1692], [759, 840, 1664], [3349, 961, 3734], [1365, 3407, 3051], [3980, 2126, 3064], [1424, 954, 2134], [3319, 2546, 60], [485, 150, 2024],
[860, 1785, 2120], [2950, 147, 870], [3405, 2982, 2682], [1018, 3742, 3523], [2401, 2731, 124], [2056, 17, 3250], [748, 3716, 1298], [3812, 780, 2252], [1586, 3818, 438], [1366, 224, 308],
[3109, 803, 2093]]
[[7, 3, 3, 5], [2, 8, 8, 6], [1, 0, 5, 2], [8, 0, 9, 10], [4, 1, 10, 3], [6, 1, 3, 8], [8, 10, 7, 8], [10, 7, 9, 7], [8, 10, 1, 10], [7, 7, 6, 9],
[7, 9, 0, 5], [9, 9, 4, 2], [9, 1, 3, 2], [2, 6, 10, 8], [3, 5, 5, 3], [10, 2, 10, 8], [1, 9, 5, 7], [6, 9, 5, 2], [7, 3, 5, 3], [1, 7, 3, 8],
[8, 6, 10, 0], [0, 8, 8, 3], [0, 1, 6, 10], [3, 5, 5, 2], [4, 9, 9, 8], [7, 1, 8, 2], [4, 3, 5, 4], [10, 7, 1, 6], [2, 10, 6, 2], [5, 3, 4, 5],
[2, 10, 2, 5], [3, 6, 8, 7], [4, 4, 2, 9], [6, 10, 0, 10], [0, 4, 3, 9], [0, 3, 4, 0], [2, 8, 1, 7], [9, 5, 1, 1], [4, 1, 4, 7], [7, 1, 1, 0],
[4, 1, 10, 10], [1, 8, 9, 10], [1, 0, 6, 10], [3, 8, 0, 5], [5, 1, 10, 4], [4, 9, 3, 6], [10, 7, 3, 7], [7, 2, 5, 0], [4, 4, 10, 3], [0, 6, 0, 1],
[6, 7, 10, 9], [2, 8, 1, 8], [7, 0, 10, 0], [9, 2, 6, 7], [7, 7, 3, 3], [8, 6, 3, 1], [9, 2, 2, 9], [9, 0, 8, 2], [5, 7, 10, 8], [4, 0, 5, 0],
[10, 2, 9, 6]]
[1, 0.05, 0.05, 0.05, 0.05, 0.05, 0.05, 0.05, 0.05, 0.05,
0.05, 0.05, 0.05, 0.05, 0.05, 0.05, 0.05, 0.05, 0.05, 0.05,
0.05, 0.0025, 0.0025, 0.0025, 0.0025, 0.0025, 0.0025, 0.0025, 0.0025, 0.0025,
0.0025, 0.0025, 0.0025, 0.0025, 0.0025, 0.0025, 0.0025, 0.0025, 0.0025, 0.0025,
0.0025, 0.000125, 0.000125, 0.000125, 0.000125, 0.000125, 0.000125, 0.000125, 0.000125, 0.000125,
0.000125, 0.000125, 0.000125, 0.000125, 0.000125, 0.000125, 0.000125, 0.000125, 0.000125, 0.000125,
0.000125]
[0, 9, 1, 1, 4, 4, 1, 4, 3, 3,
0, 5, 3, 10, 5, 10, 10, 2, 3, 8,
2, 6, 4, 4, 8, 1, 4, 1, 9, 6,
5, 5, 2, 2, 8, 0, 10, 8, 3, 10,
7, 7, 1, 5, 6, 10, 5, 2, 9, 10,
3, 10, 2, 7, 9, 2, 2, 3, 5, 1,
9]
------------------------------------------------------- 
# stage = 4	# children c = 20	length of each stage p = 1	nodes = 60	# items I = 1
