[22, 61, 10, 12, 38, 4, 65, 32, 17, 20,
34, 80, 76, 37, 56, 94, 25, 88, 62, 9,
60, 47, 43, 76, 16, 28, 51, 56, 90, 78,
41, 11, 38, 51, 23, 43, 21, 89, 41, 4,
75, 75, 51, 50, 12, 73, 9, 37, 26, 71,
12, 86, 85, 55, 28, 0, 49, 45, 56, 38,
22, 63, 49, 27, 80, 39, 36, 68, 94, 77,
38]
[[443, 785, 928], [153, 558, 927], [635, 846, 919], [405, 90, 229], [123, 249, 53], [316, 924, 638], [432, 357, 756], [799, 600, 233], [783, 764, 274], [577, 623, 596],
[420, 720, 101], [68, 873, 313], [62, 575, 226], [634, 634, 902], [863, 757, 218], [569, 726, 210], [275, 226, 220], [98, 678, 473], [917, 181, 304], [258, 411, 581],
[507, 831, 21], [262, 899, 547], [575, 615, 776], [454, 316, 477], [76, 833, 887], [881, 469, 681], [158, 397, 560], [31, 148, 305], [505, 718, 486], [809, 630, 551],
[110, 204, 449], [131, 119, 69], [679, 347, 684], [522, 801, 653], [66, 531, 553], [20, 479, 90], [354, 290, 140], [914, 321, 289], [286, 826, 660], [426, 356, 357],
[44, 119, 562], [146, 251, 334], [215, 583, 682], [899, 758, 203], [620, 477, 734], [826, 150, 280], [569, 505, 223], [710, 486, 545], [652, 426, 91], [379, 852, 447],
[737, 549, 220], [19, 695, 471], [353, 564, 707], [688, 530, 532], [892, 803, 76], [693, 350, 226], [627, 919, 384], [850, 349, 871], [115, 68, 364], [207, 101, 869],
[307, 491, 138], [527, 510, 486], [651, 516, 117], [425, 272, 301], [610, 817, 757], [686, 230, 174], [566, 510, 161], [17, 428, 510], [541, 543, 232], [558, 403, 919],
[494, 711, 477]]
[[7, 3, 1, 6], [5, 1, 9, 8], [7, 10, 2, 1], [1, 4, 6, 8], [3, 3, 10, 3], [6, 6, 0, 1], [9, 4, 9, 10], [7, 0, 7, 1], [1, 6, 6, 6], [8, 4, 3, 2],
[3, 3, 3, 3], [7, 8, 9, 8], [0, 8, 9, 6], [1, 10, 5, 0], [1, 1, 8, 7], [2, 2, 8, 3], [9, 3, 8, 4], [5, 0, 6, 9], [4, 7, 1, 9], [2, 10, 5, 1],
[5, 3, 5, 7], [0, 9, 5, 2], [10, 0, 9, 10], [3, 4, 3, 10], [6, 9, 1, 0], [9, 7, 9, 0], [1, 8, 8, 4], [5, 2, 3, 0], [3, 8, 5, 4], [6, 8, 4, 6],
[8, 0, 5, 9], [4, 6, 6, 8], [4, 7, 9, 1], [3, 5, 10, 3], [3, 7, 5, 6], [7, 8, 6, 9], [5, 9, 2, 1], [4, 4, 5, 2], [4, 8, 9, 6], [4, 5, 4, 6],
[1, 2, 7, 3], [5, 7, 6, 6], [1, 0, 2, 7], [8, 6, 5, 0], [3, 5, 1, 7], [9, 4, 7, 2], [2, 6, 8, 6], [9, 10, 10, 10], [1, 5, 0, 5], [10, 4, 0, 0],
[2, 2, 7, 8], [9, 10, 9, 1], [4, 8, 6, 0], [2, 3, 2, 4], [7, 9, 8, 5], [6, 7, 2, 6], [1, 3, 0, 0], [7, 0, 10, 8], [1, 4, 5, 8], [4, 3, 7, 6],
[1, 2, 7, 3], [5, 7, 5, 1], [3, 2, 4, 10], [7, 7, 5, 7], [8, 3, 5, 2], [3, 2, 10, 2], [7, 5, 10, 9], [8, 6, 4, 7], [7, 9, 8, 10], [6, 2, 10, 7],
[2, 3, 6, 8]]
[1, 0.1, 0.1, 0.1, 0.1, 0.1, 0.1, 0.1, 0.1, 0.1,
0.1, 0.01, 0.01, 0.01, 0.01, 0.01, 0.01, 0.01, 0.01, 0.01,
0.01, 0.001, 0.001, 0.001, 0.001, 0.001, 0.001, 0.001, 0.001, 0.001,
0.001, 0.0001, 0.0001, 0.0001, 0.0001, 0.0001, 0.0001, 0.0001, 0.0001, 0.0001,
0.0001, 1e-05, 1e-05, 1e-05, 1e-05, 1e-05, 1e-05, 1e-05, 1e-05, 1e-05,
1e-05, 1e-06, 1e-06, 1e-06, 1e-06, 1e-06, 1e-06, 1e-06, 1e-06, 1e-06,
1e-06, 1e-07, 1e-07, 1e-07, 1e-07, 1e-07, 1e-07, 1e-07, 1e-07, 1e-07,
1e-07]
[6, 2, 11, 3, 8, 5, 9, 8, 5, 7,
16, 14, 13, 6, 8, 8, 16, 8, 4, 1,
16, 0, 8, 13, 5, 15, 17, 8, 6, 18,
4, 4, 17, 6, 2, 7, 8, 16, 12, 11,
6, 10, 12, 12, 7, 8, 16, 6, 3, 12,
17, 17, 4, 4, 4, 9, 14, 15, 13, 4,
14, 7, 3, 2, 4, 8, 11, 6, 15, 6,
1]
------------------------------------------------------- 
# stage = 8	# children c = 10	length of each stage p = 1	nodes = 70	# items I = 1
