[7, 0, 26, 70, 98, 83, 14, 52, 28, 16,
48, 27, 90, 83, 92, 5, 51, 31, 30, 63,
10, 73, 33, 48, 32, 25, 22, 60, 3, 80,
22, 10, 80, 48, 46, 78, 97, 60, 96, 24,
76, 9, 18, 31, 93, 9, 3, 9, 7, 33,
38, 17, 72, 72, 31, 70, 63, 19, 30, 66,
100, 18, 42, 45, 32, 55, 89, 29, 81, 84,
19, 57, 94, 37, 54, 52, 13, 57, 61, 20,
56, 99, 37, 95, 36, 34, 64, 100, 53, 60,
31, 18, 78, 40, 64, 10, 95, 52, 5, 75,
36]
[[1138, 1515, 67], [1073, 2144, 2850], [48, 3677, 2909], [3280, 3327, 271], [2230, 1329, 1265], [3464, 3371, 3188], [3363, 2420, 1304], [2004, 3820, 3418], [2799, 2961, 3122], [1972, 1016, 553],
[2460, 297, 211], [2527, 3426, 499], [3520, 3474, 263], [2517, 984, 1733], [931, 3215, 1205], [2196, 2766, 664], [3527, 2217, 1227], [919, 2364, 1135], [424, 3306, 2239], [1689, 1366, 3255],
[386, 1969, 1695], [597, 583, 3264], [1096, 190, 969], [3415, 850, 1953], [1235, 1781, 1255], [2441, 2121, 109], [1248, 1735, 469], [2475, 797, 976], [1753, 3277, 370], [80, 1054, 3792],
[1478, 1440, 1848], [1317, 2037, 574], [668, 1277, 2820], [1637, 779, 3671], [3591, 158, 3595], [2989, 2599, 1803], [1241, 1990, 3539], [1710, 552, 2479], [2687, 449, 1844], [1200, 529, 2898],
[3135, 2007, 425], [3126, 3324, 605], [3700, 2136, 25], [2607, 1916, 2861], [508, 3650, 3019], [191, 2727, 3761], [137, 55, 1838], [3676, 3822, 533], [386, 739, 982], [2230, 82, 3567],
[1215, 3217, 1662], [3696, 2430, 3129], [2444, 2217, 3408], [2470, 2967, 1412], [1418, 1619, 1149], [524, 1810, 3876], [372, 1947, 2075], [353, 3767, 127], [886, 240, 866], [1869, 613, 948],
[1523, 1828, 2308], [1328, 3667, 825], [2601, 2198, 1185], [2096, 755, 2295], [1651, 2173, 1], [2801, 840, 3867], [907, 1212, 1902], [2982, 1565, 3812], [3109, 595, 2195], [2118, 2464, 2808],
[1209, 2130, 2779], [3517, 1602, 2533], [429, 290, 818], [3670, 529, 1574], [2053, 2181, 1890], [2054, 3125, 2731], [2009, 119, 2086], [2054, 1245, 1795], [96, 2497, 2390], [2291, 703, 2997],
[3242, 55, 1214], [2108, 3573, 959], [2784, 2145, 3305], [3602, 1903, 3835], [3319, 43, 246], [3353, 2097, 3371], [2171, 2249, 1633], [2400, 2446, 2878], [282, 2542, 3519], [2672, 2976, 2365],
[3812, 2305, 2420], [3170, 2556, 2080], [216, 3483, 313], [3522, 1316, 2216], [1587, 722, 402], [1833, 162, 642], [1291, 476, 2892], [2924, 2877, 1425], [33, 1302, 2111], [3552, 2118, 1174],
[2004, 2017, 1623]]
[[8, 8, 2, 0], [0, 9, 8, 5], [10, 5, 7, 9], [3, 4, 4, 8], [1, 7, 10, 9], [6, 3, 8, 9], [2, 7, 9, 1], [9, 4, 2, 5], [10, 2, 5, 8], [0, 0, 3, 10],
[5, 8, 7, 8], [1, 9, 5, 0], [3, 2, 9, 9], [3, 5, 6, 3], [1, 4, 5, 9], [6, 5, 3, 6], [8, 6, 3, 6], [6, 4, 4, 9], [1, 0, 6, 2], [7, 9, 1, 10],
[9, 10, 8, 2], [4, 3, 3, 4], [8, 8, 2, 1], [1, 3, 5, 9], [9, 7, 2, 4], [0, 6, 0, 2], [4, 4, 2, 0], [0, 3, 8, 9], [1, 6, 9, 5], [7, 2, 9, 2],
[8, 9, 4, 9], [1, 9, 5, 10], [5, 6, 1, 4], [1, 1, 6, 4], [3, 6, 2, 3], [8, 0, 2, 9], [6, 9, 1, 0], [0, 9, 3, 7], [5, 5, 5, 7], [1, 9, 4, 7],
[4, 4, 0, 3], [5, 4, 5, 7], [8, 8, 10, 3], [8, 1, 10, 1], [0, 1, 10, 9], [8, 0, 5, 2], [5, 9, 7, 7], [5, 1, 1, 7], [5, 10, 8, 8], [1, 3, 4, 7],
[9, 4, 0, 4], [3, 10, 3, 3], [9, 2, 0, 4], [3, 3, 7, 6], [1, 3, 2, 4], [2, 1, 0, 7], [9, 9, 5, 8], [10, 7, 5, 8], [0, 3, 10, 4], [2, 2, 5, 10],
[4, 3, 3, 5], [7, 8, 1, 6], [10, 1, 0, 1], [3, 0, 9, 10], [7, 1, 8, 4], [6, 0, 10, 7], [3, 9, 9, 3], [0, 1, 2, 3], [5, 6, 8, 10], [1, 9, 5, 0],
[0, 5, 2, 1], [4, 9, 9, 9], [8, 6, 3, 3], [6, 0, 10, 7], [8, 6, 0, 6], [6, 2, 9, 9], [6, 5, 8, 8], [3, 2, 8, 1], [8, 8, 0, 10], [6, 10, 8, 3],
[3, 9, 7, 8], [10, 4, 4, 7], [9, 4, 2, 4], [5, 10, 2, 0], [4, 8, 6, 5], [10, 2, 5, 5], [10, 5, 4, 6], [4, 0, 7, 8], [9, 3, 5, 6], [6, 9, 2, 4],
[1, 3, 6, 6], [0, 8, 4, 4], [5, 9, 7, 2], [0, 1, 8, 8], [7, 10, 3, 9], [10, 9, 4, 9], [1, 9, 4, 7], [6, 5, 9, 5], [6, 4, 9, 6], [10, 0, 8, 2],
[9, 4, 5, 7]]
[1, 0.05, 0.05, 0.05, 0.05, 0.05, 0.05, 0.05, 0.05, 0.05,
0.05, 0.05, 0.05, 0.05, 0.05, 0.05, 0.05, 0.05, 0.05, 0.05,
0.05, 0.0025, 0.0025, 0.0025, 0.0025, 0.0025, 0.0025, 0.0025, 0.0025, 0.0025,
0.0025, 0.0025, 0.0025, 0.0025, 0.0025, 0.0025, 0.0025, 0.0025, 0.0025, 0.0025,
0.0025, 0.000125, 0.000125, 0.000125, 0.000125, 0.000125, 0.000125, 0.000125, 0.000125, 0.000125,
0.000125, 0.000125, 0.000125, 0.000125, 0.000125, 0.000125, 0.000125, 0.000125, 0.000125, 0.000125,
0.000125, 6.25e-06, 6.25e-06, 6.25e-06, 6.25e-06, 6.25e-06, 6.25e-06, 6.25e-06, 6.25e-06, 6.25e-06,
6.25e-06, 6.25e-06, 6.25e-06, 6.25e-06, 6.25e-06, 6.25e-06, 6.25e-06, 6.25e-06, 6.25e-06, 6.25e-06,
6.25e-06, 3.125e-07, 3.125e-07, 3.125e-07, 3.125e-07, 3.125e-07, 3.125e-07, 3.125e-07, 3.125e-07, 3.125e-07,
3.125e-07, 3.125e-07, 3.125e-07, 3.125e-07, 3.125e-07, 3.125e-07, 3.125e-07, 3.125e-07, 3.125e-07, 3.125e-07,
3.125e-07]
[6, 0, 6, 2, 2, 3, 6, 2, 9, 3,
0, 5, 4, 6, 8, 3, 1, 2, 9, 6,
6, 7, 5, 5, 5, 9, 9, 4, 9, 0,
3, 5, 8, 5, 5, 2, 2, 5, 0, 5,
4, 4, 1, 9, 3, 2, 6, 2, 8, 3,
0, 4, 6, 2, 5, 6, 4, 5, 1, 9,
5, 2, 1, 7, 5, 5, 7, 1, 5, 4,
3, 3, 4, 8, 5, 1, 4, 4, 1, 9,
6, 5, 9, 1, 5, 5, 9, 2, 9, 1,
0, 6, 0, 4, 4, 2, 0, 5, 8, 6,
5]
------------------------------------------------------- 
# stage = 6	# children c = 20	length of each stage p = 1	nodes = 100	# items I = 1
