[42, 13, 16, 53, 38, 11, 19, 35, 38, 9,
69, 59, 80, 62, 83, 0, 23, 61, 13, 40,
83, 53, 44, 90, 80, 74, 97, 86, 100, 16,
30, 42, 29, 46, 95, 67, 23, 14, 68, 62,
90, 36, 87, 35, 98, 70, 35, 88, 97, 48,
94, 79, 0, 3, 68, 46, 43, 30, 98, 43,
46, 94, 85, 75, 5, 45, 7, 29, 25, 75,
57]
[[522, 891, 606], [979, 601, 1016], [557, 684, 401], [56, 1092, 16], [309, 829, 381], [309, 288, 495], [277, 239, 108], [951, 733, 930], [765, 1139, 248], [1037, 700, 389],
[525, 70, 127], [1132, 655, 335], [601, 818, 625], [609, 480, 171], [625, 395, 606], [1006, 704, 894], [349, 588, 739], [63, 386, 319], [993, 1151, 1064], [88, 641, 612],
[84, 14, 288], [211, 1146, 549], [152, 200, 973], [778, 809, 301], [555, 282, 696], [8, 894, 1007], [903, 849, 442], [489, 913, 434], [415, 753, 432], [1085, 448, 1074],
[544, 532, 694], [832, 349, 687], [987, 502, 887], [808, 886, 150], [1109, 288, 432], [258, 296, 932], [871, 805, 629], [160, 901, 389], [594, 922, 748], [633, 854, 43],
[160, 246, 575], [854, 684, 531], [1147, 519, 639], [487, 174, 372], [637, 889, 266], [675, 753, 168], [455, 472, 974], [1084, 238, 328], [1079, 439, 97], [674, 1072, 951],
[718, 79, 803], [899, 539, 335], [1036, 533, 460], [522, 1020, 240], [500, 505, 735], [766, 27, 335], [541, 88, 807], [1121, 19, 652], [296, 1098, 1091], [1152, 620, 1010],
[950, 944, 695], [207, 296, 81], [542, 180, 614], [608, 702, 87], [848, 50, 592], [430, 422, 226], [371, 569, 314], [26, 537, 1093], [284, 439, 644], [222, 438, 870],
[79, 995, 267]]
[[3, 4, 0, 4], [5, 4, 8, 2], [8, 1, 0, 9], [6, 8, 8, 0], [3, 8, 1, 4], [3, 7, 10, 6], [1, 3, 2, 8], [6, 3, 6, 10], [6, 7, 3, 0], [9, 10, 0, 7],
[9, 9, 3, 5], [6, 9, 3, 10], [7, 4, 1, 8], [9, 1, 3, 0], [4, 3, 8, 8], [5, 2, 5, 0], [7, 9, 0, 5], [6, 9, 10, 4], [7, 1, 9, 3], [8, 10, 0, 4],
[2, 1, 1, 0], [2, 5, 9, 4], [6, 5, 2, 0], [7, 7, 0, 1], [3, 9, 4, 7], [7, 4, 1, 4], [3, 8, 5, 0], [8, 5, 5, 10], [6, 4, 8, 7], [7, 5, 0, 3],
[10, 2, 3, 4], [8, 2, 5, 0], [0, 9, 6, 6], [0, 7, 10, 3], [2, 2, 4, 8], [7, 7, 5, 0], [9, 1, 7, 6], [6, 6, 7, 5], [6, 10, 7, 3], [10, 10, 2, 0],
[6, 8, 6, 7], [2, 3, 8, 4], [3, 10, 0, 10], [6, 5, 8, 5], [6, 5, 9, 1], [0, 5, 4, 4], [2, 0, 8, 2], [8, 8, 0, 4], [5, 6, 9, 7], [7, 6, 9, 10],
[6, 9, 7, 10], [2, 2, 2, 8], [7, 0, 8, 5], [5, 10, 8, 6], [9, 5, 8, 6], [2, 8, 10, 5], [1, 8, 1, 6], [2, 8, 3, 8], [7, 8, 7, 9], [10, 10, 4, 5],
[8, 10, 8, 1], [10, 5, 7, 8], [10, 2, 3, 10], [10, 1, 4, 9], [9, 3, 4, 9], [10, 7, 6, 6], [4, 1, 2, 3], [9, 4, 8, 6], [4, 4, 5, 1], [9, 1, 9, 9],
[3, 10, 6, 0]]
[1, 0.1, 0.1, 0.1, 0.1, 0.1, 0.1, 0.1, 0.1, 0.1,
0.1, 0.01, 0.01, 0.01, 0.01, 0.01, 0.01, 0.01, 0.01, 0.01,
0.01, 0.001, 0.001, 0.001, 0.001, 0.001, 0.001, 0.001, 0.001, 0.001,
0.001, 0.0001, 0.0001, 0.0001, 0.0001, 0.0001, 0.0001, 0.0001, 0.0001, 0.0001,
0.0001, 1e-05, 1e-05, 1e-05, 1e-05, 1e-05, 1e-05, 1e-05, 1e-05, 1e-05,
1e-05, 1e-06, 1e-06, 1e-06, 1e-06, 1e-06, 1e-06, 1e-06, 1e-06, 1e-06,
1e-06, 1e-07, 1e-07, 1e-07, 1e-07, 1e-07, 1e-07, 1e-07, 1e-07, 1e-07,
1e-07]
[6, 4, 0, 3, 5, 3, 2, 9, 5, 5,
11, 11, 6, 0, 9, 9, 4, 0, 3, 5,
8, 4, 11, 0, 1, 5, 11, 5, 0, 10,
0, 4, 5, 4, 11, 10, 3, 1, 7, 2,
3, 1, 5, 5, 4, 10, 3, 9, 10, 10,
7, 8, 6, 4, 6, 5, 7, 5, 9, 9,
1, 2, 1, 10, 4, 0, 0, 10, 1, 3,
6]
------------------------------------------------------- 
# stage = 8	# children c = 10	length of each stage p = 1	nodes = 70	# items I = 1
