[11, 73, 49, 93, 31, 23, 86, 71, 10, 34,
31, 91, 54, 70, 24, 79, 52, 23, 2, 52,
3, 43, 4, 74, 41, 88, 2, 82, 70, 13,
94]
[[2205, 1459, 3600], [26, 1440, 3012], [3558, 1346, 2237], [3185, 1693, 3162], [3428, 1129, 1354], [2948, 1892, 3483], [607, 2130, 1030], [2092, 1115, 1070], [3418, 3515, 1424], [1008, 2043, 1849],
[1827, 583, 755], [1762, 610, 2195], [2222, 1615, 988], [1906, 2247, 2681], [1403, 2011, 1257], [204, 2406, 3149], [1135, 3013, 1614], [2165, 2552, 176], [682, 2305, 27], [3218, 760, 2070],
[1402, 35, 2654], [2157, 1797, 711], [1800, 1466, 3438], [2788, 3373, 2021], [2917, 1111, 1479], [509, 2428, 220], [3659, 3563, 680], [2720, 3175, 3233], [2897, 192, 2985], [2924, 858, 81],
[1329, 2260, 116]]
[[9, 2, 1, 8], [5, 8, 9, 6], [1, 8, 3, 0], [3, 2, 0, 9], [4, 7, 9, 8], [4, 7, 2, 6], [5, 2, 4, 3], [3, 7, 0, 10], [10, 1, 8, 4], [10, 4, 8, 9],
[10, 9, 8, 2], [0, 6, 10, 3], [2, 6, 0, 4], [2, 0, 0, 5], [2, 4, 8, 4], [0, 6, 1, 8], [6, 7, 1, 3], [0, 10, 10, 10], [8, 7, 0, 7], [2, 10, 8, 2],
[5, 8, 7, 5], [8, 5, 10, 8], [7, 6, 10, 7], [1, 1, 3, 7], [8, 4, 8, 7], [1, 8, 4, 8], [4, 4, 4, 5], [3, 10, 7, 8], [7, 1, 2, 2], [6, 0, 8, 2],
[6, 8, 8, 5]]
[1, 0.1, 0.1, 0.1, 0.1, 0.1, 0.1, 0.1, 0.1, 0.1,
0.1, 0.01, 0.01, 0.01, 0.01, 0.01, 0.01, 0.01, 0.01, 0.01,
0.01, 0.001, 0.001, 0.001, 0.001, 0.001, 0.001, 0.001, 0.001, 0.001,
0.001]
[0, 3, 4, 3, 5, 0, 7, 1, 3, 3,
4, 8, 6, 8, 3, 8, 8, 3, 8, 1,
6, 1, 4, 3, 3, 5, 9, 2, 1, 4,
5]
------------------------------------------------------- 
# stage = 4	# children c = 10	length of each stage p = 1	nodes = 30	# items I = 1
