[7, 43, 78, 93, 65, 5, 11, 77, 2, 77,
81, 99, 90, 17, 91, 32, 20, 82, 88, 91,
32, 12, 71, 75, 19, 95, 40, 68, 18, 5,
22, 93, 48, 66, 51, 79, 71, 62, 55, 39,
5, 35, 38, 95, 19, 95, 94, 39, 76, 81,
96]
[[1335, 1400, 1935], [932, 18, 1672], [697, 393, 1864], [905, 918, 434], [1192, 1215, 589], [1676, 505, 347], [1291, 795, 20], [732, 894, 684], [800, 239, 127], [1211, 1721, 1821],
[1473, 1704, 1869], [1471, 698, 1887], [1791, 43, 342], [1718, 1534, 1846], [800, 788, 1124], [1389, 1112, 277], [1737, 465, 1072], [405, 1198, 614], [1675, 60, 853], [450, 1858, 636],
[919, 1393, 403], [850, 926, 1687], [799, 1366, 1731], [1727, 1732, 1327], [1636, 594, 764], [1408, 45, 1876], [1685, 430, 990], [820, 1421, 250], [1434, 1744, 896], [936, 842, 1402],
[220, 1761, 1444], [1209, 673, 432], [959, 120, 446], [1338, 496, 240], [727, 194, 834], [139, 1602, 1466], [78, 1935, 544], [1068, 817, 614], [1904, 900, 420], [1448, 1836, 1263],
[1499, 118, 1672], [1005, 1328, 994], [85, 935, 1114], [532, 335, 258], [772, 1648, 452], [1607, 1788, 702], [1721, 514, 700], [327, 1582, 165], [941, 196, 1065], [10, 292, 1549],
[1273, 1791, 316]]
[[7, 5, 2, 8], [1, 2, 9, 1], [1, 8, 6, 6], [4, 4, 2, 1], [7, 5, 3, 5], [5, 0, 9, 8], [1, 6, 6, 9], [8, 8, 10, 4], [0, 2, 10, 0], [2, 9, 1, 3],
[6, 6, 7, 0], [10, 10, 1, 4], [2, 3, 9, 5], [1, 5, 2, 0], [9, 9, 9, 6], [4, 8, 8, 3], [8, 8, 3, 0], [6, 2, 1, 10], [8, 7, 10, 5], [4, 10, 10, 4],
[0, 6, 9, 1], [10, 0, 1, 8], [7, 8, 4, 10], [5, 1, 2, 1], [7, 3, 10, 2], [5, 9, 2, 3], [5, 10, 6, 7], [7, 3, 0, 7], [8, 7, 8, 7], [6, 7, 4, 2],
[4, 6, 1, 8], [6, 1, 9, 2], [4, 8, 3, 10], [6, 3, 0, 10], [0, 4, 6, 8], [8, 5, 4, 5], [1, 0, 10, 5], [7, 3, 8, 1], [8, 7, 9, 3], [7, 5, 3, 0],
[0, 4, 8, 6], [5, 6, 3, 6], [0, 10, 1, 8], [4, 5, 0, 3], [3, 10, 9, 0], [0, 4, 1, 8], [9, 8, 9, 5], [2, 0, 4, 2], [4, 1, 6, 8], [8, 10, 3, 6],
[7, 4, 3, 9]]
[1, 0.1, 0.1, 0.1, 0.1, 0.1, 0.1, 0.1, 0.1, 0.1,
0.1, 0.01, 0.01, 0.01, 0.01, 0.01, 0.01, 0.01, 0.01, 0.01,
0.01, 0.001, 0.001, 0.001, 0.001, 0.001, 0.001, 0.001, 0.001, 0.001,
0.001, 0.0001, 0.0001, 0.0001, 0.0001, 0.0001, 0.0001, 0.0001, 0.0001, 0.0001,
0.0001, 1e-05, 1e-05, 1e-05, 1e-05, 1e-05, 1e-05, 1e-05, 1e-05, 1e-05,
1e-05]
[0, 9, 9, 6, 4, 2, 5, 9, 6, 0,
3, 4, 1, 2, 0, 6, 2, 7, 5, 3,
1, 7, 6, 9, 0, 7, 3, 1, 8, 7,
3, 4, 4, 2, 4, 4, 5, 6, 9, 7,
9, 8, 0, 9, 5, 9, 5, 8, 4, 3,
8]
------------------------------------------------------- 
# stage = 6	# children c = 10	length of each stage p = 1	nodes = 50	# items I = 1
