[52, 29, 25, 8, 66, 45, 48, 44, 2, 34,
51, 44, 52, 3, 1, 98, 23, 95, 99, 16,
70, 93, 26, 19, 23, 68, 72, 0, 5, 18,
21]
[[3053, 4149, 2197], [342, 3641, 4967], [450, 2113, 242], [2233, 4789, 750], [4381, 2102, 4135], [4230, 298, 1833], [2403, 2889, 2784], [3045, 2730, 4575], [1606, 330, 2876], [176, 3643, 2849],
[4043, 3488, 1965], [3032, 622, 2398], [2966, 1072, 4511], [3208, 3305, 1059], [3959, 4479, 3162], [4886, 3676, 3460], [1686, 2871, 1316], [1263, 884, 4046], [805, 2490, 1168], [3681, 4491, 4811],
[3322, 3501, 59], [254, 1500, 681], [2652, 4466, 1754], [3955, 4466, 26], [5015, 184, 1297], [3144, 38, 1766], [3396, 3549, 4637], [1504, 4812, 488], [2343, 2409, 4803], [3511, 1058, 1053],
[82, 4380, 4554]]
[[2, 10, 2, 10], [8, 6, 4, 9], [3, 6, 5, 4], [5, 10, 8, 9], [1, 1, 8, 5], [7, 9, 2, 3], [6, 2, 0, 3], [8, 2, 1, 8], [10, 1, 7, 8], [8, 9, 4, 9],
[2, 7, 3, 5], [5, 9, 4, 6], [10, 10, 0, 6], [6, 1, 8, 2], [3, 6, 5, 9], [8, 4, 6, 5], [4, 1, 2, 1], [10, 7, 8, 0], [3, 9, 5, 8], [8, 7, 1, 7],
[6, 2, 1, 2], [3, 9, 4, 4], [4, 7, 3, 10], [10, 9, 4, 3], [8, 5, 2, 6], [10, 10, 6, 2], [9, 0, 9, 4], [8, 10, 0, 3], [10, 10, 3, 0], [8, 7, 5, 10],
[2, 8, 7, 1]]
[1, 0.1, 0.1, 0.1, 0.1, 0.1, 0.1, 0.1, 0.1, 0.1,
0.1, 0.01, 0.01, 0.01, 0.01, 0.01, 0.01, 0.01, 0.01, 0.01,
0.01, 0.001, 0.001, 0.001, 0.001, 0.001, 0.001, 0.001, 0.001, 0.001,
0.001]
[12, 6, 7, 9, 2, 0, 8, 4, 4, 6,
9, 11, 0, 5, 12, 12, 11, 8, 10, 7,
8, 6, 10, 1, 2, 9, 8, 2, 12, 0,
7]
------------------------------------------------------- 
# stage = 4	# children c = 10	length of each stage p = 1	nodes = 30	# items I = 1
