[92, 68, 96, 90, 19, 11, 42, 81, 46, 34,
20, 5, 73, 57, 34, 66, 71, 99, 24, 71,
58, 3, 92, 8, 18, 85, 56, 81, 91, 33,
17, 82, 67, 12, 37, 52, 91, 80, 33, 36,
80, 19, 41, 18, 76, 41, 50, 47, 39, 74,
17]
[[1331, 47, 832], [1859, 1335, 1204], [456, 2107, 2078], [355, 826, 801], [81, 594, 2105], [1225, 246, 857], [2024, 9, 1497], [896, 1031, 491], [1297, 352, 2103], [1423, 874, 663],
[1207, 2077, 582], [2039, 1794, 1789], [973, 109, 1755], [909, 464, 439], [1711, 418, 905], [1546, 1643, 1152], [262, 1397, 1161], [1631, 151, 2064], [1994, 1320, 147], [1828, 602, 1021],
[221, 1809, 828], [803, 1579, 481], [450, 410, 462], [2077, 1192, 798], [374, 761, 1216], [1152, 37, 589], [162, 299, 1859], [1195, 1803, 1882], [1118, 1527, 1061], [1265, 1213, 1535],
[16, 1434, 1074], [844, 2109, 383], [1197, 290, 794], [1659, 225, 1986], [188, 472, 477], [1276, 1624, 386], [1866, 1658, 686], [1455, 711, 219], [1195, 1701, 1618], [114, 696, 690],
[1521, 584, 1996], [454, 1301, 1964], [837, 356, 112], [1503, 1888, 209], [1219, 2076, 681], [1568, 1210, 35], [1955, 806, 1693], [371, 119, 263], [462, 1187, 1964], [2080, 1301, 391],
[500, 553, 975]]
[[10, 2, 5, 9], [2, 5, 2, 2], [4, 8, 10, 4], [3, 2, 3, 9], [7, 1, 6, 6], [7, 0, 0, 7], [2, 8, 7, 7], [1, 3, 0, 0], [6, 5, 7, 6], [8, 7, 8, 1],
[5, 5, 3, 6], [7, 5, 4, 4], [4, 9, 8, 1], [9, 7, 8, 9], [4, 4, 6, 5], [8, 4, 4, 1], [7, 9, 7, 4], [6, 2, 3, 0], [5, 7, 6, 1], [1, 8, 3, 5],
[6, 10, 4, 2], [6, 2, 1, 8], [6, 5, 0, 1], [9, 4, 2, 5], [1, 7, 9, 7], [7, 10, 5, 1], [6, 9, 1, 5], [6, 4, 9, 0], [1, 2, 2, 7], [4, 3, 2, 9],
[8, 3, 8, 6], [5, 0, 9, 6], [5, 5, 0, 2], [5, 5, 3, 0], [3, 4, 4, 8], [7, 2, 8, 8], [4, 10, 3, 7], [3, 5, 3, 0], [6, 0, 7, 1], [0, 3, 5, 6],
[9, 6, 8, 3], [9, 9, 1, 2], [1, 5, 10, 8], [7, 5, 3, 10], [4, 6, 6, 7], [10, 9, 8, 5], [9, 2, 4, 8], [3, 10, 1, 1], [3, 7, 4, 1], [5, 6, 1, 6],
[9, 9, 1, 6]]
[1, 0.1, 0.1, 0.1, 0.1, 0.1, 0.1, 0.1, 0.1, 0.1,
0.1, 0.01, 0.01, 0.01, 0.01, 0.01, 0.01, 0.01, 0.01, 0.01,
0.01, 0.001, 0.001, 0.001, 0.001, 0.001, 0.001, 0.001, 0.001, 0.001,
0.001, 0.0001, 0.0001, 0.0001, 0.0001, 0.0001, 0.0001, 0.0001, 0.0001, 0.0001,
0.0001, 1e-05, 1e-05, 1e-05, 1e-05, 1e-05, 1e-05, 1e-05, 1e-05, 1e-05,
1e-05]
[21, 13, 11, 14, 6, 9, 16, 7, 4, 10,
20, 18, 4, 21, 1, 20, 15, 0, 6, 19,
14, 0, 4, 11, 9, 1, 17, 17, 4, 16,
8, 3, 1, 4, 16, 20, 4, 12, 4, 14,
20, 16, 9, 12, 3, 16, 19, 10, 1, 4,
12]
------------------------------------------------------- 
# stage = 6	# children c = 10	length of each stage p = 1	nodes = 50	# items I = 1
