[73, 87, 99, 5, 73, 89, 41, 58, 97, 21,
65, 24, 91, 56, 18, 59, 61, 25, 95, 16,
49, 88, 57, 94, 99, 75, 92, 100, 82, 21,
14, 55, 8, 13, 26, 81, 68, 33, 5, 64,
54, 36, 55, 45, 92, 73, 3, 52, 98, 64,
34, 12, 52, 58, 5, 16, 32, 97, 83, 80,
18, 97, 0, 93, 76, 26, 73, 44, 26, 78,
74, 80, 80, 28, 24, 71, 67, 94, 89, 30,
58]
[[765, 858, 410], [13, 720, 332], [292, 591, 338], [73, 455, 67], [165, 291, 637], [418, 61, 886], [309, 116, 848], [792, 353, 643], [78, 703, 820], [163, 615, 16],
[423, 234, 630], [833, 247, 205], [263, 540, 796], [358, 369, 349], [425, 290, 396], [160, 708, 457], [802, 115, 329], [505, 663, 683], [246, 741, 484], [822, 660, 855],
[595, 182, 187], [323, 113, 191], [528, 133, 731], [422, 491, 856], [527, 14, 245], [21, 833, 51], [479, 489, 825], [808, 92, 586], [589, 94, 182], [830, 15, 842],
[783, 610, 780], [727, 689, 650], [16, 316, 783], [503, 494, 372], [457, 120, 142], [702, 141, 731], [510, 376, 319], [433, 283, 411], [117, 628, 506], [299, 312, 277],
[898, 194, 643], [776, 677, 186], [524, 693, 502], [161, 50, 95], [289, 507, 873], [432, 64, 112], [17, 574, 489], [336, 105, 528], [504, 222, 254], [766, 522, 567],
[141, 518, 517], [540, 148, 292], [726, 429, 741], [83, 590, 791], [836, 880, 152], [807, 166, 216], [17, 183, 546], [262, 520, 651], [790, 780, 630], [801, 644, 6],
[222, 541, 280], [495, 837, 428], [543, 661, 857], [138, 500, 302], [27, 434, 36], [837, 339, 202], [810, 113, 385], [454, 131, 661], [204, 678, 295], [590, 333, 37],
[596, 555, 578], [876, 806, 513], [158, 447, 29], [772, 341, 529], [172, 368, 720], [208, 303, 815], [166, 869, 26], [551, 422, 816], [67, 382, 592], [362, 70, 23],
[156, 666, 334]]
[[10, 4, 2, 1], [10, 8, 10, 2], [5, 9, 10, 7], [5, 6, 2, 10], [1, 4, 5, 6], [0, 4, 7, 5], [9, 2, 10, 1], [3, 6, 1, 0], [10, 3, 1, 10], [0, 0, 10, 6],
[8, 7, 0, 0], [2, 0, 10, 1], [5, 5, 5, 5], [7, 0, 8, 5], [0, 7, 4, 1], [3, 5, 0, 0], [8, 1, 10, 9], [0, 7, 2, 6], [1, 0, 6, 3], [0, 3, 3, 5],
[6, 6, 8, 2], [6, 6, 6, 4], [0, 10, 4, 1], [5, 4, 2, 0], [5, 10, 9, 3], [5, 9, 9, 6], [9, 2, 8, 10], [4, 0, 2, 10], [4, 0, 0, 9], [4, 6, 2, 2],
[3, 6, 4, 6], [10, 4, 7, 3], [3, 3, 4, 6], [2, 3, 2, 0], [3, 10, 10, 7], [8, 2, 5, 10], [0, 5, 8, 2], [9, 9, 4, 1], [2, 6, 6, 2], [10, 2, 3, 1],
[5, 7, 7, 7], [8, 7, 6, 10], [4, 5, 4, 10], [5, 9, 10, 3], [3, 7, 5, 1], [3, 8, 1, 6], [3, 5, 6, 3], [7, 9, 2, 10], [3, 9, 5, 10], [4, 0, 7, 8],
[3, 0, 8, 7], [10, 7, 10, 0], [1, 3, 2, 5], [0, 1, 9, 1], [6, 4, 2, 0], [0, 4, 8, 1], [1, 0, 9, 5], [0, 5, 2, 4], [6, 8, 9, 5], [2, 8, 5, 2],
[9, 5, 5, 7], [4, 3, 9, 8], [7, 0, 6, 5], [3, 2, 6, 2], [2, 5, 7, 3], [10, 7, 5, 3], [3, 3, 6, 5], [9, 10, 7, 8], [2, 1, 2, 7], [4, 0, 2, 9],
[10, 9, 3, 0], [0, 8, 2, 0], [0, 7, 3, 8], [3, 6, 1, 6], [7, 5, 10, 6], [4, 6, 1, 7], [6, 3, 1, 8], [2, 3, 7, 1], [10, 8, 1, 8], [3, 1, 9, 3],
[8, 10, 1, 9]]
[1, 0.05, 0.05, 0.05, 0.05, 0.05, 0.05, 0.05, 0.05, 0.05,
0.05, 0.05, 0.05, 0.05, 0.05, 0.05, 0.05, 0.05, 0.05, 0.05,
0.05, 0.0025, 0.0025, 0.0025, 0.0025, 0.0025, 0.0025, 0.0025, 0.0025, 0.0025,
0.0025, 0.0025, 0.0025, 0.0025, 0.0025, 0.0025, 0.0025, 0.0025, 0.0025, 0.0025,
0.0025, 0.000125, 0.000125, 0.000125, 0.000125, 0.000125, 0.000125, 0.000125, 0.000125, 0.000125,
0.000125, 0.000125, 0.000125, 0.000125, 0.000125, 0.000125, 0.000125, 0.000125, 0.000125, 0.000125,
0.000125, 6.25e-06, 6.25e-06, 6.25e-06, 6.25e-06, 6.25e-06, 6.25e-06, 6.25e-06, 6.25e-06, 6.25e-06,
6.25e-06, 6.25e-06, 6.25e-06, 6.25e-06, 6.25e-06, 6.25e-06, 6.25e-06, 6.25e-06, 6.25e-06, 6.25e-06,
6.25e-06]
[8, 16, 13, 4, 10, 12, 1, 5, 18, 10,
7, 10, 7, 9, 6, 8, 18, 12, 18, 13,
2, 18, 15, 6, 8, 2, 7, 14, 3, 7,
18, 1, 17, 5, 5, 1, 3, 6, 1, 7,
7, 3, 15, 1, 4, 2, 2, 15, 14, 11,
18, 2, 9, 12, 15, 17, 4, 11, 0, 13,
0, 2, 16, 16, 13, 5, 15, 9, 7, 10,
18, 3, 4, 17, 6, 3, 1, 5, 16, 6,
6]
------------------------------------------------------- 
# stage = 5	# children c = 20	length of each stage p = 1	nodes = 80	# items I = 1
