[89, 99, 13, 10, 13, 50, 12, 67, 80, 16,
69, 31, 0, 61, 84, 60, 67, 29, 64, 77,
85, 49, 9, 85, 56, 37, 27, 94, 95, 60,
84, 49, 24, 63, 60, 37, 79, 72, 71, 58,
54, 39, 89, 54, 66, 39, 80, 33, 34, 10,
76, 86, 25, 85, 70, 47, 22, 63, 40, 83,
89, 23, 31, 13, 52, 57, 16, 31, 28, 87,
89]
[[601, 7, 475], [670, 482, 659], [90, 199, 171], [233, 779, 261], [586, 732, 839], [874, 415, 442], [460, 422, 578], [162, 903, 4], [49, 701, 487], [60, 167, 72],
[464, 479, 80], [20, 230, 273], [391, 31, 473], [562, 264, 333], [824, 850, 776], [455, 806, 272], [897, 58, 694], [267, 220, 390], [271, 899, 172], [758, 41, 51],
[542, 216, 530], [622, 866, 472], [895, 338, 503], [449, 901, 479], [493, 517, 121], [350, 53, 638], [333, 662, 697], [739, 10, 917], [210, 282, 898], [93, 751, 650],
[144, 374, 866], [386, 707, 524], [858, 395, 863], [153, 844, 845], [632, 130, 443], [465, 480, 207], [184, 814, 580], [881, 345, 591], [880, 555, 584], [570, 359, 127],
[12, 504, 213], [589, 601, 1], [194, 540, 107], [138, 404, 33], [694, 748, 793], [848, 294, 354], [137, 478, 879], [717, 441, 305], [100, 113, 571], [395, 394, 12],
[523, 406, 227], [447, 706, 828], [159, 900, 160], [267, 750, 564], [11, 525, 393], [804, 455, 398], [239, 303, 877], [830, 731, 399], [846, 543, 223], [499, 19, 617],
[222, 253, 104], [449, 700, 810], [69, 571, 502], [229, 838, 44], [504, 849, 570], [609, 734, 736], [88, 684, 750], [676, 306, 273], [156, 234, 816], [379, 444, 547],
[707, 666, 511]]
[[6, 10, 5, 1], [9, 10, 8, 5], [3, 5, 10, 3], [6, 0, 7, 1], [8, 8, 4, 7], [4, 10, 9, 8], [5, 6, 7, 8], [7, 3, 7, 0], [0, 10, 10, 7], [7, 7, 1, 10],
[1, 9, 3, 5], [10, 8, 4, 5], [5, 7, 2, 7], [6, 9, 4, 9], [4, 10, 7, 9], [0, 1, 9, 0], [0, 7, 6, 7], [3, 7, 6, 3], [4, 7, 6, 3], [4, 0, 6, 8],
[5, 8, 4, 0], [4, 7, 9, 9], [6, 3, 7, 6], [4, 4, 4, 4], [0, 10, 9, 1], [5, 3, 4, 9], [10, 0, 10, 2], [9, 5, 8, 3], [1, 10, 1, 5], [6, 8, 3, 10],
[1, 9, 3, 3], [0, 6, 8, 0], [5, 6, 10, 8], [9, 4, 6, 7], [2, 3, 7, 9], [7, 2, 10, 8], [1, 9, 0, 6], [6, 2, 3, 5], [0, 7, 9, 0], [2, 4, 9, 5],
[8, 6, 3, 5], [8, 7, 1, 8], [9, 6, 6, 5], [8, 3, 2, 7], [1, 2, 0, 6], [4, 4, 0, 2], [9, 7, 0, 9], [0, 7, 1, 9], [3, 2, 3, 0], [8, 2, 9, 6],
[6, 2, 0, 1], [6, 0, 6, 5], [2, 7, 0, 5], [9, 10, 5, 5], [4, 4, 1, 5], [0, 0, 1, 1], [3, 2, 0, 0], [4, 9, 4, 8], [9, 4, 9, 4], [4, 4, 8, 4],
[9, 6, 7, 7], [3, 0, 10, 8], [4, 9, 0, 2], [10, 1, 4, 2], [1, 4, 0, 5], [0, 4, 0, 9], [6, 9, 1, 8], [2, 9, 1, 10], [2, 9, 4, 6], [7, 4, 1, 0],
[2, 1, 2, 1]]
[1, 0.1, 0.1, 0.1, 0.1, 0.1, 0.1, 0.1, 0.1, 0.1,
0.1, 0.01, 0.01, 0.01, 0.01, 0.01, 0.01, 0.01, 0.01, 0.01,
0.01, 0.001, 0.001, 0.001, 0.001, 0.001, 0.001, 0.001, 0.001, 0.001,
0.001, 0.0001, 0.0001, 0.0001, 0.0001, 0.0001, 0.0001, 0.0001, 0.0001, 0.0001,
0.0001, 1e-05, 1e-05, 1e-05, 1e-05, 1e-05, 1e-05, 1e-05, 1e-05, 1e-05,
1e-05, 1e-06, 1e-06, 1e-06, 1e-06, 1e-06, 1e-06, 1e-06, 1e-06, 1e-06,
1e-06, 1e-07, 1e-07, 1e-07, 1e-07, 1e-07, 1e-07, 1e-07, 1e-07, 1e-07,
1e-07]
[9, 6, 7, 1, 1, 2, 0, 0, 4, 3,
1, 3, 5, 5, 5, 4, 6, 2, 5, 7,
7, 0, 4, 1, 2, 9, 3, 1, 5, 9,
0, 8, 0, 1, 9, 4, 1, 7, 6, 5,
2, 1, 1, 9, 4, 1, 5, 2, 4, 1,
7, 3, 1, 3, 8, 6, 9, 0, 5, 2,
9, 7, 5, 3, 6, 8, 4, 3, 1, 3,
8]
------------------------------------------------------- 
# stage = 8	# children c = 10	length of each stage p = 1	nodes = 70	# items I = 1
