[3, 93, 69, 20, 28, 43, 37, 2, 61, 74,
100, 21, 97, 64, 43, 57, 68, 60, 59, 21,
48, 73, 7, 45, 38, 12, 64, 65, 1, 94,
32, 4, 53, 68, 92, 81, 10, 28, 84, 37,
68, 49, 59, 64, 12, 1, 87, 47, 27, 46,
68, 75, 85, 76, 20, 22, 88, 50, 53, 56,
44, 52, 26, 97, 19, 17, 77, 29, 45, 26,
32, 12, 76, 91, 77, 54, 59, 29, 0, 52,
75, 35, 27, 60, 10, 13, 48, 64, 63, 1,
86, 73, 53, 12, 69, 72, 29, 12, 67, 41,
4, 99, 53, 46, 56, 96, 0, 14, 25, 67,
66, 100, 1, 59, 25, 78, 72, 74, 8, 1,
41, 94, 74, 94, 5, 9, 31, 1, 88, 98,
8, 92, 96, 61, 38, 51, 23, 4, 31, 14,
71]
[[990, 472, 976], [852, 78, 4], [362, 841, 131], [865, 325, 611], [947, 644, 662], [740, 887, 406], [315, 925, 664], [131, 829, 33], [131, 703, 298], [327, 269, 799],
[889, 4, 269], [864, 856, 93], [614, 964, 681], [745, 828, 4], [101, 519, 648], [763, 257, 279], [168, 318, 202], [578, 195, 29], [612, 327, 479], [910, 654, 494],
[453, 288, 498], [722, 898, 352], [562, 256, 61], [241, 0, 889], [993, 849, 152], [385, 356, 409], [664, 524, 727], [613, 849, 923], [388, 459, 248], [613, 113, 648],
[106, 313, 682], [604, 781, 578], [703, 341, 835], [764, 328, 581], [397, 65, 174], [549, 450, 530], [958, 861, 801], [429, 218, 648], [96, 606, 853], [90, 218, 712],
[739, 324, 23], [419, 674, 551], [744, 375, 638], [323, 137, 967], [904, 280, 778], [76, 829, 975], [352, 531, 834], [151, 961, 798], [799, 803, 402], [396, 894, 366],
[107, 631, 436], [878, 796, 109], [427, 284, 484], [64, 607, 368], [777, 255, 648], [299, 77, 222], [272, 430, 753], [852, 581, 458], [648, 125, 260], [49, 521, 152],
[161, 628, 529], [598, 251, 69], [707, 678, 354], [937, 488, 707], [49, 9, 963], [698, 309, 38], [666, 581, 468], [417, 432, 796], [622, 826, 921], [628, 875, 440],
[526, 783, 815], [801, 379, 64], [870, 832, 488], [970, 513, 977], [676, 563, 986], [637, 5, 39], [421, 671, 621], [636, 834, 799], [430, 200, 623], [349, 828, 243],
[535, 98, 24], [94, 899, 149], [158, 514, 727], [647, 482, 238], [368, 904, 547], [352, 285, 298], [138, 707, 969], [759, 341, 548], [556, 517, 748], [925, 866, 321],
[166, 145, 419], [938, 240, 317], [85, 398, 831], [558, 791, 57], [543, 157, 962], [88, 256, 245], [387, 394, 952], [100, 899, 37], [648, 199, 554], [141, 122, 164],
[462, 35, 310], [881, 973, 296], [196, 805, 440], [773, 361, 230], [831, 904, 133], [791, 993, 135], [34, 124, 275], [733, 224, 172], [516, 619, 371], [817, 760, 240],
[981, 968, 275], [35, 847, 246], [77, 790, 49], [518, 561, 157], [494, 390, 59], [373, 927, 798], [509, 708, 668], [530, 439, 893], [703, 701, 256], [820, 516, 762],
[806, 242, 728], [79, 23, 319], [72, 101, 107], [869, 365, 669], [24, 859, 805], [84, 230, 731], [628, 485, 437], [295, 14, 622], [934, 463, 321], [936, 27, 584],
[696, 834, 572], [168, 913, 595], [487, 731, 696], [595, 599, 59], [8, 369, 664], [813, 199, 641], [288, 828, 872], [725, 121, 886], [345, 801, 93], [413, 735, 121],
[743, 429, 701]]
[[2, 6, 2, 9], [8, 0, 6, 8], [8, 9, 5, 2], [2, 6, 9, 8], [4, 8, 9, 3], [8, 8, 0, 1], [5, 2, 9, 4], [6, 3, 10, 6], [9, 1, 5, 6], [2, 0, 1, 8],
[7, 4, 8, 7], [8, 5, 5, 1], [0, 3, 4, 9], [0, 3, 8, 3], [5, 4, 5, 9], [7, 5, 3, 5], [4, 8, 10, 6], [6, 9, 2, 0], [3, 10, 7, 0], [4, 1, 0, 3],
[3, 2, 1, 1], [5, 7, 3, 8], [0, 8, 5, 5], [0, 8, 10, 5], [3, 7, 9, 7], [6, 0, 7, 7], [9, 1, 5, 0], [3, 5, 3, 4], [6, 2, 3, 0], [7, 6, 7, 7],
[2, 1, 1, 2], [9, 10, 7, 1], [4, 4, 8, 10], [4, 2, 4, 0], [3, 10, 1, 4], [4, 2, 6, 8], [5, 10, 9, 1], [5, 3, 7, 7], [4, 6, 8, 0], [3, 4, 1, 8],
[8, 7, 5, 0], [7, 10, 9, 10], [9, 8, 2, 0], [0, 8, 9, 3], [7, 5, 2, 0], [8, 7, 7, 1], [1, 4, 1, 4], [7, 0, 10, 2], [5, 5, 0, 10], [2, 10, 9, 0],
[7, 0, 9, 5], [7, 5, 6, 3], [10, 9, 3, 5], [3, 9, 4, 4], [2, 3, 9, 7], [3, 8, 10, 6], [0, 8, 5, 2], [5, 2, 0, 2], [0, 10, 5, 7], [4, 1, 0, 2],
[8, 1, 7, 0], [10, 1, 5, 0], [2, 1, 7, 6], [9, 4, 10, 8], [0, 3, 10, 5], [5, 0, 5, 5], [8, 0, 0, 1], [10, 0, 1, 5], [10, 7, 5, 10], [6, 8, 10, 8],
[9, 4, 1, 6], [7, 1, 3, 7], [4, 0, 1, 7], [0, 7, 10, 8], [5, 10, 8, 4], [8, 7, 7, 8], [3, 1, 5, 9], [8, 2, 7, 4], [6, 6, 10, 0], [7, 0, 7, 9],
[1, 7, 3, 10], [1, 3, 6, 6], [0, 3, 8, 7], [10, 4, 2, 1], [3, 7, 10, 0], [9, 4, 5, 2], [0, 2, 1, 5], [3, 8, 2, 2], [2, 5, 1, 3], [6, 7, 9, 7],
[8, 4, 1, 6], [6, 3, 7, 10], [8, 4, 8, 6], [7, 0, 6, 5], [3, 7, 10, 4], [3, 10, 4, 3], [5, 5, 7, 9], [0, 3, 3, 8], [6, 4, 1, 1], [7, 8, 0, 4],
[0, 9, 8, 7], [7, 2, 1, 10], [7, 9, 1, 8], [9, 5, 1, 1], [9, 6, 10, 9], [9, 3, 4, 4], [5, 6, 4, 2], [3, 4, 4, 3], [0, 0, 8, 8], [2, 9, 5, 7],
[8, 7, 5, 4], [1, 4, 5, 10], [10, 2, 6, 6], [5, 0, 9, 9], [6, 2, 0, 7], [4, 2, 9, 5], [2, 6, 2, 2], [3, 5, 10, 9], [1, 2, 2, 1], [6, 5, 9, 3],
[7, 5, 7, 0], [5, 5, 9, 9], [5, 7, 5, 10], [9, 3, 2, 10], [8, 2, 1, 0], [7, 9, 9, 9], [9, 0, 8, 4], [3, 6, 5, 10], [0, 2, 10, 5], [5, 6, 3, 0],
[2, 7, 10, 10], [8, 1, 9, 5], [1, 8, 5, 8], [7, 1, 6, 5], [10, 3, 8, 2], [10, 0, 2, 8], [2, 10, 1, 8], [6, 4, 6, 8], [9, 3, 7, 7], [4, 3, 1, 5],
[1, 5, 0, 6]]
[1, 0.05, 0.05, 0.05, 0.05, 0.05, 0.05, 0.05, 0.05, 0.05,
0.05, 0.05, 0.05, 0.05, 0.05, 0.05, 0.05, 0.05, 0.05, 0.05,
0.05, 0.0025, 0.0025, 0.0025, 0.0025, 0.0025, 0.0025, 0.0025, 0.0025, 0.0025,
0.0025, 0.0025, 0.0025, 0.0025, 0.0025, 0.0025, 0.0025, 0.0025, 0.0025, 0.0025,
0.0025, 0.000125, 0.000125, 0.000125, 0.000125, 0.000125, 0.000125, 0.000125, 0.000125, 0.000125,
0.000125, 0.000125, 0.000125, 0.000125, 0.000125, 0.000125, 0.000125, 0.000125, 0.000125, 0.000125,
0.000125, 6.25e-06, 6.25e-06, 6.25e-06, 6.25e-06, 6.25e-06, 6.25e-06, 6.25e-06, 6.25e-06, 6.25e-06,
6.25e-06, 6.25e-06, 6.25e-06, 6.25e-06, 6.25e-06, 6.25e-06, 6.25e-06, 6.25e-06, 6.25e-06, 6.25e-06,
6.25e-06, 3.125e-07, 3.125e-07, 3.125e-07, 3.125e-07, 3.125e-07, 3.125e-07, 3.125e-07, 3.125e-07, 3.125e-07,
3.125e-07, 3.125e-07, 3.125e-07, 3.125e-07, 3.125e-07, 3.125e-07, 3.125e-07, 3.125e-07, 3.125e-07, 3.125e-07,
3.125e-07, 1.5625e-08, 1.5625e-08, 1.5625e-08, 1.5625e-08, 1.5625e-08, 1.5625e-08, 1.5625e-08, 1.5625e-08, 1.5625e-08,
1.5625e-08, 1.5625e-08, 1.5625e-08, 1.5625e-08, 1.5625e-08, 1.5625e-08, 1.5625e-08, 1.5625e-08, 1.5625e-08, 1.5625e-08,
1.5625e-08, 7.8125e-10, 7.8125e-10, 7.8125e-10, 7.8125e-10, 7.8125e-10, 7.8125e-10, 7.8125e-10, 7.8125e-10, 7.8125e-10,
7.8125e-10, 7.8125e-10, 7.8125e-10, 7.8125e-10, 7.8125e-10, 7.8125e-10, 7.8125e-10, 7.8125e-10, 7.8125e-10, 7.8125e-10,
7.8125e-10]
[10, 9, 7, 19, 13, 16, 14, 3, 15, 0,
14, 17, 19, 17, 6, 17, 12, 4, 17, 6,
4, 18, 16, 6, 4, 1, 20, 19, 12, 20,
6, 9, 19, 12, 15, 20, 20, 11, 16, 1,
0, 13, 19, 14, 3, 2, 6, 5, 2, 17,
15, 10, 11, 4, 13, 4, 6, 8, 5, 10,
14, 15, 1, 1, 15, 15, 11, 19, 0, 9,
6, 3, 8, 14, 13, 19, 14, 3, 11, 16,
20, 10, 10, 13, 7, 0, 10, 0, 13, 7,
15, 8, 18, 0, 12, 12, 2, 20, 6, 0,
9, 1, 2, 14, 13, 15, 2, 12, 9, 4,
6, 8, 13, 20, 18, 7, 17, 1, 5, 10,
10, 1, 4, 8, 2, 10, 3, 14, 3, 11,
8, 2, 2, 2, 13, 1, 15, 13, 11, 10,
8]
------------------------------------------------------- 
# stage = 8	# children c = 20	length of each stage p = 1	nodes = 140	# items I = 1
