[50, 5, 72, 44, 27, 100, 68, 96, 96, 44,
15, 91, 44, 20, 85, 92, 96, 51, 32, 74,
14, 13, 55, 28, 42, 19, 42, 60, 28, 54,
14]
[[270, 68, 415], [619, 570, 242], [561, 931, 128], [155, 920, 26], [387, 14, 737], [830, 789, 81], [675, 92, 783], [616, 821, 487], [602, 75, 36], [591, 686, 489],
[164, 865, 557], [579, 503, 55], [821, 972, 894], [949, 146, 833], [883, 441, 756], [547, 199, 564], [628, 874, 656], [338, 418, 404], [826, 39, 479], [770, 630, 93],
[186, 794, 958], [652, 300, 388], [615, 140, 379], [528, 17, 434], [289, 808, 875], [953, 375, 1], [536, 911, 876], [119, 177, 221], [524, 911, 168], [911, 700, 707],
[23, 795, 520]]
[[0, 7, 7, 10], [3, 8, 9, 7], [8, 3, 5, 0], [7, 8, 0, 4], [3, 5, 1, 8], [10, 10, 3, 0], [2, 6, 3, 6], [9, 4, 5, 7], [0, 1, 5, 1], [7, 3, 7, 4],
[5, 1, 2, 1], [7, 2, 6, 9], [5, 5, 6, 5], [4, 7, 5, 7], [2, 9, 2, 10], [0, 8, 4, 9], [7, 9, 0, 2], [2, 7, 6, 5], [6, 7, 6, 3], [7, 1, 1, 2],
[6, 5, 5, 0], [1, 8, 7, 3], [4, 7, 2, 4], [2, 7, 1, 10], [5, 1, 1, 5], [8, 5, 10, 1], [10, 6, 2, 7], [7, 3, 7, 1], [6, 10, 1, 7], [7, 6, 0, 10],
[2, 2, 1, 5]]
[1, 0.1, 0.1, 0.1, 0.1, 0.1, 0.1, 0.1, 0.1, 0.1,
0.1, 0.01, 0.01, 0.01, 0.01, 0.01, 0.01, 0.01, 0.01, 0.01,
0.01, 0.001, 0.001, 0.001, 0.001, 0.001, 0.001, 0.001, 0.001, 0.001,
0.001]
[5, 17, 3, 17, 12, 11, 3, 10, 8, 10,
4, 3, 11, 0, 19, 8, 15, 1, 15, 4,
9, 11, 15, 8, 12, 13, 1, 3, 1, 6,
16]
------------------------------------------------------- 
# stage = 4	# children c = 10	length of each stage p = 1	nodes = 30	# items I = 1
