[42, 31, 22, 20, 55, 77, 42, 40, 95, 47,
92, 3, 84, 0, 57, 31, 38, 32, 33, 46,
25, 63, 62, 57, 37, 14, 5, 33, 79, 26,
8, 20, 24, 97, 6, 45, 74, 48, 86, 34,
61, 43, 37, 44, 43, 60, 41, 48, 92, 74,
94, 17, 37, 21, 74, 40, 35, 79, 73, 13,
71, 47, 100, 61, 44, 72, 6, 17, 19, 92,
17, 80, 0, 55, 91, 44, 14, 31, 92, 6,
72]
[[644, 1815, 490], [1599, 223, 601], [1707, 34, 911], [803, 701, 425], [1701, 1439, 793], [1764, 1492, 1792], [1247, 1483, 1208], [1250, 1301, 585], [920, 1561, 893], [410, 817, 240],
[1572, 943, 10], [18, 497, 234], [101, 1686, 1795], [494, 444, 1978], [919, 1628, 1372], [1712, 1347, 819], [1459, 32, 257], [104, 1282, 1040], [171, 1684, 556], [547, 1576, 855],
[787, 1104, 1799], [797, 1122, 1778], [513, 1223, 1420], [263, 1717, 1346], [1723, 591, 929], [1050, 1785, 1759], [1869, 1200, 1791], [1608, 786, 510], [603, 440, 1677], [642, 987, 1208],
[1497, 1256, 267], [733, 8, 871], [467, 4, 49], [1369, 1794, 1248], [670, 1473, 1321], [1082, 478, 1062], [278, 1830, 1744], [1551, 875, 2012], [16, 961, 407], [1693, 1603, 1394],
[339, 537, 605], [606, 1271, 96], [1478, 1220, 1627], [1009, 544, 1376], [213, 696, 286], [1016, 1778, 247], [33, 11, 1559], [1259, 1562, 389], [1227, 1061, 1350], [1634, 191, 390],
[466, 530, 928], [553, 619, 1681], [131, 52, 856], [1758, 543, 1400], [572, 238, 51], [340, 1255, 1312], [587, 770, 805], [101, 2030, 1850], [491, 694, 866], [1323, 1810, 539],
[1714, 1758, 1070], [79, 267, 1171], [1760, 1925, 705], [571, 1121, 1248], [1453, 1693, 1487], [986, 2033, 697], [253, 58, 949], [541, 159, 416], [346, 132, 1110], [694, 1456, 876],
[1233, 607, 71], [1785, 168, 1865], [911, 1928, 1746], [1616, 1981, 822], [302, 871, 1997], [1789, 1857, 1467], [1968, 1593, 1525], [872, 89, 1167], [771, 1962, 1299], [1881, 611, 192],
[194, 1844, 281]]
[[8, 9, 10, 9], [0, 5, 3, 5], [9, 8, 4, 6], [10, 7, 1, 5], [6, 9, 2, 1], [6, 2, 7, 7], [3, 7, 0, 3], [5, 8, 4, 0], [4, 1, 7, 2], [6, 0, 7, 4],
[6, 1, 0, 3], [8, 10, 6, 1], [7, 9, 2, 2], [9, 7, 7, 1], [4, 5, 4, 7], [1, 9, 8, 5], [8, 2, 8, 4], [0, 2, 8, 6], [3, 6, 8, 9], [6, 3, 10, 0],
[10, 10, 2, 8], [7, 7, 7, 9], [1, 10, 5, 2], [6, 0, 8, 3], [1, 3, 5, 1], [5, 3, 8, 7], [7, 3, 5, 0], [6, 3, 0, 4], [2, 0, 10, 7], [7, 7, 3, 9],
[4, 9, 0, 10], [7, 6, 0, 8], [7, 6, 10, 0], [7, 5, 7, 3], [8, 10, 4, 1], [0, 2, 5, 1], [3, 5, 6, 10], [10, 10, 6, 3], [6, 5, 0, 2], [9, 0, 9, 4],
[4, 8, 4, 0], [0, 9, 4, 6], [6, 6, 7, 7], [6, 0, 6, 9], [5, 1, 7, 2], [0, 0, 3, 6], [5, 3, 7, 2], [1, 5, 6, 6], [0, 10, 4, 0], [6, 8, 6, 1],
[1, 0, 6, 8], [0, 1, 4, 3], [3, 9, 5, 3], [10, 8, 8, 2], [9, 2, 4, 0], [7, 8, 4, 5], [5, 8, 5, 0], [4, 9, 0, 3], [9, 6, 9, 10], [8, 3, 2, 0],
[10, 6, 1, 9], [3, 9, 1, 0], [0, 3, 0, 5], [10, 2, 10, 4], [10, 2, 3, 1], [0, 3, 5, 10], [9, 1, 7, 6], [2, 7, 6, 2], [2, 8, 0, 4], [4, 10, 4, 3],
[1, 2, 6, 0], [4, 6, 2, 1], [8, 5, 1, 7], [8, 6, 4, 7], [7, 0, 0, 8], [5, 5, 10, 6], [0, 10, 10, 4], [8, 3, 5, 9], [3, 1, 7, 5], [5, 9, 6, 2],
[4, 7, 7, 10]]
[1, 0.05, 0.05, 0.05, 0.05, 0.05, 0.05, 0.05, 0.05, 0.05,
0.05, 0.05, 0.05, 0.05, 0.05, 0.05, 0.05, 0.05, 0.05, 0.05,
0.05, 0.0025, 0.0025, 0.0025, 0.0025, 0.0025, 0.0025, 0.0025, 0.0025, 0.0025,
0.0025, 0.0025, 0.0025, 0.0025, 0.0025, 0.0025, 0.0025, 0.0025, 0.0025, 0.0025,
0.0025, 0.000125, 0.000125, 0.000125, 0.000125, 0.000125, 0.000125, 0.000125, 0.000125, 0.000125,
0.000125, 0.000125, 0.000125, 0.000125, 0.000125, 0.000125, 0.000125, 0.000125, 0.000125, 0.000125,
0.000125, 6.25e-06, 6.25e-06, 6.25e-06, 6.25e-06, 6.25e-06, 6.25e-06, 6.25e-06, 6.25e-06, 6.25e-06,
6.25e-06, 6.25e-06, 6.25e-06, 6.25e-06, 6.25e-06, 6.25e-06, 6.25e-06, 6.25e-06, 6.25e-06, 6.25e-06,
6.25e-06]
[8, 3, 3, 2, 10, 9, 3, 2, 7, 1,
4, 3, 0, 2, 10, 4, 9, 2, 9, 10,
3, 3, 8, 3, 0, 10, 0, 0, 7, 9,
0, 8, 9, 7, 8, 1, 3, 2, 8, 2,
7, 0, 1, 5, 3, 10, 5, 9, 2, 6,
10, 8, 0, 2, 0, 4, 1, 0, 2, 8,
6, 5, 0, 1, 9, 2, 0, 9, 6, 7,
1, 0, 0, 5, 0, 6, 6, 4, 2, 10,
7]
------------------------------------------------------- 
# stage = 5	# children c = 20	length of each stage p = 1	nodes = 80	# items I = 1
