[7, 76, 40, 24, 4, 82, 18, 48, 6, 95,
78, 56, 82, 30, 51, 12, 15, 33, 46, 20,
14, 7, 85, 19, 64, 45, 80, 63, 35, 23,
21, 8, 66, 61, 99, 36, 8, 16, 84, 15,
78, 27, 37, 59, 57, 88, 37, 38, 87, 50,
59, 67, 57, 43, 87, 20, 55, 32, 84, 56,
22]
[[1783, 1187, 1609], [606, 1939, 1611], [214, 61, 701], [861, 845, 1405], [235, 1583, 58], [1065, 95, 1774], [811, 1303, 893], [150, 83, 1397], [669, 279, 406], [1714, 1894, 802],
[1296, 1509, 34], [950, 1902, 1760], [394, 161, 1609], [1095, 810, 286], [333, 1045, 1869], [391, 155, 1752], [1952, 754, 1100], [890, 691, 1184], [332, 1361, 1250], [526, 907, 1189],
[1115, 248, 530], [1150, 986, 477], [742, 1380, 425], [396, 307, 1235], [683, 640, 112], [384, 819, 55], [1923, 816, 596], [1069, 1494, 1287], [85, 1613, 480], [1335, 1926, 1387],
[356, 1087, 1423], [886, 69, 454], [1150, 811, 1621], [1575, 995, 1715], [643, 1465, 401], [542, 1849, 1007], [597, 1605, 1610], [980, 719, 1149], [313, 591, 595], [793, 1926, 566],
[13, 114, 1653], [1436, 787, 1722], [1677, 1937, 366], [1130, 1344, 1361], [890, 1774, 871], [1078, 149, 552], [130, 746, 202], [1741, 1727, 708], [722, 1827, 1299], [1104, 665, 1057],
[1671, 465, 1171], [1369, 1901, 1745], [924, 1410, 1514], [1290, 585, 691], [483, 1476, 510], [1141, 599, 659], [1693, 730, 1193], [1683, 303, 752], [223, 812, 624], [1523, 1917, 1076],
[412, 1420, 1542]]
[[0, 4, 5, 0], [5, 3, 2, 8], [0, 6, 10, 5], [0, 6, 10, 1], [3, 3, 6, 4], [8, 3, 9, 8], [5, 8, 0, 2], [4, 1, 1, 4], [5, 6, 4, 8], [7, 4, 5, 7],
[10, 3, 0, 9], [9, 10, 10, 10], [0, 3, 4, 9], [6, 0, 4, 0], [8, 4, 3, 1], [5, 2, 3, 8], [7, 8, 5, 3], [10, 8, 9, 10], [0, 9, 6, 7], [6, 5, 7, 6],
[6, 0, 2, 0], [9, 6, 9, 7], [8, 10, 6, 0], [2, 8, 8, 9], [3, 0, 10, 2], [7, 6, 10, 7], [4, 5, 4, 8], [8, 9, 4, 2], [7, 4, 2, 5], [9, 0, 10, 4],
[9, 4, 5, 0], [1, 0, 7, 4], [10, 6, 4, 6], [2, 4, 2, 4], [7, 4, 2, 5], [0, 4, 7, 7], [6, 7, 0, 4], [5, 10, 9, 3], [3, 1, 3, 2], [1, 8, 4, 0],
[2, 9, 6, 4], [2, 7, 6, 9], [9, 6, 1, 10], [10, 6, 6, 6], [2, 6, 8, 6], [4, 4, 9, 5], [5, 0, 8, 5], [8, 1, 3, 10], [10, 10, 1, 10], [4, 8, 7, 2],
[1, 8, 10, 1], [4, 6, 5, 4], [10, 0, 8, 1], [5, 7, 7, 10], [5, 2, 2, 2], [1, 6, 0, 10], [3, 1, 9, 7], [7, 5, 7, 9], [1, 7, 8, 3], [0, 0, 5, 8],
[0, 3, 10, 5]]
[1, 0.1, 0.1, 0.1, 0.1, 0.1, 0.1, 0.1, 0.1, 0.1,
0.1, 0.01, 0.01, 0.01, 0.01, 0.01, 0.01, 0.01, 0.01, 0.01,
0.01, 0.001, 0.001, 0.001, 0.001, 0.001, 0.001, 0.001, 0.001, 0.001,
0.001, 0.0001, 0.0001, 0.0001, 0.0001, 0.0001, 0.0001, 0.0001, 0.0001, 0.0001,
0.0001, 1e-05, 1e-05, 1e-05, 1e-05, 1e-05, 1e-05, 1e-05, 1e-05, 1e-05,
1e-05, 1e-06, 1e-06, 1e-06, 1e-06, 1e-06, 1e-06, 1e-06, 1e-06, 1e-06,
1e-06]
[14, 11, 11, 12, 9, 9, 11, 16, 11, 2,
15, 10, 10, 19, 7, 16, 19, 1, 5, 0,
6, 6, 6, 12, 10, 0, 13, 8, 10, 4,
16, 3, 19, 9, 11, 3, 11, 7, 3, 18,
17, 2, 1, 7, 10, 0, 15, 13, 13, 3,
15, 5, 16, 8, 16, 9, 17, 17, 6, 9,
19]
------------------------------------------------------- 
# stage = 7	# children c = 10	length of each stage p = 1	nodes = 60	# items I = 1
