[33, 35, 40, 79, 41, 96, 87, 36, 55, 8,
85, 45, 35, 60, 86, 17, 3, 65, 32, 62,
45, 83, 12, 98, 100, 71, 50, 55, 10, 22,
89, 44, 23, 28, 22, 64, 91, 8, 0, 45,
83, 85, 56, 17, 10, 41, 35, 80, 72, 67,
42, 17, 15, 20, 81, 82, 91, 97, 2, 1,
18, 91, 11, 42, 86, 33, 5, 76, 7, 72,
20, 91, 57, 76, 74, 67, 83, 75, 13, 54,
7]
[[3235, 3753, 3087], [126, 2113, 1147], [67, 2784, 3278], [480, 3102, 2775], [1120, 2955, 2488], [2620, 1655, 1134], [929, 1599, 2658], [2001, 1731, 973], [1668, 3580, 1927], [360, 123, 1364],
[3083, 3358, 2017], [3071, 384, 268], [1118, 451, 3052], [1297, 1693, 3054], [210, 3576, 2148], [3460, 2334, 3803], [1494, 163, 2302], [291, 2165, 934], [2026, 733, 1414], [92, 1093, 1537],
[2218, 1077, 1795], [1136, 1048, 2179], [2166, 2166, 3393], [1357, 3463, 1224], [1311, 573, 1700], [3459, 172, 173], [301, 1666, 336], [3365, 2719, 3263], [1199, 884, 135], [2613, 1738, 1990],
[288, 94, 3067], [2845, 1992, 253], [1163, 297, 2420], [694, 2416, 2783], [2680, 3727, 3357], [519, 225, 3529], [1454, 526, 2095], [1790, 791, 953], [1954, 1991, 1837], [2851, 742, 3575],
[979, 1793, 569], [185, 776, 2562], [1200, 2701, 3621], [520, 3395, 2175], [3304, 2976, 2040], [3561, 395, 2265], [128, 1849, 3553], [2223, 539, 483], [3176, 2493, 3236], [1913, 1482, 878],
[2388, 3224, 3433], [2958, 3409, 348], [2420, 1509, 3811], [2179, 2030, 245], [1254, 2234, 3221], [3294, 1933, 516], [2460, 2061, 2365], [2151, 422, 2904], [3396, 499, 2298], [2770, 3174, 680],
[3649, 1701, 42], [120, 1559, 351], [468, 117, 1861], [1180, 3058, 791], [1425, 450, 3787], [1546, 644, 1858], [2062, 3104, 819], [1327, 1394, 2003], [369, 1690, 2502], [3429, 599, 1815],
[1010, 1148, 416], [1052, 1268, 1975], [2166, 2499, 2854], [165, 3679, 2812], [1718, 2004, 162], [1643, 3550, 806], [401, 2512, 49], [1220, 3839, 2205], [3223, 1108, 33], [2626, 676, 1394],
[1341, 1686, 3304]]
[[7, 0, 4, 3], [3, 9, 4, 5], [10, 2, 7, 0], [5, 10, 8, 4], [0, 0, 2, 3], [1, 7, 0, 3], [8, 7, 4, 7], [9, 6, 7, 3], [6, 9, 7, 7], [7, 9, 0, 4],
[9, 5, 4, 1], [4, 0, 5, 2], [9, 5, 5, 0], [2, 5, 1, 8], [0, 4, 2, 9], [10, 7, 2, 3], [5, 9, 0, 10], [5, 9, 3, 3], [3, 6, 4, 7], [4, 9, 9, 2],
[1, 2, 0, 1], [5, 2, 9, 5], [4, 10, 4, 3], [6, 4, 4, 1], [0, 4, 9, 5], [2, 0, 8, 5], [6, 1, 10, 8], [8, 7, 10, 9], [9, 0, 0, 1], [0, 7, 7, 4],
[4, 9, 5, 0], [0, 9, 10, 0], [1, 8, 5, 3], [8, 2, 7, 1], [1, 4, 9, 9], [0, 9, 5, 7], [7, 3, 9, 7], [9, 3, 9, 2], [10, 3, 2, 10], [1, 1, 10, 2],
[10, 2, 4, 5], [2, 9, 7, 3], [2, 5, 10, 1], [1, 4, 6, 8], [6, 2, 2, 4], [5, 0, 6, 2], [1, 7, 1, 3], [8, 0, 3, 5], [0, 5, 0, 2], [3, 5, 5, 4],
[10, 2, 5, 10], [7, 9, 5, 2], [1, 8, 4, 4], [6, 10, 7, 8], [4, 6, 9, 2], [7, 10, 7, 7], [5, 5, 8, 8], [10, 2, 1, 8], [5, 4, 7, 10], [1, 1, 10, 2],
[7, 3, 4, 1], [0, 9, 9, 5], [5, 5, 5, 10], [4, 10, 4, 9], [5, 1, 5, 4], [4, 6, 10, 7], [9, 6, 4, 10], [6, 3, 10, 2], [4, 3, 3, 2], [0, 10, 5, 5],
[2, 8, 4, 7], [8, 8, 3, 2], [10, 8, 4, 1], [2, 4, 6, 9], [10, 10, 8, 3], [0, 5, 4, 2], [6, 5, 2, 6], [3, 8, 0, 5], [5, 2, 10, 2], [9, 3, 2, 6],
[9, 7, 5, 0]]
[1, 0.05, 0.05, 0.05, 0.05, 0.05, 0.05, 0.05, 0.05, 0.05,
0.05, 0.05, 0.05, 0.05, 0.05, 0.05, 0.05, 0.05, 0.05, 0.05,
0.05, 0.0025, 0.0025, 0.0025, 0.0025, 0.0025, 0.0025, 0.0025, 0.0025, 0.0025,
0.0025, 0.0025, 0.0025, 0.0025, 0.0025, 0.0025, 0.0025, 0.0025, 0.0025, 0.0025,
0.0025, 0.000125, 0.000125, 0.000125, 0.000125, 0.000125, 0.000125, 0.000125, 0.000125, 0.000125,
0.000125, 0.000125, 0.000125, 0.000125, 0.000125, 0.000125, 0.000125, 0.000125, 0.000125, 0.000125,
0.000125, 6.25e-06, 6.25e-06, 6.25e-06, 6.25e-06, 6.25e-06, 6.25e-06, 6.25e-06, 6.25e-06, 6.25e-06,
6.25e-06, 6.25e-06, 6.25e-06, 6.25e-06, 6.25e-06, 6.25e-06, 6.25e-06, 6.25e-06, 6.25e-06, 6.25e-06,
6.25e-06]
[4, 8, 0, 3, 4, 9, 6, 8, 5, 3,
4, 6, 5, 2, 4, 3, 6, 9, 7, 5,
4, 3, 3, 4, 9, 6, 1, 1, 9, 0,
5, 6, 4, 9, 3, 4, 2, 2, 2, 3,
7, 7, 5, 8, 4, 2, 3, 2, 6, 0,
9, 9, 7, 6, 2, 1, 4, 9, 8, 6,
9, 6, 9, 1, 2, 7, 1, 5, 3, 8,
5, 7, 1, 2, 8, 6, 9, 2, 4, 5,
7]
------------------------------------------------------- 
# stage = 5	# children c = 20	length of each stage p = 1	nodes = 80	# items I = 1
