[5, 29, 98, 25, 6, 46, 70, 1, 51, 17,
70, 12, 72, 0, 95, 74, 67, 72, 62, 5,
91, 97, 4, 48, 66, 46, 62, 85, 92, 9,
77, 63, 38, 75, 89, 11, 87, 24, 79, 37,
7, 48, 15, 79, 14, 77, 52, 81, 48, 13,
87, 4, 77, 57, 52, 42, 69, 14, 27, 60,
90]
[[2921, 2343, 1244], [529, 3550, 548], [2484, 1718, 1460], [628, 1023, 293], [476, 1436, 2357], [2978, 2207, 698], [3134, 560, 658], [2948, 50, 1146], [153, 3024, 2250], [76, 2682, 3538],
[1650, 639, 917], [1694, 1169, 703], [2243, 3653, 1221], [2503, 3081, 1045], [2796, 3558, 2481], [1389, 2772, 3488], [2087, 2142, 2848], [1545, 126, 2898], [2691, 279, 959], [1177, 2920, 2441],
[3515, 3370, 3081], [669, 1301, 3050], [172, 2344, 1739], [1394, 1083, 1057], [2439, 115, 3415], [3720, 305, 1223], [2245, 1192, 2166], [129, 2738, 2292], [3028, 1665, 2572], [2787, 1643, 528],
[1464, 1394, 134], [781, 863, 235], [2631, 1036, 2579], [607, 1230, 3662], [464, 2469, 2578], [2679, 1225, 1683], [138, 3470, 2875], [2304, 3600, 1849], [833, 1664, 2315], [2205, 687, 2758],
[1533, 951, 2952], [467, 533, 52], [703, 3164, 1088], [2082, 2571, 1118], [1981, 1835, 3587], [3359, 750, 1048], [1278, 3453, 3319], [389, 1993, 3155], [1039, 1626, 3619], [2154, 2631, 3106],
[1148, 400, 293], [336, 868, 826], [2952, 371, 227], [2840, 2453, 1598], [194, 3234, 3434], [17, 2829, 420], [3630, 2907, 2673], [3185, 2097, 3467], [1376, 3136, 1329], [31, 326, 2761],
[3137, 1474, 1961]]
[[8, 7, 0, 9], [7, 2, 0, 0], [6, 1, 7, 6], [6, 6, 0, 3], [2, 8, 8, 7], [2, 4, 10, 2], [2, 5, 2, 3], [1, 0, 5, 8], [7, 6, 4, 3], [6, 5, 1, 0],
[4, 8, 6, 10], [1, 7, 0, 4], [2, 8, 9, 2], [1, 8, 4, 2], [0, 6, 5, 0], [6, 0, 8, 1], [4, 10, 2, 8], [4, 4, 8, 9], [10, 2, 6, 1], [7, 7, 3, 7],
[4, 1, 9, 4], [7, 2, 4, 7], [8, 9, 7, 1], [7, 2, 0, 0], [2, 3, 7, 4], [7, 4, 0, 4], [4, 7, 5, 0], [1, 6, 7, 3], [7, 3, 5, 1], [5, 9, 9, 0],
[6, 3, 0, 2], [6, 0, 1, 6], [1, 8, 10, 6], [10, 0, 0, 4], [5, 3, 2, 4], [10, 10, 5, 4], [2, 0, 6, 6], [7, 2, 6, 2], [5, 4, 5, 9], [5, 6, 4, 6],
[1, 4, 0, 0], [2, 0, 4, 5], [3, 7, 7, 0], [4, 1, 3, 4], [1, 9, 10, 9], [9, 4, 0, 1], [8, 3, 0, 0], [9, 2, 5, 10], [4, 5, 9, 4], [5, 2, 9, 6],
[9, 5, 7, 0], [5, 8, 5, 6], [6, 4, 2, 2], [6, 1, 3, 4], [4, 1, 2, 1], [4, 7, 9, 8], [1, 7, 2, 4], [8, 9, 9, 6], [2, 3, 5, 7], [0, 10, 2, 6],
[1, 3, 6, 6]]
[1, 0.05, 0.05, 0.05, 0.05, 0.05, 0.05, 0.05, 0.05, 0.05,
0.05, 0.05, 0.05, 0.05, 0.05, 0.05, 0.05, 0.05, 0.05, 0.05,
0.05, 0.0025, 0.0025, 0.0025, 0.0025, 0.0025, 0.0025, 0.0025, 0.0025, 0.0025,
0.0025, 0.0025, 0.0025, 0.0025, 0.0025, 0.0025, 0.0025, 0.0025, 0.0025, 0.0025,
0.0025, 0.000125, 0.000125, 0.000125, 0.000125, 0.000125, 0.000125, 0.000125, 0.000125, 0.000125,
0.000125, 0.000125, 0.000125, 0.000125, 0.000125, 0.000125, 0.000125, 0.000125, 0.000125, 0.000125,
0.000125]
[7, 12, 18, 8, 11, 16, 9, 9, 10, 3,
2, 9, 7, 3, 17, 11, 7, 15, 14, 8,
15, 6, 3, 12, 10, 13, 18, 1, 0, 18,
17, 1, 8, 12, 15, 4, 1, 11, 0, 12,
18, 1, 6, 18, 3, 2, 3, 7, 11, 12,
12, 12, 4, 12, 7, 12, 8, 1, 13, 18,
16]
------------------------------------------------------- 
# stage = 4	# children c = 20	length of each stage p = 1	nodes = 60	# items I = 1
