[36, 92, 8, 54, 24, 36, 94, 78, 22, 14,
91, 30, 17, 14, 6, 68, 51, 97, 80, 50,
17, 74, 79, 84, 25, 11, 11, 55, 22, 19,
44, 24, 10, 18, 44, 0, 54, 37, 79, 76,
17, 69, 72, 35, 49, 79, 69, 66, 75, 14,
16, 58, 89, 95, 41, 13, 72, 52, 35, 94,
37]
[[1695, 3109, 2652], [4064, 2463, 3064], [3241, 4462, 785], [3315, 4011, 3213], [1563, 2814, 3996], [1808, 353, 1016], [3052, 1533, 3652], [251, 3769, 135], [1980, 3007, 3557], [3850, 2257, 896],
[4204, 3952, 4005], [2305, 3465, 3191], [2091, 3428, 4375], [2876, 3465, 3835], [1538, 1750, 3371], [2256, 3559, 3725], [3272, 3333, 1980], [2374, 3584, 1198], [3782, 2287, 927], [2789, 1586, 3184],
[407, 1239, 3859], [1134, 266, 2773], [4325, 2357, 2924], [4149, 1955, 3111], [155, 216, 311], [3527, 2472, 592], [3974, 2467, 3925], [1403, 1563, 2959], [3875, 794, 695], [1524, 305, 3554],
[1431, 712, 1515], [739, 1847, 1781], [3512, 2894, 4138], [3158, 2493, 2815], [1719, 3921, 3031], [3303, 2897, 2226], [3895, 2320, 142], [3269, 446, 2978], [2950, 1043, 3772], [367, 2567, 800],
[643, 3998, 1512], [2158, 186, 81], [3939, 421, 2976], [248, 301, 918], [4337, 2020, 288], [2817, 2045, 4459], [492, 1389, 3501], [1907, 1381, 669], [334, 1053, 1712], [829, 1421, 4280],
[1629, 2064, 449], [4414, 4223, 1909], [4496, 333, 2330], [2921, 1855, 2631], [561, 1641, 1374], [849, 1180, 3419], [2030, 2946, 1531], [981, 1575, 4185], [1650, 1910, 687], [85, 4012, 3381],
[4365, 2363, 895]]
[[6, 6, 1, 1], [0, 5, 3, 4], [0, 9, 4, 9], [10, 10, 9, 6], [1, 9, 4, 3], [9, 6, 3, 2], [0, 6, 8, 6], [2, 2, 3, 6], [8, 3, 7, 6], [8, 8, 8, 6],
[4, 1, 2, 1], [10, 9, 8, 0], [7, 1, 1, 3], [6, 3, 3, 6], [9, 9, 0, 0], [0, 3, 4, 6], [4, 9, 1, 1], [6, 9, 5, 8], [0, 7, 9, 10], [6, 6, 8, 0],
[6, 7, 2, 1], [10, 5, 5, 8], [4, 3, 6, 2], [5, 10, 9, 9], [6, 10, 9, 10], [7, 3, 7, 7], [9, 6, 4, 2], [10, 10, 2, 5], [6, 4, 4, 4], [8, 10, 1, 10],
[0, 6, 1, 5], [3, 10, 4, 10], [10, 2, 9, 4], [3, 6, 0, 10], [10, 2, 1, 9], [10, 4, 4, 3], [6, 8, 7, 1], [5, 7, 0, 6], [2, 2, 0, 5], [1, 2, 4, 9],
[4, 1, 2, 6], [7, 0, 5, 6], [0, 5, 4, 10], [9, 6, 3, 2], [4, 8, 2, 7], [4, 2, 2, 4], [2, 1, 10, 2], [3, 1, 0, 6], [2, 1, 1, 7], [10, 4, 0, 0],
[9, 5, 8, 5], [9, 9, 6, 2], [7, 8, 8, 9], [8, 10, 3, 0], [9, 0, 2, 2], [10, 0, 8, 2], [10, 7, 7, 10], [9, 8, 8, 6], [2, 3, 0, 9], [2, 4, 10, 7],
[10, 7, 3, 8]]
[1, 0.05, 0.05, 0.05, 0.05, 0.05, 0.05, 0.05, 0.05, 0.05,
0.05, 0.05, 0.05, 0.05, 0.05, 0.05, 0.05, 0.05, 0.05, 0.05,
0.05, 0.0025, 0.0025, 0.0025, 0.0025, 0.0025, 0.0025, 0.0025, 0.0025, 0.0025,
0.0025, 0.0025, 0.0025, 0.0025, 0.0025, 0.0025, 0.0025, 0.0025, 0.0025, 0.0025,
0.0025, 0.000125, 0.000125, 0.000125, 0.000125, 0.000125, 0.000125, 0.000125, 0.000125, 0.000125,
0.000125, 0.000125, 0.000125, 0.000125, 0.000125, 0.000125, 0.000125, 0.000125, 0.000125, 0.000125,
0.000125]
[11, 5, 17, 10, 20, 19, 17, 5, 12, 18,
5, 1, 6, 11, 6, 19, 7, 10, 5, 20,
13, 18, 8, 20, 17, 8, 22, 11, 0, 19,
18, 13, 6, 21, 15, 2, 7, 7, 9, 0,
8, 15, 6, 7, 19, 2, 7, 11, 3, 7,
16, 2, 0, 20, 8, 2, 17, 11, 14, 18,
16]
------------------------------------------------------- 
# stage = 4	# children c = 20	length of each stage p = 1	nodes = 60	# items I = 1
