[68, 10, 47, 87, 65, 59, 70, 19, 68, 49,
39, 67, 38, 50, 78, 82, 76, 11, 84, 50,
98, 92, 6, 85, 64, 27, 95, 40, 96, 36,
43, 63, 12, 91, 15, 77, 15, 86, 63, 49,
34, 68, 15, 39, 17, 93, 87, 60, 71, 71,
76, 68, 62, 83, 19, 92, 76, 13, 31, 72,
15]
[[286, 662, 336], [1016, 398, 507], [127, 649, 898], [842, 525, 21], [534, 827, 249], [839, 402, 959], [599, 599, 261], [572, 242, 900], [742, 42, 76], [345, 179, 389],
[692, 463, 26], [3, 456, 425], [509, 583, 49], [384, 402, 573], [406, 936, 377], [653, 751, 780], [590, 327, 356], [849, 897, 596], [726, 616, 639], [800, 959, 816],
[165, 628, 256], [191, 629, 712], [614, 115, 272], [664, 498, 673], [214, 902, 586], [589, 532, 312], [344, 97, 639], [701, 944, 511], [274, 645, 104], [911, 423, 40],
[704, 588, 666], [960, 779, 273], [647, 369, 386], [920, 10, 884], [568, 222, 761], [131, 809, 269], [442, 131, 364], [56, 830, 286], [568, 79, 931], [672, 991, 329],
[711, 672, 917], [354, 608, 672], [625, 230, 18], [1012, 127, 26], [871, 695, 246], [610, 825, 32], [879, 242, 163], [218, 298, 993], [504, 866, 50], [411, 514, 16],
[740, 202, 686], [633, 556, 271], [280, 157, 500], [296, 146, 627], [322, 1015, 298], [566, 602, 98], [598, 456, 340], [760, 675, 636], [728, 154, 480], [778, 565, 992],
[792, 281, 171]]
[[6, 1, 9, 10], [9, 0, 5, 10], [9, 1, 10, 2], [4, 6, 6, 10], [5, 3, 7, 8], [5, 7, 0, 1], [3, 8, 10, 2], [5, 5, 10, 9], [7, 9, 7, 5], [9, 1, 2, 5],
[2, 10, 7, 7], [4, 0, 4, 7], [2, 0, 4, 7], [5, 4, 6, 9], [10, 3, 0, 2], [9, 9, 0, 3], [5, 5, 6, 1], [7, 6, 6, 7], [3, 0, 1, 7], [0, 5, 1, 0],
[5, 5, 7, 0], [9, 0, 7, 6], [4, 7, 8, 0], [3, 7, 1, 8], [1, 7, 9, 6], [0, 2, 3, 1], [0, 2, 7, 1], [8, 8, 10, 0], [3, 5, 9, 10], [5, 5, 6, 7],
[0, 1, 7, 3], [8, 8, 10, 10], [2, 6, 3, 0], [9, 4, 2, 9], [7, 9, 8, 2], [6, 8, 2, 9], [2, 10, 7, 7], [4, 0, 2, 2], [1, 9, 6, 10], [5, 3, 7, 7],
[9, 10, 8, 7], [4, 8, 4, 9], [6, 1, 0, 1], [7, 0, 9, 9], [10, 5, 4, 2], [5, 6, 4, 6], [2, 8, 3, 7], [9, 10, 2, 8], [10, 8, 2, 1], [5, 6, 10, 0],
[8, 8, 10, 4], [6, 8, 1, 4], [0, 5, 6, 3], [9, 8, 8, 0], [4, 0, 6, 2], [0, 8, 10, 8], [5, 2, 7, 8], [8, 4, 8, 3], [1, 5, 6, 5], [3, 7, 9, 1],
[10, 4, 5, 6]]
[1, 0.05, 0.05, 0.05, 0.05, 0.05, 0.05, 0.05, 0.05, 0.05,
0.05, 0.05, 0.05, 0.05, 0.05, 0.05, 0.05, 0.05, 0.05, 0.05,
0.05, 0.0025, 0.0025, 0.0025, 0.0025, 0.0025, 0.0025, 0.0025, 0.0025, 0.0025,
0.0025, 0.0025, 0.0025, 0.0025, 0.0025, 0.0025, 0.0025, 0.0025, 0.0025, 0.0025,
0.0025, 0.000125, 0.000125, 0.000125, 0.000125, 0.000125, 0.000125, 0.000125, 0.000125, 0.000125,
0.000125, 0.000125, 0.000125, 0.000125, 0.000125, 0.000125, 0.000125, 0.000125, 0.000125, 0.000125,
0.000125]
[1, 10, 2, 3, 3, 7, 9, 1, 8, 1,
7, 10, 10, 5, 8, 5, 9, 0, 7, 2,
7, 10, 0, 5, 9, 7, 9, 7, 9, 6,
9, 2, 1, 3, 3, 3, 1, 0, 0, 10,
8, 1, 10, 2, 6, 1, 7, 7, 1, 1,
1, 10, 4, 4, 2, 2, 5, 2, 8, 10,
0]
------------------------------------------------------- 
# stage = 4	# children c = 20	length of each stage p = 1	nodes = 60	# items I = 1
