[2, 99, 40, 78, 61, 33, 68, 32, 21, 18,
1, 35, 79, 16, 65, 38, 99, 53, 58, 82,
52, 72, 81, 56, 31, 64, 49, 25, 88, 7,
36]
[[1023, 569, 1969], [1298, 755, 342], [402, 67, 775], [901, 2030, 1943], [1705, 1779, 969], [1801, 780, 184], [1430, 1407, 2051], [1835, 805, 468], [545, 1978, 491], [1668, 507, 645],
[1010, 565, 1214], [863, 1863, 1004], [1205, 1301, 1071], [1016, 85, 19], [842, 826, 1798], [846, 1662, 1614], [1031, 975, 904], [965, 1845, 1709], [469, 1426, 1570], [2112, 977, 1113],
[640, 1988, 1678], [889, 1886, 460], [1893, 9, 1761], [1999, 1025, 881], [2018, 902, 742], [735, 1749, 288], [232, 1815, 1263], [171, 1815, 27], [1880, 167, 1453], [368, 163, 1465],
[516, 1955, 1336]]
[[9, 2, 6, 7], [1, 7, 8, 4], [5, 6, 3, 0], [4, 3, 6, 6], [5, 4, 6, 9], [8, 2, 3, 3], [10, 6, 5, 2], [8, 9, 1, 4], [0, 6, 9, 10], [0, 6, 1, 3],
[0, 5, 1, 4], [6, 5, 9, 10], [9, 4, 8, 4], [5, 9, 8, 4], [4, 0, 4, 10], [9, 5, 3, 8], [9, 2, 5, 9], [8, 7, 0, 8], [10, 1, 0, 5], [7, 9, 4, 5],
[2, 1, 8, 7], [8, 5, 9, 1], [3, 2, 9, 1], [6, 2, 7, 4], [4, 2, 1, 10], [9, 1, 6, 6], [0, 6, 0, 7], [4, 3, 0, 4], [2, 8, 10, 0], [0, 8, 10, 3],
[9, 9, 2, 2]]
[1, 0.1, 0.1, 0.1, 0.1, 0.1, 0.1, 0.1, 0.1, 0.1,
0.1, 0.01, 0.01, 0.01, 0.01, 0.01, 0.01, 0.01, 0.01, 0.01,
0.01, 0.001, 0.001, 0.001, 0.001, 0.001, 0.001, 0.001, 0.001, 0.001,
0.001]
[8, 1, 1, 8, 9, 3, 3, 2, 5, 7,
1, 2, 3, 4, 2, 1, 10, 3, 7, 7,
10, 9, 2, 10, 5, 3, 9, 5, 2, 8,
8]
------------------------------------------------------- 
# stage = 4	# children c = 10	length of each stage p = 1	nodes = 30	# items I = 1
