[63, 53, 46, 42, 86, 93, 64, 71, 59, 9,
47, 97, 87, 59, 44, 89, 24, 94, 23, 82,
22, 99, 25, 80, 33, 59, 21, 26, 37, 76,
41]
[[622, 314, 926], [481, 631, 319], [818, 881, 721], [195, 274, 813], [1066, 585, 563], [754, 742, 893], [996, 107, 472], [834, 1010, 990], [495, 1004, 238], [11, 998, 54],
[163, 516, 368], [578, 485, 999], [385, 791, 264], [2, 986, 538], [815, 437, 611], [274, 87, 841], [64, 571, 436], [24, 302, 343], [503, 285, 243], [229, 296, 730],
[876, 1052, 734], [140, 526, 708], [628, 399, 395], [380, 402, 870], [407, 113, 203], [1018, 980, 882], [756, 532, 350], [88, 556, 140], [1023, 547, 425], [163, 777, 209],
[381, 37, 749]]
[[2, 6, 5, 10], [10, 9, 7, 7], [9, 8, 1, 4], [2, 2, 3, 9], [1, 2, 9, 9], [0, 7, 10, 9], [1, 7, 7, 6], [1, 5, 2, 1], [0, 7, 10, 8], [5, 4, 4, 2],
[10, 3, 6, 1], [5, 7, 0, 6], [9, 7, 2, 10], [3, 10, 8, 3], [7, 3, 7, 6], [8, 9, 8, 6], [4, 5, 3, 7], [9, 5, 9, 8], [8, 2, 9, 2], [10, 7, 6, 8],
[3, 8, 5, 5], [7, 1, 6, 1], [4, 2, 8, 1], [9, 5, 7, 2], [10, 10, 10, 6], [4, 6, 3, 10], [9, 10, 1, 6], [5, 5, 3, 6], [0, 9, 9, 5], [10, 4, 7, 1],
[6, 4, 2, 3]]
[1, 0.1, 0.1, 0.1, 0.1, 0.1, 0.1, 0.1, 0.1, 0.1,
0.1, 0.01, 0.01, 0.01, 0.01, 0.01, 0.01, 0.01, 0.01, 0.01,
0.01, 0.001, 0.001, 0.001, 0.001, 0.001, 0.001, 0.001, 0.001, 0.001,
0.001]
[1, 3, 11, 6, 9, 2, 3, 10, 6, 4,
0, 10, 6, 7, 0, 7, 8, 11, 1, 4,
10, 6, 1, 5, 9, 10, 9, 11, 0, 11,
7]
------------------------------------------------------- 
# stage = 4	# children c = 10	length of each stage p = 1	nodes = 30	# items I = 1
