[3, 16, 32, 20, 17, 55, 54, 79, 17, 35,
85, 61, 30, 89, 39, 20, 12, 13, 12, 96,
12, 19, 9, 54, 42, 61, 29, 9, 52, 34,
23, 22, 16, 56, 42, 33, 10, 63, 78, 94,
98, 62, 21, 27, 51, 26, 13, 63, 5, 93,
24, 18, 11, 33, 72, 20, 60, 67, 29, 79,
0, 18, 0, 83, 74, 42, 82, 50, 71, 60,
10]
[[27, 398, 937], [415, 641, 55], [496, 619, 664], [540, 646, 550], [966, 670, 1061], [766, 939, 1107], [230, 477, 336], [500, 493, 933], [997, 480, 464], [861, 839, 1034],
[213, 714, 324], [42, 977, 814], [1053, 365, 173], [610, 905, 667], [52, 763, 229], [961, 269, 1017], [961, 499, 234], [37, 848, 728], [818, 585, 1056], [175, 186, 635],
[1057, 399, 241], [274, 441, 110], [936, 387, 475], [1, 845, 120], [668, 745, 732], [745, 599, 1001], [654, 300, 241], [737, 185, 1089], [357, 1004, 414], [305, 1027, 601],
[940, 824, 1000], [1029, 1098, 182], [31, 926, 417], [354, 775, 2], [474, 335, 747], [98, 1081, 86], [948, 475, 234], [81, 104, 420], [1018, 309, 164], [324, 614, 1039],
[773, 294, 755], [666, 63, 594], [696, 1050, 260], [5, 296, 1036], [963, 619, 263], [602, 717, 84], [537, 405, 560], [771, 486, 664], [83, 244, 974], [95, 417, 328],
[982, 82, 471], [630, 596, 382], [1072, 184, 325], [224, 37, 621], [0, 1000, 132], [112, 343, 698], [196, 880, 1103], [756, 543, 330], [161, 475, 422], [983, 418, 839],
[51, 293, 922], [522, 923, 410], [905, 735, 443], [1078, 959, 480], [591, 960, 221], [572, 920, 564], [10, 8, 336], [961, 613, 879], [31, 774, 94], [454, 497, 513],
[185, 548, 806]]
[[3, 0, 4, 10], [8, 6, 3, 7], [8, 0, 9, 6], [6, 10, 5, 7], [6, 4, 6, 4], [3, 3, 9, 0], [1, 8, 8, 6], [9, 4, 1, 10], [2, 3, 7, 0], [7, 0, 7, 5],
[9, 6, 9, 2], [3, 3, 9, 9], [8, 4, 0, 9], [6, 9, 9, 5], [5, 4, 0, 1], [6, 0, 0, 9], [1, 8, 9, 7], [6, 5, 1, 4], [9, 10, 7, 2], [1, 5, 9, 7],
[8, 10, 5, 1], [6, 1, 6, 0], [4, 4, 1, 10], [2, 0, 6, 4], [6, 4, 9, 10], [8, 10, 3, 6], [7, 8, 6, 8], [1, 5, 2, 9], [2, 7, 8, 8], [9, 3, 9, 0],
[5, 8, 8, 8], [6, 4, 10, 1], [8, 8, 0, 3], [5, 2, 10, 1], [8, 3, 8, 9], [8, 10, 5, 10], [5, 2, 6, 1], [5, 2, 1, 0], [10, 9, 6, 4], [2, 5, 3, 9],
[2, 4, 1, 5], [4, 9, 6, 1], [2, 1, 0, 8], [10, 3, 6, 4], [6, 1, 5, 0], [3, 4, 9, 0], [2, 4, 4, 3], [7, 8, 1, 7], [10, 0, 1, 1], [10, 6, 2, 10],
[7, 0, 7, 6], [4, 2, 8, 10], [1, 2, 8, 4], [4, 5, 3, 5], [7, 7, 8, 4], [2, 7, 9, 1], [5, 0, 2, 4], [6, 3, 1, 0], [1, 9, 5, 5], [9, 2, 2, 9],
[3, 9, 0, 7], [3, 3, 1, 10], [9, 7, 1, 0], [3, 0, 2, 9], [9, 2, 0, 2], [3, 0, 2, 5], [9, 5, 10, 5], [6, 0, 1, 9], [9, 2, 3, 10], [5, 3, 9, 3],
[10, 9, 2, 1]]
[1, 0.1, 0.1, 0.1, 0.1, 0.1, 0.1, 0.1, 0.1, 0.1,
0.1, 0.01, 0.01, 0.01, 0.01, 0.01, 0.01, 0.01, 0.01, 0.01,
0.01, 0.001, 0.001, 0.001, 0.001, 0.001, 0.001, 0.001, 0.001, 0.001,
0.001, 0.0001, 0.0001, 0.0001, 0.0001, 0.0001, 0.0001, 0.0001, 0.0001, 0.0001,
0.0001, 1e-05, 1e-05, 1e-05, 1e-05, 1e-05, 1e-05, 1e-05, 1e-05, 1e-05,
1e-05, 1e-06, 1e-06, 1e-06, 1e-06, 1e-06, 1e-06, 1e-06, 1e-06, 1e-06,
1e-06, 1e-07, 1e-07, 1e-07, 1e-07, 1e-07, 1e-07, 1e-07, 1e-07, 1e-07,
1e-07]
[11, 2, 4, 10, 1, 11, 1, 6, 8, 9,
6, 7, 10, 1, 4, 11, 4, 7, 2, 8,
11, 10, 3, 4, 7, 8, 9, 2, 11, 4,
7, 3, 9, 4, 0, 7, 11, 3, 11, 5,
0, 4, 4, 6, 9, 3, 1, 0, 0, 6,
8, 11, 3, 2, 6, 1, 5, 5, 11, 9,
9, 9, 10, 5, 5, 11, 0, 0, 9, 10,
6]
------------------------------------------------------- 
# stage = 8	# children c = 10	length of each stage p = 1	nodes = 70	# items I = 1
