[39, 29, 33, 87, 95, 95, 98, 81, 22, 30,
18, 96, 49, 61, 98, 99, 7, 39, 34, 71,
27, 6, 95, 53, 70, 13, 52, 43, 55, 44,
89, 60, 39, 21, 12, 34, 15, 9, 14, 3,
39, 32, 99, 54, 93, 62, 53, 67, 1, 53,
37, 95, 59, 98, 48, 28, 10, 100, 72, 31,
9, 60, 91, 48, 47, 3, 82, 62, 12, 96,
65, 18, 95, 29, 72, 53, 91, 91, 19, 58,
43]
[[343, 177, 414], [821, 1842, 1303], [1197, 143, 1203], [927, 426, 1721], [1968, 213, 294], [204, 416, 1785], [673, 1205, 253], [1406, 21, 1077], [1080, 639, 1385], [1191, 1191, 1108],
[1248, 1126, 877], [1254, 1947, 330], [576, 756, 474], [1371, 1683, 492], [1111, 1263, 705], [997, 1467, 713], [393, 159, 1918], [238, 1157, 1531], [1315, 256, 1762], [719, 1447, 972],
[1420, 306, 117], [316, 1560, 1657], [647, 1728, 432], [713, 1118, 1707], [1205, 1821, 989], [1502, 429, 475], [234, 822, 226], [1745, 1060, 1383], [1295, 395, 1231], [1077, 706, 290],
[1641, 145, 596], [1351, 54, 176], [1027, 293, 1496], [1051, 598, 634], [777, 1803, 66], [1359, 916, 496], [1426, 1150, 1318], [1653, 914, 1971], [647, 1802, 1958], [1471, 898, 683],
[1761, 150, 421], [1949, 1501, 67], [1717, 139, 360], [1233, 782, 550], [1459, 1152, 1945], [1525, 530, 880], [40, 1956, 49], [951, 1220, 556], [941, 1460, 377], [918, 950, 867],
[1193, 322, 609], [1206, 1863, 130], [1273, 1600, 1842], [1225, 444, 236], [1775, 1903, 1388], [1739, 1447, 1918], [638, 1080, 1485], [280, 50, 725], [428, 583, 204], [397, 1093, 746],
[856, 1878, 660], [1465, 1104, 134], [1187, 396, 1734], [1049, 1214, 1770], [1285, 1008, 1692], [692, 359, 751], [221, 589, 1831], [1706, 869, 1473], [42, 889, 75], [1819, 1286, 760],
[584, 161, 657], [836, 1627, 1761], [971, 833, 1750], [316, 1474, 983], [106, 370, 1583], [1390, 654, 1942], [160, 875, 551], [1583, 193, 1012], [1075, 235, 1902], [742, 74, 1207],
[1502, 250, 961]]
[[10, 2, 8, 10], [0, 4, 5, 1], [6, 3, 5, 9], [9, 5, 9, 0], [9, 7, 9, 0], [7, 4, 8, 9], [0, 1, 5, 7], [9, 2, 6, 9], [4, 3, 6, 2], [5, 1, 3, 0],
[4, 6, 9, 0], [0, 7, 0, 9], [1, 8, 8, 8], [1, 5, 4, 10], [4, 8, 7, 3], [10, 2, 10, 1], [3, 5, 3, 7], [4, 4, 5, 9], [10, 4, 9, 10], [9, 8, 7, 9],
[5, 2, 6, 4], [5, 9, 4, 10], [6, 9, 2, 3], [9, 10, 4, 10], [4, 5, 6, 9], [9, 10, 5, 8], [3, 1, 5, 10], [9, 10, 8, 1], [1, 2, 6, 7], [9, 8, 4, 2],
[4, 6, 5, 2], [5, 7, 10, 7], [1, 4, 3, 8], [3, 6, 5, 6], [8, 8, 3, 4], [6, 10, 6, 5], [10, 10, 1, 8], [5, 5, 8, 9], [9, 2, 9, 1], [7, 8, 7, 8],
[1, 10, 5, 4], [4, 8, 8, 1], [3, 1, 3, 7], [9, 7, 2, 8], [6, 1, 3, 0], [7, 0, 7, 3], [0, 5, 3, 7], [3, 10, 2, 4], [7, 5, 9, 0], [0, 6, 10, 1],
[5, 3, 9, 1], [10, 0, 9, 4], [1, 10, 2, 6], [10, 10, 8, 10], [2, 0, 4, 5], [8, 6, 8, 2], [9, 6, 3, 9], [10, 0, 0, 3], [1, 9, 4, 1], [9, 1, 3, 8],
[0, 3, 4, 9], [2, 1, 6, 5], [10, 0, 8, 7], [4, 5, 9, 3], [9, 10, 1, 7], [0, 10, 10, 1], [8, 1, 0, 4], [0, 1, 0, 10], [5, 4, 8, 5], [3, 3, 10, 0],
[1, 6, 7, 6], [0, 3, 7, 8], [1, 6, 4, 10], [6, 1, 0, 1], [2, 10, 4, 1], [0, 4, 0, 3], [6, 8, 9, 7], [9, 6, 7, 0], [1, 1, 4, 0], [2, 9, 8, 3],
[4, 1, 2, 8]]
[1, 0.05, 0.05, 0.05, 0.05, 0.05, 0.05, 0.05, 0.05, 0.05,
0.05, 0.05, 0.05, 0.05, 0.05, 0.05, 0.05, 0.05, 0.05, 0.05,
0.05, 0.0025, 0.0025, 0.0025, 0.0025, 0.0025, 0.0025, 0.0025, 0.0025, 0.0025,
0.0025, 0.0025, 0.0025, 0.0025, 0.0025, 0.0025, 0.0025, 0.0025, 0.0025, 0.0025,
0.0025, 0.000125, 0.000125, 0.000125, 0.000125, 0.000125, 0.000125, 0.000125, 0.000125, 0.000125,
0.000125, 0.000125, 0.000125, 0.000125, 0.000125, 0.000125, 0.000125, 0.000125, 0.000125, 0.000125,
0.000125, 6.25e-06, 6.25e-06, 6.25e-06, 6.25e-06, 6.25e-06, 6.25e-06, 6.25e-06, 6.25e-06, 6.25e-06,
6.25e-06, 6.25e-06, 6.25e-06, 6.25e-06, 6.25e-06, 6.25e-06, 6.25e-06, 6.25e-06, 6.25e-06, 6.25e-06,
6.25e-06]
[6, 13, 14, 9, 10, 9, 15, 0, 14, 13,
11, 8, 14, 18, 7, 9, 9, 7, 12, 15,
5, 7, 3, 18, 17, 12, 18, 11, 13, 10,
3, 18, 6, 0, 7, 14, 0, 5, 0, 5,
14, 17, 2, 9, 2, 1, 14, 1, 9, 4,
9, 13, 3, 17, 1, 13, 16, 3, 15, 19,
7, 6, 11, 15, 1, 9, 9, 12, 12, 7,
16, 4, 7, 3, 4, 11, 14, 6, 4, 19,
12]
------------------------------------------------------- 
# stage = 5	# children c = 20	length of each stage p = 1	nodes = 80	# items I = 1
