[43, 84, 10, 92, 81, 55, 45, 62, 20, 20,
77, 28, 73, 14, 79, 28, 34, 61, 76, 20,
88, 72, 5, 19, 71, 24, 7, 62, 72, 78,
33, 81, 61, 43, 73, 8, 64, 84, 36, 50,
3, 12, 79, 42, 27, 57, 70, 27, 17, 45,
47, 71, 84, 18, 91, 54, 42, 64, 82, 80,
41]
[[36, 2, 454], [282, 976, 391], [285, 760, 258], [967, 241, 32], [600, 109, 266], [514, 594, 675], [348, 855, 1041], [661, 656, 617], [61, 267, 293], [632, 812, 687],
[316, 848, 1070], [74, 434, 970], [845, 23, 1034], [27, 990, 199], [59, 514, 688], [325, 332, 206], [1001, 681, 365], [270, 646, 325], [887, 707, 593], [104, 643, 329],
[96, 263, 481], [470, 337, 915], [744, 106, 242], [702, 513, 156], [901, 572, 1050], [893, 202, 307], [24, 507, 292], [769, 81, 938], [19, 969, 950], [612, 377, 517],
[245, 853, 85], [726, 247, 802], [945, 991, 909], [491, 997, 726], [647, 822, 223], [1001, 1020, 805], [612, 348, 616], [904, 41, 697], [71, 60, 970], [1021, 1052, 272],
[842, 601, 429], [927, 631, 677], [654, 880, 972], [867, 295, 894], [517, 246, 1020], [44, 172, 964], [153, 784, 236], [769, 993, 658], [771, 1064, 22], [665, 313, 379],
[241, 79, 980], [671, 311, 536], [652, 269, 340], [928, 60, 636], [746, 957, 882], [1071, 306, 358], [263, 459, 447], [880, 533, 744], [462, 608, 36], [864, 197, 349],
[167, 819, 808]]
[[5, 2, 9, 10], [10, 10, 9, 2], [6, 4, 0, 2], [3, 10, 10, 6], [7, 4, 0, 0], [1, 4, 5, 3], [0, 0, 3, 4], [10, 7, 9, 2], [7, 7, 10, 7], [5, 8, 9, 9],
[2, 10, 0, 3], [7, 10, 9, 3], [1, 10, 1, 2], [1, 6, 5, 1], [5, 6, 5, 2], [0, 1, 2, 8], [6, 1, 4, 9], [10, 0, 8, 10], [10, 6, 2, 6], [4, 1, 8, 5],
[9, 7, 8, 10], [1, 0, 9, 6], [7, 1, 6, 7], [0, 8, 2, 4], [7, 6, 3, 4], [7, 0, 3, 4], [4, 6, 9, 8], [5, 4, 3, 1], [0, 0, 0, 1], [9, 7, 5, 5],
[6, 9, 0, 6], [4, 2, 10, 1], [7, 0, 5, 1], [9, 7, 5, 3], [0, 1, 0, 5], [5, 3, 4, 4], [1, 2, 5, 0], [9, 9, 3, 2], [7, 1, 8, 1], [4, 5, 0, 0],
[6, 5, 10, 4], [10, 4, 7, 10], [4, 6, 2, 9], [7, 6, 0, 9], [8, 6, 7, 6], [2, 8, 8, 9], [10, 3, 8, 1], [7, 8, 10, 2], [1, 9, 4, 0], [0, 10, 0, 4],
[5, 2, 1, 10], [9, 1, 6, 4], [5, 0, 0, 7], [9, 6, 4, 8], [8, 1, 7, 4], [8, 6, 4, 9], [4, 6, 9, 4], [5, 7, 9, 8], [8, 8, 8, 4], [9, 1, 8, 2],
[2, 6, 9, 0]]
[1, 0.05, 0.05, 0.05, 0.05, 0.05, 0.05, 0.05, 0.05, 0.05,
0.05, 0.05, 0.05, 0.05, 0.05, 0.05, 0.05, 0.05, 0.05, 0.05,
0.05, 0.0025, 0.0025, 0.0025, 0.0025, 0.0025, 0.0025, 0.0025, 0.0025, 0.0025,
0.0025, 0.0025, 0.0025, 0.0025, 0.0025, 0.0025, 0.0025, 0.0025, 0.0025, 0.0025,
0.0025, 0.000125, 0.000125, 0.000125, 0.000125, 0.000125, 0.000125, 0.000125, 0.000125, 0.000125,
0.000125, 0.000125, 0.000125, 0.000125, 0.000125, 0.000125, 0.000125, 0.000125, 0.000125, 0.000125,
0.000125]
[14, 10, 4, 18, 20, 8, 20, 5, 9, 5,
10, 10, 16, 9, 17, 19, 3, 19, 2, 10,
4, 17, 8, 16, 19, 6, 1, 16, 13, 4,
18, 13, 9, 5, 19, 10, 8, 2, 4, 13,
14, 6, 10, 6, 0, 5, 10, 18, 0, 5,
13, 20, 19, 17, 15, 21, 1, 18, 2, 9,
8]
------------------------------------------------------- 
# stage = 4	# children c = 20	length of each stage p = 1	nodes = 60	# items I = 1
