[16, 100, 4, 80, 88, 15, 70, 18, 99, 21,
23, 64, 48, 37, 39, 97, 46, 98, 64, 17,
82, 91, 87, 28, 65, 61, 27, 1, 58, 39,
29, 75, 4, 33, 20, 93, 14, 91, 77, 12,
78, 66, 77, 92, 3, 82, 88, 15, 45, 51,
32, 26, 8, 85, 20, 39, 11, 47, 40, 70,
52, 69, 10, 22, 68, 30, 81, 82, 87, 23,
95]
[[826, 185, 946], [259, 938, 449], [599, 13, 393], [422, 675, 640], [818, 211, 384], [366, 380, 901], [189, 376, 499], [514, 393, 320], [369, 913, 603], [860, 592, 754],
[570, 268, 939], [559, 335, 727], [50, 934, 548], [443, 206, 74], [891, 833, 285], [317, 49, 473], [68, 238, 850], [567, 752, 285], [887, 929, 48], [532, 639, 448],
[136, 251, 716], [884, 810, 94], [461, 668, 836], [818, 919, 85], [892, 852, 726], [27, 20, 775], [500, 88, 55], [200, 464, 615], [293, 201, 586], [341, 542, 75],
[789, 486, 326], [356, 412, 945], [450, 682, 655], [136, 542, 617], [29, 284, 319], [755, 311, 339], [572, 619, 236], [627, 820, 700], [92, 155, 709], [678, 305, 293],
[753, 902, 780], [888, 300, 42], [875, 558, 724], [380, 695, 116], [39, 532, 400], [359, 138, 711], [506, 710, 181], [742, 188, 43], [484, 280, 6], [236, 767, 119],
[337, 370, 64], [159, 108, 364], [10, 25, 731], [542, 406, 276], [659, 253, 808], [867, 420, 946], [621, 927, 507], [610, 711, 695], [653, 46, 783], [467, 90, 400],
[587, 427, 579], [651, 395, 687], [823, 405, 521], [596, 947, 735], [872, 456, 30], [531, 366, 451], [519, 795, 228], [834, 447, 939], [379, 908, 27], [205, 225, 883],
[413, 812, 353]]
[[10, 3, 1, 2], [8, 8, 10, 0], [0, 4, 8, 9], [8, 0, 3, 9], [0, 4, 0, 8], [2, 0, 4, 9], [10, 3, 8, 6], [7, 5, 10, 7], [6, 9, 9, 3], [6, 6, 3, 6],
[0, 0, 4, 6], [9, 7, 3, 10], [9, 3, 7, 9], [1, 10, 8, 0], [0, 3, 7, 7], [8, 4, 3, 4], [1, 0, 5, 7], [6, 7, 1, 4], [5, 3, 9, 4], [9, 1, 1, 5],
[2, 6, 4, 3], [5, 1, 2, 3], [2, 7, 0, 10], [0, 1, 1, 10], [1, 5, 7, 8], [1, 6, 10, 4], [7, 8, 8, 3], [9, 7, 9, 9], [3, 2, 2, 6], [1, 4, 10, 3],
[0, 8, 0, 9], [9, 2, 9, 0], [7, 3, 6, 6], [7, 5, 10, 3], [3, 6, 5, 10], [2, 3, 9, 5], [5, 0, 10, 6], [2, 7, 7, 0], [4, 7, 9, 2], [7, 5, 0, 1],
[6, 6, 7, 2], [10, 5, 4, 2], [0, 9, 10, 2], [1, 8, 6, 4], [6, 3, 8, 8], [10, 4, 6, 3], [9, 3, 3, 6], [8, 4, 7, 4], [8, 2, 4, 7], [7, 8, 9, 7],
[6, 9, 7, 5], [4, 0, 9, 0], [3, 6, 6, 2], [8, 2, 5, 7], [5, 9, 0, 0], [0, 7, 4, 8], [7, 9, 5, 3], [4, 1, 8, 0], [8, 3, 3, 2], [3, 0, 0, 7],
[4, 6, 7, 2], [6, 2, 7, 9], [9, 7, 10, 9], [1, 3, 4, 9], [10, 9, 10, 4], [9, 8, 2, 6], [0, 3, 6, 1], [3, 6, 8, 8], [0, 3, 8, 4], [3, 4, 3, 1],
[0, 2, 8, 10]]
[1, 0.1, 0.1, 0.1, 0.1, 0.1, 0.1, 0.1, 0.1, 0.1,
0.1, 0.01, 0.01, 0.01, 0.01, 0.01, 0.01, 0.01, 0.01, 0.01,
0.01, 0.001, 0.001, 0.001, 0.001, 0.001, 0.001, 0.001, 0.001, 0.001,
0.001, 0.0001, 0.0001, 0.0001, 0.0001, 0.0001, 0.0001, 0.0001, 0.0001, 0.0001,
0.0001, 1e-05, 1e-05, 1e-05, 1e-05, 1e-05, 1e-05, 1e-05, 1e-05, 1e-05,
1e-05, 1e-06, 1e-06, 1e-06, 1e-06, 1e-06, 1e-06, 1e-06, 1e-06, 1e-06,
1e-06, 1e-07, 1e-07, 1e-07, 1e-07, 1e-07, 1e-07, 1e-07, 1e-07, 1e-07,
1e-07]
[13, 0, 15, 5, 10, 19, 7, 3, 12, 17,
5, 11, 9, 16, 1, 15, 5, 3, 4, 8,
11, 17, 14, 4, 8, 13, 16, 13, 5, 14,
0, 4, 17, 17, 13, 8, 5, 14, 10, 18,
12, 3, 8, 13, 18, 3, 2, 16, 0, 13,
11, 9, 11, 1, 5, 11, 15, 17, 3, 1,
15, 3, 5, 0, 17, 2, 0, 1, 10, 17,
6]
------------------------------------------------------- 
# stage = 8	# children c = 10	length of each stage p = 1	nodes = 70	# items I = 1
