[60, 74, 48, 48, 91, 89, 54, 44, 70, 32,
7, 79, 66, 13, 97, 62, 52, 19, 97, 96,
54, 60, 23, 46, 75, 61, 99, 66, 1, 33,
3]
[[826, 849, 235], [508, 1949, 670], [444, 957, 541], [1375, 416, 515], [1355, 1938, 46], [347, 340, 1625], [1632, 489, 813], [891, 1472, 1687], [948, 1206, 1998], [1837, 958, 229],
[1549, 1784, 386], [1784, 254, 297], [1763, 6, 562], [1612, 689, 978], [89, 1352, 186], [135, 1700, 526], [1761, 601, 323], [1882, 1492, 1795], [1530, 402, 270], [1489, 1547, 1229],
[1026, 1057, 974], [721, 111, 536], [326, 1874, 542], [888, 1447, 1232], [1174, 844, 545], [1360, 980, 1553], [1194, 10, 1462], [1518, 1200, 916], [582, 691, 626], [161, 1489, 134],
[1390, 476, 1192]]
[[3, 10, 8, 8], [9, 6, 0, 6], [7, 2, 8, 4], [10, 7, 7, 2], [6, 8, 1, 9], [7, 3, 10, 1], [4, 9, 6, 8], [2, 6, 0, 6], [3, 8, 3, 10], [1, 3, 6, 7],
[5, 1, 9, 2], [6, 5, 4, 2], [0, 3, 0, 7], [4, 0, 6, 6], [7, 2, 3, 10], [6, 1, 3, 10], [7, 6, 7, 7], [9, 0, 3, 1], [0, 1, 3, 6], [4, 7, 8, 4],
[10, 9, 9, 1], [7, 5, 7, 1], [5, 0, 9, 0], [10, 1, 8, 7], [5, 3, 3, 3], [3, 4, 4, 3], [3, 5, 8, 5], [1, 5, 9, 9], [1, 5, 10, 6], [8, 7, 6, 2],
[5, 2, 1, 4]]
[1, 0.1, 0.1, 0.1, 0.1, 0.1, 0.1, 0.1, 0.1, 0.1,
0.1, 0.01, 0.01, 0.01, 0.01, 0.01, 0.01, 0.01, 0.01, 0.01,
0.01, 0.001, 0.001, 0.001, 0.001, 0.001, 0.001, 0.001, 0.001, 0.001,
0.001]
[2, 7, 11, 17, 1, 16, 8, 17, 8, 16,
12, 2, 3, 2, 11, 10, 7, 6, 17, 19,
15, 16, 7, 2, 4, 4, 20, 4, 1, 11,
15]
------------------------------------------------------- 
# stage = 4	# children c = 10	length of each stage p = 1	nodes = 30	# items I = 1
