[77, 68, 71, 12, 34, 96, 2, 58, 25, 64,
72, 62, 93, 35, 82, 6, 11, 60, 27, 56,
71, 19, 89, 11, 70, 78, 66, 48, 95, 45,
28, 37, 13, 65, 49, 13, 60, 52, 71, 51,
82, 8, 13, 41, 43, 61, 47, 21, 87, 40,
77]
[[259, 2, 0], [1, 396, 583], [379, 176, 442], [653, 747, 93], [823, 151, 757], [837, 898, 208], [146, 90, 487], [709, 873, 378], [911, 558, 422], [806, 854, 438],
[465, 168, 174], [199, 169, 305], [517, 283, 481], [13, 936, 282], [106, 547, 168], [863, 438, 800], [805, 584, 624], [346, 81, 551], [458, 46, 163], [881, 852, 72],
[107, 106, 920], [281, 305, 823], [586, 822, 160], [801, 569, 150], [818, 675, 431], [720, 327, 869], [574, 866, 242], [252, 267, 323], [803, 459, 104], [700, 394, 10],
[506, 235, 116], [480, 517, 156], [92, 837, 32], [252, 427, 336], [137, 299, 65], [302, 753, 126], [906, 381, 47], [202, 367, 48], [259, 904, 507], [363, 658, 902],
[108, 899, 871], [904, 167, 442], [114, 259, 68], [827, 246, 229], [217, 117, 262], [16, 419, 69], [143, 379, 450], [870, 581, 551], [918, 575, 509], [479, 672, 901],
[169, 780, 854]]
[[6, 6, 9, 3], [6, 10, 2, 3], [1, 6, 8, 5], [5, 1, 1, 1], [6, 7, 6, 10], [0, 9, 6, 4], [1, 2, 7, 9], [1, 3, 10, 5], [7, 6, 8, 1], [5, 9, 2, 4],
[2, 10, 8, 7], [10, 9, 6, 5], [5, 1, 2, 3], [10, 9, 8, 9], [0, 2, 6, 10], [3, 5, 5, 9], [10, 0, 10, 4], [7, 1, 7, 9], [10, 4, 3, 9], [0, 9, 1, 5],
[10, 3, 6, 9], [10, 1, 8, 8], [2, 1, 8, 5], [4, 0, 1, 3], [0, 0, 6, 6], [0, 2, 4, 8], [6, 8, 6, 4], [6, 5, 9, 6], [6, 2, 2, 6], [4, 8, 3, 6],
[9, 9, 9, 3], [9, 0, 4, 8], [9, 10, 3, 7], [1, 5, 4, 5], [2, 8, 9, 7], [0, 5, 0, 7], [8, 2, 2, 10], [9, 3, 5, 5], [0, 1, 6, 9], [1, 0, 4, 9],
[10, 5, 5, 10], [0, 8, 4, 0], [3, 1, 7, 4], [6, 7, 9, 1], [8, 9, 0, 4], [1, 3, 9, 1], [5, 5, 9, 4], [5, 0, 2, 4], [6, 6, 1, 4], [1, 6, 4, 2],
[5, 1, 4, 0]]
[1, 0.1, 0.1, 0.1, 0.1, 0.1, 0.1, 0.1, 0.1, 0.1,
0.1, 0.01, 0.01, 0.01, 0.01, 0.01, 0.01, 0.01, 0.01, 0.01,
0.01, 0.001, 0.001, 0.001, 0.001, 0.001, 0.001, 0.001, 0.001, 0.001,
0.001, 0.0001, 0.0001, 0.0001, 0.0001, 0.0001, 0.0001, 0.0001, 0.0001, 0.0001,
0.0001, 1e-05, 1e-05, 1e-05, 1e-05, 1e-05, 1e-05, 1e-05, 1e-05, 1e-05,
1e-05]
[15, 2, 17, 10, 10, 16, 18, 18, 3, 13,
7, 16, 9, 13, 0, 4, 0, 16, 16, 2,
14, 8, 1, 17, 18, 11, 18, 17, 16, 11,
4, 6, 18, 1, 8, 1, 0, 11, 10, 0,
15, 13, 14, 2, 0, 5, 3, 3, 8, 15,
5]
------------------------------------------------------- 
# stage = 6	# children c = 10	length of each stage p = 1	nodes = 50	# items I = 1
