[1, 53, 59, 82, 10, 3, 56, 37, 46, 49,
15, 76, 74, 22, 99, 75, 1, 9, 95, 52,
40, 21, 90, 90, 93, 28, 63, 99, 8, 92,
15, 76, 10, 74, 23, 88, 43, 80, 24, 89,
28, 39, 31, 68, 27, 29, 8, 96, 4, 69,
47]
[[1519, 590, 441], [356, 111, 1160], [1447, 1168, 380], [53, 103, 1514], [900, 811, 1022], [1100, 69, 1399], [683, 340, 1303], [363, 1356, 430], [260, 1075, 433], [855, 556, 538],
[115, 514, 1128], [556, 532, 901], [1379, 80, 508], [198, 133, 274], [1374, 696, 1085], [498, 235, 1155], [336, 918, 1157], [1301, 943, 952], [171, 866, 129], [266, 160, 685],
[804, 1498, 1199], [33, 156, 1393], [934, 1197, 1135], [1104, 1395, 1268], [1378, 871, 403], [903, 1369, 300], [159, 1367, 1218], [1316, 1107, 263], [707, 940, 1129], [836, 1206, 951],
[1183, 111, 889], [483, 144, 707], [315, 740, 343], [1450, 284, 1400], [820, 1324, 710], [885, 666, 180], [1186, 487, 1547], [505, 242, 756], [768, 612, 135], [336, 1110, 1342],
[950, 733, 1453], [1501, 1216, 1260], [647, 1532, 439], [652, 1083, 723], [491, 342, 487], [864, 890, 815], [1044, 515, 1303], [693, 1020, 1207], [1449, 1451, 258], [23, 1449, 1031],
[1027, 838, 203]]
[[3, 0, 4, 3], [2, 2, 0, 0], [10, 6, 4, 3], [9, 10, 3, 9], [0, 9, 3, 3], [3, 2, 8, 4], [9, 0, 0, 0], [6, 2, 8, 7], [0, 0, 0, 3], [0, 9, 1, 0],
[2, 5, 1, 9], [2, 2, 7, 2], [1, 0, 6, 4], [0, 1, 6, 9], [0, 5, 10, 6], [7, 5, 3, 7], [5, 1, 8, 4], [8, 9, 4, 10], [1, 3, 7, 4], [5, 3, 4, 6],
[1, 8, 9, 1], [8, 2, 0, 8], [7, 8, 1, 1], [2, 4, 7, 6], [3, 4, 10, 0], [1, 1, 9, 0], [4, 5, 2, 9], [6, 7, 3, 8], [4, 10, 9, 10], [1, 7, 7, 7],
[2, 9, 8, 5], [0, 4, 9, 2], [7, 6, 0, 6], [7, 7, 6, 0], [1, 9, 7, 6], [3, 10, 3, 5], [7, 1, 5, 9], [7, 1, 3, 9], [8, 0, 1, 7], [3, 10, 7, 8],
[3, 7, 3, 10], [4, 9, 8, 3], [5, 5, 9, 8], [2, 1, 3, 10], [1, 8, 6, 8], [7, 9, 4, 3], [7, 6, 8, 8], [3, 4, 5, 7], [0, 6, 4, 4], [5, 2, 8, 8],
[7, 4, 6, 9]]
[1, 0.1, 0.1, 0.1, 0.1, 0.1, 0.1, 0.1, 0.1, 0.1,
0.1, 0.01, 0.01, 0.01, 0.01, 0.01, 0.01, 0.01, 0.01, 0.01,
0.01, 0.001, 0.001, 0.001, 0.001, 0.001, 0.001, 0.001, 0.001, 0.001,
0.001, 0.0001, 0.0001, 0.0001, 0.0001, 0.0001, 0.0001, 0.0001, 0.0001, 0.0001,
0.0001, 1e-05, 1e-05, 1e-05, 1e-05, 1e-05, 1e-05, 1e-05, 1e-05, 1e-05,
1e-05]
[3, 1, 14, 9, 12, 7, 11, 3, 0, 0,
12, 12, 6, 1, 0, 7, 9, 11, 0, 2,
13, 4, 3, 1, 8, 15, 4, 11, 6, 4,
3, 10, 4, 4, 9, 0, 0, 15, 12, 8,
2, 8, 2, 0, 0, 15, 0, 0, 14, 9,
11]
------------------------------------------------------- 
# stage = 6	# children c = 10	length of each stage p = 1	nodes = 50	# items I = 1
