[35, 12, 81, 5, 7, 53, 86, 80, 93, 91,
87, 17, 64, 8, 67, 14, 77, 67, 7, 13,
59, 40, 94, 77, 95, 52, 4, 29, 100, 83,
96, 0, 95, 43, 5, 68, 62, 57, 47, 20,
14, 100, 37, 78, 8, 70, 59, 51, 36, 66,
31, 61, 73, 24, 37, 33, 42, 41, 62, 7,
90, 23, 7, 51, 32, 80, 18, 94, 36, 32,
80, 50, 31, 16, 95, 5, 86, 19, 57, 88,
85, 54, 48, 23, 78, 51, 56, 86, 58, 84,
93, 14, 74, 66, 65, 72, 45, 83, 32, 82,
14]
[[307, 909, 593], [1919, 869, 636], [1803, 379, 1355], [233, 1382, 787], [314, 1186, 1303], [142, 1577, 432], [1342, 1501, 1174], [909, 699, 171], [713, 626, 61], [1773, 1167, 853],
[234, 88, 1762], [1390, 58, 1245], [641, 1861, 1624], [47, 708, 1621], [1398, 1023, 1421], [752, 1165, 1049], [1747, 558, 1164], [972, 81, 1864], [1144, 794, 541], [1205, 619, 323],
[109, 1416, 411], [486, 857, 1033], [345, 1498, 1508], [584, 160, 831], [819, 172, 1854], [291, 924, 1633], [1341, 722, 806], [1119, 1694, 1450], [1597, 1452, 296], [753, 1272, 1478],
[1076, 1944, 1508], [101, 1044, 416], [1697, 1390, 529], [1257, 588, 1252], [139, 1407, 1424], [607, 1698, 399], [854, 1653, 1684], [1660, 1387, 43], [1162, 1035, 1496], [72, 1788, 1382],
[164, 1478, 1377], [1672, 1580, 473], [702, 1891, 477], [1231, 1199, 1065], [534, 1901, 523], [572, 1122, 835], [1534, 28, 1103], [1269, 302, 541], [1876, 78, 1576], [37, 713, 30],
[1419, 877, 1508], [847, 600, 1702], [1883, 1303, 1645], [411, 1148, 1458], [90, 297, 25], [1176, 869, 1147], [63, 455, 1738], [1166, 338, 655], [321, 265, 1296], [1897, 302, 61],
[1927, 335, 938], [101, 1183, 153], [1803, 1680, 70], [1499, 143, 1218], [1572, 796, 129], [1597, 24, 999], [1358, 650, 68], [1711, 430, 406], [980, 751, 1235], [327, 699, 1537],
[388, 1241, 1873], [1890, 1342, 1670], [94, 1759, 1401], [727, 1873, 158], [559, 1496, 955], [689, 1707, 1542], [302, 1116, 243], [370, 1441, 673], [1339, 472, 1424], [625, 800, 737],
[777, 1751, 592], [701, 1692, 1934], [985, 1786, 1745], [1000, 1127, 1669], [1722, 1687, 1779], [1291, 427, 1537], [884, 729, 1267], [1127, 1662, 760], [414, 1052, 1795], [1838, 1678, 1209],
[1189, 506, 1012], [1782, 1770, 755], [381, 1369, 1156], [740, 420, 334], [1023, 193, 72], [853, 98, 1062], [1004, 982, 405], [886, 723, 681], [1646, 1137, 1734], [106, 1589, 1463],
[1316, 1393, 583]]
[[3, 6, 0, 4], [4, 0, 4, 0], [1, 8, 5, 8], [0, 10, 2, 6], [1, 0, 9, 8], [10, 10, 0, 0], [5, 0, 1, 8], [0, 3, 7, 1], [10, 5, 5, 3], [4, 10, 4, 3],
[7, 9, 1, 7], [6, 1, 0, 5], [0, 8, 3, 10], [7, 1, 10, 2], [10, 10, 8, 8], [2, 2, 10, 10], [8, 4, 3, 1], [1, 5, 4, 6], [1, 3, 1, 5], [3, 10, 0, 3],
[7, 1, 0, 4], [2, 9, 4, 2], [8, 10, 10, 10], [1, 7, 10, 7], [1, 0, 6, 0], [3, 9, 7, 4], [1, 6, 7, 2], [5, 7, 3, 2], [8, 2, 6, 9], [0, 8, 0, 8],
[7, 8, 5, 6], [5, 2, 1, 4], [2, 7, 2, 3], [5, 9, 5, 5], [2, 2, 5, 8], [7, 9, 10, 3], [0, 3, 1, 9], [9, 10, 6, 5], [7, 9, 9, 10], [1, 10, 1, 1],
[7, 4, 3, 10], [0, 8, 2, 3], [10, 8, 9, 7], [6, 6, 10, 4], [7, 9, 2, 5], [8, 6, 8, 2], [2, 6, 0, 1], [4, 1, 1, 9], [5, 4, 8, 4], [1, 0, 7, 10],
[6, 3, 6, 10], [9, 3, 3, 5], [1, 3, 10, 7], [7, 5, 9, 7], [0, 9, 9, 2], [9, 10, 0, 3], [1, 7, 5, 0], [5, 10, 10, 0], [2, 3, 10, 0], [6, 0, 5, 5],
[1, 2, 1, 6], [7, 9, 2, 6], [7, 0, 8, 5], [8, 7, 7, 7], [1, 10, 8, 6], [10, 7, 4, 1], [0, 1, 2, 4], [10, 5, 10, 9], [6, 9, 4, 2], [7, 4, 6, 2],
[3, 2, 5, 0], [9, 10, 6, 8], [10, 3, 1, 9], [10, 3, 10, 8], [4, 10, 2, 1], [3, 10, 10, 9], [6, 1, 9, 1], [5, 3, 3, 8], [5, 6, 7, 1], [6, 2, 9, 5],
[5, 10, 3, 2], [2, 0, 0, 4], [9, 0, 3, 10], [10, 0, 6, 3], [10, 4, 4, 4], [7, 7, 0, 10], [3, 5, 0, 7], [5, 7, 1, 8], [6, 2, 10, 6], [0, 8, 8, 7],
[8, 9, 6, 5], [9, 1, 9, 6], [4, 2, 9, 9], [8, 9, 9, 9], [1, 7, 3, 4], [4, 4, 1, 8], [4, 9, 2, 2], [5, 10, 10, 2], [7, 5, 6, 3], [5, 2, 10, 9],
[2, 8, 5, 8]]
[1, 0.05, 0.05, 0.05, 0.05, 0.05, 0.05, 0.05, 0.05, 0.05,
0.05, 0.05, 0.05, 0.05, 0.05, 0.05, 0.05, 0.05, 0.05, 0.05,
0.05, 0.0025, 0.0025, 0.0025, 0.0025, 0.0025, 0.0025, 0.0025, 0.0025, 0.0025,
0.0025, 0.0025, 0.0025, 0.0025, 0.0025, 0.0025, 0.0025, 0.0025, 0.0025, 0.0025,
0.0025, 0.000125, 0.000125, 0.000125, 0.000125, 0.000125, 0.000125, 0.000125, 0.000125, 0.000125,
0.000125, 0.000125, 0.000125, 0.000125, 0.000125, 0.000125, 0.000125, 0.000125, 0.000125, 0.000125,
0.000125, 6.25e-06, 6.25e-06, 6.25e-06, 6.25e-06, 6.25e-06, 6.25e-06, 6.25e-06, 6.25e-06, 6.25e-06,
6.25e-06, 6.25e-06, 6.25e-06, 6.25e-06, 6.25e-06, 6.25e-06, 6.25e-06, 6.25e-06, 6.25e-06, 6.25e-06,
6.25e-06, 3.125e-07, 3.125e-07, 3.125e-07, 3.125e-07, 3.125e-07, 3.125e-07, 3.125e-07, 3.125e-07, 3.125e-07,
3.125e-07, 3.125e-07, 3.125e-07, 3.125e-07, 3.125e-07, 3.125e-07, 3.125e-07, 3.125e-07, 3.125e-07, 3.125e-07,
3.125e-07]
[3, 9, 7, 14, 1, 8, 3, 1, 7, 4,
4, 4, 7, 4, 4, 6, 9, 14, 5, 0,
5, 12, 6, 1, 2, 0, 8, 18, 8, 15,
5, 12, 8, 10, 6, 3, 15, 4, 13, 14,
2, 13, 3, 17, 17, 3, 13, 8, 13, 7,
13, 15, 19, 1, 16, 0, 13, 13, 17, 19,
15, 1, 10, 2, 0, 15, 13, 5, 1, 8,
13, 12, 14, 15, 7, 1, 17, 3, 4, 16,
19, 1, 6, 8, 4, 9, 17, 3, 10, 6,
5, 4, 2, 14, 16, 14, 6, 8, 5, 11,
6]
------------------------------------------------------- 
# stage = 6	# children c = 20	length of each stage p = 1	nodes = 100	# items I = 1
