[47, 53, 79, 46, 2, 94, 70, 53, 31, 97,
72, 41, 6, 35, 86, 41, 43, 11, 58, 16,
62, 97, 59, 11, 74, 55, 16, 83, 34, 40,
46, 81, 94, 24, 94, 62, 84, 63, 15, 81,
26, 53, 22, 32, 88, 7, 39, 31, 85, 98,
13, 46, 94, 72, 23, 33, 93, 39, 82, 26,
46]
[[629, 258, 1293], [707, 287, 1319], [1194, 1910, 1042], [411, 2102, 1048], [983, 951, 673], [2000, 195, 1701], [696, 641, 196], [1284, 908, 1393], [873, 2039, 1305], [504, 218, 467],
[1673, 847, 1245], [828, 1555, 1532], [9, 1131, 1305], [1572, 2062, 1789], [1002, 908, 602], [1675, 1290, 797], [1758, 1986, 1958], [1955, 1652, 1248], [1730, 388, 1149], [898, 892, 1367],
[1885, 428, 597], [993, 1256, 534], [387, 1786, 1665], [74, 1740, 1589], [245, 1124, 879], [847, 1181, 551], [26, 1321, 400], [366, 1658, 434], [1614, 1251, 822], [1145, 531, 1715],
[895, 278, 525], [2012, 1271, 163], [408, 41, 331], [2073, 635, 2071], [2044, 881, 1577], [1306, 110, 620], [1857, 657, 1942], [639, 1023, 1462], [1074, 1020, 1095], [1896, 547, 1626],
[1993, 1442, 287], [900, 1316, 2078], [1064, 1724, 2119], [1395, 41, 617], [1849, 468, 2018], [1288, 1774, 2128], [291, 1493, 647], [95, 515, 1671], [2077, 1589, 1073], [1035, 1867, 1620],
[1043, 105, 1445], [1850, 1005, 1143], [1791, 451, 730], [154, 229, 1291], [1291, 2078, 1759], [1171, 1748, 1395], [1162, 2039, 1271], [1809, 516, 1786], [1862, 456, 1757], [1317, 2011, 1486],
[1320, 1436, 1591]]
[[7, 3, 2, 9], [1, 0, 3, 3], [4, 7, 3, 7], [1, 2, 7, 10], [1, 3, 10, 5], [8, 10, 5, 10], [10, 8, 2, 1], [8, 5, 9, 4], [6, 0, 1, 7], [0, 4, 8, 3],
[0, 1, 8, 10], [1, 4, 7, 2], [6, 4, 6, 3], [3, 9, 0, 1], [7, 1, 2, 4], [6, 0, 6, 10], [9, 7, 4, 7], [10, 1, 10, 8], [0, 7, 8, 10], [10, 4, 0, 5],
[7, 4, 6, 10], [2, 5, 9, 7], [6, 0, 9, 10], [9, 5, 9, 5], [10, 2, 2, 9], [1, 10, 7, 2], [5, 2, 1, 4], [6, 10, 7, 0], [3, 0, 0, 4], [5, 9, 0, 9],
[8, 8, 8, 4], [0, 6, 10, 10], [8, 10, 9, 10], [9, 3, 10, 3], [5, 9, 5, 9], [9, 1, 10, 1], [0, 8, 5, 3], [4, 4, 2, 1], [10, 10, 4, 10], [4, 3, 9, 1],
[0, 5, 9, 9], [8, 6, 0, 0], [5, 5, 10, 1], [5, 9, 2, 3], [6, 6, 6, 8], [8, 8, 10, 7], [6, 1, 6, 10], [2, 2, 9, 2], [8, 8, 0, 3], [1, 0, 4, 6],
[4, 1, 7, 9], [10, 8, 1, 3], [3, 5, 0, 9], [3, 8, 5, 7], [9, 9, 6, 0], [9, 2, 0, 4], [8, 1, 8, 10], [10, 10, 5, 1], [0, 0, 10, 8], [8, 9, 9, 9],
[4, 9, 7, 5]]
[1, 0.1, 0.1, 0.1, 0.1, 0.1, 0.1, 0.1, 0.1, 0.1,
0.1, 0.01, 0.01, 0.01, 0.01, 0.01, 0.01, 0.01, 0.01, 0.01,
0.01, 0.001, 0.001, 0.001, 0.001, 0.001, 0.001, 0.001, 0.001, 0.001,
0.001, 0.0001, 0.0001, 0.0001, 0.0001, 0.0001, 0.0001, 0.0001, 0.0001, 0.0001,
0.0001, 1e-05, 1e-05, 1e-05, 1e-05, 1e-05, 1e-05, 1e-05, 1e-05, 1e-05,
1e-05, 1e-06, 1e-06, 1e-06, 1e-06, 1e-06, 1e-06, 1e-06, 1e-06, 1e-06,
1e-06]
[10, 6, 6, 5, 2, 10, 2, 9, 4, 3,
6, 7, 6, 10, 3, 9, 5, 6, 2, 2,
5, 4, 5, 5, 3, 9, 5, 3, 10, 6,
8, 1, 5, 9, 4, 5, 2, 2, 6, 6,
2, 4, 5, 6, 10, 3, 2, 7, 9, 8,
4, 10, 7, 1, 8, 10, 8, 5, 10, 3,
8]
------------------------------------------------------- 
# stage = 7	# children c = 10	length of each stage p = 1	nodes = 60	# items I = 1
