[56, 31, 65, 89, 65, 71, 80, 76, 94, 15,
44, 11, 19, 47, 38, 26, 55, 100, 22, 54,
76, 16, 76, 76, 55, 17, 26, 32, 11, 62,
98, 33, 60, 63, 22, 24, 100, 68, 67, 59,
49, 77, 71, 69, 91, 8, 95, 45, 8, 84,
99, 84, 100, 41, 25, 20, 58, 51, 52, 36,
79, 16, 69, 38, 45, 57, 29, 44, 92, 62,
2, 40, 38, 39, 8, 28, 48, 70, 39, 56,
53, 4, 5, 18, 45, 30, 38, 69, 47, 56,
4, 92, 38, 40, 97, 83, 63, 25, 26, 54,
53, 96, 95, 91, 0, 69, 86, 48, 38, 24,
70, 57, 28, 41, 75, 73, 37, 79, 42, 84,
1, 12, 42, 39, 18, 38, 89, 82, 29, 81,
1, 82, 76, 62, 38, 43, 98, 90, 91, 1,
14]
[[1103, 1742, 119], [1645, 1601, 1452], [1116, 766, 1995], [1888, 1874, 617], [1896, 1704, 1108], [149, 1273, 1315], [1129, 15, 1128], [1357, 464, 297], [153, 134, 41], [704, 1219, 582],
[786, 1780, 1782], [363, 841, 798], [1815, 1957, 1565], [1225, 1261, 854], [1842, 572, 2016], [366, 721, 1246], [1681, 1851, 719], [766, 1165, 1183], [521, 776, 775], [20, 1480, 1452],
[602, 1724, 1190], [1843, 44, 1489], [598, 1317, 861], [1621, 499, 1580], [432, 1799, 110], [1907, 122, 289], [568, 1261, 1598], [1288, 1486, 720], [428, 2007, 954], [662, 2028, 391],
[71, 45, 72], [719, 1888, 1617], [1666, 1945, 349], [485, 1523, 848], [1523, 1414, 63], [1633, 1278, 1686], [1381, 1846, 905], [936, 1091, 348], [1115, 978, 1813], [26, 1640, 1798],
[418, 1169, 1302], [1991, 1889, 605], [1566, 970, 507], [1915, 1455, 2031], [179, 936, 860], [1743, 2027, 95], [1386, 823, 1399], [248, 1760, 1949], [54, 832, 884], [1868, 858, 1982],
[1081, 734, 566], [340, 683, 1913], [946, 1707, 841], [911, 1037, 1754], [357, 1216, 105], [1217, 916, 1591], [770, 1761, 371], [127, 1467, 88], [33, 1522, 378], [375, 1347, 695],
[1815, 385, 1429], [1839, 184, 1570], [1710, 588, 692], [508, 1499, 1730], [1720, 1315, 361], [1826, 1990, 1278], [1374, 718, 454], [1745, 303, 1921], [1292, 1837, 1400], [1128, 1670, 162],
[1823, 1442, 6], [668, 1238, 1691], [1696, 363, 236], [346, 329, 1193], [33, 7, 465], [394, 1833, 413], [1130, 622, 589], [1584, 324, 892], [1463, 1074, 686], [278, 160, 1814],
[1942, 1441, 1213], [1948, 1567, 1909], [1596, 1221, 1731], [1290, 1567, 17], [440, 1058, 24], [364, 1452, 1857], [235, 2041, 1937], [824, 1582, 219], [1174, 460, 751], [1860, 197, 369],
[1631, 96, 1811], [259, 1502, 1335], [1626, 513, 2014], [1314, 1803, 996], [790, 1701, 11], [814, 22, 922], [87, 257, 920], [2024, 539, 1960], [1701, 1713, 1879], [410, 988, 33],
[237, 34, 1630], [5, 1794, 1089], [799, 1378, 1602], [228, 107, 820], [1225, 897, 478], [1236, 1170, 501], [115, 1257, 216], [493, 1238, 756], [411, 897, 426], [247, 765, 873],
[280, 1002, 907], [1368, 466, 659], [414, 723, 2037], [1474, 951, 1602], [1752, 133, 1958], [187, 828, 1085], [146, 401, 299], [1864, 895, 995], [577, 1306, 1350], [461, 1553, 1573],
[1334, 1291, 533], [199, 616, 457], [316, 488, 638], [310, 1420, 1589], [1370, 1129, 1181], [1285, 774, 1467], [327, 921, 1868], [84, 742, 720], [1080, 777, 1484], [387, 696, 452],
[1961, 2031, 1743], [1952, 1688, 1817], [1867, 2004, 1763], [462, 1772, 598], [1509, 557, 1727], [105, 1843, 1960], [1572, 1628, 838], [856, 1171, 1038], [1576, 208, 1273], [1018, 53, 1969],
[1470, 1472, 1415]]
[[2, 3, 6, 8], [6, 5, 1, 1], [10, 3, 3, 9], [8, 2, 3, 7], [6, 10, 7, 5], [2, 0, 6, 10], [1, 0, 10, 9], [6, 4, 2, 6], [5, 9, 3, 1], [3, 2, 0, 0],
[4, 3, 7, 1], [5, 10, 7, 10], [7, 3, 4, 10], [4, 10, 7, 3], [9, 6, 10, 4], [8, 2, 8, 3], [9, 0, 4, 10], [1, 2, 10, 5], [5, 4, 4, 8], [4, 0, 7, 9],
[2, 0, 8, 4], [9, 4, 7, 7], [8, 6, 9, 6], [6, 6, 7, 2], [4, 9, 1, 3], [0, 9, 6, 5], [3, 0, 0, 5], [9, 8, 3, 0], [6, 1, 4, 2], [3, 9, 9, 10],
[3, 5, 3, 7], [9, 10, 10, 1], [8, 0, 4, 8], [8, 9, 0, 0], [9, 9, 5, 5], [4, 8, 4, 0], [7, 8, 0, 9], [5, 10, 8, 8], [2, 0, 4, 1], [8, 1, 0, 3],
[2, 4, 0, 8], [2, 9, 8, 9], [5, 2, 2, 10], [8, 6, 10, 5], [1, 10, 1, 6], [7, 9, 3, 8], [7, 6, 7, 2], [7, 7, 5, 7], [9, 3, 4, 10], [10, 1, 6, 4],
[1, 8, 3, 8], [3, 0, 0, 5], [9, 1, 9, 3], [8, 2, 0, 2], [6, 5, 4, 2], [1, 9, 8, 9], [10, 10, 8, 9], [1, 1, 2, 0], [10, 6, 8, 0], [4, 8, 3, 2],
[7, 2, 6, 4], [4, 4, 6, 8], [10, 10, 10, 9], [6, 5, 7, 5], [5, 2, 1, 4], [4, 4, 2, 1], [8, 0, 1, 10], [6, 5, 2, 3], [7, 6, 5, 9], [10, 1, 6, 7],
[9, 3, 6, 3], [9, 0, 6, 1], [1, 8, 5, 5], [10, 7, 6, 7], [5, 5, 6, 10], [10, 6, 0, 4], [1, 5, 2, 10], [4, 8, 4, 3], [10, 8, 4, 6], [9, 10, 7, 10],
[7, 1, 2, 6], [6, 8, 0, 1], [0, 5, 9, 0], [0, 9, 4, 0], [3, 5, 10, 6], [0, 3, 9, 10], [1, 0, 5, 8], [10, 1, 5, 5], [0, 7, 0, 7], [2, 10, 6, 2],
[4, 2, 0, 2], [0, 3, 2, 1], [8, 10, 7, 8], [1, 3, 8, 0], [3, 0, 8, 1], [0, 2, 6, 0], [7, 4, 5, 9], [3, 9, 9, 5], [0, 10, 8, 9], [2, 10, 9, 8],
[8, 3, 5, 9], [7, 0, 9, 8], [1, 6, 9, 10], [6, 4, 8, 0], [7, 3, 7, 10], [10, 5, 3, 9], [2, 0, 5, 2], [8, 3, 10, 5], [7, 5, 3, 1], [3, 10, 9, 2],
[3, 6, 1, 9], [10, 10, 7, 4], [0, 3, 2, 8], [7, 5, 6, 9], [3, 10, 1, 9], [2, 0, 4, 7], [3, 5, 8, 5], [5, 5, 7, 8], [0, 9, 5, 8], [6, 10, 2, 6],
[3, 4, 3, 10], [9, 8, 6, 10], [7, 7, 8, 7], [6, 10, 2, 7], [5, 10, 1, 8], [2, 9, 3, 2], [5, 6, 0, 0], [6, 0, 4, 9], [4, 5, 6, 0], [2, 1, 10, 7],
[7, 7, 2, 0], [7, 4, 7, 10], [1, 7, 5, 4], [3, 8, 4, 8], [2, 4, 6, 8], [2, 8, 4, 6], [2, 10, 4, 3], [9, 3, 8, 5], [9, 10, 5, 3], [3, 0, 0, 3],
[7, 5, 7, 10]]
[1, 0.05, 0.05, 0.05, 0.05, 0.05, 0.05, 0.05, 0.05, 0.05,
0.05, 0.05, 0.05, 0.05, 0.05, 0.05, 0.05, 0.05, 0.05, 0.05,
0.05, 0.0025, 0.0025, 0.0025, 0.0025, 0.0025, 0.0025, 0.0025, 0.0025, 0.0025,
0.0025, 0.0025, 0.0025, 0.0025, 0.0025, 0.0025, 0.0025, 0.0025, 0.0025, 0.0025,
0.0025, 0.000125, 0.000125, 0.000125, 0.000125, 0.000125, 0.000125, 0.000125, 0.000125, 0.000125,
0.000125, 0.000125, 0.000125, 0.000125, 0.000125, 0.000125, 0.000125, 0.000125, 0.000125, 0.000125,
0.000125, 6.25e-06, 6.25e-06, 6.25e-06, 6.25e-06, 6.25e-06, 6.25e-06, 6.25e-06, 6.25e-06, 6.25e-06,
6.25e-06, 6.25e-06, 6.25e-06, 6.25e-06, 6.25e-06, 6.25e-06, 6.25e-06, 6.25e-06, 6.25e-06, 6.25e-06,
6.25e-06, 3.125e-07, 3.125e-07, 3.125e-07, 3.125e-07, 3.125e-07, 3.125e-07, 3.125e-07, 3.125e-07, 3.125e-07,
3.125e-07, 3.125e-07, 3.125e-07, 3.125e-07, 3.125e-07, 3.125e-07, 3.125e-07, 3.125e-07, 3.125e-07, 3.125e-07,
3.125e-07, 1.5625e-08, 1.5625e-08, 1.5625e-08, 1.5625e-08, 1.5625e-08, 1.5625e-08, 1.5625e-08, 1.5625e-08, 1.5625e-08,
1.5625e-08, 1.5625e-08, 1.5625e-08, 1.5625e-08, 1.5625e-08, 1.5625e-08, 1.5625e-08, 1.5625e-08, 1.5625e-08, 1.5625e-08,
1.5625e-08, 7.8125e-10, 7.8125e-10, 7.8125e-10, 7.8125e-10, 7.8125e-10, 7.8125e-10, 7.8125e-10, 7.8125e-10, 7.8125e-10,
7.8125e-10, 7.8125e-10, 7.8125e-10, 7.8125e-10, 7.8125e-10, 7.8125e-10, 7.8125e-10, 7.8125e-10, 7.8125e-10, 7.8125e-10,
7.8125e-10]
[14, 8, 0, 10, 3, 15, 18, 11, 10, 11,
17, 10, 3, 20, 7, 2, 12, 8, 16, 13,
11, 11, 9, 19, 12, 2, 15, 4, 19, 6,
10, 4, 17, 15, 7, 7, 13, 5, 17, 17,
9, 14, 8, 18, 18, 11, 10, 9, 4, 16,
7, 8, 0, 17, 13, 3, 11, 3, 11, 4,
2, 14, 6, 16, 2, 0, 14, 4, 18, 8,
14, 8, 4, 0, 10, 20, 16, 1, 14, 10,
6, 0, 15, 12, 2, 18, 9, 19, 16, 4,
3, 14, 15, 19, 8, 20, 16, 13, 1, 16,
0, 19, 16, 17, 16, 12, 2, 12, 17, 3,
16, 18, 0, 16, 9, 2, 3, 13, 15, 7,
8, 4, 0, 5, 4, 19, 8, 7, 1, 6,
15, 17, 6, 12, 17, 8, 13, 14, 5, 5,
4]
------------------------------------------------------- 
# stage = 8	# children c = 20	length of each stage p = 1	nodes = 140	# items I = 1
