[25, 32, 96, 6, 7, 80, 8, 98, 4, 0,
54, 14, 60, 93, 21, 100, 4, 68, 58, 93,
8, 45, 62, 43, 38, 31, 52, 4, 58, 94,
24, 50, 92, 87, 56, 99, 32, 30, 62, 2,
30, 16, 16, 56, 8, 3, 21, 80, 38, 79,
72, 46, 91, 100, 90, 28, 31, 41, 99, 89,
1, 89, 4, 93, 41, 26, 58, 73, 56, 19,
41, 53, 35, 58, 8, 10, 27, 30, 90, 65,
75, 27, 11, 65, 27, 67, 59, 58, 7, 23,
12, 75, 79, 17, 68, 19, 9, 25, 59, 66,
44]
[[1712, 72, 689], [808, 28, 257], [1700, 47, 383], [953, 220, 448], [1500, 929, 1499], [1319, 1551, 1697], [1261, 1432, 1094], [784, 780, 722], [580, 770, 1820], [132, 64, 762],
[197, 1777, 834], [887, 1105, 863], [1144, 868, 1367], [47, 1821, 1587], [952, 1842, 1036], [515, 1224, 1108], [732, 548, 1060], [1826, 1790, 1840], [1068, 890, 674], [1408, 1480, 738],
[233, 1677, 1035], [1524, 1084, 203], [450, 748, 1529], [337, 796, 1870], [445, 268, 295], [1, 783, 1519], [1566, 1515, 588], [689, 1861, 898], [593, 992, 308], [1267, 920, 1788],
[525, 1153, 49], [81, 741, 1133], [741, 1648, 1882], [333, 506, 1198], [724, 951, 1923], [1019, 952, 770], [1059, 1039, 805], [1647, 1728, 730], [1065, 384, 242], [1373, 171, 1163],
[1682, 1154, 836], [1731, 1235, 1577], [1384, 39, 1746], [1786, 830, 315], [1504, 1554, 1723], [1491, 636, 1195], [781, 215, 297], [1586, 1862, 89], [836, 990, 930], [1536, 884, 1102],
[762, 629, 319], [1598, 880, 74], [1696, 327, 113], [1505, 634, 943], [340, 201, 560], [126, 212, 1654], [1321, 993, 1869], [1619, 1100, 315], [228, 1936, 1762], [1158, 55, 709],
[323, 817, 1338], [1099, 936, 281], [1173, 1152, 1066], [1744, 1177, 1700], [750, 1517, 421], [1768, 163, 1091], [5, 4, 147], [394, 1623, 1704], [709, 1851, 1704], [992, 1530, 279],
[1701, 1853, 1097], [1560, 1473, 553], [361, 1166, 225], [1427, 973, 1402], [1647, 244, 1439], [132, 75, 122], [1223, 537, 126], [1827, 931, 1750], [1595, 161, 184], [1819, 1153, 234],
[161, 917, 608], [1715, 997, 144], [788, 1359, 1310], [1013, 849, 804], [935, 560, 1048], [437, 1149, 1580], [559, 892, 180], [686, 782, 1111], [956, 897, 1272], [1597, 779, 488],
[1832, 941, 1863], [503, 1176, 1380], [1104, 28, 802], [934, 1041, 172], [1738, 40, 1189], [1306, 934, 401], [949, 14, 1293], [1586, 1157, 595], [761, 633, 1493], [553, 293, 335],
[1499, 645, 1733]]
[[9, 7, 6, 8], [4, 7, 8, 8], [10, 3, 6, 9], [7, 10, 3, 3], [0, 0, 0, 9], [5, 1, 7, 2], [2, 9, 8, 5], [2, 3, 10, 9], [8, 3, 7, 0], [10, 4, 6, 7],
[5, 1, 3, 2], [1, 7, 5, 1], [5, 3, 8, 10], [5, 5, 1, 5], [1, 10, 0, 3], [0, 8, 1, 7], [0, 6, 7, 8], [8, 2, 2, 3], [2, 5, 3, 1], [10, 6, 0, 5],
[10, 8, 4, 2], [0, 4, 7, 1], [1, 5, 2, 10], [2, 2, 4, 2], [8, 0, 8, 4], [1, 8, 7, 1], [3, 8, 2, 2], [3, 2, 5, 0], [8, 8, 2, 9], [1, 8, 8, 0],
[0, 0, 10, 3], [0, 4, 3, 6], [2, 1, 10, 1], [7, 4, 2, 10], [1, 2, 0, 5], [4, 3, 5, 2], [0, 6, 0, 10], [1, 6, 10, 1], [6, 10, 2, 4], [1, 6, 0, 1],
[5, 10, 3, 1], [4, 3, 10, 5], [6, 8, 8, 8], [0, 1, 8, 1], [5, 6, 0, 4], [2, 9, 5, 8], [6, 8, 0, 7], [1, 0, 6, 6], [10, 7, 7, 3], [0, 4, 7, 4],
[1, 2, 10, 2], [3, 8, 1, 8], [3, 10, 1, 5], [8, 5, 1, 3], [0, 1, 8, 1], [1, 4, 5, 0], [9, 1, 2, 9], [6, 7, 0, 5], [9, 0, 5, 0], [8, 4, 6, 0],
[4, 8, 6, 10], [0, 5, 1, 0], [6, 7, 10, 7], [9, 4, 5, 8], [3, 5, 4, 7], [10, 5, 2, 9], [3, 7, 7, 0], [10, 2, 9, 3], [10, 2, 0, 8], [7, 1, 6, 2],
[9, 5, 7, 5], [9, 0, 2, 2], [5, 7, 7, 5], [10, 9, 1, 2], [4, 8, 2, 3], [10, 9, 4, 8], [1, 4, 5, 8], [4, 1, 9, 0], [6, 5, 5, 3], [5, 6, 3, 9],
[2, 10, 3, 1], [7, 2, 3, 9], [10, 3, 10, 7], [1, 1, 4, 0], [5, 8, 9, 7], [9, 5, 7, 2], [10, 0, 3, 3], [6, 4, 10, 6], [2, 2, 5, 9], [2, 6, 5, 10],
[9, 4, 6, 8], [5, 0, 9, 8], [8, 5, 3, 4], [10, 10, 4, 7], [8, 8, 8, 1], [1, 7, 7, 3], [7, 10, 10, 9], [5, 4, 8, 1], [6, 2, 8, 9], [2, 4, 5, 8],
[9, 8, 10, 6]]
[1, 0.05, 0.05, 0.05, 0.05, 0.05, 0.05, 0.05, 0.05, 0.05,
0.05, 0.05, 0.05, 0.05, 0.05, 0.05, 0.05, 0.05, 0.05, 0.05,
0.05, 0.0025, 0.0025, 0.0025, 0.0025, 0.0025, 0.0025, 0.0025, 0.0025, 0.0025,
0.0025, 0.0025, 0.0025, 0.0025, 0.0025, 0.0025, 0.0025, 0.0025, 0.0025, 0.0025,
0.0025, 0.000125, 0.000125, 0.000125, 0.000125, 0.000125, 0.000125, 0.000125, 0.000125, 0.000125,
0.000125, 0.000125, 0.000125, 0.000125, 0.000125, 0.000125, 0.000125, 0.000125, 0.000125, 0.000125,
0.000125, 6.25e-06, 6.25e-06, 6.25e-06, 6.25e-06, 6.25e-06, 6.25e-06, 6.25e-06, 6.25e-06, 6.25e-06,
6.25e-06, 6.25e-06, 6.25e-06, 6.25e-06, 6.25e-06, 6.25e-06, 6.25e-06, 6.25e-06, 6.25e-06, 6.25e-06,
6.25e-06, 3.125e-07, 3.125e-07, 3.125e-07, 3.125e-07, 3.125e-07, 3.125e-07, 3.125e-07, 3.125e-07, 3.125e-07,
3.125e-07, 3.125e-07, 3.125e-07, 3.125e-07, 3.125e-07, 3.125e-07, 3.125e-07, 3.125e-07, 3.125e-07, 3.125e-07,
3.125e-07]
[13, 4, 8, 12, 7, 17, 3, 6, 18, 9,
6, 2, 4, 6, 2, 8, 5, 9, 6, 11,
8, 15, 5, 5, 9, 11, 12, 12, 15, 18,
11, 4, 3, 2, 6, 6, 14, 18, 6, 15,
1, 11, 4, 10, 13, 8, 10, 5, 10, 7,
13, 15, 7, 19, 1, 1, 4, 16, 7, 19,
10, 9, 4, 19, 14, 2, 4, 7, 16, 18,
4, 12, 16, 1, 19, 8, 12, 15, 15, 10,
12, 10, 15, 1, 16, 12, 2, 13, 18, 14,
8, 11, 3, 9, 12, 0, 16, 2, 0, 6,
6]
------------------------------------------------------- 
# stage = 6	# children c = 20	length of each stage p = 1	nodes = 100	# items I = 1
