[7, 24, 53, 32, 24, 13, 96, 68, 49, 33,
38, 40, 12, 0, 68, 25, 38, 30, 53, 10,
74, 10, 100, 75, 19, 48, 70, 59, 100, 63,
3, 7, 54, 56, 5, 44, 69, 0, 11, 84,
33, 15, 23, 11, 16, 58, 36, 54, 88, 55,
64, 28, 66, 29, 69, 51, 43, 38, 9, 43,
1, 79, 16, 21, 0, 21, 65, 35, 88, 76,
18, 20, 91, 8, 98, 6, 66, 0, 26, 19,
55, 90, 13, 87, 85, 83, 37, 28, 87, 12,
37, 88, 91, 19, 75, 91, 40, 39, 25, 27,
14, 10, 13, 72, 18, 10, 44, 84, 77, 71,
69, 32, 26, 49, 85, 11, 31, 22, 5, 17,
34]
[[250, 869, 5], [587, 889, 459], [253, 139, 276], [370, 870, 88], [494, 538, 918], [574, 717, 636], [424, 409, 787], [892, 394, 9], [631, 468, 670], [320, 510, 616],
[499, 760, 548], [504, 225, 499], [780, 479, 638], [118, 665, 387], [206, 221, 925], [187, 611, 704], [639, 98, 929], [304, 806, 385], [314, 500, 670], [46, 636, 242],
[479, 198, 819], [89, 702, 106], [404, 544, 401], [104, 479, 128], [491, 501, 166], [294, 504, 777], [815, 206, 691], [806, 326, 376], [70, 640, 692], [740, 503, 390],
[798, 44, 588], [679, 887, 169], [602, 353, 529], [65, 457, 824], [194, 765, 388], [176, 875, 892], [15, 752, 914], [523, 437, 303], [899, 507, 759], [653, 125, 324],
[105, 739, 184], [510, 297, 133], [495, 899, 302], [840, 780, 760], [727, 790, 403], [177, 28, 156], [885, 798, 725], [862, 383, 224], [227, 344, 547], [48, 813, 488],
[189, 918, 289], [189, 306, 402], [139, 617, 179], [441, 520, 22], [79, 309, 812], [298, 302, 657], [455, 249, 517], [242, 173, 900], [282, 216, 122], [829, 265, 935],
[195, 270, 731], [300, 275, 854], [703, 414, 533], [882, 672, 115], [904, 751, 240], [595, 112, 542], [314, 567, 792], [831, 625, 781], [609, 907, 60], [547, 614, 141],
[360, 809, 227], [907, 171, 502], [823, 690, 917], [235, 635, 467], [350, 417, 280], [591, 74, 208], [11, 204, 775], [619, 851, 278], [463, 338, 247], [339, 701, 677],
[480, 123, 364], [707, 847, 352], [87, 732, 104], [820, 783, 555], [349, 196, 35], [630, 603, 863], [838, 430, 130], [492, 112, 797], [770, 391, 198], [834, 730, 899],
[389, 272, 839], [754, 795, 748], [168, 882, 358], [272, 765, 204], [828, 930, 216], [679, 622, 635], [604, 339, 127], [550, 647, 239], [410, 479, 630], [424, 191, 238],
[201, 581, 510], [102, 213, 183], [850, 381, 882], [87, 653, 525], [291, 359, 517], [323, 100, 202], [20, 521, 357], [147, 887, 66], [203, 359, 361], [649, 599, 553],
[888, 801, 12], [276, 903, 225], [460, 632, 606], [404, 535, 137], [929, 642, 313], [508, 27, 229], [526, 47, 566], [699, 10, 516], [765, 213, 691], [189, 679, 353],
[558, 629, 216]]
[[8, 5, 4, 8], [10, 3, 1, 9], [4, 5, 7, 0], [6, 10, 8, 5], [6, 0, 2, 6], [1, 10, 7, 3], [10, 2, 8, 7], [4, 0, 2, 1], [3, 6, 7, 2], [7, 8, 0, 9],
[2, 6, 9, 6], [3, 4, 10, 9], [4, 1, 4, 6], [0, 10, 7, 8], [1, 5, 3, 6], [5, 5, 5, 6], [0, 2, 8, 5], [10, 9, 4, 0], [2, 0, 6, 5], [5, 5, 4, 9],
[6, 6, 2, 4], [3, 10, 0, 5], [2, 3, 9, 7], [6, 1, 0, 4], [3, 8, 9, 1], [4, 2, 1, 6], [3, 7, 1, 6], [0, 3, 4, 6], [9, 7, 9, 2], [4, 9, 5, 6],
[10, 1, 0, 3], [2, 0, 7, 6], [8, 5, 5, 2], [8, 6, 8, 9], [0, 7, 2, 0], [10, 6, 5, 7], [0, 3, 7, 4], [10, 10, 10, 7], [0, 10, 10, 2], [10, 6, 8, 8],
[0, 0, 8, 6], [6, 3, 2, 7], [9, 4, 5, 8], [9, 10, 2, 9], [0, 7, 1, 8], [6, 0, 2, 6], [0, 1, 9, 8], [5, 4, 3, 4], [5, 9, 8, 9], [2, 0, 3, 0],
[2, 9, 6, 0], [6, 7, 8, 5], [3, 9, 0, 10], [7, 3, 3, 5], [4, 1, 3, 10], [4, 4, 1, 7], [3, 9, 5, 5], [9, 9, 3, 10], [5, 9, 8, 9], [3, 3, 1, 7],
[1, 2, 4, 9], [5, 7, 1, 7], [9, 4, 4, 0], [9, 5, 7, 1], [4, 10, 4, 0], [6, 7, 10, 9], [3, 8, 8, 5], [0, 9, 1, 0], [0, 5, 7, 3], [1, 8, 0, 8],
[0, 4, 6, 9], [10, 2, 8, 3], [0, 10, 3, 6], [4, 1, 5, 5], [9, 0, 10, 7], [9, 0, 5, 8], [3, 1, 0, 3], [8, 0, 0, 8], [3, 7, 4, 2], [7, 10, 3, 5],
[9, 4, 10, 2], [5, 4, 5, 1], [2, 5, 9, 9], [3, 1, 4, 5], [3, 5, 8, 0], [3, 8, 6, 4], [2, 10, 6, 8], [9, 7, 2, 5], [1, 1, 7, 6], [3, 10, 6, 5],
[4, 2, 2, 6], [3, 6, 0, 4], [9, 8, 4, 2], [3, 8, 6, 4], [7, 0, 1, 3], [7, 1, 8, 6], [3, 2, 0, 4], [2, 6, 8, 4], [8, 10, 10, 0], [5, 8, 5, 4],
[5, 7, 4, 7], [5, 8, 0, 10], [8, 1, 3, 3], [2, 0, 7, 3], [3, 7, 8, 3], [2, 5, 7, 8], [2, 7, 7, 7], [4, 10, 9, 8], [6, 2, 4, 9], [9, 2, 7, 4],
[1, 10, 7, 1], [8, 4, 5, 9], [9, 0, 1, 1], [3, 9, 7, 5], [3, 3, 10, 5], [2, 9, 0, 7], [9, 4, 3, 7], [4, 10, 1, 5], [7, 6, 7, 3], [8, 10, 1, 7],
[8, 1, 6, 0]]
[1, 0.05, 0.05, 0.05, 0.05, 0.05, 0.05, 0.05, 0.05, 0.05,
0.05, 0.05, 0.05, 0.05, 0.05, 0.05, 0.05, 0.05, 0.05, 0.05,
0.05, 0.0025, 0.0025, 0.0025, 0.0025, 0.0025, 0.0025, 0.0025, 0.0025, 0.0025,
0.0025, 0.0025, 0.0025, 0.0025, 0.0025, 0.0025, 0.0025, 0.0025, 0.0025, 0.0025,
0.0025, 0.000125, 0.000125, 0.000125, 0.000125, 0.000125, 0.000125, 0.000125, 0.000125, 0.000125,
0.000125, 0.000125, 0.000125, 0.000125, 0.000125, 0.000125, 0.000125, 0.000125, 0.000125, 0.000125,
0.000125, 6.25e-06, 6.25e-06, 6.25e-06, 6.25e-06, 6.25e-06, 6.25e-06, 6.25e-06, 6.25e-06, 6.25e-06,
6.25e-06, 6.25e-06, 6.25e-06, 6.25e-06, 6.25e-06, 6.25e-06, 6.25e-06, 6.25e-06, 6.25e-06, 6.25e-06,
6.25e-06, 3.125e-07, 3.125e-07, 3.125e-07, 3.125e-07, 3.125e-07, 3.125e-07, 3.125e-07, 3.125e-07, 3.125e-07,
3.125e-07, 3.125e-07, 3.125e-07, 3.125e-07, 3.125e-07, 3.125e-07, 3.125e-07, 3.125e-07, 3.125e-07, 3.125e-07,
3.125e-07, 1.5625e-08, 1.5625e-08, 1.5625e-08, 1.5625e-08, 1.5625e-08, 1.5625e-08, 1.5625e-08, 1.5625e-08, 1.5625e-08,
1.5625e-08, 1.5625e-08, 1.5625e-08, 1.5625e-08, 1.5625e-08, 1.5625e-08, 1.5625e-08, 1.5625e-08, 1.5625e-08, 1.5625e-08,
1.5625e-08]
[1, 9, 9, 9, 0, 2, 1, 5, 2, 7,
7, 8, 1, 6, 0, 3, 1, 7, 9, 5,
7, 3, 9, 2, 4, 1, 1, 0, 5, 2,
2, 9, 2, 9, 0, 4, 4, 2, 8, 8,
5, 5, 2, 5, 6, 7, 6, 5, 9, 2,
2, 1, 6, 5, 1, 0, 4, 8, 5, 6,
2, 3, 3, 8, 6, 4, 9, 9, 2, 3,
9, 3, 1, 2, 6, 0, 7, 8, 5, 3,
1, 4, 7, 0, 8, 7, 7, 3, 3, 7,
9, 9, 5, 8, 7, 4, 4, 4, 1, 5,
0, 1, 4, 0, 5, 8, 9, 4, 8, 6,
6, 0, 0, 6, 9, 5, 6, 9, 4, 9,
9]
------------------------------------------------------- 
# stage = 7	# children c = 20	length of each stage p = 1	nodes = 120	# items I = 1
