[68, 59, 48, 12, 27, 62, 5, 44, 41, 77,
74, 56, 44, 77, 11, 83, 94, 37, 90, 62,
47, 1, 84, 47, 93, 97, 68, 94, 77, 4,
30, 44, 63, 44, 22, 56, 73, 95, 100, 13,
71, 40, 69, 14, 16, 46, 63, 76, 83, 52,
3]
[[641, 1052, 437], [54, 1767, 10], [478, 1212, 871], [454, 658, 1785], [1000, 724, 880], [750, 623, 275], [1577, 715, 867], [866, 765, 395], [1753, 1601, 1869], [568, 1730, 1086],
[1211, 636, 76], [1976, 690, 1843], [1986, 1496, 1320], [794, 1950, 244], [517, 1216, 968], [1725, 231, 1591], [265, 1808, 572], [1461, 612, 1665], [1856, 630, 1203], [1662, 1527, 1198],
[1014, 675, 1835], [1418, 588, 790], [1526, 511, 552], [784, 1634, 439], [1028, 416, 1983], [261, 406, 151], [1853, 999, 1960], [362, 397, 837], [2027, 518, 1467], [1495, 118, 931],
[631, 1460, 1606], [731, 815, 459], [1521, 278, 1299], [10, 1062, 1198], [778, 355, 1614], [698, 617, 285], [1178, 735, 1284], [1075, 1097, 1682], [1912, 1389, 137], [1644, 1149, 583],
[513, 45, 308], [384, 776, 1123], [1172, 563, 1730], [408, 901, 1057], [1606, 2007, 1413], [1485, 971, 295], [1770, 86, 1030], [991, 1489, 392], [938, 1666, 46], [1404, 1247, 1523],
[1987, 1760, 1569]]
[[8, 0, 7, 1], [6, 2, 8, 0], [10, 6, 2, 4], [7, 0, 9, 3], [1, 5, 10, 7], [3, 8, 5, 9], [3, 4, 2, 10], [2, 6, 6, 10], [5, 0, 10, 0], [0, 5, 0, 10],
[1, 0, 1, 8], [1, 0, 9, 2], [3, 7, 8, 7], [2, 2, 5, 4], [4, 5, 3, 7], [1, 7, 6, 4], [8, 3, 4, 8], [9, 2, 8, 8], [3, 9, 5, 4], [7, 2, 4, 0],
[9, 1, 5, 0], [2, 10, 4, 6], [3, 5, 2, 2], [2, 7, 6, 10], [8, 10, 5, 4], [10, 2, 1, 2], [10, 5, 4, 4], [7, 9, 4, 3], [8, 9, 1, 8], [7, 6, 2, 10],
[9, 4, 10, 0], [9, 5, 8, 7], [2, 1, 0, 1], [1, 0, 4, 0], [5, 6, 5, 1], [4, 7, 2, 0], [4, 3, 6, 9], [9, 8, 6, 6], [0, 5, 4, 9], [10, 0, 3, 1],
[1, 2, 0, 2], [2, 2, 1, 5], [9, 4, 6, 0], [9, 6, 0, 0], [9, 5, 9, 6], [2, 4, 1, 2], [7, 5, 10, 6], [5, 2, 5, 4], [2, 4, 5, 2], [6, 6, 7, 4],
[8, 0, 5, 6]]
[1, 0.1, 0.1, 0.1, 0.1, 0.1, 0.1, 0.1, 0.1, 0.1,
0.1, 0.01, 0.01, 0.01, 0.01, 0.01, 0.01, 0.01, 0.01, 0.01,
0.01, 0.001, 0.001, 0.001, 0.001, 0.001, 0.001, 0.001, 0.001, 0.001,
0.001, 0.0001, 0.0001, 0.0001, 0.0001, 0.0001, 0.0001, 0.0001, 0.0001, 0.0001,
0.0001, 1e-05, 1e-05, 1e-05, 1e-05, 1e-05, 1e-05, 1e-05, 1e-05, 1e-05,
1e-05]
[0, 0, 6, 7, 6, 7, 6, 7, 8, 0,
10, 6, 1, 10, 4, 9, 7, 2, 0, 9,
2, 5, 5, 4, 2, 3, 5, 10, 1, 7,
8, 10, 10, 3, 7, 6, 5, 3, 9, 1,
10, 9, 8, 6, 3, 4, 3, 3, 9, 1,
6]
------------------------------------------------------- 
# stage = 6	# children c = 10	length of each stage p = 1	nodes = 50	# items I = 1
