[12, 16, 77, 93, 56, 74, 40, 2, 20, 69,
34, 99, 73, 90, 50, 76, 60, 27, 89, 30,
97, 46, 36, 89, 10, 60, 43, 44, 80, 41,
64, 59, 23, 7, 17, 80, 81, 57, 82, 0,
26, 15, 65, 65, 4, 15, 41, 65, 8, 29,
61, 4, 41, 63, 93, 17, 22, 1, 61, 2,
43, 92, 27, 66, 99, 44, 45, 45, 67, 26,
46, 93, 7, 77, 24, 12, 92, 65, 43, 0,
60, 3, 71, 68, 66, 64, 85, 54, 65, 46,
22, 74, 3, 49, 40, 1, 59, 85, 12, 26,
78, 24, 85, 85, 1, 8, 63, 93, 39, 5,
59, 66, 75, 30, 33, 6, 60, 84, 61, 91,
29]
[[1254, 812, 1066], [1704, 1046, 30], [965, 1207, 556], [823, 417, 421], [1088, 284, 1707], [762, 1914, 558], [240, 84, 544], [1581, 1752, 577], [1590, 1401, 1815], [245, 205, 1874],
[1424, 1703, 916], [720, 1637, 192], [751, 588, 1399], [1551, 1655, 1816], [1972, 973, 331], [1665, 1736, 231], [454, 1976, 559], [998, 1787, 541], [1575, 1607, 173], [1621, 1852, 378],
[1481, 1262, 312], [627, 213, 179], [819, 964, 768], [204, 745, 653], [250, 703, 1627], [825, 598, 1593], [1056, 1052, 1799], [1859, 36, 1816], [387, 1856, 1410], [560, 1463, 1248],
[1182, 1174, 741], [1494, 1801, 954], [1674, 606, 148], [672, 1054, 893], [1569, 1548, 1596], [1426, 360, 180], [1005, 1660, 1477], [1034, 1506, 1513], [837, 1893, 1599], [233, 683, 1292],
[1725, 1865, 696], [452, 1590, 483], [1406, 1494, 1333], [1798, 152, 617], [677, 1965, 396], [259, 1378, 756], [684, 369, 646], [147, 1404, 138], [1904, 227, 261], [1734, 704, 944],
[1012, 415, 796], [1709, 868, 372], [422, 504, 1866], [2000, 289, 248], [603, 966, 199], [1243, 1470, 1577], [1999, 384, 177], [632, 775, 1825], [1014, 909, 38], [1276, 629, 986],
[206, 1886, 1401], [1002, 1825, 255], [1618, 233, 1004], [1714, 463, 1293], [1962, 1067, 489], [392, 296, 1959], [1969, 526, 573], [376, 1402, 1348], [187, 402, 488], [469, 1922, 1117],
[1455, 115, 989], [843, 1361, 800], [1342, 1210, 1278], [332, 910, 1741], [1869, 1103, 1038], [345, 1495, 1579], [534, 1694, 91], [1352, 57, 1737], [930, 488, 369], [1418, 958, 278],
[522, 399, 393], [1755, 1486, 1998], [786, 1059, 1194], [50, 1391, 91], [21, 1491, 1194], [1060, 66, 919], [625, 844, 599], [960, 182, 900], [683, 1113, 1389], [1296, 517, 577],
[1574, 1283, 1220], [197, 1025, 693], [182, 1811, 1752], [1376, 91, 1373], [1711, 112, 1094], [891, 1172, 1160], [40, 27, 2005], [640, 987, 173], [1784, 1914, 1530], [1403, 1197, 278],
[1980, 1001, 1561], [1187, 1199, 816], [110, 1381, 857], [92, 743, 948], [1465, 441, 1305], [546, 1576, 707], [1706, 1617, 735], [1941, 487, 1966], [345, 501, 97], [1875, 135, 1538],
[139, 101, 525], [1945, 1532, 1724], [747, 1886, 1091], [1605, 1978, 65], [783, 1674, 750], [318, 206, 556], [1026, 142, 403], [2005, 314, 1134], [187, 659, 1636], [284, 520, 1771],
[52, 904, 102]]
[[3, 4, 9, 5], [4, 0, 4, 6], [6, 4, 2, 6], [2, 9, 2, 9], [10, 4, 4, 7], [1, 2, 4, 4], [6, 6, 8, 3], [6, 9, 9, 9], [0, 5, 3, 4], [6, 6, 10, 1],
[10, 0, 7, 10], [9, 10, 7, 6], [1, 9, 0, 0], [0, 5, 5, 4], [0, 0, 5, 6], [7, 1, 2, 7], [7, 6, 9, 2], [10, 7, 3, 7], [7, 10, 5, 3], [7, 1, 9, 6],
[10, 8, 7, 10], [0, 10, 3, 0], [10, 6, 4, 7], [8, 4, 1, 4], [8, 0, 6, 7], [7, 9, 2, 1], [6, 7, 4, 1], [8, 0, 7, 5], [8, 3, 4, 8], [0, 5, 6, 0],
[0, 8, 5, 6], [2, 6, 10, 10], [4, 5, 5, 9], [1, 7, 10, 6], [1, 1, 5, 9], [0, 1, 3, 6], [3, 5, 4, 3], [8, 8, 1, 6], [4, 6, 2, 4], [0, 10, 1, 4],
[3, 6, 1, 4], [0, 9, 8, 1], [0, 2, 8, 0], [2, 0, 6, 3], [3, 8, 6, 9], [4, 6, 5, 6], [10, 5, 10, 10], [4, 0, 2, 7], [5, 3, 10, 5], [1, 7, 5, 1],
[10, 2, 10, 10], [1, 4, 2, 2], [10, 6, 1, 1], [1, 6, 7, 1], [9, 4, 0, 2], [3, 0, 10, 8], [3, 7, 0, 5], [3, 3, 4, 0], [6, 2, 10, 7], [4, 1, 9, 1],
[6, 10, 3, 7], [3, 8, 6, 1], [0, 5, 2, 3], [5, 10, 9, 9], [6, 7, 1, 7], [0, 3, 8, 6], [5, 5, 0, 7], [5, 7, 9, 0], [7, 10, 7, 8], [7, 1, 8, 7],
[6, 10, 8, 0], [7, 6, 7, 2], [3, 8, 9, 3], [1, 4, 7, 4], [10, 7, 1, 4], [3, 8, 2, 8], [7, 7, 4, 3], [8, 1, 9, 3], [9, 6, 2, 5], [0, 9, 5, 3],
[5, 1, 4, 6], [6, 0, 8, 3], [5, 7, 5, 6], [4, 7, 4, 0], [3, 8, 2, 1], [7, 0, 2, 3], [4, 4, 6, 4], [3, 9, 5, 8], [10, 7, 1, 3], [7, 7, 6, 10],
[4, 0, 6, 8], [7, 8, 9, 9], [3, 9, 10, 10], [9, 10, 0, 0], [4, 6, 3, 7], [4, 8, 2, 1], [5, 1, 5, 10], [8, 0, 8, 10], [10, 3, 8, 6], [9, 4, 4, 1],
[2, 1, 9, 9], [1, 9, 9, 3], [2, 10, 8, 4], [8, 10, 5, 0], [9, 10, 8, 6], [9, 5, 6, 8], [8, 1, 1, 6], [3, 4, 5, 5], [5, 3, 1, 4], [1, 8, 7, 3],
[8, 4, 5, 3], [1, 0, 3, 10], [8, 0, 4, 6], [6, 8, 3, 1], [7, 5, 6, 10], [9, 0, 2, 1], [4, 3, 4, 3], [9, 0, 5, 4], [3, 10, 7, 2], [10, 10, 2, 8],
[9, 4, 1, 2]]
[1, 0.05, 0.05, 0.05, 0.05, 0.05, 0.05, 0.05, 0.05, 0.05,
0.05, 0.05, 0.05, 0.05, 0.05, 0.05, 0.05, 0.05, 0.05, 0.05,
0.05, 0.0025, 0.0025, 0.0025, 0.0025, 0.0025, 0.0025, 0.0025, 0.0025, 0.0025,
0.0025, 0.0025, 0.0025, 0.0025, 0.0025, 0.0025, 0.0025, 0.0025, 0.0025, 0.0025,
0.0025, 0.000125, 0.000125, 0.000125, 0.000125, 0.000125, 0.000125, 0.000125, 0.000125, 0.000125,
0.000125, 0.000125, 0.000125, 0.000125, 0.000125, 0.000125, 0.000125, 0.000125, 0.000125, 0.000125,
0.000125, 6.25e-06, 6.25e-06, 6.25e-06, 6.25e-06, 6.25e-06, 6.25e-06, 6.25e-06, 6.25e-06, 6.25e-06,
6.25e-06, 6.25e-06, 6.25e-06, 6.25e-06, 6.25e-06, 6.25e-06, 6.25e-06, 6.25e-06, 6.25e-06, 6.25e-06,
6.25e-06, 3.125e-07, 3.125e-07, 3.125e-07, 3.125e-07, 3.125e-07, 3.125e-07, 3.125e-07, 3.125e-07, 3.125e-07,
3.125e-07, 3.125e-07, 3.125e-07, 3.125e-07, 3.125e-07, 3.125e-07, 3.125e-07, 3.125e-07, 3.125e-07, 3.125e-07,
3.125e-07, 1.5625e-08, 1.5625e-08, 1.5625e-08, 1.5625e-08, 1.5625e-08, 1.5625e-08, 1.5625e-08, 1.5625e-08, 1.5625e-08,
1.5625e-08, 1.5625e-08, 1.5625e-08, 1.5625e-08, 1.5625e-08, 1.5625e-08, 1.5625e-08, 1.5625e-08, 1.5625e-08, 1.5625e-08,
1.5625e-08]
[17, 17, 2, 7, 7, 6, 4, 7, 19, 1,
10, 2, 16, 19, 0, 10, 6, 4, 7, 17,
18, 5, 16, 10, 13, 0, 20, 17, 15, 12,
16, 7, 5, 6, 0, 2, 1, 16, 17, 11,
12, 7, 13, 3, 17, 18, 14, 10, 13, 5,
16, 7, 14, 12, 5, 13, 12, 7, 1, 7,
2, 3, 6, 8, 4, 9, 20, 13, 19, 19,
3, 19, 6, 16, 11, 19, 1, 4, 13, 2,
4, 16, 7, 14, 11, 4, 17, 6, 4, 6,
19, 6, 6, 4, 1, 17, 18, 4, 18, 7,
5, 20, 13, 20, 3, 12, 10, 19, 7, 13,
10, 9, 17, 10, 8, 19, 6, 10, 19, 14,
13]
------------------------------------------------------- 
# stage = 7	# children c = 20	length of each stage p = 1	nodes = 120	# items I = 1
