[30, 75, 62, 34, 9, 47, 100, 41, 35, 77,
5, 93, 32, 71, 32, 51, 82, 47, 39, 48,
91, 80, 76, 26, 62, 12, 61, 73, 34, 87,
24, 30, 61, 52, 65, 37, 66, 30, 44, 0,
7, 16, 59, 5, 53, 92, 56, 34, 38, 61,
83, 96, 7, 24, 21, 69, 2, 48, 7, 37,
1]
[[308, 565, 481], [881, 117, 200], [626, 500, 110], [146, 938, 766], [641, 690, 208], [574, 812, 696], [931, 417, 589], [963, 752, 582], [798, 937, 250], [996, 69, 784],
[696, 377, 201], [30, 238, 318], [230, 736, 818], [340, 883, 737], [979, 376, 279], [39, 950, 71], [735, 862, 360], [176, 805, 93], [631, 455, 902], [753, 304, 971],
[517, 872, 328], [718, 902, 439], [16, 1005, 155], [707, 325, 910], [424, 156, 267], [575, 195, 197], [646, 802, 931], [878, 851, 589], [843, 462, 24], [726, 195, 200],
[677, 584, 53], [878, 154, 955], [169, 42, 940], [324, 749, 118], [87, 25, 146], [226, 600, 214], [295, 98, 1016], [207, 849, 719], [668, 672, 161], [692, 378, 228],
[893, 36, 812], [946, 786, 966], [753, 955, 881], [546, 131, 610], [664, 90, 636], [810, 316, 88], [4, 612, 187], [893, 691, 16], [592, 339, 688], [626, 903, 939],
[854, 648, 847], [519, 446, 613], [337, 52, 420], [198, 598, 423], [809, 242, 514], [297, 924, 702], [385, 929, 166], [444, 674, 729], [332, 246, 48], [893, 744, 824],
[812, 579, 324]]
[[5, 1, 9, 4], [2, 4, 5, 5], [2, 10, 9, 10], [1, 3, 9, 4], [5, 9, 2, 8], [9, 10, 2, 9], [0, 7, 5, 10], [1, 1, 3, 6], [1, 1, 8, 3], [4, 1, 6, 6],
[0, 4, 3, 1], [8, 1, 5, 0], [8, 8, 8, 6], [5, 0, 4, 4], [5, 8, 3, 6], [9, 6, 10, 10], [7, 8, 1, 0], [9, 7, 4, 7], [10, 5, 9, 7], [5, 1, 7, 2],
[7, 4, 7, 2], [2, 9, 6, 8], [6, 7, 1, 3], [2, 1, 0, 7], [7, 1, 8, 3], [7, 10, 10, 6], [5, 6, 0, 10], [6, 7, 10, 2], [9, 4, 2, 1], [3, 6, 7, 9],
[2, 8, 10, 4], [7, 0, 10, 3], [10, 5, 4, 6], [4, 4, 10, 7], [8, 10, 4, 3], [6, 4, 4, 3], [8, 6, 2, 9], [0, 9, 6, 2], [4, 5, 5, 1], [5, 4, 2, 3],
[9, 7, 9, 0], [9, 7, 8, 4], [6, 1, 8, 0], [3, 10, 3, 10], [3, 3, 8, 3], [10, 3, 4, 3], [7, 9, 2, 10], [0, 5, 2, 7], [10, 1, 7, 6], [8, 4, 10, 1],
[4, 5, 1, 7], [4, 2, 4, 8], [5, 2, 9, 4], [3, 2, 6, 10], [9, 8, 10, 7], [0, 1, 3, 8], [0, 9, 3, 6], [0, 1, 6, 4], [6, 7, 10, 9], [8, 3, 4, 0],
[3, 2, 5, 7]]
[1, 0.1, 0.1, 0.1, 0.1, 0.1, 0.1, 0.1, 0.1, 0.1,
0.1, 0.01, 0.01, 0.01, 0.01, 0.01, 0.01, 0.01, 0.01, 0.01,
0.01, 0.001, 0.001, 0.001, 0.001, 0.001, 0.001, 0.001, 0.001, 0.001,
0.001, 0.0001, 0.0001, 0.0001, 0.0001, 0.0001, 0.0001, 0.0001, 0.0001, 0.0001,
0.0001, 1e-05, 1e-05, 1e-05, 1e-05, 1e-05, 1e-05, 1e-05, 1e-05, 1e-05,
1e-05, 1e-06, 1e-06, 1e-06, 1e-06, 1e-06, 1e-06, 1e-06, 1e-06, 1e-06,
1e-06]
[1, 2, 2, 7, 9, 2, 7, 12, 2, 10,
0, 0, 12, 0, 19, 16, 6, 3, 7, 8,
20, 7, 14, 6, 14, 7, 16, 0, 1, 15,
1, 18, 6, 13, 8, 7, 6, 9, 9, 12,
7, 16, 2, 5, 14, 1, 10, 1, 17, 4,
12, 5, 4, 13, 4, 14, 2, 11, 1, 6,
14]
------------------------------------------------------- 
# stage = 7	# children c = 10	length of each stage p = 1	nodes = 60	# items I = 1
