[11, 94, 74, 88, 89, 39, 51, 32, 40, 44,
96, 12, 92, 41, 26, 16, 37, 77, 36, 82,
53, 13, 80, 24, 82, 94, 8, 62, 98, 35,
100, 75, 28, 73, 28, 17, 79, 79, 49, 85,
23, 10, 97, 14, 51, 22, 97, 54, 99, 32,
1, 17, 45, 48, 41, 94, 41, 49, 55, 4,
84, 20, 45, 79, 59, 73, 96, 3, 52, 10,
89, 41, 20, 51, 21, 37, 40, 17, 92, 4,
16, 59, 22, 61, 6, 63, 20, 48, 12, 41,
18, 62, 61, 64, 40, 20, 36, 1, 90, 88,
11, 78, 95, 98, 96, 15, 35, 35, 33, 93,
39, 49, 51, 61, 76, 58, 91, 97, 72, 2,
37]
[[1144, 1735, 922], [323, 1667, 729], [824, 68, 1524], [1911, 1972, 1268], [110, 1205, 172], [847, 1494, 472], [1496, 1290, 635], [1441, 1283, 92], [394, 671, 784], [1370, 786, 522],
[533, 472, 800], [1455, 1368, 437], [154, 162, 1077], [220, 43, 1019], [30, 153, 195], [202, 1573, 1689], [1246, 1039, 1521], [423, 1022, 775], [1088, 1417, 2018], [1872, 1329, 775],
[937, 1862, 1819], [1737, 1287, 1157], [716, 2014, 1891], [1793, 776, 1935], [783, 807, 630], [1550, 1009, 745], [1209, 798, 1785], [1273, 1221, 777], [590, 279, 736], [578, 694, 35],
[1925, 1631, 1897], [1715, 1910, 1727], [842, 596, 1711], [704, 359, 1029], [1181, 1714, 1836], [353, 1234, 1388], [1099, 986, 156], [1426, 229, 1949], [745, 819, 771], [1482, 1969, 7],
[1517, 1865, 1638], [1957, 92, 60], [1654, 934, 656], [1907, 180, 1587], [906, 1933, 1272], [713, 257, 476], [643, 1928, 1462], [799, 1896, 233], [1290, 611, 1624], [31, 63, 1564],
[38, 123, 1971], [218, 50, 33], [850, 1704, 967], [1506, 123, 1720], [1636, 1029, 1623], [878, 284, 422], [1354, 1499, 320], [1359, 268, 758], [1592, 101, 1370], [1187, 704, 2005],
[1293, 1315, 98], [1234, 1533, 148], [1267, 354, 394], [776, 402, 1089], [466, 8, 661], [60, 1458, 1517], [1054, 1355, 987], [1375, 684, 1827], [103, 818, 1928], [15, 2005, 603],
[2021, 1840, 1918], [89, 1044, 1993], [810, 281, 889], [1776, 1630, 1864], [836, 66, 414], [1497, 698, 1873], [984, 1753, 1198], [1971, 1670, 424], [1769, 315, 1242], [209, 331, 1790],
[1384, 894, 1600], [1272, 983, 615], [1808, 335, 1468], [1239, 82, 1640], [1073, 918, 1707], [1488, 957, 947], [1903, 483, 670], [1071, 425, 882], [1495, 736, 1770], [707, 1517, 643],
[1039, 872, 1537], [610, 686, 1062], [1797, 464, 1398], [1807, 246, 1480], [1418, 1319, 940], [1095, 1349, 439], [584, 1222, 922], [1255, 835, 1919], [679, 872, 625], [419, 122, 685],
[1062, 1161, 1557], [569, 1771, 213], [174, 1538, 1250], [1572, 1316, 1496], [1594, 1276, 785], [1076, 341, 677], [1515, 925, 441], [979, 722, 1277], [869, 1974, 119], [36, 363, 241],
[721, 1998, 1975], [248, 1109, 1716], [462, 1283, 1797], [254, 825, 1655], [1750, 961, 901], [1077, 7, 1814], [1754, 64, 1281], [166, 1044, 546], [2015, 1913, 490], [104, 491, 1425],
[918, 1213, 1393]]
[[9, 2, 5, 2], [4, 0, 2, 7], [6, 9, 5, 4], [8, 7, 0, 4], [0, 4, 7, 0], [3, 6, 7, 4], [3, 10, 4, 8], [2, 1, 1, 9], [1, 4, 1, 5], [2, 3, 2, 7],
[1, 7, 0, 9], [3, 9, 3, 2], [2, 8, 2, 5], [4, 7, 7, 5], [6, 9, 0, 6], [8, 1, 5, 10], [6, 6, 4, 8], [7, 4, 4, 6], [0, 2, 3, 2], [0, 4, 2, 0],
[1, 4, 4, 3], [1, 0, 8, 5], [8, 8, 1, 5], [8, 4, 4, 3], [8, 7, 9, 4], [0, 1, 8, 1], [1, 0, 1, 2], [4, 3, 0, 4], [7, 4, 7, 6], [5, 3, 10, 2],
[0, 9, 5, 6], [2, 8, 9, 10], [4, 6, 1, 4], [7, 9, 3, 6], [8, 4, 6, 1], [7, 7, 3, 2], [0, 9, 6, 3], [1, 5, 3, 10], [1, 9, 6, 3], [6, 2, 0, 8],
[8, 1, 10, 2], [9, 3, 7, 6], [5, 2, 5, 2], [9, 9, 2, 8], [7, 6, 0, 6], [10, 2, 5, 0], [9, 9, 2, 2], [1, 2, 10, 7], [2, 9, 8, 0], [10, 4, 4, 5],
[6, 7, 5, 3], [3, 5, 0, 8], [0, 9, 3, 10], [9, 7, 0, 7], [3, 2, 7, 4], [2, 4, 10, 4], [1, 5, 2, 0], [7, 4, 3, 0], [1, 8, 3, 4], [2, 1, 2, 1],
[9, 5, 0, 5], [10, 9, 2, 3], [9, 7, 5, 1], [1, 2, 3, 2], [7, 6, 0, 3], [8, 4, 4, 9], [10, 5, 3, 0], [5, 3, 1, 3], [6, 10, 8, 6], [9, 8, 7, 7],
[3, 1, 8, 4], [4, 10, 4, 9], [5, 2, 0, 2], [4, 2, 10, 2], [7, 0, 2, 1], [3, 1, 2, 7], [0, 0, 0, 7], [6, 7, 4, 9], [7, 10, 0, 9], [9, 4, 7, 1],
[5, 5, 2, 9], [7, 1, 0, 4], [10, 0, 3, 2], [1, 6, 7, 0], [4, 8, 7, 10], [4, 9, 9, 9], [9, 9, 7, 5], [1, 2, 7, 6], [7, 7, 2, 4], [8, 1, 6, 7],
[1, 9, 7, 3], [4, 3, 1, 8], [9, 8, 6, 3], [7, 4, 10, 3], [0, 7, 8, 10], [9, 4, 3, 3], [9, 6, 5, 6], [7, 0, 0, 8], [10, 5, 9, 1], [7, 10, 8, 5],
[6, 1, 6, 2], [3, 6, 5, 3], [2, 0, 1, 9], [3, 4, 10, 1], [10, 5, 8, 4], [5, 6, 0, 2], [10, 9, 2, 6], [7, 8, 0, 2], [9, 5, 2, 10], [0, 5, 2, 0],
[5, 1, 7, 8], [6, 6, 10, 3], [9, 5, 8, 4], [9, 6, 4, 8], [2, 4, 3, 9], [1, 2, 9, 8], [7, 0, 7, 5], [3, 8, 3, 9], [9, 8, 4, 2], [3, 3, 6, 2],
[6, 1, 4, 5]]
[1, 0.05, 0.05, 0.05, 0.05, 0.05, 0.05, 0.05, 0.05, 0.05,
0.05, 0.05, 0.05, 0.05, 0.05, 0.05, 0.05, 0.05, 0.05, 0.05,
0.05, 0.0025, 0.0025, 0.0025, 0.0025, 0.0025, 0.0025, 0.0025, 0.0025, 0.0025,
0.0025, 0.0025, 0.0025, 0.0025, 0.0025, 0.0025, 0.0025, 0.0025, 0.0025, 0.0025,
0.0025, 0.000125, 0.000125, 0.000125, 0.000125, 0.000125, 0.000125, 0.000125, 0.000125, 0.000125,
0.000125, 0.000125, 0.000125, 0.000125, 0.000125, 0.000125, 0.000125, 0.000125, 0.000125, 0.000125,
0.000125, 6.25e-06, 6.25e-06, 6.25e-06, 6.25e-06, 6.25e-06, 6.25e-06, 6.25e-06, 6.25e-06, 6.25e-06,
6.25e-06, 6.25e-06, 6.25e-06, 6.25e-06, 6.25e-06, 6.25e-06, 6.25e-06, 6.25e-06, 6.25e-06, 6.25e-06,
6.25e-06, 3.125e-07, 3.125e-07, 3.125e-07, 3.125e-07, 3.125e-07, 3.125e-07, 3.125e-07, 3.125e-07, 3.125e-07,
3.125e-07, 3.125e-07, 3.125e-07, 3.125e-07, 3.125e-07, 3.125e-07, 3.125e-07, 3.125e-07, 3.125e-07, 3.125e-07,
3.125e-07, 1.5625e-08, 1.5625e-08, 1.5625e-08, 1.5625e-08, 1.5625e-08, 1.5625e-08, 1.5625e-08, 1.5625e-08, 1.5625e-08,
1.5625e-08, 1.5625e-08, 1.5625e-08, 1.5625e-08, 1.5625e-08, 1.5625e-08, 1.5625e-08, 1.5625e-08, 1.5625e-08, 1.5625e-08,
1.5625e-08]
[8, 8, 10, 2, 7, 8, 10, 1, 10, 2,
5, 6, 8, 0, 0, 10, 8, 4, 1, 6,
4, 2, 6, 1, 0, 4, 6, 9, 1, 7,
4, 6, 1, 4, 3, 8, 4, 6, 10, 2,
1, 1, 0, 9, 5, 10, 10, 6, 0, 0,
0, 0, 4, 10, 1, 9, 4, 6, 6, 1,
5, 6, 1, 2, 1, 5, 7, 1, 5, 10,
0, 7, 4, 4, 2, 4, 2, 10, 1, 3,
2, 0, 7, 5, 0, 8, 0, 0, 1, 10,
5, 1, 1, 9, 9, 0, 5, 6, 9, 0,
5, 5, 10, 7, 5, 2, 6, 5, 0, 5,
0, 8, 0, 4, 5, 5, 0, 3, 2, 9,
0]
------------------------------------------------------- 
# stage = 7	# children c = 20	length of each stage p = 1	nodes = 120	# items I = 1
