[100, 10, 54, 11, 69, 14, 13, 98, 90, 17,
22, 9, 9, 67, 13, 26, 54, 47, 69, 76,
0, 3, 87, 5, 37, 67, 97, 55, 0, 78,
92, 100, 89, 45, 77, 23, 25, 90, 87, 14,
74, 9, 91, 49, 76, 3, 76, 96, 16, 44,
71]
[[609, 252, 63], [505, 205, 137], [770, 464, 580], [369, 169, 242], [233, 276, 528], [426, 651, 802], [266, 517, 858], [727, 818, 271], [336, 153, 594], [422, 470, 654],
[47, 41, 906], [893, 419, 73], [120, 151, 537], [701, 520, 706], [815, 625, 72], [306, 141, 595], [70, 279, 203], [18, 96, 893], [161, 432, 136], [627, 854, 478],
[243, 774, 520], [239, 629, 811], [184, 749, 52], [722, 412, 572], [390, 190, 287], [463, 496, 300], [148, 566, 579], [223, 456, 548], [207, 489, 852], [343, 206, 669],
[822, 449, 533], [304, 560, 252], [205, 744, 873], [257, 428, 376], [829, 819, 566], [78, 372, 24], [378, 392, 462], [829, 616, 8], [467, 823, 497], [282, 256, 575],
[41, 40, 114], [574, 344, 546], [698, 421, 380], [533, 678, 809], [909, 469, 718], [437, 547, 52], [333, 797, 444], [795, 717, 150], [675, 146, 845], [134, 428, 64],
[709, 469, 104]]
[[1, 10, 8, 1], [6, 0, 1, 0], [0, 8, 10, 9], [6, 6, 8, 3], [5, 5, 2, 1], [0, 9, 7, 1], [5, 0, 3, 0], [10, 3, 4, 10], [2, 1, 0, 8], [0, 10, 6, 9],
[6, 6, 7, 1], [1, 5, 2, 4], [10, 5, 5, 8], [3, 10, 9, 7], [10, 2, 7, 8], [3, 9, 5, 6], [9, 3, 1, 7], [3, 8, 5, 7], [3, 2, 6, 2], [5, 9, 6, 2],
[3, 10, 10, 4], [9, 6, 0, 9], [6, 6, 6, 10], [4, 9, 3, 2], [1, 4, 9, 4], [10, 4, 9, 2], [4, 5, 2, 9], [3, 7, 0, 6], [6, 8, 10, 4], [3, 9, 0, 10],
[2, 4, 9, 6], [2, 1, 7, 4], [3, 5, 6, 3], [7, 5, 3, 9], [10, 6, 7, 2], [2, 5, 6, 8], [2, 3, 10, 6], [10, 0, 5, 1], [4, 1, 6, 7], [0, 2, 0, 3],
[5, 6, 4, 2], [9, 8, 0, 8], [1, 6, 8, 1], [0, 3, 9, 3], [5, 6, 7, 4], [6, 10, 6, 9], [9, 1, 5, 9], [1, 3, 10, 6], [7, 2, 6, 6], [10, 5, 1, 9],
[0, 10, 10, 9]]
[1, 0.1, 0.1, 0.1, 0.1, 0.1, 0.1, 0.1, 0.1, 0.1,
0.1, 0.01, 0.01, 0.01, 0.01, 0.01, 0.01, 0.01, 0.01, 0.01,
0.01, 0.001, 0.001, 0.001, 0.001, 0.001, 0.001, 0.001, 0.001, 0.001,
0.001, 0.0001, 0.0001, 0.0001, 0.0001, 0.0001, 0.0001, 0.0001, 0.0001, 0.0001,
0.0001, 1e-05, 1e-05, 1e-05, 1e-05, 1e-05, 1e-05, 1e-05, 1e-05, 1e-05,
1e-05]
[5, 1, 2, 9, 3, 2, 0, 5, 9, 1,
4, 5, 1, 3, 7, 8, 3, 2, 3, 0,
3, 1, 3, 9, 8, 3, 8, 3, 5, 4,
1, 9, 1, 1, 4, 5, 7, 3, 5, 6,
4, 9, 7, 6, 2, 7, 2, 9, 9, 2,
6]
------------------------------------------------------- 
# stage = 6	# children c = 10	length of each stage p = 1	nodes = 50	# items I = 1
