[26, 28, 99, 99, 43, 55, 70, 50, 0, 67,
56, 50, 66, 20, 7, 6, 33, 10, 39, 68,
55, 76, 2, 53, 70, 5, 93, 32, 12, 12,
20, 5, 6, 86, 70, 49, 6, 39, 66, 6,
73, 21, 22, 38, 41, 29, 10, 74, 39, 49,
8, 60, 25, 10, 13, 61, 15, 72, 93, 95,
84, 80, 100, 90, 65, 35, 38, 71, 40, 70,
44, 12, 91, 66, 50, 98, 62, 60, 38, 67,
9, 46, 27, 0, 22, 6, 61, 37, 44, 53,
98, 27, 32, 63, 83, 63, 98, 20, 0, 38,
57, 44, 50, 47, 76, 0, 11, 37, 26, 49,
4, 1, 61, 98, 1, 83, 70, 62, 86, 13,
82, 84, 40, 80, 46, 22, 43, 10, 8, 9,
14, 31, 19, 64, 79, 95, 30, 56, 99, 23,
4]
[[1089, 993, 1483], [1758, 1302, 1440], [1610, 511, 1472], [1649, 1421, 107], [1543, 1686, 590], [1837, 1121, 311], [1502, 23, 1437], [1450, 1924, 1166], [1924, 750, 170], [1914, 1958, 884],
[1517, 1041, 1877], [526, 326, 706], [1499, 1936, 1217], [497, 1112, 165], [604, 181, 1383], [1195, 12, 498], [1506, 1046, 53], [469, 22, 1978], [1635, 1479, 722], [1337, 1387, 207],
[215, 430, 780], [1625, 957, 1106], [325, 1988, 569], [1542, 479, 1213], [1239, 1084, 1394], [148, 1811, 939], [647, 843, 1985], [232, 844, 1540], [1742, 5, 1013], [1997, 1342, 1932],
[198, 1557, 357], [510, 1176, 846], [1617, 1033, 828], [1718, 570, 839], [925, 1341, 1455], [313, 1490, 1260], [784, 1669, 1635], [296, 1433, 473], [1836, 1170, 478], [375, 693, 1820],
[301, 891, 904], [190, 933, 1612], [568, 76, 640], [1396, 1794, 742], [1768, 713, 77], [1217, 559, 1099], [472, 1343, 294], [101, 1639, 1728], [107, 1001, 424], [585, 1376, 1117],
[1938, 1210, 1540], [836, 932, 467], [442, 1501, 544], [614, 423, 332], [1356, 185, 578], [966, 1403, 669], [59, 1407, 1544], [354, 1040, 1178], [1614, 1147, 1711], [32, 1265, 614],
[1149, 1197, 1356], [683, 27, 282], [682, 1, 1315], [1226, 616, 1739], [1091, 1972, 1924], [1669, 932, 853], [332, 524, 1792], [1876, 878, 827], [580, 18, 1506], [1824, 50, 765],
[432, 1199, 1962], [1788, 1414, 1989], [1602, 90, 1991], [912, 849, 133], [645, 1940, 99], [95, 1135, 564], [481, 999, 1088], [267, 401, 1966], [1094, 514, 1516], [595, 332, 1566],
[892, 764, 291], [849, 78, 1237], [364, 1680, 1327], [1887, 586, 1708], [14, 1231, 1642], [114, 859, 303], [678, 1340, 1302], [1766, 1607, 1704], [1258, 228, 212], [768, 355, 544],
[1866, 1247, 840], [151, 90, 918], [1388, 455, 592], [241, 336, 1179], [1950, 351, 1942], [1118, 2003, 327], [954, 207, 1667], [250, 1505, 801], [1954, 757, 1029], [1698, 1057, 1384],
[1774, 917, 625], [608, 600, 248], [1526, 1520, 235], [1651, 1293, 571], [356, 769, 454], [1830, 1888, 1989], [152, 836, 190], [1819, 618, 1695], [146, 99, 1984], [1175, 1797, 567],
[553, 1098, 1016], [711, 1706, 1148], [491, 759, 662], [726, 404, 1956], [1297, 292, 719], [1284, 116, 133], [799, 268, 501], [990, 1620, 1120], [211, 1766, 1219], [1728, 936, 542],
[289, 1021, 1640], [838, 1264, 873], [1986, 1755, 1632], [175, 475, 1568], [125, 1305, 1392], [844, 115, 1508], [510, 914, 1777], [1011, 1436, 923], [1663, 1180, 683], [408, 902, 1151],
[951, 723, 167], [117, 1093, 963], [990, 1074, 713], [148, 1249, 720], [1248, 906, 1557], [634, 1282, 1672], [137, 1792, 113], [1446, 330, 1549], [363, 1993, 723], [1046, 396, 1157],
[1730, 1347, 1413]]
[[4, 5, 6, 0], [4, 5, 5, 4], [5, 1, 2, 0], [5, 8, 1, 7], [7, 7, 8, 3], [6, 1, 3, 8], [0, 2, 1, 3], [7, 6, 10, 9], [0, 3, 9, 2], [8, 1, 7, 2],
[0, 7, 1, 3], [4, 0, 8, 0], [5, 6, 1, 0], [5, 2, 6, 3], [5, 7, 4, 10], [0, 3, 9, 10], [4, 5, 1, 1], [7, 6, 1, 5], [1, 0, 9, 5], [0, 6, 4, 5],
[10, 5, 5, 4], [8, 1, 5, 0], [6, 9, 10, 7], [1, 6, 4, 3], [10, 5, 4, 4], [10, 4, 9, 0], [4, 7, 3, 3], [1, 5, 8, 0], [0, 1, 3, 6], [2, 8, 4, 6],
[7, 3, 2, 6], [8, 6, 10, 7], [10, 1, 0, 7], [3, 7, 5, 8], [2, 8, 9, 3], [3, 6, 1, 1], [7, 2, 5, 7], [9, 9, 3, 5], [10, 3, 9, 5], [8, 6, 1, 7],
[8, 10, 1, 9], [5, 6, 4, 7], [1, 2, 8, 2], [9, 7, 3, 3], [10, 6, 9, 8], [4, 1, 0, 4], [4, 7, 7, 1], [3, 9, 6, 9], [6, 7, 7, 9], [0, 1, 5, 2],
[3, 0, 2, 10], [8, 6, 1, 5], [10, 10, 2, 4], [0, 0, 6, 2], [7, 2, 4, 10], [9, 8, 8, 3], [3, 3, 1, 1], [4, 5, 1, 5], [5, 4, 5, 0], [8, 6, 5, 7],
[5, 7, 9, 3], [5, 4, 5, 2], [5, 7, 1, 1], [3, 8, 4, 6], [0, 6, 7, 2], [9, 9, 7, 3], [0, 10, 4, 8], [3, 7, 4, 8], [4, 3, 9, 9], [5, 4, 9, 10],
[9, 0, 1, 1], [6, 3, 7, 4], [7, 2, 6, 5], [9, 2, 7, 9], [0, 9, 6, 3], [5, 8, 10, 9], [9, 8, 6, 4], [10, 4, 1, 9], [2, 2, 10, 6], [4, 5, 10, 0],
[5, 5, 6, 3], [6, 2, 10, 6], [0, 3, 7, 5], [0, 6, 2, 10], [4, 6, 1, 3], [8, 2, 10, 9], [3, 10, 4, 7], [2, 4, 7, 7], [9, 0, 8, 2], [2, 5, 6, 0],
[8, 3, 6, 6], [9, 6, 3, 0], [10, 4, 2, 7], [5, 1, 5, 8], [9, 10, 4, 0], [1, 9, 5, 10], [10, 2, 0, 10], [5, 6, 0, 2], [9, 4, 9, 8], [8, 1, 6, 7],
[4, 8, 3, 9], [10, 7, 6, 8], [6, 8, 7, 7], [6, 1, 4, 3], [2, 2, 3, 7], [9, 1, 8, 5], [5, 6, 2, 0], [5, 9, 7, 9], [4, 10, 7, 3], [4, 0, 10, 10],
[6, 6, 4, 0], [5, 7, 3, 5], [7, 4, 0, 5], [5, 8, 0, 8], [1, 0, 8, 4], [7, 2, 1, 1], [2, 6, 2, 6], [7, 1, 4, 2], [5, 6, 2, 9], [0, 4, 3, 8],
[8, 1, 0, 1], [7, 9, 7, 6], [10, 3, 0, 4], [5, 1, 5, 5], [7, 8, 10, 1], [7, 3, 4, 2], [7, 4, 0, 6], [6, 1, 3, 2], [1, 1, 3, 8], [0, 8, 4, 8],
[0, 2, 1, 6], [3, 5, 0, 8], [0, 10, 10, 7], [0, 3, 7, 8], [5, 5, 1, 1], [5, 4, 3, 6], [3, 4, 3, 3], [1, 5, 0, 2], [7, 2, 6, 8], [5, 6, 6, 5],
[4, 5, 1, 4]]
[1, 0.05, 0.05, 0.05, 0.05, 0.05, 0.05, 0.05, 0.05, 0.05,
0.05, 0.05, 0.05, 0.05, 0.05, 0.05, 0.05, 0.05, 0.05, 0.05,
0.05, 0.0025, 0.0025, 0.0025, 0.0025, 0.0025, 0.0025, 0.0025, 0.0025, 0.0025,
0.0025, 0.0025, 0.0025, 0.0025, 0.0025, 0.0025, 0.0025, 0.0025, 0.0025, 0.0025,
0.0025, 0.000125, 0.000125, 0.000125, 0.000125, 0.000125, 0.000125, 0.000125, 0.000125, 0.000125,
0.000125, 0.000125, 0.000125, 0.000125, 0.000125, 0.000125, 0.000125, 0.000125, 0.000125, 0.000125,
0.000125, 6.25e-06, 6.25e-06, 6.25e-06, 6.25e-06, 6.25e-06, 6.25e-06, 6.25e-06, 6.25e-06, 6.25e-06,
6.25e-06, 6.25e-06, 6.25e-06, 6.25e-06, 6.25e-06, 6.25e-06, 6.25e-06, 6.25e-06, 6.25e-06, 6.25e-06,
6.25e-06, 3.125e-07, 3.125e-07, 3.125e-07, 3.125e-07, 3.125e-07, 3.125e-07, 3.125e-07, 3.125e-07, 3.125e-07,
3.125e-07, 3.125e-07, 3.125e-07, 3.125e-07, 3.125e-07, 3.125e-07, 3.125e-07, 3.125e-07, 3.125e-07, 3.125e-07,
3.125e-07, 1.5625e-08, 1.5625e-08, 1.5625e-08, 1.5625e-08, 1.5625e-08, 1.5625e-08, 1.5625e-08, 1.5625e-08, 1.5625e-08,
1.5625e-08, 1.5625e-08, 1.5625e-08, 1.5625e-08, 1.5625e-08, 1.5625e-08, 1.5625e-08, 1.5625e-08, 1.5625e-08, 1.5625e-08,
1.5625e-08, 7.8125e-10, 7.8125e-10, 7.8125e-10, 7.8125e-10, 7.8125e-10, 7.8125e-10, 7.8125e-10, 7.8125e-10, 7.8125e-10,
7.8125e-10, 7.8125e-10, 7.8125e-10, 7.8125e-10, 7.8125e-10, 7.8125e-10, 7.8125e-10, 7.8125e-10, 7.8125e-10, 7.8125e-10,
7.8125e-10]
[9, 2, 9, 1, 2, 5, 8, 0, 10, 6,
4, 8, 2, 10, 3, 1, 10, 8, 10, 7,
1, 5, 2, 2, 3, 6, 9, 1, 5, 2,
7, 8, 2, 3, 0, 9, 6, 7, 7, 6,
2, 6, 10, 9, 5, 9, 10, 5, 10, 10,
2, 10, 0, 4, 0, 5, 8, 3, 5, 0,
0, 8, 3, 10, 8, 8, 4, 8, 9, 9,
7, 10, 2, 9, 1, 4, 3, 10, 0, 4,
4, 8, 5, 10, 2, 9, 9, 8, 8, 4,
2, 9, 6, 8, 3, 4, 0, 1, 2, 5,
5, 9, 10, 2, 0, 5, 0, 5, 8, 1,
0, 3, 2, 4, 1, 4, 9, 8, 6, 4,
1, 5, 8, 5, 7, 1, 8, 6, 5, 0,
2, 0, 6, 8, 1, 3, 6, 2, 2, 5,
1]
------------------------------------------------------- 
# stage = 8	# children c = 20	length of each stage p = 1	nodes = 140	# items I = 1
