[96, 9, 13, 99, 76, 18, 63, 97, 41, 53,
22, 40, 91, 100, 75, 19, 40, 8, 40, 2,
25, 40, 32, 61, 56, 9, 62, 97, 63, 60,
57, 24, 35, 37, 22, 78, 55, 86, 74, 63,
4, 63, 2, 95, 62, 43, 80, 68, 18, 19,
36, 43, 59, 68, 3, 82, 44, 31, 78, 6,
57]
[[893, 990, 76], [925, 213, 617], [888, 729, 850], [73, 999, 747], [885, 911, 285], [902, 239, 224], [358, 325, 358], [903, 667, 830], [902, 766, 292], [115, 409, 610],
[201, 590, 547], [278, 462, 48], [182, 637, 777], [319, 711, 724], [14, 883, 582], [639, 732, 108], [150, 377, 434], [509, 228, 388], [626, 417, 102], [205, 872, 511],
[815, 21, 48], [310, 639, 851], [358, 821, 435], [422, 427, 433], [93, 441, 263], [1016, 368, 283], [71, 858, 660], [505, 314, 175], [181, 227, 593], [283, 773, 412],
[81, 535, 773], [470, 132, 359], [268, 830, 467], [1043, 200, 895], [424, 633, 623], [687, 596, 991], [257, 668, 797], [205, 460, 398], [380, 641, 966], [260, 211, 686],
[1013, 293, 508], [733, 50, 981], [40, 658, 45], [847, 648, 245], [689, 19, 166], [260, 1047, 762], [538, 591, 717], [622, 796, 465], [1021, 464, 53], [221, 724, 605],
[194, 1024, 185], [1042, 1045, 235], [970, 372, 893], [1016, 166, 488], [548, 856, 848], [714, 403, 129], [764, 941, 720], [428, 511, 464], [180, 819, 928], [574, 327, 939],
[126, 521, 198]]
[[5, 9, 9, 9], [2, 1, 6, 4], [3, 6, 10, 5], [10, 3, 5, 9], [1, 7, 9, 7], [1, 5, 5, 4], [7, 2, 5, 6], [8, 5, 9, 2], [4, 5, 10, 4], [6, 3, 6, 9],
[9, 5, 4, 8], [6, 7, 4, 7], [1, 0, 3, 0], [3, 6, 5, 10], [8, 8, 6, 3], [3, 2, 4, 5], [7, 3, 9, 0], [6, 4, 9, 2], [9, 0, 8, 4], [5, 2, 9, 7],
[0, 10, 7, 4], [6, 10, 3, 1], [8, 9, 5, 9], [9, 7, 3, 3], [8, 10, 3, 1], [3, 0, 3, 10], [9, 0, 1, 4], [0, 8, 9, 1], [7, 5, 5, 0], [3, 6, 2, 9],
[3, 5, 7, 1], [1, 10, 3, 7], [9, 6, 8, 10], [6, 0, 9, 5], [9, 8, 7, 10], [5, 5, 9, 1], [8, 1, 2, 0], [7, 2, 9, 10], [7, 5, 10, 6], [2, 2, 0, 0],
[6, 8, 10, 0], [6, 6, 3, 4], [3, 10, 1, 8], [4, 10, 8, 10], [9, 10, 9, 6], [10, 5, 3, 6], [9, 2, 10, 0], [2, 10, 10, 9], [5, 7, 9, 0], [3, 10, 4, 4],
[9, 6, 2, 0], [3, 10, 8, 2], [7, 6, 6, 6], [1, 9, 10, 10], [10, 7, 10, 10], [4, 7, 8, 9], [4, 4, 9, 5], [1, 0, 9, 10], [4, 9, 8, 8], [6, 6, 8, 2],
[1, 1, 6, 0]]
[1, 0.05, 0.05, 0.05, 0.05, 0.05, 0.05, 0.05, 0.05, 0.05,
0.05, 0.05, 0.05, 0.05, 0.05, 0.05, 0.05, 0.05, 0.05, 0.05,
0.05, 0.0025, 0.0025, 0.0025, 0.0025, 0.0025, 0.0025, 0.0025, 0.0025, 0.0025,
0.0025, 0.0025, 0.0025, 0.0025, 0.0025, 0.0025, 0.0025, 0.0025, 0.0025, 0.0025,
0.0025, 0.000125, 0.000125, 0.000125, 0.000125, 0.000125, 0.000125, 0.000125, 0.000125, 0.000125,
0.000125, 0.000125, 0.000125, 0.000125, 0.000125, 0.000125, 0.000125, 0.000125, 0.000125, 0.000125,
0.000125]
[7, 9, 16, 11, 4, 9, 17, 16, 10, 4,
17, 19, 17, 19, 5, 14, 21, 4, 10, 7,
4, 4, 16, 11, 4, 3, 8, 13, 18, 12,
20, 9, 1, 9, 3, 2, 9, 4, 20, 3,
5, 20, 2, 13, 17, 19, 6, 9, 18, 19,
11, 5, 21, 19, 21, 18, 4, 16, 1, 2,
8]
------------------------------------------------------- 
# stage = 4	# children c = 20	length of each stage p = 1	nodes = 60	# items I = 1
