[34, 27, 68, 27, 64, 5, 7, 73, 55, 94,
93, 20, 4, 79, 79, 94, 70, 50, 78, 31,
88, 5, 60, 25, 61, 90, 7, 61, 23, 85,
77, 24, 78, 44, 51, 41, 49, 59, 14, 70,
18, 73, 91, 90, 51, 35, 83, 87, 85, 27,
85, 38, 32, 10, 30, 94, 100, 37, 20, 23,
88, 97, 47, 31, 40, 64, 39, 55, 89, 19,
92, 7, 92, 82, 97, 9, 83, 45, 62, 33,
72, 46, 37, 4, 56, 67, 64, 22, 71, 84,
11, 58, 46, 24, 56, 86, 88, 95, 6, 43,
13, 98, 50, 71, 45, 12, 80, 94, 57, 8,
26, 96, 54, 64, 100, 10, 97, 63, 32, 67,
12]
[[1187, 992, 1704], [1689, 144, 1258], [715, 1891, 1933], [1317, 357, 1644], [838, 374, 1662], [890, 693, 1916], [304, 47, 1315], [862, 375, 1785], [1916, 1779, 1650], [1666, 1304, 1101],
[274, 15, 1571], [1457, 1704, 1193], [761, 465, 609], [741, 1782, 444], [1863, 145, 818], [1049, 1035, 990], [1011, 818, 515], [1804, 1680, 890], [1635, 1120, 193], [1332, 832, 1497],
[1911, 585, 1513], [1007, 88, 1263], [246, 849, 1207], [333, 1068, 513], [777, 456, 658], [1074, 983, 1172], [1542, 1473, 1468], [103, 1323, 672], [471, 483, 1793], [664, 1293, 149],
[1640, 1250, 734], [677, 1735, 300], [1940, 1460, 628], [671, 1793, 1174], [1185, 95, 1630], [1321, 647, 138], [17, 235, 1611], [1485, 1770, 458], [204, 287, 941], [1475, 429, 1712],
[1624, 115, 487], [1837, 792, 268], [183, 257, 1728], [289, 928, 1568], [1464, 1591, 1141], [618, 437, 1788], [756, 454, 69], [1845, 1940, 1839], [350, 1622, 1604], [769, 1143, 79],
[528, 291, 1627], [1015, 174, 1897], [1283, 1790, 200], [1058, 125, 607], [150, 1589, 1676], [1291, 1686, 159], [1125, 488, 614], [672, 380, 78], [35, 208, 1178], [1117, 977, 1799],
[1196, 983, 136], [347, 44, 1743], [291, 806, 1579], [1923, 1342, 1182], [576, 1492, 296], [299, 307, 28], [1890, 910, 516], [28, 1060, 374], [106, 1095, 582], [762, 258, 1038],
[607, 932, 67], [744, 758, 1544], [533, 1049, 1828], [1590, 1018, 1216], [818, 1073, 232], [1114, 850, 539], [1142, 786, 927], [1137, 815, 33], [989, 399, 606], [1050, 1162, 342],
[134, 1769, 1274], [1633, 37, 1510], [1223, 48, 605], [1097, 1638, 1102], [1791, 1935, 221], [69, 1095, 1071], [86, 1716, 1857], [491, 377, 196], [524, 1366, 596], [1130, 1894, 1236],
[1472, 74, 1051], [271, 1708, 567], [1781, 455, 615], [1865, 1031, 1732], [1013, 346, 1713], [712, 1848, 332], [1783, 1412, 94], [1164, 1904, 1903], [839, 474, 794], [1435, 1083, 734],
[717, 79, 809], [1246, 1782, 41], [1813, 1088, 1928], [1907, 477, 483], [1685, 1490, 830], [922, 1680, 724], [1254, 987, 182], [827, 197, 132], [776, 514, 85], [1570, 1949, 646],
[351, 190, 203], [638, 915, 32], [157, 252, 598], [131, 205, 1075], [615, 1368, 89], [923, 336, 1769], [1647, 1069, 802], [1307, 1896, 477], [918, 718, 992], [481, 1767, 465],
[1127, 1596, 134]]
[[2, 5, 7, 3], [4, 8, 9, 3], [9, 7, 4, 8], [10, 10, 5, 1], [3, 0, 1, 4], [2, 1, 3, 6], [6, 9, 7, 3], [7, 1, 0, 9], [4, 5, 1, 8], [2, 9, 9, 9],
[3, 2, 6, 3], [0, 1, 4, 1], [10, 3, 3, 1], [4, 6, 6, 8], [3, 2, 0, 8], [1, 0, 5, 4], [3, 4, 10, 3], [2, 9, 2, 6], [9, 8, 7, 9], [7, 0, 8, 6],
[4, 0, 6, 6], [5, 10, 2, 8], [10, 2, 5, 0], [1, 8, 2, 4], [2, 2, 8, 2], [0, 8, 8, 9], [5, 4, 6, 0], [3, 1, 4, 5], [0, 10, 9, 5], [7, 0, 0, 6],
[1, 3, 5, 0], [1, 7, 2, 3], [9, 8, 5, 9], [5, 1, 6, 9], [3, 10, 9, 4], [0, 2, 9, 0], [0, 6, 5, 7], [4, 3, 3, 3], [7, 8, 3, 6], [4, 6, 9, 3],
[3, 1, 10, 7], [2, 3, 5, 6], [2, 3, 10, 3], [5, 7, 1, 5], [2, 5, 0, 4], [8, 3, 8, 2], [0, 0, 8, 2], [4, 6, 5, 6], [8, 3, 2, 8], [6, 7, 1, 9],
[10, 10, 10, 2], [6, 0, 6, 6], [5, 6, 10, 1], [9, 5, 3, 7], [6, 1, 9, 8], [5, 2, 3, 0], [5, 5, 9, 9], [1, 8, 5, 9], [7, 4, 10, 2], [3, 5, 6, 6],
[9, 4, 7, 7], [9, 9, 1, 2], [10, 10, 0, 2], [10, 1, 1, 4], [7, 8, 1, 6], [5, 6, 3, 2], [0, 2, 2, 1], [5, 9, 7, 3], [2, 2, 8, 9], [0, 9, 10, 8],
[6, 8, 10, 6], [9, 9, 8, 3], [6, 9, 8, 1], [3, 0, 3, 3], [0, 5, 2, 3], [3, 9, 6, 3], [9, 1, 0, 9], [8, 10, 6, 3], [7, 4, 7, 3], [2, 3, 7, 7],
[10, 2, 8, 2], [0, 0, 3, 0], [3, 5, 3, 5], [2, 7, 8, 0], [8, 6, 10, 5], [5, 3, 6, 10], [5, 1, 3, 6], [4, 8, 2, 1], [10, 10, 4, 10], [8, 5, 8, 0],
[0, 9, 5, 0], [5, 1, 0, 0], [7, 8, 5, 0], [10, 9, 10, 2], [10, 0, 8, 1], [8, 8, 3, 5], [7, 5, 4, 2], [10, 10, 1, 8], [8, 6, 8, 0], [5, 7, 0, 0],
[2, 3, 9, 10], [2, 8, 2, 10], [7, 8, 1, 4], [6, 2, 10, 0], [7, 1, 3, 4], [1, 4, 2, 7], [8, 8, 8, 1], [2, 6, 1, 3], [8, 10, 2, 8], [5, 2, 7, 10],
[0, 8, 2, 4], [10, 10, 4, 4], [0, 5, 9, 10], [9, 0, 5, 5], [6, 0, 6, 9], [6, 5, 1, 1], [2, 1, 9, 5], [4, 6, 5, 4], [1, 7, 8, 10], [6, 10, 3, 4],
[5, 1, 4, 1]]
[1, 0.05, 0.05, 0.05, 0.05, 0.05, 0.05, 0.05, 0.05, 0.05,
0.05, 0.05, 0.05, 0.05, 0.05, 0.05, 0.05, 0.05, 0.05, 0.05,
0.05, 0.0025, 0.0025, 0.0025, 0.0025, 0.0025, 0.0025, 0.0025, 0.0025, 0.0025,
0.0025, 0.0025, 0.0025, 0.0025, 0.0025, 0.0025, 0.0025, 0.0025, 0.0025, 0.0025,
0.0025, 0.000125, 0.000125, 0.000125, 0.000125, 0.000125, 0.000125, 0.000125, 0.000125, 0.000125,
0.000125, 0.000125, 0.000125, 0.000125, 0.000125, 0.000125, 0.000125, 0.000125, 0.000125, 0.000125,
0.000125, 6.25e-06, 6.25e-06, 6.25e-06, 6.25e-06, 6.25e-06, 6.25e-06, 6.25e-06, 6.25e-06, 6.25e-06,
6.25e-06, 6.25e-06, 6.25e-06, 6.25e-06, 6.25e-06, 6.25e-06, 6.25e-06, 6.25e-06, 6.25e-06, 6.25e-06,
6.25e-06, 3.125e-07, 3.125e-07, 3.125e-07, 3.125e-07, 3.125e-07, 3.125e-07, 3.125e-07, 3.125e-07, 3.125e-07,
3.125e-07, 3.125e-07, 3.125e-07, 3.125e-07, 3.125e-07, 3.125e-07, 3.125e-07, 3.125e-07, 3.125e-07, 3.125e-07,
3.125e-07, 1.5625e-08, 1.5625e-08, 1.5625e-08, 1.5625e-08, 1.5625e-08, 1.5625e-08, 1.5625e-08, 1.5625e-08, 1.5625e-08,
1.5625e-08, 1.5625e-08, 1.5625e-08, 1.5625e-08, 1.5625e-08, 1.5625e-08, 1.5625e-08, 1.5625e-08, 1.5625e-08, 1.5625e-08,
1.5625e-08]
[12, 16, 17, 10, 13, 17, 2, 13, 7, 3,
3, 1, 4, 0, 10, 5, 3, 19, 6, 12,
19, 8, 1, 13, 19, 9, 7, 19, 1, 18,
18, 18, 18, 15, 0, 8, 0, 13, 11, 14,
7, 5, 11, 10, 8, 16, 5, 13, 5, 19,
7, 8, 17, 1, 13, 2, 16, 19, 4, 3,
11, 3, 19, 11, 16, 13, 2, 3, 7, 3,
4, 5, 5, 11, 6, 6, 19, 17, 10, 14,
3, 2, 0, 1, 13, 0, 10, 2, 2, 9,
13, 10, 17, 10, 0, 17, 15, 12, 8, 3,
10, 4, 13, 0, 4, 8, 5, 1, 17, 5,
19, 4, 6, 2, 14, 1, 13, 9, 15, 14,
19]
------------------------------------------------------- 
# stage = 7	# children c = 20	length of each stage p = 1	nodes = 120	# items I = 1
