[4, 71, 34, 89, 53, 55, 7, 76, 66, 41,
86, 93, 26, 21, 52, 22, 4, 69, 36, 73,
29, 14, 81, 50, 54, 32, 32, 42, 62, 31,
55, 66, 68, 56, 20, 20, 77, 95, 63, 42,
35, 14, 0, 27, 1, 18, 15, 5, 87, 52,
78, 83, 32, 24, 32, 86, 56, 31, 28, 84,
28, 49, 49, 97, 71, 35, 83, 47, 29, 45,
55, 31, 25, 22, 24, 26, 40, 40, 31, 27,
58, 75, 76, 90, 99, 74, 41, 20, 4, 35,
3, 100, 51, 18, 96, 88, 20, 44, 1, 15,
56, 56, 46, 81, 78, 37, 7, 85, 77, 4,
11, 0, 80, 53, 56, 44, 26, 97, 65, 98,
99]
[[720, 108, 485], [403, 942, 640], [213, 431, 793], [62, 189, 40], [446, 909, 697], [263, 254, 721], [646, 955, 563], [651, 287, 760], [427, 501, 270], [890, 877, 526],
[781, 625, 326], [294, 720, 296], [626, 626, 419], [447, 688, 608], [179, 826, 237], [568, 118, 184], [317, 764, 167], [880, 135, 146], [361, 255, 647], [323, 837, 552],
[849, 646, 869], [203, 940, 310], [192, 595, 936], [611, 734, 344], [912, 606, 199], [177, 202, 317], [53, 212, 773], [884, 784, 601], [58, 837, 548], [705, 189, 413],
[949, 66, 87], [539, 270, 719], [849, 462, 34], [505, 765, 769], [849, 705, 403], [740, 575, 297], [749, 628, 509], [243, 541, 322], [844, 599, 187], [112, 25, 376],
[525, 666, 135], [612, 233, 405], [359, 110, 559], [394, 307, 352], [855, 185, 86], [950, 617, 661], [939, 395, 9], [477, 330, 550], [491, 866, 842], [370, 6, 559],
[747, 531, 253], [882, 835, 487], [7, 222, 289], [566, 308, 597], [610, 855, 474], [696, 525, 783], [77, 493, 206], [87, 970, 228], [329, 181, 122], [199, 551, 128],
[758, 18, 659], [704, 592, 522], [883, 599, 437], [864, 857, 437], [181, 496, 13], [347, 884, 538], [159, 654, 59], [57, 741, 721], [286, 98, 902], [408, 962, 482],
[537, 440, 500], [888, 836, 121], [131, 747, 412], [568, 640, 298], [697, 513, 486], [710, 861, 398], [277, 48, 80], [336, 105, 513], [86, 391, 304], [16, 492, 958],
[190, 721, 426], [691, 637, 291], [504, 768, 730], [916, 56, 398], [906, 754, 604], [420, 492, 493], [819, 461, 541], [591, 798, 646], [133, 576, 730], [129, 284, 914],
[115, 475, 663], [233, 858, 328], [524, 82, 789], [947, 26, 845], [65, 933, 319], [669, 381, 812], [190, 892, 965], [731, 204, 791], [98, 337, 87], [520, 158, 372],
[462, 273, 539], [153, 506, 117], [173, 723, 199], [962, 698, 889], [528, 763, 542], [847, 461, 616], [379, 651, 536], [373, 103, 432], [856, 201, 461], [944, 413, 619],
[36, 875, 892], [267, 56, 119], [384, 893, 534], [275, 884, 260], [856, 440, 715], [427, 315, 868], [71, 387, 548], [299, 760, 343], [732, 644, 236], [221, 616, 649],
[533, 344, 552]]
[[9, 0, 0, 3], [1, 8, 9, 7], [7, 8, 4, 8], [9, 7, 6, 10], [5, 6, 10, 3], [5, 8, 7, 5], [6, 1, 4, 0], [10, 7, 4, 6], [7, 2, 9, 8], [9, 5, 2, 5],
[3, 7, 2, 10], [1, 7, 9, 6], [0, 6, 9, 6], [1, 4, 9, 7], [3, 2, 5, 2], [9, 10, 8, 3], [1, 5, 9, 10], [10, 1, 5, 2], [6, 7, 10, 7], [1, 8, 0, 2],
[3, 7, 8, 2], [0, 4, 9, 3], [5, 4, 3, 1], [1, 10, 5, 2], [4, 3, 0, 3], [2, 5, 4, 8], [10, 3, 2, 1], [1, 2, 3, 2], [8, 9, 5, 8], [0, 1, 10, 5],
[5, 0, 7, 4], [10, 10, 7, 3], [0, 7, 5, 3], [10, 9, 0, 7], [1, 1, 6, 0], [1, 7, 1, 9], [3, 4, 7, 4], [5, 4, 7, 9], [2, 1, 2, 2], [0, 7, 3, 10],
[3, 8, 2, 0], [6, 0, 6, 6], [1, 10, 4, 3], [7, 5, 1, 8], [7, 6, 10, 2], [8, 7, 0, 0], [6, 0, 0, 5], [8, 3, 4, 0], [1, 4, 10, 5], [4, 3, 9, 4],
[2, 1, 5, 7], [4, 4, 5, 1], [9, 4, 3, 6], [9, 1, 4, 3], [1, 4, 8, 9], [6, 10, 8, 7], [3, 5, 10, 5], [8, 7, 9, 10], [8, 1, 7, 1], [6, 10, 2, 4],
[1, 3, 8, 0], [4, 2, 3, 4], [4, 9, 2, 10], [8, 10, 4, 9], [4, 2, 3, 10], [9, 0, 8, 4], [10, 4, 5, 5], [1, 6, 7, 2], [9, 5, 2, 1], [5, 3, 5, 7],
[10, 5, 5, 5], [5, 7, 3, 7], [9, 5, 5, 5], [3, 2, 7, 2], [6, 2, 6, 5], [6, 2, 7, 2], [7, 8, 3, 10], [9, 6, 7, 9], [1, 10, 3, 6], [6, 5, 0, 3],
[8, 5, 6, 0], [7, 3, 0, 0], [3, 6, 3, 9], [9, 0, 0, 3], [8, 2, 1, 4], [8, 8, 2, 9], [5, 6, 2, 0], [9, 3, 3, 6], [6, 10, 4, 1], [0, 4, 1, 3],
[9, 5, 1, 5], [3, 10, 8, 9], [1, 7, 2, 10], [2, 5, 8, 7], [9, 0, 8, 5], [1, 9, 0, 7], [6, 4, 8, 6], [6, 8, 9, 4], [0, 8, 9, 1], [8, 5, 10, 9],
[1, 1, 8, 4], [4, 4, 0, 0], [4, 6, 5, 5], [5, 3, 10, 0], [5, 8, 7, 1], [3, 3, 3, 3], [1, 0, 2, 9], [3, 1, 5, 4], [0, 3, 6, 3], [5, 5, 3, 9],
[9, 7, 1, 3], [10, 0, 2, 3], [6, 7, 2, 9], [8, 5, 10, 9], [5, 1, 5, 6], [0, 0, 0, 1], [1, 4, 4, 6], [7, 5, 2, 6], [1, 1, 7, 10], [1, 9, 2, 6],
[3, 2, 2, 1]]
[1, 0.05, 0.05, 0.05, 0.05, 0.05, 0.05, 0.05, 0.05, 0.05,
0.05, 0.05, 0.05, 0.05, 0.05, 0.05, 0.05, 0.05, 0.05, 0.05,
0.05, 0.0025, 0.0025, 0.0025, 0.0025, 0.0025, 0.0025, 0.0025, 0.0025, 0.0025,
0.0025, 0.0025, 0.0025, 0.0025, 0.0025, 0.0025, 0.0025, 0.0025, 0.0025, 0.0025,
0.0025, 0.000125, 0.000125, 0.000125, 0.000125, 0.000125, 0.000125, 0.000125, 0.000125, 0.000125,
0.000125, 0.000125, 0.000125, 0.000125, 0.000125, 0.000125, 0.000125, 0.000125, 0.000125, 0.000125,
0.000125, 6.25e-06, 6.25e-06, 6.25e-06, 6.25e-06, 6.25e-06, 6.25e-06, 6.25e-06, 6.25e-06, 6.25e-06,
6.25e-06, 6.25e-06, 6.25e-06, 6.25e-06, 6.25e-06, 6.25e-06, 6.25e-06, 6.25e-06, 6.25e-06, 6.25e-06,
6.25e-06, 3.125e-07, 3.125e-07, 3.125e-07, 3.125e-07, 3.125e-07, 3.125e-07, 3.125e-07, 3.125e-07, 3.125e-07,
3.125e-07, 3.125e-07, 3.125e-07, 3.125e-07, 3.125e-07, 3.125e-07, 3.125e-07, 3.125e-07, 3.125e-07, 3.125e-07,
3.125e-07, 1.5625e-08, 1.5625e-08, 1.5625e-08, 1.5625e-08, 1.5625e-08, 1.5625e-08, 1.5625e-08, 1.5625e-08, 1.5625e-08,
1.5625e-08, 1.5625e-08, 1.5625e-08, 1.5625e-08, 1.5625e-08, 1.5625e-08, 1.5625e-08, 1.5625e-08, 1.5625e-08, 1.5625e-08,
1.5625e-08]
[19, 12, 5, 6, 6, 13, 10, 10, 4, 8,
9, 12, 18, 10, 1, 12, 10, 16, 19, 9,
10, 4, 16, 9, 5, 0, 2, 8, 9, 15,
17, 4, 4, 15, 15, 2, 8, 9, 4, 16,
8, 16, 12, 10, 14, 5, 4, 19, 1, 17,
11, 6, 9, 7, 14, 7, 11, 4, 11, 10,
3, 9, 8, 1, 6, 10, 1, 1, 5, 19,
12, 6, 13, 12, 9, 2, 1, 12, 3, 18,
15, 19, 10, 2, 2, 18, 8, 2, 19, 18,
0, 0, 3, 10, 10, 16, 2, 18, 0, 11,
3, 9, 6, 17, 10, 5, 16, 4, 2, 18,
7, 3, 14, 5, 14, 9, 18, 1, 1, 13,
6]
------------------------------------------------------- 
# stage = 7	# children c = 20	length of each stage p = 1	nodes = 120	# items I = 1
