[64, 92, 82, 41, 58, 52, 34, 43, 12, 77,
11, 61, 82, 26, 35, 13, 55, 88, 77, 80,
85, 7, 41, 42, 15, 65, 42, 87, 68, 49,
93, 31, 41, 41, 39, 65, 93, 73, 74, 72,
15, 51, 99, 97, 77, 33, 76, 98, 87, 19,
43]
[[199, 856, 998], [131, 292, 433], [728, 707, 957], [12, 881, 507], [955, 923, 994], [393, 754, 117], [564, 613, 287], [586, 841, 573], [46, 158, 446], [895, 360, 42],
[758, 431, 770], [736, 562, 42], [22, 270, 622], [979, 155, 483], [338, 90, 386], [312, 355, 1013], [301, 791, 478], [461, 229, 172], [14, 276, 330], [332, 151, 690],
[374, 781, 993], [1016, 370, 535], [38, 392, 677], [660, 223, 832], [1016, 433, 794], [382, 617, 2], [247, 919, 665], [726, 232, 895], [770, 118, 151], [80, 322, 174],
[642, 696, 955], [615, 692, 177], [2, 602, 441], [679, 115, 664], [364, 111, 969], [138, 365, 567], [12, 613, 338], [678, 191, 442], [425, 961, 560], [448, 913, 882],
[622, 407, 430], [429, 2, 994], [607, 896, 576], [28, 555, 563], [565, 791, 674], [514, 802, 912], [953, 814, 377], [143, 472, 440], [585, 897, 381], [125, 325, 146],
[879, 819, 553]]
[[4, 7, 2, 1], [0, 0, 1, 6], [9, 4, 8, 8], [8, 0, 5, 5], [3, 1, 6, 8], [7, 8, 10, 1], [4, 7, 0, 10], [0, 8, 3, 4], [5, 5, 3, 3], [3, 5, 9, 2],
[9, 4, 10, 4], [5, 2, 9, 6], [1, 2, 3, 8], [0, 0, 7, 2], [7, 5, 1, 6], [1, 2, 10, 6], [7, 1, 7, 0], [6, 3, 2, 2], [7, 10, 4, 10], [1, 2, 5, 2],
[5, 6, 8, 3], [7, 2, 5, 3], [7, 4, 9, 6], [7, 7, 10, 1], [6, 6, 1, 1], [9, 1, 1, 6], [0, 5, 3, 10], [5, 9, 10, 8], [4, 7, 0, 0], [7, 5, 2, 2],
[8, 9, 8, 4], [3, 8, 5, 9], [3, 5, 8, 0], [4, 7, 4, 5], [1, 7, 2, 5], [3, 2, 2, 6], [9, 3, 4, 4], [6, 6, 6, 3], [3, 3, 5, 6], [9, 9, 5, 0],
[3, 0, 0, 7], [8, 2, 10, 7], [9, 2, 1, 0], [2, 4, 6, 9], [5, 10, 2, 9], [4, 8, 2, 7], [10, 7, 2, 8], [3, 5, 8, 6], [6, 6, 1, 1], [8, 9, 8, 5],
[9, 10, 5, 0]]
[1, 0.1, 0.1, 0.1, 0.1, 0.1, 0.1, 0.1, 0.1, 0.1,
0.1, 0.01, 0.01, 0.01, 0.01, 0.01, 0.01, 0.01, 0.01, 0.01,
0.01, 0.001, 0.001, 0.001, 0.001, 0.001, 0.001, 0.001, 0.001, 0.001,
0.001, 0.0001, 0.0001, 0.0001, 0.0001, 0.0001, 0.0001, 0.0001, 0.0001, 0.0001,
0.0001, 1e-05, 1e-05, 1e-05, 1e-05, 1e-05, 1e-05, 1e-05, 1e-05, 1e-05,
1e-05]
[11, 14, 3, 8, 0, 13, 6, 11, 3, 0,
3, 10, 10, 16, 8, 19, 13, 4, 5, 8,
6, 0, 15, 10, 13, 14, 11, 16, 6, 0,
2, 13, 8, 8, 6, 16, 13, 2, 2, 1,
18, 8, 15, 5, 10, 13, 20, 4, 1, 17,
1]
------------------------------------------------------- 
# stage = 6	# children c = 10	length of each stage p = 1	nodes = 50	# items I = 1
