[45, 98, 95, 89, 8, 92, 52, 73, 99, 12,
45, 76, 52, 93, 0, 58, 17, 2, 77, 82,
58, 5, 29, 88, 86, 10, 88, 54, 80, 54,
0, 24, 51, 61, 79, 60, 18, 30, 99, 16,
42, 43, 58, 60, 1, 59, 85, 19, 27, 61,
0]
[[1451, 1102, 317], [1510, 1594, 631], [1620, 1870, 2], [1654, 1948, 260], [1614, 1865, 98], [1688, 441, 1530], [966, 331, 831], [1591, 1375, 1627], [1715, 618, 1674], [322, 426, 469],
[1361, 1749, 1443], [1550, 1220, 997], [14, 800, 828], [1928, 414, 736], [20, 1901, 433], [118, 1421, 874], [1520, 348, 1077], [312, 1811, 285], [1811, 1487, 903], [1445, 1681, 1202],
[1786, 874, 911], [1189, 256, 91], [147, 270, 764], [975, 31, 1050], [1583, 51, 783], [2016, 42, 165], [722, 1562, 385], [1800, 1746, 156], [45, 1517, 1515], [820, 795, 1156],
[2022, 541, 2030], [766, 1731, 119], [729, 1750, 389], [1493, 685, 420], [376, 100, 344], [1159, 1988, 258], [1324, 670, 1820], [1709, 302, 1399], [1866, 219, 748], [1213, 1040, 1415],
[330, 894, 1957], [192, 1660, 1520], [311, 350, 1230], [573, 1715, 1787], [865, 1963, 1887], [1209, 1083, 1835], [1467, 239, 465], [1120, 1821, 640], [351, 1519, 859], [971, 692, 1899],
[347, 1022, 626]]
[[1, 3, 9, 8], [9, 2, 0, 4], [1, 5, 5, 5], [5, 1, 4, 8], [9, 10, 10, 1], [5, 0, 4, 5], [1, 2, 5, 1], [8, 9, 4, 10], [1, 2, 5, 8], [2, 5, 1, 1],
[10, 4, 7, 3], [3, 9, 0, 2], [6, 9, 1, 9], [9, 5, 4, 8], [8, 7, 7, 3], [6, 0, 2, 5], [0, 6, 1, 1], [0, 0, 0, 9], [3, 7, 1, 6], [3, 10, 6, 8],
[8, 7, 6, 5], [0, 8, 2, 6], [5, 10, 9, 9], [8, 10, 3, 7], [5, 4, 8, 3], [3, 8, 1, 6], [3, 0, 1, 4], [9, 8, 1, 6], [2, 6, 9, 2], [3, 1, 8, 6],
[9, 7, 4, 6], [4, 8, 2, 9], [10, 8, 1, 2], [4, 1, 6, 5], [10, 6, 7, 8], [1, 9, 2, 3], [2, 0, 6, 3], [1, 1, 10, 10], [6, 3, 4, 10], [9, 4, 8, 7],
[0, 8, 7, 4], [7, 3, 7, 6], [9, 3, 4, 10], [10, 6, 2, 1], [4, 6, 5, 4], [6, 2, 1, 1], [5, 5, 1, 2], [10, 7, 9, 10], [2, 3, 1, 9], [6, 6, 3, 2],
[9, 7, 1, 7]]
[1, 0.1, 0.1, 0.1, 0.1, 0.1, 0.1, 0.1, 0.1, 0.1,
0.1, 0.01, 0.01, 0.01, 0.01, 0.01, 0.01, 0.01, 0.01, 0.01,
0.01, 0.001, 0.001, 0.001, 0.001, 0.001, 0.001, 0.001, 0.001, 0.001,
0.001, 0.0001, 0.0001, 0.0001, 0.0001, 0.0001, 0.0001, 0.0001, 0.0001, 0.0001,
0.0001, 1e-05, 1e-05, 1e-05, 1e-05, 1e-05, 1e-05, 1e-05, 1e-05, 1e-05,
1e-05]
[13, 20, 12, 0, 8, 11, 9, 5, 6, 19,
16, 11, 18, 0, 14, 3, 4, 10, 18, 7,
9, 11, 2, 18, 0, 10, 12, 19, 15, 1,
17, 10, 3, 11, 8, 2, 14, 13, 5, 0,
4, 1, 5, 3, 17, 3, 6, 8, 11, 6,
15]
------------------------------------------------------- 
# stage = 6	# children c = 10	length of each stage p = 1	nodes = 50	# items I = 1
