[85, 19, 29, 31, 62, 4, 85, 38, 98, 77,
85, 6, 88, 58, 82, 92, 50, 95, 91, 80,
71, 39, 96, 47, 44, 12, 83, 92, 88, 4,
43, 72, 23, 72, 69, 85, 42, 54, 22, 39,
97, 73, 12, 50, 31, 94, 8, 47, 54, 65,
26, 92, 4, 89, 38, 48, 0, 21, 6, 54,
92, 49, 93, 14, 87, 27, 65, 28, 47, 53,
34, 43, 25, 46, 60, 22, 39, 68, 35, 94,
32]
[[4030, 112, 2088], [3666, 1468, 40], [1445, 3444, 1856], [2883, 843, 3386], [4125, 143, 1979], [501, 2080, 627], [4086, 1738, 378], [1584, 2469, 595], [2891, 1890, 242], [3900, 2401, 3224],
[173, 1543, 2587], [2261, 1070, 4055], [1552, 1767, 2611], [2660, 3901, 3454], [1158, 3887, 2848], [3137, 250, 790], [3764, 3587, 2528], [3393, 1032, 109], [3240, 3923, 1250], [3482, 2935, 2902],
[1818, 3108, 307], [266, 481, 628], [3572, 1285, 1646], [1296, 3945, 1409], [611, 964, 1157], [2711, 4101, 658], [3501, 2978, 106], [1141, 1483, 1139], [1250, 584, 174], [1752, 4067, 3110],
[515, 997, 1330], [822, 515, 1063], [702, 4087, 2348], [2348, 1244, 1405], [3757, 1107, 2369], [27, 3818, 1582], [685, 2431, 3811], [43, 3572, 1156], [433, 4073, 1740], [607, 1686, 919],
[2968, 2202, 1168], [3550, 2275, 1683], [474, 2977, 882], [2822, 438, 1378], [88, 56, 2485], [1708, 3473, 1415], [2541, 20, 3097], [2214, 3453, 2530], [2621, 3886, 1715], [3612, 3744, 2653],
[3783, 2574, 4106], [812, 1236, 2242], [2495, 1710, 332], [3377, 3783, 21], [4006, 3122, 77], [1603, 4081, 3551], [3018, 2483, 2822], [1976, 3948, 2136], [3757, 2430, 1134], [585, 1155, 739],
[3238, 799, 2564], [3205, 1611, 3800], [559, 3357, 622], [142, 1846, 3656], [163, 1714, 2639], [3631, 3317, 2581], [3043, 1448, 177], [977, 2675, 4125], [2364, 1545, 1668], [3498, 2130, 2823],
[98, 1229, 3622], [2663, 3685, 345], [1575, 105, 2953], [2198, 248, 660], [1715, 3801, 1625], [3606, 3293, 55], [2048, 1448, 1503], [2225, 1676, 3429], [1463, 4040, 835], [3131, 2650, 2965],
[1815, 2000, 3445]]
[[5, 1, 0, 8], [5, 5, 4, 8], [9, 8, 9, 1], [9, 3, 0, 8], [3, 2, 0, 2], [8, 3, 3, 5], [10, 7, 1, 1], [10, 6, 9, 4], [7, 8, 10, 1], [0, 3, 8, 9],
[0, 6, 10, 8], [8, 8, 5, 9], [10, 3, 1, 8], [4, 4, 0, 3], [9, 1, 4, 8], [7, 1, 10, 3], [9, 9, 3, 9], [10, 0, 5, 9], [6, 2, 6, 1], [10, 9, 0, 9],
[1, 1, 4, 4], [3, 5, 7, 1], [6, 1, 8, 1], [2, 7, 2, 9], [6, 5, 7, 3], [5, 10, 1, 10], [1, 7, 0, 0], [3, 0, 7, 3], [10, 1, 7, 2], [4, 1, 2, 8],
[2, 8, 9, 2], [4, 10, 9, 8], [4, 3, 1, 8], [2, 2, 7, 3], [8, 5, 1, 9], [4, 9, 10, 3], [8, 4, 4, 10], [6, 6, 7, 6], [3, 4, 9, 5], [3, 5, 1, 5],
[9, 2, 2, 0], [2, 9, 2, 8], [2, 3, 7, 6], [10, 4, 9, 5], [9, 0, 4, 4], [4, 10, 10, 5], [1, 6, 0, 4], [1, 1, 7, 10], [1, 10, 8, 1], [8, 10, 10, 8],
[3, 4, 3, 0], [8, 0, 6, 6], [0, 8, 8, 5], [7, 8, 10, 6], [1, 8, 10, 0], [7, 7, 10, 8], [4, 8, 8, 10], [5, 5, 8, 8], [7, 0, 9, 4], [0, 2, 9, 10],
[10, 6, 4, 5], [1, 1, 0, 1], [10, 9, 1, 6], [3, 10, 2, 7], [5, 10, 6, 10], [2, 3, 8, 9], [2, 4, 2, 0], [4, 9, 10, 3], [3, 3, 6, 2], [5, 7, 3, 2],
[3, 3, 8, 6], [2, 10, 0, 7], [7, 4, 6, 9], [6, 1, 5, 8], [3, 6, 8, 7], [4, 8, 9, 5], [9, 4, 8, 1], [9, 9, 3, 10], [1, 10, 5, 3], [9, 3, 8, 4],
[8, 4, 0, 3]]
[1, 0.05, 0.05, 0.05, 0.05, 0.05, 0.05, 0.05, 0.05, 0.05,
0.05, 0.05, 0.05, 0.05, 0.05, 0.05, 0.05, 0.05, 0.05, 0.05,
0.05, 0.0025, 0.0025, 0.0025, 0.0025, 0.0025, 0.0025, 0.0025, 0.0025, 0.0025,
0.0025, 0.0025, 0.0025, 0.0025, 0.0025, 0.0025, 0.0025, 0.0025, 0.0025, 0.0025,
0.0025, 0.000125, 0.000125, 0.000125, 0.000125, 0.000125, 0.000125, 0.000125, 0.000125, 0.000125,
0.000125, 0.000125, 0.000125, 0.000125, 0.000125, 0.000125, 0.000125, 0.000125, 0.000125, 0.000125,
0.000125, 6.25e-06, 6.25e-06, 6.25e-06, 6.25e-06, 6.25e-06, 6.25e-06, 6.25e-06, 6.25e-06, 6.25e-06,
6.25e-06, 6.25e-06, 6.25e-06, 6.25e-06, 6.25e-06, 6.25e-06, 6.25e-06, 6.25e-06, 6.25e-06, 6.25e-06,
6.25e-06]
[1, 7, 10, 2, 8, 7, 0, 0, 5, 9,
0, 3, 4, 0, 4, 9, 6, 5, 9, 5,
10, 10, 8, 10, 7, 10, 6, 9, 2, 4,
9, 9, 3, 8, 7, 6, 1, 1, 1, 0,
9, 3, 10, 2, 5, 3, 3, 6, 0, 8,
3, 1, 5, 0, 4, 1, 7, 5, 0, 1,
9, 7, 1, 6, 2, 8, 3, 7, 1, 10,
4, 4, 0, 3, 2, 4, 7, 9, 9, 10,
6]
------------------------------------------------------- 
# stage = 5	# children c = 20	length of each stage p = 1	nodes = 80	# items I = 1
