[5, 65, 25, 18, 35, 56, 69, 52, 34, 90,
20, 55, 9, 66, 96, 70, 33, 38, 64, 89,
28, 92, 25, 80, 94, 55, 5, 29, 41, 83,
53, 12, 14, 79, 98, 15, 0, 66, 67, 35,
21, 87, 56, 31, 52, 51, 67, 52, 55, 30,
6, 83, 88, 31, 29, 48, 86, 34, 77, 93,
84, 29, 71, 98, 74, 68, 79, 75, 0, 45,
76, 21, 32, 98, 18, 50, 48, 85, 1, 69,
81]
[[956, 150, 368], [190, 640, 25], [348, 239, 660], [442, 334, 769], [885, 456, 750], [751, 706, 481], [346, 698, 173], [164, 651, 255], [375, 538, 333], [592, 746, 237],
[171, 623, 620], [540, 813, 180], [797, 314, 652], [609, 756, 138], [298, 794, 827], [1048, 697, 685], [449, 1043, 304], [855, 127, 955], [30, 735, 645], [363, 479, 312],
[833, 651, 935], [605, 111, 900], [1017, 908, 366], [589, 437, 275], [960, 967, 221], [939, 87, 918], [544, 536, 33], [848, 543, 393], [956, 806, 48], [521, 321, 527],
[1065, 74, 98], [920, 911, 441], [973, 849, 501], [259, 590, 90], [534, 470, 1057], [987, 561, 64], [825, 26, 833], [859, 26, 296], [172, 982, 254], [452, 656, 576],
[979, 641, 650], [230, 714, 482], [671, 839, 483], [325, 18, 1073], [415, 785, 696], [625, 692, 177], [689, 670, 203], [674, 449, 230], [123, 853, 364], [377, 225, 1020],
[953, 124, 814], [756, 586, 680], [390, 410, 439], [873, 735, 689], [866, 70, 626], [482, 695, 471], [660, 537, 61], [15, 131, 742], [245, 254, 515], [842, 864, 740],
[1014, 737, 864], [748, 413, 371], [580, 803, 1013], [1019, 596, 668], [629, 615, 970], [407, 17, 818], [878, 909, 275], [939, 925, 638], [833, 322, 45], [268, 84, 909],
[1008, 19, 566], [1025, 999, 132], [548, 500, 935], [481, 671, 684], [69, 220, 219], [1039, 860, 236], [777, 658, 298], [204, 750, 143], [843, 503, 465], [40, 772, 550],
[101, 700, 801]]
[[8, 0, 6, 0], [7, 0, 3, 6], [8, 2, 6, 10], [7, 1, 0, 2], [9, 10, 1, 9], [5, 6, 3, 8], [2, 3, 7, 7], [2, 9, 4, 10], [7, 8, 9, 1], [8, 1, 8, 5],
[4, 3, 3, 9], [5, 1, 9, 3], [0, 0, 1, 5], [6, 2, 2, 6], [6, 7, 2, 8], [3, 7, 5, 9], [2, 3, 10, 0], [3, 7, 3, 5], [9, 4, 3, 3], [5, 1, 6, 5],
[10, 6, 8, 5], [6, 8, 10, 1], [2, 1, 7, 6], [6, 0, 2, 9], [1, 1, 7, 2], [7, 8, 7, 5], [2, 10, 6, 5], [10, 10, 9, 9], [5, 6, 2, 1], [2, 1, 0, 4],
[0, 6, 8, 5], [4, 10, 1, 5], [10, 6, 8, 4], [3, 4, 7, 3], [2, 2, 9, 10], [1, 7, 8, 5], [0, 8, 6, 2], [7, 4, 5, 6], [8, 2, 0, 1], [0, 1, 7, 8],
[7, 4, 1, 8], [6, 8, 1, 6], [8, 8, 3, 9], [4, 10, 3, 2], [7, 7, 3, 2], [10, 8, 8, 7], [8, 8, 9, 8], [7, 3, 5, 1], [5, 4, 9, 9], [10, 10, 5, 7],
[5, 6, 4, 9], [5, 5, 10, 0], [2, 2, 2, 10], [8, 10, 6, 5], [5, 2, 1, 1], [5, 4, 2, 10], [9, 9, 7, 8], [9, 1, 3, 3], [5, 7, 0, 0], [1, 8, 0, 1],
[8, 0, 0, 3], [10, 5, 6, 4], [5, 7, 3, 0], [10, 3, 8, 8], [1, 4, 3, 8], [3, 6, 10, 9], [0, 8, 7, 2], [5, 5, 3, 2], [5, 2, 5, 4], [5, 0, 6, 10],
[6, 7, 8, 5], [10, 6, 0, 0], [8, 1, 9, 10], [6, 8, 6, 6], [5, 2, 8, 10], [7, 10, 10, 1], [10, 2, 3, 4], [0, 7, 1, 4], [3, 10, 9, 2], [3, 7, 0, 0],
[9, 9, 10, 4]]
[1, 0.05, 0.05, 0.05, 0.05, 0.05, 0.05, 0.05, 0.05, 0.05,
0.05, 0.05, 0.05, 0.05, 0.05, 0.05, 0.05, 0.05, 0.05, 0.05,
0.05, 0.0025, 0.0025, 0.0025, 0.0025, 0.0025, 0.0025, 0.0025, 0.0025, 0.0025,
0.0025, 0.0025, 0.0025, 0.0025, 0.0025, 0.0025, 0.0025, 0.0025, 0.0025, 0.0025,
0.0025, 0.000125, 0.000125, 0.000125, 0.000125, 0.000125, 0.000125, 0.000125, 0.000125, 0.000125,
0.000125, 0.000125, 0.000125, 0.000125, 0.000125, 0.000125, 0.000125, 0.000125, 0.000125, 0.000125,
0.000125, 6.25e-06, 6.25e-06, 6.25e-06, 6.25e-06, 6.25e-06, 6.25e-06, 6.25e-06, 6.25e-06, 6.25e-06,
6.25e-06, 6.25e-06, 6.25e-06, 6.25e-06, 6.25e-06, 6.25e-06, 6.25e-06, 6.25e-06, 6.25e-06, 6.25e-06,
6.25e-06]
[9, 8, 10, 9, 6, 7, 6, 4, 10, 8,
10, 6, 5, 9, 9, 1, 7, 0, 5, 3,
4, 9, 9, 3, 9, 3, 0, 10, 10, 5,
4, 9, 4, 6, 4, 3, 2, 3, 1, 4,
5, 6, 2, 7, 3, 5, 6, 4, 0, 4,
2, 8, 6, 3, 4, 7, 2, 2, 6, 1,
8, 3, 6, 10, 1, 6, 7, 7, 1, 9,
5, 4, 6, 8, 0, 8, 1, 10, 2, 9,
1]
------------------------------------------------------- 
# stage = 5	# children c = 20	length of each stage p = 1	nodes = 80	# items I = 1
