[86, 82, 35, 62, 30, 91, 7, 42, 94, 36,
11, 92, 90, 26, 24, 88, 43, 15, 2, 41,
37, 72, 9, 90, 30, 87, 1, 2, 15, 88,
8, 1, 35, 43, 63, 65, 0, 37, 74, 94,
73]
[[2794, 3411, 506], [2848, 678, 1975], [1934, 1881, 3248], [215, 1705, 2280], [362, 941, 1085], [2175, 918, 2331], [825, 3435, 3181], [2096, 1489, 675], [3296, 759, 3145], [2728, 487, 1084],
[504, 2125, 769], [3582, 90, 291], [674, 868, 2172], [195, 1083, 2722], [1319, 1445, 3663], [2405, 3621, 3425], [1009, 3290, 3133], [3034, 1659, 3467], [2554, 1228, 499], [1972, 2801, 3557],
[1900, 2149, 799], [2669, 848, 3461], [2960, 1522, 602], [1406, 1717, 530], [401, 1881, 1975], [2908, 559, 713], [2606, 412, 2847], [857, 2291, 780], [3168, 1118, 852], [3667, 1934, 2497],
[2342, 107, 920], [3141, 1621, 1768], [1719, 854, 2135], [2322, 1104, 125], [2852, 349, 2006], [3671, 2101, 1409], [3229, 3552, 666], [2349, 682, 2957], [1973, 123, 2919], [2826, 2634, 3697],
[1596, 1249, 2648]]
[[8, 2, 4, 5], [4, 10, 4, 0], [10, 5, 0, 10], [0, 2, 3, 4], [5, 7, 0, 2], [2, 6, 6, 8], [0, 5, 4, 6], [6, 5, 9, 1], [8, 2, 6, 1], [0, 9, 10, 10],
[3, 0, 8, 2], [2, 0, 4, 6], [5, 2, 8, 5], [9, 1, 3, 7], [6, 5, 0, 10], [0, 7, 1, 8], [10, 7, 7, 8], [5, 5, 7, 7], [5, 4, 7, 5], [3, 0, 9, 8],
[2, 4, 3, 9], [6, 4, 3, 10], [7, 3, 10, 7], [0, 0, 2, 8], [5, 8, 5, 0], [2, 10, 5, 5], [2, 10, 10, 5], [10, 9, 0, 1], [2, 1, 9, 6], [5, 1, 6, 2],
[3, 5, 7, 3], [3, 8, 9, 8], [5, 1, 6, 5], [9, 9, 10, 0], [8, 9, 3, 7], [5, 4, 7, 6], [5, 5, 1, 9], [4, 5, 9, 7], [10, 5, 8, 0], [2, 4, 9, 5],
[5, 4, 10, 4]]
[1, 0.1, 0.1, 0.1, 0.1, 0.1, 0.1, 0.1, 0.1, 0.1,
0.1, 0.01, 0.01, 0.01, 0.01, 0.01, 0.01, 0.01, 0.01, 0.01,
0.01, 0.001, 0.001, 0.001, 0.001, 0.001, 0.001, 0.001, 0.001, 0.001,
0.001, 0.0001, 0.0001, 0.0001, 0.0001, 0.0001, 0.0001, 0.0001, 0.0001, 0.0001,
0.0001]
[13, 1, 4, 9, 9, 18, 0, 18, 6, 12,
1, 6, 10, 14, 4, 8, 2, 7, 3, 9,
4, 11, 12, 16, 14, 1, 18, 12, 6, 13,
12, 3, 8, 12, 4, 1, 7, 6, 2, 13,
7]
------------------------------------------------------- 
# stage = 5	# children c = 10	length of each stage p = 1	nodes = 40	# items I = 1
