[19, 43, 43, 44, 66, 50, 50, 14, 64, 17,
22, 87, 37, 7, 16, 85, 21, 84, 37, 86,
0, 6, 5, 81, 74, 95, 20, 79, 91, 2,
10]
[[1557, 339, 1505], [1645, 1064, 1925], [1499, 1863, 859], [639, 1553, 1953], [282, 1377, 389], [1865, 1431, 374], [1447, 1150, 1034], [973, 704, 608], [1601, 176, 413], [534, 526, 249],
[1726, 1447, 1978], [1206, 430, 1017], [469, 1930, 218], [692, 1933, 1771], [619, 189, 1122], [372, 1418, 1917], [746, 204, 405], [1780, 1177, 1110], [1753, 116, 1286], [140, 650, 1176],
[1780, 1741, 1987], [1732, 285, 392], [87, 754, 1686], [306, 1446, 1593], [1441, 39, 1146], [1928, 1801, 539], [1183, 521, 743], [1589, 1666, 1284], [673, 757, 1400], [1323, 897, 1415],
[474, 651, 1130]]
[[10, 3, 9, 4], [10, 3, 8, 4], [2, 9, 9, 3], [6, 6, 1, 10], [2, 9, 2, 7], [10, 7, 6, 8], [1, 3, 10, 9], [10, 2, 10, 7], [5, 8, 0, 2], [0, 6, 5, 1],
[3, 3, 4, 9], [9, 6, 7, 9], [2, 7, 4, 1], [3, 10, 8, 4], [1, 7, 0, 9], [9, 10, 5, 2], [5, 3, 4, 3], [9, 7, 4, 1], [10, 9, 9, 8], [2, 5, 7, 4],
[1, 9, 4, 4], [8, 1, 6, 7], [6, 6, 5, 5], [3, 10, 5, 6], [2, 7, 9, 10], [4, 3, 0, 3], [10, 9, 10, 1], [1, 4, 3, 2], [2, 7, 6, 8], [6, 1, 5, 2],
[5, 10, 5, 6]]
[1, 0.1, 0.1, 0.1, 0.1, 0.1, 0.1, 0.1, 0.1, 0.1,
0.1, 0.01, 0.01, 0.01, 0.01, 0.01, 0.01, 0.01, 0.01, 0.01,
0.01, 0.001, 0.001, 0.001, 0.001, 0.001, 0.001, 0.001, 0.001, 0.001,
0.001]
[12, 15, 4, 7, 10, 9, 9, 3, 17, 8,
19, 8, 17, 16, 9, 9, 13, 16, 14, 20,
12, 14, 8, 12, 14, 15, 3, 2, 5, 8,
7]
------------------------------------------------------- 
# stage = 4	# children c = 10	length of each stage p = 1	nodes = 30	# items I = 1
