[60, 14, 32, 15, 31, 91, 57, 90, 35, 9,
25, 35, 89, 42, 14, 44, 41, 61, 51, 67,
58, 45, 74, 61, 34, 36, 96, 40, 7, 55,
15, 33, 36, 47, 48, 33, 3, 4, 22, 38,
81, 47, 39, 35, 89, 53, 79, 96, 80, 97,
63, 4, 41, 2, 65, 41, 39, 26, 81, 46,
48, 96, 80, 50, 8, 27, 83, 11, 99, 71,
16, 45, 84, 55, 80, 73, 8, 25, 34, 54,
21, 63, 58, 28, 66, 89, 69, 71, 82, 15,
16, 29, 77, 62, 79, 85, 56, 27, 62, 20,
98, 78, 65, 81, 33, 44, 19, 7, 69, 54,
27, 56, 16, 52, 84, 48, 40, 52, 18, 88,
67]
[[109, 264, 460], [47, 466, 892], [88, 9, 499], [118, 523, 703], [820, 937, 66], [669, 82, 721], [684, 746, 949], [413, 664, 635], [234, 890, 811], [275, 967, 753],
[684, 107, 635], [175, 154, 132], [98, 242, 727], [214, 360, 868], [535, 797, 453], [218, 497, 535], [556, 798, 312], [537, 242, 8], [203, 476, 898], [45, 751, 513],
[416, 84, 620], [82, 259, 391], [800, 944, 634], [558, 775, 611], [457, 341, 440], [528, 559, 554], [94, 147, 384], [24, 684, 626], [32, 504, 720], [547, 549, 119],
[91, 965, 203], [328, 78, 80], [719, 878, 641], [1, 85, 447], [613, 159, 789], [670, 687, 379], [841, 399, 143], [256, 423, 444], [500, 455, 948], [837, 619, 146],
[573, 327, 728], [777, 655, 424], [474, 22, 919], [146, 24, 35], [593, 254, 781], [30, 541, 499], [27, 413, 898], [170, 670, 352], [615, 787, 424], [211, 655, 660],
[357, 259, 18], [703, 653, 290], [158, 744, 313], [108, 890, 923], [144, 132, 208], [925, 162, 366], [72, 189, 779], [588, 946, 97], [557, 592, 884], [13, 420, 187],
[290, 395, 64], [895, 129, 334], [216, 287, 110], [146, 395, 617], [100, 156, 749], [894, 698, 912], [291, 771, 132], [688, 390, 109], [785, 947, 318], [318, 577, 356],
[122, 868, 751], [186, 411, 497], [138, 627, 784], [248, 391, 796], [482, 491, 953], [263, 34, 682], [206, 911, 101], [924, 247, 491], [651, 64, 87], [586, 968, 281],
[559, 121, 766], [341, 894, 208], [838, 63, 836], [270, 897, 258], [98, 410, 366], [668, 290, 17], [381, 496, 546], [483, 69, 793], [591, 337, 474], [295, 540, 90],
[577, 131, 212], [374, 89, 723], [200, 545, 403], [653, 815, 917], [911, 530, 944], [894, 229, 266], [529, 611, 379], [106, 711, 65], [516, 919, 402], [22, 246, 943],
[112, 440, 691], [910, 431, 780], [664, 631, 356], [684, 315, 789], [632, 843, 350], [608, 769, 580], [491, 915, 808], [870, 52, 167], [936, 568, 117], [369, 207, 949],
[929, 906, 420], [268, 847, 852], [80, 160, 514], [53, 844, 830], [842, 125, 704], [224, 350, 121], [804, 841, 67], [260, 742, 705], [427, 709, 891], [544, 696, 129],
[525, 273, 652]]
[[10, 6, 3, 1], [2, 10, 1, 9], [6, 4, 10, 0], [2, 10, 9, 6], [6, 9, 8, 3], [0, 6, 2, 10], [10, 0, 4, 2], [7, 8, 9, 6], [1, 2, 7, 4], [10, 7, 0, 5],
[0, 0, 6, 1], [8, 2, 7, 1], [1, 4, 3, 10], [8, 3, 9, 8], [3, 0, 8, 10], [6, 4, 3, 8], [4, 9, 10, 4], [5, 10, 9, 5], [8, 2, 6, 3], [3, 0, 5, 4],
[5, 8, 1, 0], [0, 10, 6, 1], [8, 3, 10, 4], [8, 2, 10, 10], [0, 9, 3, 5], [6, 0, 9, 4], [2, 2, 5, 5], [3, 8, 7, 6], [5, 8, 4, 3], [5, 0, 3, 1],
[1, 2, 5, 7], [4, 2, 7, 3], [9, 10, 6, 4], [10, 4, 6, 0], [7, 1, 3, 8], [9, 0, 3, 2], [6, 7, 3, 1], [5, 6, 2, 7], [8, 5, 3, 0], [5, 8, 3, 3],
[6, 9, 7, 5], [1, 3, 3, 8], [2, 7, 3, 9], [5, 4, 0, 0], [0, 4, 10, 4], [10, 10, 0, 6], [2, 1, 6, 7], [8, 9, 8, 3], [7, 3, 6, 6], [6, 10, 1, 6],
[4, 4, 4, 9], [8, 3, 7, 7], [5, 5, 0, 4], [2, 9, 10, 5], [8, 5, 10, 5], [1, 6, 8, 7], [9, 4, 2, 2], [1, 4, 8, 5], [8, 10, 1, 4], [2, 6, 0, 7],
[9, 9, 10, 1], [7, 7, 4, 4], [0, 1, 8, 1], [7, 3, 6, 5], [5, 9, 7, 6], [2, 2, 9, 8], [2, 8, 1, 2], [4, 10, 8, 2], [8, 5, 1, 2], [1, 5, 7, 1],
[7, 2, 1, 1], [5, 7, 7, 0], [3, 1, 4, 3], [4, 1, 10, 4], [9, 0, 4, 0], [9, 1, 1, 6], [6, 2, 9, 6], [6, 3, 5, 0], [3, 6, 1, 8], [1, 6, 6, 2],
[8, 9, 6, 10], [10, 5, 1, 8], [3, 5, 7, 10], [5, 8, 6, 9], [8, 2, 4, 3], [3, 8, 3, 6], [1, 3, 1, 2], [9, 6, 3, 4], [4, 9, 3, 3], [1, 4, 9, 2],
[8, 3, 2, 2], [0, 6, 9, 7], [8, 1, 8, 9], [9, 1, 2, 10], [2, 1, 2, 0], [7, 3, 5, 0], [1, 6, 1, 0], [9, 9, 2, 6], [1, 2, 6, 0], [8, 2, 7, 3],
[3, 4, 1, 1], [3, 1, 1, 5], [3, 1, 4, 10], [4, 7, 9, 3], [0, 8, 3, 9], [6, 3, 2, 6], [4, 6, 6, 1], [9, 0, 5, 1], [4, 4, 3, 6], [6, 2, 9, 9],
[3, 0, 6, 5], [7, 4, 8, 8], [2, 9, 4, 6], [10, 7, 1, 3], [2, 5, 5, 9], [5, 8, 0, 8], [1, 3, 3, 5], [5, 10, 1, 6], [0, 8, 0, 7], [1, 6, 2, 1],
[4, 5, 6, 1]]
[1, 0.05, 0.05, 0.05, 0.05, 0.05, 0.05, 0.05, 0.05, 0.05,
0.05, 0.05, 0.05, 0.05, 0.05, 0.05, 0.05, 0.05, 0.05, 0.05,
0.05, 0.0025, 0.0025, 0.0025, 0.0025, 0.0025, 0.0025, 0.0025, 0.0025, 0.0025,
0.0025, 0.0025, 0.0025, 0.0025, 0.0025, 0.0025, 0.0025, 0.0025, 0.0025, 0.0025,
0.0025, 0.000125, 0.000125, 0.000125, 0.000125, 0.000125, 0.000125, 0.000125, 0.000125, 0.000125,
0.000125, 0.000125, 0.000125, 0.000125, 0.000125, 0.000125, 0.000125, 0.000125, 0.000125, 0.000125,
0.000125, 6.25e-06, 6.25e-06, 6.25e-06, 6.25e-06, 6.25e-06, 6.25e-06, 6.25e-06, 6.25e-06, 6.25e-06,
6.25e-06, 6.25e-06, 6.25e-06, 6.25e-06, 6.25e-06, 6.25e-06, 6.25e-06, 6.25e-06, 6.25e-06, 6.25e-06,
6.25e-06, 3.125e-07, 3.125e-07, 3.125e-07, 3.125e-07, 3.125e-07, 3.125e-07, 3.125e-07, 3.125e-07, 3.125e-07,
3.125e-07, 3.125e-07, 3.125e-07, 3.125e-07, 3.125e-07, 3.125e-07, 3.125e-07, 3.125e-07, 3.125e-07, 3.125e-07,
3.125e-07, 1.5625e-08, 1.5625e-08, 1.5625e-08, 1.5625e-08, 1.5625e-08, 1.5625e-08, 1.5625e-08, 1.5625e-08, 1.5625e-08,
1.5625e-08, 1.5625e-08, 1.5625e-08, 1.5625e-08, 1.5625e-08, 1.5625e-08, 1.5625e-08, 1.5625e-08, 1.5625e-08, 1.5625e-08,
1.5625e-08]
[16, 10, 5, 0, 2, 11, 16, 5, 14, 1,
6, 3, 17, 15, 10, 12, 13, 5, 19, 16,
19, 3, 13, 14, 17, 4, 6, 1, 10, 19,
11, 10, 18, 6, 4, 3, 2, 3, 18, 8,
13, 15, 3, 16, 5, 5, 11, 4, 2, 18,
5, 3, 11, 7, 4, 9, 11, 2, 4, 0,
5, 18, 13, 17, 5, 7, 13, 10, 8, 6,
17, 15, 3, 7, 7, 10, 6, 13, 15, 11,
2, 3, 12, 1, 15, 18, 7, 16, 14, 2,
4, 5, 5, 13, 13, 5, 7, 11, 6, 5,
4, 17, 8, 17, 18, 15, 4, 4, 3, 2,
6, 3, 16, 18, 3, 16, 18, 2, 0, 0,
0]
------------------------------------------------------- 
# stage = 7	# children c = 20	length of each stage p = 1	nodes = 120	# items I = 1
