[36, 92, 46, 1, 84, 43, 67, 34, 36, 21,
13, 82, 73, 8, 88, 79, 0, 87, 43, 53,
71, 2, 91, 46, 7, 38, 48, 45, 46, 10,
85, 82, 68, 30, 83, 51, 40, 49, 52, 76,
37]
[[846, 55, 1085], [924, 1026, 1538], [1617, 965, 1055], [82, 1870, 656], [1681, 834, 1260], [1165, 960, 1081], [1717, 1493, 989], [1720, 951, 45], [481, 414, 1899], [419, 133, 1973],
[882, 980, 1455], [1967, 1331, 1908], [785, 228, 726], [1840, 310, 2024], [1923, 1419, 138], [1036, 437, 1098], [1544, 1581, 445], [386, 1155, 1396], [2006, 1063, 1810], [1758, 1482, 1944],
[1011, 217, 204], [1893, 1611, 1535], [1655, 250, 1763], [1808, 1517, 1500], [1685, 1294, 772], [1824, 1757, 636], [202, 1155, 71], [74, 968, 653], [897, 254, 1716], [561, 2013, 478],
[1932, 304, 122], [1563, 51, 1733], [951, 1706, 1410], [2141, 794, 781], [921, 333, 2075], [1121, 1584, 1685], [1757, 1213, 120], [1255, 1288, 516], [1908, 38, 770], [904, 26, 636],
[809, 1385, 368]]
[[5, 1, 0, 2], [6, 8, 7, 10], [6, 6, 6, 5], [5, 10, 5, 10], [9, 9, 10, 7], [6, 1, 5, 10], [1, 0, 8, 7], [0, 3, 4, 3], [4, 2, 5, 9], [10, 10, 8, 5],
[6, 2, 8, 9], [1, 0, 8, 8], [8, 5, 4, 3], [5, 9, 2, 6], [9, 9, 0, 7], [10, 5, 10, 1], [7, 3, 8, 5], [2, 6, 8, 6], [6, 6, 5, 7], [6, 0, 2, 3],
[6, 6, 4, 9], [2, 7, 4, 10], [3, 2, 6, 2], [7, 4, 1, 2], [7, 10, 5, 9], [3, 2, 3, 9], [6, 6, 3, 2], [6, 5, 3, 10], [9, 8, 8, 9], [2, 10, 8, 5],
[2, 2, 5, 7], [6, 6, 7, 0], [5, 1, 7, 8], [4, 10, 4, 8], [5, 7, 10, 10], [10, 1, 9, 8], [7, 5, 7, 7], [2, 2, 1, 2], [2, 4, 10, 8], [8, 4, 8, 3],
[6, 3, 9, 8]]
[1, 0.1, 0.1, 0.1, 0.1, 0.1, 0.1, 0.1, 0.1, 0.1,
0.1, 0.01, 0.01, 0.01, 0.01, 0.01, 0.01, 0.01, 0.01, 0.01,
0.01, 0.001, 0.001, 0.001, 0.001, 0.001, 0.001, 0.001, 0.001, 0.001,
0.001, 0.0001, 0.0001, 0.0001, 0.0001, 0.0001, 0.0001, 0.0001, 0.0001, 0.0001,
0.0001]
[2, 0, 10, 4, 4, 10, 7, 10, 4, 4,
0, 8, 5, 8, 1, 4, 1, 7, 0, 1,
1, 0, 5, 6, 8, 8, 7, 1, 4, 7,
1, 8, 0, 3, 3, 0, 3, 10, 9, 2,
1]
------------------------------------------------------- 
# stage = 5	# children c = 10	length of each stage p = 1	nodes = 40	# items I = 1
