[66, 90, 88, 0, 8, 46, 93, 93, 17, 51,
53, 16, 37, 81, 34, 55, 23, 30, 71, 77,
57, 8, 45, 1, 36, 20, 32, 82, 93, 90,
39, 58, 80, 26, 24, 54, 38, 84, 46, 55,
34, 66, 71, 71, 46, 5, 26, 35, 1, 63,
11, 24, 37, 22, 25, 73, 43, 57, 55, 1,
46, 60, 59, 92, 86, 50, 46, 90, 33, 92,
10, 67, 23, 81, 4, 69, 52, 30, 70, 19,
93]
[[1671, 2312, 2150], [954, 1241, 838], [1034, 2483, 751], [1213, 1661, 597], [3134, 1912, 874], [1327, 2730, 653], [1133, 882, 134], [1329, 3367, 3000], [615, 3291, 328], [3519, 753, 1418],
[3525, 2424, 175], [1095, 2354, 392], [1933, 3389, 2875], [2685, 22, 3513], [2258, 3157, 845], [2108, 3460, 19], [1738, 13, 3434], [1872, 1342, 3245], [293, 933, 1957], [621, 897, 2710],
[1015, 3398, 1579], [166, 3469, 2909], [558, 1847, 2742], [2410, 3508, 1741], [2367, 1186, 1342], [3212, 3294, 1246], [2207, 452, 235], [2085, 2325, 553], [1775, 2618, 1486], [176, 2215, 2383],
[2886, 3230, 1201], [3441, 2373, 1115], [2795, 1907, 1938], [957, 761, 866], [2698, 3128, 2052], [3016, 1760, 766], [3238, 412, 1219], [3473, 1473, 2520], [470, 3248, 1582], [1957, 2400, 2773],
[3316, 707, 2447], [962, 3124, 240], [1053, 1339, 2148], [2991, 1273, 2909], [301, 2947, 1458], [1329, 2408, 3218], [1071, 1066, 74], [1266, 3516, 1548], [230, 430, 216], [1812, 1363, 1593],
[5, 100, 2300], [1429, 38, 844], [1669, 1091, 2184], [261, 3058, 3457], [2147, 3359, 2848], [49, 108, 676], [3267, 1179, 719], [3342, 2446, 679], [310, 2676, 85], [526, 3465, 425],
[1095, 3470, 525], [3395, 1343, 3095], [3216, 1989, 630], [1844, 2250, 132], [721, 841, 2467], [2545, 3422, 2575], [2198, 3134, 2730], [2917, 1896, 596], [40, 2206, 2249], [2657, 1708, 1134],
[3082, 2804, 1048], [2583, 1619, 1368], [2122, 1279, 2333], [1728, 2099, 1027], [1860, 1796, 845], [3303, 786, 711], [2322, 1960, 2821], [473, 1321, 1161], [1069, 337, 2343], [3318, 1970, 3028],
[3428, 1497, 2276]]
[[0, 9, 6, 1], [0, 7, 7, 6], [3, 10, 7, 1], [8, 7, 1, 1], [4, 10, 9, 8], [0, 0, 5, 10], [2, 8, 8, 2], [4, 2, 9, 3], [0, 2, 2, 10], [9, 7, 3, 2],
[6, 10, 1, 1], [5, 3, 3, 9], [0, 10, 6, 10], [8, 1, 9, 8], [7, 4, 10, 9], [6, 6, 10, 5], [8, 1, 4, 5], [8, 7, 5, 1], [7, 6, 3, 10], [7, 4, 8, 8],
[1, 2, 5, 10], [1, 1, 7, 8], [5, 5, 4, 1], [0, 4, 4, 7], [3, 8, 1, 1], [4, 6, 0, 9], [10, 1, 8, 7], [5, 4, 2, 7], [6, 7, 4, 5], [6, 9, 0, 0],
[3, 4, 10, 4], [6, 3, 0, 10], [0, 10, 9, 5], [3, 9, 3, 2], [0, 10, 7, 3], [3, 7, 8, 7], [1, 1, 1, 7], [0, 1, 8, 3], [3, 5, 5, 10], [9, 3, 9, 7],
[2, 5, 1, 3], [3, 3, 4, 1], [2, 9, 3, 3], [6, 0, 10, 5], [0, 9, 2, 0], [8, 8, 1, 0], [2, 5, 8, 9], [6, 4, 6, 9], [9, 5, 10, 0], [8, 3, 1, 8],
[2, 4, 9, 6], [3, 6, 0, 3], [4, 0, 1, 1], [8, 2, 0, 0], [5, 6, 7, 1], [0, 2, 8, 7], [8, 7, 7, 3], [9, 7, 1, 9], [9, 8, 4, 1], [4, 2, 4, 8],
[3, 5, 8, 0], [6, 6, 9, 9], [1, 6, 10, 10], [8, 5, 7, 3], [0, 3, 7, 9], [8, 6, 7, 7], [3, 9, 8, 7], [0, 0, 3, 3], [3, 9, 2, 7], [2, 9, 6, 1],
[4, 3, 1, 0], [9, 6, 3, 7], [9, 10, 5, 5], [3, 10, 1, 7], [8, 7, 1, 6], [7, 2, 8, 9], [0, 10, 3, 2], [8, 9, 2, 0], [0, 3, 0, 7], [9, 1, 3, 5],
[10, 6, 10, 2]]
[1, 0.05, 0.05, 0.05, 0.05, 0.05, 0.05, 0.05, 0.05, 0.05,
0.05, 0.05, 0.05, 0.05, 0.05, 0.05, 0.05, 0.05, 0.05, 0.05,
0.05, 0.0025, 0.0025, 0.0025, 0.0025, 0.0025, 0.0025, 0.0025, 0.0025, 0.0025,
0.0025, 0.0025, 0.0025, 0.0025, 0.0025, 0.0025, 0.0025, 0.0025, 0.0025, 0.0025,
0.0025, 0.000125, 0.000125, 0.000125, 0.000125, 0.000125, 0.000125, 0.000125, 0.000125, 0.000125,
0.000125, 0.000125, 0.000125, 0.000125, 0.000125, 0.000125, 0.000125, 0.000125, 0.000125, 0.000125,
0.000125, 6.25e-06, 6.25e-06, 6.25e-06, 6.25e-06, 6.25e-06, 6.25e-06, 6.25e-06, 6.25e-06, 6.25e-06,
6.25e-06, 6.25e-06, 6.25e-06, 6.25e-06, 6.25e-06, 6.25e-06, 6.25e-06, 6.25e-06, 6.25e-06, 6.25e-06,
6.25e-06]
[16, 15, 1, 5, 3, 17, 9, 8, 13, 17,
17, 3, 1, 10, 8, 8, 16, 14, 7, 9,
15, 11, 17, 13, 7, 14, 2, 10, 13, 7,
15, 8, 1, 8, 2, 15, 4, 4, 6, 14,
9, 15, 6, 13, 7, 1, 16, 14, 12, 3,
2, 11, 8, 9, 11, 6, 12, 13, 7, 16,
7, 17, 7, 2, 13, 11, 4, 3, 16, 5,
13, 11, 10, 7, 12, 12, 3, 4, 2, 9,
10]
------------------------------------------------------- 
# stage = 5	# children c = 20	length of each stage p = 1	nodes = 80	# items I = 1
