[39, 43, 54, 34, 19, 96, 87, 26, 64, 23,
14, 96, 95, 83, 2, 41, 17, 69, 54, 69,
20, 20, 7, 100, 67, 14, 66, 51, 100, 75,
57]
[[736, 1200, 2705], [860, 1794, 1846], [2729, 2384, 2109], [2259, 2629, 3309], [1222, 1873, 1349], [2847, 1998, 1002], [3020, 335, 1886], [808, 1485, 1430], [2107, 881, 2316], [3080, 1038, 101],
[1731, 1775, 1301], [823, 3088, 3095], [2669, 2204, 2319], [1618, 851, 1789], [1314, 2526, 49], [3117, 1760, 2500], [506, 1620, 3288], [2845, 2429, 1160], [1115, 1376, 2495], [3431, 1296, 373],
[3532, 3027, 2601], [1220, 690, 2076], [1155, 200, 668], [315, 1818, 1972], [2104, 3586, 1338], [2606, 3090, 3551], [1493, 436, 1559], [1621, 121, 828], [3235, 1236, 2204], [2117, 1054, 3500],
[2943, 1426, 3368]]
[[0, 2, 6, 7], [2, 6, 0, 1], [5, 8, 8, 6], [5, 2, 5, 3], [0, 5, 8, 9], [10, 9, 10, 9], [1, 7, 6, 6], [1, 0, 7, 10], [0, 2, 7, 2], [8, 5, 1, 1],
[0, 8, 7, 4], [10, 0, 7, 8], [5, 3, 7, 2], [1, 6, 9, 2], [1, 5, 8, 0], [3, 2, 0, 3], [4, 5, 3, 0], [10, 5, 1, 8], [0, 6, 1, 10], [6, 7, 7, 10],
[10, 1, 1, 0], [8, 0, 2, 7], [3, 8, 7, 6], [10, 7, 7, 1], [10, 10, 1, 7], [2, 2, 5, 2], [9, 6, 10, 2], [2, 7, 1, 1], [6, 3, 1, 3], [1, 1, 10, 4],
[7, 5, 8, 6]]
[1, 0.1, 0.1, 0.1, 0.1, 0.1, 0.1, 0.1, 0.1, 0.1,
0.1, 0.01, 0.01, 0.01, 0.01, 0.01, 0.01, 0.01, 0.01, 0.01,
0.01, 0.001, 0.001, 0.001, 0.001, 0.001, 0.001, 0.001, 0.001, 0.001,
0.001]
[6, 6, 8, 9, 4, 7, 1, 4, 5, 7,
4, 0, 9, 6, 7, 6, 5, 4, 4, 6,
3, 3, 3, 5, 0, 1, 0, 7, 8, 5,
5]
------------------------------------------------------- 
# stage = 4	# children c = 10	length of each stage p = 1	nodes = 30	# items I = 1
