[26, 5, 48, 97, 17, 19, 3, 40, 10, 47,
66, 55, 82, 16, 54, 80, 10, 73, 22, 3,
76, 6, 35, 10, 39, 1, 95, 20, 93, 70,
8, 85, 41, 22, 82, 58, 41, 51, 99, 51,
98, 30, 72, 80, 12, 93, 25, 22, 31, 47,
25, 73, 19, 26, 83, 59, 27, 44, 45, 86,
13, 53, 71, 55, 75, 52, 79, 82, 2, 43,
99, 67, 73, 36, 12, 52, 28, 37, 74, 59,
50, 66, 31, 35, 92, 81, 94, 86, 24, 4,
71, 3, 23, 41, 24, 64, 59, 3, 45, 62,
46, 9, 28, 86, 46, 6, 3, 74, 43, 77,
100, 59, 8, 97, 94, 67, 77, 54, 52, 67,
58, 89, 71, 82, 30, 61, 45, 89, 64, 57,
16, 77, 66, 10, 28, 78, 16, 31, 52, 25,
74]
[[781, 64, 97], [661, 588, 60], [680, 1025, 1023], [324, 106, 982], [71, 24, 120], [17, 346, 805], [548, 929, 304], [910, 665, 257], [351, 550, 270], [908, 417, 668],
[926, 756, 289], [1023, 974, 435], [641, 619, 425], [629, 943, 88], [576, 572, 112], [253, 589, 458], [24, 694, 945], [920, 569, 132], [734, 920, 683], [1005, 350, 657],
[195, 242, 970], [484, 822, 910], [476, 428, 51], [458, 614, 552], [546, 747, 89], [215, 1001, 235], [231, 582, 929], [141, 467, 464], [865, 166, 941], [70, 728, 257],
[728, 923, 499], [220, 965, 286], [95, 406, 272], [739, 865, 443], [256, 968, 156], [345, 149, 714], [580, 380, 261], [474, 78, 728], [495, 943, 451], [402, 1014, 737],
[659, 264, 182], [715, 484, 704], [558, 137, 76], [830, 876, 498], [239, 97, 431], [987, 442, 137], [666, 579, 517], [927, 18, 595], [177, 71, 504], [185, 473, 40],
[922, 689, 304], [70, 369, 345], [774, 927, 482], [407, 723, 915], [462, 519, 1012], [451, 471, 1011], [588, 694, 112], [663, 586, 131], [223, 320, 794], [284, 505, 232],
[916, 393, 921], [185, 20, 255], [88, 351, 739], [127, 316, 1019], [8, 778, 503], [577, 786, 531], [554, 932, 782], [666, 560, 333], [354, 340, 653], [113, 625, 124],
[937, 506, 74], [823, 249, 686], [635, 337, 2], [340, 464, 910], [324, 29, 211], [385, 607, 997], [473, 718, 894], [221, 941, 1011], [111, 853, 317], [322, 523, 942],
[3, 426, 1005], [77, 806, 811], [320, 999, 705], [914, 896, 727], [790, 185, 756], [1001, 127, 328], [963, 158, 603], [380, 971, 510], [356, 47, 328], [673, 369, 851],
[137, 372, 834], [700, 6, 606], [476, 326, 570], [147, 798, 431], [874, 553, 173], [152, 76, 893], [38, 596, 16], [641, 976, 987], [708, 890, 591], [1, 85, 961],
[410, 223, 890], [209, 480, 454], [372, 513, 337], [499, 660, 100], [487, 56, 653], [661, 801, 729], [76, 839, 291], [684, 445, 824], [193, 711, 236], [784, 712, 322],
[267, 679, 102], [715, 446, 582], [134, 375, 60], [471, 875, 278], [572, 327, 926], [782, 545, 692], [34, 621, 496], [325, 862, 499], [706, 20, 175], [943, 805, 444],
[822, 629, 681], [924, 309, 92], [28, 443, 24], [88, 472, 899], [958, 9, 192], [850, 791, 294], [64, 825, 473], [118, 707, 300], [617, 971, 321], [349, 436, 683],
[350, 223, 277], [1031, 112, 144], [680, 732, 144], [705, 820, 616], [126, 301, 625], [910, 708, 974], [170, 772, 321], [643, 890, 586], [943, 29, 522], [229, 970, 958],
[469, 286, 738]]
[[2, 1, 9, 0], [9, 6, 4, 1], [3, 8, 7, 1], [7, 1, 8, 4], [8, 4, 7, 9], [7, 4, 3, 6], [3, 6, 5, 4], [4, 0, 7, 4], [1, 5, 4, 8], [0, 8, 7, 1],
[4, 4, 2, 9], [5, 9, 2, 0], [2, 8, 9, 9], [10, 0, 2, 3], [4, 8, 5, 6], [6, 1, 10, 5], [6, 1, 1, 4], [8, 8, 5, 10], [1, 8, 8, 5], [6, 9, 3, 6],
[4, 2, 2, 3], [0, 5, 6, 4], [0, 1, 10, 4], [0, 7, 9, 7], [8, 10, 9, 3], [6, 4, 2, 7], [10, 9, 10, 3], [7, 3, 9, 0], [3, 0, 1, 3], [3, 8, 5, 1],
[7, 2, 5, 7], [9, 4, 1, 4], [1, 0, 8, 5], [2, 10, 0, 1], [8, 10, 2, 2], [0, 0, 0, 3], [9, 2, 4, 0], [10, 7, 1, 4], [9, 7, 0, 7], [9, 2, 1, 8],
[0, 9, 3, 2], [6, 3, 3, 4], [0, 3, 6, 1], [3, 7, 2, 10], [7, 7, 8, 4], [3, 10, 8, 0], [4, 6, 7, 2], [8, 6, 10, 8], [4, 0, 8, 0], [3, 9, 2, 4],
[1, 6, 3, 2], [0, 5, 2, 7], [10, 8, 0, 1], [7, 8, 1, 0], [4, 8, 0, 10], [4, 9, 6, 6], [9, 3, 4, 0], [2, 6, 2, 3], [2, 5, 6, 2], [10, 6, 10, 10],
[3, 8, 9, 9], [4, 10, 9, 8], [5, 8, 5, 9], [6, 0, 3, 2], [4, 7, 0, 4], [3, 2, 7, 3], [7, 0, 5, 5], [6, 2, 2, 8], [9, 0, 6, 2], [10, 2, 10, 4],
[10, 2, 1, 3], [3, 4, 4, 5], [9, 4, 7, 1], [7, 3, 4, 1], [2, 8, 6, 8], [8, 8, 5, 6], [6, 0, 8, 5], [3, 5, 8, 0], [8, 7, 4, 9], [9, 6, 1, 7],
[10, 8, 7, 4], [0, 9, 6, 0], [6, 1, 9, 2], [8, 1, 8, 3], [0, 4, 7, 1], [7, 2, 10, 4], [9, 3, 0, 7], [7, 1, 3, 7], [9, 8, 0, 8], [7, 4, 8, 0],
[4, 4, 2, 1], [6, 9, 2, 4], [2, 7, 3, 9], [9, 2, 1, 7], [4, 1, 1, 0], [3, 3, 7, 10], [0, 6, 7, 7], [10, 3, 8, 3], [7, 10, 2, 0], [6, 5, 4, 6],
[10, 7, 5, 9], [8, 4, 3, 1], [5, 5, 1, 6], [6, 9, 4, 6], [2, 9, 3, 1], [1, 9, 3, 7], [6, 5, 7, 2], [8, 10, 8, 8], [4, 0, 4, 1], [2, 7, 2, 6],
[10, 2, 1, 5], [9, 3, 1, 0], [2, 2, 10, 1], [9, 2, 8, 4], [6, 5, 4, 3], [2, 0, 9, 6], [0, 0, 6, 3], [8, 6, 9, 7], [8, 8, 0, 6], [10, 10, 6, 1],
[1, 6, 2, 8], [6, 0, 10, 1], [3, 4, 3, 5], [4, 10, 9, 2], [0, 4, 3, 6], [0, 10, 0, 6], [6, 0, 2, 5], [10, 8, 4, 9], [1, 4, 6, 6], [4, 6, 7, 5],
[8, 8, 8, 10], [8, 7, 10, 6], [9, 1, 1, 7], [0, 1, 3, 4], [2, 5, 7, 10], [0, 9, 9, 0], [3, 2, 6, 7], [8, 0, 0, 3], [9, 8, 2, 4], [4, 2, 10, 1],
[3, 9, 8, 1]]
[1, 0.05, 0.05, 0.05, 0.05, 0.05, 0.05, 0.05, 0.05, 0.05,
0.05, 0.05, 0.05, 0.05, 0.05, 0.05, 0.05, 0.05, 0.05, 0.05,
0.05, 0.0025, 0.0025, 0.0025, 0.0025, 0.0025, 0.0025, 0.0025, 0.0025, 0.0025,
0.0025, 0.0025, 0.0025, 0.0025, 0.0025, 0.0025, 0.0025, 0.0025, 0.0025, 0.0025,
0.0025, 0.000125, 0.000125, 0.000125, 0.000125, 0.000125, 0.000125, 0.000125, 0.000125, 0.000125,
0.000125, 0.000125, 0.000125, 0.000125, 0.000125, 0.000125, 0.000125, 0.000125, 0.000125, 0.000125,
0.000125, 6.25e-06, 6.25e-06, 6.25e-06, 6.25e-06, 6.25e-06, 6.25e-06, 6.25e-06, 6.25e-06, 6.25e-06,
6.25e-06, 6.25e-06, 6.25e-06, 6.25e-06, 6.25e-06, 6.25e-06, 6.25e-06, 6.25e-06, 6.25e-06, 6.25e-06,
6.25e-06, 3.125e-07, 3.125e-07, 3.125e-07, 3.125e-07, 3.125e-07, 3.125e-07, 3.125e-07, 3.125e-07, 3.125e-07,
3.125e-07, 3.125e-07, 3.125e-07, 3.125e-07, 3.125e-07, 3.125e-07, 3.125e-07, 3.125e-07, 3.125e-07, 3.125e-07,
3.125e-07, 1.5625e-08, 1.5625e-08, 1.5625e-08, 1.5625e-08, 1.5625e-08, 1.5625e-08, 1.5625e-08, 1.5625e-08, 1.5625e-08,
1.5625e-08, 1.5625e-08, 1.5625e-08, 1.5625e-08, 1.5625e-08, 1.5625e-08, 1.5625e-08, 1.5625e-08, 1.5625e-08, 1.5625e-08,
1.5625e-08, 7.8125e-10, 7.8125e-10, 7.8125e-10, 7.8125e-10, 7.8125e-10, 7.8125e-10, 7.8125e-10, 7.8125e-10, 7.8125e-10,
7.8125e-10, 7.8125e-10, 7.8125e-10, 7.8125e-10, 7.8125e-10, 7.8125e-10, 7.8125e-10, 7.8125e-10, 7.8125e-10, 7.8125e-10,
7.8125e-10]
[0, 7, 2, 6, 0, 1, 5, 1, 6, 3,
6, 4, 0, 2, 7, 10, 1, 10, 4, 1,
6, 2, 3, 2, 9, 9, 5, 4, 10, 1,
10, 2, 3, 10, 0, 7, 10, 3, 1, 8,
5, 1, 6, 0, 7, 9, 9, 4, 6, 5,
8, 8, 8, 7, 0, 4, 0, 2, 6, 8,
10, 6, 4, 9, 7, 3, 1, 10, 8, 3,
9, 2, 6, 0, 2, 10, 2, 0, 0, 2,
8, 10, 3, 4, 1, 7, 9, 4, 8, 2,
9, 1, 5, 2, 4, 9, 6, 8, 1, 6,
3, 8, 5, 5, 3, 2, 7, 10, 10, 2,
1, 3, 5, 2, 9, 4, 6, 1, 0, 1,
1, 10, 1, 6, 8, 1, 7, 5, 1, 3,
3, 10, 4, 6, 5, 1, 5, 3, 8, 4,
5]
------------------------------------------------------- 
# stage = 8	# children c = 20	length of each stage p = 1	nodes = 140	# items I = 1
