[41, 1, 4, 19, 37, 47, 88, 81, 67, 39,
29, 70, 13, 48, 1, 4, 59, 87, 89, 36,
40, 32, 93, 69, 5, 29, 15, 96, 21, 53,
59]
[[1817, 82, 136], [74, 542, 1761], [67, 1635, 1082], [939, 552, 1916], [1932, 862, 898], [1074, 134, 1556], [400, 204, 1656], [501, 445, 958], [465, 1473, 1470], [1149, 951, 590],
[1437, 714, 580], [1481, 788, 1031], [1280, 764, 704], [400, 1703, 1164], [262, 1581, 1934], [1161, 601, 106], [663, 1002, 310], [265, 1503, 663], [1223, 6, 83], [640, 1064, 942],
[1138, 539, 1656], [1719, 58, 390], [788, 1339, 1154], [1400, 1647, 803], [510, 1910, 330], [482, 1017, 932], [588, 1588, 1934], [807, 1853, 1475], [1378, 1023, 1390], [1461, 1571, 492],
[349, 747, 939]]
[[3, 0, 2, 1], [8, 2, 2, 4], [1, 4, 7, 1], [10, 2, 3, 10], [1, 9, 5, 10], [2, 0, 6, 5], [10, 9, 8, 8], [8, 8, 2, 10], [9, 5, 0, 4], [5, 2, 8, 7],
[5, 2, 6, 4], [4, 9, 3, 3], [7, 6, 2, 10], [6, 6, 2, 3], [3, 10, 0, 0], [5, 1, 8, 3], [4, 9, 7, 9], [0, 3, 3, 5], [5, 10, 7, 8], [8, 8, 0, 3],
[3, 1, 0, 8], [7, 2, 0, 10], [10, 10, 9, 4], [0, 6, 6, 4], [2, 0, 0, 3], [3, 4, 6, 7], [3, 1, 4, 9], [9, 4, 1, 0], [5, 1, 6, 0], [1, 6, 10, 0],
[5, 6, 5, 3]]
[1, 0.1, 0.1, 0.1, 0.1, 0.1, 0.1, 0.1, 0.1, 0.1,
0.1, 0.01, 0.01, 0.01, 0.01, 0.01, 0.01, 0.01, 0.01, 0.01,
0.01, 0.001, 0.001, 0.001, 0.001, 0.001, 0.001, 0.001, 0.001, 0.001,
0.001]
[6, 2, 0, 4, 8, 0, 0, 6, 7, 2,
8, 1, 6, 2, 4, 9, 0, 9, 7, 5,
0, 8, 0, 1, 7, 1, 8, 1, 5, 3,
4]
------------------------------------------------------- 
# stage = 4	# children c = 10	length of each stage p = 1	nodes = 30	# items I = 1
