[50, 27, 54, 67, 86, 77, 28, 21, 24, 47,
20, 20, 88, 47, 35, 7, 88, 5, 45, 100,
55, 88, 42, 49, 52, 28, 22, 65, 21, 39,
5]
[[870, 886, 386], [234, 558, 841], [877, 246, 780], [459, 615, 658], [488, 666, 625], [395, 790, 440], [531, 277, 177], [788, 806, 257], [855, 136, 465], [422, 821, 207],
[780, 787, 189], [262, 109, 739], [199, 74, 74], [68, 533, 681], [718, 109, 443], [432, 496, 322], [872, 124, 591], [138, 0, 493], [395, 855, 630], [852, 373, 539],
[156, 250, 414], [337, 504, 523], [173, 696, 597], [247, 764, 218], [24, 570, 319], [460, 98, 816], [782, 59, 28], [469, 197, 28], [58, 584, 884], [680, 525, 353],
[307, 681, 595]]
[[6, 4, 1, 3], [2, 4, 7, 0], [8, 3, 4, 0], [5, 2, 10, 3], [5, 3, 5, 5], [0, 10, 7, 3], [3, 9, 10, 6], [3, 9, 3, 8], [0, 2, 9, 2], [4, 3, 2, 0],
[7, 4, 0, 1], [6, 8, 2, 9], [1, 8, 4, 1], [7, 9, 2, 9], [5, 1, 2, 7], [8, 5, 4, 8], [5, 2, 10, 9], [6, 10, 9, 0], [3, 7, 1, 7], [5, 2, 4, 6],
[10, 6, 5, 6], [2, 7, 4, 7], [6, 6, 3, 4], [9, 5, 10, 3], [6, 8, 0, 10], [7, 9, 10, 9], [6, 9, 5, 0], [0, 9, 4, 10], [2, 7, 4, 4], [1, 8, 10, 7],
[2, 0, 9, 9]]
[1, 0.1, 0.1, 0.1, 0.1, 0.1, 0.1, 0.1, 0.1, 0.1,
0.1, 0.01, 0.01, 0.01, 0.01, 0.01, 0.01, 0.01, 0.01, 0.01,
0.01, 0.001, 0.001, 0.001, 0.001, 0.001, 0.001, 0.001, 0.001, 0.001,
0.001]
[4, 4, 2, 0, 5, 8, 5, 1, 8, 4,
1, 3, 7, 5, 9, 4, 8, 9, 0, 6,
5, 6, 2, 7, 4, 9, 9, 1, 9, 5,
9]
------------------------------------------------------- 
# stage = 4	# children c = 10	length of each stage p = 1	nodes = 30	# items I = 1
