[62, 8, 33, 87, 10, 59, 86, 10, 50, 72,
3, 55, 51, 60, 8, 48, 10, 89, 16, 92,
11, 35, 55, 59, 5, 49, 3, 34, 49, 25,
97]
[[377, 812, 595], [67, 643, 77], [708, 648, 290], [448, 77, 5], [611, 701, 380], [584, 225, 280], [409, 498, 818], [104, 52, 341], [87, 204, 723], [663, 78, 109],
[369, 48, 514], [556, 115, 337], [634, 3, 577], [104, 43, 246], [521, 655, 127], [81, 11, 353], [361, 421, 443], [359, 117, 495], [293, 204, 699], [196, 459, 370],
[305, 8, 418], [411, 565, 533], [749, 379, 129], [98, 75, 172], [345, 596, 419], [64, 269, 23], [9, 223, 36], [453, 174, 153], [540, 467, 769], [12, 255, 408],
[382, 153, 8]]
[[6, 0, 9, 9], [3, 3, 9, 4], [5, 10, 0, 5], [0, 7, 4, 0], [3, 6, 5, 9], [9, 1, 10, 5], [7, 0, 4, 10], [3, 8, 6, 9], [9, 4, 5, 1], [6, 3, 3, 0],
[1, 2, 3, 1], [7, 8, 1, 10], [1, 4, 9, 10], [3, 8, 3, 0], [6, 5, 10, 9], [3, 5, 7, 10], [8, 2, 9, 3], [3, 1, 1, 4], [1, 4, 3, 9], [1, 2, 8, 1],
[7, 6, 9, 10], [3, 1, 10, 9], [5, 8, 5, 6], [0, 2, 5, 8], [2, 1, 9, 3], [0, 10, 6, 2], [4, 9, 0, 3], [10, 8, 2, 6], [2, 1, 3, 5], [0, 1, 2, 5],
[9, 7, 0, 7]]
[1, 0.1, 0.1, 0.1, 0.1, 0.1, 0.1, 0.1, 0.1, 0.1,
0.1, 0.01, 0.01, 0.01, 0.01, 0.01, 0.01, 0.01, 0.01, 0.01,
0.01, 0.001, 0.001, 0.001, 0.001, 0.001, 0.001, 0.001, 0.001, 0.001,
0.001]
[4, 8, 4, 6, 7, 2, 8, 8, 0, 4,
0, 6, 4, 2, 4, 6, 8, 5, 6, 5,
8, 3, 2, 4, 8, 8, 6, 6, 2, 8,
8]
------------------------------------------------------- 
# stage = 4	# children c = 10	length of each stage p = 1	nodes = 30	# items I = 1
