[20, 54, 46, 68, 86, 58, 80, 82, 52, 38,
28, 26, 10, 38, 97, 99, 96, 1, 92, 20,
17, 23, 33, 26, 68, 49, 50, 39, 7, 49,
51, 27, 2, 97, 61, 88, 20, 6, 35, 72,
45, 63, 65, 55, 68, 61, 20, 29, 28, 78,
49, 45, 0, 82, 37, 35, 97, 87, 74, 3,
36, 24, 97, 38, 87, 23, 93, 73, 30, 94,
45, 41, 57, 76, 62, 91, 2, 82, 19, 30,
60, 35, 41, 26, 83, 79, 61, 80, 65, 0,
83, 67, 91, 46, 72, 77, 69, 64, 50, 65,
57, 61, 5, 80, 36, 68, 36, 38, 15, 22,
34, 41, 57, 75, 68, 39, 53, 95, 18, 85,
96]
[[407, 160, 480], [394, 459, 120], [893, 675, 454], [1046, 698, 570], [601, 175, 818], [224, 965, 873], [255, 44, 606], [804, 148, 362], [54, 606, 751], [806, 26, 380],
[1021, 434, 540], [953, 828, 999], [525, 123, 77], [979, 120, 775], [500, 173, 402], [268, 398, 819], [92, 105, 863], [698, 910, 463], [513, 416, 522], [214, 674, 548],
[46, 645, 982], [586, 1, 212], [1037, 526, 838], [64, 456, 410], [291, 956, 583], [693, 676, 433], [462, 768, 539], [777, 919, 901], [191, 382, 769], [713, 48, 394],
[211, 94, 491], [646, 132, 492], [310, 621, 1019], [98, 138, 927], [508, 429, 833], [544, 73, 961], [977, 1037, 132], [968, 765, 1], [271, 408, 885], [1041, 71, 385],
[887, 784, 479], [830, 380, 63], [273, 143, 684], [744, 241, 822], [621, 202, 704], [906, 746, 229], [817, 125, 216], [949, 546, 433], [402, 817, 841], [739, 260, 364],
[74, 599, 99], [5, 380, 981], [570, 653, 74], [205, 849, 818], [479, 420, 1020], [635, 276, 716], [864, 545, 841], [31, 947, 337], [966, 299, 607], [758, 491, 319],
[72, 17, 919], [171, 23, 249], [605, 593, 354], [131, 250, 153], [949, 182, 25], [919, 817, 301], [37, 632, 298], [331, 115, 195], [120, 31, 495], [727, 789, 438],
[499, 314, 455], [368, 987, 980], [69, 542, 524], [925, 674, 226], [28, 25, 910], [53, 945, 678], [856, 434, 762], [104, 765, 877], [802, 886, 360], [247, 15, 602],
[137, 514, 916], [592, 882, 853], [523, 403, 848], [499, 278, 974], [177, 808, 999], [38, 861, 346], [716, 119, 781], [428, 726, 496], [757, 478, 332], [67, 177, 348],
[669, 314, 862], [1037, 906, 147], [293, 881, 550], [593, 330, 829], [517, 508, 587], [466, 546, 901], [813, 714, 472], [544, 92, 148], [492, 301, 626], [825, 368, 255],
[625, 490, 569], [939, 979, 928], [36, 724, 211], [39, 267, 1044], [320, 784, 1004], [359, 703, 1002], [210, 968, 666], [135, 964, 210], [283, 406, 511], [362, 683, 331],
[617, 258, 273], [639, 148, 203], [1019, 184, 379], [180, 725, 647], [676, 1045, 883], [630, 355, 536], [582, 565, 454], [198, 152, 870], [910, 436, 227], [371, 250, 910],
[155, 319, 621]]
[[7, 9, 9, 1], [2, 7, 7, 9], [1, 4, 5, 7], [9, 9, 3, 9], [5, 10, 0, 7], [9, 9, 10, 10], [9, 10, 8, 4], [0, 6, 1, 5], [2, 8, 6, 5], [2, 2, 1, 3],
[6, 6, 8, 5], [5, 0, 1, 8], [8, 10, 4, 6], [9, 1, 4, 7], [9, 1, 9, 9], [5, 8, 3, 7], [6, 9, 1, 8], [10, 3, 10, 3], [7, 7, 8, 10], [6, 8, 7, 3],
[7, 9, 8, 3], [10, 1, 9, 9], [0, 7, 5, 5], [3, 9, 10, 9], [5, 1, 4, 4], [2, 3, 8, 7], [9, 3, 7, 2], [9, 3, 3, 4], [2, 0, 5, 10], [1, 3, 6, 10],
[9, 1, 2, 1], [8, 2, 8, 2], [1, 1, 5, 1], [3, 0, 8, 1], [1, 4, 1, 0], [8, 4, 4, 10], [5, 9, 9, 4], [0, 3, 4, 7], [4, 4, 8, 1], [6, 3, 1, 5],
[4, 4, 6, 7], [4, 4, 6, 6], [8, 7, 4, 3], [1, 8, 2, 4], [4, 10, 8, 2], [0, 10, 9, 4], [4, 6, 3, 8], [7, 2, 3, 1], [7, 9, 6, 9], [2, 0, 4, 9],
[7, 8, 1, 6], [3, 2, 10, 6], [10, 6, 8, 10], [5, 5, 1, 9], [9, 2, 5, 6], [4, 8, 7, 9], [6, 0, 8, 7], [0, 10, 3, 6], [6, 4, 1, 7], [4, 10, 2, 1],
[5, 9, 9, 10], [3, 10, 7, 1], [1, 1, 7, 4], [9, 1, 2, 2], [2, 10, 7, 2], [8, 10, 8, 3], [2, 8, 10, 6], [7, 2, 6, 10], [9, 4, 7, 1], [2, 1, 0, 1],
[2, 8, 5, 9], [7, 6, 10, 9], [3, 6, 10, 0], [6, 5, 3, 6], [2, 3, 10, 7], [3, 5, 4, 1], [8, 1, 0, 10], [2, 0, 0, 3], [6, 4, 1, 3], [10, 9, 10, 2],
[5, 9, 1, 9], [4, 4, 2, 4], [5, 1, 10, 8], [7, 3, 7, 4], [4, 7, 1, 5], [6, 10, 8, 1], [3, 7, 2, 0], [6, 2, 1, 9], [9, 2, 5, 2], [4, 7, 5, 10],
[8, 4, 7, 2], [5, 4, 4, 8], [9, 5, 2, 4], [3, 8, 4, 6], [4, 6, 5, 8], [6, 6, 4, 5], [6, 9, 5, 10], [3, 10, 9, 1], [1, 4, 1, 7], [6, 4, 2, 4],
[7, 4, 7, 10], [10, 0, 6, 3], [4, 9, 10, 0], [4, 3, 5, 10], [2, 8, 7, 5], [8, 6, 4, 7], [8, 4, 1, 3], [8, 3, 5, 4], [5, 10, 4, 4], [10, 8, 6, 2],
[6, 5, 2, 8], [8, 5, 5, 10], [2, 1, 3, 8], [5, 5, 5, 2], [9, 4, 3, 6], [8, 7, 0, 0], [6, 4, 3, 6], [10, 9, 6, 5], [3, 8, 0, 9], [0, 5, 9, 2],
[6, 10, 9, 1]]
[1, 0.05, 0.05, 0.05, 0.05, 0.05, 0.05, 0.05, 0.05, 0.05,
0.05, 0.05, 0.05, 0.05, 0.05, 0.05, 0.05, 0.05, 0.05, 0.05,
0.05, 0.0025, 0.0025, 0.0025, 0.0025, 0.0025, 0.0025, 0.0025, 0.0025, 0.0025,
0.0025, 0.0025, 0.0025, 0.0025, 0.0025, 0.0025, 0.0025, 0.0025, 0.0025, 0.0025,
0.0025, 0.000125, 0.000125, 0.000125, 0.000125, 0.000125, 0.000125, 0.000125, 0.000125, 0.000125,
0.000125, 0.000125, 0.000125, 0.000125, 0.000125, 0.000125, 0.000125, 0.000125, 0.000125, 0.000125,
0.000125, 6.25e-06, 6.25e-06, 6.25e-06, 6.25e-06, 6.25e-06, 6.25e-06, 6.25e-06, 6.25e-06, 6.25e-06,
6.25e-06, 6.25e-06, 6.25e-06, 6.25e-06, 6.25e-06, 6.25e-06, 6.25e-06, 6.25e-06, 6.25e-06, 6.25e-06,
6.25e-06, 3.125e-07, 3.125e-07, 3.125e-07, 3.125e-07, 3.125e-07, 3.125e-07, 3.125e-07, 3.125e-07, 3.125e-07,
3.125e-07, 3.125e-07, 3.125e-07, 3.125e-07, 3.125e-07, 3.125e-07, 3.125e-07, 3.125e-07, 3.125e-07, 3.125e-07,
3.125e-07, 1.5625e-08, 1.5625e-08, 1.5625e-08, 1.5625e-08, 1.5625e-08, 1.5625e-08, 1.5625e-08, 1.5625e-08, 1.5625e-08,
1.5625e-08, 1.5625e-08, 1.5625e-08, 1.5625e-08, 1.5625e-08, 1.5625e-08, 1.5625e-08, 1.5625e-08, 1.5625e-08, 1.5625e-08,
1.5625e-08]
[8, 5, 5, 4, 6, 3, 8, 0, 3, 5,
8, 7, 1, 0, 10, 7, 5, 3, 9, 0,
8, 2, 4, 4, 9, 3, 10, 9, 10, 2,
0, 2, 8, 3, 10, 6, 5, 9, 9, 1,
9, 9, 0, 7, 5, 5, 4, 9, 8, 3,
1, 0, 5, 2, 9, 8, 3, 0, 0, 2,
2, 9, 0, 6, 4, 3, 8, 9, 8, 3,
1, 9, 4, 7, 2, 7, 3, 8, 8, 10,
2, 5, 10, 10, 0, 0, 0, 3, 5, 6,
6, 9, 6, 9, 10, 3, 6, 7, 9, 10,
4, 7, 6, 4, 7, 4, 0, 8, 9, 7,
1, 4, 5, 8, 5, 10, 2, 10, 2, 4,
1]
------------------------------------------------------- 
# stage = 7	# children c = 20	length of each stage p = 1	nodes = 120	# items I = 1
