[49, 3, 83, 13, 0, 50, 17, 76, 10, 90,
40, 17, 6, 17, 72, 9, 40, 18, 19, 1,
90, 40, 28, 52, 29, 90, 33, 77, 80, 62,
29, 28, 31, 12, 42, 32, 62, 25, 74, 38,
81, 80, 21, 87, 97, 93, 96, 2, 10, 81,
3, 66, 87, 99, 85, 16, 54, 17, 93, 33,
46, 22, 28, 43, 34, 36, 41, 62, 61, 14,
66, 41, 60, 87, 94, 22, 45, 55, 25, 22,
35, 95, 88, 22, 59, 38, 38, 12, 22, 97,
12, 34, 18, 40, 77, 18, 76, 18, 46, 2,
99, 11, 9, 59, 98, 2, 81, 9, 57, 72,
31, 92, 33, 85, 80, 58, 23, 17, 37, 45,
81, 49, 79, 65, 55, 21, 50, 30, 39, 96,
99, 4, 7, 7, 29, 71, 9, 9, 80, 32,
48]
[[276, 86, 629], [877, 914, 730], [44, 478, 927], [81, 538, 628], [955, 82, 470], [743, 519, 114], [193, 294, 541], [934, 526, 161], [905, 210, 772], [243, 531, 779],
[894, 111, 170], [827, 292, 75], [548, 337, 866], [779, 418, 708], [712, 677, 790], [486, 412, 300], [601, 918, 907], [133, 843, 424], [607, 43, 947], [370, 286, 782],
[454, 484, 197], [624, 303, 803], [3, 851, 131], [869, 935, 862], [568, 638, 844], [349, 115, 560], [962, 716, 469], [164, 154, 304], [589, 761, 660], [840, 123, 947],
[927, 890, 422], [115, 505, 29], [918, 508, 185], [353, 681, 111], [207, 240, 749], [355, 589, 864], [915, 855, 885], [375, 10, 30], [992, 912, 791], [644, 744, 218],
[895, 662, 412], [621, 81, 917], [651, 304, 729], [836, 657, 401], [947, 168, 954], [1000, 523, 534], [159, 742, 380], [35, 422, 704], [65, 405, 607], [161, 353, 342],
[692, 239, 308], [96, 861, 703], [317, 816, 1007], [351, 643, 968], [752, 894, 128], [698, 885, 964], [536, 35, 2], [221, 384, 424], [925, 449, 829], [523, 923, 174],
[170, 920, 726], [791, 7, 891], [485, 637, 698], [796, 988, 645], [756, 732, 843], [188, 734, 719], [456, 574, 59], [458, 795, 443], [882, 711, 196], [7, 539, 424],
[494, 709, 335], [211, 491, 342], [407, 281, 979], [96, 68, 263], [46, 128, 995], [889, 629, 24], [913, 77, 598], [972, 848, 385], [719, 722, 400], [915, 33, 939],
[643, 527, 952], [978, 42, 748], [624, 449, 20], [908, 859, 401], [162, 209, 530], [461, 89, 150], [485, 1002, 540], [387, 269, 380], [76, 988, 406], [477, 199, 439],
[720, 842, 966], [977, 116, 312], [716, 740, 762], [736, 639, 925], [441, 105, 125], [971, 566, 214], [426, 355, 521], [966, 743, 94], [337, 819, 387], [743, 600, 586],
[173, 625, 732], [443, 593, 152], [756, 613, 893], [822, 653, 836], [738, 85, 942], [863, 48, 499], [381, 474, 159], [902, 431, 902], [997, 73, 16], [375, 816, 617],
[265, 294, 546], [301, 41, 443], [454, 797, 47], [651, 923, 700], [478, 652, 785], [724, 819, 137], [215, 192, 924], [687, 85, 660], [580, 386, 733], [909, 65, 853],
[830, 643, 138], [367, 945, 493], [810, 703, 281], [161, 345, 196], [861, 127, 152], [951, 852, 972], [79, 371, 155], [308, 49, 553], [968, 629, 244], [692, 529, 309],
[536, 351, 953], [988, 22, 193], [472, 137, 896], [57, 298, 545], [566, 151, 672], [719, 93, 515], [995, 485, 886], [454, 793, 935], [1007, 752, 868], [242, 748, 702],
[865, 589, 357]]
[[10, 1, 10, 4], [7, 6, 6, 7], [9, 1, 7, 5], [9, 2, 0, 9], [2, 6, 4, 8], [10, 4, 6, 0], [2, 0, 7, 3], [7, 5, 3, 5], [5, 0, 9, 1], [5, 2, 8, 3],
[3, 5, 9, 1], [5, 7, 8, 5], [1, 1, 0, 0], [3, 7, 1, 5], [7, 6, 7, 1], [10, 8, 6, 4], [9, 4, 5, 3], [6, 0, 6, 7], [5, 2, 6, 8], [8, 4, 0, 9],
[5, 1, 9, 7], [8, 8, 10, 2], [4, 6, 3, 1], [2, 8, 5, 0], [10, 8, 1, 6], [8, 5, 0, 1], [8, 7, 7, 5], [0, 8, 1, 3], [9, 10, 10, 4], [6, 8, 6, 8],
[3, 7, 9, 5], [4, 1, 3, 4], [9, 4, 8, 6], [8, 6, 5, 5], [2, 2, 8, 2], [10, 9, 4, 6], [6, 1, 8, 1], [9, 3, 9, 0], [8, 5, 5, 0], [6, 7, 2, 4],
[9, 8, 9, 6], [3, 3, 9, 6], [3, 4, 6, 0], [0, 10, 4, 7], [10, 1, 6, 8], [2, 3, 8, 0], [8, 1, 9, 4], [6, 0, 8, 4], [8, 4, 9, 0], [6, 7, 4, 9],
[10, 0, 8, 10], [8, 1, 6, 7], [3, 2, 3, 3], [3, 9, 3, 0], [10, 1, 4, 5], [10, 0, 8, 5], [4, 6, 6, 8], [0, 8, 5, 10], [8, 2, 10, 4], [1, 3, 9, 4],
[3, 1, 8, 6], [0, 9, 7, 8], [9, 9, 1, 6], [9, 9, 1, 1], [2, 5, 9, 2], [2, 3, 0, 9], [5, 8, 2, 7], [0, 9, 9, 4], [0, 4, 8, 9], [1, 4, 4, 8],
[3, 5, 3, 10], [1, 4, 0, 3], [9, 10, 4, 10], [0, 4, 8, 4], [1, 10, 0, 10], [6, 7, 3, 4], [10, 1, 2, 9], [3, 5, 6, 4], [10, 9, 4, 1], [1, 4, 2, 8],
[1, 6, 7, 2], [10, 4, 6, 9], [1, 4, 9, 8], [9, 10, 1, 6], [9, 2, 4, 2], [7, 10, 4, 4], [7, 8, 5, 8], [0, 8, 5, 1], [1, 0, 1, 10], [4, 7, 8, 6],
[9, 4, 1, 8], [4, 0, 3, 2], [2, 6, 2, 7], [5, 7, 1, 1], [4, 4, 7, 2], [10, 0, 2, 1], [0, 3, 0, 4], [9, 6, 8, 5], [0, 7, 0, 4], [8, 2, 4, 10],
[8, 7, 5, 2], [3, 4, 2, 5], [8, 7, 8, 6], [7, 10, 5, 5], [0, 5, 10, 7], [9, 5, 2, 9], [2, 2, 0, 10], [4, 5, 7, 1], [1, 10, 2, 2], [3, 4, 5, 10],
[9, 2, 5, 4], [10, 10, 9, 9], [2, 6, 5, 0], [1, 7, 8, 1], [8, 8, 9, 1], [2, 5, 3, 1], [3, 5, 1, 6], [7, 7, 5, 3], [7, 8, 7, 5], [5, 6, 3, 5],
[1, 6, 6, 0], [1, 1, 10, 9], [9, 8, 10, 10], [1, 0, 9, 4], [3, 0, 8, 10], [5, 3, 1, 1], [9, 8, 4, 2], [1, 5, 7, 3], [1, 0, 1, 0], [1, 1, 9, 9],
[9, 6, 6, 8], [7, 4, 1, 10], [2, 10, 8, 7], [0, 9, 7, 7], [4, 0, 9, 6], [4, 6, 7, 3], [4, 8, 3, 6], [7, 1, 2, 4], [7, 8, 1, 1], [1, 3, 1, 2],
[0, 7, 9, 0]]
[1, 0.05, 0.05, 0.05, 0.05, 0.05, 0.05, 0.05, 0.05, 0.05,
0.05, 0.05, 0.05, 0.05, 0.05, 0.05, 0.05, 0.05, 0.05, 0.05,
0.05, 0.0025, 0.0025, 0.0025, 0.0025, 0.0025, 0.0025, 0.0025, 0.0025, 0.0025,
0.0025, 0.0025, 0.0025, 0.0025, 0.0025, 0.0025, 0.0025, 0.0025, 0.0025, 0.0025,
0.0025, 0.000125, 0.000125, 0.000125, 0.000125, 0.000125, 0.000125, 0.000125, 0.000125, 0.000125,
0.000125, 0.000125, 0.000125, 0.000125, 0.000125, 0.000125, 0.000125, 0.000125, 0.000125, 0.000125,
0.000125, 6.25e-06, 6.25e-06, 6.25e-06, 6.25e-06, 6.25e-06, 6.25e-06, 6.25e-06, 6.25e-06, 6.25e-06,
6.25e-06, 6.25e-06, 6.25e-06, 6.25e-06, 6.25e-06, 6.25e-06, 6.25e-06, 6.25e-06, 6.25e-06, 6.25e-06,
6.25e-06, 3.125e-07, 3.125e-07, 3.125e-07, 3.125e-07, 3.125e-07, 3.125e-07, 3.125e-07, 3.125e-07, 3.125e-07,
3.125e-07, 3.125e-07, 3.125e-07, 3.125e-07, 3.125e-07, 3.125e-07, 3.125e-07, 3.125e-07, 3.125e-07, 3.125e-07,
3.125e-07, 1.5625e-08, 1.5625e-08, 1.5625e-08, 1.5625e-08, 1.5625e-08, 1.5625e-08, 1.5625e-08, 1.5625e-08, 1.5625e-08,
1.5625e-08, 1.5625e-08, 1.5625e-08, 1.5625e-08, 1.5625e-08, 1.5625e-08, 1.5625e-08, 1.5625e-08, 1.5625e-08, 1.5625e-08,
1.5625e-08, 7.8125e-10, 7.8125e-10, 7.8125e-10, 7.8125e-10, 7.8125e-10, 7.8125e-10, 7.8125e-10, 7.8125e-10, 7.8125e-10,
7.8125e-10, 7.8125e-10, 7.8125e-10, 7.8125e-10, 7.8125e-10, 7.8125e-10, 7.8125e-10, 7.8125e-10, 7.8125e-10, 7.8125e-10,
7.8125e-10]
[6, 7, 6, 5, 2, 2, 3, 4, 4, 7,
8, 9, 4, 1, 7, 5, 4, 4, 6, 7,
9, 10, 9, 4, 8, 0, 4, 8, 1, 0,
2, 6, 2, 2, 5, 1, 4, 3, 2, 3,
4, 0, 2, 1, 5, 8, 4, 10, 1, 1,
7, 9, 0, 0, 5, 8, 5, 0, 2, 5,
0, 2, 5, 8, 10, 10, 7, 2, 4, 8,
3, 3, 10, 10, 4, 4, 4, 4, 5, 1,
8, 7, 5, 10, 10, 6, 10, 5, 2, 6,
6, 5, 5, 4, 0, 10, 2, 9, 5, 4,
0, 1, 10, 5, 10, 2, 8, 0, 7, 8,
6, 10, 1, 2, 2, 6, 7, 1, 2, 1,
3, 0, 10, 9, 1, 7, 1, 0, 3, 6,
9, 6, 7, 7, 1, 7, 0, 3, 4, 1,
6]
------------------------------------------------------- 
# stage = 8	# children c = 20	length of each stage p = 1	nodes = 140	# items I = 1
