[66, 77, 50, 70, 14, 87, 74, 37, 88, 1,
52, 79, 88, 9, 16, 60, 77, 38, 97, 43,
20, 39, 40, 10, 79, 35, 92, 91, 56, 66,
10, 88, 42, 26, 24, 56, 13, 98, 93, 0,
65, 10, 45, 52, 19, 61, 11, 97, 99, 74,
5, 18, 13, 45, 96, 58, 47, 53, 48, 69,
18, 24, 56, 26, 50, 46, 82, 29, 44, 40,
97, 75, 51, 41, 27, 36, 2, 4, 32, 67,
45]
[[62, 372, 681], [741, 662, 584], [697, 145, 550], [232, 816, 946], [1020, 948, 615], [224, 779, 505], [3, 812, 477], [920, 20, 178], [390, 1019, 890], [748, 41, 867],
[401, 105, 216], [59, 846, 879], [643, 520, 1], [168, 754, 820], [92, 750, 743], [707, 974, 499], [187, 977, 289], [666, 872, 309], [844, 239, 305], [710, 988, 348],
[554, 366, 453], [773, 425, 276], [627, 46, 797], [630, 216, 526], [427, 308, 251], [145, 1015, 202], [647, 180, 156], [936, 846, 3], [220, 666, 245], [527, 351, 208],
[876, 907, 576], [306, 655, 1003], [583, 259, 24], [357, 892, 241], [885, 294, 549], [114, 442, 542], [316, 64, 722], [473, 1000, 543], [478, 197, 184], [725, 726, 537],
[933, 579, 420], [486, 886, 52], [465, 446, 312], [489, 803, 181], [732, 663, 475], [259, 779, 917], [801, 71, 983], [498, 546, 960], [16, 1, 134], [201, 727, 861],
[738, 637, 415], [135, 101, 278], [190, 566, 724], [502, 32, 502], [683, 765, 143], [135, 1024, 922], [30, 800, 995], [1013, 273, 518], [949, 291, 520], [58, 492, 224],
[919, 208, 861], [312, 345, 964], [590, 535, 505], [292, 14, 538], [794, 699, 280], [939, 835, 281], [839, 865, 58], [809, 855, 333], [303, 779, 624], [825, 838, 94],
[24, 734, 302], [887, 23, 649], [827, 616, 160], [309, 908, 176], [849, 679, 876], [104, 594, 688], [387, 410, 530], [445, 194, 360], [778, 499, 115], [378, 301, 955],
[472, 327, 666]]
[[5, 7, 8, 6], [4, 4, 3, 7], [8, 10, 2, 6], [1, 2, 10, 0], [9, 3, 0, 2], [6, 0, 5, 6], [0, 5, 6, 1], [9, 0, 0, 1], [5, 6, 8, 7], [10, 9, 3, 5],
[9, 3, 0, 10], [5, 9, 10, 1], [1, 9, 1, 5], [9, 7, 0, 7], [10, 5, 8, 8], [5, 7, 8, 8], [2, 5, 4, 0], [3, 7, 5, 10], [10, 4, 9, 2], [0, 7, 1, 1],
[5, 2, 6, 3], [7, 4, 10, 6], [9, 5, 2, 1], [1, 10, 7, 4], [4, 0, 4, 5], [5, 7, 5, 2], [9, 3, 4, 9], [8, 5, 8, 0], [6, 3, 3, 2], [6, 0, 9, 2],
[4, 9, 2, 5], [8, 9, 9, 10], [8, 0, 4, 2], [6, 9, 5, 4], [2, 7, 3, 8], [0, 0, 9, 6], [2, 10, 6, 6], [0, 2, 8, 4], [0, 8, 7, 8], [7, 4, 7, 4],
[4, 1, 6, 10], [10, 9, 4, 10], [6, 5, 8, 6], [5, 4, 10, 5], [3, 5, 0, 3], [8, 7, 5, 8], [4, 2, 4, 9], [6, 9, 2, 8], [8, 7, 6, 8], [3, 8, 5, 9],
[2, 0, 2, 5], [4, 10, 9, 8], [5, 9, 9, 0], [3, 4, 8, 8], [4, 10, 6, 8], [9, 7, 3, 6], [1, 9, 1, 2], [6, 5, 10, 6], [5, 1, 10, 8], [1, 8, 5, 4],
[6, 3, 4, 8], [5, 10, 5, 7], [10, 9, 4, 6], [3, 8, 10, 2], [4, 1, 5, 9], [6, 4, 4, 9], [3, 3, 6, 2], [9, 0, 4, 5], [2, 8, 2, 5], [6, 5, 0, 3],
[1, 4, 9, 3], [10, 8, 5, 4], [7, 8, 0, 0], [1, 4, 10, 3], [6, 5, 3, 4], [4, 8, 7, 4], [5, 7, 7, 9], [10, 7, 1, 1], [1, 10, 4, 9], [6, 7, 0, 0],
[5, 0, 1, 4]]
[1, 0.05, 0.05, 0.05, 0.05, 0.05, 0.05, 0.05, 0.05, 0.05,
0.05, 0.05, 0.05, 0.05, 0.05, 0.05, 0.05, 0.05, 0.05, 0.05,
0.05, 0.0025, 0.0025, 0.0025, 0.0025, 0.0025, 0.0025, 0.0025, 0.0025, 0.0025,
0.0025, 0.0025, 0.0025, 0.0025, 0.0025, 0.0025, 0.0025, 0.0025, 0.0025, 0.0025,
0.0025, 0.000125, 0.000125, 0.000125, 0.000125, 0.000125, 0.000125, 0.000125, 0.000125, 0.000125,
0.000125, 0.000125, 0.000125, 0.000125, 0.000125, 0.000125, 0.000125, 0.000125, 0.000125, 0.000125,
0.000125, 6.25e-06, 6.25e-06, 6.25e-06, 6.25e-06, 6.25e-06, 6.25e-06, 6.25e-06, 6.25e-06, 6.25e-06,
6.25e-06, 6.25e-06, 6.25e-06, 6.25e-06, 6.25e-06, 6.25e-06, 6.25e-06, 6.25e-06, 6.25e-06, 6.25e-06,
6.25e-06]
[5, 10, 10, 3, 1, 5, 2, 2, 2, 8,
0, 0, 5, 10, 6, 10, 8, 0, 8, 5,
9, 3, 5, 4, 1, 0, 1, 4, 1, 10,
2, 6, 3, 0, 8, 5, 3, 5, 7, 2,
9, 10, 0, 1, 2, 6, 5, 0, 6, 5,
6, 6, 2, 2, 9, 7, 4, 3, 5, 1,
1, 0, 5, 1, 1, 1, 4, 2, 5, 4,
8, 8, 5, 10, 5, 5, 3, 1, 4, 6,
6]
------------------------------------------------------- 
# stage = 5	# children c = 20	length of each stage p = 1	nodes = 80	# items I = 1
