[42, 22, 38, 15, 48, 98, 54, 82, 9, 79,
16, 77, 72, 14, 17, 4, 38, 1, 35, 56,
81, 52, 54, 84, 66, 77, 29, 54, 26, 5,
59, 69, 94, 63, 50, 41, 26, 71, 89, 36,
49, 4, 79, 87, 86, 97, 91, 23, 98, 25,
45]
[[346, 712, 409], [865, 476, 794], [581, 905, 399], [265, 632, 605], [375, 0, 858], [102, 550, 289], [846, 746, 755], [329, 408, 733], [255, 571, 136], [15, 709, 854],
[771, 147, 660], [274, 104, 228], [161, 686, 225], [558, 43, 857], [257, 416, 855], [208, 518, 497], [497, 458, 336], [347, 785, 742], [172, 134, 407], [309, 148, 208],
[255, 13, 354], [9, 286, 458], [236, 445, 236], [459, 97, 279], [411, 355, 696], [358, 561, 306], [856, 152, 763], [284, 497, 642], [120, 670, 775], [527, 71, 17],
[735, 326, 28], [183, 333, 312], [640, 569, 757], [876, 123, 855], [248, 532, 302], [38, 888, 863], [342, 836, 107], [197, 214, 603], [840, 334, 367], [707, 859, 438],
[724, 687, 764], [752, 868, 191], [157, 602, 759], [8, 573, 880], [863, 821, 504], [257, 857, 486], [214, 291, 415], [320, 489, 629], [17, 421, 56], [382, 222, 9],
[820, 38, 694]]
[[5, 5, 8, 10], [0, 7, 5, 5], [7, 2, 10, 9], [0, 2, 4, 6], [4, 4, 4, 9], [5, 10, 5, 7], [6, 0, 4, 5], [5, 3, 9, 8], [8, 4, 7, 7], [1, 0, 1, 6],
[2, 9, 2, 0], [1, 6, 6, 3], [9, 0, 1, 3], [8, 6, 10, 3], [5, 1, 6, 10], [5, 4, 6, 0], [6, 0, 5, 7], [0, 7, 0, 0], [3, 2, 1, 2], [7, 7, 5, 5],
[5, 4, 6, 0], [9, 5, 1, 3], [5, 7, 0, 10], [9, 6, 10, 3], [7, 5, 10, 5], [10, 9, 6, 0], [0, 7, 1, 5], [1, 6, 10, 7], [9, 5, 5, 7], [9, 7, 8, 3],
[1, 8, 0, 9], [2, 8, 1, 7], [0, 9, 1, 10], [7, 7, 9, 6], [3, 10, 0, 5], [3, 9, 10, 1], [3, 2, 6, 10], [7, 3, 0, 9], [10, 0, 5, 10], [7, 6, 6, 7],
[2, 5, 5, 10], [0, 3, 3, 1], [0, 3, 4, 3], [1, 1, 3, 3], [4, 9, 0, 0], [0, 10, 7, 8], [8, 10, 7, 4], [3, 0, 1, 6], [5, 6, 3, 3], [7, 6, 5, 7],
[7, 9, 8, 7]]
[1, 0.1, 0.1, 0.1, 0.1, 0.1, 0.1, 0.1, 0.1, 0.1,
0.1, 0.01, 0.01, 0.01, 0.01, 0.01, 0.01, 0.01, 0.01, 0.01,
0.01, 0.001, 0.001, 0.001, 0.001, 0.001, 0.001, 0.001, 0.001, 0.001,
0.001, 0.0001, 0.0001, 0.0001, 0.0001, 0.0001, 0.0001, 0.0001, 0.0001, 0.0001,
0.0001, 1e-05, 1e-05, 1e-05, 1e-05, 1e-05, 1e-05, 1e-05, 1e-05, 1e-05,
1e-05]
[4, 7, 9, 4, 6, 9, 7, 1, 4, 7,
5, 8, 0, 5, 6, 0, 8, 2, 0, 8,
3, 9, 6, 0, 0, 9, 8, 1, 9, 7,
2, 0, 9, 2, 2, 1, 1, 0, 5, 0,
7, 5, 9, 8, 7, 8, 6, 6, 2, 8,
3]
------------------------------------------------------- 
# stage = 6	# children c = 10	length of each stage p = 1	nodes = 50	# items I = 1
