[39, 60, 66, 48, 44, 70, 95, 33, 20, 60,
30, 27, 57, 76, 4, 5, 9, 45, 74, 75,
47, 1, 49, 14, 51, 47, 48, 31, 94, 72,
50]
[[312, 557, 412], [819, 1764, 1366], [1692, 1491, 588], [32, 1621, 1798], [451, 1567, 603], [1219, 767, 928], [1071, 229, 1093], [844, 548, 1398], [24, 1616, 702], [244, 1751, 1634],
[454, 1743, 268], [866, 319, 1712], [309, 88, 1281], [898, 120, 659], [453, 251, 1906], [1056, 1151, 750], [1664, 299, 979], [834, 1143, 1527], [1912, 1167, 901], [692, 1091, 409],
[403, 1545, 229], [352, 489, 548], [141, 478, 316], [1422, 1376, 117], [1761, 1509, 48], [1744, 642, 1199], [251, 64, 1178], [1231, 578, 398], [515, 568, 1245], [1096, 940, 413],
[1505, 1023, 1639]]
[[0, 10, 5, 0], [5, 1, 3, 10], [3, 7, 0, 2], [8, 10, 9, 8], [1, 2, 6, 10], [5, 9, 6, 6], [6, 6, 8, 0], [0, 1, 3, 0], [0, 6, 1, 3], [5, 2, 2, 9],
[9, 0, 9, 6], [8, 5, 4, 9], [8, 8, 8, 2], [6, 1, 6, 10], [6, 4, 0, 6], [3, 3, 4, 3], [8, 3, 5, 2], [5, 5, 0, 4], [4, 10, 8, 1], [2, 10, 0, 10],
[8, 6, 0, 3], [6, 6, 3, 1], [8, 3, 5, 0], [4, 7, 2, 1], [0, 7, 4, 5], [1, 2, 7, 5], [10, 3, 5, 2], [2, 5, 10, 8], [9, 10, 10, 4], [6, 2, 3, 1],
[3, 6, 0, 5]]
[1, 0.1, 0.1, 0.1, 0.1, 0.1, 0.1, 0.1, 0.1, 0.1,
0.1, 0.01, 0.01, 0.01, 0.01, 0.01, 0.01, 0.01, 0.01, 0.01,
0.01, 0.001, 0.001, 0.001, 0.001, 0.001, 0.001, 0.001, 0.001, 0.001,
0.001]
[5, 2, 14, 12, 12, 19, 17, 12, 6, 18,
1, 9, 16, 2, 16, 17, 8, 18, 13, 19,
8, 17, 0, 19, 17, 12, 12, 5, 12, 14,
0]
------------------------------------------------------- 
# stage = 4	# children c = 10	length of each stage p = 1	nodes = 30	# items I = 1
