[66, 85, 32, 92, 78, 45, 73, 35, 44, 50,
33, 97, 56, 10, 68, 44, 87, 70, 54, 90,
92, 98, 71, 86, 96, 67, 78, 6, 81, 36,
64, 46, 88, 96, 37, 65, 40, 9, 66, 51,
60, 100, 13, 82, 9, 47, 92, 96, 16, 46,
51, 7, 9, 22, 59, 71, 55, 36, 77, 35,
73, 40, 81, 60, 1, 17, 91, 42, 94, 57,
59]
[[676, 426, 1378], [2044, 1738, 2018], [1465, 1156, 1459], [2069, 266, 2047], [607, 871, 905], [2036, 278, 70], [929, 1351, 1206], [255, 155, 820], [444, 299, 1805], [294, 822, 1240],
[85, 1498, 1667], [1463, 868, 731], [808, 231, 1887], [1695, 1728, 1582], [1641, 1763, 351], [444, 1697, 57], [2044, 2054, 1409], [1148, 1738, 1564], [1969, 80, 1863], [1100, 1904, 11],
[238, 1989, 937], [1333, 778, 1233], [2065, 1586, 892], [1278, 1180, 518], [758, 147, 179], [1109, 19, 1304], [1167, 2063, 1257], [474, 537, 893], [1466, 1934, 401], [655, 932, 203],
[667, 1171, 1620], [1032, 402, 1826], [164, 1895, 739], [484, 1072, 1347], [431, 1830, 1494], [610, 266, 941], [1343, 1433, 330], [498, 1335, 867], [819, 699, 700], [648, 782, 1060],
[851, 1449, 1659], [1899, 1910, 2062], [1623, 1502, 1283], [260, 1986, 253], [1607, 315, 1512], [427, 354, 1778], [1368, 1697, 537], [1698, 1623, 1872], [1994, 1870, 1999], [20, 416, 679],
[1080, 695, 1557], [638, 492, 793], [26, 1543, 193], [1309, 1232, 1607], [1563, 737, 1351], [401, 593, 1133], [77, 1389, 728], [614, 414, 1779], [1914, 306, 975], [1811, 326, 1391],
[1918, 834, 2086], [801, 900, 2006], [1594, 926, 1447], [1215, 1664, 577], [721, 553, 743], [2072, 954, 1336], [1103, 1031, 623], [1259, 1073, 1037], [364, 885, 771], [1339, 22, 525],
[56, 1940, 788]]
[[0, 10, 0, 3], [7, 0, 2, 0], [0, 3, 3, 10], [8, 5, 3, 9], [5, 3, 9, 9], [10, 2, 1, 9], [6, 10, 4, 5], [3, 6, 5, 3], [3, 3, 6, 8], [1, 6, 6, 1],
[9, 9, 9, 6], [3, 10, 2, 7], [1, 0, 3, 0], [0, 4, 10, 7], [3, 1, 1, 4], [5, 5, 5, 8], [6, 1, 5, 8], [5, 0, 7, 4], [8, 6, 8, 9], [3, 0, 5, 4],
[9, 8, 5, 10], [0, 2, 6, 3], [1, 5, 6, 6], [8, 0, 1, 4], [10, 6, 1, 5], [4, 6, 9, 10], [10, 4, 9, 3], [2, 1, 5, 1], [10, 10, 0, 8], [10, 4, 0, 0],
[9, 6, 4, 7], [7, 5, 9, 6], [9, 10, 9, 3], [5, 7, 2, 5], [10, 9, 6, 1], [0, 0, 2, 8], [9, 2, 5, 6], [6, 5, 7, 3], [10, 0, 8, 4], [6, 6, 8, 2],
[3, 7, 5, 6], [1, 6, 9, 0], [2, 2, 2, 2], [3, 2, 10, 10], [3, 4, 5, 7], [8, 10, 10, 5], [0, 5, 7, 4], [0, 2, 6, 1], [9, 10, 8, 9], [3, 4, 7, 5],
[7, 7, 6, 8], [10, 3, 7, 2], [6, 10, 9, 1], [10, 7, 4, 8], [1, 0, 10, 0], [2, 3, 1, 10], [0, 7, 6, 3], [1, 2, 7, 8], [10, 0, 5, 7], [3, 10, 9, 7],
[9, 5, 8, 6], [10, 1, 3, 1], [10, 2, 10, 0], [4, 9, 8, 4], [6, 3, 8, 5], [5, 2, 0, 2], [0, 3, 9, 3], [2, 5, 9, 9], [9, 6, 5, 8], [6, 6, 7, 5],
[9, 4, 3, 2]]
[1, 0.1, 0.1, 0.1, 0.1, 0.1, 0.1, 0.1, 0.1, 0.1,
0.1, 0.01, 0.01, 0.01, 0.01, 0.01, 0.01, 0.01, 0.01, 0.01,
0.01, 0.001, 0.001, 0.001, 0.001, 0.001, 0.001, 0.001, 0.001, 0.001,
0.001, 0.0001, 0.0001, 0.0001, 0.0001, 0.0001, 0.0001, 0.0001, 0.0001, 0.0001,
0.0001, 1e-05, 1e-05, 1e-05, 1e-05, 1e-05, 1e-05, 1e-05, 1e-05, 1e-05,
1e-05, 1e-06, 1e-06, 1e-06, 1e-06, 1e-06, 1e-06, 1e-06, 1e-06, 1e-06,
1e-06, 1e-07, 1e-07, 1e-07, 1e-07, 1e-07, 1e-07, 1e-07, 1e-07, 1e-07,
1e-07]
[8, 4, 1, 2, 1, 9, 4, 10, 9, 2,
3, 10, 4, 9, 2, 4, 7, 0, 10, 10,
8, 7, 10, 2, 7, 10, 9, 10, 7, 0,
7, 3, 10, 8, 3, 6, 1, 10, 3, 7,
5, 7, 1, 10, 0, 4, 1, 7, 9, 6,
9, 0, 8, 9, 10, 8, 9, 2, 7, 4,
10, 3, 1, 8, 3, 7, 0, 9, 3, 7,
3]
------------------------------------------------------- 
# stage = 8	# children c = 10	length of each stage p = 1	nodes = 70	# items I = 1
