[37, 22, 54, 17, 25, 16, 6, 85, 2, 71,
21, 37, 37, 30, 83, 66, 13, 84, 31, 2,
34, 38, 55, 73, 64, 17, 81, 62, 65, 20,
0, 1, 9, 20, 85, 34, 2, 91, 86, 4,
28, 6, 7, 31, 3, 90, 97, 16, 39, 27,
85, 73, 65, 5, 12, 95, 22, 93, 56, 54,
79, 22, 21, 54, 42, 6, 55, 10, 63, 40,
81, 91, 12, 89, 21, 15, 44, 85, 98, 84,
11, 83, 22, 43, 88, 34, 3, 77, 93, 26,
30, 38, 48, 51, 92, 57, 23, 46, 33, 87,
86, 14, 77, 65, 2, 65, 80, 12, 15, 78,
96, 93, 26, 85, 35, 13, 85, 5, 56, 78,
31, 52, 82, 45, 70, 73, 68, 93, 86, 1,
79, 37, 15, 22, 1, 84, 53, 82, 96, 68,
59]
[[1225, 615, 302], [1220, 1330, 493], [896, 1818, 902], [1121, 1326, 380], [1312, 1132, 701], [2146, 2021, 1020], [745, 2050, 202], [1182, 931, 1599], [381, 1723, 977], [1383, 1940, 345],
[468, 1017, 1792], [1603, 89, 974], [780, 1818, 1477], [1682, 1623, 655], [2062, 787, 1787], [1447, 785, 344], [320, 1531, 247], [1354, 1397, 1178], [805, 1778, 1585], [466, 1013, 1377],
[1644, 166, 1079], [1288, 1769, 1168], [947, 401, 838], [276, 768, 1145], [931, 1514, 1932], [1402, 814, 1402], [1747, 1966, 1617], [1994, 2004, 866], [1856, 1493, 1328], [2125, 1959, 193],
[1354, 1455, 1191], [285, 1428, 1644], [138, 227, 730], [1808, 1335, 1498], [806, 950, 1696], [1422, 204, 362], [1508, 1951, 1012], [1809, 481, 868], [1359, 1021, 213], [539, 998, 857],
[1565, 1037, 164], [608, 6, 276], [937, 144, 1335], [1667, 637, 522], [1849, 127, 1472], [1397, 233, 1677], [444, 1742, 164], [1456, 1403, 1478], [1009, 615, 351], [1222, 1154, 1350],
[2079, 571, 239], [928, 2012, 245], [1204, 801, 1222], [1224, 1152, 543], [1746, 853, 670], [1903, 934, 1735], [116, 62, 1329], [1112, 203, 1417], [442, 1212, 716], [794, 1118, 554],
[828, 1050, 1958], [1899, 662, 1822], [2144, 1866, 1307], [2050, 1774, 311], [1277, 1373, 1996], [1947, 1960, 1614], [219, 2076, 1677], [1548, 1040, 564], [1649, 167, 1776], [217, 1793, 746],
[1604, 473, 480], [1414, 224, 1142], [1920, 1052, 1693], [1079, 1787, 1319], [74, 916, 1376], [754, 1548, 1188], [220, 1767, 1948], [581, 1999, 841], [1145, 1501, 1840], [1605, 402, 1485],
[1036, 690, 1958], [1516, 2104, 866], [1343, 560, 1918], [888, 323, 241], [891, 397, 1158], [120, 1151, 558], [2140, 56, 1009], [1941, 1469, 860], [1466, 467, 1045], [1158, 756, 132],
[495, 1792, 822], [305, 1993, 1611], [2003, 1188, 23], [1773, 760, 347], [2015, 1651, 1576], [1857, 455, 1412], [1099, 448, 1468], [2108, 241, 789], [820, 391, 2088], [550, 1549, 697],
[1514, 2044, 341], [188, 1033, 186], [483, 888, 58], [1339, 1345, 818], [1686, 2044, 322], [1946, 1753, 777], [1210, 1536, 2057], [1362, 1496, 982], [836, 1001, 1373], [1608, 235, 774],
[157, 1749, 1502], [1331, 621, 1219], [201, 1105, 791], [260, 296, 2137], [1910, 666, 717], [84, 464, 1155], [1694, 359, 543], [287, 1721, 2040], [1270, 1241, 1725], [495, 702, 1960],
[2102, 859, 1561], [140, 874, 34], [1360, 1908, 1971], [835, 20, 119], [824, 614, 785], [226, 1531, 2082], [1381, 1077, 293], [1924, 48, 698], [500, 1318, 1940], [909, 498, 494],
[721, 1284, 37], [966, 108, 1744], [1001, 152, 1504], [824, 988, 208], [1776, 496, 822], [1245, 722, 205], [1179, 2103, 2114], [156, 564, 15], [855, 1064, 17], [1479, 1974, 515],
[1973, 1379, 483]]
[[0, 2, 4, 0], [5, 10, 4, 0], [4, 8, 4, 8], [9, 10, 5, 6], [4, 2, 8, 6], [2, 5, 2, 4], [5, 1, 6, 9], [2, 1, 0, 2], [2, 2, 0, 7], [10, 3, 5, 1],
[9, 9, 10, 6], [6, 2, 1, 10], [4, 9, 3, 5], [1, 5, 9, 6], [6, 3, 2, 9], [2, 0, 9, 4], [0, 8, 9, 9], [9, 1, 10, 7], [10, 7, 2, 4], [10, 3, 1, 1],
[10, 5, 6, 1], [8, 3, 5, 2], [6, 6, 9, 6], [4, 7, 9, 5], [2, 7, 3, 0], [9, 2, 6, 6], [10, 8, 8, 7], [10, 10, 6, 7], [2, 2, 6, 10], [3, 10, 10, 9],
[5, 8, 2, 9], [3, 0, 1, 5], [6, 4, 4, 4], [5, 10, 8, 2], [5, 6, 7, 2], [5, 2, 10, 5], [4, 5, 2, 7], [4, 2, 3, 7], [10, 4, 6, 2], [4, 5, 6, 10],
[10, 8, 1, 2], [7, 10, 2, 1], [5, 9, 2, 8], [9, 1, 0, 1], [4, 2, 6, 7], [4, 8, 1, 2], [1, 5, 4, 5], [0, 8, 3, 8], [5, 4, 10, 10], [1, 10, 10, 4],
[6, 1, 10, 4], [2, 10, 5, 4], [2, 1, 9, 4], [9, 0, 6, 10], [5, 9, 2, 5], [6, 3, 2, 1], [6, 10, 0, 7], [9, 10, 10, 4], [9, 9, 7, 0], [9, 1, 3, 9],
[2, 1, 0, 9], [1, 7, 6, 5], [5, 9, 8, 9], [10, 0, 8, 5], [8, 7, 2, 5], [4, 10, 7, 3], [8, 3, 1, 4], [5, 4, 0, 5], [4, 1, 4, 3], [8, 8, 8, 0],
[6, 6, 9, 4], [4, 5, 9, 1], [1, 9, 4, 5], [8, 1, 6, 6], [4, 8, 8, 9], [10, 9, 2, 3], [10, 4, 7, 5], [1, 2, 5, 6], [6, 1, 10, 10], [6, 8, 10, 5],
[7, 3, 0, 2], [2, 4, 6, 7], [1, 4, 3, 1], [2, 5, 4, 1], [9, 9, 6, 0], [10, 9, 6, 5], [8, 5, 3, 2], [0, 0, 7, 5], [1, 5, 8, 4], [10, 3, 9, 0],
[7, 1, 10, 7], [5, 2, 8, 3], [0, 1, 1, 8], [8, 7, 1, 6], [10, 2, 8, 9], [2, 2, 3, 1], [8, 9, 3, 7], [0, 1, 5, 5], [1, 5, 2, 6], [7, 8, 9, 5],
[10, 0, 1, 5], [5, 2, 0, 3], [4, 6, 10, 4], [9, 2, 5, 6], [10, 9, 0, 10], [8, 3, 4, 9], [6, 6, 4, 0], [2, 1, 6, 1], [10, 5, 4, 2], [7, 5, 5, 9],
[9, 4, 2, 7], [5, 5, 0, 2], [1, 0, 1, 10], [2, 3, 6, 8], [8, 9, 9, 10], [10, 2, 9, 9], [7, 2, 0, 1], [5, 4, 10, 4], [6, 10, 0, 9], [2, 10, 0, 2],
[8, 1, 10, 10], [5, 5, 8, 2], [3, 6, 10, 2], [8, 8, 9, 2], [10, 10, 3, 3], [1, 0, 7, 7], [8, 5, 6, 10], [4, 6, 10, 2], [6, 9, 10, 9], [4, 7, 9, 5],
[0, 8, 8, 6], [5, 4, 8, 2], [1, 9, 5, 2], [7, 1, 10, 4], [5, 3, 2, 9], [7, 1, 9, 0], [0, 9, 9, 2], [3, 7, 7, 4], [4, 2, 8, 7], [7, 6, 10, 8],
[2, 2, 0, 10]]
[1, 0.05, 0.05, 0.05, 0.05, 0.05, 0.05, 0.05, 0.05, 0.05,
0.05, 0.05, 0.05, 0.05, 0.05, 0.05, 0.05, 0.05, 0.05, 0.05,
0.05, 0.0025, 0.0025, 0.0025, 0.0025, 0.0025, 0.0025, 0.0025, 0.0025, 0.0025,
0.0025, 0.0025, 0.0025, 0.0025, 0.0025, 0.0025, 0.0025, 0.0025, 0.0025, 0.0025,
0.0025, 0.000125, 0.000125, 0.000125, 0.000125, 0.000125, 0.000125, 0.000125, 0.000125, 0.000125,
0.000125, 0.000125, 0.000125, 0.000125, 0.000125, 0.000125, 0.000125, 0.000125, 0.000125, 0.000125,
0.000125, 6.25e-06, 6.25e-06, 6.25e-06, 6.25e-06, 6.25e-06, 6.25e-06, 6.25e-06, 6.25e-06, 6.25e-06,
6.25e-06, 6.25e-06, 6.25e-06, 6.25e-06, 6.25e-06, 6.25e-06, 6.25e-06, 6.25e-06, 6.25e-06, 6.25e-06,
6.25e-06, 3.125e-07, 3.125e-07, 3.125e-07, 3.125e-07, 3.125e-07, 3.125e-07, 3.125e-07, 3.125e-07, 3.125e-07,
3.125e-07, 3.125e-07, 3.125e-07, 3.125e-07, 3.125e-07, 3.125e-07, 3.125e-07, 3.125e-07, 3.125e-07, 3.125e-07,
3.125e-07, 1.5625e-08, 1.5625e-08, 1.5625e-08, 1.5625e-08, 1.5625e-08, 1.5625e-08, 1.5625e-08, 1.5625e-08, 1.5625e-08,
1.5625e-08, 1.5625e-08, 1.5625e-08, 1.5625e-08, 1.5625e-08, 1.5625e-08, 1.5625e-08, 1.5625e-08, 1.5625e-08, 1.5625e-08,
1.5625e-08, 7.8125e-10, 7.8125e-10, 7.8125e-10, 7.8125e-10, 7.8125e-10, 7.8125e-10, 7.8125e-10, 7.8125e-10, 7.8125e-10,
7.8125e-10, 7.8125e-10, 7.8125e-10, 7.8125e-10, 7.8125e-10, 7.8125e-10, 7.8125e-10, 7.8125e-10, 7.8125e-10, 7.8125e-10,
7.8125e-10]
[7, 2, 10, 5, 7, 1, 2, 4, 8, 8,
5, 2, 2, 8, 1, 4, 7, 10, 6, 4,
5, 9, 4, 0, 2, 10, 5, 3, 1, 0,
5, 8, 10, 3, 7, 4, 0, 6, 3, 3,
9, 7, 1, 9, 6, 2, 2, 9, 4, 2,
7, 0, 7, 7, 8, 1, 10, 8, 5, 1,
2, 7, 1, 1, 3, 4, 10, 2, 6, 2,
4, 7, 9, 0, 8, 10, 0, 1, 9, 5,
3, 10, 10, 6, 7, 4, 10, 9, 2, 8,
6, 7, 1, 6, 6, 10, 7, 8, 8, 8,
10, 10, 10, 4, 2, 7, 7, 1, 9, 4,
7, 0, 10, 7, 8, 6, 2, 3, 0, 9,
5, 8, 8, 4, 4, 8, 7, 0, 5, 9,
8, 8, 5, 8, 4, 5, 10, 5, 10, 1,
4]
------------------------------------------------------- 
# stage = 8	# children c = 20	length of each stage p = 1	nodes = 140	# items I = 1
