[50, 73, 77, 27, 57, 30, 59, 22, 98, 31,
4, 98, 23, 57, 22, 23, 80, 93, 26, 33,
63, 96, 95, 18, 4, 86, 61, 24, 93, 7,
7, 42, 80, 51, 35, 2, 47, 94, 24, 45,
91, 95, 8, 13, 18, 31, 2, 98, 23, 29,
30]
[[1091, 2223, 489], [783, 1450, 3265], [3815, 511, 1069], [1573, 2328, 1042], [410, 563, 1831], [1669, 3014, 1616], [3365, 2232, 1310], [390, 1998, 2005], [1114, 2067, 624], [2991, 1457, 3072],
[2325, 2548, 1839], [3406, 3923, 3882], [2623, 3691, 345], [237, 1216, 3265], [1279, 2218, 372], [3703, 3888, 3387], [1863, 3205, 1571], [3173, 140, 113], [1722, 1254, 2180], [2346, 789, 3637],
[1962, 3706, 2729], [346, 3064, 2605], [180, 2231, 2840], [1117, 2468, 600], [335, 292, 2819], [707, 3995, 3251], [638, 1810, 3000], [2801, 1527, 3140], [2914, 3249, 938], [1639, 2140, 2319],
[1820, 646, 1977], [1094, 1584, 993], [3699, 2356, 3817], [3083, 18, 2237], [227, 945, 3121], [3638, 2244, 3068], [3433, 2883, 1422], [2386, 1636, 2949], [2070, 1095, 2743], [3009, 3326, 1427],
[1872, 1098, 2665], [3850, 2192, 794], [1387, 2435, 3150], [1156, 2062, 3168], [3986, 2290, 657], [3059, 2472, 2902], [2672, 1858, 1737], [46, 196, 3965], [3588, 2858, 1604], [2875, 1819, 882],
[846, 236, 1981]]
[[8, 4, 7, 9], [1, 9, 1, 9], [7, 2, 1, 6], [2, 4, 4, 8], [5, 1, 8, 7], [0, 1, 2, 6], [9, 10, 4, 4], [5, 3, 8, 2], [8, 2, 1, 7], [0, 2, 5, 5],
[2, 6, 0, 4], [9, 2, 10, 1], [3, 5, 6, 2], [7, 8, 8, 3], [6, 10, 6, 0], [3, 1, 2, 9], [3, 3, 5, 1], [3, 8, 6, 5], [1, 6, 7, 10], [6, 5, 0, 10],
[10, 6, 1, 4], [2, 7, 6, 8], [6, 1, 6, 7], [0, 8, 5, 3], [10, 8, 4, 2], [5, 8, 6, 7], [3, 0, 4, 7], [5, 5, 4, 5], [9, 3, 7, 9], [10, 2, 4, 4],
[3, 10, 0, 3], [6, 6, 4, 5], [1, 6, 5, 7], [3, 9, 1, 4], [10, 5, 1, 4], [8, 5, 7, 7], [9, 4, 5, 8], [6, 10, 1, 8], [7, 2, 0, 2], [6, 3, 7, 5],
[9, 0, 10, 2], [9, 0, 6, 8], [4, 7, 2, 1], [2, 9, 6, 9], [0, 10, 6, 7], [7, 6, 4, 3], [6, 2, 6, 10], [5, 0, 4, 4], [0, 4, 6, 8], [2, 10, 5, 6],
[7, 5, 6, 7]]
[1, 0.1, 0.1, 0.1, 0.1, 0.1, 0.1, 0.1, 0.1, 0.1,
0.1, 0.01, 0.01, 0.01, 0.01, 0.01, 0.01, 0.01, 0.01, 0.01,
0.01, 0.001, 0.001, 0.001, 0.001, 0.001, 0.001, 0.001, 0.001, 0.001,
0.001, 0.0001, 0.0001, 0.0001, 0.0001, 0.0001, 0.0001, 0.0001, 0.0001, 0.0001,
0.0001, 1e-05, 1e-05, 1e-05, 1e-05, 1e-05, 1e-05, 1e-05, 1e-05, 1e-05,
1e-05]
[16, 5, 16, 13, 18, 10, 2, 4, 0, 12,
4, 12, 18, 13, 7, 18, 0, 4, 2, 11,
19, 1, 12, 5, 18, 15, 0, 1, 11, 3,
11, 18, 0, 2, 17, 20, 14, 13, 2, 13,
13, 0, 12, 5, 11, 19, 7, 10, 14, 7,
5]
------------------------------------------------------- 
# stage = 6	# children c = 10	length of each stage p = 1	nodes = 50	# items I = 1
