[29, 36, 65, 98, 92, 14, 24, 78, 61, 74,
13, 99, 46, 1, 39, 88, 50, 72, 92, 71,
19, 67, 57, 7, 16, 44, 24, 71, 93, 61,
23, 88, 63, 89, 86, 54, 2, 76, 98, 29,
49, 77, 28, 62, 44, 33, 15, 95, 71, 73,
65, 57, 39, 88, 64, 56, 99, 55, 93, 91,
82, 83, 78, 44, 37, 29, 65, 39, 5, 28,
35, 20, 5, 29, 82, 49, 28, 98, 43, 66,
36, 74, 22, 76, 28, 52, 98, 26, 73, 90,
83, 20, 72, 26, 31, 8, 56, 96, 14, 27,
90]
[[1699, 1246, 71], [2064, 2329, 3839], [635, 479, 1176], [1202, 291, 249], [1520, 884, 262], [3951, 4071, 3376], [1703, 2241, 3564], [2998, 530, 4002], [818, 2099, 3790], [3967, 631, 2573],
[2754, 2330, 3820], [2825, 3366, 2006], [1493, 2974, 1457], [1641, 33, 1749], [1890, 1554, 2633], [2152, 334, 2561], [358, 2037, 3774], [2894, 4007, 3276], [1725, 3798, 204], [1372, 3622, 836],
[3946, 2233, 2138], [3623, 4030, 1362], [458, 352, 193], [1916, 1994, 3341], [3665, 3884, 3867], [1127, 866, 58], [2660, 196, 1067], [1263, 2062, 932], [396, 3787, 587], [600, 1016, 66],
[408, 819, 1271], [2547, 3414, 1158], [2881, 3873, 482], [3074, 618, 2476], [1244, 3255, 1190], [969, 3354, 1028], [1027, 1871, 1224], [2095, 2106, 3286], [1999, 1474, 1902], [2586, 1046, 2918],
[1624, 1455, 2710], [2895, 2974, 953], [3025, 1712, 683], [2479, 3758, 273], [813, 859, 3528], [975, 1828, 2739], [2003, 1828, 3582], [2199, 3923, 1545], [314, 1779, 3019], [2216, 3337, 3038],
[991, 3933, 350], [2673, 1657, 2296], [3627, 3654, 4008], [3282, 1990, 2595], [3556, 2803, 3454], [2941, 2750, 112], [510, 610, 1940], [4092, 1781, 692], [467, 2095, 1443], [3486, 168, 3752],
[1353, 1160, 3542], [675, 2805, 1056], [2971, 2289, 567], [1808, 1429, 2557], [260, 3957, 190], [2687, 2755, 2940], [1771, 3265, 2523], [3711, 2187, 161], [3375, 2654, 2257], [675, 969, 2425],
[3399, 2323, 2557], [2798, 2998, 192], [2826, 1827, 2481], [2365, 2607, 2882], [3894, 2868, 2696], [4084, 384, 281], [1854, 2155, 2518], [3349, 695, 562], [2482, 4070, 3216], [596, 3717, 3158],
[1994, 2973, 1338], [3523, 600, 193], [3715, 3426, 992], [1026, 1648, 3600], [2880, 1399, 1297], [1434, 313, 1681], [687, 1139, 3836], [3205, 345, 388], [2740, 1799, 315], [785, 2396, 3004],
[3943, 3362, 806], [1138, 1714, 1406], [304, 259, 689], [1296, 257, 1309], [3868, 3137, 2708], [1022, 3543, 1993], [2703, 87, 3132], [1368, 2265, 2449], [1756, 3977, 106], [1043, 619, 1474],
[4047, 420, 3808]]
[[7, 9, 3, 1], [2, 3, 0, 1], [9, 7, 5, 6], [1, 3, 3, 0], [0, 7, 9, 1], [6, 0, 6, 1], [10, 1, 5, 7], [7, 7, 2, 3], [4, 4, 2, 4], [7, 0, 3, 5],
[8, 6, 9, 7], [10, 10, 7, 10], [6, 6, 9, 1], [4, 3, 1, 1], [4, 4, 6, 0], [10, 8, 1, 1], [10, 1, 3, 6], [1, 6, 10, 9], [1, 8, 4, 9], [8, 0, 7, 1],
[4, 5, 1, 8], [6, 0, 7, 10], [4, 2, 8, 3], [9, 7, 4, 8], [8, 5, 2, 8], [0, 1, 6, 0], [9, 10, 9, 4], [9, 5, 6, 2], [9, 7, 0, 4], [7, 5, 2, 9],
[8, 8, 2, 4], [3, 4, 10, 9], [10, 1, 6, 8], [0, 0, 8, 8], [8, 5, 1, 6], [8, 5, 9, 6], [10, 7, 9, 4], [1, 9, 3, 7], [4, 3, 9, 5], [5, 9, 4, 2],
[10, 10, 0, 9], [10, 6, 6, 6], [9, 5, 1, 7], [0, 8, 0, 10], [4, 7, 4, 4], [3, 5, 9, 8], [8, 8, 2, 0], [6, 4, 3, 3], [4, 1, 10, 1], [5, 5, 7, 4],
[0, 7, 0, 0], [4, 9, 8, 7], [6, 10, 9, 9], [4, 5, 4, 10], [2, 7, 0, 6], [9, 1, 8, 2], [2, 7, 2, 7], [0, 7, 0, 0], [3, 9, 9, 6], [8, 4, 0, 1],
[4, 9, 10, 6], [3, 4, 4, 4], [9, 4, 8, 7], [5, 3, 8, 5], [0, 8, 1, 9], [4, 0, 7, 6], [7, 5, 10, 4], [7, 10, 5, 9], [6, 3, 5, 7], [5, 9, 0, 3],
[0, 9, 8, 3], [10, 3, 8, 10], [9, 7, 6, 3], [7, 2, 7, 4], [5, 6, 6, 2], [3, 10, 0, 9], [2, 3, 5, 7], [1, 4, 8, 10], [0, 3, 2, 10], [7, 10, 10, 5],
[5, 3, 6, 1], [6, 0, 3, 9], [6, 8, 0, 9], [7, 10, 5, 7], [2, 0, 3, 2], [4, 9, 1, 4], [1, 2, 3, 6], [10, 0, 10, 4], [4, 5, 4, 8], [6, 5, 6, 10],
[2, 5, 7, 7], [4, 1, 3, 4], [1, 6, 6, 3], [4, 6, 7, 4], [8, 9, 10, 5], [7, 9, 10, 0], [2, 3, 6, 8], [6, 2, 5, 9], [7, 10, 5, 9], [1, 9, 2, 0],
[2, 9, 2, 5]]
[1, 0.05, 0.05, 0.05, 0.05, 0.05, 0.05, 0.05, 0.05, 0.05,
0.05, 0.05, 0.05, 0.05, 0.05, 0.05, 0.05, 0.05, 0.05, 0.05,
0.05, 0.0025, 0.0025, 0.0025, 0.0025, 0.0025, 0.0025, 0.0025, 0.0025, 0.0025,
0.0025, 0.0025, 0.0025, 0.0025, 0.0025, 0.0025, 0.0025, 0.0025, 0.0025, 0.0025,
0.0025, 0.000125, 0.000125, 0.000125, 0.000125, 0.000125, 0.000125, 0.000125, 0.000125, 0.000125,
0.000125, 0.000125, 0.000125, 0.000125, 0.000125, 0.000125, 0.000125, 0.000125, 0.000125, 0.000125,
0.000125, 6.25e-06, 6.25e-06, 6.25e-06, 6.25e-06, 6.25e-06, 6.25e-06, 6.25e-06, 6.25e-06, 6.25e-06,
6.25e-06, 6.25e-06, 6.25e-06, 6.25e-06, 6.25e-06, 6.25e-06, 6.25e-06, 6.25e-06, 6.25e-06, 6.25e-06,
6.25e-06, 3.125e-07, 3.125e-07, 3.125e-07, 3.125e-07, 3.125e-07, 3.125e-07, 3.125e-07, 3.125e-07, 3.125e-07,
3.125e-07, 3.125e-07, 3.125e-07, 3.125e-07, 3.125e-07, 3.125e-07, 3.125e-07, 3.125e-07, 3.125e-07, 3.125e-07,
3.125e-07]
[19, 11, 17, 11, 15, 5, 1, 17, 19, 18,
6, 1, 2, 3, 12, 13, 0, 0, 3, 11,
0, 1, 1, 7, 0, 13, 10, 4, 18, 7,
8, 18, 3, 0, 7, 1, 4, 4, 18, 5,
14, 1, 8, 13, 9, 11, 18, 2, 2, 2,
12, 15, 5, 1, 9, 18, 20, 4, 19, 7,
11, 3, 3, 5, 3, 14, 8, 9, 3, 11,
13, 11, 0, 16, 5, 5, 18, 3, 9, 2,
12, 3, 0, 10, 19, 12, 4, 20, 15, 3,
15, 14, 15, 8, 3, 13, 4, 13, 6, 4,
20]
------------------------------------------------------- 
# stage = 6	# children c = 20	length of each stage p = 1	nodes = 100	# items I = 1
