[95, 22, 54, 46, 41, 7, 67, 80, 9, 47,
97, 75, 75, 58, 62, 56, 95, 3, 65, 67,
61, 61, 12, 69, 92, 39, 55, 8, 100, 32,
59, 94, 55, 79, 5, 62, 86, 72, 7, 61,
18, 3, 1, 60, 27, 64, 82, 88, 67, 12,
54, 94, 39, 67, 63, 31, 72, 84, 39, 71,
16]
[[378, 3163, 3383], [1863, 2823, 3653], [348, 2864, 473], [2129, 1578, 1498], [3096, 3400, 1302], [2746, 1149, 2074], [3701, 2437, 68], [3409, 42, 3748], [3031, 72, 3741], [395, 890, 859],
[2850, 1268, 2822], [1269, 3132, 1881], [1158, 3480, 3546], [431, 645, 160], [1929, 3741, 2360], [2031, 2723, 3509], [341, 1460, 983], [2973, 1105, 1025], [2957, 2937, 1097], [2934, 3332, 1987],
[29, 2418, 2056], [1651, 3687, 1424], [3533, 3645, 3704], [3315, 312, 585], [2275, 1042, 562], [871, 3073, 2085], [3180, 2215, 3545], [399, 1424, 3451], [1424, 618, 2624], [1322, 2352, 992],
[3309, 1182, 3411], [1601, 2833, 2134], [1825, 1402, 816], [1765, 3517, 3692], [1150, 2028, 3534], [512, 2899, 2844], [2597, 1116, 95], [1179, 1515, 319], [866, 1740, 937], [2290, 3062, 2090],
[3282, 1407, 2072], [1729, 1809, 1141], [2664, 2434, 1344], [3480, 436, 1097], [3408, 386, 1926], [3179, 899, 3625], [1059, 2296, 977], [3718, 2275, 1293], [273, 1941, 3033], [11, 467, 1131],
[2101, 3750, 2538], [2973, 515, 3147], [2914, 3179, 1818], [494, 1695, 1054], [1592, 140, 1440], [3518, 2119, 1139], [2179, 1978, 3436], [3157, 1932, 1947], [686, 2205, 125], [3719, 2216, 592],
[1086, 3117, 3142]]
[[10, 4, 10, 6], [1, 1, 10, 4], [3, 3, 6, 7], [4, 5, 4, 10], [0, 7, 3, 7], [10, 5, 10, 10], [7, 7, 7, 2], [8, 3, 3, 5], [5, 0, 0, 4], [1, 10, 8, 2],
[0, 1, 10, 4], [7, 1, 2, 5], [6, 3, 10, 3], [8, 9, 2, 5], [3, 7, 5, 0], [8, 6, 5, 2], [6, 3, 4, 5], [0, 10, 8, 0], [1, 5, 3, 6], [4, 5, 9, 10],
[8, 8, 3, 3], [5, 3, 6, 6], [9, 9, 7, 6], [4, 10, 7, 8], [1, 9, 3, 1], [9, 9, 2, 10], [3, 5, 3, 7], [8, 1, 4, 3], [7, 5, 6, 10], [9, 2, 6, 7],
[9, 0, 0, 3], [8, 5, 0, 9], [4, 1, 0, 2], [10, 2, 10, 0], [5, 2, 5, 2], [3, 10, 5, 8], [4, 9, 8, 0], [9, 1, 7, 8], [1, 6, 0, 9], [0, 9, 8, 4],
[9, 6, 4, 6], [6, 3, 7, 0], [5, 1, 0, 6], [9, 3, 4, 3], [1, 10, 3, 0], [9, 9, 8, 10], [2, 6, 6, 2], [2, 1, 5, 9], [7, 9, 5, 2], [2, 1, 0, 7],
[0, 0, 1, 10], [3, 3, 0, 3], [2, 1, 3, 9], [8, 9, 8, 10], [2, 3, 0, 2], [3, 3, 1, 10], [1, 6, 2, 1], [5, 2, 7, 5], [1, 8, 2, 4], [0, 2, 5, 0],
[2, 8, 7, 10]]
[1, 0.05, 0.05, 0.05, 0.05, 0.05, 0.05, 0.05, 0.05, 0.05,
0.05, 0.05, 0.05, 0.05, 0.05, 0.05, 0.05, 0.05, 0.05, 0.05,
0.05, 0.0025, 0.0025, 0.0025, 0.0025, 0.0025, 0.0025, 0.0025, 0.0025, 0.0025,
0.0025, 0.0025, 0.0025, 0.0025, 0.0025, 0.0025, 0.0025, 0.0025, 0.0025, 0.0025,
0.0025, 0.000125, 0.000125, 0.000125, 0.000125, 0.000125, 0.000125, 0.000125, 0.000125, 0.000125,
0.000125, 0.000125, 0.000125, 0.000125, 0.000125, 0.000125, 0.000125, 0.000125, 0.000125, 0.000125,
0.000125]
[15, 0, 13, 18, 6, 14, 8, 18, 18, 15,
2, 7, 2, 15, 4, 0, 11, 5, 15, 14,
14, 17, 17, 17, 1, 18, 3, 4, 10, 7,
17, 10, 8, 7, 13, 1, 2, 9, 12, 13,
18, 14, 12, 2, 12, 16, 14, 14, 13, 3,
17, 13, 1, 16, 4, 5, 16, 3, 12, 14,
11]
------------------------------------------------------- 
# stage = 4	# children c = 20	length of each stage p = 1	nodes = 60	# items I = 1
