[58, 51, 79, 7, 5, 18, 37, 72, 61, 83,
43, 78, 37, 6, 64, 83, 96, 59, 33, 0,
4, 9, 69, 12, 34, 24, 84, 96, 36, 13,
29, 61, 64, 74, 34, 69, 92, 71, 6, 52,
53, 49, 97, 57, 55, 26, 39, 17, 51, 39,
17, 55, 48, 52, 68, 48, 76, 17, 10, 79,
31, 5, 39, 61, 80, 73, 97, 37, 9, 2,
56, 29, 52, 52, 86, 73, 44, 91, 90, 95,
29, 7, 50, 44, 59, 84, 58, 1, 0, 68,
80, 31, 74, 18, 93, 53, 57, 89, 56, 66,
91]
[[404, 809, 433], [29, 839, 840], [576, 106, 409], [653, 399, 328], [617, 859, 22], [309, 655, 500], [56, 106, 310], [687, 274, 164], [490, 100, 620], [729, 16, 471],
[426, 421, 398], [860, 450, 355], [818, 394, 462], [596, 165, 229], [292, 151, 206], [314, 710, 861], [183, 134, 335], [493, 821, 859], [657, 429, 77], [646, 526, 94],
[485, 71, 515], [1, 299, 333], [606, 235, 728], [436, 199, 261], [665, 492, 412], [871, 806, 490], [218, 357, 624], [804, 219, 563], [781, 876, 361], [859, 8, 5],
[71, 493, 326], [836, 744, 625], [537, 469, 229], [633, 23, 428], [13, 689, 38], [675, 46, 213], [284, 515, 570], [26, 437, 789], [840, 336, 152], [319, 563, 160],
[574, 634, 22], [19, 838, 766], [644, 744, 353], [873, 495, 627], [420, 508, 684], [708, 302, 98], [39, 836, 613], [610, 862, 418], [767, 820, 755], [37, 507, 436],
[448, 200, 439], [470, 219, 645], [354, 231, 507], [76, 473, 121], [71, 11, 879], [755, 87, 549], [853, 127, 503], [835, 105, 734], [371, 872, 672], [494, 28, 548],
[299, 476, 748], [738, 314, 335], [751, 36, 816], [627, 112, 407], [116, 433, 668], [113, 306, 756], [31, 528, 1], [534, 481, 106], [386, 852, 96], [427, 715, 374],
[343, 132, 218], [209, 238, 532], [794, 107, 569], [728, 102, 49], [254, 218, 483], [40, 332, 789], [164, 613, 685], [165, 265, 284], [521, 20, 505], [868, 697, 338],
[610, 158, 470], [829, 617, 708], [479, 529, 183], [166, 375, 286], [466, 879, 504], [67, 288, 204], [224, 452, 817], [28, 868, 451], [312, 507, 471], [817, 743, 536],
[523, 472, 694], [111, 419, 429], [819, 266, 326], [121, 683, 69], [657, 267, 67], [279, 584, 355], [484, 808, 175], [669, 204, 161], [238, 767, 669], [77, 70, 780],
[613, 594, 370]]
[[0, 3, 10, 4], [7, 10, 3, 3], [0, 7, 2, 9], [1, 7, 5, 5], [8, 7, 8, 4], [5, 1, 5, 0], [6, 4, 6, 1], [0, 9, 0, 0], [2, 9, 3, 9], [8, 4, 10, 6],
[0, 0, 5, 10], [7, 10, 4, 4], [6, 0, 7, 9], [10, 1, 7, 5], [6, 2, 6, 6], [0, 4, 4, 2], [2, 5, 10, 8], [10, 7, 4, 8], [7, 7, 8, 4], [4, 10, 6, 8],
[10, 2, 6, 7], [4, 2, 1, 8], [4, 5, 1, 2], [10, 5, 3, 10], [9, 2, 8, 8], [9, 10, 5, 4], [4, 2, 8, 8], [0, 1, 5, 8], [4, 0, 5, 6], [0, 6, 3, 2],
[1, 2, 4, 0], [5, 7, 10, 3], [7, 5, 0, 4], [2, 4, 8, 6], [4, 3, 1, 4], [4, 6, 2, 8], [4, 7, 1, 2], [0, 2, 4, 1], [4, 7, 10, 10], [1, 8, 2, 9],
[2, 1, 2, 3], [3, 10, 7, 7], [0, 9, 1, 4], [2, 1, 0, 5], [6, 1, 7, 6], [4, 10, 8, 8], [4, 5, 5, 5], [2, 6, 1, 5], [5, 1, 6, 8], [9, 2, 4, 9],
[9, 3, 3, 1], [2, 3, 4, 8], [2, 9, 2, 6], [8, 8, 2, 1], [2, 5, 5, 5], [0, 4, 8, 3], [6, 3, 0, 4], [3, 3, 3, 2], [4, 4, 1, 7], [7, 5, 2, 7],
[3, 4, 3, 10], [1, 3, 9, 2], [8, 3, 7, 7], [8, 4, 10, 1], [5, 0, 5, 8], [1, 6, 10, 5], [10, 9, 10, 4], [3, 2, 1, 7], [4, 2, 6, 6], [5, 2, 8, 0],
[6, 2, 7, 1], [6, 5, 0, 9], [3, 5, 6, 4], [10, 4, 7, 7], [2, 7, 1, 4], [9, 0, 9, 2], [2, 2, 6, 5], [4, 1, 3, 8], [1, 9, 9, 7], [3, 7, 3, 4],
[2, 10, 8, 10], [1, 4, 6, 1], [9, 5, 5, 7], [5, 3, 8, 5], [5, 1, 8, 8], [3, 1, 5, 4], [10, 2, 10, 0], [9, 0, 4, 9], [8, 10, 8, 9], [1, 4, 9, 0],
[9, 3, 5, 2], [5, 0, 7, 8], [2, 5, 5, 3], [4, 0, 5, 1], [0, 2, 1, 9], [3, 3, 8, 0], [0, 3, 10, 1], [5, 8, 10, 2], [9, 3, 4, 1], [3, 9, 10, 5],
[3, 2, 8, 5]]
[1, 0.05, 0.05, 0.05, 0.05, 0.05, 0.05, 0.05, 0.05, 0.05,
0.05, 0.05, 0.05, 0.05, 0.05, 0.05, 0.05, 0.05, 0.05, 0.05,
0.05, 0.0025, 0.0025, 0.0025, 0.0025, 0.0025, 0.0025, 0.0025, 0.0025, 0.0025,
0.0025, 0.0025, 0.0025, 0.0025, 0.0025, 0.0025, 0.0025, 0.0025, 0.0025, 0.0025,
0.0025, 0.000125, 0.000125, 0.000125, 0.000125, 0.000125, 0.000125, 0.000125, 0.000125, 0.000125,
0.000125, 0.000125, 0.000125, 0.000125, 0.000125, 0.000125, 0.000125, 0.000125, 0.000125, 0.000125,
0.000125, 6.25e-06, 6.25e-06, 6.25e-06, 6.25e-06, 6.25e-06, 6.25e-06, 6.25e-06, 6.25e-06, 6.25e-06,
6.25e-06, 6.25e-06, 6.25e-06, 6.25e-06, 6.25e-06, 6.25e-06, 6.25e-06, 6.25e-06, 6.25e-06, 6.25e-06,
6.25e-06, 3.125e-07, 3.125e-07, 3.125e-07, 3.125e-07, 3.125e-07, 3.125e-07, 3.125e-07, 3.125e-07, 3.125e-07,
3.125e-07, 3.125e-07, 3.125e-07, 3.125e-07, 3.125e-07, 3.125e-07, 3.125e-07, 3.125e-07, 3.125e-07, 3.125e-07,
3.125e-07]
[3, 6, 3, 4, 4, 6, 4, 8, 1, 2,
3, 1, 3, 1, 6, 5, 7, 3, 7, 8,
0, 6, 8, 1, 8, 7, 0, 2, 3, 6,
5, 2, 0, 8, 8, 7, 0, 8, 7, 7,
1, 5, 0, 1, 1, 5, 5, 3, 8, 2,
6, 2, 1, 3, 5, 5, 3, 4, 7, 8,
2, 8, 0, 1, 1, 0, 0, 2, 8, 2,
6, 0, 4, 4, 8, 7, 5, 6, 4, 0,
6, 2, 0, 7, 8, 0, 3, 4, 3, 8,
1, 2, 1, 8, 4, 8, 7, 7, 4, 3,
3]
------------------------------------------------------- 
# stage = 6	# children c = 20	length of each stage p = 1	nodes = 100	# items I = 1
