[47, 66, 46, 3, 72, 52, 41, 14, 96, 75,
40, 85, 42, 100, 15, 46, 62, 60, 35, 83,
48, 58, 89, 4, 72, 12, 98, 7, 62, 70,
43, 75, 36, 55, 79, 74, 6, 86, 88, 1,
26, 27, 53, 34, 93, 68, 80, 20, 94, 81,
2, 8, 38, 57, 12, 76, 69, 9, 83, 31,
79, 93, 5, 81, 47, 50, 20, 20, 35, 7,
88, 61, 0, 6, 95, 93, 75, 75, 12, 34,
55]
[[1048, 1334, 1207], [842, 979, 123], [1635, 1124, 108], [772, 1660, 99], [976, 501, 1070], [148, 1615, 169], [610, 452, 17], [510, 963, 315], [1683, 1000, 550], [171, 1452, 1571],
[869, 746, 1093], [322, 1530, 260], [445, 1412, 1385], [496, 430, 1291], [595, 1348, 38], [1665, 1439, 1653], [80, 237, 293], [39, 747, 1198], [354, 619, 444], [905, 790, 142],
[664, 1659, 830], [3, 169, 549], [263, 557, 207], [1648, 1053, 579], [1185, 1648, 115], [1166, 1501, 1496], [1007, 1581, 1733], [1301, 1620, 669], [687, 162, 1288], [1074, 1067, 266],
[1158, 1673, 172], [235, 1676, 283], [784, 186, 782], [933, 22, 81], [1454, 1150, 1671], [1511, 562, 1418], [1254, 1511, 1187], [1175, 1000, 995], [32, 1688, 1158], [1320, 1008, 413],
[1587, 412, 333], [1701, 589, 255], [172, 1373, 383], [955, 494, 348], [978, 194, 1498], [896, 1648, 248], [502, 1148, 5], [1690, 511, 1006], [873, 544, 882], [277, 52, 78],
[691, 1581, 432], [1024, 1470, 1022], [1221, 1643, 583], [1547, 844, 1078], [141, 10, 1214], [1581, 906, 1108], [75, 1351, 444], [22, 1229, 956], [1028, 348, 1442], [98, 626, 1494],
[176, 1259, 1322], [609, 471, 1038], [1573, 1634, 927], [402, 1427, 1713], [1422, 1510, 1724], [825, 1337, 818], [121, 1412, 357], [566, 1435, 1586], [1464, 651, 181], [1152, 750, 749],
[892, 868, 196], [460, 1419, 667], [1441, 1238, 547], [614, 1641, 163], [516, 1251, 1673], [428, 322, 1257], [1188, 444, 857], [1546, 952, 480], [1378, 662, 1132], [1501, 2, 70],
[438, 836, 938]]
[[2, 4, 5, 10], [3, 6, 5, 3], [10, 4, 4, 9], [2, 3, 1, 7], [1, 1, 7, 9], [3, 2, 0, 9], [10, 5, 2, 0], [2, 1, 1, 2], [3, 4, 10, 7], [0, 3, 8, 10],
[5, 1, 8, 7], [3, 9, 4, 4], [9, 9, 0, 10], [9, 0, 8, 8], [4, 0, 6, 4], [10, 8, 6, 2], [1, 4, 7, 10], [7, 5, 9, 1], [4, 4, 7, 7], [1, 9, 0, 10],
[5, 10, 9, 3], [10, 4, 10, 3], [4, 5, 7, 3], [0, 1, 4, 2], [5, 0, 1, 10], [3, 9, 9, 8], [2, 3, 2, 3], [1, 1, 0, 4], [0, 7, 8, 10], [1, 5, 1, 5],
[8, 6, 7, 9], [7, 0, 0, 10], [9, 10, 7, 0], [6, 6, 6, 9], [7, 8, 10, 7], [9, 9, 0, 9], [5, 6, 7, 4], [0, 8, 10, 9], [1, 4, 5, 9], [2, 3, 6, 9],
[2, 1, 9, 9], [5, 4, 5, 1], [2, 2, 8, 9], [0, 9, 6, 4], [4, 0, 8, 3], [8, 5, 10, 7], [9, 4, 3, 9], [7, 10, 8, 7], [0, 4, 3, 5], [9, 6, 4, 9],
[9, 2, 5, 7], [0, 0, 0, 2], [0, 7, 3, 6], [1, 2, 3, 9], [4, 6, 7, 9], [3, 2, 6, 1], [7, 9, 4, 3], [5, 9, 10, 1], [9, 4, 8, 7], [3, 7, 9, 3],
[3, 2, 8, 4], [2, 9, 0, 7], [2, 6, 3, 4], [8, 9, 3, 2], [6, 8, 5, 9], [4, 4, 10, 0], [7, 5, 7, 10], [1, 5, 0, 2], [5, 8, 5, 6], [4, 5, 0, 7],
[0, 3, 9, 9], [0, 1, 9, 6], [7, 2, 2, 9], [6, 10, 9, 2], [4, 5, 1, 4], [9, 0, 6, 3], [8, 0, 7, 0], [4, 7, 5, 4], [9, 3, 0, 9], [4, 10, 2, 10],
[1, 4, 8, 5]]
[1, 0.05, 0.05, 0.05, 0.05, 0.05, 0.05, 0.05, 0.05, 0.05,
0.05, 0.05, 0.05, 0.05, 0.05, 0.05, 0.05, 0.05, 0.05, 0.05,
0.05, 0.0025, 0.0025, 0.0025, 0.0025, 0.0025, 0.0025, 0.0025, 0.0025, 0.0025,
0.0025, 0.0025, 0.0025, 0.0025, 0.0025, 0.0025, 0.0025, 0.0025, 0.0025, 0.0025,
0.0025, 0.000125, 0.000125, 0.000125, 0.000125, 0.000125, 0.000125, 0.000125, 0.000125, 0.000125,
0.000125, 0.000125, 0.000125, 0.000125, 0.000125, 0.000125, 0.000125, 0.000125, 0.000125, 0.000125,
0.000125, 6.25e-06, 6.25e-06, 6.25e-06, 6.25e-06, 6.25e-06, 6.25e-06, 6.25e-06, 6.25e-06, 6.25e-06,
6.25e-06, 6.25e-06, 6.25e-06, 6.25e-06, 6.25e-06, 6.25e-06, 6.25e-06, 6.25e-06, 6.25e-06, 6.25e-06,
6.25e-06]
[1, 7, 4, 8, 7, 6, 8, 8, 5, 6,
7, 6, 2, 5, 8, 8, 8, 3, 6, 6,
6, 0, 4, 4, 1, 3, 7, 3, 1, 5,
4, 5, 2, 4, 7, 0, 0, 3, 6, 6,
7, 4, 6, 3, 3, 4, 4, 8, 3, 0,
3, 1, 5, 7, 2, 8, 0, 6, 7, 0,
7, 5, 1, 5, 8, 4, 1, 3, 7, 0,
1, 7, 8, 2, 3, 3, 5, 0, 4, 2,
7]
------------------------------------------------------- 
# stage = 5	# children c = 20	length of each stage p = 1	nodes = 80	# items I = 1
