[90, 58, 62, 65, 11, 58, 34, 37, 71, 97,
37, 50, 26, 84, 6, 86, 64, 24, 30, 29,
36, 74, 58, 96, 19, 71, 40, 98, 96, 82,
97, 51, 39, 59, 16, 51, 83, 50, 54, 53,
46, 57, 3, 39, 40, 9, 24, 3, 100, 20,
100, 35, 94, 57, 97, 12, 94, 3, 9, 89,
85, 6, 40, 90, 31, 56, 6, 13, 72, 26,
67, 85, 84, 36, 23, 90, 11, 13, 60, 10,
33, 59, 45, 26, 15, 8, 5, 8, 11, 81,
98, 62, 87, 3, 51, 84, 59, 58, 98, 97,
84, 64, 81, 33, 66, 70, 23, 77, 83, 83,
87, 15, 41, 98, 8, 22, 5, 13, 97, 83,
94]
[[40, 556, 64], [577, 433, 370], [465, 873, 4], [904, 216, 65], [938, 154, 237], [542, 494, 599], [680, 439, 129], [765, 779, 971], [433, 416, 739], [386, 338, 245],
[514, 128, 801], [578, 705, 984], [698, 921, 839], [452, 556, 805], [517, 225, 959], [754, 768, 185], [84, 429, 624], [213, 944, 135], [934, 109, 551], [655, 495, 639],
[650, 1009, 767], [182, 318, 204], [916, 1016, 875], [736, 449, 412], [272, 716, 638], [982, 202, 137], [148, 286, 566], [522, 250, 241], [657, 165, 350], [958, 570, 846],
[578, 970, 586], [77, 133, 905], [31, 31, 652], [906, 517, 852], [49, 540, 549], [437, 503, 751], [574, 401, 788], [890, 923, 788], [882, 312, 953], [213, 251, 255],
[809, 580, 206], [127, 657, 90], [13, 688, 121], [415, 325, 388], [248, 374, 928], [548, 562, 412], [280, 117, 563], [818, 758, 468], [587, 621, 780], [272, 584, 781],
[527, 125, 342], [483, 252, 749], [323, 15, 418], [444, 430, 493], [583, 429, 618], [492, 977, 161], [655, 1007, 28], [199, 557, 536], [417, 125, 138], [947, 397, 473],
[710, 674, 598], [802, 908, 850], [533, 212, 615], [701, 407, 26], [176, 990, 205], [794, 213, 163], [705, 618, 921], [733, 818, 459], [251, 985, 584], [139, 914, 732],
[362, 355, 137], [960, 138, 795], [541, 671, 1008], [137, 354, 146], [933, 280, 886], [119, 824, 80], [283, 510, 699], [954, 993, 248], [394, 994, 214], [728, 884, 878],
[441, 227, 214], [329, 938, 353], [105, 460, 774], [863, 348, 109], [759, 262, 139], [626, 381, 963], [457, 414, 204], [906, 349, 179], [135, 493, 923], [99, 203, 788],
[978, 644, 766], [173, 723, 685], [526, 579, 126], [282, 423, 474], [141, 164, 486], [31, 540, 868], [994, 997, 13], [949, 884, 113], [878, 769, 606], [782, 869, 809],
[302, 828, 185], [818, 1001, 908], [484, 259, 468], [360, 291, 642], [585, 182, 556], [52, 213, 77], [670, 958, 56], [684, 888, 690], [797, 497, 441], [134, 10, 291],
[944, 312, 869], [879, 111, 851], [518, 345, 860], [987, 706, 132], [360, 272, 65], [916, 324, 28], [993, 995, 986], [799, 410, 605], [471, 957, 83], [912, 72, 94],
[953, 766, 156]]
[[1, 0, 7, 1], [6, 6, 6, 9], [10, 5, 4, 0], [0, 10, 10, 1], [4, 3, 7, 7], [3, 6, 3, 0], [10, 8, 3, 1], [3, 6, 3, 3], [4, 10, 4, 10], [4, 0, 6, 1],
[3, 0, 2, 3], [8, 1, 2, 10], [3, 8, 6, 4], [3, 9, 4, 0], [4, 6, 1, 7], [1, 4, 10, 5], [2, 4, 3, 4], [2, 9, 5, 5], [7, 7, 8, 2], [7, 9, 1, 8],
[6, 7, 1, 7], [3, 4, 7, 7], [10, 8, 4, 9], [10, 1, 1, 1], [5, 4, 5, 7], [1, 0, 10, 6], [5, 6, 9, 1], [4, 8, 7, 8], [3, 9, 4, 6], [2, 0, 1, 10],
[6, 3, 8, 3], [4, 9, 3, 8], [1, 8, 2, 2], [6, 2, 6, 10], [8, 2, 0, 1], [0, 6, 9, 3], [4, 0, 7, 6], [9, 6, 5, 2], [9, 0, 5, 1], [9, 8, 9, 10],
[4, 0, 10, 8], [2, 4, 7, 10], [6, 6, 9, 4], [1, 7, 5, 5], [5, 0, 9, 3], [6, 1, 5, 5], [1, 9, 6, 8], [6, 2, 6, 8], [2, 3, 6, 5], [7, 2, 2, 1],
[8, 1, 3, 9], [6, 9, 3, 1], [7, 10, 2, 2], [0, 8, 5, 10], [6, 9, 8, 10], [0, 1, 8, 3], [4, 1, 6, 10], [3, 6, 0, 10], [7, 1, 8, 1], [8, 10, 2, 4],
[7, 4, 7, 8], [10, 10, 7, 3], [9, 2, 3, 9], [3, 9, 10, 6], [8, 3, 5, 9], [10, 3, 8, 6], [4, 4, 5, 2], [1, 7, 6, 8], [10, 0, 3, 7], [0, 9, 0, 7],
[0, 1, 5, 2], [8, 3, 8, 5], [6, 2, 3, 5], [5, 10, 10, 7], [3, 4, 9, 2], [10, 3, 10, 7], [1, 3, 3, 10], [1, 3, 6, 10], [2, 10, 1, 10], [0, 7, 2, 6],
[9, 4, 10, 1], [1, 7, 9, 4], [9, 5, 4, 8], [8, 3, 2, 8], [4, 6, 7, 3], [7, 1, 3, 8], [0, 2, 7, 9], [10, 8, 4, 6], [1, 1, 8, 2], [8, 4, 4, 5],
[9, 8, 0, 7], [9, 3, 2, 3], [7, 9, 6, 3], [10, 7, 0, 8], [8, 6, 6, 7], [1, 9, 0, 0], [8, 8, 2, 6], [1, 4, 9, 9], [10, 9, 3, 6], [1, 5, 7, 6],
[3, 1, 8, 1], [8, 6, 7, 5], [1, 1, 10, 0], [10, 0, 0, 5], [6, 0, 9, 6], [4, 7, 4, 1], [6, 7, 8, 5], [1, 2, 1, 2], [3, 7, 1, 1], [2, 9, 4, 2],
[8, 2, 2, 7], [2, 3, 1, 6], [3, 0, 1, 6], [5, 5, 5, 0], [10, 0, 4, 9], [3, 3, 1, 6], [10, 0, 5, 1], [9, 8, 1, 6], [10, 4, 0, 1], [5, 0, 5, 6],
[9, 7, 1, 3]]
[1, 0.05, 0.05, 0.05, 0.05, 0.05, 0.05, 0.05, 0.05, 0.05,
0.05, 0.05, 0.05, 0.05, 0.05, 0.05, 0.05, 0.05, 0.05, 0.05,
0.05, 0.0025, 0.0025, 0.0025, 0.0025, 0.0025, 0.0025, 0.0025, 0.0025, 0.0025,
0.0025, 0.0025, 0.0025, 0.0025, 0.0025, 0.0025, 0.0025, 0.0025, 0.0025, 0.0025,
0.0025, 0.000125, 0.000125, 0.000125, 0.000125, 0.000125, 0.000125, 0.000125, 0.000125, 0.000125,
0.000125, 0.000125, 0.000125, 0.000125, 0.000125, 0.000125, 0.000125, 0.000125, 0.000125, 0.000125,
0.000125, 6.25e-06, 6.25e-06, 6.25e-06, 6.25e-06, 6.25e-06, 6.25e-06, 6.25e-06, 6.25e-06, 6.25e-06,
6.25e-06, 6.25e-06, 6.25e-06, 6.25e-06, 6.25e-06, 6.25e-06, 6.25e-06, 6.25e-06, 6.25e-06, 6.25e-06,
6.25e-06, 3.125e-07, 3.125e-07, 3.125e-07, 3.125e-07, 3.125e-07, 3.125e-07, 3.125e-07, 3.125e-07, 3.125e-07,
3.125e-07, 3.125e-07, 3.125e-07, 3.125e-07, 3.125e-07, 3.125e-07, 3.125e-07, 3.125e-07, 3.125e-07, 3.125e-07,
3.125e-07, 1.5625e-08, 1.5625e-08, 1.5625e-08, 1.5625e-08, 1.5625e-08, 1.5625e-08, 1.5625e-08, 1.5625e-08, 1.5625e-08,
1.5625e-08, 1.5625e-08, 1.5625e-08, 1.5625e-08, 1.5625e-08, 1.5625e-08, 1.5625e-08, 1.5625e-08, 1.5625e-08, 1.5625e-08,
1.5625e-08]
[10, 5, 10, 7, 6, 8, 9, 10, 0, 3,
4, 3, 3, 10, 3, 8, 1, 7, 6, 0,
4, 5, 9, 7, 2, 9, 0, 3, 5, 7,
10, 10, 0, 7, 8, 7, 3, 2, 4, 7,
4, 10, 3, 1, 3, 3, 10, 9, 7, 5,
0, 7, 2, 1, 4, 10, 9, 7, 10, 9,
6, 1, 2, 1, 1, 1, 7, 1, 3, 1,
6, 0, 8, 6, 3, 8, 2, 10, 6, 1,
7, 8, 9, 10, 8, 4, 10, 8, 8, 2,
5, 7, 4, 1, 5, 4, 2, 4, 8, 8,
10, 7, 2, 3, 6, 8, 1, 8, 8, 1,
9, 3, 4, 10, 6, 3, 7, 0, 2, 6,
7]
------------------------------------------------------- 
# stage = 7	# children c = 20	length of each stage p = 1	nodes = 120	# items I = 1
