[100, 89, 27, 75, 25, 75, 60, 69, 27, 25,
0, 93, 48, 48, 21, 66, 25, 2, 67, 12,
65, 50, 47, 20, 64, 87, 82, 47, 32, 84,
66, 31, 72, 94, 72, 64, 68, 32, 99, 61,
23, 100, 53, 71, 47, 40, 36, 39, 42, 70,
17, 74, 19, 65, 94, 49, 17, 41, 96, 49,
24, 28, 47, 63, 21, 18, 93, 55, 16, 91,
83, 40, 90, 1, 77, 3, 42, 13, 8, 84,
49, 92, 23, 34, 22, 17, 84, 6, 24, 79,
55, 15, 6, 68, 78, 94, 87, 70, 15, 2,
26, 98, 8, 83, 99, 86, 52, 40, 65, 60,
91, 13, 17, 13, 13, 40, 97, 97, 46, 88,
42]
[[1019, 1926, 877], [1832, 1869, 440], [1462, 1882, 1139], [448, 1815, 1772], [1882, 1653, 449], [570, 1517, 1026], [1325, 652, 1449], [998, 1931, 1381], [1132, 239, 510], [1295, 742, 1504],
[529, 1761, 1052], [1118, 1216, 832], [1558, 588, 336], [319, 749, 61], [2, 541, 1715], [163, 823, 854], [1190, 1860, 1219], [549, 768, 772], [1642, 1901, 1011], [62, 818, 1465],
[1567, 1059, 1136], [241, 87, 262], [1073, 1646, 851], [1409, 1965, 1312], [1183, 1967, 1565], [520, 1843, 298], [1374, 943, 69], [215, 1204, 549], [987, 756, 72], [1710, 530, 603],
[1085, 1809, 1662], [132, 2051, 1750], [106, 1034, 1018], [957, 66, 893], [179, 961, 483], [1456, 1193, 236], [1755, 189, 891], [1536, 405, 1807], [1797, 1392, 185], [1582, 725, 715],
[95, 1810, 435], [1757, 1654, 108], [1129, 1761, 854], [57, 340, 632], [663, 232, 1593], [1146, 1688, 408], [1094, 1065, 598], [1697, 511, 1003], [1414, 2021, 17], [1311, 1513, 742],
[1738, 1608, 175], [1885, 987, 1541], [1993, 27, 924], [758, 1886, 1265], [1102, 459, 1209], [318, 1317, 519], [726, 321, 1585], [1324, 1730, 1808], [237, 766, 1739], [2057, 2077, 874],
[709, 1726, 392], [596, 1521, 1092], [48, 1425, 831], [684, 1895, 627], [1661, 907, 1087], [780, 1225, 26], [1300, 1952, 348], [507, 898, 2078], [225, 1136, 467], [1677, 1103, 454],
[461, 1524, 90], [566, 1833, 1324], [1658, 1593, 371], [399, 187, 176], [738, 1849, 795], [1537, 539, 1733], [1564, 1551, 1307], [1624, 2058, 115], [1324, 1996, 1251], [1791, 1295, 2066],
[156, 1756, 1213], [2048, 2034, 956], [1282, 1602, 459], [1365, 1713, 646], [1253, 362, 117], [2049, 1899, 369], [1692, 1373, 1920], [621, 907, 1601], [736, 142, 1219], [1700, 1933, 424],
[1388, 1801, 1892], [511, 1472, 1837], [1467, 376, 1061], [1638, 1742, 685], [1997, 905, 759], [24, 576, 568], [105, 178, 1654], [2026, 511, 183], [1249, 1248, 37], [378, 570, 1683],
[514, 1958, 1106], [316, 380, 488], [1865, 1559, 865], [837, 820, 517], [1234, 439, 1134], [1993, 175, 1711], [183, 281, 1601], [1549, 2019, 23], [1733, 1178, 983], [1482, 1268, 1553],
[1075, 1494, 1421], [92, 1522, 1513], [292, 1298, 695], [1157, 1847, 1515], [1386, 991, 1666], [431, 606, 1841], [1854, 789, 32], [1365, 2051, 2051], [1388, 1406, 851], [281, 798, 29],
[1546, 1586, 1523]]
[[10, 9, 10, 10], [7, 2, 7, 4], [4, 4, 1, 2], [0, 0, 10, 2], [9, 7, 8, 5], [2, 7, 6, 9], [8, 10, 6, 1], [8, 2, 6, 7], [0, 3, 4, 5], [5, 9, 9, 9],
[3, 10, 9, 1], [9, 7, 1, 7], [3, 7, 0, 3], [3, 6, 1, 9], [5, 5, 10, 0], [7, 3, 5, 7], [7, 10, 1, 1], [8, 8, 9, 9], [6, 7, 8, 4], [1, 9, 9, 2],
[5, 9, 5, 6], [2, 7, 5, 5], [1, 2, 5, 9], [6, 9, 3, 2], [8, 3, 1, 3], [0, 10, 0, 4], [5, 8, 8, 6], [5, 5, 9, 8], [1, 3, 4, 4], [8, 7, 9, 10],
[7, 2, 6, 0], [0, 7, 0, 6], [10, 2, 7, 9], [1, 7, 2, 6], [3, 9, 0, 6], [3, 9, 3, 4], [10, 7, 6, 8], [1, 3, 5, 9], [5, 0, 7, 3], [7, 8, 7, 5],
[10, 1, 3, 9], [7, 5, 3, 10], [3, 3, 5, 4], [10, 6, 7, 9], [1, 2, 6, 2], [5, 9, 9, 8], [9, 6, 9, 4], [3, 3, 9, 0], [3, 10, 9, 10], [4, 10, 7, 6],
[2, 10, 8, 1], [5, 4, 9, 6], [5, 2, 7, 8], [1, 5, 4, 8], [9, 2, 10, 10], [4, 8, 10, 7], [5, 7, 4, 8], [6, 0, 3, 7], [10, 9, 6, 4], [1, 2, 9, 6],
[5, 5, 3, 4], [8, 7, 1, 7], [8, 1, 4, 10], [7, 2, 4, 2], [9, 8, 8, 2], [8, 9, 7, 7], [7, 3, 9, 8], [5, 7, 1, 8], [10, 5, 1, 8], [10, 3, 4, 5],
[2, 8, 4, 7], [10, 8, 7, 6], [3, 4, 7, 0], [2, 3, 5, 10], [6, 2, 5, 10], [9, 7, 7, 9], [10, 9, 4, 9], [10, 8, 2, 1], [3, 4, 6, 1], [0, 3, 7, 3],
[7, 3, 4, 8], [7, 9, 5, 0], [0, 10, 10, 8], [4, 7, 4, 3], [3, 8, 0, 2], [3, 2, 1, 6], [6, 7, 7, 6], [8, 2, 10, 3], [3, 1, 0, 8], [8, 5, 9, 7],
[2, 6, 2, 7], [0, 4, 10, 3], [1, 10, 3, 2], [10, 4, 6, 4], [10, 1, 8, 5], [3, 5, 8, 6], [6, 8, 4, 2], [0, 0, 9, 3], [6, 9, 10, 5], [2, 9, 8, 1],
[7, 1, 3, 6], [3, 9, 8, 0], [10, 6, 6, 0], [0, 3, 7, 5], [10, 9, 5, 10], [7, 1, 2, 0], [10, 10, 5, 1], [9, 1, 2, 3], [2, 3, 7, 3], [1, 5, 4, 10],
[0, 10, 10, 9], [0, 4, 1, 10], [0, 6, 8, 7], [7, 10, 8, 4], [10, 0, 5, 6], [1, 5, 9, 1], [8, 5, 5, 8], [8, 7, 7, 6], [4, 6, 5, 4], [9, 4, 2, 9],
[9, 10, 6, 3]]
[1, 0.05, 0.05, 0.05, 0.05, 0.05, 0.05, 0.05, 0.05, 0.05,
0.05, 0.05, 0.05, 0.05, 0.05, 0.05, 0.05, 0.05, 0.05, 0.05,
0.05, 0.0025, 0.0025, 0.0025, 0.0025, 0.0025, 0.0025, 0.0025, 0.0025, 0.0025,
0.0025, 0.0025, 0.0025, 0.0025, 0.0025, 0.0025, 0.0025, 0.0025, 0.0025, 0.0025,
0.0025, 0.000125, 0.000125, 0.000125, 0.000125, 0.000125, 0.000125, 0.000125, 0.000125, 0.000125,
0.000125, 0.000125, 0.000125, 0.000125, 0.000125, 0.000125, 0.000125, 0.000125, 0.000125, 0.000125,
0.000125, 6.25e-06, 6.25e-06, 6.25e-06, 6.25e-06, 6.25e-06, 6.25e-06, 6.25e-06, 6.25e-06, 6.25e-06,
6.25e-06, 6.25e-06, 6.25e-06, 6.25e-06, 6.25e-06, 6.25e-06, 6.25e-06, 6.25e-06, 6.25e-06, 6.25e-06,
6.25e-06, 3.125e-07, 3.125e-07, 3.125e-07, 3.125e-07, 3.125e-07, 3.125e-07, 3.125e-07, 3.125e-07, 3.125e-07,
3.125e-07, 3.125e-07, 3.125e-07, 3.125e-07, 3.125e-07, 3.125e-07, 3.125e-07, 3.125e-07, 3.125e-07, 3.125e-07,
3.125e-07, 1.5625e-08, 1.5625e-08, 1.5625e-08, 1.5625e-08, 1.5625e-08, 1.5625e-08, 1.5625e-08, 1.5625e-08, 1.5625e-08,
1.5625e-08, 1.5625e-08, 1.5625e-08, 1.5625e-08, 1.5625e-08, 1.5625e-08, 1.5625e-08, 1.5625e-08, 1.5625e-08, 1.5625e-08,
1.5625e-08]
[4, 2, 8, 0, 10, 6, 0, 7, 2, 6,
10, 3, 2, 0, 10, 2, 0, 0, 7, 2,
10, 7, 2, 2, 8, 10, 3, 10, 9, 10,
10, 9, 4, 6, 6, 2, 4, 9, 9, 9,
6, 0, 8, 2, 4, 3, 10, 0, 6, 0,
2, 2, 10, 1, 10, 1, 5, 3, 7, 8,
3, 3, 8, 5, 8, 10, 6, 3, 0, 0,
1, 4, 0, 6, 10, 6, 10, 2, 1, 4,
1, 7, 5, 9, 0, 1, 9, 5, 10, 2,
1, 8, 6, 3, 6, 1, 0, 10, 4, 7,
5, 4, 10, 6, 6, 4, 5, 4, 2, 3,
4, 2, 0, 6, 8, 4, 7, 1, 3, 2,
3]
------------------------------------------------------- 
# stage = 7	# children c = 20	length of each stage p = 1	nodes = 120	# items I = 1
