[38, 10, 90, 54, 14, 33, 44, 20, 2, 68,
91, 24, 15, 2, 30, 62, 62, 16, 50, 71,
26, 87, 71, 55, 83, 65, 19, 67, 65, 25,
26, 69, 1, 83, 22, 83, 82, 66, 2, 50,
33, 60, 74, 14, 62, 71, 77, 90, 53, 93,
26, 80, 79, 64, 34, 61, 28, 19, 28, 59,
44, 20, 94, 45, 69, 15, 27, 51, 81, 97,
0, 80, 22, 41, 95, 84, 78, 37, 40, 30,
29, 66, 9, 8, 29, 43, 35, 23, 62, 29,
48, 72, 16, 41, 84, 51, 22, 77, 1, 2,
73]
[[1422, 2843, 834], [128, 162, 715], [1730, 3321, 2431], [331, 57, 585], [1533, 1724, 980], [3469, 2580, 1561], [3576, 2666, 3113], [1127, 1868, 2761], [1839, 69, 3622], [1317, 2673, 2625],
[2246, 412, 2784], [3080, 540, 263], [1111, 2270, 3584], [3542, 3601, 957], [443, 1450, 2682], [2424, 2236, 2578], [1301, 2128, 1560], [730, 571, 3428], [807, 2410, 3497], [745, 43, 3487],
[687, 3289, 215], [3471, 1, 755], [1050, 1112, 342], [1951, 1970, 259], [2908, 3414, 2710], [2906, 2154, 1262], [1800, 3455, 706], [3360, 1502, 1277], [420, 2309, 1003], [1234, 3055, 2046],
[1037, 1058, 1651], [1252, 845, 1652], [3007, 2896, 80], [665, 1163, 2050], [925, 1387, 2780], [951, 610, 1250], [3213, 3410, 2022], [235, 3087, 840], [1512, 3507, 3149], [3515, 2057, 3520],
[1877, 3094, 894], [844, 662, 2740], [3496, 3670, 1952], [3576, 651, 431], [2942, 2576, 2818], [3039, 3527, 3428], [605, 3056, 471], [3627, 607, 3558], [1783, 3119, 697], [1249, 2950, 2755],
[2085, 2143, 2165], [296, 303, 144], [3036, 115, 130], [2304, 1007, 1781], [51, 1266, 674], [2869, 621, 1517], [3614, 2226, 1890], [401, 3170, 2497], [275, 1269, 1933], [1972, 3518, 2199],
[2043, 1920, 659], [1525, 2216, 1962], [1669, 2568, 2078], [2799, 1188, 401], [896, 2239, 1667], [2570, 1424, 3288], [1404, 1354, 1831], [3294, 1755, 2317], [2107, 3030, 3586], [1356, 2319, 3421],
[3556, 678, 2657], [1531, 3203, 2189], [3493, 2188, 1073], [2887, 1303, 3261], [3289, 3200, 1816], [2272, 3086, 3240], [1877, 806, 1911], [1024, 416, 3666], [3341, 3524, 3013], [559, 2196, 1648],
[1296, 2068, 3326], [269, 915, 162], [2458, 1725, 2350], [847, 1928, 3654], [424, 2533, 486], [3240, 1122, 3572], [113, 315, 1695], [2024, 2339, 3111], [2006, 2996, 2951], [2335, 3555, 1464],
[1299, 1168, 848], [1942, 2437, 2764], [2104, 2212, 1805], [770, 3059, 49], [1740, 800, 2583], [3226, 356, 1021], [431, 469, 2336], [2126, 3493, 991], [1553, 1816, 303], [1821, 1467, 1174],
[3285, 2767, 3342]]
[[8, 6, 7, 9], [0, 6, 6, 3], [3, 6, 1, 3], [0, 10, 9, 10], [2, 10, 9, 0], [3, 8, 1, 8], [6, 10, 1, 8], [10, 2, 0, 5], [8, 6, 1, 8], [10, 7, 9, 2],
[3, 9, 3, 1], [6, 1, 0, 8], [10, 9, 9, 0], [5, 8, 8, 0], [5, 9, 8, 3], [1, 9, 6, 9], [4, 8, 5, 3], [2, 1, 3, 5], [10, 6, 4, 6], [6, 5, 1, 5],
[3, 8, 5, 6], [4, 0, 7, 9], [10, 4, 10, 9], [0, 6, 5, 2], [1, 8, 3, 3], [10, 6, 7, 7], [0, 0, 0, 6], [3, 2, 9, 7], [8, 1, 0, 1], [1, 7, 9, 9],
[10, 8, 7, 10], [1, 2, 2, 0], [10, 5, 4, 7], [10, 9, 2, 10], [9, 2, 3, 2], [2, 10, 7, 0], [9, 7, 1, 8], [2, 8, 7, 1], [6, 1, 0, 5], [1, 0, 6, 10],
[4, 8, 6, 3], [6, 6, 0, 2], [7, 1, 2, 9], [0, 7, 7, 7], [2, 7, 4, 4], [4, 0, 5, 8], [0, 3, 3, 1], [2, 7, 0, 6], [4, 5, 7, 8], [0, 5, 10, 7],
[6, 2, 4, 4], [7, 0, 0, 9], [5, 4, 2, 10], [3, 5, 7, 3], [7, 8, 4, 9], [4, 3, 2, 6], [8, 7, 3, 8], [1, 1, 3, 7], [3, 7, 9, 8], [5, 9, 7, 0],
[0, 7, 8, 3], [2, 4, 4, 7], [0, 7, 3, 2], [10, 5, 9, 5], [10, 10, 0, 0], [0, 3, 5, 1], [8, 3, 10, 3], [10, 6, 3, 8], [0, 0, 1, 0], [2, 3, 7, 0],
[8, 10, 3, 5], [2, 10, 10, 1], [9, 9, 10, 10], [1, 4, 0, 10], [5, 8, 0, 2], [1, 1, 0, 2], [10, 10, 2, 1], [2, 10, 0, 0], [7, 1, 5, 10], [0, 3, 9, 7],
[1, 9, 6, 2], [0, 5, 10, 6], [2, 8, 8, 4], [9, 8, 4, 8], [7, 6, 8, 8], [5, 8, 6, 0], [9, 0, 10, 7], [1, 8, 3, 2], [4, 10, 3, 5], [2, 0, 9, 2],
[9, 6, 4, 5], [2, 8, 3, 7], [2, 9, 2, 5], [6, 8, 5, 2], [7, 4, 9, 8], [0, 1, 0, 2], [9, 1, 7, 9], [1, 5, 10, 8], [10, 3, 3, 10], [10, 4, 4, 1],
[2, 7, 6, 6]]
[1, 0.05, 0.05, 0.05, 0.05, 0.05, 0.05, 0.05, 0.05, 0.05,
0.05, 0.05, 0.05, 0.05, 0.05, 0.05, 0.05, 0.05, 0.05, 0.05,
0.05, 0.0025, 0.0025, 0.0025, 0.0025, 0.0025, 0.0025, 0.0025, 0.0025, 0.0025,
0.0025, 0.0025, 0.0025, 0.0025, 0.0025, 0.0025, 0.0025, 0.0025, 0.0025, 0.0025,
0.0025, 0.000125, 0.000125, 0.000125, 0.000125, 0.000125, 0.000125, 0.000125, 0.000125, 0.000125,
0.000125, 0.000125, 0.000125, 0.000125, 0.000125, 0.000125, 0.000125, 0.000125, 0.000125, 0.000125,
0.000125, 6.25e-06, 6.25e-06, 6.25e-06, 6.25e-06, 6.25e-06, 6.25e-06, 6.25e-06, 6.25e-06, 6.25e-06,
6.25e-06, 6.25e-06, 6.25e-06, 6.25e-06, 6.25e-06, 6.25e-06, 6.25e-06, 6.25e-06, 6.25e-06, 6.25e-06,
6.25e-06, 3.125e-07, 3.125e-07, 3.125e-07, 3.125e-07, 3.125e-07, 3.125e-07, 3.125e-07, 3.125e-07, 3.125e-07,
3.125e-07, 3.125e-07, 3.125e-07, 3.125e-07, 3.125e-07, 3.125e-07, 3.125e-07, 3.125e-07, 3.125e-07, 3.125e-07,
3.125e-07]
[7, 13, 13, 10, 6, 10, 13, 11, 0, 15,
10, 15, 7, 17, 11, 6, 15, 14, 4, 11,
4, 7, 3, 3, 4, 14, 2, 1, 8, 12,
7, 13, 17, 6, 11, 7, 17, 8, 8, 2,
1, 8, 2, 10, 3, 4, 1, 10, 7, 17,
15, 6, 17, 9, 0, 15, 2, 2, 11, 11,
14, 3, 11, 8, 8, 12, 9, 11, 10, 10,
6, 5, 8, 10, 15, 8, 13, 0, 3, 18,
8, 9, 4, 18, 16, 15, 10, 6, 6, 15,
11, 6, 13, 4, 11, 2, 5, 15, 9, 17,
2]
------------------------------------------------------- 
# stage = 6	# children c = 20	length of each stage p = 1	nodes = 100	# items I = 1
