[15, 4, 83, 70, 98, 77, 6, 25, 51, 31,
62, 80, 16, 80, 92, 20, 9, 60, 22, 55,
30, 69, 3, 10, 27, 14, 81, 73, 67, 33,
0, 48, 37, 84, 17, 1, 26, 23, 26, 43,
21, 54, 89, 37, 33, 81, 58, 43, 6, 46,
64, 36, 81, 68, 46, 75, 82, 26, 47, 14,
60]
[[802, 1082, 558], [802, 994, 58], [413, 302, 370], [511, 603, 207], [910, 741, 726], [67, 951, 691], [898, 189, 1080], [1106, 849, 807], [942, 623, 494], [179, 246, 721],
[1028, 1048, 7], [910, 731, 325], [968, 467, 627], [662, 978, 111], [192, 769, 852], [918, 160, 7], [932, 1058, 639], [893, 368, 811], [581, 633, 315], [1076, 812, 561],
[1, 45, 933], [9, 955, 987], [776, 804, 336], [284, 789, 637], [837, 982, 730], [1012, 781, 890], [343, 595, 152], [982, 811, 521], [674, 274, 477], [312, 673, 171],
[196, 674, 658], [10, 6, 494], [998, 782, 621], [657, 389, 292], [617, 107, 597], [228, 1, 259], [1118, 344, 177], [152, 649, 312], [1115, 646, 586], [473, 281, 582],
[1086, 477, 137], [625, 930, 144], [442, 809, 249], [1064, 789, 639], [679, 287, 69], [157, 516, 512], [858, 957, 856], [359, 432, 828], [671, 428, 797], [580, 225, 1078],
[43, 634, 879], [180, 583, 690], [766, 1025, 822], [339, 293, 492], [978, 972, 102], [1047, 452, 1060], [441, 192, 899], [620, 551, 654], [772, 103, 406], [450, 6, 1073],
[852, 49, 588]]
[[5, 9, 9, 8], [4, 2, 1, 2], [7, 1, 5, 6], [8, 9, 0, 6], [0, 7, 9, 7], [10, 8, 10, 1], [10, 5, 0, 2], [5, 0, 8, 8], [7, 5, 4, 0], [7, 5, 1, 2],
[4, 4, 6, 1], [2, 6, 5, 2], [1, 3, 8, 0], [0, 7, 10, 8], [10, 10, 0, 4], [8, 6, 1, 3], [0, 3, 3, 6], [6, 2, 6, 0], [7, 1, 10, 7], [5, 5, 8, 4],
[6, 5, 4, 5], [10, 1, 2, 9], [10, 2, 0, 5], [9, 10, 8, 7], [3, 10, 0, 9], [1, 4, 9, 6], [5, 7, 1, 9], [10, 9, 2, 5], [3, 5, 10, 0], [4, 2, 9, 3],
[2, 9, 9, 9], [8, 6, 4, 9], [3, 4, 8, 3], [9, 4, 9, 1], [0, 10, 8, 10], [6, 9, 3, 9], [1, 2, 7, 5], [2, 5, 9, 5], [1, 5, 3, 8], [9, 7, 6, 2],
[10, 3, 5, 6], [8, 1, 5, 6], [10, 1, 4, 5], [10, 7, 2, 9], [9, 9, 3, 10], [2, 10, 4, 3], [4, 5, 9, 3], [0, 5, 5, 10], [6, 8, 3, 1], [9, 6, 8, 6],
[7, 10, 1, 4], [6, 3, 2, 2], [10, 4, 1, 1], [3, 3, 3, 8], [9, 1, 9, 9], [4, 1, 6, 0], [9, 7, 10, 5], [2, 7, 1, 10], [6, 0, 1, 10], [3, 2, 2, 0],
[6, 1, 2, 9]]
[1, 0.1, 0.1, 0.1, 0.1, 0.1, 0.1, 0.1, 0.1, 0.1,
0.1, 0.01, 0.01, 0.01, 0.01, 0.01, 0.01, 0.01, 0.01, 0.01,
0.01, 0.001, 0.001, 0.001, 0.001, 0.001, 0.001, 0.001, 0.001, 0.001,
0.001, 0.0001, 0.0001, 0.0001, 0.0001, 0.0001, 0.0001, 0.0001, 0.0001, 0.0001,
0.0001, 1e-05, 1e-05, 1e-05, 1e-05, 1e-05, 1e-05, 1e-05, 1e-05, 1e-05,
1e-05, 1e-06, 1e-06, 1e-06, 1e-06, 1e-06, 1e-06, 1e-06, 1e-06, 1e-06,
1e-06]
[3, 12, 21, 2, 6, 2, 19, 1, 22, 17,
15, 20, 17, 11, 21, 21, 10, 11, 15, 6,
20, 12, 1, 14, 6, 3, 20, 19, 20, 17,
13, 9, 14, 3, 4, 16, 5, 5, 6, 19,
15, 21, 17, 15, 13, 22, 12, 15, 16, 21,
16, 9, 13, 17, 22, 2, 6, 15, 0, 4,
10]
------------------------------------------------------- 
# stage = 7	# children c = 10	length of each stage p = 1	nodes = 60	# items I = 1
