[60, 19, 29, 23, 49, 40, 92, 86, 92, 56,
2, 30, 75, 36, 1, 99, 6, 87, 13, 57,
80, 32, 93, 97, 69, 40, 58, 2, 77, 85,
32, 2, 70, 28, 25, 18, 34, 17, 71, 25,
39, 73, 21, 80, 75, 90, 44, 81, 76, 57,
3]
[[871, 1360, 445], [401, 1465, 30], [602, 857, 230], [371, 36, 24], [1461, 844, 568], [1013, 1218, 359], [347, 890, 1375], [139, 531, 946], [577, 1079, 627], [1400, 951, 953],
[457, 7, 499], [774, 280, 277], [804, 882, 1007], [1034, 1125, 915], [930, 772, 73], [1370, 98, 1163], [42, 446, 366], [1417, 457, 770], [548, 906, 34], [1175, 619, 857],
[314, 948, 865], [813, 35, 1017], [962, 840, 213], [282, 59, 1210], [1198, 862, 295], [1143, 545, 266], [619, 460, 584], [858, 62, 1041], [1628, 611, 132], [1662, 1658, 751],
[833, 285, 13], [1570, 970, 1607], [900, 246, 632], [985, 528, 692], [381, 39, 1426], [548, 1182, 284], [814, 1674, 616], [1398, 845, 679], [624, 658, 1162], [756, 633, 1133],
[1380, 1338, 1419], [1265, 1221, 702], [1185, 307, 948], [131, 1292, 1349], [695, 1545, 1388], [306, 407, 756], [462, 1093, 743], [1079, 805, 1460], [71, 1301, 431], [1233, 243, 1064],
[551, 1623, 716]]
[[2, 8, 10, 1], [7, 6, 3, 8], [1, 2, 6, 7], [10, 1, 1, 3], [3, 5, 2, 0], [5, 8, 10, 2], [6, 10, 8, 5], [5, 5, 6, 5], [2, 5, 7, 8], [0, 10, 5, 10],
[0, 0, 7, 8], [0, 8, 9, 3], [2, 0, 4, 5], [6, 1, 5, 1], [0, 2, 4, 3], [5, 10, 9, 5], [2, 3, 2, 1], [0, 5, 0, 0], [6, 7, 9, 4], [2, 7, 7, 4],
[6, 9, 7, 1], [10, 1, 1, 8], [3, 3, 1, 8], [3, 8, 3, 3], [0, 3, 4, 0], [9, 5, 1, 2], [10, 8, 6, 2], [4, 2, 4, 10], [10, 10, 10, 7], [0, 9, 5, 2],
[1, 4, 8, 2], [1, 9, 6, 10], [2, 10, 10, 0], [2, 9, 2, 2], [6, 8, 4, 9], [8, 6, 8, 5], [5, 5, 2, 4], [1, 5, 6, 3], [9, 1, 5, 8], [0, 9, 7, 2],
[9, 4, 0, 0], [3, 0, 0, 9], [6, 2, 7, 1], [9, 3, 7, 1], [6, 7, 5, 8], [1, 9, 9, 8], [9, 1, 5, 9], [0, 10, 9, 7], [3, 7, 5, 6], [7, 6, 3, 0],
[8, 8, 1, 6]]
[1, 0.1, 0.1, 0.1, 0.1, 0.1, 0.1, 0.1, 0.1, 0.1,
0.1, 0.01, 0.01, 0.01, 0.01, 0.01, 0.01, 0.01, 0.01, 0.01,
0.01, 0.001, 0.001, 0.001, 0.001, 0.001, 0.001, 0.001, 0.001, 0.001,
0.001, 0.0001, 0.0001, 0.0001, 0.0001, 0.0001, 0.0001, 0.0001, 0.0001, 0.0001,
0.0001, 1e-05, 1e-05, 1e-05, 1e-05, 1e-05, 1e-05, 1e-05, 1e-05, 1e-05,
1e-05]
[3, 6, 12, 0, 1, 13, 4, 1, 10, 4,
5, 10, 8, 8, 14, 16, 1, 13, 6, 11,
7, 12, 15, 1, 13, 6, 16, 5, 3, 6,
7, 8, 9, 11, 9, 5, 5, 9, 13, 3,
7, 9, 16, 4, 1, 3, 14, 15, 7, 13,
6]
------------------------------------------------------- 
# stage = 6	# children c = 10	length of each stage p = 1	nodes = 50	# items I = 1
