[95, 11, 92, 73, 6, 84, 32, 53, 17, 43,
35, 88, 80, 61, 31, 45, 37, 6, 88, 4,
1, 74, 72, 96, 89, 33, 99, 25, 82, 35,
98, 76, 12, 56, 48, 85, 39, 47, 37, 56,
90, 38, 10, 35, 65, 41, 47, 2, 47, 34,
73]
[[941, 593, 530], [890, 387, 879], [67, 196, 950], [331, 247, 419], [546, 1016, 979], [428, 110, 371], [80, 735, 734], [672, 827, 976], [710, 684, 161], [375, 588, 622],
[570, 958, 644], [529, 797, 459], [836, 293, 655], [735, 624, 331], [583, 119, 775], [511, 1027, 885], [882, 535, 569], [1044, 157, 824], [397, 295, 937], [1038, 670, 474],
[609, 668, 860], [202, 146, 607], [662, 982, 900], [745, 95, 952], [25, 678, 499], [801, 138, 475], [635, 449, 1011], [633, 921, 596], [406, 268, 891], [292, 255, 989],
[195, 864, 606], [4, 495, 181], [39, 585, 591], [367, 279, 686], [268, 305, 313], [768, 534, 931], [671, 118, 808], [59, 179, 678], [655, 14, 946], [974, 785, 150],
[912, 408, 443], [947, 413, 938], [77, 931, 472], [668, 248, 179], [783, 516, 484], [524, 712, 1018], [404, 333, 565], [161, 392, 172], [268, 1048, 665], [163, 399, 400],
[793, 261, 808]]
[[3, 1, 0, 4], [2, 0, 7, 2], [1, 4, 1, 2], [1, 7, 6, 6], [9, 1, 1, 5], [7, 5, 8, 9], [3, 8, 5, 4], [4, 3, 9, 7], [4, 9, 10, 7], [7, 4, 7, 8],
[6, 8, 10, 7], [4, 6, 0, 1], [7, 1, 6, 2], [4, 1, 9, 7], [7, 3, 10, 9], [4, 8, 3, 9], [4, 2, 3, 0], [6, 10, 8, 1], [6, 6, 6, 10], [1, 6, 0, 6],
[7, 4, 6, 0], [3, 4, 6, 8], [7, 3, 6, 1], [0, 10, 8, 4], [1, 0, 2, 6], [8, 10, 5, 1], [5, 1, 1, 4], [5, 10, 0, 0], [2, 6, 0, 5], [0, 4, 3, 5],
[7, 7, 4, 5], [6, 1, 7, 6], [10, 9, 10, 6], [7, 4, 7, 1], [3, 6, 4, 9], [4, 4, 9, 6], [8, 7, 9, 6], [10, 10, 10, 4], [7, 3, 8, 0], [3, 4, 6, 0],
[3, 3, 4, 10], [8, 10, 9, 9], [5, 2, 5, 9], [4, 3, 2, 0], [9, 1, 4, 6], [9, 3, 10, 5], [7, 7, 6, 8], [10, 10, 6, 2], [3, 0, 10, 9], [10, 6, 7, 2],
[7, 2, 10, 9]]
[1, 0.1, 0.1, 0.1, 0.1, 0.1, 0.1, 0.1, 0.1, 0.1,
0.1, 0.01, 0.01, 0.01, 0.01, 0.01, 0.01, 0.01, 0.01, 0.01,
0.01, 0.001, 0.001, 0.001, 0.001, 0.001, 0.001, 0.001, 0.001, 0.001,
0.001, 0.0001, 0.0001, 0.0001, 0.0001, 0.0001, 0.0001, 0.0001, 0.0001, 0.0001,
0.0001, 1e-05, 1e-05, 1e-05, 1e-05, 1e-05, 1e-05, 1e-05, 1e-05, 1e-05,
1e-05]
[6, 9, 2, 3, 5, 1, 9, 3, 7, 2,
4, 8, 7, 2, 4, 1, 5, 6, 2, 4,
5, 6, 4, 7, 7, 10, 1, 2, 8, 10,
5, 7, 7, 5, 0, 5, 0, 4, 5, 2,
8, 8, 4, 4, 3, 0, 0, 5, 9, 5,
5]
------------------------------------------------------- 
# stage = 6	# children c = 10	length of each stage p = 1	nodes = 50	# items I = 1
