[77, 81, 58, 86, 17, 35, 46, 43, 42, 61,
29, 93, 30, 49, 99, 35, 89, 39, 77, 66,
14, 55, 42, 72, 41, 42, 20, 6, 90, 48,
9, 66, 28, 33, 17, 11, 68, 63, 55, 9,
90]
[[346, 76, 591], [751, 325, 338], [981, 933, 489], [986, 711, 515], [280, 599, 796], [570, 75, 570], [591, 49, 159], [794, 999, 50], [137, 1004, 798], [699, 934, 13],
[12, 255, 91], [606, 1006, 416], [944, 964, 327], [410, 925, 13], [925, 181, 613], [699, 753, 690], [244, 321, 741], [405, 91, 715], [455, 230, 696], [231, 930, 605],
[246, 944, 862], [338, 525, 846], [756, 446, 787], [58, 857, 690], [74, 759, 873], [689, 435, 601], [356, 680, 925], [72, 60, 1016], [789, 518, 223], [463, 749, 128],
[45, 995, 50], [910, 310, 577], [733, 42, 1024], [495, 102, 858], [160, 178, 594], [8, 867, 5], [612, 198, 687], [512, 272, 749], [505, 39, 242], [728, 502, 993],
[859, 549, 966]]
[[5, 10, 0, 7], [6, 7, 3, 4], [4, 0, 0, 8], [7, 9, 0, 3], [4, 2, 1, 5], [7, 4, 2, 2], [9, 9, 3, 4], [0, 4, 4, 5], [1, 4, 10, 8], [10, 0, 1, 1],
[1, 10, 10, 6], [9, 8, 7, 0], [8, 9, 5, 5], [0, 5, 5, 10], [4, 8, 1, 2], [10, 5, 6, 1], [8, 5, 7, 5], [6, 6, 6, 5], [5, 3, 0, 1], [9, 7, 1, 7],
[3, 5, 1, 2], [10, 4, 10, 1], [1, 0, 2, 10], [3, 8, 9, 9], [2, 5, 3, 6], [9, 8, 0, 3], [9, 9, 3, 8], [4, 2, 4, 5], [5, 3, 7, 5], [7, 6, 4, 6],
[6, 6, 5, 8], [1, 3, 6, 2], [6, 10, 8, 4], [5, 7, 6, 3], [3, 9, 0, 7], [0, 2, 2, 6], [5, 9, 9, 10], [3, 0, 6, 7], [5, 0, 4, 6], [2, 0, 8, 8],
[8, 4, 2, 2]]
[1, 0.1, 0.1, 0.1, 0.1, 0.1, 0.1, 0.1, 0.1, 0.1,
0.1, 0.01, 0.01, 0.01, 0.01, 0.01, 0.01, 0.01, 0.01, 0.01,
0.01, 0.001, 0.001, 0.001, 0.001, 0.001, 0.001, 0.001, 0.001, 0.001,
0.001, 0.0001, 0.0001, 0.0001, 0.0001, 0.0001, 0.0001, 0.0001, 0.0001, 0.0001,
0.0001]
[10, 7, 1, 7, 8, 7, 8, 5, 0, 6,
10, 3, 5, 1, 1, 5, 9, 7, 8, 1,
6, 7, 10, 5, 8, 4, 3, 2, 1, 8,
2, 0, 2, 9, 7, 6, 4, 1, 10, 10,
2]
------------------------------------------------------- 
# stage = 5	# children c = 10	length of each stage p = 1	nodes = 40	# items I = 1
