[66, 83, 66, 6, 28, 46, 89, 93, 99, 88,
89, 79, 49, 60, 18, 59, 24, 49, 4, 59,
47, 44, 18, 85, 90, 86, 49, 0, 100, 1,
1, 31, 84, 34, 37, 11, 80, 92, 3, 45,
80, 58, 23, 95, 17, 7, 53, 7, 57, 57,
66, 70, 67, 84, 54, 56, 69, 70, 22, 34,
71, 24, 66, 55, 24, 2, 32, 3, 95, 2,
48, 40, 60, 37, 0, 44, 45, 19, 51, 1,
43, 17, 37, 9, 67, 58, 32, 2, 27, 54,
2, 64, 44, 68, 18, 68, 37, 17, 38, 98,
19]
[[783, 259, 662], [524, 2895, 3292], [1781, 4073, 3439], [1422, 518, 3450], [1636, 1355, 1238], [20, 771, 3361], [1458, 1927, 3889], [597, 565, 3315], [2600, 3088, 2453], [3899, 2982, 1077],
[3729, 3766, 2138], [264, 965, 906], [232, 2746, 852], [3671, 844, 2173], [2994, 2480, 203], [105, 2501, 974], [141, 634, 3704], [706, 1232, 142], [4021, 507, 3230], [3149, 279, 2888],
[901, 4008, 2527], [3040, 947, 3492], [621, 1179, 2914], [2276, 723, 3758], [1124, 392, 2111], [1327, 497, 485], [3104, 1441, 1922], [2681, 2147, 3154], [3625, 2843, 336], [3531, 1865, 1417],
[2292, 3568, 1298], [692, 3283, 2245], [859, 3905, 100], [3773, 2856, 823], [3404, 3980, 2018], [1389, 1180, 2515], [2676, 959, 631], [471, 315, 2778], [300, 3941, 1494], [1438, 3345, 34],
[2855, 1510, 278], [828, 3004, 3561], [3876, 3863, 3339], [3976, 185, 2870], [1474, 3589, 2723], [3492, 1653, 579], [2683, 1005, 1538], [3314, 2278, 1854], [2768, 3381, 2470], [135, 692, 1688],
[972, 3548, 3198], [1250, 1051, 2877], [684, 800, 2613], [699, 1451, 3600], [3569, 2926, 3063], [2968, 3093, 1391], [3547, 1649, 2396], [958, 1639, 1350], [3614, 280, 604], [1957, 1217, 1296],
[3645, 2991, 1519], [3518, 114, 2571], [2268, 1601, 46], [1557, 3102, 1498], [1030, 3346, 1099], [768, 2187, 65], [2962, 1607, 2517], [1231, 3368, 29], [3383, 3657, 1111], [3987, 1488, 3130],
[1959, 1808, 1995], [3478, 2002, 2109], [2724, 945, 385], [3573, 2502, 162], [944, 208, 3509], [2043, 976, 2371], [2910, 3938, 654], [1300, 1845, 4022], [2131, 1101, 227], [3242, 962, 1715],
[2246, 2921, 199], [916, 3074, 2201], [3827, 2474, 3146], [86, 1920, 2324], [248, 2864, 2532], [432, 1582, 3508], [2804, 1167, 4122], [3458, 2468, 1840], [28, 1274, 3743], [255, 1192, 1380],
[2773, 113, 174], [3774, 1029, 4051], [1848, 729, 2398], [1669, 1617, 191], [668, 2668, 3857], [3200, 3100, 1312], [3384, 2579, 3281], [3379, 2712, 1622], [1894, 3542, 3699], [1510, 473, 764],
[2891, 3246, 877]]
[[4, 10, 7, 5], [4, 6, 7, 6], [8, 2, 2, 10], [7, 8, 9, 3], [10, 2, 5, 8], [8, 0, 3, 1], [8, 1, 9, 9], [1, 10, 8, 4], [9, 3, 9, 2], [7, 5, 7, 2],
[5, 7, 10, 1], [4, 9, 3, 1], [9, 8, 10, 6], [8, 0, 6, 6], [1, 4, 2, 1], [4, 0, 3, 0], [1, 10, 3, 8], [2, 8, 0, 7], [4, 10, 6, 7], [6, 9, 8, 5],
[7, 5, 9, 2], [5, 4, 8, 5], [7, 9, 4, 9], [9, 7, 9, 8], [6, 1, 5, 8], [7, 5, 2, 10], [3, 8, 4, 9], [7, 1, 3, 1], [5, 0, 3, 10], [2, 10, 4, 9],
[8, 8, 7, 4], [2, 6, 1, 8], [5, 6, 3, 2], [10, 3, 10, 2], [1, 3, 0, 6], [2, 2, 7, 7], [0, 8, 7, 2], [7, 9, 1, 2], [7, 6, 6, 7], [1, 7, 3, 5],
[1, 6, 5, 9], [8, 4, 9, 9], [5, 7, 2, 5], [9, 7, 2, 7], [4, 7, 10, 10], [3, 9, 1, 8], [4, 8, 5, 4], [2, 8, 9, 1], [1, 3, 10, 9], [5, 8, 5, 10],
[5, 7, 2, 1], [3, 4, 7, 6], [9, 6, 5, 2], [2, 6, 10, 4], [1, 4, 8, 2], [1, 4, 3, 3], [5, 1, 10, 8], [7, 5, 7, 10], [1, 10, 10, 3], [1, 6, 9, 9],
[10, 1, 0, 1], [5, 10, 3, 7], [2, 1, 9, 1], [3, 10, 2, 9], [9, 2, 6, 6], [7, 1, 3, 6], [9, 2, 9, 8], [6, 5, 6, 5], [6, 6, 4, 1], [4, 8, 6, 4],
[7, 2, 5, 10], [10, 8, 6, 9], [10, 0, 4, 4], [10, 5, 10, 8], [8, 7, 3, 1], [1, 10, 7, 6], [3, 9, 5, 5], [6, 0, 9, 0], [0, 2, 9, 10], [10, 4, 8, 7],
[2, 10, 0, 1], [5, 8, 7, 0], [4, 0, 1, 4], [8, 6, 10, 9], [5, 2, 2, 9], [0, 0, 10, 0], [0, 8, 8, 10], [10, 6, 4, 0], [3, 2, 1, 6], [9, 7, 6, 2],
[5, 6, 6, 2], [10, 3, 9, 4], [5, 0, 1, 5], [10, 0, 3, 10], [6, 1, 8, 3], [5, 10, 3, 8], [2, 3, 4, 9], [10, 8, 0, 4], [1, 5, 4, 1], [6, 2, 3, 10],
[1, 4, 4, 0]]
[1, 0.05, 0.05, 0.05, 0.05, 0.05, 0.05, 0.05, 0.05, 0.05,
0.05, 0.05, 0.05, 0.05, 0.05, 0.05, 0.05, 0.05, 0.05, 0.05,
0.05, 0.0025, 0.0025, 0.0025, 0.0025, 0.0025, 0.0025, 0.0025, 0.0025, 0.0025,
0.0025, 0.0025, 0.0025, 0.0025, 0.0025, 0.0025, 0.0025, 0.0025, 0.0025, 0.0025,
0.0025, 0.000125, 0.000125, 0.000125, 0.000125, 0.000125, 0.000125, 0.000125, 0.000125, 0.000125,
0.000125, 0.000125, 0.000125, 0.000125, 0.000125, 0.000125, 0.000125, 0.000125, 0.000125, 0.000125,
0.000125, 6.25e-06, 6.25e-06, 6.25e-06, 6.25e-06, 6.25e-06, 6.25e-06, 6.25e-06, 6.25e-06, 6.25e-06,
6.25e-06, 6.25e-06, 6.25e-06, 6.25e-06, 6.25e-06, 6.25e-06, 6.25e-06, 6.25e-06, 6.25e-06, 6.25e-06,
6.25e-06, 3.125e-07, 3.125e-07, 3.125e-07, 3.125e-07, 3.125e-07, 3.125e-07, 3.125e-07, 3.125e-07, 3.125e-07,
3.125e-07, 3.125e-07, 3.125e-07, 3.125e-07, 3.125e-07, 3.125e-07, 3.125e-07, 3.125e-07, 3.125e-07, 3.125e-07,
3.125e-07]
[3, 7, 8, 6, 9, 0, 2, 10, 5, 6,
5, 0, 4, 0, 5, 9, 2, 5, 8, 5,
6, 0, 1, 6, 5, 7, 3, 9, 0, 6,
7, 9, 7, 5, 3, 9, 4, 4, 8, 8,
10, 10, 7, 8, 5, 8, 7, 6, 9, 5,
0, 6, 10, 7, 7, 7, 5, 6, 0, 5,
7, 4, 7, 0, 0, 3, 6, 2, 6, 8,
2, 6, 6, 7, 2, 9, 10, 9, 0, 10,
3, 8, 8, 8, 8, 2, 5, 3, 7, 5,
7, 7, 4, 2, 0, 0, 9, 8, 8, 7,
8]
------------------------------------------------------- 
# stage = 6	# children c = 20	length of each stage p = 1	nodes = 100	# items I = 1
