[25, 36, 21, 38, 72, 13, 67, 39, 61, 83,
73, 31, 20, 77, 37, 90, 44, 97, 58, 65,
33, 40, 38, 51, 28, 1, 53, 70, 18, 72,
98, 9, 74, 19, 47, 12, 99, 80, 17, 59,
28]
[[448, 693, 292], [158, 472, 582], [217, 257, 222], [63, 410, 146], [139, 127, 223], [451, 330, 194], [769, 421, 718], [688, 601, 488], [795, 473, 412], [532, 594, 644],
[220, 15, 523], [299, 173, 782], [67, 390, 224], [289, 240, 421], [435, 166, 335], [446, 405, 665], [640, 359, 59], [330, 19, 660], [3, 602, 318], [202, 106, 700],
[634, 113, 715], [342, 413, 73], [96, 480, 250], [320, 769, 277], [528, 176, 231], [49, 622, 636], [501, 234, 782], [560, 565, 588], [193, 355, 162], [511, 558, 269],
[396, 377, 382], [296, 506, 795], [156, 602, 460], [193, 709, 201], [258, 422, 378], [489, 471, 787], [310, 760, 809], [64, 505, 559], [652, 698, 99], [0, 182, 444],
[56, 365, 608]]
[[3, 1, 9, 0], [4, 6, 0, 5], [0, 6, 6, 4], [4, 4, 8, 4], [6, 1, 7, 2], [2, 2, 6, 9], [2, 0, 10, 2], [5, 8, 10, 6], [7, 8, 5, 0], [1, 5, 3, 2],
[1, 9, 4, 3], [0, 10, 7, 5], [1, 2, 7, 1], [4, 0, 10, 6], [1, 9, 7, 6], [4, 6, 0, 9], [1, 5, 9, 3], [10, 10, 3, 0], [6, 5, 1, 7], [4, 9, 10, 5],
[0, 6, 4, 4], [4, 3, 9, 3], [0, 5, 8, 2], [9, 8, 1, 8], [2, 8, 9, 1], [8, 1, 0, 3], [6, 1, 8, 9], [8, 7, 3, 6], [0, 8, 9, 3], [9, 7, 6, 7],
[10, 3, 10, 6], [0, 0, 1, 0], [6, 0, 0, 3], [1, 9, 5, 6], [8, 2, 4, 6], [8, 5, 1, 8], [0, 10, 0, 8], [4, 5, 4, 3], [8, 3, 7, 7], [1, 9, 5, 8],
[9, 5, 0, 8]]
[1, 0.1, 0.1, 0.1, 0.1, 0.1, 0.1, 0.1, 0.1, 0.1,
0.1, 0.01, 0.01, 0.01, 0.01, 0.01, 0.01, 0.01, 0.01, 0.01,
0.01, 0.001, 0.001, 0.001, 0.001, 0.001, 0.001, 0.001, 0.001, 0.001,
0.001, 0.0001, 0.0001, 0.0001, 0.0001, 0.0001, 0.0001, 0.0001, 0.0001, 0.0001,
0.0001]
[8, 8, 5, 1, 5, 6, 5, 3, 0, 7,
4, 4, 8, 4, 6, 2, 0, 5, 0, 0,
3, 0, 6, 4, 1, 6, 7, 1, 6, 2,
1, 4, 3, 4, 3, 7, 7, 4, 5, 6,
2]
------------------------------------------------------- 
# stage = 5	# children c = 10	length of each stage p = 1	nodes = 40	# items I = 1
