[46, 67, 39, 2, 16, 90, 22, 48, 64, 5,
19, 9, 2, 41, 31, 45, 61, 28, 78, 40,
50, 41, 17, 31, 100, 95, 30, 11, 24, 81,
100, 71, 47, 5, 39, 64, 61, 27, 78, 25,
32, 64, 34, 34, 4, 31, 45, 31, 59, 23,
37, 75, 64, 21, 6, 29, 15, 2, 7, 6,
50, 6, 43, 63, 78, 82, 26, 39, 8, 71,
64, 7, 34, 64, 7, 4, 95, 53, 1, 19,
76, 38, 94, 39, 59, 66, 69, 41, 35, 76,
47, 85, 48, 56, 47, 26, 37, 40, 65, 11,
77, 95, 18, 10, 24, 26, 81, 85, 79, 82,
3, 54, 86, 63, 59, 11, 29, 94, 52, 64,
35]
[[1789, 174, 1206], [729, 167, 975], [1586, 123, 56], [1941, 1944, 1039], [1790, 1251, 426], [1612, 1274, 708], [1394, 973, 169], [1137, 600, 164], [718, 1224, 391], [1673, 192, 526],
[1054, 418, 700], [698, 1552, 1271], [110, 1171, 1394], [166, 1550, 1372], [1206, 1373, 1060], [69, 1422, 771], [1182, 1254, 181], [1755, 828, 781], [356, 1546, 442], [747, 1657, 1038],
[1677, 744, 1457], [815, 1442, 1042], [119, 1957, 246], [1514, 156, 233], [1323, 1362, 1606], [820, 1836, 1466], [1591, 1051, 1157], [1772, 839, 18], [990, 1195, 1565], [1837, 379, 1659],
[908, 89, 840], [802, 1308, 720], [1844, 1832, 710], [528, 1783, 866], [761, 1139, 666], [805, 396, 535], [708, 424, 1586], [1865, 633, 862], [320, 1623, 90], [1885, 1897, 873],
[14, 1243, 1366], [855, 78, 708], [1575, 360, 573], [722, 1292, 389], [1588, 490, 1932], [691, 1295, 361], [1226, 440, 785], [1249, 742, 1822], [548, 1063, 1882], [638, 1385, 1813],
[1915, 1400, 1493], [1315, 692, 8], [56, 300, 368], [1033, 1022, 97], [1826, 1047, 588], [1791, 1739, 320], [589, 1402, 761], [1778, 1089, 1503], [1633, 1637, 599], [1548, 309, 18],
[1798, 661, 1822], [1324, 9, 547], [1333, 469, 1251], [138, 1502, 710], [640, 1361, 1757], [1228, 1589, 1933], [1548, 211, 1369], [746, 426, 491], [687, 92, 161], [1286, 78, 874],
[1708, 1876, 1536], [1563, 1234, 1949], [143, 1004, 452], [1394, 1546, 1954], [137, 219, 1753], [332, 1447, 1375], [702, 1433, 24], [104, 616, 450], [999, 1303, 947], [1565, 1027, 1025],
[876, 768, 1338], [849, 769, 605], [832, 1316, 46], [1688, 1148, 1593], [1675, 1285, 1812], [1865, 54, 1697], [1678, 757, 1163], [1702, 1265, 1779], [589, 702, 1520], [1536, 704, 580],
[998, 1580, 1348], [370, 867, 554], [1379, 1699, 1871], [1426, 1420, 1052], [1456, 1532, 774], [1705, 1835, 1233], [1435, 1546, 23], [1035, 1685, 1692], [1252, 307, 427], [805, 281, 1131],
[1385, 1683, 1149], [1170, 86, 49], [1725, 1870, 185], [66, 1329, 42], [1522, 1222, 11], [329, 960, 1846], [1562, 429, 1829], [22, 1868, 1547], [1715, 1153, 1855], [175, 395, 573],
[1711, 1780, 289], [893, 1388, 780], [1346, 1550, 683], [1531, 53, 449], [10, 1575, 1671], [21, 1904, 1068], [305, 1904, 1901], [167, 1926, 1803], [1715, 1674, 1393], [40, 287, 1789],
[613, 435, 39]]
[[1, 5, 2, 10], [5, 3, 7, 5], [8, 1, 9, 5], [8, 9, 7, 2], [9, 3, 0, 10], [1, 0, 2, 7], [10, 2, 2, 9], [1, 7, 9, 0], [1, 0, 8, 7], [1, 4, 10, 7],
[3, 9, 1, 0], [5, 6, 0, 4], [7, 0, 3, 6], [9, 3, 3, 7], [5, 5, 5, 4], [2, 3, 4, 1], [2, 10, 8, 3], [3, 6, 0, 5], [4, 10, 5, 7], [4, 4, 0, 0],
[2, 2, 7, 1], [5, 10, 8, 9], [2, 2, 2, 2], [3, 5, 4, 3], [4, 10, 7, 6], [5, 5, 0, 7], [2, 3, 4, 6], [7, 2, 5, 10], [4, 1, 9, 8], [9, 4, 6, 0],
[4, 6, 3, 7], [9, 5, 0, 3], [4, 5, 7, 10], [8, 7, 4, 10], [10, 8, 4, 5], [9, 9, 2, 0], [8, 0, 8, 6], [2, 1, 4, 6], [6, 5, 0, 4], [10, 0, 5, 4],
[3, 1, 1, 0], [8, 5, 9, 6], [1, 0, 9, 10], [7, 0, 10, 4], [9, 6, 10, 0], [5, 1, 6, 0], [7, 6, 5, 6], [5, 10, 8, 8], [10, 7, 7, 5], [0, 3, 0, 1],
[3, 9, 9, 8], [7, 8, 1, 5], [1, 9, 5, 7], [10, 9, 7, 4], [3, 10, 0, 8], [8, 6, 3, 7], [3, 8, 1, 3], [9, 0, 2, 10], [7, 0, 7, 4], [6, 8, 9, 8],
[4, 2, 2, 4], [9, 7, 8, 1], [7, 6, 7, 2], [0, 9, 7, 1], [4, 6, 2, 3], [6, 4, 2, 3], [4, 8, 7, 10], [5, 3, 5, 10], [3, 7, 1, 0], [2, 7, 1, 7],
[1, 7, 9, 1], [3, 3, 2, 5], [9, 4, 8, 5], [6, 9, 6, 10], [4, 0, 7, 9], [1, 0, 6, 5], [5, 5, 5, 7], [0, 4, 3, 1], [9, 10, 0, 1], [2, 0, 5, 1],
[2, 0, 4, 8], [7, 10, 7, 0], [8, 1, 8, 9], [1, 1, 3, 7], [7, 6, 1, 7], [9, 5, 6, 7], [2, 6, 7, 5], [6, 1, 4, 8], [10, 8, 3, 7], [5, 8, 7, 2],
[9, 4, 0, 9], [6, 2, 3, 0], [6, 4, 7, 4], [7, 0, 10, 10], [4, 4, 2, 8], [5, 6, 3, 2], [1, 6, 9, 6], [3, 6, 8, 10], [8, 6, 8, 3], [6, 9, 3, 2],
[1, 8, 4, 8], [6, 1, 5, 10], [5, 7, 7, 8], [0, 10, 0, 1], [5, 9, 7, 6], [4, 2, 6, 0], [7, 1, 3, 2], [0, 5, 2, 1], [0, 5, 7, 5], [6, 2, 4, 10],
[7, 10, 7, 8], [9, 7, 7, 2], [4, 2, 8, 6], [4, 1, 6, 9], [3, 8, 10, 3], [2, 10, 4, 0], [4, 0, 5, 9], [0, 8, 8, 8], [7, 2, 3, 3], [10, 10, 5, 3],
[1, 1, 9, 4]]
[1, 0.05, 0.05, 0.05, 0.05, 0.05, 0.05, 0.05, 0.05, 0.05,
0.05, 0.05, 0.05, 0.05, 0.05, 0.05, 0.05, 0.05, 0.05, 0.05,
0.05, 0.0025, 0.0025, 0.0025, 0.0025, 0.0025, 0.0025, 0.0025, 0.0025, 0.0025,
0.0025, 0.0025, 0.0025, 0.0025, 0.0025, 0.0025, 0.0025, 0.0025, 0.0025, 0.0025,
0.0025, 0.000125, 0.000125, 0.000125, 0.000125, 0.000125, 0.000125, 0.000125, 0.000125, 0.000125,
0.000125, 0.000125, 0.000125, 0.000125, 0.000125, 0.000125, 0.000125, 0.000125, 0.000125, 0.000125,
0.000125, 6.25e-06, 6.25e-06, 6.25e-06, 6.25e-06, 6.25e-06, 6.25e-06, 6.25e-06, 6.25e-06, 6.25e-06,
6.25e-06, 6.25e-06, 6.25e-06, 6.25e-06, 6.25e-06, 6.25e-06, 6.25e-06, 6.25e-06, 6.25e-06, 6.25e-06,
6.25e-06, 3.125e-07, 3.125e-07, 3.125e-07, 3.125e-07, 3.125e-07, 3.125e-07, 3.125e-07, 3.125e-07, 3.125e-07,
3.125e-07, 3.125e-07, 3.125e-07, 3.125e-07, 3.125e-07, 3.125e-07, 3.125e-07, 3.125e-07, 3.125e-07, 3.125e-07,
3.125e-07, 1.5625e-08, 1.5625e-08, 1.5625e-08, 1.5625e-08, 1.5625e-08, 1.5625e-08, 1.5625e-08, 1.5625e-08, 1.5625e-08,
1.5625e-08, 1.5625e-08, 1.5625e-08, 1.5625e-08, 1.5625e-08, 1.5625e-08, 1.5625e-08, 1.5625e-08, 1.5625e-08, 1.5625e-08,
1.5625e-08]
[8, 7, 8, 2, 5, 0, 19, 15, 7, 1,
16, 11, 18, 5, 2, 18, 12, 19, 14, 7,
5, 7, 11, 1, 2, 0, 10, 18, 17, 1,
5, 13, 17, 1, 5, 4, 0, 10, 6, 14,
5, 10, 17, 7, 4, 5, 0, 10, 2, 1,
12, 1, 17, 8, 15, 15, 0, 0, 14, 3,
8, 12, 10, 17, 7, 11, 16, 16, 7, 0,
10, 7, 1, 19, 18, 10, 14, 18, 10, 8,
7, 0, 15, 9, 4, 17, 17, 16, 3, 17,
1, 12, 15, 11, 10, 6, 10, 13, 15, 0,
3, 6, 5, 2, 10, 13, 12, 19, 0, 16,
2, 0, 0, 10, 7, 7, 11, 7, 19, 16,
13]
------------------------------------------------------- 
# stage = 7	# children c = 20	length of each stage p = 1	nodes = 120	# items I = 1
