[97, 74, 10, 59, 5, 28, 39, 58, 26, 29,
21, 76, 40, 15, 90, 37, 98, 75, 34, 31,
98, 33, 82, 74, 4, 60, 74, 75, 67, 33,
40, 64, 7, 16, 89, 79, 10, 28, 2, 3,
57, 91, 79, 63, 5, 68, 100, 2, 43, 33,
33, 6, 33, 81, 80, 37, 40, 19, 11, 74,
53, 17, 37, 26, 100, 25, 4, 77, 19, 6,
80, 76, 97, 58, 4, 68, 93, 3, 71, 35,
3, 70, 7, 36, 51, 87, 73, 57, 73, 50,
30, 25, 67, 33, 51, 32, 25, 21, 8, 44,
94]
[[1812, 729, 980], [985, 393, 1760], [253, 265, 411], [528, 554, 1123], [1399, 1633, 1210], [262, 306, 1433], [651, 562, 878], [79, 1217, 1534], [356, 187, 596], [277, 756, 941],
[584, 742, 1670], [1565, 1727, 324], [1585, 155, 589], [170, 769, 1229], [1380, 428, 1122], [764, 691, 1429], [371, 1428, 251], [1250, 1593, 1468], [1044, 209, 1741], [1640, 486, 672],
[755, 1157, 1414], [600, 896, 1402], [924, 741, 1643], [1599, 912, 586], [1002, 466, 1015], [385, 1316, 1792], [74, 1773, 1480], [325, 1283, 1248], [1794, 502, 1457], [1709, 316, 204],
[641, 1072, 1361], [316, 1758, 517], [1718, 856, 1258], [1621, 715, 430], [467, 1803, 982], [1482, 362, 472], [1534, 436, 506], [1189, 848, 1789], [697, 902, 465], [414, 871, 868],
[618, 1513, 114], [239, 3, 132], [756, 1807, 1074], [275, 1602, 1789], [705, 243, 1766], [1774, 1812, 389], [506, 1606, 911], [1012, 969, 19], [976, 1752, 921], [1527, 341, 1793],
[569, 1045, 1566], [769, 1285, 1655], [901, 301, 1636], [149, 576, 1498], [112, 1368, 1], [139, 1402, 73], [614, 168, 1680], [1611, 1181, 909], [1631, 417, 836], [726, 204, 1263],
[779, 774, 482], [605, 1629, 27], [434, 705, 415], [244, 940, 1077], [2, 1139, 705], [90, 1364, 281], [163, 152, 450], [17, 23, 1717], [1013, 1654, 394], [23, 641, 598],
[1286, 1506, 1458], [28, 286, 1262], [142, 720, 227], [557, 1051, 1167], [1720, 1053, 480], [600, 1229, 104], [967, 1393, 256], [1417, 1496, 280], [1394, 683, 194], [1788, 792, 835],
[561, 338, 516], [193, 453, 802], [1541, 595, 1608], [1768, 1238, 833], [1110, 1132, 147], [1676, 1818, 1376], [1781, 960, 1029], [297, 637, 700], [663, 206, 1469], [858, 254, 522],
[1779, 815, 860], [555, 1095, 1399], [1443, 810, 254], [1226, 753, 1492], [319, 123, 885], [466, 59, 963], [17, 14, 97], [1046, 398, 821], [6, 1061, 1027], [1562, 179, 1281],
[258, 219, 357]]
[[3, 0, 2, 10], [9, 10, 2, 3], [2, 2, 4, 1], [7, 8, 6, 2], [0, 9, 1, 1], [0, 10, 3, 10], [0, 6, 5, 10], [5, 8, 2, 8], [8, 4, 7, 4], [1, 7, 5, 4],
[7, 9, 3, 1], [4, 9, 2, 4], [7, 3, 5, 5], [1, 6, 3, 1], [0, 8, 1, 5], [5, 1, 2, 0], [3, 8, 5, 2], [2, 10, 6, 10], [7, 9, 9, 0], [5, 0, 5, 2],
[2, 10, 5, 3], [4, 8, 4, 4], [4, 3, 9, 9], [2, 9, 10, 5], [6, 2, 8, 7], [10, 1, 4, 6], [0, 2, 5, 3], [1, 10, 5, 3], [7, 9, 6, 0], [4, 8, 2, 8],
[1, 9, 7, 1], [8, 4, 5, 1], [6, 0, 8, 5], [1, 1, 10, 10], [2, 2, 3, 3], [1, 6, 6, 6], [4, 10, 5, 9], [7, 7, 4, 6], [6, 0, 6, 1], [4, 0, 2, 8],
[0, 9, 1, 1], [10, 0, 10, 1], [2, 0, 4, 1], [6, 8, 5, 9], [5, 10, 5, 2], [5, 9, 6, 9], [8, 1, 10, 1], [1, 10, 10, 10], [8, 0, 1, 6], [9, 9, 5, 9],
[9, 10, 8, 2], [5, 2, 0, 0], [0, 3, 0, 5], [0, 4, 3, 8], [6, 0, 9, 5], [10, 6, 5, 6], [6, 4, 1, 2], [0, 6, 0, 9], [3, 6, 9, 7], [9, 8, 7, 9],
[0, 5, 1, 0], [9, 4, 8, 2], [2, 5, 8, 10], [0, 0, 5, 5], [2, 4, 5, 2], [9, 4, 9, 10], [10, 7, 6, 6], [4, 0, 4, 3], [5, 3, 1, 4], [5, 10, 6, 7],
[2, 1, 7, 0], [10, 10, 3, 10], [4, 9, 10, 2], [2, 6, 1, 10], [1, 6, 6, 5], [6, 8, 6, 1], [1, 8, 3, 6], [5, 7, 3, 7], [7, 8, 7, 4], [7, 0, 4, 9],
[7, 3, 9, 9], [8, 9, 6, 9], [4, 1, 3, 10], [10, 8, 9, 9], [5, 1, 4, 10], [7, 5, 4, 3], [2, 0, 7, 8], [9, 9, 6, 5], [2, 5, 1, 8], [3, 8, 6, 5],
[9, 7, 4, 6], [4, 1, 4, 9], [2, 7, 6, 7], [1, 10, 10, 2], [9, 5, 10, 7], [3, 5, 0, 3], [8, 1, 0, 0], [7, 6, 3, 6], [3, 8, 10, 7], [9, 4, 4, 9],
[0, 10, 6, 10]]
[1, 0.05, 0.05, 0.05, 0.05, 0.05, 0.05, 0.05, 0.05, 0.05,
0.05, 0.05, 0.05, 0.05, 0.05, 0.05, 0.05, 0.05, 0.05, 0.05,
0.05, 0.0025, 0.0025, 0.0025, 0.0025, 0.0025, 0.0025, 0.0025, 0.0025, 0.0025,
0.0025, 0.0025, 0.0025, 0.0025, 0.0025, 0.0025, 0.0025, 0.0025, 0.0025, 0.0025,
0.0025, 0.000125, 0.000125, 0.000125, 0.000125, 0.000125, 0.000125, 0.000125, 0.000125, 0.000125,
0.000125, 0.000125, 0.000125, 0.000125, 0.000125, 0.000125, 0.000125, 0.000125, 0.000125, 0.000125,
0.000125, 6.25e-06, 6.25e-06, 6.25e-06, 6.25e-06, 6.25e-06, 6.25e-06, 6.25e-06, 6.25e-06, 6.25e-06,
6.25e-06, 6.25e-06, 6.25e-06, 6.25e-06, 6.25e-06, 6.25e-06, 6.25e-06, 6.25e-06, 6.25e-06, 6.25e-06,
6.25e-06, 3.125e-07, 3.125e-07, 3.125e-07, 3.125e-07, 3.125e-07, 3.125e-07, 3.125e-07, 3.125e-07, 3.125e-07,
3.125e-07, 3.125e-07, 3.125e-07, 3.125e-07, 3.125e-07, 3.125e-07, 3.125e-07, 3.125e-07, 3.125e-07, 3.125e-07,
3.125e-07]
[5, 14, 14, 18, 18, 9, 4, 1, 14, 2,
16, 0, 17, 11, 16, 18, 14, 8, 2, 5,
11, 17, 15, 9, 12, 4, 17, 3, 18, 5,
8, 16, 15, 11, 6, 9, 9, 8, 0, 10,
4, 0, 15, 11, 13, 8, 18, 0, 7, 3,
6, 9, 16, 15, 6, 4, 14, 10, 3, 2,
16, 12, 16, 1, 18, 12, 13, 15, 13, 2,
8, 9, 5, 10, 0, 18, 4, 4, 0, 1,
7, 18, 10, 6, 0, 18, 9, 8, 6, 17,
8, 14, 6, 6, 6, 0, 14, 9, 7, 7,
18]
------------------------------------------------------- 
# stage = 6	# children c = 20	length of each stage p = 1	nodes = 100	# items I = 1
