[42, 87, 65, 90, 69, 43, 4, 19, 30, 89,
38, 8, 92, 41, 96, 40, 33, 55, 59, 7,
74, 88, 18, 36, 59, 1, 99, 92, 13, 29,
64, 55, 16, 95, 44, 85, 3, 48, 70, 100,
2, 74, 75, 60, 82, 70, 67, 14, 92, 25,
21, 65, 80, 5, 0, 38, 73, 66, 96, 86,
95, 25, 6, 10, 86, 16, 61, 56, 65, 98,
55]
[[1392, 1445, 90], [790, 240, 333], [1531, 1637, 96], [1136, 1475, 72], [1048, 49, 1472], [1748, 1720, 163], [421, 589, 1116], [259, 1262, 1282], [564, 877, 483], [139, 77, 1040],
[1473, 1469, 575], [1563, 349, 815], [8, 1881, 565], [104, 1129, 130], [177, 289, 201], [1671, 128, 34], [1834, 571, 623], [1062, 830, 1885], [434, 1416, 852], [939, 1577, 951],
[70, 1163, 511], [667, 816, 882], [1483, 825, 875], [160, 951, 116], [290, 1150, 406], [514, 911, 534], [570, 835, 1127], [1193, 9, 69], [1190, 443, 1508], [155, 1405, 1197],
[1106, 1475, 450], [1639, 254, 1267], [634, 1737, 182], [1509, 9, 1155], [1648, 300, 396], [144, 836, 1307], [700, 1406, 255], [1827, 711, 264], [8, 13, 708], [1516, 168, 203],
[804, 1297, 1700], [1254, 1048, 44], [633, 1682, 1804], [837, 1304, 1813], [83, 1042, 225], [479, 1208, 1083], [1808, 1908, 579], [153, 1847, 1312], [418, 1855, 1326], [1148, 1484, 1516],
[1373, 400, 925], [1185, 1676, 64], [1251, 400, 1768], [1145, 1259, 1184], [1071, 1342, 338], [1296, 1843, 1546], [492, 1742, 1566], [1071, 7, 1503], [496, 447, 1471], [1822, 1595, 1045],
[1450, 1080, 1445], [466, 355, 1211], [530, 1607, 1633], [410, 864, 983], [1595, 25, 437], [23, 1344, 371], [1570, 1836, 225], [1226, 1019, 254], [842, 1537, 702], [403, 1471, 409],
[1470, 1012, 1490]]
[[5, 5, 0, 6], [8, 3, 8, 6], [2, 8, 10, 6], [3, 10, 9, 6], [7, 9, 3, 10], [0, 9, 1, 9], [8, 1, 1, 7], [10, 2, 4, 3], [5, 3, 9, 3], [4, 6, 7, 4],
[1, 6, 10, 5], [4, 8, 0, 0], [7, 4, 8, 5], [0, 9, 1, 6], [9, 2, 0, 8], [2, 3, 0, 8], [6, 7, 0, 8], [0, 7, 1, 2], [1, 0, 5, 3], [8, 5, 1, 2],
[7, 9, 7, 6], [8, 9, 10, 4], [9, 0, 1, 1], [3, 0, 7, 7], [7, 5, 4, 6], [10, 5, 8, 0], [3, 2, 3, 0], [5, 4, 3, 0], [3, 8, 4, 9], [6, 3, 2, 3],
[1, 1, 2, 4], [10, 9, 9, 5], [3, 0, 0, 2], [3, 6, 1, 6], [8, 2, 5, 0], [7, 6, 9, 8], [3, 2, 4, 8], [6, 4, 0, 7], [5, 0, 10, 3], [9, 6, 8, 10],
[7, 6, 10, 10], [1, 0, 4, 7], [3, 9, 7, 8], [4, 6, 3, 7], [6, 7, 4, 1], [0, 2, 7, 3], [2, 4, 6, 9], [10, 1, 8, 4], [5, 6, 2, 6], [6, 6, 2, 7],
[4, 8, 4, 6], [1, 7, 2, 7], [1, 5, 7, 1], [5, 1, 3, 6], [3, 7, 4, 0], [7, 0, 5, 1], [6, 7, 8, 10], [0, 8, 7, 2], [3, 9, 8, 2], [6, 8, 10, 5],
[0, 4, 7, 6], [3, 8, 10, 6], [4, 1, 6, 0], [1, 0, 2, 5], [5, 8, 5, 3], [3, 10, 5, 5], [8, 2, 7, 1], [9, 6, 7, 9], [8, 1, 2, 0], [9, 1, 6, 2],
[3, 0, 1, 2]]
[1, 0.1, 0.1, 0.1, 0.1, 0.1, 0.1, 0.1, 0.1, 0.1,
0.1, 0.01, 0.01, 0.01, 0.01, 0.01, 0.01, 0.01, 0.01, 0.01,
0.01, 0.001, 0.001, 0.001, 0.001, 0.001, 0.001, 0.001, 0.001, 0.001,
0.001, 0.0001, 0.0001, 0.0001, 0.0001, 0.0001, 0.0001, 0.0001, 0.0001, 0.0001,
0.0001, 1e-05, 1e-05, 1e-05, 1e-05, 1e-05, 1e-05, 1e-05, 1e-05, 1e-05,
1e-05, 1e-06, 1e-06, 1e-06, 1e-06, 1e-06, 1e-06, 1e-06, 1e-06, 1e-06,
1e-06, 1e-07, 1e-07, 1e-07, 1e-07, 1e-07, 1e-07, 1e-07, 1e-07, 1e-07,
1e-07]
[18, 10, 6, 10, 9, 18, 11, 19, 2, 1,
1, 1, 18, 12, 7, 17, 14, 7, 4, 3,
19, 3, 0, 13, 19, 19, 0, 15, 5, 11,
14, 1, 8, 1, 2, 9, 2, 11, 8, 10,
2, 0, 1, 5, 7, 3, 16, 14, 5, 1,
4, 8, 16, 13, 19, 3, 12, 0, 3, 5,
13, 16, 13, 7, 18, 18, 11, 13, 2, 3,
10]
------------------------------------------------------- 
# stage = 8	# children c = 10	length of each stage p = 1	nodes = 70	# items I = 1
