[7, 30, 57, 30, 80, 28, 92, 8, 27, 52,
0, 33, 0, 62, 60, 24, 67, 83, 11, 59,
33, 11, 100, 41, 38, 64, 58, 75, 1, 94,
25]
[[1227, 867, 1473], [1692, 690, 412], [294, 1805, 1352], [1338, 395, 1228], [511, 535, 113], [83, 1530, 1169], [1242, 749, 810], [157, 127, 1811], [36, 1182, 1392], [1646, 915, 1491],
[1105, 322, 538], [630, 194, 1101], [1042, 360, 1086], [447, 1570, 1481], [1675, 261, 68], [1660, 344, 1598], [881, 1586, 400], [1691, 1616, 527], [1554, 1652, 1581], [1127, 1351, 676],
[670, 508, 870], [1208, 1138, 1064], [361, 233, 1424], [1447, 552, 1175], [1108, 407, 1308], [1176, 120, 1525], [827, 1001, 1163], [1227, 745, 959], [1754, 479, 664], [1387, 1478, 195],
[244, 328, 575]]
[[6, 4, 0, 4], [6, 2, 8, 5], [2, 8, 3, 6], [5, 5, 10, 1], [7, 5, 10, 10], [2, 0, 7, 7], [0, 2, 10, 9], [2, 10, 2, 6], [3, 0, 9, 8], [2, 6, 2, 2],
[1, 6, 8, 6], [9, 6, 7, 3], [0, 4, 3, 2], [4, 10, 10, 3], [10, 7, 1, 0], [6, 1, 6, 10], [1, 4, 7, 1], [9, 9, 4, 10], [2, 1, 6, 10], [7, 0, 2, 5],
[5, 5, 8, 7], [2, 5, 10, 2], [10, 10, 0, 6], [0, 6, 3, 2], [9, 10, 3, 5], [6, 7, 4, 7], [7, 8, 6, 1], [7, 8, 7, 10], [1, 2, 6, 1], [7, 6, 1, 6],
[3, 1, 10, 3]]
[1, 0.1, 0.1, 0.1, 0.1, 0.1, 0.1, 0.1, 0.1, 0.1,
0.1, 0.01, 0.01, 0.01, 0.01, 0.01, 0.01, 0.01, 0.01, 0.01,
0.01, 0.001, 0.001, 0.001, 0.001, 0.001, 0.001, 0.001, 0.001, 0.001,
0.001]
[13, 10, 6, 5, 16, 16, 13, 14, 4, 8,
12, 13, 1, 7, 6, 13, 14, 13, 18, 10,
12, 4, 3, 5, 13, 3, 6, 6, 8, 7,
12]
------------------------------------------------------- 
# stage = 4	# children c = 10	length of each stage p = 1	nodes = 30	# items I = 1
