[92, 22, 33, 21, 3, 97, 75, 12, 39, 73,
96, 93, 56, 51, 100, 45, 100, 46, 63, 30,
47, 73, 14, 74, 0, 73, 22, 12, 21, 31,
22, 79, 19, 55, 100, 23, 18, 74, 1, 57,
12, 63, 49, 34, 13, 14, 80, 13, 60, 8,
43, 6, 81, 23, 80, 47, 97, 68, 60, 17,
99]
[[1775, 479, 1063], [737, 15, 1150], [1001, 445, 1255], [1561, 645, 124], [360, 140, 881], [1752, 778, 924], [982, 192, 185], [1461, 189, 770], [737, 776, 1788], [768, 1397, 681],
[622, 877, 786], [1685, 1240, 802], [539, 319, 1247], [1794, 1506, 1518], [1544, 1493, 1284], [504, 1323, 141], [1054, 9, 333], [1239, 1096, 522], [88, 1833, 925], [1876, 680, 26],
[261, 928, 529], [1048, 692, 1395], [1476, 1231, 1714], [427, 730, 925], [24, 352, 122], [1308, 856, 1071], [1449, 1537, 1080], [1408, 854, 1802], [1557, 568, 1339], [186, 148, 1645],
[1760, 36, 652], [368, 1084, 970], [1763, 264, 279], [1182, 691, 635], [1733, 341, 988], [1855, 1650, 1470], [1004, 803, 711], [1710, 1838, 1566], [1216, 1099, 1760], [633, 1285, 1535],
[357, 749, 1571], [635, 1117, 359], [1605, 585, 623], [1510, 1393, 940], [1772, 1204, 1282], [838, 763, 636], [12, 1393, 1439], [724, 1181, 981], [1916, 101, 158], [1380, 734, 1069],
[993, 717, 1819], [642, 978, 640], [1001, 287, 851], [1250, 1798, 322], [1817, 1648, 1152], [1177, 190, 1915], [1439, 1750, 1386], [582, 178, 271], [1564, 1720, 1920], [1348, 1179, 359],
[496, 250, 1076]]
[[7, 7, 8, 5], [2, 3, 5, 0], [4, 8, 2, 5], [3, 5, 3, 9], [5, 9, 5, 10], [3, 3, 3, 10], [4, 3, 4, 5], [7, 9, 1, 4], [5, 7, 7, 7], [8, 10, 7, 10],
[5, 8, 4, 8], [0, 7, 5, 5], [3, 10, 2, 6], [0, 5, 4, 4], [7, 8, 10, 3], [6, 9, 5, 0], [3, 1, 8, 0], [0, 2, 10, 6], [8, 1, 1, 8], [7, 6, 0, 10],
[3, 3, 6, 4], [8, 8, 8, 4], [5, 7, 6, 1], [3, 0, 1, 6], [2, 7, 4, 0], [8, 3, 4, 5], [3, 6, 1, 10], [1, 1, 9, 5], [2, 2, 9, 9], [10, 4, 0, 5],
[1, 6, 4, 4], [7, 5, 9, 7], [0, 2, 7, 8], [4, 10, 0, 7], [5, 1, 6, 4], [1, 4, 9, 1], [5, 5, 10, 2], [10, 0, 5, 9], [6, 9, 0, 0], [4, 9, 7, 2],
[1, 2, 10, 5], [1, 10, 1, 4], [10, 5, 8, 9], [7, 5, 10, 1], [8, 10, 2, 5], [10, 7, 3, 3], [6, 2, 4, 8], [0, 9, 10, 10], [0, 7, 4, 10], [6, 3, 3, 3],
[8, 10, 1, 3], [4, 10, 4, 10], [9, 6, 5, 6], [3, 8, 7, 7], [10, 9, 4, 9], [8, 3, 8, 6], [10, 0, 6, 3], [1, 7, 5, 8], [6, 4, 0, 8], [3, 2, 8, 1],
[7, 2, 5, 8]]
[1, 0.1, 0.1, 0.1, 0.1, 0.1, 0.1, 0.1, 0.1, 0.1,
0.1, 0.01, 0.01, 0.01, 0.01, 0.01, 0.01, 0.01, 0.01, 0.01,
0.01, 0.001, 0.001, 0.001, 0.001, 0.001, 0.001, 0.001, 0.001, 0.001,
0.001, 0.0001, 0.0001, 0.0001, 0.0001, 0.0001, 0.0001, 0.0001, 0.0001, 0.0001,
0.0001, 1e-05, 1e-05, 1e-05, 1e-05, 1e-05, 1e-05, 1e-05, 1e-05, 1e-05,
1e-05, 1e-06, 1e-06, 1e-06, 1e-06, 1e-06, 1e-06, 1e-06, 1e-06, 1e-06,
1e-06]
[5, 1, 14, 7, 3, 14, 3, 11, 15, 14,
9, 16, 9, 17, 13, 18, 2, 19, 16, 9,
14, 8, 10, 11, 3, 17, 18, 15, 8, 12,
19, 4, 13, 11, 1, 10, 8, 4, 9, 16,
4, 18, 18, 5, 5, 0, 19, 18, 11, 15,
14, 19, 7, 13, 2, 13, 7, 5, 4, 16,
12]
------------------------------------------------------- 
# stage = 7	# children c = 10	length of each stage p = 1	nodes = 60	# items I = 1
