[16, 84, 91, 67, 25, 58, 17, 22, 11, 56,
60, 39, 27, 61, 12, 36, 96, 54, 1, 51,
82, 62, 13, 3, 17, 88, 20, 57, 49, 5,
58, 65, 55, 49, 31, 80, 6, 14, 2, 84,
71, 28, 89, 98, 89, 1, 0, 50, 55, 68,
1, 37, 29, 81, 6, 13, 69, 27, 70, 17,
99]
[[786, 1552, 1568], [375, 819, 1715], [1011, 1589, 778], [755, 1121, 950], [1302, 1659, 368], [1682, 409, 29], [823, 1127, 1164], [253, 195, 669], [73, 1281, 1567], [449, 710, 1720],
[586, 1134, 1114], [358, 1509, 136], [276, 723, 1725], [693, 1117, 687], [1281, 622, 187], [1649, 507, 596], [1678, 968, 1362], [683, 1222, 1557], [990, 933, 679], [761, 1383, 1027],
[684, 172, 365], [1436, 168, 1512], [1573, 83, 77], [1139, 776, 832], [30, 260, 1454], [217, 1547, 1599], [452, 1428, 771], [1452, 1749, 1631], [850, 942, 767], [1167, 1341, 353],
[398, 1664, 164], [401, 1303, 332], [1551, 1079, 415], [1266, 60, 829], [301, 1525, 727], [1755, 1380, 477], [1196, 35, 1543], [170, 1487, 1495], [1439, 178, 279], [409, 1346, 1620],
[401, 1382, 1487], [565, 1783, 994], [897, 1175, 1711], [1313, 645, 1409], [1780, 584, 1137], [711, 543, 721], [1188, 1377, 756], [935, 1185, 85], [271, 827, 263], [188, 1236, 1247],
[12, 1637, 832], [1137, 43, 456], [1769, 941, 1270], [1322, 95, 118], [934, 78, 702], [275, 789, 883], [996, 1616, 463], [1390, 392, 1648], [1475, 301, 316], [1377, 490, 1191],
[465, 140, 669]]
[[3, 6, 4, 3], [2, 6, 2, 9], [5, 10, 8, 4], [7, 6, 6, 7], [3, 6, 4, 7], [9, 9, 3, 6], [5, 6, 4, 8], [8, 7, 1, 9], [2, 5, 1, 4], [1, 3, 3, 4],
[0, 9, 6, 6], [4, 2, 2, 5], [8, 4, 2, 6], [2, 5, 1, 6], [0, 4, 3, 6], [0, 5, 3, 1], [8, 2, 5, 7], [4, 6, 10, 4], [5, 5, 8, 9], [7, 9, 2, 2],
[2, 4, 6, 3], [7, 8, 9, 5], [10, 1, 9, 10], [4, 1, 9, 0], [4, 4, 7, 6], [8, 4, 8, 0], [8, 6, 10, 4], [4, 10, 5, 4], [3, 0, 7, 10], [6, 5, 4, 5],
[5, 2, 3, 9], [2, 1, 9, 4], [3, 4, 10, 10], [6, 7, 10, 3], [0, 7, 8, 2], [6, 0, 7, 9], [0, 1, 6, 5], [7, 8, 10, 1], [9, 0, 8, 0], [0, 5, 2, 3],
[7, 1, 2, 2], [6, 2, 6, 7], [7, 1, 7, 3], [1, 3, 10, 10], [3, 6, 4, 10], [1, 2, 9, 10], [0, 4, 8, 0], [9, 10, 4, 3], [9, 4, 6, 3], [4, 1, 8, 1],
[0, 4, 2, 1], [6, 1, 9, 9], [5, 1, 6, 7], [3, 4, 6, 3], [6, 2, 4, 3], [10, 6, 6, 9], [8, 1, 1, 0], [0, 9, 10, 0], [0, 1, 10, 6], [2, 9, 4, 8],
[10, 10, 2, 0]]
[1, 0.05, 0.05, 0.05, 0.05, 0.05, 0.05, 0.05, 0.05, 0.05,
0.05, 0.05, 0.05, 0.05, 0.05, 0.05, 0.05, 0.05, 0.05, 0.05,
0.05, 0.0025, 0.0025, 0.0025, 0.0025, 0.0025, 0.0025, 0.0025, 0.0025, 0.0025,
0.0025, 0.0025, 0.0025, 0.0025, 0.0025, 0.0025, 0.0025, 0.0025, 0.0025, 0.0025,
0.0025, 0.000125, 0.000125, 0.000125, 0.000125, 0.000125, 0.000125, 0.000125, 0.000125, 0.000125,
0.000125, 0.000125, 0.000125, 0.000125, 0.000125, 0.000125, 0.000125, 0.000125, 0.000125, 0.000125,
0.000125]
[8, 6, 13, 5, 6, 2, 8, 12, 9, 5,
14, 12, 17, 14, 1, 7, 7, 17, 4, 2,
4, 10, 9, 7, 0, 15, 3, 7, 1, 5,
15, 8, 6, 1, 11, 16, 8, 7, 14, 15,
7, 8, 0, 6, 15, 1, 6, 13, 15, 0,
17, 5, 8, 5, 6, 14, 11, 1, 14, 10,
0]
------------------------------------------------------- 
# stage = 4	# children c = 20	length of each stage p = 1	nodes = 60	# items I = 1
