[33, 71, 61, 66, 100, 15, 80, 22, 53, 25,
24, 92, 100, 89, 99, 84, 42, 52, 41, 7,
62, 86, 93, 15, 53, 29, 7, 57, 51, 69,
77, 84, 39, 37, 15, 4, 53, 96, 93, 72,
20, 84, 63, 86, 72, 27, 69, 81, 80, 10,
54, 41, 62, 46, 56, 14, 41, 29, 37, 93,
64, 80, 42, 2, 17, 58, 74, 36, 53, 66,
7, 39, 49, 37, 25, 88, 30, 60, 34, 76,
36]
[[1219, 162, 1515], [642, 703, 2041], [442, 149, 1892], [101, 1673, 1362], [490, 1263, 752], [1712, 236, 1226], [1942, 1934, 400], [234, 1578, 1757], [1817, 1989, 1867], [119, 757, 935],
[945, 1976, 579], [1942, 573, 1282], [1939, 1015, 1431], [1268, 599, 541], [67, 1089, 1286], [302, 756, 1005], [1010, 135, 894], [1410, 1896, 1954], [1122, 1668, 1898], [427, 1269, 92],
[844, 1696, 23], [1423, 1594, 79], [660, 970, 576], [1574, 1720, 1175], [1597, 1270, 1746], [321, 1572, 1984], [1326, 537, 1601], [1702, 1429, 1452], [1611, 2034, 557], [946, 1943, 1826],
[1038, 742, 960], [543, 1647, 509], [104, 1789, 1479], [163, 800, 636], [820, 353, 1906], [522, 156, 915], [1988, 1482, 934], [1545, 621, 319], [952, 187, 1835], [1510, 615, 1733],
[773, 1135, 1957], [1733, 1160, 1041], [1724, 1265, 785], [640, 1428, 1586], [1277, 1730, 1421], [1138, 207, 1577], [9, 151, 496], [425, 1696, 1117], [744, 85, 786], [16, 1077, 1401],
[1749, 1851, 2018], [1143, 1021, 1133], [139, 701, 353], [407, 1341, 1263], [1475, 55, 949], [851, 676, 638], [383, 167, 789], [879, 592, 1967], [1996, 819, 1535], [219, 835, 567],
[1620, 22, 373], [1593, 1165, 877], [681, 787, 1060], [517, 676, 1883], [1780, 106, 1939], [166, 957, 570], [805, 822, 219], [1076, 1183, 811], [481, 616, 1630], [2016, 835, 421],
[538, 1937, 1970], [394, 967, 572], [753, 1130, 1359], [1813, 1647, 2035], [1651, 865, 1623], [1027, 513, 535], [1079, 1318, 839], [1298, 1877, 2022], [65, 313, 75], [1177, 1811, 910],
[1080, 304, 802]]
[[3, 9, 9, 9], [9, 7, 7, 3], [0, 10, 2, 2], [3, 9, 9, 10], [9, 1, 4, 4], [1, 0, 7, 9], [1, 6, 0, 5], [3, 3, 3, 4], [10, 2, 2, 7], [9, 7, 8, 9],
[5, 0, 10, 6], [9, 8, 5, 5], [8, 7, 7, 9], [7, 3, 5, 9], [7, 5, 1, 10], [6, 4, 1, 6], [6, 3, 0, 3], [9, 8, 10, 1], [6, 9, 7, 2], [5, 1, 5, 2],
[8, 2, 9, 4], [3, 3, 0, 0], [6, 1, 8, 2], [6, 10, 6, 10], [0, 6, 2, 9], [1, 0, 8, 6], [9, 4, 8, 3], [3, 3, 3, 0], [3, 1, 3, 6], [2, 1, 4, 9],
[3, 2, 9, 7], [1, 4, 6, 1], [8, 7, 9, 9], [7, 6, 4, 3], [9, 0, 5, 1], [1, 8, 0, 4], [8, 1, 10, 8], [2, 2, 6, 3], [4, 2, 10, 5], [6, 4, 4, 3],
[0, 0, 0, 5], [5, 4, 8, 3], [4, 2, 2, 5], [9, 0, 7, 6], [1, 5, 1, 2], [7, 8, 5, 0], [8, 5, 3, 4], [9, 5, 5, 7], [6, 5, 1, 0], [8, 7, 1, 1],
[10, 1, 5, 6], [2, 1, 10, 1], [4, 0, 3, 0], [6, 9, 0, 4], [1, 1, 6, 10], [7, 0, 6, 2], [6, 5, 0, 1], [1, 10, 0, 9], [9, 5, 4, 9], [5, 3, 0, 9],
[4, 1, 10, 8], [10, 8, 1, 9], [10, 7, 8, 4], [6, 1, 4, 10], [4, 4, 0, 6], [1, 0, 4, 8], [4, 7, 7, 9], [8, 7, 5, 10], [6, 2, 8, 4], [9, 7, 2, 6],
[4, 9, 10, 8], [8, 3, 7, 2], [5, 7, 6, 4], [5, 8, 1, 9], [4, 8, 5, 2], [2, 9, 10, 9], [0, 7, 0, 7], [4, 2, 2, 6], [0, 10, 3, 7], [2, 8, 9, 5],
[4, 2, 9, 7]]
[1, 0.05, 0.05, 0.05, 0.05, 0.05, 0.05, 0.05, 0.05, 0.05,
0.05, 0.05, 0.05, 0.05, 0.05, 0.05, 0.05, 0.05, 0.05, 0.05,
0.05, 0.0025, 0.0025, 0.0025, 0.0025, 0.0025, 0.0025, 0.0025, 0.0025, 0.0025,
0.0025, 0.0025, 0.0025, 0.0025, 0.0025, 0.0025, 0.0025, 0.0025, 0.0025, 0.0025,
0.0025, 0.000125, 0.000125, 0.000125, 0.000125, 0.000125, 0.000125, 0.000125, 0.000125, 0.000125,
0.000125, 0.000125, 0.000125, 0.000125, 0.000125, 0.000125, 0.000125, 0.000125, 0.000125, 0.000125,
0.000125, 6.25e-06, 6.25e-06, 6.25e-06, 6.25e-06, 6.25e-06, 6.25e-06, 6.25e-06, 6.25e-06, 6.25e-06,
6.25e-06, 6.25e-06, 6.25e-06, 6.25e-06, 6.25e-06, 6.25e-06, 6.25e-06, 6.25e-06, 6.25e-06, 6.25e-06,
6.25e-06]
[8, 8, 2, 8, 10, 6, 3, 4, 8, 0,
10, 7, 0, 5, 3, 8, 0, 7, 0, 8,
2, 9, 2, 6, 7, 8, 5, 6, 4, 4,
7, 5, 2, 5, 2, 2, 3, 10, 9, 0,
8, 8, 0, 3, 10, 9, 5, 10, 1, 10,
6, 7, 7, 10, 6, 8, 6, 3, 7, 8,
1, 9, 5, 0, 3, 7, 9, 3, 7, 9,
10, 4, 1, 7, 10, 1, 6, 4, 7, 5,
2]
------------------------------------------------------- 
# stage = 5	# children c = 20	length of each stage p = 1	nodes = 80	# items I = 1
