[78, 90, 65, 70, 13, 29, 78, 60, 97, 10,
44, 33, 55, 32, 29, 86, 50, 42, 31, 57,
33, 12, 89, 97, 76, 1, 59, 45, 92, 11,
45, 35, 1, 9, 72, 81, 4, 15, 41, 67,
25, 51, 100, 81, 83, 28, 32, 99, 36, 63,
55, 35, 41, 43, 31, 17, 10, 56, 28, 1,
68, 74, 2, 35, 83, 74, 82, 54, 89, 22,
20]
[[430, 1011, 732], [614, 757, 353], [681, 247, 342], [560, 446, 855], [1079, 992, 325], [970, 740, 731], [1132, 1042, 775], [221, 300, 480], [435, 273, 801], [173, 1016, 1113],
[7, 839, 380], [739, 317, 1], [1092, 998, 776], [827, 950, 615], [546, 893, 471], [263, 727, 604], [386, 116, 510], [25, 337, 203], [1033, 165, 476], [90, 338, 885],
[68, 345, 588], [976, 477, 905], [978, 961, 159], [618, 652, 1109], [625, 590, 866], [1097, 245, 986], [1093, 631, 1102], [995, 656, 831], [62, 1081, 388], [539, 36, 726],
[816, 632, 464], [268, 1000, 941], [565, 842, 158], [724, 853, 811], [697, 342, 793], [427, 831, 1039], [277, 180, 534], [771, 40, 583], [467, 102, 528], [855, 33, 1092],
[974, 849, 1116], [302, 509, 981], [635, 1074, 79], [793, 662, 324], [996, 223, 667], [654, 43, 890], [557, 848, 1071], [483, 484, 1111], [1066, 343, 605], [987, 590, 31],
[943, 428, 272], [316, 122, 782], [689, 149, 720], [768, 335, 775], [1093, 195, 390], [16, 241, 433], [906, 190, 146], [233, 674, 22], [736, 1132, 365], [206, 983, 347],
[765, 183, 776], [1037, 499, 290], [75, 580, 440], [188, 212, 775], [963, 697, 362], [217, 105, 604], [43, 404, 794], [717, 637, 860], [739, 238, 857], [496, 972, 96],
[843, 1129, 279]]
[[7, 8, 2, 7], [2, 3, 5, 2], [8, 9, 10, 6], [1, 1, 3, 3], [8, 4, 7, 0], [3, 1, 4, 6], [9, 5, 8, 2], [6, 7, 2, 0], [5, 4, 7, 5], [5, 1, 6, 0],
[8, 5, 7, 10], [5, 10, 0, 0], [3, 7, 10, 7], [6, 3, 0, 5], [8, 6, 5, 1], [1, 7, 10, 4], [9, 6, 7, 4], [8, 2, 2, 3], [6, 9, 2, 0], [8, 1, 9, 10],
[8, 8, 4, 2], [9, 4, 7, 5], [9, 10, 4, 10], [5, 4, 3, 1], [10, 8, 3, 5], [0, 6, 9, 6], [4, 9, 4, 0], [10, 2, 10, 6], [9, 3, 8, 5], [5, 2, 10, 3],
[1, 4, 0, 4], [8, 1, 6, 5], [10, 9, 9, 8], [4, 7, 3, 7], [3, 5, 5, 1], [7, 4, 7, 3], [5, 4, 9, 8], [4, 8, 10, 5], [10, 8, 8, 5], [10, 3, 9, 7],
[10, 7, 4, 2], [1, 5, 9, 4], [10, 3, 3, 4], [5, 10, 8, 8], [1, 4, 5, 5], [10, 2, 9, 10], [0, 6, 2, 10], [7, 0, 4, 4], [7, 8, 6, 6], [2, 2, 0, 1],
[5, 3, 3, 8], [1, 0, 3, 2], [4, 9, 8, 2], [9, 4, 1, 9], [10, 3, 6, 4], [2, 10, 8, 9], [5, 4, 5, 5], [6, 3, 4, 10], [4, 8, 5, 5], [6, 9, 6, 9],
[5, 1, 0, 3], [5, 1, 0, 2], [2, 6, 6, 4], [4, 1, 1, 7], [5, 4, 2, 10], [5, 4, 7, 7], [1, 1, 0, 8], [8, 6, 6, 2], [5, 4, 4, 10], [3, 4, 10, 5],
[8, 3, 8, 10]]
[1, 0.1, 0.1, 0.1, 0.1, 0.1, 0.1, 0.1, 0.1, 0.1,
0.1, 0.01, 0.01, 0.01, 0.01, 0.01, 0.01, 0.01, 0.01, 0.01,
0.01, 0.001, 0.001, 0.001, 0.001, 0.001, 0.001, 0.001, 0.001, 0.001,
0.001, 0.0001, 0.0001, 0.0001, 0.0001, 0.0001, 0.0001, 0.0001, 0.0001, 0.0001,
0.0001, 1e-05, 1e-05, 1e-05, 1e-05, 1e-05, 1e-05, 1e-05, 1e-05, 1e-05,
1e-05, 1e-06, 1e-06, 1e-06, 1e-06, 1e-06, 1e-06, 1e-06, 1e-06, 1e-06,
1e-06, 1e-07, 1e-07, 1e-07, 1e-07, 1e-07, 1e-07, 1e-07, 1e-07, 1e-07,
1e-07]
[2, 2, 2, 6, 1, 4, 2, 7, 6, 6,
10, 5, 9, 4, 10, 4, 6, 3, 8, 7,
10, 9, 2, 6, 2, 3, 6, 0, 2, 8,
0, 6, 3, 10, 6, 5, 10, 0, 11, 8,
3, 2, 0, 8, 7, 0, 2, 9, 11, 1,
10, 1, 1, 8, 4, 6, 3, 8, 11, 3,
5, 6, 1, 9, 0, 1, 9, 2, 3, 3,
2]
------------------------------------------------------- 
# stage = 8	# children c = 10	length of each stage p = 1	nodes = 70	# items I = 1
