[48, 2, 12, 9, 1, 49, 5, 35, 39, 31,
82, 46, 61, 9, 9, 17, 50, 77, 76, 30,
40, 1, 95, 67, 11, 16, 88, 5, 71, 80,
35, 85, 82, 14, 94, 50, 63, 99, 85, 2,
97, 32, 14, 57, 8, 90, 40, 58, 67, 82,
88, 73, 83, 49, 5, 95, 65, 94, 100, 1,
39, 0, 86, 21, 81, 45, 37, 44, 9, 21,
12, 5, 20, 26, 28, 28, 16, 68, 52, 49,
49, 5, 88, 99, 54, 94, 59, 18, 87, 24,
19, 92, 91, 71, 12, 72, 15, 49, 15, 92,
37, 27, 97, 57, 19, 25, 51, 1, 59, 69,
16, 8, 74, 4, 73, 28, 98, 31, 12, 50,
55, 99, 41, 11, 69, 20, 83, 51, 69, 98,
42, 72, 91, 4, 95, 77, 29, 11, 78, 55,
80]
[[1209, 857, 1274], [188, 1743, 1656], [1777, 890, 1051], [1333, 1381, 368], [17, 1909, 1285], [661, 1951, 1351], [1124, 61, 1565], [711, 1898, 530], [851, 1381, 375], [798, 1746, 767],
[437, 282, 928], [1711, 1752, 1975], [694, 1552, 192], [1745, 211, 877], [1418, 1510, 112], [725, 193, 85], [1380, 622, 1428], [967, 637, 1349], [802, 1488, 56], [481, 1590, 1802],
[553, 50, 1388], [1481, 1065, 1163], [783, 1759, 41], [975, 1527, 252], [1852, 967, 1762], [1964, 996, 1259], [1353, 398, 1185], [107, 670, 1822], [1456, 1472, 636], [816, 1257, 249],
[641, 1810, 299], [1333, 618, 1364], [518, 1401, 1146], [1841, 1680, 1977], [1397, 858, 966], [1181, 148, 1266], [1745, 805, 968], [952, 912, 1638], [101, 1673, 436], [737, 511, 1694],
[986, 456, 1526], [1285, 1790, 166], [1954, 330, 871], [1122, 1476, 573], [1121, 895, 735], [1391, 1381, 883], [1961, 1148, 1688], [951, 1404, 623], [612, 809, 1600], [1048, 1547, 133],
[764, 1837, 590], [1595, 449, 402], [1065, 425, 36], [1937, 851, 816], [1814, 1276, 1712], [572, 689, 1115], [759, 1954, 1567], [1752, 927, 297], [397, 1539, 411], [1301, 1892, 1958],
[1434, 678, 1121], [46, 295, 874], [1730, 665, 1299], [1071, 624, 1454], [1887, 1742, 752], [1621, 1618, 745], [62, 400, 721], [933, 174, 1649], [535, 1853, 514], [946, 1176, 428],
[230, 632, 411], [1351, 1961, 10], [1530, 1017, 675], [155, 110, 1299], [1610, 1302, 368], [1666, 249, 8], [434, 1594, 1690], [459, 549, 1864], [1412, 388, 1043], [1927, 1334, 241],
[1659, 1564, 178], [92, 242, 1443], [103, 1076, 1764], [778, 1231, 1179], [1382, 863, 503], [1750, 552, 752], [1062, 290, 368], [775, 749, 222], [661, 184, 610], [1009, 1415, 1249],
[1250, 1096, 835], [732, 1189, 381], [1479, 596, 1457], [1266, 1374, 15], [467, 82, 878], [970, 1136, 734], [1722, 221, 1024], [1395, 996, 1078], [1617, 961, 566], [1531, 1274, 1285],
[802, 547, 403], [942, 583, 896], [1323, 85, 796], [107, 1351, 193], [122, 1818, 1557], [304, 114, 716], [1039, 1140, 241], [1367, 557, 541], [1749, 1478, 806], [337, 1032, 103],
[1622, 1834, 1932], [1330, 798, 537], [1530, 1426, 622], [349, 837, 1973], [1824, 959, 1117], [1403, 567, 1231], [1423, 910, 394], [1664, 300, 255], [227, 71, 1734], [338, 1691, 788],
[441, 639, 1926], [395, 1969, 747], [932, 826, 195], [859, 1175, 336], [854, 1021, 599], [1276, 1728, 1166], [529, 478, 99], [227, 164, 1681], [483, 1674, 1056], [1521, 34, 769],
[1613, 1757, 713], [1561, 174, 8], [330, 410, 834], [1807, 1269, 1313], [165, 1428, 1638], [764, 726, 1389], [1235, 559, 1867], [638, 787, 1335], [341, 574, 335], [701, 1399, 369],
[775, 1034, 1430]]
[[3, 0, 8, 7], [6, 7, 7, 8], [0, 6, 5, 6], [7, 5, 1, 10], [0, 10, 6, 3], [2, 3, 0, 9], [5, 6, 9, 9], [1, 4, 4, 2], [2, 10, 9, 8], [4, 5, 3, 4],
[9, 6, 9, 4], [0, 8, 3, 9], [7, 7, 0, 7], [9, 0, 5, 3], [4, 1, 1, 5], [3, 3, 6, 3], [2, 4, 0, 6], [8, 1, 9, 6], [7, 5, 8, 6], [2, 1, 4, 7],
[6, 4, 3, 4], [2, 8, 7, 6], [8, 9, 10, 0], [10, 5, 4, 0], [7, 2, 6, 4], [4, 2, 9, 9], [7, 6, 4, 7], [5, 7, 3, 1], [0, 4, 5, 1], [0, 0, 7, 8],
[9, 4, 8, 6], [7, 10, 6, 4], [2, 0, 8, 4], [2, 4, 0, 8], [0, 5, 2, 5], [1, 4, 4, 10], [8, 10, 0, 8], [10, 6, 5, 6], [8, 1, 10, 5], [0, 6, 9, 0],
[6, 4, 2, 6], [9, 3, 1, 7], [6, 4, 1, 5], [8, 4, 4, 3], [1, 3, 10, 0], [7, 4, 4, 4], [3, 3, 9, 2], [9, 5, 0, 2], [8, 1, 9, 6], [2, 10, 2, 8],
[1, 1, 0, 9], [3, 2, 0, 4], [5, 10, 4, 1], [1, 6, 4, 5], [8, 0, 5, 4], [6, 5, 7, 3], [4, 3, 7, 6], [2, 7, 3, 2], [6, 3, 0, 10], [4, 9, 3, 9],
[8, 6, 9, 10], [1, 0, 2, 7], [0, 5, 1, 6], [8, 8, 7, 2], [9, 3, 8, 9], [10, 10, 0, 6], [0, 10, 3, 4], [8, 6, 1, 4], [1, 10, 3, 1], [8, 3, 8, 8],
[8, 9, 2, 5], [4, 9, 7, 0], [0, 3, 10, 8], [2, 10, 1, 2], [9, 4, 7, 5], [0, 6, 9, 10], [3, 10, 0, 0], [2, 7, 8, 8], [3, 10, 2, 8], [7, 8, 8, 7],
[9, 5, 4, 0], [5, 6, 0, 1], [10, 5, 6, 8], [0, 2, 8, 3], [1, 6, 3, 1], [2, 1, 9, 6], [9, 10, 1, 5], [5, 7, 1, 3], [2, 4, 3, 7], [10, 3, 6, 7],
[7, 0, 5, 7], [2, 2, 0, 2], [6, 1, 3, 9], [0, 0, 2, 10], [10, 3, 2, 4], [10, 2, 7, 1], [6, 8, 6, 5], [9, 0, 10, 5], [0, 4, 0, 0], [4, 0, 2, 0],
[10, 4, 9, 0], [4, 9, 8, 1], [1, 10, 5, 9], [1, 10, 9, 5], [7, 4, 8, 3], [2, 8, 9, 2], [1, 9, 3, 6], [7, 3, 4, 6], [7, 0, 4, 9], [9, 1, 10, 10],
[10, 2, 6, 9], [10, 4, 4, 4], [7, 1, 8, 9], [7, 6, 1, 7], [2, 2, 2, 7], [5, 4, 0, 0], [4, 5, 9, 2], [4, 7, 10, 1], [7, 5, 0, 7], [8, 2, 0, 4],
[1, 6, 2, 9], [10, 1, 5, 1], [3, 5, 6, 7], [7, 7, 5, 0], [10, 1, 0, 1], [8, 10, 3, 3], [2, 1, 8, 10], [1, 8, 1, 2], [4, 4, 9, 1], [3, 1, 3, 5],
[6, 7, 1, 0], [3, 6, 0, 0], [7, 0, 2, 3], [8, 3, 4, 9], [4, 1, 6, 5], [9, 8, 5, 0], [1, 4, 0, 2], [5, 3, 7, 10], [10, 8, 10, 1], [1, 9, 1, 7],
[7, 1, 10, 3]]
[1, 0.05, 0.05, 0.05, 0.05, 0.05, 0.05, 0.05, 0.05, 0.05,
0.05, 0.05, 0.05, 0.05, 0.05, 0.05, 0.05, 0.05, 0.05, 0.05,
0.05, 0.0025, 0.0025, 0.0025, 0.0025, 0.0025, 0.0025, 0.0025, 0.0025, 0.0025,
0.0025, 0.0025, 0.0025, 0.0025, 0.0025, 0.0025, 0.0025, 0.0025, 0.0025, 0.0025,
0.0025, 0.000125, 0.000125, 0.000125, 0.000125, 0.000125, 0.000125, 0.000125, 0.000125, 0.000125,
0.000125, 0.000125, 0.000125, 0.000125, 0.000125, 0.000125, 0.000125, 0.000125, 0.000125, 0.000125,
0.000125, 6.25e-06, 6.25e-06, 6.25e-06, 6.25e-06, 6.25e-06, 6.25e-06, 6.25e-06, 6.25e-06, 6.25e-06,
6.25e-06, 6.25e-06, 6.25e-06, 6.25e-06, 6.25e-06, 6.25e-06, 6.25e-06, 6.25e-06, 6.25e-06, 6.25e-06,
6.25e-06, 3.125e-07, 3.125e-07, 3.125e-07, 3.125e-07, 3.125e-07, 3.125e-07, 3.125e-07, 3.125e-07, 3.125e-07,
3.125e-07, 3.125e-07, 3.125e-07, 3.125e-07, 3.125e-07, 3.125e-07, 3.125e-07, 3.125e-07, 3.125e-07, 3.125e-07,
3.125e-07, 1.5625e-08, 1.5625e-08, 1.5625e-08, 1.5625e-08, 1.5625e-08, 1.5625e-08, 1.5625e-08, 1.5625e-08, 1.5625e-08,
1.5625e-08, 1.5625e-08, 1.5625e-08, 1.5625e-08, 1.5625e-08, 1.5625e-08, 1.5625e-08, 1.5625e-08, 1.5625e-08, 1.5625e-08,
1.5625e-08, 7.8125e-10, 7.8125e-10, 7.8125e-10, 7.8125e-10, 7.8125e-10, 7.8125e-10, 7.8125e-10, 7.8125e-10, 7.8125e-10,
7.8125e-10, 7.8125e-10, 7.8125e-10, 7.8125e-10, 7.8125e-10, 7.8125e-10, 7.8125e-10, 7.8125e-10, 7.8125e-10, 7.8125e-10,
7.8125e-10]
[19, 12, 1, 7, 6, 10, 3, 6, 14, 14,
10, 1, 1, 3, 4, 16, 0, 19, 1, 8,
16, 13, 9, 2, 16, 14, 8, 12, 15, 13,
0, 18, 1, 6, 9, 3, 4, 16, 7, 8,
7, 1, 9, 4, 14, 7, 18, 10, 16, 2,
14, 2, 13, 4, 1, 7, 7, 3, 19, 5,
4, 3, 3, 13, 2, 8, 13, 7, 12, 11,
9, 13, 12, 17, 15, 16, 0, 5, 4, 6,
7, 7, 16, 11, 10, 6, 6, 8, 0, 13,
0, 19, 12, 15, 15, 15, 7, 15, 8, 16,
5, 10, 5, 13, 4, 13, 7, 17, 0, 8,
6, 18, 17, 1, 4, 0, 15, 13, 1, 10,
5, 14, 19, 4, 15, 15, 7, 19, 11, 5,
13, 9, 9, 0, 0, 0, 5, 2, 17, 16,
10]
------------------------------------------------------- 
# stage = 8	# children c = 20	length of each stage p = 1	nodes = 140	# items I = 1
