[91, 31, 8, 79, 21, 65, 84, 27, 86, 45,
15, 64, 59, 8, 56, 82, 45, 63, 54, 66,
68, 75, 97, 43, 88, 67, 41, 82, 98, 78,
37, 88, 75, 11, 66, 63, 42, 15, 90, 27,
61]
[[1272, 578, 1680], [386, 1754, 861], [1322, 328, 678], [1603, 1068, 1082], [1212, 1261, 1027], [1310, 697, 1433], [1749, 1165, 1156], [858, 533, 1359], [1443, 974, 732], [1425, 1401, 1492],
[712, 770, 168], [961, 1628, 19], [1822, 1047, 347], [1068, 1218, 1886], [247, 528, 1245], [1746, 406, 39], [1747, 253, 1675], [1001, 1582, 777], [928, 1122, 1751], [228, 644, 1720],
[1721, 1827, 1059], [1889, 1356, 784], [476, 1276, 1831], [1294, 912, 1147], [1277, 1160, 243], [619, 1474, 649], [1130, 1318, 1373], [902, 887, 1052], [247, 1815, 271], [566, 141, 1386],
[384, 430, 1782], [1443, 416, 1235], [324, 1363, 1079], [723, 754, 89], [1870, 599, 1720], [210, 1690, 1291], [1331, 917, 706], [801, 387, 162], [422, 635, 74], [1164, 1201, 686],
[648, 153, 1587]]
[[3, 2, 10, 7], [6, 9, 5, 8], [0, 7, 0, 0], [9, 3, 1, 7], [8, 10, 5, 8], [2, 8, 2, 1], [1, 7, 9, 8], [4, 4, 2, 6], [6, 10, 0, 0], [7, 5, 8, 7],
[1, 6, 8, 9], [7, 7, 5, 4], [5, 8, 10, 7], [5, 2, 7, 5], [9, 5, 0, 1], [9, 0, 7, 3], [10, 7, 1, 6], [0, 9, 3, 10], [4, 9, 8, 1], [5, 0, 3, 10],
[7, 3, 5, 1], [5, 1, 4, 3], [6, 4, 2, 2], [4, 9, 5, 4], [4, 6, 8, 4], [2, 0, 1, 5], [7, 8, 4, 2], [8, 7, 10, 2], [10, 4, 2, 2], [5, 6, 4, 9],
[0, 6, 1, 2], [3, 4, 4, 7], [0, 2, 9, 0], [0, 10, 5, 6], [5, 9, 6, 3], [6, 5, 5, 3], [8, 7, 6, 0], [1, 10, 10, 10], [5, 0, 1, 8], [4, 4, 2, 2],
[4, 9, 3, 2]]
[1, 0.1, 0.1, 0.1, 0.1, 0.1, 0.1, 0.1, 0.1, 0.1,
0.1, 0.01, 0.01, 0.01, 0.01, 0.01, 0.01, 0.01, 0.01, 0.01,
0.01, 0.001, 0.001, 0.001, 0.001, 0.001, 0.001, 0.001, 0.001, 0.001,
0.001, 0.0001, 0.0001, 0.0001, 0.0001, 0.0001, 0.0001, 0.0001, 0.0001, 0.0001,
0.0001]
[6, 12, 4, 16, 9, 1, 16, 14, 5, 14,
18, 13, 2, 16, 16, 8, 10, 4, 19, 10,
10, 17, 16, 16, 10, 16, 9, 9, 18, 13,
7, 10, 13, 4, 7, 1, 10, 15, 2, 12,
5]
------------------------------------------------------- 
# stage = 5	# children c = 10	length of each stage p = 1	nodes = 40	# items I = 1
