[55, 50, 20, 26, 44, 9, 13, 77, 51, 25,
29, 0, 24, 40, 80, 78, 90, 12, 71, 58,
34, 60, 65, 44, 1, 35, 44, 92, 51, 6,
28, 73, 22, 48, 65, 66, 57, 78, 42, 74,
70, 72, 74, 94, 78, 53, 37, 67, 65, 7,
24, 65, 33, 56, 8, 34, 91, 52, 26, 7,
59]
[[788, 890, 798], [347, 426, 56], [21, 1014, 236], [609, 635, 461], [473, 1044, 181], [759, 932, 331], [870, 587, 1083], [30, 341, 825], [700, 1020, 1008], [905, 602, 970],
[67, 206, 677], [865, 553, 17], [921, 477, 1031], [1060, 988, 482], [435, 375, 440], [518, 1037, 287], [849, 821, 776], [748, 753, 31], [390, 368, 953], [312, 89, 371],
[99, 156, 577], [776, 923, 1032], [793, 661, 325], [640, 635, 228], [37, 972, 603], [477, 405, 554], [666, 70, 192], [356, 721, 945], [289, 25, 129], [58, 239, 218],
[429, 338, 276], [908, 1016, 16], [757, 625, 677], [1082, 180, 226], [224, 119, 112], [730, 498, 419], [100, 79, 392], [292, 337, 27], [54, 529, 52], [183, 587, 291],
[304, 919, 532], [580, 643, 462], [498, 314, 2], [89, 213, 84], [217, 437, 203], [330, 1069, 701], [651, 84, 682], [945, 376, 922], [972, 430, 365], [926, 516, 952],
[34, 820, 687], [566, 216, 245], [930, 715, 461], [932, 706, 674], [918, 924, 1014], [35, 168, 997], [639, 721, 1081], [137, 581, 274], [1059, 369, 606], [338, 210, 1024],
[107, 244, 758]]
[[7, 6, 7, 3], [3, 2, 2, 10], [8, 3, 8, 2], [9, 7, 1, 9], [9, 2, 3, 8], [6, 7, 3, 10], [3, 1, 6, 3], [1, 2, 3, 6], [8, 0, 9, 9], [0, 9, 9, 6],
[1, 6, 9, 10], [1, 10, 6, 10], [10, 9, 6, 4], [6, 7, 3, 7], [8, 8, 10, 10], [10, 1, 5, 7], [10, 4, 6, 10], [0, 2, 5, 2], [6, 1, 10, 5], [10, 6, 5, 7],
[2, 9, 0, 6], [5, 2, 2, 2], [10, 0, 10, 9], [10, 3, 3, 9], [5, 7, 6, 5], [7, 9, 7, 3], [9, 5, 8, 8], [9, 0, 2, 0], [9, 3, 7, 3], [3, 7, 4, 0],
[7, 1, 9, 6], [4, 10, 2, 9], [5, 8, 4, 1], [5, 9, 4, 3], [1, 0, 9, 10], [0, 0, 0, 10], [1, 5, 0, 4], [1, 2, 4, 9], [2, 0, 2, 6], [9, 5, 5, 3],
[0, 7, 2, 5], [3, 5, 6, 5], [5, 2, 4, 5], [3, 2, 2, 2], [7, 1, 5, 7], [1, 7, 3, 3], [6, 5, 10, 4], [10, 2, 5, 9], [7, 7, 1, 10], [1, 6, 4, 4],
[8, 7, 10, 9], [9, 10, 1, 4], [9, 4, 0, 0], [0, 3, 3, 6], [8, 0, 10, 6], [0, 2, 2, 7], [8, 3, 7, 7], [9, 9, 1, 5], [5, 9, 3, 4], [6, 2, 8, 5],
[6, 8, 5, 7]]
[1, 0.05, 0.05, 0.05, 0.05, 0.05, 0.05, 0.05, 0.05, 0.05,
0.05, 0.05, 0.05, 0.05, 0.05, 0.05, 0.05, 0.05, 0.05, 0.05,
0.05, 0.0025, 0.0025, 0.0025, 0.0025, 0.0025, 0.0025, 0.0025, 0.0025, 0.0025,
0.0025, 0.0025, 0.0025, 0.0025, 0.0025, 0.0025, 0.0025, 0.0025, 0.0025, 0.0025,
0.0025, 0.000125, 0.000125, 0.000125, 0.000125, 0.000125, 0.000125, 0.000125, 0.000125, 0.000125,
0.000125, 0.000125, 0.000125, 0.000125, 0.000125, 0.000125, 0.000125, 0.000125, 0.000125, 0.000125,
0.000125]
[4, 9, 8, 5, 7, 8, 0, 3, 3, 2,
9, 0, 5, 5, 2, 2, 3, 3, 6, 2,
6, 9, 1, 3, 5, 3, 1, 6, 6, 5,
4, 4, 7, 3, 0, 2, 3, 7, 9, 5,
4, 4, 9, 9, 8, 2, 8, 6, 8, 4,
1, 1, 2, 6, 6, 1, 5, 0, 2, 8,
0]
------------------------------------------------------- 
# stage = 4	# children c = 20	length of each stage p = 1	nodes = 60	# items I = 1
