[65, 43, 66, 30, 50, 34, 79, 29, 35, 17,
57, 66, 48, 33, 73, 13, 86, 59, 94, 37,
84, 10, 73, 69, 16, 7, 30, 60, 5, 66,
84, 71, 75, 16, 67, 24, 16, 45, 19, 17,
62, 76, 83, 76, 8, 21, 55, 94, 81, 49,
30, 64, 59, 69, 99, 41, 43, 28, 68, 48,
60, 51, 85, 34, 33, 51, 24, 50, 62, 43,
67, 90, 85, 50, 32, 94, 71, 87, 87, 17,
1]
[[944, 256, 1012], [791, 472, 494], [729, 248, 259], [12, 803, 1050], [6, 797, 598], [261, 66, 978], [363, 1068, 884], [782, 742, 640], [182, 1073, 626], [330, 277, 39],
[429, 209, 369], [428, 1074, 841], [996, 717, 76], [242, 803, 879], [205, 809, 663], [803, 1071, 729], [768, 421, 710], [565, 190, 439], [119, 446, 500], [745, 851, 777],
[858, 193, 1060], [141, 695, 1048], [1056, 604, 752], [46, 846, 468], [925, 1051, 191], [502, 841, 249], [144, 522, 670], [855, 0, 935], [207, 193, 368], [707, 1012, 132],
[472, 784, 399], [445, 925, 7], [406, 894, 685], [71, 1014, 444], [614, 853, 482], [805, 342, 236], [41, 486, 832], [711, 328, 907], [633, 610, 13], [1002, 304, 13],
[47, 850, 797], [447, 209, 709], [528, 689, 590], [127, 835, 518], [645, 362, 358], [41, 80, 700], [351, 195, 173], [171, 980, 576], [1078, 527, 99], [78, 516, 477],
[91, 637, 241], [962, 1084, 450], [658, 600, 126], [162, 801, 961], [754, 359, 236], [25, 474, 390], [799, 900, 585], [972, 1071, 479], [461, 49, 1080], [634, 201, 509],
[99, 367, 59], [340, 242, 131], [864, 901, 731], [1064, 50, 445], [939, 804, 878], [162, 903, 266], [553, 615, 79], [125, 574, 137], [678, 23, 186], [671, 657, 387],
[167, 830, 754], [227, 157, 1071], [358, 8, 885], [76, 1073, 1009], [595, 925, 726], [386, 0, 616], [652, 627, 144], [805, 827, 718], [942, 418, 741], [115, 77, 386],
[503, 244, 203]]
[[5, 0, 9, 6], [5, 5, 2, 5], [1, 3, 0, 10], [10, 4, 5, 2], [10, 5, 1, 1], [1, 3, 0, 9], [0, 10, 2, 2], [5, 6, 0, 8], [6, 7, 1, 9], [1, 4, 3, 3],
[5, 4, 0, 4], [6, 5, 6, 5], [9, 6, 6, 8], [9, 7, 6, 7], [6, 6, 9, 9], [10, 9, 6, 5], [5, 8, 4, 7], [10, 5, 8, 2], [9, 8, 6, 4], [2, 0, 8, 9],
[4, 3, 6, 2], [8, 10, 7, 4], [6, 5, 0, 3], [2, 5, 9, 5], [0, 0, 10, 10], [5, 7, 10, 2], [4, 3, 4, 5], [3, 1, 3, 7], [3, 10, 7, 0], [7, 1, 2, 0],
[5, 3, 4, 7], [8, 2, 10, 6], [0, 10, 5, 3], [6, 2, 3, 0], [5, 8, 5, 9], [7, 6, 3, 8], [5, 9, 9, 2], [10, 9, 0, 4], [1, 4, 9, 7], [4, 9, 2, 4],
[6, 5, 6, 1], [7, 7, 10, 2], [2, 4, 9, 10], [0, 10, 5, 3], [8, 3, 3, 6], [0, 4, 8, 10], [8, 5, 7, 2], [3, 7, 4, 7], [0, 8, 8, 5], [5, 8, 5, 5],
[10, 1, 2, 8], [1, 8, 10, 7], [9, 0, 0, 9], [2, 9, 9, 0], [3, 3, 0, 4], [10, 2, 0, 8], [9, 8, 3, 1], [3, 6, 6, 1], [8, 9, 9, 7], [6, 8, 3, 4],
[9, 4, 3, 0], [0, 1, 9, 3], [4, 7, 5, 1], [8, 5, 8, 6], [0, 9, 7, 2], [4, 0, 3, 10], [9, 1, 6, 4], [8, 8, 7, 4], [10, 10, 2, 10], [9, 1, 0, 0],
[6, 5, 10, 1], [10, 7, 7, 8], [5, 1, 10, 8], [2, 2, 7, 0], [4, 1, 3, 10], [9, 10, 3, 8], [7, 5, 5, 5], [4, 5, 3, 9], [10, 2, 10, 7], [8, 5, 2, 2],
[6, 2, 8, 6]]
[1, 0.05, 0.05, 0.05, 0.05, 0.05, 0.05, 0.05, 0.05, 0.05,
0.05, 0.05, 0.05, 0.05, 0.05, 0.05, 0.05, 0.05, 0.05, 0.05,
0.05, 0.0025, 0.0025, 0.0025, 0.0025, 0.0025, 0.0025, 0.0025, 0.0025, 0.0025,
0.0025, 0.0025, 0.0025, 0.0025, 0.0025, 0.0025, 0.0025, 0.0025, 0.0025, 0.0025,
0.0025, 0.000125, 0.000125, 0.000125, 0.000125, 0.000125, 0.000125, 0.000125, 0.000125, 0.000125,
0.000125, 0.000125, 0.000125, 0.000125, 0.000125, 0.000125, 0.000125, 0.000125, 0.000125, 0.000125,
0.000125, 6.25e-06, 6.25e-06, 6.25e-06, 6.25e-06, 6.25e-06, 6.25e-06, 6.25e-06, 6.25e-06, 6.25e-06,
6.25e-06, 6.25e-06, 6.25e-06, 6.25e-06, 6.25e-06, 6.25e-06, 6.25e-06, 6.25e-06, 6.25e-06, 6.25e-06,
6.25e-06]
[1, 8, 6, 10, 0, 3, 2, 5, 4, 4,
4, 7, 3, 7, 4, 7, 2, 7, 0, 4,
6, 4, 10, 4, 7, 2, 4, 0, 8, 4,
3, 6, 2, 1, 9, 1, 8, 9, 1, 10,
6, 9, 7, 7, 1, 6, 9, 8, 2, 9,
10, 1, 4, 3, 9, 0, 10, 3, 3, 9,
7, 8, 2, 10, 9, 0, 9, 3, 9, 3,
4, 10, 9, 6, 9, 4, 5, 5, 3, 9,
2]
------------------------------------------------------- 
# stage = 5	# children c = 20	length of each stage p = 1	nodes = 80	# items I = 1
