[68, 94, 8, 45, 49, 19, 84, 11, 95, 54,
57, 77, 86, 92, 78, 0, 35, 2, 27, 11,
75, 89, 11, 10, 82, 87, 92, 84, 39, 13,
40, 6, 6, 14, 17, 21, 100, 1, 32, 94,
55, 56, 37, 41, 47, 14, 7, 48, 16, 34,
25, 57, 89, 36, 68, 70, 90, 25, 19, 28,
38]
[[851, 3592, 987], [1637, 365, 4046], [886, 1898, 2474], [1968, 3756, 1986], [3590, 2005, 1606], [1519, 793, 3424], [1070, 2636, 3802], [623, 2357, 721], [333, 430, 1220], [2547, 641, 2838],
[1377, 3439, 168], [2364, 2919, 533], [147, 1647, 273], [2621, 3616, 1871], [2450, 943, 3876], [4056, 304, 564], [1217, 1374, 1043], [914, 1997, 3400], [1636, 172, 1672], [698, 2720, 155],
[3536, 1939, 1437], [1546, 2146, 251], [4026, 2293, 3845], [194, 2757, 3356], [2065, 1102, 195], [3783, 1053, 499], [243, 2270, 3821], [3233, 1026, 3660], [370, 504, 1675], [2042, 1202, 290],
[40, 2581, 71], [1477, 22, 2217], [3675, 4049, 406], [3415, 2085, 3163], [509, 1993, 2107], [2651, 1671, 1002], [992, 3861, 1114], [708, 2989, 2140], [2211, 3359, 2645], [3886, 3244, 1689],
[2018, 1126, 2112], [2089, 445, 2135], [202, 1962, 4026], [2555, 1272, 2006], [3560, 3728, 1841], [1562, 2274, 3513], [406, 3267, 1111], [1520, 1817, 4101], [1502, 4028, 1197], [42, 1651, 2283],
[3679, 3669, 3409], [1686, 1654, 3854], [1663, 3803, 1711], [1584, 2253, 826], [1433, 3655, 449], [3274, 3059, 566], [524, 3465, 3833], [1636, 880, 1545], [3579, 2382, 3416], [2618, 267, 962],
[797, 1788, 527]]
[[10, 9, 7, 10], [4, 0, 4, 8], [6, 4, 4, 5], [2, 8, 9, 0], [8, 5, 9, 8], [7, 8, 4, 6], [2, 8, 7, 0], [4, 5, 2, 3], [1, 9, 1, 3], [7, 3, 1, 1],
[7, 3, 6, 10], [9, 5, 8, 4], [8, 6, 1, 3], [1, 3, 9, 1], [1, 5, 2, 5], [8, 4, 6, 7], [0, 5, 10, 6], [8, 9, 7, 5], [10, 0, 4, 8], [3, 10, 1, 1],
[3, 1, 4, 5], [4, 0, 4, 3], [3, 6, 8, 9], [8, 2, 5, 9], [7, 2, 4, 3], [1, 9, 8, 0], [9, 10, 7, 0], [9, 8, 1, 1], [9, 3, 4, 1], [1, 9, 4, 4],
[2, 0, 2, 0], [2, 5, 7, 7], [7, 0, 10, 6], [7, 5, 5, 3], [4, 1, 3, 0], [9, 4, 2, 6], [5, 4, 5, 6], [2, 9, 8, 3], [9, 10, 3, 9], [4, 8, 4, 10],
[6, 1, 5, 2], [7, 10, 5, 9], [9, 9, 10, 6], [0, 10, 1, 4], [1, 4, 10, 2], [2, 8, 5, 10], [5, 6, 6, 8], [3, 10, 7, 9], [10, 10, 0, 4], [8, 3, 2, 6],
[1, 10, 1, 0], [7, 0, 4, 9], [4, 3, 0, 5], [9, 5, 4, 4], [0, 8, 10, 1], [6, 6, 10, 5], [3, 10, 9, 0], [2, 9, 5, 2], [7, 6, 2, 3], [5, 4, 10, 9],
[7, 10, 1, 4]]
[1, 0.05, 0.05, 0.05, 0.05, 0.05, 0.05, 0.05, 0.05, 0.05,
0.05, 0.05, 0.05, 0.05, 0.05, 0.05, 0.05, 0.05, 0.05, 0.05,
0.05, 0.0025, 0.0025, 0.0025, 0.0025, 0.0025, 0.0025, 0.0025, 0.0025, 0.0025,
0.0025, 0.0025, 0.0025, 0.0025, 0.0025, 0.0025, 0.0025, 0.0025, 0.0025, 0.0025,
0.0025, 0.000125, 0.000125, 0.000125, 0.000125, 0.000125, 0.000125, 0.000125, 0.000125, 0.000125,
0.000125, 0.000125, 0.000125, 0.000125, 0.000125, 0.000125, 0.000125, 0.000125, 0.000125, 0.000125,
0.000125]
[10, 8, 8, 4, 1, 3, 3, 5, 10, 10,
7, 10, 4, 2, 8, 7, 4, 8, 2, 7,
5, 6, 7, 2, 1, 7, 3, 10, 10, 3,
9, 0, 0, 10, 6, 2, 3, 6, 5, 1,
6, 0, 2, 6, 10, 6, 4, 7, 2, 5,
9, 6, 0, 10, 6, 8, 7, 0, 6, 8,
0]
------------------------------------------------------- 
# stage = 4	# children c = 20	length of each stage p = 1	nodes = 60	# items I = 1
