[97, 8, 32, 55, 76, 67, 86, 55, 17, 86,
40, 28, 40, 80, 76, 11, 80, 71, 91, 100,
20, 89, 48, 41, 47, 9, 56, 95, 8, 96,
51, 71, 71, 84, 92, 46, 16, 78, 67, 33,
29]
[[1324, 701, 3792], [839, 3563, 2761], [2147, 1712, 1835], [449, 3490, 3991], [1395, 3700, 3282], [1965, 2570, 50], [3685, 1243, 700], [2390, 1611, 2558], [724, 3654, 1559], [3394, 2584, 3525],
[2915, 3908, 4068], [2334, 532, 3416], [880, 2521, 755], [2558, 2813, 4088], [2334, 4208, 3573], [1401, 1800, 1770], [1293, 1112, 3013], [1994, 3502, 410], [179, 4069, 3906], [1580, 3248, 2117],
[890, 1948, 1810], [744, 4125, 2184], [4002, 790, 491], [543, 3348, 3146], [416, 1310, 2981], [3831, 2553, 566], [1386, 3847, 1679], [185, 1468, 966], [437, 1647, 820], [4185, 3070, 3910],
[2087, 3960, 1644], [3739, 331, 1396], [1550, 119, 2186], [1883, 504, 1162], [814, 762, 2472], [3795, 378, 810], [4204, 1606, 284], [1668, 1633, 1752], [2476, 2070, 3242], [3139, 1882, 2097],
[2834, 3811, 1684]]
[[9, 6, 0, 6], [3, 7, 3, 0], [2, 4, 7, 10], [3, 9, 8, 9], [1, 4, 9, 0], [8, 6, 0, 7], [2, 9, 5, 5], [9, 0, 3, 8], [4, 2, 3, 7], [9, 6, 5, 0],
[8, 10, 10, 1], [8, 7, 8, 7], [10, 6, 5, 7], [0, 5, 3, 0], [1, 6, 5, 9], [6, 8, 6, 10], [8, 7, 4, 6], [2, 9, 6, 0], [6, 3, 10, 3], [9, 7, 8, 8],
[1, 1, 2, 1], [4, 3, 1, 4], [9, 4, 2, 2], [10, 8, 1, 8], [4, 5, 3, 4], [1, 8, 2, 7], [9, 1, 8, 7], [7, 3, 4, 8], [4, 4, 7, 7], [7, 6, 0, 3],
[10, 0, 5, 9], [8, 4, 6, 10], [9, 8, 1, 8], [3, 2, 2, 1], [1, 8, 9, 8], [1, 0, 3, 3], [5, 10, 10, 10], [5, 8, 3, 4], [8, 6, 1, 3], [0, 7, 0, 7],
[2, 0, 5, 5]]
[1, 0.1, 0.1, 0.1, 0.1, 0.1, 0.1, 0.1, 0.1, 0.1,
0.1, 0.01, 0.01, 0.01, 0.01, 0.01, 0.01, 0.01, 0.01, 0.01,
0.01, 0.001, 0.001, 0.001, 0.001, 0.001, 0.001, 0.001, 0.001, 0.001,
0.001, 0.0001, 0.0001, 0.0001, 0.0001, 0.0001, 0.0001, 0.0001, 0.0001, 0.0001,
0.0001]
[8, 4, 6, 9, 2, 2, 0, 6, 10, 4,
3, 6, 1, 3, 7, 5, 5, 5, 0, 4,
7, 4, 2, 0, 9, 9, 10, 6, 6, 5,
7, 5, 9, 6, 10, 8, 3, 10, 8, 3,
3]
------------------------------------------------------- 
# stage = 5	# children c = 10	length of each stage p = 1	nodes = 40	# items I = 1
