[23, 37, 85, 1, 65, 63, 62, 97, 39, 2,
60, 38, 78, 27, 70, 24, 11, 73, 28, 39,
40, 70, 43, 53, 79, 59, 12, 99, 40, 88,
35, 30, 25, 86, 31, 90, 14, 93, 52, 53,
61, 79, 57, 39, 5, 27, 29, 83, 100, 23,
21]
[[282, 48, 951], [1155, 1071, 939], [245, 337, 753], [637, 516, 453], [356, 799, 638], [916, 1138, 114], [398, 290, 1055], [622, 690, 399], [599, 1154, 176], [309, 297, 775],
[981, 579, 824], [775, 332, 738], [557, 578, 831], [1066, 970, 1102], [362, 169, 744], [755, 1086, 725], [869, 327, 770], [768, 949, 59], [922, 146, 56], [853, 456, 108],
[472, 35, 687], [1051, 811, 775], [387, 1123, 196], [973, 787, 9], [919, 904, 1090], [506, 502, 1019], [987, 215, 1102], [355, 983, 649], [414, 503, 796], [226, 199, 1007],
[334, 426, 1042], [777, 75, 451], [395, 463, 173], [591, 279, 960], [355, 953, 708], [288, 303, 53], [1063, 1045, 23], [763, 243, 761], [255, 413, 107], [806, 639, 62],
[656, 973, 488], [542, 593, 564], [748, 988, 782], [921, 177, 816], [725, 287, 613], [31, 576, 671], [84, 237, 559], [1020, 1000, 557], [624, 1010, 970], [732, 660, 207],
[549, 1071, 24]]
[[0, 4, 1, 8], [10, 2, 5, 1], [1, 9, 5, 9], [7, 9, 9, 7], [1, 2, 2, 8], [6, 9, 5, 2], [9, 10, 3, 5], [6, 5, 0, 6], [7, 10, 4, 6], [1, 7, 8, 1],
[3, 0, 8, 0], [9, 7, 7, 9], [9, 7, 4, 4], [6, 9, 4, 2], [7, 6, 8, 2], [9, 8, 7, 5], [7, 0, 9, 7], [5, 6, 6, 8], [7, 3, 6, 3], [10, 0, 10, 9],
[8, 3, 0, 1], [0, 3, 3, 7], [9, 9, 9, 5], [6, 5, 10, 1], [3, 8, 6, 6], [2, 1, 2, 7], [4, 8, 10, 2], [9, 10, 0, 6], [2, 9, 5, 0], [1, 8, 7, 8],
[5, 4, 2, 0], [7, 10, 10, 9], [6, 3, 4, 6], [4, 6, 2, 7], [2, 1, 9, 0], [9, 7, 4, 1], [3, 9, 10, 5], [4, 7, 0, 9], [9, 1, 8, 5], [9, 5, 1, 4],
[9, 4, 10, 0], [8, 10, 5, 10], [1, 1, 10, 10], [8, 1, 9, 1], [8, 9, 4, 0], [3, 2, 9, 1], [1, 4, 4, 0], [8, 4, 2, 6], [8, 0, 4, 5], [10, 8, 3, 9],
[9, 2, 9, 5]]
[1, 0.1, 0.1, 0.1, 0.1, 0.1, 0.1, 0.1, 0.1, 0.1,
0.1, 0.01, 0.01, 0.01, 0.01, 0.01, 0.01, 0.01, 0.01, 0.01,
0.01, 0.001, 0.001, 0.001, 0.001, 0.001, 0.001, 0.001, 0.001, 0.001,
0.001, 0.0001, 0.0001, 0.0001, 0.0001, 0.0001, 0.0001, 0.0001, 0.0001, 0.0001,
0.0001, 1e-05, 1e-05, 1e-05, 1e-05, 1e-05, 1e-05, 1e-05, 1e-05, 1e-05,
1e-05]
[11, 7, 5, 11, 6, 2, 8, 5, 11, 11,
4, 9, 2, 10, 11, 10, 8, 10, 0, 6,
3, 5, 9, 10, 10, 9, 5, 7, 4, 3,
4, 6, 3, 5, 10, 1, 0, 10, 0, 2,
1, 4, 11, 6, 6, 3, 7, 3, 5, 9,
4]
------------------------------------------------------- 
# stage = 6	# children c = 10	length of each stage p = 1	nodes = 50	# items I = 1
