[55, 99, 96, 95, 22, 52, 47, 51, 87, 69,
56, 98, 45, 62, 16, 7, 97, 55, 7, 99,
62, 4, 61, 78, 81, 16, 8, 6, 61, 64,
10, 82, 63, 73, 42, 51, 24, 90, 2, 10,
24, 58, 75, 69, 86, 57, 43, 49, 11, 50,
47, 39, 55, 74, 17, 1, 91, 25, 8, 17,
55]
[[346, 379, 835], [31, 239, 551], [72, 370, 144], [711, 842, 378], [838, 467, 1], [432, 564, 681], [209, 862, 1007], [431, 610, 482], [988, 426, 37], [444, 51, 291],
[769, 269, 542], [564, 172, 781], [988, 245, 1024], [92, 828, 698], [343, 626, 125], [344, 931, 689], [898, 100, 383], [737, 403, 993], [51, 351, 251], [89, 668, 303],
[252, 397, 444], [794, 961, 617], [535, 909, 734], [391, 874, 522], [49, 177, 1020], [174, 393, 911], [863, 123, 1012], [207, 860, 247], [32, 912, 599], [284, 873, 227],
[459, 85, 496], [903, 751, 417], [352, 118, 159], [46, 510, 1033], [440, 559, 42], [293, 606, 435], [164, 301, 559], [8, 380, 251], [256, 413, 1035], [727, 697, 868],
[826, 1028, 825], [282, 891, 536], [571, 76, 655], [730, 122, 1037], [595, 435, 428], [637, 728, 1034], [33, 892, 168], [464, 773, 548], [715, 901, 961], [711, 588, 490],
[411, 246, 478], [69, 528, 202], [605, 59, 278], [92, 662, 272], [89, 217, 707], [518, 855, 395], [384, 760, 120], [552, 184, 893], [61, 771, 626], [894, 314, 174],
[217, 726, 420]]
[[2, 9, 10, 4], [0, 9, 0, 4], [10, 2, 1, 3], [0, 3, 5, 3], [7, 5, 0, 8], [10, 8, 7, 6], [8, 2, 2, 8], [9, 3, 1, 1], [1, 1, 3, 2], [8, 3, 4, 5],
[6, 5, 8, 4], [9, 0, 8, 5], [6, 6, 0, 5], [1, 7, 9, 9], [8, 10, 6, 6], [2, 6, 7, 2], [5, 9, 2, 0], [1, 6, 5, 7], [1, 0, 1, 10], [0, 7, 2, 6],
[0, 3, 9, 2], [8, 6, 0, 5], [5, 5, 10, 5], [9, 4, 7, 3], [2, 9, 3, 4], [5, 8, 9, 4], [6, 8, 1, 6], [4, 3, 2, 5], [4, 9, 5, 0], [4, 5, 3, 9],
[8, 2, 2, 6], [7, 9, 9, 9], [6, 10, 2, 9], [5, 10, 2, 0], [7, 1, 7, 10], [4, 7, 2, 7], [5, 7, 7, 8], [10, 10, 4, 8], [2, 6, 3, 7], [3, 0, 5, 9],
[10, 6, 5, 3], [5, 5, 3, 1], [6, 10, 9, 8], [4, 0, 4, 8], [7, 9, 5, 7], [9, 7, 4, 9], [1, 5, 5, 4], [5, 8, 0, 3], [1, 5, 6, 6], [10, 7, 6, 5],
[5, 4, 0, 9], [5, 5, 4, 10], [3, 7, 4, 10], [4, 6, 8, 5], [1, 0, 7, 4], [7, 7, 5, 8], [10, 9, 2, 7], [6, 6, 10, 0], [10, 10, 7, 2], [4, 10, 0, 6],
[6, 4, 5, 8]]
[1, 0.1, 0.1, 0.1, 0.1, 0.1, 0.1, 0.1, 0.1, 0.1,
0.1, 0.01, 0.01, 0.01, 0.01, 0.01, 0.01, 0.01, 0.01, 0.01,
0.01, 0.001, 0.001, 0.001, 0.001, 0.001, 0.001, 0.001, 0.001, 0.001,
0.001, 0.0001, 0.0001, 0.0001, 0.0001, 0.0001, 0.0001, 0.0001, 0.0001, 0.0001,
0.0001, 1e-05, 1e-05, 1e-05, 1e-05, 1e-05, 1e-05, 1e-05, 1e-05, 1e-05,
1e-05, 1e-06, 1e-06, 1e-06, 1e-06, 1e-06, 1e-06, 1e-06, 1e-06, 1e-06,
1e-06]
[5, 1, 2, 13, 14, 0, 4, 1, 17, 8,
1, 0, 7, 0, 14, 0, 10, 14, 8, 0,
12, 16, 17, 2, 4, 0, 7, 2, 3, 14,
6, 11, 13, 5, 7, 19, 3, 13, 6, 10,
20, 13, 9, 19, 15, 5, 5, 14, 17, 12,
0, 19, 1, 1, 2, 15, 20, 6, 20, 16,
16]
------------------------------------------------------- 
# stage = 7	# children c = 10	length of each stage p = 1	nodes = 60	# items I = 1
