[95, 75, 72, 64, 28, 39, 61, 24, 20, 17,
27, 15, 60, 17, 45, 23, 98, 77, 19, 83,
22, 37, 29, 74, 54, 93, 95, 9, 41, 53,
2, 1, 94, 74, 65, 22, 80, 25, 12, 66,
43, 5, 81, 2, 90, 93, 92, 53, 69, 10,
35, 58, 47, 30, 31, 67, 22, 26, 76, 29,
45]
[[605, 624, 686], [77, 25, 531], [571, 569, 156], [160, 835, 261], [540, 731, 381], [590, 323, 331], [698, 108, 393], [308, 663, 6], [62, 388, 356], [435, 106, 36],
[293, 291, 240], [110, 817, 265], [641, 519, 414], [377, 260, 381], [219, 800, 692], [600, 101, 146], [511, 800, 254], [35, 688, 497], [490, 330, 16], [847, 766, 572],
[14, 639, 443], [255, 749, 841], [100, 101, 71], [95, 478, 331], [56, 277, 711], [748, 8, 813], [475, 519, 324], [309, 135, 143], [807, 625, 53], [403, 603, 399],
[555, 198, 169], [130, 33, 49], [102, 133, 599], [173, 677, 658], [85, 733, 66], [376, 193, 75], [320, 668, 174], [224, 108, 758], [367, 46, 515], [1, 450, 698],
[400, 585, 476], [570, 715, 509], [199, 397, 223], [799, 151, 480], [588, 685, 345], [234, 192, 538], [309, 93, 337], [64, 317, 25], [822, 265, 72], [48, 266, 102],
[327, 666, 687], [803, 816, 114], [24, 147, 91], [696, 526, 691], [307, 245, 507], [652, 479, 700], [770, 369, 373], [687, 13, 690], [713, 415, 86], [365, 464, 801],
[47, 791, 599]]
[[8, 0, 4, 3], [0, 7, 6, 8], [4, 1, 10, 8], [6, 8, 4, 6], [9, 1, 0, 10], [4, 0, 4, 6], [8, 1, 0, 6], [2, 1, 0, 8], [2, 4, 9, 0], [0, 3, 8, 4],
[4, 6, 10, 8], [1, 2, 4, 0], [3, 2, 8, 6], [2, 2, 10, 10], [1, 10, 4, 3], [1, 4, 9, 1], [6, 8, 10, 6], [0, 7, 8, 2], [0, 5, 8, 2], [5, 10, 2, 9],
[1, 8, 2, 3], [10, 1, 1, 1], [1, 5, 2, 0], [7, 10, 10, 2], [7, 9, 6, 5], [3, 3, 5, 4], [6, 2, 6, 1], [2, 6, 8, 3], [3, 10, 5, 1], [9, 6, 0, 10],
[9, 0, 8, 3], [10, 7, 5, 4], [5, 0, 9, 7], [1, 3, 0, 5], [4, 4, 6, 6], [10, 3, 7, 0], [0, 1, 1, 10], [5, 1, 7, 1], [0, 3, 4, 10], [10, 7, 4, 3],
[7, 0, 10, 6], [2, 8, 10, 6], [1, 5, 10, 0], [7, 6, 0, 5], [6, 0, 2, 0], [10, 10, 2, 10], [2, 6, 8, 10], [3, 1, 0, 8], [10, 8, 2, 1], [5, 10, 7, 6],
[4, 6, 4, 9], [0, 3, 2, 6], [1, 4, 6, 0], [3, 6, 9, 3], [0, 6, 1, 1], [5, 10, 7, 4], [8, 7, 6, 0], [6, 0, 5, 9], [5, 7, 5, 5], [10, 7, 0, 0],
[1, 4, 10, 2]]
[1, 0.05, 0.05, 0.05, 0.05, 0.05, 0.05, 0.05, 0.05, 0.05,
0.05, 0.05, 0.05, 0.05, 0.05, 0.05, 0.05, 0.05, 0.05, 0.05,
0.05, 0.0025, 0.0025, 0.0025, 0.0025, 0.0025, 0.0025, 0.0025, 0.0025, 0.0025,
0.0025, 0.0025, 0.0025, 0.0025, 0.0025, 0.0025, 0.0025, 0.0025, 0.0025, 0.0025,
0.0025, 0.000125, 0.000125, 0.000125, 0.000125, 0.000125, 0.000125, 0.000125, 0.000125, 0.000125,
0.000125, 0.000125, 0.000125, 0.000125, 0.000125, 0.000125, 0.000125, 0.000125, 0.000125, 0.000125,
0.000125]
[4, 8, 3, 4, 5, 1, 0, 2, 6, 1,
6, 1, 8, 1, 1, 8, 1, 1, 8, 2,
8, 8, 1, 2, 4, 5, 1, 0, 6, 2,
6, 8, 0, 8, 4, 7, 2, 1, 7, 0,
5, 2, 7, 4, 0, 8, 6, 3, 6, 1,
8, 3, 6, 0, 3, 5, 2, 3, 8, 3,
0]
------------------------------------------------------- 
# stage = 4	# children c = 20	length of each stage p = 1	nodes = 60	# items I = 1
