[4, 77, 87, 31, 13, 41, 84, 28, 0, 14,
32, 46, 99, 17, 99, 30, 11, 96, 55, 24,
15, 82, 30, 94, 16, 75, 76, 94, 70, 56,
57, 40, 33, 9, 37, 46, 16, 87, 40, 17,
67, 72, 63, 66, 55, 62, 62, 32, 23, 83,
56, 38, 64, 87, 98, 47, 27, 73, 6, 97,
95]
[[766, 849, 159], [1640, 1223, 1154], [853, 1065, 459], [924, 1338, 801], [303, 1557, 1165], [151, 236, 614], [1506, 980, 1235], [515, 289, 250], [965, 1304, 141], [286, 1233, 1802],
[496, 59, 710], [587, 1631, 1933], [1741, 543, 1057], [192, 1467, 386], [925, 1702, 3], [150, 1785, 171], [696, 1350, 1151], [1931, 1798, 1372], [173, 822, 736], [314, 1108, 28],
[175, 1536, 19], [817, 183, 1582], [809, 1856, 184], [1799, 39, 1583], [176, 965, 1276], [179, 1047, 1120], [282, 1743, 462], [1434, 1666, 319], [797, 1839, 1141], [1533, 212, 241],
[1494, 320, 1777], [1513, 1137, 1892], [1155, 1879, 1808], [1271, 1737, 1779], [846, 1913, 803], [181, 84, 1782], [1234, 366, 1585], [1696, 1732, 1310], [74, 589, 1208], [1147, 113, 1352],
[1388, 1607, 1672], [1157, 1112, 801], [1108, 326, 739], [907, 1529, 467], [678, 434, 439], [1413, 548, 455], [1255, 1782, 822], [899, 1537, 545], [200, 1543, 1066], [1340, 749, 1180],
[683, 129, 778], [347, 1286, 1890], [1148, 385, 207], [1887, 1225, 1737], [413, 1903, 162], [784, 1375, 710], [1240, 689, 483], [53, 1520, 11], [598, 1652, 1554], [1597, 1051, 295],
[836, 1735, 424]]
[[0, 7, 10, 7], [6, 3, 0, 10], [1, 0, 7, 7], [4, 9, 3, 3], [4, 4, 3, 5], [10, 3, 5, 5], [2, 1, 4, 6], [2, 3, 8, 0], [8, 7, 8, 2], [9, 6, 10, 10],
[4, 4, 5, 8], [3, 6, 10, 7], [8, 0, 0, 5], [2, 5, 10, 4], [4, 1, 9, 6], [3, 6, 5, 9], [0, 0, 0, 7], [6, 10, 7, 10], [4, 10, 5, 5], [3, 4, 10, 0],
[5, 10, 6, 7], [2, 3, 9, 6], [5, 7, 0, 6], [2, 5, 4, 1], [5, 5, 8, 0], [2, 2, 8, 4], [10, 0, 9, 2], [5, 7, 3, 8], [6, 7, 2, 7], [10, 0, 0, 4],
[6, 0, 8, 6], [3, 2, 7, 8], [5, 3, 6, 5], [5, 3, 10, 3], [2, 6, 5, 7], [2, 8, 2, 7], [4, 2, 3, 4], [0, 3, 6, 6], [2, 2, 0, 5], [4, 5, 3, 7],
[8, 7, 1, 1], [9, 9, 4, 0], [5, 9, 5, 7], [5, 7, 1, 7], [7, 4, 9, 7], [6, 3, 1, 6], [5, 10, 0, 7], [4, 1, 1, 0], [7, 0, 1, 5], [10, 3, 5, 4],
[10, 10, 9, 2], [4, 0, 10, 9], [2, 6, 3, 6], [9, 4, 1, 1], [1, 0, 6, 6], [10, 7, 6, 6], [8, 5, 0, 7], [6, 3, 9, 3], [0, 5, 6, 2], [3, 3, 0, 6],
[9, 4, 10, 6]]
[1, 0.1, 0.1, 0.1, 0.1, 0.1, 0.1, 0.1, 0.1, 0.1,
0.1, 0.01, 0.01, 0.01, 0.01, 0.01, 0.01, 0.01, 0.01, 0.01,
0.01, 0.001, 0.001, 0.001, 0.001, 0.001, 0.001, 0.001, 0.001, 0.001,
0.001, 0.0001, 0.0001, 0.0001, 0.0001, 0.0001, 0.0001, 0.0001, 0.0001, 0.0001,
0.0001, 1e-05, 1e-05, 1e-05, 1e-05, 1e-05, 1e-05, 1e-05, 1e-05, 1e-05,
1e-05, 1e-06, 1e-06, 1e-06, 1e-06, 1e-06, 1e-06, 1e-06, 1e-06, 1e-06,
1e-06]
[6, 0, 8, 5, 0, 1, 9, 6, 5, 0,
3, 9, 9, 2, 3, 3, 0, 9, 6, 4,
7, 0, 3, 8, 2, 3, 8, 7, 0, 0,
2, 4, 1, 5, 1, 0, 0, 1, 7, 7,
1, 9, 6, 1, 8, 2, 0, 7, 4, 3,
5, 0, 5, 3, 4, 4, 4, 8, 0, 2,
5]
------------------------------------------------------- 
# stage = 7	# children c = 10	length of each stage p = 1	nodes = 60	# items I = 1
