[91, 68, 55, 3, 68, 58, 9, 25, 77, 77,
5, 56, 19, 78, 65, 10, 71, 25, 49, 0,
18, 16, 8, 50, 39, 73, 31, 15, 2, 10,
68, 94, 79, 22, 97, 12, 80, 72, 38, 22,
49]
[[18, 410, 617], [957, 142, 967], [916, 685, 537], [135, 211, 958], [735, 686, 531], [80, 350, 771], [464, 359, 928], [350, 880, 837], [102, 822, 787], [965, 42, 877],
[500, 61, 763], [593, 494, 905], [1036, 886, 1067], [1050, 1021, 754], [847, 596, 279], [854, 676, 105], [464, 616, 465], [868, 443, 821], [544, 545, 1120], [171, 986, 1],
[524, 963, 699], [126, 395, 33], [508, 271, 919], [414, 160, 256], [644, 483, 852], [399, 814, 367], [505, 754, 459], [446, 1099, 902], [743, 482, 287], [702, 129, 749],
[704, 653, 551], [879, 256, 423], [388, 764, 170], [784, 654, 967], [1040, 774, 289], [731, 12, 579], [574, 517, 173], [1033, 963, 748], [775, 22, 706], [538, 724, 836],
[763, 904, 965]]
[[3, 0, 4, 7], [4, 7, 8, 5], [9, 0, 4, 9], [4, 7, 2, 7], [5, 7, 7, 1], [3, 2, 3, 7], [10, 1, 2, 3], [8, 9, 6, 9], [8, 10, 5, 10], [5, 0, 4, 3],
[10, 8, 10, 3], [3, 1, 0, 8], [8, 7, 7, 9], [7, 9, 5, 6], [10, 5, 7, 5], [3, 2, 3, 0], [0, 7, 8, 5], [5, 2, 6, 4], [8, 5, 8, 9], [4, 8, 4, 10],
[2, 1, 8, 9], [8, 0, 2, 7], [5, 10, 10, 6], [10, 2, 7, 8], [7, 4, 2, 2], [4, 6, 4, 2], [9, 1, 0, 2], [7, 5, 1, 7], [4, 9, 5, 10], [9, 6, 4, 3],
[5, 3, 10, 2], [3, 4, 0, 0], [6, 0, 0, 9], [7, 2, 0, 5], [4, 9, 8, 9], [1, 7, 6, 3], [4, 9, 2, 2], [4, 6, 4, 9], [9, 1, 10, 2], [3, 10, 0, 7],
[10, 9, 5, 4]]
[1, 0.1, 0.1, 0.1, 0.1, 0.1, 0.1, 0.1, 0.1, 0.1,
0.1, 0.01, 0.01, 0.01, 0.01, 0.01, 0.01, 0.01, 0.01, 0.01,
0.01, 0.001, 0.001, 0.001, 0.001, 0.001, 0.001, 0.001, 0.001, 0.001,
0.001, 0.0001, 0.0001, 0.0001, 0.0001, 0.0001, 0.0001, 0.0001, 0.0001, 0.0001,
0.0001]
[17, 4, 15, 5, 5, 6, 19, 8, 3, 14,
9, 12, 14, 22, 1, 17, 2, 5, 5, 20,
9, 13, 12, 2, 20, 13, 21, 22, 20, 2,
17, 23, 1, 21, 15, 1, 13, 14, 3, 0,
17]
------------------------------------------------------- 
# stage = 5	# children c = 10	length of each stage p = 1	nodes = 40	# items I = 1
