[54, 84, 33, 41, 24, 20, 56, 89, 40, 59,
5, 88, 36, 74, 17, 79, 99, 86, 43, 87,
72, 52, 44, 90, 87, 2, 80, 49, 96, 14,
36, 49, 64, 35, 91, 89, 56, 12, 43, 62,
38, 48, 15, 40, 21, 33, 18, 87, 85, 61,
73, 22, 80, 16, 12, 66, 85, 92, 82, 81,
72, 17, 29, 35, 19, 86, 90, 41, 99, 32,
2, 36, 47, 17, 42, 68, 16, 61, 54, 0,
21]
[[622, 143, 538], [164, 733, 14], [133, 533, 23], [895, 136, 354], [26, 683, 849], [284, 650, 914], [308, 406, 234], [588, 287, 615], [811, 110, 478], [672, 148, 360],
[351, 770, 503], [185, 934, 292], [439, 363, 121], [462, 554, 257], [113, 820, 941], [18, 160, 887], [228, 709, 349], [702, 353, 636], [613, 220, 746], [147, 189, 190],
[507, 780, 17], [306, 261, 247], [838, 700, 851], [15, 218, 461], [513, 571, 338], [750, 589, 738], [693, 113, 503], [338, 816, 153], [31, 485, 613], [73, 873, 802],
[264, 676, 878], [521, 39, 195], [768, 877, 895], [915, 893, 410], [433, 702, 37], [67, 508, 867], [805, 257, 36], [365, 595, 148], [518, 866, 874], [187, 236, 803],
[286, 740, 535], [220, 317, 574], [416, 381, 748], [367, 353, 937], [73, 82, 695], [111, 149, 259], [34, 10, 516], [310, 615, 407], [459, 189, 330], [389, 617, 566],
[488, 903, 362], [79, 179, 919], [894, 595, 356], [698, 259, 5], [691, 332, 87], [682, 683, 476], [941, 13, 487], [753, 324, 398], [216, 79, 588], [546, 468, 261],
[408, 12, 220], [66, 331, 639], [41, 521, 531], [638, 515, 790], [643, 502, 418], [27, 240, 398], [743, 237, 411], [526, 46, 31], [925, 503, 110], [569, 105, 818],
[126, 754, 126], [586, 820, 698], [281, 158, 275], [812, 796, 791], [898, 735, 589], [613, 58, 830], [67, 802, 363], [718, 624, 650], [46, 605, 209], [156, 470, 314],
[271, 596, 364]]
[[8, 2, 10, 0], [8, 6, 0, 3], [10, 9, 3, 2], [9, 5, 0, 6], [9, 3, 3, 6], [2, 1, 2, 10], [6, 2, 7, 0], [0, 1, 9, 6], [1, 6, 7, 7], [1, 5, 10, 9],
[3, 2, 1, 1], [5, 1, 5, 1], [3, 6, 8, 3], [7, 10, 0, 1], [10, 8, 1, 9], [7, 8, 4, 8], [4, 9, 2, 3], [3, 1, 2, 4], [1, 3, 6, 4], [2, 9, 6, 5],
[5, 3, 7, 10], [0, 7, 0, 9], [4, 0, 7, 9], [8, 9, 6, 1], [8, 6, 3, 9], [5, 5, 3, 6], [6, 7, 9, 6], [3, 4, 10, 8], [5, 6, 6, 3], [2, 6, 10, 5],
[4, 4, 3, 2], [3, 8, 1, 9], [3, 4, 5, 9], [7, 8, 2, 0], [2, 0, 7, 6], [2, 6, 1, 5], [1, 7, 7, 3], [1, 6, 8, 5], [0, 10, 5, 1], [7, 7, 10, 10],
[9, 4, 8, 6], [0, 0, 6, 2], [9, 2, 8, 1], [6, 8, 4, 7], [4, 0, 9, 3], [7, 4, 9, 7], [3, 3, 8, 10], [8, 5, 8, 7], [9, 3, 2, 9], [3, 6, 10, 0],
[9, 5, 1, 2], [2, 5, 10, 5], [6, 6, 8, 0], [8, 4, 7, 10], [8, 2, 7, 3], [7, 4, 10, 5], [8, 1, 2, 9], [6, 10, 9, 2], [4, 8, 4, 5], [3, 3, 10, 7],
[7, 7, 7, 5], [1, 1, 4, 7], [3, 0, 10, 8], [3, 8, 0, 0], [7, 2, 9, 2], [10, 6, 4, 4], [3, 9, 9, 4], [10, 6, 9, 7], [2, 3, 10, 1], [4, 3, 6, 5],
[1, 4, 2, 4], [1, 3, 2, 6], [3, 10, 9, 3], [5, 2, 5, 8], [0, 1, 0, 0], [7, 9, 5, 7], [2, 4, 7, 4], [5, 0, 10, 4], [4, 10, 7, 3], [2, 9, 10, 4],
[8, 6, 7, 0]]
[1, 0.05, 0.05, 0.05, 0.05, 0.05, 0.05, 0.05, 0.05, 0.05,
0.05, 0.05, 0.05, 0.05, 0.05, 0.05, 0.05, 0.05, 0.05, 0.05,
0.05, 0.0025, 0.0025, 0.0025, 0.0025, 0.0025, 0.0025, 0.0025, 0.0025, 0.0025,
0.0025, 0.0025, 0.0025, 0.0025, 0.0025, 0.0025, 0.0025, 0.0025, 0.0025, 0.0025,
0.0025, 0.000125, 0.000125, 0.000125, 0.000125, 0.000125, 0.000125, 0.000125, 0.000125, 0.000125,
0.000125, 0.000125, 0.000125, 0.000125, 0.000125, 0.000125, 0.000125, 0.000125, 0.000125, 0.000125,
0.000125, 6.25e-06, 6.25e-06, 6.25e-06, 6.25e-06, 6.25e-06, 6.25e-06, 6.25e-06, 6.25e-06, 6.25e-06,
6.25e-06, 6.25e-06, 6.25e-06, 6.25e-06, 6.25e-06, 6.25e-06, 6.25e-06, 6.25e-06, 6.25e-06, 6.25e-06,
6.25e-06]
[16, 15, 14, 10, 8, 14, 8, 3, 7, 9,
14, 1, 5, 16, 1, 4, 18, 18, 6, 0,
14, 14, 7, 18, 12, 13, 9, 12, 7, 14,
6, 1, 13, 15, 10, 11, 8, 2, 3, 8,
7, 13, 13, 8, 9, 4, 12, 18, 2, 7,
8, 12, 1, 13, 13, 10, 17, 14, 7, 6,
0, 7, 15, 17, 0, 9, 18, 3, 14, 14,
12, 7, 6, 18, 0, 5, 16, 8, 16, 5,
8]
------------------------------------------------------- 
# stage = 5	# children c = 20	length of each stage p = 1	nodes = 80	# items I = 1
