[66, 35, 64, 48, 56, 15, 5, 5, 25, 53,
22, 74, 6, 36, 27, 98, 46, 98, 50, 66,
96, 35, 58, 90, 21, 24, 78, 60, 60, 86,
47, 25, 20, 78, 74, 42, 59, 45, 47, 84,
64, 36, 23, 70, 38, 50, 67, 50, 47, 83,
15, 42, 18, 73, 98, 39, 63, 42, 99, 22,
27, 12, 14, 13, 90, 54, 21, 48, 65, 34,
98, 28, 70, 20, 98, 7, 70, 30, 23, 83,
13]
[[316, 484, 1520], [1225, 64, 1832], [1285, 1725, 1731], [896, 1679, 2062], [1121, 1284, 1786], [1483, 2009, 319], [576, 1343, 1145], [1379, 421, 10], [1427, 931, 1945], [387, 1953, 279],
[1246, 446, 1015], [691, 1671, 1079], [700, 1133, 982], [356, 2030, 838], [596, 1076, 47], [307, 736, 2057], [626, 1565, 1325], [2023, 869, 1747], [210, 473, 855], [80, 1112, 985],
[611, 283, 1683], [1626, 1226, 1531], [631, 1927, 590], [1865, 460, 797], [628, 1056, 1873], [927, 1364, 786], [909, 167, 276], [412, 116, 1397], [336, 326, 1870], [1443, 659, 1159],
[605, 1270, 1442], [213, 822, 846], [1744, 1705, 698], [511, 1747, 1410], [1308, 552, 644], [1106, 1479, 2008], [70, 566, 352], [346, 1230, 720], [1744, 1566, 1299], [1791, 1186, 1958],
[876, 1791, 1405], [495, 2004, 404], [1341, 1925, 286], [216, 362, 210], [1879, 1670, 762], [448, 954, 419], [381, 1024, 1237], [985, 1622, 392], [1706, 1291, 135], [930, 1260, 1321],
[1065, 61, 1037], [647, 808, 1218], [1304, 75, 1320], [1842, 543, 1682], [2053, 347, 1530], [992, 795, 409], [1663, 1428, 1685], [825, 339, 1232], [1217, 222, 701], [1604, 1152, 1961],
[850, 394, 199], [64, 1041, 1007], [1534, 522, 1334], [780, 290, 1878], [387, 268, 150], [94, 1512, 946], [755, 1101, 551], [365, 103, 890], [1850, 1573, 1112], [476, 1102, 441],
[614, 130, 835], [813, 194, 54], [2072, 1729, 576], [1332, 434, 866], [1135, 1073, 1386], [1285, 1420, 1076], [408, 100, 102], [960, 718, 457], [27, 493, 2030], [1140, 1221, 1310],
[1833, 1835, 1440]]
[[5, 9, 7, 3], [2, 6, 0, 5], [4, 0, 3, 9], [6, 1, 4, 0], [2, 4, 10, 6], [5, 8, 3, 7], [10, 7, 2, 7], [0, 3, 9, 5], [1, 3, 7, 1], [9, 7, 5, 2],
[5, 8, 1, 10], [8, 3, 10, 10], [6, 10, 5, 0], [5, 7, 8, 3], [1, 8, 8, 1], [0, 6, 5, 10], [9, 1, 1, 5], [6, 4, 7, 9], [1, 6, 8, 9], [10, 6, 7, 5],
[3, 10, 5, 8], [6, 0, 9, 5], [9, 6, 7, 7], [1, 10, 7, 8], [0, 6, 2, 4], [10, 8, 2, 9], [3, 0, 6, 0], [6, 0, 5, 7], [10, 9, 4, 6], [9, 3, 9, 5],
[7, 3, 2, 7], [2, 7, 4, 0], [0, 5, 4, 10], [2, 7, 6, 3], [5, 10, 4, 9], [10, 7, 5, 10], [3, 7, 3, 2], [8, 1, 5, 5], [5, 7, 1, 7], [1, 3, 8, 1],
[8, 10, 0, 8], [4, 5, 1, 7], [4, 3, 5, 4], [10, 8, 3, 3], [3, 6, 3, 0], [7, 8, 3, 10], [3, 2, 7, 4], [6, 2, 6, 1], [10, 4, 8, 4], [9, 9, 0, 1],
[10, 4, 5, 9], [10, 6, 10, 2], [10, 0, 1, 4], [9, 2, 4, 10], [5, 0, 3, 9], [0, 7, 8, 10], [1, 5, 3, 8], [3, 2, 9, 2], [6, 3, 10, 5], [7, 7, 6, 6],
[8, 7, 0, 4], [9, 4, 3, 1], [2, 6, 8, 2], [1, 6, 10, 2], [0, 1, 8, 2], [3, 7, 2, 7], [8, 1, 10, 5], [7, 5, 0, 4], [10, 0, 8, 9], [4, 9, 8, 6],
[2, 6, 6, 3], [1, 4, 3, 10], [5, 1, 1, 6], [8, 4, 2, 5], [3, 1, 10, 10], [5, 9, 1, 4], [9, 7, 0, 1], [5, 9, 7, 8], [2, 1, 0, 3], [5, 4, 2, 8],
[3, 2, 3, 0]]
[1, 0.05, 0.05, 0.05, 0.05, 0.05, 0.05, 0.05, 0.05, 0.05,
0.05, 0.05, 0.05, 0.05, 0.05, 0.05, 0.05, 0.05, 0.05, 0.05,
0.05, 0.0025, 0.0025, 0.0025, 0.0025, 0.0025, 0.0025, 0.0025, 0.0025, 0.0025,
0.0025, 0.0025, 0.0025, 0.0025, 0.0025, 0.0025, 0.0025, 0.0025, 0.0025, 0.0025,
0.0025, 0.000125, 0.000125, 0.000125, 0.000125, 0.000125, 0.000125, 0.000125, 0.000125, 0.000125,
0.000125, 0.000125, 0.000125, 0.000125, 0.000125, 0.000125, 0.000125, 0.000125, 0.000125, 0.000125,
0.000125, 6.25e-06, 6.25e-06, 6.25e-06, 6.25e-06, 6.25e-06, 6.25e-06, 6.25e-06, 6.25e-06, 6.25e-06,
6.25e-06, 6.25e-06, 6.25e-06, 6.25e-06, 6.25e-06, 6.25e-06, 6.25e-06, 6.25e-06, 6.25e-06, 6.25e-06,
6.25e-06]
[10, 6, 8, 0, 7, 2, 4, 3, 9, 0,
8, 0, 5, 3, 8, 6, 0, 3, 0, 8,
6, 6, 1, 8, 6, 8, 5, 6, 1, 2,
2, 4, 8, 10, 6, 0, 2, 9, 4, 1,
3, 1, 2, 3, 3, 9, 3, 7, 7, 5,
8, 0, 0, 10, 1, 1, 7, 10, 7, 9,
6, 3, 9, 6, 3, 2, 3, 9, 7, 5,
7, 0, 5, 10, 0, 10, 5, 1, 1, 5,
4]
------------------------------------------------------- 
# stage = 5	# children c = 20	length of each stage p = 1	nodes = 80	# items I = 1
