[70, 94, 39, 94, 26, 82, 88, 79, 97, 11,
70, 55, 57, 25, 17, 22, 85, 78, 40, 30,
19, 99, 18, 60, 18, 10, 63, 94, 70, 17,
59, 5, 11, 64, 100, 37, 46, 87, 83, 42,
64, 18, 98, 87, 43, 81, 9, 95, 24, 15,
24, 44, 81, 8, 3, 65, 85, 32, 58, 54,
50, 84, 26, 61, 47, 25, 64, 59, 78, 12,
1, 8, 31, 65, 95, 40, 11, 70, 34, 36,
86, 24, 46, 32, 32, 15, 97, 84, 48, 54,
3, 98, 3, 29, 24, 51, 20, 54, 9, 99,
67, 77, 73, 98, 41, 33, 37, 19, 3, 38,
55, 55, 62, 67, 87, 61, 82, 49, 44, 29,
69]
[[724, 1024, 57], [454, 1021, 705], [878, 982, 711], [14, 683, 323], [266, 588, 948], [257, 538, 726], [266, 335, 90], [766, 400, 822], [339, 748, 213], [598, 643, 1037],
[517, 326, 179], [776, 780, 360], [439, 616, 300], [310, 833, 143], [633, 57, 732], [540, 516, 430], [426, 783, 765], [718, 709, 325], [701, 6, 233], [914, 806, 877],
[69, 281, 161], [450, 16, 101], [810, 657, 920], [271, 128, 913], [616, 761, 130], [508, 461, 646], [938, 47, 589], [864, 766, 256], [349, 425, 464], [583, 499, 228],
[418, 770, 712], [781, 380, 930], [42, 350, 545], [122, 621, 673], [1035, 398, 595], [325, 906, 216], [132, 1005, 264], [721, 1029, 1030], [138, 336, 615], [602, 919, 274],
[1033, 497, 2], [703, 438, 382], [591, 481, 732], [296, 805, 514], [130, 799, 72], [927, 284, 978], [101, 618, 101], [365, 298, 290], [555, 638, 627], [330, 400, 706],
[604, 391, 364], [808, 254, 802], [350, 845, 443], [243, 302, 207], [757, 634, 166], [1031, 519, 652], [127, 822, 229], [229, 348, 527], [519, 903, 325], [306, 394, 725],
[173, 158, 75], [537, 967, 531], [499, 477, 537], [103, 720, 839], [310, 637, 633], [678, 626, 110], [288, 754, 92], [517, 143, 440], [204, 662, 504], [731, 129, 898],
[415, 302, 14], [692, 1041, 141], [181, 700, 619], [718, 803, 297], [717, 273, 95], [308, 951, 721], [620, 400, 433], [713, 77, 576], [111, 282, 399], [615, 1013, 730],
[673, 588, 1032], [890, 238, 191], [191, 622, 891], [810, 298, 653], [268, 1016, 926], [363, 282, 1038], [244, 63, 396], [880, 776, 473], [414, 47, 957], [1015, 663, 89],
[703, 496, 677], [895, 344, 76], [44, 738, 698], [96, 506, 156], [951, 976, 130], [1037, 499, 615], [1033, 946, 678], [589, 784, 614], [21, 156, 661], [138, 332, 484],
[227, 1035, 981], [65, 49, 485], [343, 295, 181], [1041, 391, 890], [357, 502, 1026], [690, 498, 686], [263, 489, 590], [101, 239, 332], [715, 462, 690], [334, 600, 1022],
[819, 1030, 176], [960, 255, 225], [403, 598, 722], [787, 799, 274], [837, 114, 776], [821, 804, 232], [667, 227, 924], [215, 328, 121], [547, 203, 583], [196, 740, 343],
[378, 517, 533]]
[[7, 8, 1, 7], [1, 1, 6, 3], [8, 1, 2, 6], [3, 2, 2, 7], [1, 8, 4, 5], [10, 0, 7, 6], [6, 3, 0, 7], [3, 2, 3, 10], [9, 4, 6, 10], [5, 0, 2, 1],
[1, 2, 7, 5], [4, 7, 1, 6], [5, 3, 9, 4], [3, 5, 9, 7], [6, 9, 3, 9], [9, 6, 7, 7], [0, 0, 5, 3], [0, 7, 4, 2], [8, 9, 7, 1], [6, 6, 5, 9],
[9, 2, 0, 10], [5, 9, 4, 1], [5, 7, 8, 2], [0, 4, 9, 9], [5, 3, 2, 3], [9, 4, 5, 6], [1, 10, 5, 7], [3, 9, 3, 10], [0, 3, 9, 5], [0, 0, 4, 5],
[7, 2, 7, 6], [4, 4, 4, 7], [5, 6, 0, 1], [9, 5, 7, 10], [3, 0, 4, 6], [9, 7, 6, 9], [10, 2, 1, 8], [3, 4, 1, 8], [6, 6, 3, 8], [10, 6, 5, 3],
[10, 5, 4, 8], [8, 10, 5, 0], [10, 9, 5, 6], [5, 9, 4, 3], [0, 3, 0, 1], [7, 10, 8, 0], [6, 9, 9, 5], [4, 1, 6, 4], [4, 9, 10, 10], [8, 5, 9, 5],
[3, 3, 0, 7], [1, 2, 8, 10], [5, 6, 10, 0], [6, 5, 0, 1], [3, 7, 4, 8], [6, 0, 10, 10], [9, 9, 10, 4], [3, 6, 9, 7], [9, 9, 1, 8], [9, 9, 5, 1],
[4, 4, 1, 10], [9, 2, 0, 0], [7, 5, 8, 3], [5, 7, 0, 1], [3, 10, 5, 7], [5, 1, 1, 1], [8, 2, 9, 6], [0, 2, 7, 4], [4, 9, 2, 3], [9, 2, 1, 3],
[5, 9, 6, 8], [3, 7, 9, 6], [4, 1, 0, 8], [2, 1, 9, 10], [3, 6, 5, 1], [8, 0, 4, 1], [7, 6, 2, 5], [8, 3, 8, 1], [10, 2, 9, 0], [9, 8, 5, 0],
[7, 5, 8, 10], [5, 5, 9, 8], [0, 2, 8, 6], [0, 1, 5, 7], [7, 6, 10, 2], [7, 5, 3, 7], [7, 2, 5, 3], [8, 10, 2, 4], [3, 10, 3, 8], [4, 0, 3, 2],
[0, 9, 6, 0], [10, 10, 5, 6], [5, 4, 7, 10], [9, 10, 6, 4], [10, 10, 5, 7], [7, 7, 1, 10], [5, 2, 5, 7], [0, 7, 8, 0], [5, 3, 9, 3], [0, 3, 7, 5],
[5, 3, 5, 2], [3, 9, 6, 0], [6, 9, 8, 3], [6, 7, 0, 0], [7, 4, 5, 8], [0, 2, 6, 3], [6, 3, 6, 6], [4, 3, 10, 10], [4, 2, 1, 5], [9, 7, 6, 5],
[5, 3, 6, 9], [8, 6, 7, 4], [8, 2, 10, 6], [4, 4, 10, 8], [7, 3, 2, 0], [4, 1, 10, 9], [1, 9, 3, 10], [3, 9, 2, 7], [10, 8, 5, 7], [2, 0, 10, 8],
[2, 9, 4, 4]]
[1, 0.05, 0.05, 0.05, 0.05, 0.05, 0.05, 0.05, 0.05, 0.05,
0.05, 0.05, 0.05, 0.05, 0.05, 0.05, 0.05, 0.05, 0.05, 0.05,
0.05, 0.0025, 0.0025, 0.0025, 0.0025, 0.0025, 0.0025, 0.0025, 0.0025, 0.0025,
0.0025, 0.0025, 0.0025, 0.0025, 0.0025, 0.0025, 0.0025, 0.0025, 0.0025, 0.0025,
0.0025, 0.000125, 0.000125, 0.000125, 0.000125, 0.000125, 0.000125, 0.000125, 0.000125, 0.000125,
0.000125, 0.000125, 0.000125, 0.000125, 0.000125, 0.000125, 0.000125, 0.000125, 0.000125, 0.000125,
0.000125, 6.25e-06, 6.25e-06, 6.25e-06, 6.25e-06, 6.25e-06, 6.25e-06, 6.25e-06, 6.25e-06, 6.25e-06,
6.25e-06, 6.25e-06, 6.25e-06, 6.25e-06, 6.25e-06, 6.25e-06, 6.25e-06, 6.25e-06, 6.25e-06, 6.25e-06,
6.25e-06, 3.125e-07, 3.125e-07, 3.125e-07, 3.125e-07, 3.125e-07, 3.125e-07, 3.125e-07, 3.125e-07, 3.125e-07,
3.125e-07, 3.125e-07, 3.125e-07, 3.125e-07, 3.125e-07, 3.125e-07, 3.125e-07, 3.125e-07, 3.125e-07, 3.125e-07,
3.125e-07, 1.5625e-08, 1.5625e-08, 1.5625e-08, 1.5625e-08, 1.5625e-08, 1.5625e-08, 1.5625e-08, 1.5625e-08, 1.5625e-08,
1.5625e-08, 1.5625e-08, 1.5625e-08, 1.5625e-08, 1.5625e-08, 1.5625e-08, 1.5625e-08, 1.5625e-08, 1.5625e-08, 1.5625e-08,
1.5625e-08]
[7, 10, 2, 3, 5, 2, 16, 0, 16, 15,
1, 0, 4, 14, 15, 2, 8, 2, 2, 17,
5, 12, 9, 15, 1, 19, 1, 8, 19, 9,
9, 10, 20, 3, 19, 4, 17, 0, 6, 3,
18, 6, 19, 2, 15, 8, 0, 18, 9, 18,
20, 6, 12, 16, 17, 4, 0, 11, 2, 15,
2, 18, 17, 18, 15, 10, 11, 7, 19, 0,
1, 7, 11, 19, 9, 8, 12, 9, 17, 12,
20, 2, 14, 10, 10, 4, 11, 9, 7, 13,
17, 2, 1, 14, 15, 5, 3, 20, 16, 7,
17, 15, 0, 5, 6, 17, 14, 8, 5, 9,
5, 10, 2, 3, 15, 0, 18, 15, 12, 19,
15]
------------------------------------------------------- 
# stage = 7	# children c = 20	length of each stage p = 1	nodes = 120	# items I = 1
