[5, 92, 56, 34, 20, 14, 14, 70, 69, 84,
63, 82, 13, 69, 84, 70, 18, 94, 73, 80,
66, 40, 31, 90, 30, 15, 5, 88, 10, 100,
85]
[[618, 763, 639], [568, 324, 289], [924, 159, 289], [649, 656, 913], [551, 862, 281], [319, 744, 831], [434, 665, 780], [760, 28, 364], [969, 504, 314], [721, 354, 860],
[867, 649, 649], [531, 894, 650], [820, 843, 486], [134, 195, 168], [725, 746, 55], [31, 742, 476], [539, 854, 167], [344, 639, 847], [385, 311, 376], [700, 57, 407],
[262, 924, 81], [588, 481, 1], [264, 3, 521], [750, 790, 393], [595, 540, 817], [328, 248, 584], [804, 788, 140], [648, 809, 457], [198, 220, 768], [574, 597, 825],
[7, 859, 774]]
[[4, 5, 3, 5], [0, 10, 0, 10], [6, 7, 2, 3], [10, 8, 9, 10], [5, 3, 3, 5], [10, 9, 2, 5], [7, 4, 9, 2], [9, 8, 4, 0], [3, 7, 4, 1], [6, 4, 1, 1],
[1, 1, 2, 0], [9, 1, 9, 2], [2, 10, 5, 1], [8, 7, 6, 4], [1, 4, 6, 8], [0, 10, 8, 1], [6, 10, 0, 10], [4, 1, 10, 5], [3, 1, 3, 10], [0, 10, 10, 2],
[10, 5, 1, 7], [1, 6, 1, 0], [10, 5, 6, 8], [3, 2, 7, 9], [1, 8, 7, 5], [7, 6, 8, 10], [5, 10, 8, 6], [9, 7, 6, 8], [1, 8, 3, 1], [3, 2, 1, 0],
[7, 8, 9, 10]]
[1, 0.1, 0.1, 0.1, 0.1, 0.1, 0.1, 0.1, 0.1, 0.1,
0.1, 0.01, 0.01, 0.01, 0.01, 0.01, 0.01, 0.01, 0.01, 0.01,
0.01, 0.001, 0.001, 0.001, 0.001, 0.001, 0.001, 0.001, 0.001, 0.001,
0.001]
[5, 3, 8, 1, 5, 5, 2, 9, 0, 2,
1, 5, 6, 1, 8, 8, 0, 4, 8, 3,
7, 6, 8, 7, 2, 8, 3, 7, 2, 4,
6]
------------------------------------------------------- 
# stage = 4	# children c = 10	length of each stage p = 1	nodes = 30	# items I = 1
