[38, 74, 90, 99, 99, 95, 21, 88, 89, 98,
48, 20, 35, 6, 89, 5, 29, 73, 2, 68,
96, 16, 27, 90, 14, 82, 78, 15, 51, 78,
94, 89, 52, 49, 54, 16, 43, 41, 3, 31,
38, 51, 17, 39, 23, 5, 11, 52, 79, 80,
86]
[[2774, 2610, 1052], [1045, 1604, 2710], [1442, 2119, 2326], [3804, 2825, 737], [2483, 1278, 1427], [204, 2395, 3740], [1835, 2104, 1031], [902, 3783, 1954], [1572, 3496, 859], [2500, 2588, 794],
[3257, 1550, 2332], [497, 2595, 2864], [3208, 226, 1172], [650, 2958, 185], [315, 557, 391], [670, 761, 2787], [599, 2596, 1079], [558, 2426, 3790], [2512, 186, 3475], [2299, 1614, 1179],
[2021, 1059, 2729], [3281, 1557, 441], [2334, 3693, 3407], [3506, 3271, 2553], [2619, 3586, 3110], [3011, 444, 2800], [914, 1043, 512], [921, 529, 2939], [899, 3041, 3125], [3302, 1528, 928],
[669, 2477, 915], [3399, 1947, 2472], [2768, 469, 1281], [2363, 163, 740], [32, 1710, 3254], [2070, 909, 3699], [1058, 751, 3670], [1571, 1672, 388], [698, 2572, 2357], [2751, 2062, 74],
[2607, 2732, 1479], [3523, 1247, 3426], [1111, 2943, 83], [1321, 422, 2986], [989, 454, 885], [432, 1452, 722], [3059, 1439, 1474], [2917, 1938, 3146], [2233, 1564, 834], [779, 503, 2897],
[3593, 3111, 745]]
[[10, 8, 2, 4], [10, 2, 10, 7], [1, 6, 6, 9], [0, 10, 4, 8], [6, 2, 1, 7], [6, 1, 0, 0], [1, 9, 8, 4], [9, 7, 5, 9], [5, 7, 0, 2], [9, 10, 9, 9],
[3, 4, 7, 4], [1, 0, 10, 5], [0, 10, 2, 6], [9, 0, 5, 0], [9, 2, 2, 8], [10, 7, 4, 2], [4, 2, 4, 0], [1, 0, 9, 2], [2, 5, 6, 3], [3, 4, 9, 2],
[3, 0, 8, 1], [9, 0, 10, 7], [3, 1, 2, 0], [9, 6, 2, 0], [6, 4, 0, 7], [4, 10, 8, 4], [2, 3, 7, 4], [5, 3, 6, 8], [1, 1, 8, 10], [2, 5, 7, 3],
[7, 9, 3, 3], [3, 5, 3, 9], [7, 3, 4, 0], [2, 1, 2, 3], [2, 9, 7, 8], [0, 0, 3, 1], [1, 0, 1, 3], [6, 6, 6, 0], [4, 7, 3, 7], [1, 4, 4, 6],
[7, 8, 4, 8], [7, 6, 0, 9], [3, 5, 6, 3], [5, 8, 4, 4], [8, 3, 6, 1], [9, 10, 10, 1], [7, 0, 6, 6], [4, 10, 2, 1], [5, 6, 7, 1], [2, 5, 9, 5],
[10, 2, 6, 2]]
[1, 0.1, 0.1, 0.1, 0.1, 0.1, 0.1, 0.1, 0.1, 0.1,
0.1, 0.01, 0.01, 0.01, 0.01, 0.01, 0.01, 0.01, 0.01, 0.01,
0.01, 0.001, 0.001, 0.001, 0.001, 0.001, 0.001, 0.001, 0.001, 0.001,
0.001, 0.0001, 0.0001, 0.0001, 0.0001, 0.0001, 0.0001, 0.0001, 0.0001, 0.0001,
0.0001, 1e-05, 1e-05, 1e-05, 1e-05, 1e-05, 1e-05, 1e-05, 1e-05, 1e-05,
1e-05]
[2, 3, 7, 2, 17, 3, 4, 12, 10, 0,
17, 12, 9, 16, 15, 2, 13, 2, 0, 5,
5, 7, 16, 16, 18, 19, 10, 18, 15, 13,
8, 11, 5, 14, 3, 6, 12, 17, 5, 7,
5, 10, 9, 7, 3, 7, 9, 18, 5, 4,
16]
------------------------------------------------------- 
# stage = 6	# children c = 10	length of each stage p = 1	nodes = 50	# items I = 1
