[85, 20, 88, 56, 54, 46, 35, 3, 70, 4,
100, 53, 100, 37, 1, 53, 67, 82, 71, 84,
17, 47, 16, 23, 21, 20, 13, 86, 43, 37,
63, 94, 57, 17, 15, 10, 29, 16, 81, 99,
20, 80, 17, 86, 83, 18, 38, 49, 67, 76,
32]
[[51, 2096, 1803], [760, 48, 16], [477, 1840, 2785], [1341, 1548, 3377], [1760, 3026, 1343], [1938, 1566, 2964], [161, 3022, 3159], [3048, 871, 228], [875, 618, 2384], [1398, 1770, 628],
[208, 1821, 2725], [1184, 1754, 1945], [1200, 1403, 349], [3157, 2744, 1897], [2271, 241, 659], [178, 2179, 2226], [2314, 1512, 984], [1209, 1124, 1856], [1438, 1171, 2474], [2994, 2570, 3416],
[187, 1950, 974], [2084, 3134, 2728], [593, 70, 695], [942, 3228, 2611], [2012, 1235, 2852], [1843, 1413, 1595], [3241, 2899, 2279], [790, 673, 3404], [2646, 1283, 311], [856, 841, 2881],
[836, 1028, 1396], [982, 3112, 1094], [274, 2877, 1165], [141, 384, 129], [2753, 1568, 1364], [2169, 3411, 1949], [2937, 3217, 584], [1780, 571, 1257], [920, 2389, 1712], [1232, 3245, 2554],
[677, 3253, 2754], [1245, 800, 1603], [2340, 246, 1044], [2677, 388, 600], [2806, 3141, 2168], [3342, 1046, 1316], [1027, 547, 269], [1611, 1500, 840], [2041, 2420, 3229], [317, 2824, 2210],
[2871, 66, 1199]]
[[2, 3, 6, 2], [10, 2, 5, 8], [3, 3, 2, 6], [0, 3, 6, 4], [10, 2, 2, 9], [1, 9, 1, 9], [0, 9, 1, 9], [1, 5, 0, 2], [8, 6, 4, 6], [6, 9, 1, 9],
[0, 1, 2, 0], [5, 8, 2, 4], [9, 5, 0, 10], [1, 10, 6, 2], [9, 7, 9, 10], [1, 9, 1, 8], [3, 4, 1, 9], [0, 2, 6, 0], [3, 8, 9, 6], [6, 1, 8, 2],
[4, 9, 1, 5], [8, 7, 5, 4], [2, 4, 4, 3], [0, 5, 9, 3], [7, 8, 2, 8], [10, 6, 6, 1], [3, 5, 7, 7], [4, 5, 9, 6], [1, 10, 9, 7], [5, 4, 1, 7],
[6, 3, 8, 6], [6, 5, 10, 3], [2, 10, 9, 2], [5, 4, 1, 8], [7, 6, 3, 0], [9, 1, 4, 10], [10, 3, 5, 4], [5, 4, 9, 0], [7, 6, 6, 2], [0, 5, 5, 1],
[4, 3, 1, 9], [8, 2, 5, 2], [8, 8, 3, 5], [7, 7, 2, 6], [8, 7, 8, 2], [0, 6, 2, 7], [0, 9, 8, 9], [1, 2, 10, 4], [4, 0, 0, 10], [0, 3, 1, 9],
[0, 2, 3, 8]]
[1, 0.1, 0.1, 0.1, 0.1, 0.1, 0.1, 0.1, 0.1, 0.1,
0.1, 0.01, 0.01, 0.01, 0.01, 0.01, 0.01, 0.01, 0.01, 0.01,
0.01, 0.001, 0.001, 0.001, 0.001, 0.001, 0.001, 0.001, 0.001, 0.001,
0.001, 0.0001, 0.0001, 0.0001, 0.0001, 0.0001, 0.0001, 0.0001, 0.0001, 0.0001,
0.0001, 1e-05, 1e-05, 1e-05, 1e-05, 1e-05, 1e-05, 1e-05, 1e-05, 1e-05,
1e-05]
[2, 8, 1, 4, 3, 6, 0, 2, 3, 4,
6, 3, 0, 5, 3, 3, 4, 8, 8, 3,
7, 4, 6, 4, 1, 0, 0, 5, 5, 8,
2, 8, 2, 1, 8, 0, 3, 1, 0, 5,
4, 4, 3, 2, 2, 4, 2, 5, 8, 3,
8]
------------------------------------------------------- 
# stage = 6	# children c = 10	length of each stage p = 1	nodes = 50	# items I = 1
