[46, 98, 15, 38, 36, 66, 78, 81, 1, 47,
75, 33, 81, 80, 68, 18, 61, 42, 92, 20,
1, 3, 82, 72, 2, 69, 3, 42, 100, 87,
31]
[[557, 573, 999], [835, 485, 622], [460, 233, 986], [279, 724, 305], [415, 883, 305], [517, 611, 712], [449, 378, 214], [858, 249, 261], [432, 330, 147], [231, 694, 250],
[293, 238, 824], [656, 437, 296], [642, 262, 907], [616, 541, 618], [921, 320, 866], [213, 201, 464], [925, 651, 842], [504, 496, 455], [129, 292, 149], [276, 524, 843],
[527, 181, 445], [338, 838, 247], [1011, 467, 509], [905, 70, 414], [888, 991, 98], [105, 568, 299], [946, 858, 314], [140, 349, 175], [972, 478, 467], [109, 755, 991],
[952, 269, 160]]
[[5, 0, 8, 2], [2, 5, 0, 2], [10, 8, 0, 2], [2, 4, 4, 0], [4, 0, 5, 2], [3, 7, 6, 5], [0, 10, 8, 8], [8, 10, 5, 1], [10, 0, 3, 2], [3, 2, 4, 2],
[10, 4, 2, 1], [8, 6, 1, 1], [7, 4, 1, 10], [0, 8, 2, 9], [5, 10, 6, 3], [7, 9, 4, 7], [7, 5, 9, 0], [7, 0, 0, 4], [2, 3, 5, 10], [7, 4, 9, 3],
[6, 10, 0, 7], [5, 3, 5, 0], [0, 10, 1, 8], [6, 3, 2, 3], [8, 9, 1, 3], [9, 1, 7, 0], [4, 0, 8, 10], [2, 4, 2, 9], [1, 3, 3, 7], [4, 8, 5, 2],
[5, 6, 8, 1]]
[1, 0.1, 0.1, 0.1, 0.1, 0.1, 0.1, 0.1, 0.1, 0.1,
0.1, 0.01, 0.01, 0.01, 0.01, 0.01, 0.01, 0.01, 0.01, 0.01,
0.01, 0.001, 0.001, 0.001, 0.001, 0.001, 0.001, 0.001, 0.001, 0.001,
0.001]
[3, 14, 7, 15, 9, 16, 18, 14, 7, 10,
0, 1, 5, 16, 14, 11, 8, 8, 1, 15,
1, 11, 2, 8, 0, 3, 2, 18, 11, 17,
14]
------------------------------------------------------- 
# stage = 4	# children c = 10	length of each stage p = 1	nodes = 30	# items I = 1
