[52, 47, 23, 74, 69, 50, 33, 46, 25, 2,
18, 11, 73, 57, 61, 98, 88, 3, 83, 70,
10, 4, 47, 82, 0, 98, 40, 50, 43, 24,
91, 61, 71, 80, 35, 40, 30, 68, 52, 21,
36, 70, 32, 8, 27, 60, 72, 14, 63, 54,
51, 39, 25, 64, 88, 92, 61, 94, 41, 70,
17]
[[77, 949, 743], [665, 853, 67], [804, 170, 334], [600, 588, 476], [548, 337, 258], [414, 692, 409], [344, 148, 604], [533, 953, 377], [2, 332, 186], [291, 635, 651],
[992, 740, 614], [722, 392, 481], [789, 182, 680], [138, 810, 254], [614, 372, 620], [873, 786, 298], [296, 117, 475], [901, 678, 414], [292, 680, 774], [478, 1000, 424],
[143, 978, 150], [758, 686, 542], [225, 490, 724], [905, 628, 548], [174, 228, 921], [794, 115, 693], [106, 412, 838], [581, 327, 502], [10, 619, 197], [784, 111, 183],
[222, 255, 147], [373, 27, 834], [915, 252, 310], [654, 172, 966], [188, 346, 180], [123, 154, 296], [817, 260, 708], [669, 870, 21], [186, 880, 668], [383, 678, 807],
[594, 901, 76], [741, 260, 103], [589, 189, 384], [927, 843, 584], [879, 46, 958], [74, 169, 98], [398, 0, 358], [120, 698, 214], [169, 884, 108], [837, 281, 787],
[658, 903, 702], [735, 658, 990], [866, 234, 165], [264, 175, 23], [848, 69, 69], [792, 171, 266], [890, 569, 267], [263, 689, 993], [505, 858, 863], [614, 709, 158],
[415, 353, 47]]
[[8, 5, 4, 7], [4, 1, 3, 9], [5, 2, 9, 7], [6, 3, 7, 1], [10, 2, 10, 2], [5, 6, 7, 3], [2, 9, 8, 0], [0, 0, 4, 6], [3, 6, 2, 5], [5, 4, 3, 0],
[6, 1, 5, 10], [4, 10, 9, 1], [10, 6, 3, 5], [2, 8, 8, 2], [7, 5, 2, 5], [3, 5, 0, 6], [0, 0, 0, 4], [4, 1, 4, 9], [0, 9, 6, 4], [6, 5, 4, 5],
[0, 7, 10, 0], [3, 5, 3, 8], [9, 5, 2, 10], [10, 0, 6, 9], [9, 4, 0, 3], [4, 4, 10, 4], [0, 5, 7, 6], [10, 0, 0, 9], [5, 9, 9, 8], [1, 10, 3, 10],
[5, 3, 10, 2], [3, 3, 9, 2], [5, 9, 3, 9], [0, 2, 1, 9], [7, 8, 4, 5], [8, 3, 1, 0], [10, 8, 7, 0], [8, 10, 9, 0], [3, 8, 2, 4], [9, 10, 4, 1],
[8, 7, 9, 7], [7, 10, 5, 2], [7, 10, 5, 2], [0, 6, 2, 10], [1, 9, 10, 9], [7, 8, 9, 10], [3, 10, 3, 1], [9, 6, 1, 4], [2, 10, 0, 8], [9, 6, 10, 5],
[3, 4, 5, 3], [8, 7, 2, 9], [4, 1, 8, 0], [8, 4, 8, 0], [3, 0, 0, 10], [6, 1, 4, 7], [0, 4, 4, 7], [8, 1, 10, 0], [5, 4, 3, 2], [9, 3, 0, 2],
[3, 6, 2, 0]]
[1, 0.1, 0.1, 0.1, 0.1, 0.1, 0.1, 0.1, 0.1, 0.1,
0.1, 0.01, 0.01, 0.01, 0.01, 0.01, 0.01, 0.01, 0.01, 0.01,
0.01, 0.001, 0.001, 0.001, 0.001, 0.001, 0.001, 0.001, 0.001, 0.001,
0.001, 0.0001, 0.0001, 0.0001, 0.0001, 0.0001, 0.0001, 0.0001, 0.0001, 0.0001,
0.0001, 1e-05, 1e-05, 1e-05, 1e-05, 1e-05, 1e-05, 1e-05, 1e-05, 1e-05,
1e-05, 1e-06, 1e-06, 1e-06, 1e-06, 1e-06, 1e-06, 1e-06, 1e-06, 1e-06,
1e-06]
[5, 4, 5, 8, 6, 0, 4, 9, 8, 2,
1, 10, 2, 2, 0, 1, 5, 9, 8, 3,
1, 2, 0, 7, 8, 5, 0, 6, 8, 8,
10, 1, 0, 2, 2, 8, 6, 3, 8, 1,
6, 10, 10, 10, 2, 3, 4, 3, 9, 0,
9, 10, 5, 7, 0, 3, 2, 3, 7, 7,
5]
------------------------------------------------------- 
# stage = 7	# children c = 10	length of each stage p = 1	nodes = 60	# items I = 1
