[81, 97, 73, 92, 89, 17, 83, 55, 12, 16,
26, 93, 10, 43, 68, 54, 50, 14, 11, 14,
54, 98, 46, 61, 10, 27, 81, 94, 39, 17,
81, 20, 80, 20, 78, 69, 37, 26, 23, 16,
43]
[[945, 1118, 709], [1418, 36, 1537], [692, 1848, 1142], [1195, 263, 739], [14, 75, 1922], [1449, 999, 553], [965, 1509, 912], [480, 102, 1498], [602, 57, 611], [581, 1993, 1538],
[80, 801, 519], [790, 557, 555], [664, 1723, 267], [1806, 781, 530], [883, 1270, 1080], [1142, 582, 2079], [32, 2022, 1451], [944, 365, 2028], [780, 1441, 2085], [1865, 2022, 279],
[1266, 2102, 1080], [1786, 1229, 2111], [204, 231, 1698], [471, 2037, 816], [1476, 1257, 2086], [419, 263, 1006], [835, 295, 891], [623, 1714, 1730], [514, 357, 1034], [937, 85, 1393],
[1216, 1351, 1832], [633, 1000, 1399], [608, 1679, 1630], [643, 487, 2004], [1459, 300, 1125], [1409, 719, 1862], [752, 2028, 20], [1643, 515, 71], [1710, 1503, 428], [1081, 303, 987],
[337, 1993, 676]]
[[1, 10, 5, 5], [5, 5, 2, 1], [6, 7, 5, 1], [5, 3, 10, 0], [9, 9, 10, 8], [9, 4, 8, 2], [8, 3, 5, 9], [3, 1, 3, 2], [10, 6, 7, 4], [10, 7, 6, 5],
[3, 9, 5, 6], [1, 4, 6, 0], [3, 6, 6, 1], [8, 3, 1, 6], [5, 6, 4, 6], [6, 5, 8, 5], [0, 2, 7, 8], [9, 2, 1, 0], [0, 6, 6, 0], [10, 2, 9, 0],
[6, 4, 10, 1], [7, 0, 7, 10], [7, 0, 5, 0], [3, 2, 5, 4], [2, 1, 10, 1], [2, 0, 10, 0], [4, 5, 0, 4], [5, 9, 2, 9], [2, 2, 0, 8], [2, 7, 7, 7],
[6, 2, 7, 9], [2, 10, 0, 5], [10, 9, 4, 1], [9, 3, 1, 1], [6, 0, 5, 1], [9, 7, 10, 10], [7, 10, 5, 8], [5, 1, 4, 9], [1, 10, 7, 2], [9, 6, 7, 8],
[4, 0, 7, 0]]
[1, 0.1, 0.1, 0.1, 0.1, 0.1, 0.1, 0.1, 0.1, 0.1,
0.1, 0.01, 0.01, 0.01, 0.01, 0.01, 0.01, 0.01, 0.01, 0.01,
0.01, 0.001, 0.001, 0.001, 0.001, 0.001, 0.001, 0.001, 0.001, 0.001,
0.001, 0.0001, 0.0001, 0.0001, 0.0001, 0.0001, 0.0001, 0.0001, 0.0001, 0.0001,
0.0001]
[12, 13, 12, 4, 21, 0, 11, 10, 18, 15,
12, 20, 18, 3, 16, 16, 17, 11, 9, 3,
19, 14, 17, 0, 14, 9, 3, 4, 3, 2,
7, 1, 0, 8, 1, 13, 11, 3, 3, 16,
20]
------------------------------------------------------- 
# stage = 5	# children c = 10	length of each stage p = 1	nodes = 40	# items I = 1
