[77, 58, 87, 81, 39, 11, 75, 31, 98, 59,
57, 57, 57, 41, 85, 39, 21, 27, 20, 71,
94, 30, 77, 32, 99, 30, 47, 35, 66, 88,
19, 9, 11, 6, 56, 50, 84, 97, 47, 47,
55, 4, 3, 78, 11, 54, 83, 32, 82, 69,
2, 41, 100, 79, 39, 98, 9, 87, 99, 41,
40, 17, 16, 52, 90, 72, 68, 73, 35, 15,
20, 56, 19, 90, 34, 30, 44, 83, 28, 92,
18, 30, 99, 84, 75, 37, 81, 50, 90, 45,
92, 30, 62, 74, 82, 52, 12, 15, 91, 47,
30]
[[1122, 1913, 566], [935, 199, 97], [880, 1285, 20], [240, 1858, 70], [1593, 1655, 737], [375, 137, 1407], [360, 657, 766], [1606, 1681, 582], [1596, 981, 665], [182, 1864, 956],
[838, 1601, 920], [1404, 1150, 1682], [115, 81, 1581], [135, 885, 1491], [205, 529, 1760], [943, 1467, 1897], [964, 1827, 605], [345, 98, 337], [927, 309, 1881], [1592, 491, 411],
[1162, 1329, 63], [133, 1347, 1213], [1815, 1463, 1858], [1447, 212, 794], [1552, 981, 1886], [1363, 1924, 1404], [1311, 1502, 1845], [530, 1847, 1943], [1431, 825, 866], [1926, 1031, 1357],
[388, 244, 1300], [1014, 377, 1262], [842, 806, 1339], [751, 868, 1551], [159, 1034, 583], [96, 1012, 1121], [1500, 374, 675], [10, 1468, 573], [4, 950, 13], [871, 1490, 1044],
[842, 1879, 1289], [757, 1507, 280], [70, 963, 1650], [1409, 1714, 1132], [1011, 1873, 217], [209, 583, 1229], [1330, 134, 218], [619, 144, 1686], [1193, 712, 1250], [1769, 197, 791],
[864, 1602, 1284], [767, 410, 843], [1048, 480, 420], [749, 1889, 186], [495, 1515, 673], [712, 1724, 1257], [1942, 1668, 5], [774, 339, 713], [1074, 146, 39], [375, 1915, 799],
[1729, 830, 452], [1065, 1598, 863], [522, 1260, 1906], [942, 623, 461], [1691, 1118, 27], [979, 444, 365], [850, 1000, 84], [1418, 1774, 986], [745, 899, 1132], [784, 1837, 1098],
[1583, 1618, 543], [650, 1297, 755], [1513, 433, 629], [84, 1938, 1252], [545, 295, 984], [1135, 1837, 1428], [1500, 738, 1043], [199, 770, 868], [1185, 1516, 382], [932, 351, 270],
[644, 549, 502], [1187, 1199, 1799], [556, 1326, 846], [1748, 1410, 836], [1614, 570, 1694], [649, 1705, 1582], [692, 1820, 371], [1735, 633, 1141], [1217, 432, 1271], [1599, 1364, 1623],
[1870, 623, 786], [423, 424, 36], [837, 981, 1925], [1683, 780, 1386], [1133, 446, 570], [878, 1658, 890], [1074, 964, 1324], [1445, 1313, 8], [1201, 582, 1003], [1086, 232, 982],
[760, 716, 1605]]
[[5, 8, 10, 4], [8, 0, 10, 8], [5, 9, 5, 6], [1, 7, 6, 7], [1, 6, 10, 3], [8, 10, 7, 1], [4, 0, 1, 7], [2, 1, 9, 5], [9, 8, 7, 5], [9, 4, 2, 3],
[2, 5, 8, 3], [1, 3, 9, 0], [7, 8, 3, 3], [5, 8, 4, 7], [9, 3, 3, 9], [2, 1, 1, 9], [8, 9, 3, 6], [2, 3, 7, 3], [8, 4, 4, 7], [5, 2, 5, 0],
[8, 6, 3, 0], [4, 5, 7, 2], [6, 0, 9, 8], [10, 10, 6, 7], [6, 8, 0, 9], [0, 6, 1, 7], [10, 5, 1, 3], [6, 7, 3, 1], [2, 4, 2, 6], [7, 9, 6, 2],
[7, 2, 10, 5], [2, 3, 1, 6], [0, 0, 4, 1], [6, 5, 6, 3], [9, 7, 6, 2], [3, 7, 3, 4], [0, 5, 10, 7], [4, 4, 7, 9], [6, 4, 3, 6], [8, 5, 2, 8],
[3, 6, 7, 9], [10, 2, 10, 6], [10, 4, 8, 0], [0, 0, 4, 10], [6, 2, 4, 8], [6, 1, 6, 1], [3, 10, 6, 0], [2, 8, 9, 3], [1, 5, 1, 9], [8, 9, 4, 5],
[2, 10, 3, 1], [0, 8, 0, 4], [8, 2, 10, 3], [1, 3, 2, 5], [2, 6, 5, 2], [3, 1, 5, 3], [5, 4, 1, 0], [3, 4, 5, 3], [3, 8, 4, 1], [3, 2, 3, 0],
[5, 2, 1, 6], [6, 2, 9, 6], [8, 4, 7, 1], [3, 10, 2, 8], [4, 3, 8, 5], [5, 0, 8, 7], [7, 0, 8, 10], [2, 10, 9, 7], [1, 10, 1, 5], [10, 10, 10, 8],
[1, 4, 7, 3], [3, 9, 0, 5], [10, 7, 10, 5], [7, 6, 1, 3], [6, 7, 1, 6], [6, 10, 1, 6], [7, 2, 0, 5], [10, 8, 2, 10], [1, 9, 0, 5], [7, 0, 10, 6],
[5, 8, 9, 2], [1, 10, 3, 7], [5, 2, 0, 0], [10, 1, 6, 7], [1, 5, 1, 10], [2, 1, 9, 4], [10, 9, 7, 4], [7, 4, 8, 2], [1, 7, 2, 2], [4, 3, 7, 9],
[6, 8, 8, 5], [7, 3, 10, 9], [6, 9, 8, 9], [10, 4, 0, 7], [2, 5, 0, 7], [9, 9, 7, 0], [3, 7, 0, 7], [0, 8, 4, 6], [3, 1, 9, 10], [2, 9, 8, 9],
[5, 5, 5, 3]]
[1, 0.05, 0.05, 0.05, 0.05, 0.05, 0.05, 0.05, 0.05, 0.05,
0.05, 0.05, 0.05, 0.05, 0.05, 0.05, 0.05, 0.05, 0.05, 0.05,
0.05, 0.0025, 0.0025, 0.0025, 0.0025, 0.0025, 0.0025, 0.0025, 0.0025, 0.0025,
0.0025, 0.0025, 0.0025, 0.0025, 0.0025, 0.0025, 0.0025, 0.0025, 0.0025, 0.0025,
0.0025, 0.000125, 0.000125, 0.000125, 0.000125, 0.000125, 0.000125, 0.000125, 0.000125, 0.000125,
0.000125, 0.000125, 0.000125, 0.000125, 0.000125, 0.000125, 0.000125, 0.000125, 0.000125, 0.000125,
0.000125, 6.25e-06, 6.25e-06, 6.25e-06, 6.25e-06, 6.25e-06, 6.25e-06, 6.25e-06, 6.25e-06, 6.25e-06,
6.25e-06, 6.25e-06, 6.25e-06, 6.25e-06, 6.25e-06, 6.25e-06, 6.25e-06, 6.25e-06, 6.25e-06, 6.25e-06,
6.25e-06, 3.125e-07, 3.125e-07, 3.125e-07, 3.125e-07, 3.125e-07, 3.125e-07, 3.125e-07, 3.125e-07, 3.125e-07,
3.125e-07, 3.125e-07, 3.125e-07, 3.125e-07, 3.125e-07, 3.125e-07, 3.125e-07, 3.125e-07, 3.125e-07, 3.125e-07,
3.125e-07]
[1, 0, 8, 17, 2, 1, 12, 3, 4, 9,
4, 1, 0, 18, 3, 9, 8, 11, 19, 13,
11, 18, 15, 1, 7, 2, 12, 14, 8, 13,
18, 0, 7, 15, 5, 19, 14, 11, 16, 9,
8, 7, 11, 5, 17, 3, 4, 2, 8, 10,
18, 1, 3, 2, 9, 3, 19, 10, 16, 2,
5, 9, 9, 12, 12, 2, 8, 15, 12, 3,
5, 3, 0, 7, 0, 10, 15, 6, 14, 6,
5, 1, 8, 8, 17, 13, 1, 0, 1, 10,
9, 6, 3, 12, 15, 8, 11, 17, 17, 19,
1]
------------------------------------------------------- 
# stage = 6	# children c = 20	length of each stage p = 1	nodes = 100	# items I = 1
