[5, 82, 68, 33, 46, 25, 78, 93, 15, 79,
17, 84, 36, 90, 18, 36, 65, 66, 0, 88,
54, 0, 76, 8, 31, 14, 23, 56, 0, 49,
87, 5, 31, 54, 38, 43, 79, 82, 1, 60,
61, 19, 9, 97, 75, 28, 100, 5, 60, 66,
60, 80, 66, 35, 88, 64, 50, 78, 19, 50,
93]
[[268, 513, 249], [398, 323, 18], [252, 497, 615], [540, 716, 717], [1, 704, 602], [533, 568, 100], [214, 601, 348], [197, 517, 21], [261, 857, 731], [585, 691, 565],
[473, 77, 196], [90, 476, 769], [359, 96, 635], [92, 5, 719], [177, 6, 792], [780, 539, 478], [248, 753, 447], [596, 68, 82], [868, 580, 308], [717, 533, 117],
[651, 374, 444], [215, 464, 288], [353, 823, 385], [106, 284, 390], [193, 461, 646], [103, 359, 553], [831, 608, 424], [397, 572, 742], [479, 558, 690], [155, 644, 341],
[272, 413, 715], [717, 878, 298], [123, 349, 489], [758, 455, 141], [516, 649, 603], [280, 120, 330], [833, 70, 306], [625, 467, 247], [486, 314, 805], [294, 470, 817],
[4, 110, 598], [719, 827, 595], [385, 319, 62], [243, 195, 768], [384, 712, 535], [355, 360, 23], [686, 562, 343], [110, 305, 810], [357, 159, 493], [531, 704, 331],
[716, 708, 441], [433, 545, 637], [146, 299, 74], [208, 542, 519], [94, 44, 349], [879, 400, 78], [271, 454, 640], [614, 814, 313], [793, 540, 473], [404, 189, 295],
[735, 273, 371]]
[[8, 0, 6, 3], [10, 0, 4, 8], [3, 3, 1, 7], [2, 5, 5, 7], [3, 0, 8, 5], [7, 5, 8, 7], [10, 6, 8, 3], [4, 8, 7, 10], [8, 1, 2, 5], [1, 7, 2, 2],
[8, 1, 8, 10], [7, 2, 7, 10], [0, 2, 3, 5], [5, 9, 2, 4], [4, 8, 7, 6], [5, 4, 5, 2], [5, 6, 6, 4], [0, 8, 4, 8], [10, 10, 5, 4], [2, 10, 1, 0],
[1, 2, 6, 7], [0, 6, 9, 2], [3, 6, 8, 9], [8, 1, 9, 0], [7, 4, 2, 5], [0, 6, 2, 8], [6, 7, 1, 6], [7, 2, 4, 6], [5, 8, 0, 3], [3, 10, 6, 7],
[3, 1, 3, 9], [0, 10, 9, 5], [4, 9, 10, 2], [2, 1, 10, 8], [7, 9, 1, 1], [9, 6, 7, 1], [1, 8, 5, 5], [5, 9, 10, 8], [8, 2, 6, 9], [1, 2, 3, 3],
[0, 1, 5, 2], [2, 2, 9, 7], [0, 8, 8, 10], [1, 3, 0, 3], [9, 5, 8, 3], [1, 5, 0, 10], [7, 6, 8, 6], [6, 9, 8, 6], [10, 2, 6, 0], [3, 4, 7, 3],
[2, 3, 2, 1], [6, 1, 4, 4], [4, 10, 7, 6], [4, 5, 5, 9], [9, 0, 3, 4], [7, 0, 8, 7], [0, 3, 5, 3], [6, 10, 7, 8], [2, 7, 7, 6], [8, 1, 8, 2],
[0, 2, 6, 3]]
[1, 0.1, 0.1, 0.1, 0.1, 0.1, 0.1, 0.1, 0.1, 0.1,
0.1, 0.01, 0.01, 0.01, 0.01, 0.01, 0.01, 0.01, 0.01, 0.01,
0.01, 0.001, 0.001, 0.001, 0.001, 0.001, 0.001, 0.001, 0.001, 0.001,
0.001, 0.0001, 0.0001, 0.0001, 0.0001, 0.0001, 0.0001, 0.0001, 0.0001, 0.0001,
0.0001, 1e-05, 1e-05, 1e-05, 1e-05, 1e-05, 1e-05, 1e-05, 1e-05, 1e-05,
1e-05, 1e-06, 1e-06, 1e-06, 1e-06, 1e-06, 1e-06, 1e-06, 1e-06, 1e-06,
1e-06]
[4, 2, 7, 6, 0, 7, 4, 2, 4, 7,
2, 6, 5, 1, 1, 5, 6, 8, 8, 1,
2, 4, 6, 0, 8, 6, 3, 4, 8, 7,
4, 1, 7, 3, 3, 5, 2, 1, 5, 4,
6, 2, 2, 7, 8, 6, 5, 4, 6, 5,
2, 3, 0, 7, 2, 6, 1, 7, 5, 3,
5]
------------------------------------------------------- 
# stage = 7	# children c = 10	length of each stage p = 1	nodes = 60	# items I = 1
