[80, 78, 44, 29, 44, 4, 46, 84, 95, 89,
47, 1, 81, 1, 65, 5, 68, 95, 17, 25,
85, 18, 15, 23, 28, 32, 54, 38, 88, 92,
48, 33, 36, 92, 29, 80, 62, 75, 29, 22,
63]
[[474, 95, 64], [780, 7, 379], [20, 541, 200], [806, 731, 597], [125, 18, 727], [644, 769, 562], [649, 401, 139], [222, 314, 395], [796, 187, 208], [738, 673, 542],
[768, 327, 637], [12, 287, 717], [391, 380, 366], [664, 367, 277], [368, 492, 295], [202, 316, 244], [837, 146, 645], [84, 441, 139], [479, 344, 399], [760, 263, 252],
[409, 138, 652], [226, 150, 120], [124, 614, 500], [490, 385, 47], [840, 826, 613], [315, 135, 36], [559, 152, 182], [385, 236, 696], [597, 789, 148], [104, 656, 411],
[429, 246, 622], [189, 545, 845], [382, 669, 566], [62, 339, 131], [110, 286, 64], [723, 674, 272], [759, 341, 424], [122, 726, 734], [818, 430, 703], [146, 607, 466],
[630, 144, 785]]
[[0, 5, 9, 1], [6, 2, 6, 3], [5, 2, 8, 5], [7, 3, 1, 6], [9, 1, 10, 10], [4, 6, 1, 6], [9, 0, 1, 1], [4, 10, 2, 2], [4, 0, 4, 10], [0, 10, 0, 6],
[10, 9, 9, 6], [1, 10, 2, 9], [10, 10, 8, 3], [3, 7, 8, 1], [7, 9, 2, 9], [8, 4, 1, 10], [3, 3, 10, 3], [0, 8, 7, 0], [6, 4, 6, 6], [3, 6, 4, 2],
[6, 10, 4, 9], [6, 1, 0, 0], [10, 0, 9, 6], [3, 10, 5, 6], [2, 2, 7, 3], [0, 2, 1, 6], [6, 7, 1, 7], [1, 3, 8, 7], [0, 1, 3, 6], [2, 3, 4, 10],
[2, 3, 5, 5], [0, 9, 9, 1], [0, 3, 4, 9], [5, 3, 3, 9], [10, 2, 4, 9], [4, 1, 5, 4], [0, 9, 0, 0], [10, 4, 10, 10], [5, 3, 2, 6], [10, 0, 5, 10],
[2, 9, 7, 5]]
[1, 0.1, 0.1, 0.1, 0.1, 0.1, 0.1, 0.1, 0.1, 0.1,
0.1, 0.01, 0.01, 0.01, 0.01, 0.01, 0.01, 0.01, 0.01, 0.01,
0.01, 0.001, 0.001, 0.001, 0.001, 0.001, 0.001, 0.001, 0.001, 0.001,
0.001, 0.0001, 0.0001, 0.0001, 0.0001, 0.0001, 0.0001, 0.0001, 0.0001, 0.0001,
0.0001]
[9, 6, 3, 6, 5, 17, 15, 14, 4, 3,
16, 4, 7, 11, 13, 11, 3, 7, 8, 2,
8, 17, 13, 4, 5, 13, 11, 7, 11, 6,
7, 6, 13, 14, 5, 12, 15, 14, 3, 7,
6]
------------------------------------------------------- 
# stage = 5	# children c = 10	length of each stage p = 1	nodes = 40	# items I = 1
