[35, 83, 71, 17, 50, 46, 82, 10, 84, 75,
45, 21, 67, 97, 75, 25, 99, 68, 11, 74,
93, 24, 70, 100, 100, 66, 1, 30, 28, 72,
9, 30, 54, 81, 47, 3, 93, 28, 80, 42,
70]
[[687, 795, 733], [399, 577, 506], [127, 1005, 556], [810, 890, 282], [625, 856, 996], [1071, 1003, 68], [199, 597, 909], [589, 694, 345], [638, 810, 1055], [102, 141, 482],
[911, 46, 194], [561, 446, 1072], [1067, 573, 994], [541, 300, 20], [41, 143, 876], [1037, 432, 796], [323, 631, 310], [450, 138, 223], [796, 1077, 251], [1069, 96, 693],
[468, 1007, 740], [964, 786, 404], [953, 771, 977], [83, 530, 495], [404, 571, 939], [197, 826, 289], [211, 367, 920], [823, 36, 276], [264, 50, 270], [515, 36, 668],
[426, 505, 893], [83, 687, 597], [487, 858, 586], [682, 941, 334], [395, 262, 123], [252, 760, 949], [541, 190, 534], [679, 1013, 570], [956, 495, 620], [444, 1010, 958],
[330, 654, 681]]
[[4, 6, 3, 9], [5, 6, 3, 0], [5, 2, 7, 8], [0, 6, 7, 8], [10, 7, 1, 6], [8, 1, 7, 5], [10, 10, 1, 5], [8, 6, 5, 0], [0, 7, 9, 5], [0, 1, 5, 5],
[3, 10, 0, 2], [5, 8, 8, 3], [2, 7, 7, 10], [8, 3, 5, 7], [0, 4, 0, 9], [8, 5, 9, 8], [10, 5, 2, 10], [6, 7, 3, 7], [6, 1, 7, 10], [7, 5, 2, 7],
[1, 9, 7, 10], [10, 10, 4, 0], [1, 4, 9, 9], [8, 5, 7, 7], [10, 7, 5, 3], [2, 6, 8, 8], [7, 5, 5, 2], [10, 7, 9, 9], [5, 3, 8, 5], [0, 0, 3, 1],
[4, 10, 0, 10], [4, 5, 5, 1], [10, 10, 2, 1], [5, 10, 8, 10], [4, 2, 1, 1], [10, 9, 0, 2], [1, 6, 5, 2], [6, 8, 1, 9], [5, 1, 8, 9], [4, 0, 8, 4],
[10, 8, 5, 2]]
[1, 0.1, 0.1, 0.1, 0.1, 0.1, 0.1, 0.1, 0.1, 0.1,
0.1, 0.01, 0.01, 0.01, 0.01, 0.01, 0.01, 0.01, 0.01, 0.01,
0.01, 0.001, 0.001, 0.001, 0.001, 0.001, 0.001, 0.001, 0.001, 0.001,
0.001, 0.0001, 0.0001, 0.0001, 0.0001, 0.0001, 0.0001, 0.0001, 0.0001, 0.0001,
0.0001]
[0, 6, 1, 8, 3, 8, 1, 8, 7, 5,
6, 5, 8, 10, 0, 10, 3, 3, 4, 10,
10, 8, 3, 1, 9, 9, 4, 3, 5, 0,
8, 2, 2, 1, 3, 0, 4, 9, 9, 5,
2]
------------------------------------------------------- 
# stage = 5	# children c = 10	length of each stage p = 1	nodes = 40	# items I = 1
