[87, 27, 20, 28, 72, 98, 45, 87, 53, 61,
32, 27, 92, 41, 85, 9, 29, 1, 24, 29,
15, 35, 85, 7, 43, 82, 22, 1, 85, 87,
46, 38, 14, 66, 32, 52, 29, 77, 38, 82,
38]
[[881, 1602, 1380], [744, 1358, 1593], [207, 1117, 675], [1094, 1162, 242], [1616, 1743, 1224], [133, 1095, 1093], [1346, 115, 2266], [862, 1625, 553], [2033, 690, 1697], [954, 183, 1056],
[1831, 1064, 375], [928, 1563, 1734], [2276, 1770, 323], [668, 582, 1486], [911, 1953, 946], [2135, 1841, 2042], [700, 905, 2157], [438, 1767, 1254], [992, 1272, 1944], [406, 1982, 1883],
[1463, 1530, 419], [1593, 2214, 1983], [1044, 2207, 1225], [1368, 593, 1562], [326, 1504, 1232], [1272, 1111, 791], [786, 1811, 1451], [416, 2250, 935], [1425, 714, 1962], [1087, 1120, 1661],
[442, 55, 664], [861, 1649, 595], [561, 165, 274], [1542, 1288, 867], [576, 1614, 2126], [1564, 359, 709], [2110, 1145, 2276], [1278, 1316, 2243], [1968, 459, 429], [1647, 1301, 1549],
[781, 1743, 1360]]
[[3, 10, 3, 3], [4, 6, 7, 2], [10, 8, 9, 9], [4, 4, 0, 7], [8, 4, 6, 2], [5, 4, 4, 4], [2, 7, 6, 0], [2, 7, 2, 5], [5, 3, 7, 9], [9, 3, 9, 7],
[10, 5, 3, 1], [10, 1, 9, 5], [4, 2, 7, 7], [6, 9, 1, 6], [4, 7, 6, 6], [2, 8, 0, 7], [9, 7, 3, 6], [9, 2, 2, 6], [7, 3, 5, 4], [5, 1, 10, 7],
[3, 4, 3, 7], [1, 2, 3, 5], [10, 9, 0, 10], [5, 9, 4, 3], [6, 7, 9, 2], [9, 9, 6, 4], [0, 0, 8, 3], [2, 5, 10, 5], [10, 0, 0, 0], [3, 3, 3, 0],
[10, 3, 10, 2], [1, 3, 4, 5], [10, 0, 5, 7], [8, 0, 0, 8], [1, 8, 9, 1], [1, 8, 4, 0], [8, 4, 9, 9], [7, 10, 9, 5], [2, 6, 7, 1], [9, 0, 5, 7],
[10, 10, 3, 7]]
[1, 0.1, 0.1, 0.1, 0.1, 0.1, 0.1, 0.1, 0.1, 0.1,
0.1, 0.01, 0.01, 0.01, 0.01, 0.01, 0.01, 0.01, 0.01, 0.01,
0.01, 0.001, 0.001, 0.001, 0.001, 0.001, 0.001, 0.001, 0.001, 0.001,
0.001, 0.0001, 0.0001, 0.0001, 0.0001, 0.0001, 0.0001, 0.0001, 0.0001, 0.0001,
0.0001]
[6, 9, 5, 10, 17, 1, 2, 2, 8, 17,
10, 5, 4, 9, 8, 0, 17, 20, 19, 11,
1, 17, 17, 15, 8, 15, 10, 1, 1, 20,
10, 13, 17, 9, 11, 21, 4, 21, 5, 17,
18]
------------------------------------------------------- 
# stage = 5	# children c = 10	length of each stage p = 1	nodes = 40	# items I = 1
