[16, 20, 18, 50, 97, 15, 55, 33, 0, 33,
32, 14, 95, 31, 51, 58, 100, 48, 91, 2,
50, 92, 76, 57, 34, 29, 64, 64, 98, 39,
51, 13, 59, 69, 63, 55, 50, 85, 55, 50,
17]
[[547, 934, 981], [651, 674, 536], [719, 570, 266], [524, 207, 834], [409, 415, 663], [15, 243, 690], [115, 841, 149], [628, 509, 552], [423, 858, 367], [610, 822, 550],
[270, 378, 962], [261, 507, 645], [797, 704, 694], [541, 237, 379], [854, 647, 795], [526, 140, 47], [225, 255, 888], [374, 361, 875], [927, 785, 743], [772, 873, 574],
[800, 153, 430], [771, 883, 416], [426, 167, 129], [129, 709, 836], [508, 572, 492], [312, 107, 110], [828, 801, 834], [725, 185, 204], [610, 590, 467], [831, 840, 819],
[883, 650, 450], [322, 430, 342], [738, 334, 509], [868, 463, 696], [713, 450, 277], [683, 240, 853], [793, 78, 664], [636, 281, 327], [318, 369, 395], [786, 209, 244],
[92, 570, 372]]
[[6, 7, 8, 4], [3, 0, 10, 8], [10, 2, 6, 9], [1, 7, 1, 3], [9, 1, 10, 1], [3, 6, 10, 9], [10, 2, 3, 10], [1, 1, 10, 5], [6, 7, 8, 7], [5, 7, 5, 5],
[7, 0, 3, 8], [6, 2, 10, 4], [4, 9, 6, 7], [3, 3, 3, 0], [3, 5, 8, 2], [4, 7, 6, 8], [2, 3, 4, 7], [10, 9, 1, 4], [8, 2, 0, 3], [5, 10, 5, 7],
[6, 9, 1, 9], [0, 5, 9, 3], [8, 6, 4, 10], [1, 10, 7, 3], [0, 0, 10, 8], [8, 10, 1, 3], [10, 1, 4, 4], [9, 7, 0, 5], [6, 0, 3, 6], [5, 0, 7, 0],
[6, 9, 10, 7], [6, 6, 8, 6], [4, 6, 3, 10], [3, 3, 2, 2], [2, 4, 7, 1], [1, 5, 6, 5], [5, 7, 9, 8], [7, 5, 8, 1], [2, 5, 6, 8], [0, 4, 4, 3],
[8, 5, 2, 0]]
[1, 0.1, 0.1, 0.1, 0.1, 0.1, 0.1, 0.1, 0.1, 0.1,
0.1, 0.01, 0.01, 0.01, 0.01, 0.01, 0.01, 0.01, 0.01, 0.01,
0.01, 0.001, 0.001, 0.001, 0.001, 0.001, 0.001, 0.001, 0.001, 0.001,
0.001, 0.0001, 0.0001, 0.0001, 0.0001, 0.0001, 0.0001, 0.0001, 0.0001, 0.0001,
0.0001]
[1, 18, 14, 12, 2, 17, 1, 7, 11, 13,
15, 19, 5, 6, 0, 17, 12, 15, 18, 4,
14, 9, 10, 2, 19, 13, 4, 2, 11, 1,
19, 5, 5, 2, 19, 8, 12, 5, 5, 7,
14]
------------------------------------------------------- 
# stage = 5	# children c = 10	length of each stage p = 1	nodes = 40	# items I = 1
