[33, 20, 48, 43, 29, 42, 76, 96, 1, 50,
38, 12, 15, 41, 78, 9, 57, 88, 55, 36,
35, 34, 58, 59, 4, 43, 71, 56, 90, 81,
33, 90, 68, 47, 32, 63, 55, 75, 58, 57,
24]
[[2862, 2151, 2827], [12, 4310, 4819], [2659, 1815, 642], [982, 2726, 284], [3140, 1340, 3970], [5173, 1172, 1153], [1750, 3180, 2695], [2029, 160, 772], [4921, 1382, 1669], [1178, 2006, 1099],
[3136, 4869, 3250], [675, 4881, 2272], [5086, 2253, 3679], [440, 2827, 710], [316, 271, 2050], [3878, 5036, 2814], [5031, 1498, 707], [2030, 3527, 459], [2395, 2753, 1842], [3656, 3931, 3848],
[4755, 1371, 3021], [2717, 2046, 2207], [4581, 1844, 4052], [2973, 1876, 1591], [3683, 1784, 1454], [37, 374, 1202], [2852, 4997, 2292], [3151, 1740, 123], [3610, 3727, 2876], [5044, 2095, 1111],
[3197, 1563, 2482], [930, 3872, 4120], [2729, 3166, 676], [1493, 443, 2144], [2676, 3718, 3928], [4130, 3755, 4302], [4924, 1319, 4012], [1520, 4062, 56], [1644, 2385, 3783], [4112, 1733, 590],
[4816, 4930, 1745]]
[[9, 7, 6, 0], [10, 5, 7, 9], [5, 7, 0, 8], [5, 1, 10, 3], [1, 8, 0, 2], [10, 9, 8, 0], [6, 1, 3, 7], [8, 2, 3, 4], [7, 9, 4, 7], [3, 9, 3, 7],
[6, 3, 4, 9], [4, 4, 1, 3], [10, 0, 4, 8], [9, 1, 6, 4], [3, 9, 9, 9], [10, 1, 2, 6], [8, 6, 2, 1], [2, 5, 8, 8], [7, 10, 7, 0], [1, 6, 2, 10],
[6, 6, 7, 3], [5, 2, 7, 8], [9, 6, 4, 8], [5, 6, 4, 3], [10, 6, 2, 2], [10, 8, 8, 6], [7, 4, 4, 9], [9, 6, 8, 2], [10, 2, 5, 5], [2, 2, 0, 0],
[6, 5, 9, 9], [9, 2, 1, 9], [6, 3, 9, 5], [0, 6, 0, 6], [9, 3, 4, 7], [9, 10, 9, 7], [10, 4, 1, 1], [4, 1, 1, 8], [4, 10, 6, 3], [10, 6, 10, 6],
[7, 6, 0, 8]]
[1, 0.1, 0.1, 0.1, 0.1, 0.1, 0.1, 0.1, 0.1, 0.1,
0.1, 0.01, 0.01, 0.01, 0.01, 0.01, 0.01, 0.01, 0.01, 0.01,
0.01, 0.001, 0.001, 0.001, 0.001, 0.001, 0.001, 0.001, 0.001, 0.001,
0.001, 0.0001, 0.0001, 0.0001, 0.0001, 0.0001, 0.0001, 0.0001, 0.0001, 0.0001,
0.0001]
[26, 12, 11, 1, 24, 8, 17, 10, 21, 10,
14, 15, 8, 16, 26, 24, 7, 16, 24, 9,
14, 23, 23, 3, 19, 14, 1, 7, 2, 16,
11, 0, 11, 14, 11, 8, 18, 19, 15, 21,
13]
------------------------------------------------------- 
# stage = 5	# children c = 10	length of each stage p = 1	nodes = 40	# items I = 1
