[78, 97, 23, 87, 57, 19, 100, 19, 85, 22,
77, 99, 76, 48, 5, 66, 94, 40, 66, 32,
4, 72, 22, 1, 68, 44, 45, 22, 49, 57,
7, 26, 19, 97, 13, 77, 15, 79, 62, 66,
0, 39, 30, 77, 53, 1, 8, 46, 42, 74,
45, 12, 11, 67, 13, 79, 10, 58, 68, 26,
82, 75, 18, 0, 71, 31, 43, 52, 77, 5,
85, 77, 10, 14, 19, 63, 83, 27, 75, 24,
68, 19, 2, 79, 52, 16, 24, 29, 74, 92,
55, 21, 66, 73, 89, 2, 71, 31, 54, 47,
2]
[[1716, 585, 1194], [637, 1868, 904], [1738, 163, 367], [173, 8, 172], [454, 1148, 1459], [707, 82, 910], [194, 132, 1435], [471, 270, 957], [482, 1368, 1817], [1879, 1752, 144],
[1698, 1079, 321], [503, 1716, 208], [1407, 1065, 1944], [1774, 830, 1953], [1539, 1284, 1120], [1017, 11, 794], [1519, 205, 927], [973, 268, 1197], [1522, 342, 176], [1358, 240, 1520],
[1095, 1530, 618], [1008, 52, 1927], [1217, 1051, 1011], [1180, 437, 1842], [744, 1976, 737], [1864, 604, 748], [270, 142, 545], [1197, 708, 813], [413, 249, 747], [589, 1200, 579],
[129, 314, 128], [339, 1322, 1753], [285, 150, 824], [889, 923, 1261], [342, 1667, 848], [1079, 1143, 1044], [1420, 1413, 1186], [1965, 629, 1894], [390, 634, 1736], [729, 815, 955],
[1309, 536, 861], [1437, 876, 1775], [802, 753, 1926], [1626, 1234, 868], [498, 1576, 554], [938, 267, 1289], [1, 1687, 721], [779, 1263, 1350], [285, 1245, 1576], [40, 1975, 411],
[995, 1303, 947], [1448, 351, 1823], [1242, 1153, 188], [1187, 390, 1422], [1647, 480, 610], [1794, 1418, 877], [1102, 1011, 175], [1416, 1791, 1438], [785, 1668, 295], [1954, 1708, 289],
[384, 314, 1184], [1331, 1762, 1127], [766, 1023, 1873], [546, 1803, 1855], [1968, 1469, 355], [189, 874, 1365], [1066, 1569, 1969], [833, 1004, 1371], [1864, 1381, 1058], [178, 1354, 785],
[59, 1738, 691], [835, 681, 472], [1962, 1039, 1087], [1446, 1585, 909], [1321, 1164, 1971], [1268, 1354, 456], [244, 31, 44], [232, 865, 1048], [1603, 340, 449], [272, 518, 1803],
[1057, 577, 1153], [1340, 1004, 1834], [1812, 985, 892], [511, 451, 88], [1012, 1364, 1252], [1002, 651, 217], [1459, 895, 249], [1095, 720, 706], [163, 342, 1046], [612, 615, 1156],
[26, 1264, 1325], [1179, 216, 348], [1032, 47, 1333], [1516, 150, 1376], [1604, 1163, 759], [468, 184, 1002], [685, 1235, 1490], [526, 350, 229], [824, 105, 163], [1462, 309, 370],
[637, 335, 1227]]
[[3, 8, 6, 6], [1, 10, 5, 5], [4, 7, 5, 9], [8, 3, 4, 1], [6, 8, 6, 6], [10, 3, 9, 0], [1, 7, 10, 8], [1, 4, 3, 3], [2, 10, 9, 3], [7, 3, 6, 0],
[8, 10, 8, 3], [0, 10, 5, 6], [7, 0, 1, 6], [1, 10, 4, 3], [6, 4, 9, 5], [8, 1, 8, 8], [9, 4, 9, 6], [7, 5, 4, 2], [2, 10, 6, 2], [9, 9, 8, 5],
[7, 9, 9, 8], [8, 1, 9, 1], [3, 7, 4, 9], [7, 0, 7, 5], [4, 3, 9, 10], [6, 3, 10, 8], [2, 3, 10, 1], [1, 7, 4, 6], [5, 1, 4, 0], [2, 0, 10, 3],
[8, 4, 1, 4], [2, 6, 7, 4], [10, 6, 1, 3], [9, 1, 1, 9], [4, 0, 8, 4], [8, 2, 8, 0], [3, 1, 1, 3], [2, 9, 6, 8], [0, 5, 10, 2], [1, 6, 7, 9],
[1, 8, 1, 8], [7, 0, 7, 10], [1, 4, 1, 7], [4, 9, 5, 7], [9, 4, 8, 0], [3, 1, 6, 3], [7, 5, 6, 6], [0, 0, 2, 0], [6, 3, 8, 3], [4, 2, 0, 3],
[7, 1, 8, 9], [10, 2, 4, 8], [7, 1, 6, 10], [3, 10, 0, 8], [4, 6, 3, 3], [4, 5, 3, 0], [6, 9, 1, 8], [1, 1, 0, 6], [0, 8, 4, 10], [0, 8, 6, 5],
[8, 1, 4, 9], [1, 4, 6, 3], [9, 7, 4, 0], [10, 5, 9, 3], [4, 10, 1, 3], [9, 10, 7, 7], [6, 0, 7, 6], [7, 0, 9, 4], [1, 2, 0, 0], [4, 6, 2, 0],
[0, 6, 1, 8], [1, 10, 0, 3], [8, 1, 6, 4], [10, 2, 1, 5], [0, 6, 9, 5], [6, 7, 7, 5], [9, 7, 4, 0], [0, 6, 1, 0], [1, 0, 8, 0], [10, 7, 3, 5],
[6, 9, 8, 5], [9, 9, 10, 8], [2, 8, 2, 6], [4, 10, 0, 0], [6, 2, 10, 7], [8, 9, 5, 8], [9, 1, 6, 6], [8, 10, 1, 3], [6, 9, 9, 3], [5, 6, 0, 5],
[2, 2, 0, 4], [10, 9, 3, 4], [1, 2, 0, 7], [0, 3, 2, 9], [4, 9, 4, 1], [8, 3, 5, 1], [10, 1, 4, 2], [7, 4, 7, 7], [5, 7, 1, 2], [4, 4, 6, 5],
[6, 4, 1, 4]]
[1, 0.05, 0.05, 0.05, 0.05, 0.05, 0.05, 0.05, 0.05, 0.05,
0.05, 0.05, 0.05, 0.05, 0.05, 0.05, 0.05, 0.05, 0.05, 0.05,
0.05, 0.0025, 0.0025, 0.0025, 0.0025, 0.0025, 0.0025, 0.0025, 0.0025, 0.0025,
0.0025, 0.0025, 0.0025, 0.0025, 0.0025, 0.0025, 0.0025, 0.0025, 0.0025, 0.0025,
0.0025, 0.000125, 0.000125, 0.000125, 0.000125, 0.000125, 0.000125, 0.000125, 0.000125, 0.000125,
0.000125, 0.000125, 0.000125, 0.000125, 0.000125, 0.000125, 0.000125, 0.000125, 0.000125, 0.000125,
0.000125, 6.25e-06, 6.25e-06, 6.25e-06, 6.25e-06, 6.25e-06, 6.25e-06, 6.25e-06, 6.25e-06, 6.25e-06,
6.25e-06, 6.25e-06, 6.25e-06, 6.25e-06, 6.25e-06, 6.25e-06, 6.25e-06, 6.25e-06, 6.25e-06, 6.25e-06,
6.25e-06, 3.125e-07, 3.125e-07, 3.125e-07, 3.125e-07, 3.125e-07, 3.125e-07, 3.125e-07, 3.125e-07, 3.125e-07,
3.125e-07, 3.125e-07, 3.125e-07, 3.125e-07, 3.125e-07, 3.125e-07, 3.125e-07, 3.125e-07, 3.125e-07, 3.125e-07,
3.125e-07]
[3, 8, 1, 0, 9, 7, 3, 2, 9, 1,
3, 5, 4, 8, 1, 4, 5, 9, 9, 7,
1, 0, 6, 6, 1, 3, 0, 9, 7, 9,
7, 9, 0, 1, 1, 2, 2, 2, 1, 8,
7, 0, 0, 5, 8, 1, 1, 2, 3, 3,
2, 9, 2, 7, 9, 8, 0, 7, 9, 2,
0, 7, 8, 5, 5, 7, 8, 7, 8, 4,
3, 7, 3, 7, 0, 2, 7, 5, 1, 8,
4, 9, 3, 3, 4, 3, 3, 4, 8, 1,
3, 2, 7, 8, 3, 9, 5, 1, 8, 1,
5]
------------------------------------------------------- 
# stage = 6	# children c = 20	length of each stage p = 1	nodes = 100	# items I = 1
