[49, 69, 49, 28, 92, 94, 10, 7, 13, 88,
3, 34, 7, 66, 45, 78, 60, 79, 42, 50,
8, 66, 49, 27, 98, 92, 69, 45, 77, 45,
69, 93, 80, 84, 87, 71, 78, 97, 45, 91,
84, 48, 91, 57, 80, 35, 0, 39, 81, 9,
89, 89, 75, 37, 15, 72, 96, 84, 16, 38,
96, 85, 30, 75, 35, 83, 12, 12, 79, 57,
69, 62, 4, 59, 18, 50, 60, 86, 89, 6,
95]
[[685, 432, 1416], [1272, 1033, 427], [1062, 1695, 218], [582, 1302, 978], [1280, 849, 890], [1673, 1513, 544], [1280, 1300, 877], [1154, 1494, 1627], [723, 1678, 1717], [1391, 1512, 1571],
[1791, 404, 210], [1415, 1301, 868], [1466, 570, 770], [1308, 777, 280], [493, 264, 753], [1384, 144, 98], [1552, 1049, 1398], [637, 410, 723], [95, 757, 233], [1436, 355, 1745],
[1214, 1770, 356], [1048, 1016, 1281], [123, 689, 59], [894, 1622, 836], [1174, 322, 724], [1551, 1330, 493], [1649, 1090, 1542], [878, 1727, 1576], [1602, 1446, 540], [42, 1089, 895],
[1787, 510, 496], [1767, 1558, 1513], [880, 1682, 33], [939, 783, 1655], [1399, 1581, 1602], [1747, 1339, 1139], [447, 820, 60], [196, 1698, 1411], [1772, 1507, 1064], [519, 1173, 360],
[1038, 791, 870], [1535, 390, 260], [879, 1270, 149], [912, 40, 556], [399, 1439, 1761], [208, 1393, 931], [1347, 1465, 1751], [1032, 1661, 1657], [650, 1265, 995], [1715, 1784, 376],
[282, 654, 791], [777, 20, 1181], [1037, 899, 282], [810, 1435, 322], [1366, 41, 1385], [958, 249, 610], [96, 1221, 282], [55, 84, 1567], [1712, 734, 1039], [538, 656, 1031],
[538, 563, 1309], [1330, 1340, 1329], [342, 584, 435], [625, 1018, 1494], [571, 591, 1160], [1581, 1173, 1409], [398, 1269, 461], [680, 1324, 545], [454, 867, 904], [1118, 1030, 1560],
[356, 1568, 330], [1289, 729, 1294], [825, 1072, 85], [884, 1321, 1103], [585, 1516, 1318], [1745, 1304, 322], [986, 1702, 1592], [1071, 213, 747], [1241, 292, 1239], [352, 1410, 476],
[1536, 1390, 251]]
[[1, 9, 9, 1], [4, 1, 3, 3], [7, 3, 9, 2], [4, 3, 9, 4], [2, 8, 2, 10], [7, 3, 10, 3], [5, 8, 2, 4], [6, 3, 4, 7], [10, 0, 6, 4], [1, 10, 5, 7],
[0, 3, 9, 4], [4, 5, 8, 7], [0, 0, 4, 5], [1, 2, 8, 4], [8, 8, 7, 3], [0, 9, 8, 9], [10, 4, 2, 0], [1, 7, 5, 1], [8, 1, 5, 1], [6, 1, 6, 6],
[1, 0, 0, 0], [2, 6, 2, 10], [2, 9, 1, 0], [6, 9, 9, 5], [2, 0, 3, 1], [5, 9, 2, 0], [10, 6, 0, 6], [7, 6, 10, 6], [4, 9, 6, 4], [2, 6, 2, 4],
[3, 3, 5, 9], [1, 3, 3, 2], [2, 6, 3, 5], [2, 6, 4, 2], [1, 4, 6, 6], [8, 3, 1, 0], [1, 5, 4, 2], [0, 4, 4, 3], [7, 9, 10, 9], [0, 2, 9, 0],
[7, 1, 3, 9], [5, 7, 9, 4], [9, 4, 10, 5], [8, 0, 3, 7], [5, 7, 7, 4], [1, 1, 5, 6], [8, 5, 2, 8], [5, 0, 6, 1], [2, 8, 9, 7], [2, 7, 10, 1],
[10, 9, 4, 5], [10, 7, 1, 2], [1, 9, 6, 0], [10, 1, 7, 5], [6, 9, 1, 9], [10, 7, 0, 10], [4, 7, 4, 7], [1, 3, 6, 9], [2, 8, 3, 10], [2, 3, 1, 3],
[1, 8, 4, 9], [7, 9, 3, 0], [7, 4, 9, 4], [10, 7, 1, 1], [1, 6, 6, 3], [7, 10, 1, 7], [7, 3, 6, 9], [6, 6, 0, 5], [1, 2, 3, 8], [0, 4, 6, 5],
[7, 4, 8, 4], [1, 9, 5, 2], [2, 10, 3, 8], [9, 3, 4, 4], [6, 9, 0, 1], [4, 0, 4, 3], [2, 7, 9, 2], [9, 4, 6, 3], [8, 3, 7, 7], [1, 0, 10, 2],
[8, 0, 10, 6]]
[1, 0.05, 0.05, 0.05, 0.05, 0.05, 0.05, 0.05, 0.05, 0.05,
0.05, 0.05, 0.05, 0.05, 0.05, 0.05, 0.05, 0.05, 0.05, 0.05,
0.05, 0.0025, 0.0025, 0.0025, 0.0025, 0.0025, 0.0025, 0.0025, 0.0025, 0.0025,
0.0025, 0.0025, 0.0025, 0.0025, 0.0025, 0.0025, 0.0025, 0.0025, 0.0025, 0.0025,
0.0025, 0.000125, 0.000125, 0.000125, 0.000125, 0.000125, 0.000125, 0.000125, 0.000125, 0.000125,
0.000125, 0.000125, 0.000125, 0.000125, 0.000125, 0.000125, 0.000125, 0.000125, 0.000125, 0.000125,
0.000125, 6.25e-06, 6.25e-06, 6.25e-06, 6.25e-06, 6.25e-06, 6.25e-06, 6.25e-06, 6.25e-06, 6.25e-06,
6.25e-06, 6.25e-06, 6.25e-06, 6.25e-06, 6.25e-06, 6.25e-06, 6.25e-06, 6.25e-06, 6.25e-06, 6.25e-06,
6.25e-06]
[5, 16, 9, 0, 0, 17, 13, 6, 5, 14,
15, 9, 17, 12, 8, 7, 6, 8, 12, 3,
0, 12, 8, 12, 14, 1, 8, 1, 12, 4,
8, 15, 12, 10, 11, 0, 13, 7, 8, 10,
5, 9, 4, 1, 3, 1, 12, 5, 0, 10,
7, 4, 16, 1, 9, 5, 4, 8, 5, 7,
9, 16, 4, 6, 17, 14, 4, 5, 10, 5,
14, 12, 4, 9, 5, 16, 1, 16, 16, 6,
1]
------------------------------------------------------- 
# stage = 5	# children c = 20	length of each stage p = 1	nodes = 80	# items I = 1
