[53, 77, 29, 58, 73, 5, 20, 67, 5, 90,
51, 20, 5, 3, 12, 49, 94, 56, 65, 11,
29, 74, 64, 18, 61, 64, 78, 3, 14, 49,
11, 67, 25, 6, 24, 64, 11, 11, 31, 17,
0]
[[2142, 1674, 963], [981, 734, 597], [1270, 63, 1049], [77, 1133, 119], [1554, 1030, 282], [1434, 612, 738], [1261, 392, 1091], [1885, 505, 881], [1161, 206, 1847], [186, 1201, 269],
[1808, 190, 976], [1804, 1171, 742], [1433, 255, 806], [1514, 1550, 1939], [1634, 919, 2002], [948, 1385, 428], [1686, 460, 2039], [1809, 160, 358], [505, 1321, 1782], [1384, 1507, 797],
[1654, 162, 19], [1662, 1966, 1190], [218, 1213, 478], [1024, 542, 2028], [1996, 1208, 1979], [1812, 2156, 1178], [1272, 689, 1639], [1125, 312, 831], [515, 817, 2152], [1329, 16, 506],
[1159, 702, 1886], [1178, 178, 698], [183, 396, 943], [1879, 453, 517], [753, 263, 1725], [547, 2075, 728], [1725, 1161, 1417], [210, 1319, 1729], [1041, 1834, 361], [40, 10, 1595],
[1764, 1169, 111]]
[[1, 10, 10, 8], [4, 5, 10, 8], [9, 2, 1, 1], [8, 6, 4, 8], [9, 10, 1, 3], [1, 0, 10, 5], [7, 7, 0, 4], [4, 2, 2, 3], [0, 1, 1, 2], [5, 0, 10, 3],
[0, 9, 2, 6], [5, 6, 1, 1], [5, 2, 2, 5], [3, 2, 8, 10], [7, 8, 1, 0], [9, 3, 1, 7], [5, 2, 9, 8], [1, 8, 0, 10], [7, 2, 6, 10], [7, 7, 9, 10],
[8, 10, 4, 0], [1, 1, 8, 8], [8, 7, 6, 6], [10, 5, 2, 2], [8, 9, 10, 7], [6, 10, 6, 0], [0, 1, 8, 5], [7, 7, 4, 4], [6, 9, 2, 5], [10, 8, 0, 5],
[4, 4, 9, 3], [9, 9, 4, 4], [7, 3, 0, 3], [1, 5, 1, 10], [6, 10, 4, 0], [4, 8, 2, 8], [6, 4, 0, 4], [10, 0, 9, 3], [2, 6, 5, 0], [4, 9, 3, 1],
[10, 3, 2, 0]]
[1, 0.1, 0.1, 0.1, 0.1, 0.1, 0.1, 0.1, 0.1, 0.1,
0.1, 0.01, 0.01, 0.01, 0.01, 0.01, 0.01, 0.01, 0.01, 0.01,
0.01, 0.001, 0.001, 0.001, 0.001, 0.001, 0.001, 0.001, 0.001, 0.001,
0.001, 0.0001, 0.0001, 0.0001, 0.0001, 0.0001, 0.0001, 0.0001, 0.0001, 0.0001,
0.0001]
[0, 10, 8, 6, 8, 5, 2, 8, 2, 10,
10, 3, 6, 1, 6, 3, 6, 9, 5, 10,
2, 10, 8, 3, 0, 2, 3, 10, 1, 7,
10, 1, 9, 9, 1, 1, 10, 3, 4, 4,
5]
------------------------------------------------------- 
# stage = 5	# children c = 10	length of each stage p = 1	nodes = 40	# items I = 1
