[5, 23, 97, 18, 96, 54, 31, 90, 61, 89,
80, 98, 67, 82, 39, 23, 7, 65, 69, 7,
84, 91, 53, 63, 89, 75, 27, 27, 58, 70,
2, 64, 93, 65, 82, 54, 85, 79, 9, 45,
68, 89, 43, 0, 70, 48, 90, 77, 12, 58,
50, 63, 15, 70, 25, 70, 44, 52, 64, 1,
88, 32, 31, 80, 97, 79, 33, 47, 58, 8,
93, 92, 97, 1, 92, 66, 15, 47, 8, 94,
71]
[[622, 890, 320], [424, 614, 371], [89, 924, 898], [937, 365, 311], [680, 182, 169], [481, 937, 723], [154, 892, 417], [443, 39, 213], [197, 141, 162], [885, 517, 85],
[936, 765, 601], [296, 229, 254], [293, 905, 217], [818, 881, 209], [168, 227, 391], [337, 708, 954], [99, 488, 512], [143, 931, 551], [356, 755, 692], [144, 679, 836],
[229, 655, 640], [457, 577, 495], [711, 870, 440], [929, 353, 947], [177, 522, 800], [194, 859, 548], [775, 585, 75], [326, 354, 633], [503, 336, 427], [822, 480, 732],
[697, 335, 52], [2, 792, 255], [124, 169, 752], [190, 724, 144], [763, 901, 666], [603, 721, 191], [777, 161, 776], [852, 487, 169], [150, 617, 505], [203, 478, 611],
[936, 801, 572], [614, 803, 30], [870, 927, 199], [661, 743, 923], [431, 546, 489], [137, 188, 836], [328, 4, 37], [730, 482, 150], [525, 259, 767], [656, 462, 284],
[306, 63, 124], [504, 678, 554], [534, 213, 146], [733, 500, 890], [695, 931, 101], [223, 107, 876], [686, 61, 880], [723, 791, 27], [873, 942, 873], [680, 637, 375],
[590, 569, 64], [341, 113, 742], [521, 647, 581], [667, 420, 120], [222, 741, 678], [323, 591, 785], [238, 316, 473], [744, 78, 890], [398, 577, 872], [310, 883, 548],
[311, 139, 157], [376, 480, 270], [744, 627, 543], [365, 333, 589], [111, 182, 370], [789, 505, 587], [240, 370, 903], [713, 740, 607], [268, 177, 810], [179, 114, 733],
[354, 425, 498]]
[[2, 3, 0, 4], [5, 8, 1, 4], [2, 5, 1, 7], [0, 0, 7, 1], [8, 9, 4, 3], [4, 0, 4, 3], [1, 9, 3, 5], [7, 4, 2, 9], [5, 2, 0, 9], [10, 1, 2, 10],
[7, 3, 6, 5], [3, 0, 6, 10], [10, 9, 2, 1], [9, 6, 5, 9], [4, 6, 3, 10], [10, 5, 6, 3], [6, 7, 1, 3], [6, 3, 3, 2], [4, 7, 7, 6], [6, 1, 5, 5],
[8, 7, 4, 6], [0, 9, 2, 3], [5, 4, 2, 2], [7, 6, 5, 2], [0, 4, 4, 7], [5, 5, 7, 8], [1, 2, 3, 5], [3, 6, 10, 9], [0, 4, 4, 9], [0, 5, 1, 5],
[9, 1, 6, 5], [8, 9, 6, 8], [3, 10, 2, 8], [4, 10, 5, 3], [10, 6, 9, 0], [10, 6, 9, 10], [8, 2, 9, 7], [5, 8, 10, 1], [10, 5, 7, 5], [4, 0, 2, 5],
[8, 3, 0, 10], [0, 6, 0, 10], [10, 7, 10, 10], [1, 8, 7, 9], [8, 3, 3, 3], [1, 3, 4, 9], [6, 9, 3, 10], [9, 3, 2, 4], [6, 3, 3, 6], [7, 4, 3, 6],
[0, 2, 3, 1], [10, 9, 9, 6], [10, 1, 7, 0], [2, 9, 7, 9], [8, 10, 6, 4], [1, 9, 9, 7], [1, 1, 1, 8], [3, 4, 1, 4], [5, 3, 3, 2], [1, 1, 8, 9],
[3, 4, 8, 3], [1, 4, 1, 9], [2, 8, 0, 3], [6, 9, 10, 5], [9, 9, 0, 10], [1, 1, 3, 6], [4, 7, 6, 3], [6, 4, 0, 7], [6, 8, 0, 7], [1, 1, 3, 3],
[7, 4, 6, 0], [0, 4, 5, 7], [0, 5, 7, 10], [5, 8, 3, 7], [2, 10, 9, 9], [1, 9, 5, 5], [6, 5, 0, 7], [5, 3, 9, 1], [5, 2, 2, 4], [4, 5, 9, 5],
[9, 3, 4, 3]]
[1, 0.05, 0.05, 0.05, 0.05, 0.05, 0.05, 0.05, 0.05, 0.05,
0.05, 0.05, 0.05, 0.05, 0.05, 0.05, 0.05, 0.05, 0.05, 0.05,
0.05, 0.0025, 0.0025, 0.0025, 0.0025, 0.0025, 0.0025, 0.0025, 0.0025, 0.0025,
0.0025, 0.0025, 0.0025, 0.0025, 0.0025, 0.0025, 0.0025, 0.0025, 0.0025, 0.0025,
0.0025, 0.000125, 0.000125, 0.000125, 0.000125, 0.000125, 0.000125, 0.000125, 0.000125, 0.000125,
0.000125, 0.000125, 0.000125, 0.000125, 0.000125, 0.000125, 0.000125, 0.000125, 0.000125, 0.000125,
0.000125, 6.25e-06, 6.25e-06, 6.25e-06, 6.25e-06, 6.25e-06, 6.25e-06, 6.25e-06, 6.25e-06, 6.25e-06,
6.25e-06, 6.25e-06, 6.25e-06, 6.25e-06, 6.25e-06, 6.25e-06, 6.25e-06, 6.25e-06, 6.25e-06, 6.25e-06,
6.25e-06]
[2, 3, 12, 11, 19, 10, 6, 14, 4, 6,
3, 0, 7, 13, 10, 13, 12, 7, 14, 0,
12, 12, 0, 15, 4, 19, 10, 13, 17, 3,
14, 12, 16, 15, 1, 8, 17, 4, 19, 6,
13, 3, 8, 12, 14, 5, 15, 11, 1, 14,
13, 8, 14, 12, 5, 1, 16, 6, 12, 2,
18, 11, 5, 17, 0, 0, 17, 19, 14, 9,
15, 1, 6, 8, 10, 0, 18, 13, 17, 13,
17]
------------------------------------------------------- 
# stage = 5	# children c = 20	length of each stage p = 1	nodes = 80	# items I = 1
