[97, 22, 62, 78, 56, 32, 4, 51, 66, 68,
93, 43, 29, 26, 89, 44, 34, 16, 70, 55,
45, 31, 9, 50, 64, 70, 99, 32, 58, 36,
39]
[[2424, 1422, 1846], [1526, 213, 3010], [2052, 1177, 2352], [2011, 2828, 819], [33, 2728, 3478], [43, 142, 839], [241, 1856, 827], [1223, 1456, 3717], [2012, 1105, 499], [1278, 1274, 3271],
[3606, 1462, 951], [3216, 752, 2670], [2484, 2804, 105], [1094, 2579, 2933], [3419, 2613, 3425], [919, 420, 3568], [3265, 661, 1682], [350, 3390, 902], [1832, 3166, 3514], [95, 703, 2552],
[3366, 2073, 272], [2081, 1548, 1025], [2516, 290, 1593], [385, 1385, 431], [1083, 2568, 808], [766, 3488, 2734], [2098, 775, 1160], [1545, 1125, 2314], [2447, 721, 1739], [2219, 816, 2442],
[1029, 440, 773]]
[[2, 3, 3, 10], [10, 2, 1, 3], [6, 6, 5, 9], [4, 0, 9, 4], [5, 8, 7, 1], [3, 1, 5, 0], [7, 7, 3, 0], [8, 8, 7, 9], [1, 8, 8, 9], [8, 10, 1, 4],
[3, 4, 0, 5], [5, 9, 10, 8], [4, 4, 10, 6], [5, 2, 6, 10], [9, 7, 10, 5], [5, 7, 3, 6], [4, 9, 2, 2], [6, 3, 4, 10], [8, 4, 4, 0], [0, 1, 6, 2],
[5, 3, 8, 8], [5, 2, 8, 2], [9, 7, 7, 3], [1, 10, 7, 6], [8, 9, 6, 4], [2, 10, 1, 8], [1, 3, 6, 1], [3, 10, 1, 6], [3, 10, 4, 6], [1, 10, 8, 10],
[4, 4, 1, 6]]
[1, 0.1, 0.1, 0.1, 0.1, 0.1, 0.1, 0.1, 0.1, 0.1,
0.1, 0.01, 0.01, 0.01, 0.01, 0.01, 0.01, 0.01, 0.01, 0.01,
0.01, 0.001, 0.001, 0.001, 0.001, 0.001, 0.001, 0.001, 0.001, 0.001,
0.001]
[5, 18, 3, 14, 6, 7, 10, 8, 10, 8,
14, 6, 11, 9, 9, 13, 17, 0, 9, 4,
7, 16, 9, 2, 3, 3, 9, 11, 7, 12,
10]
------------------------------------------------------- 
# stage = 4	# children c = 10	length of each stage p = 1	nodes = 30	# items I = 1
