[92, 78, 63, 79, 58, 28, 76, 30, 58, 8,
65, 79, 76, 73, 9, 39, 80, 40, 73, 69,
16, 88, 100, 90, 84, 74, 19, 52, 16, 4,
69, 74, 48, 31, 52, 6, 59, 27, 2, 83,
1, 67, 61, 43, 5, 71, 83, 86, 77, 55,
20, 59, 8, 86, 48, 92, 60, 68, 9, 42,
38, 78, 82, 86, 75, 33, 58, 33, 26, 61,
83, 94, 94, 9, 36, 100, 46, 85, 51, 90,
5, 71, 48, 13, 23, 97, 71, 83, 30, 80,
91, 68, 23, 72, 19, 98, 71, 44, 98, 63,
71, 80, 56, 64, 55, 58, 29, 1, 43, 80,
91, 48, 17, 38, 62, 40, 0, 32, 89, 30,
79]
[[305, 711, 235], [761, 712, 6], [61, 626, 891], [281, 916, 911], [946, 809, 157], [740, 107, 438], [595, 611, 308], [577, 939, 377], [500, 80, 300], [69, 149, 95],
[210, 298, 806], [289, 80, 540], [295, 964, 31], [51, 110, 791], [962, 77, 465], [140, 817, 573], [423, 277, 49], [575, 855, 9], [953, 220, 90], [118, 290, 83],
[214, 500, 225], [864, 633, 149], [425, 928, 135], [300, 0, 245], [112, 806, 323], [578, 946, 161], [16, 234, 439], [65, 810, 159], [898, 628, 223], [832, 746, 357],
[915, 804, 701], [5, 690, 355], [154, 136, 148], [289, 281, 148], [535, 393, 798], [858, 815, 610], [863, 675, 844], [167, 741, 519], [170, 504, 168], [394, 357, 759],
[595, 137, 584], [318, 142, 295], [517, 296, 276], [666, 586, 557], [658, 965, 794], [478, 844, 475], [109, 572, 171], [797, 740, 756], [338, 754, 281], [506, 13, 638],
[130, 609, 619], [715, 771, 761], [854, 309, 79], [974, 975, 509], [552, 655, 495], [212, 977, 204], [687, 930, 620], [858, 748, 381], [636, 107, 157], [917, 458, 14],
[421, 588, 623], [61, 324, 415], [667, 44, 569], [590, 39, 565], [943, 436, 85], [459, 648, 906], [507, 356, 857], [148, 79, 627], [374, 715, 734], [375, 498, 57],
[389, 763, 646], [34, 668, 814], [293, 356, 858], [862, 946, 898], [293, 910, 199], [222, 234, 847], [150, 585, 68], [28, 734, 147], [655, 952, 707], [255, 348, 226],
[312, 581, 833], [802, 459, 522], [638, 753, 879], [361, 480, 690], [124, 773, 622], [323, 17, 700], [191, 11, 307], [259, 39, 885], [251, 539, 858], [958, 638, 71],
[49, 950, 652], [882, 618, 956], [425, 277, 730], [325, 638, 75], [37, 607, 693], [503, 930, 710], [224, 143, 565], [375, 246, 604], [281, 341, 164], [4, 320, 646],
[75, 369, 462], [572, 272, 101], [549, 542, 378], [144, 867, 860], [219, 748, 488], [912, 116, 284], [487, 341, 427], [73, 560, 517], [522, 842, 859], [530, 846, 44],
[198, 766, 414], [660, 359, 530], [761, 908, 93], [4, 73, 805], [708, 136, 574], [62, 70, 691], [346, 401, 876], [617, 319, 457], [155, 841, 164], [858, 392, 32],
[903, 590, 642]]
[[7, 8, 0, 5], [4, 2, 3, 9], [7, 8, 3, 6], [0, 3, 4, 0], [1, 9, 0, 5], [4, 1, 6, 9], [10, 3, 3, 4], [7, 3, 2, 3], [9, 3, 8, 0], [5, 9, 9, 10],
[4, 10, 3, 4], [1, 7, 3, 2], [4, 3, 5, 8], [2, 1, 4, 1], [2, 6, 6, 10], [9, 6, 0, 5], [9, 7, 6, 1], [5, 2, 9, 10], [0, 1, 1, 1], [7, 2, 1, 0],
[4, 6, 8, 6], [5, 2, 6, 8], [8, 10, 5, 4], [5, 3, 7, 4], [10, 0, 3, 3], [3, 2, 0, 1], [1, 1, 2, 8], [2, 3, 8, 6], [9, 4, 10, 4], [4, 5, 10, 10],
[4, 2, 1, 8], [5, 8, 10, 3], [9, 2, 6, 10], [2, 6, 0, 2], [5, 2, 10, 7], [5, 6, 0, 1], [10, 0, 5, 1], [3, 2, 0, 6], [4, 1, 3, 8], [7, 2, 0, 5],
[2, 6, 2, 3], [1, 0, 5, 6], [2, 2, 1, 5], [8, 1, 5, 5], [10, 8, 4, 1], [0, 2, 7, 2], [3, 8, 10, 9], [8, 10, 1, 8], [3, 4, 0, 2], [4, 3, 7, 5],
[6, 8, 8, 1], [7, 2, 5, 5], [0, 9, 6, 9], [1, 0, 0, 2], [8, 9, 9, 3], [8, 0, 0, 10], [2, 1, 1, 6], [4, 6, 9, 8], [1, 5, 8, 9], [7, 2, 1, 5],
[9, 5, 3, 8], [5, 2, 9, 0], [0, 7, 3, 6], [5, 3, 5, 7], [2, 5, 1, 5], [0, 10, 0, 0], [4, 8, 9, 10], [8, 8, 4, 5], [2, 6, 0, 5], [8, 7, 3, 6],
[2, 6, 1, 7], [7, 7, 4, 8], [10, 5, 0, 8], [4, 0, 8, 7], [7, 4, 4, 2], [1, 6, 7, 1], [1, 6, 4, 7], [2, 7, 2, 4], [0, 4, 1, 6], [9, 5, 3, 8],
[8, 1, 3, 10], [10, 1, 6, 6], [5, 10, 9, 5], [6, 3, 4, 5], [9, 9, 2, 10], [5, 2, 3, 6], [4, 2, 10, 2], [5, 0, 8, 2], [1, 1, 2, 0], [0, 6, 7, 3],
[4, 3, 8, 10], [4, 2, 2, 3], [9, 2, 0, 3], [5, 1, 7, 9], [4, 6, 10, 7], [6, 7, 10, 5], [6, 10, 6, 6], [5, 0, 10, 9], [1, 5, 6, 5], [5, 9, 8, 3],
[9, 6, 5, 3], [8, 1, 0, 1], [6, 10, 8, 10], [4, 5, 5, 0], [4, 9, 4, 10], [7, 1, 6, 8], [7, 2, 2, 10], [9, 9, 3, 7], [4, 8, 9, 1], [7, 9, 0, 0],
[6, 7, 9, 8], [1, 1, 6, 4], [10, 0, 1, 6], [10, 7, 1, 4], [7, 3, 4, 3], [1, 5, 0, 4], [0, 7, 5, 5], [3, 4, 6, 9], [9, 4, 6, 8], [5, 2, 1, 2],
[0, 2, 6, 10]]
[1, 0.05, 0.05, 0.05, 0.05, 0.05, 0.05, 0.05, 0.05, 0.05,
0.05, 0.05, 0.05, 0.05, 0.05, 0.05, 0.05, 0.05, 0.05, 0.05,
0.05, 0.0025, 0.0025, 0.0025, 0.0025, 0.0025, 0.0025, 0.0025, 0.0025, 0.0025,
0.0025, 0.0025, 0.0025, 0.0025, 0.0025, 0.0025, 0.0025, 0.0025, 0.0025, 0.0025,
0.0025, 0.000125, 0.000125, 0.000125, 0.000125, 0.000125, 0.000125, 0.000125, 0.000125, 0.000125,
0.000125, 0.000125, 0.000125, 0.000125, 0.000125, 0.000125, 0.000125, 0.000125, 0.000125, 0.000125,
0.000125, 6.25e-06, 6.25e-06, 6.25e-06, 6.25e-06, 6.25e-06, 6.25e-06, 6.25e-06, 6.25e-06, 6.25e-06,
6.25e-06, 6.25e-06, 6.25e-06, 6.25e-06, 6.25e-06, 6.25e-06, 6.25e-06, 6.25e-06, 6.25e-06, 6.25e-06,
6.25e-06, 3.125e-07, 3.125e-07, 3.125e-07, 3.125e-07, 3.125e-07, 3.125e-07, 3.125e-07, 3.125e-07, 3.125e-07,
3.125e-07, 3.125e-07, 3.125e-07, 3.125e-07, 3.125e-07, 3.125e-07, 3.125e-07, 3.125e-07, 3.125e-07, 3.125e-07,
3.125e-07, 1.5625e-08, 1.5625e-08, 1.5625e-08, 1.5625e-08, 1.5625e-08, 1.5625e-08, 1.5625e-08, 1.5625e-08, 1.5625e-08,
1.5625e-08, 1.5625e-08, 1.5625e-08, 1.5625e-08, 1.5625e-08, 1.5625e-08, 1.5625e-08, 1.5625e-08, 1.5625e-08, 1.5625e-08,
1.5625e-08]
[0, 1, 7, 7, 9, 4, 3, 2, 4, 1,
6, 0, 4, 8, 0, 4, 5, 8, 7, 4,
7, 2, 0, 8, 8, 6, 2, 4, 4, 5,
4, 6, 6, 6, 4, 4, 2, 2, 3, 1,
2, 9, 8, 4, 8, 8, 0, 7, 1, 4,
6, 8, 9, 7, 3, 7, 9, 3, 2, 3,
0, 5, 8, 0, 8, 8, 8, 9, 1, 2,
8, 5, 6, 9, 9, 2, 6, 1, 4, 5,
0, 1, 5, 0, 0, 4, 3, 7, 9, 1,
1, 9, 4, 3, 6, 3, 5, 1, 8, 9,
5, 8, 7, 2, 4, 7, 1, 4, 9, 6,
9, 5, 9, 8, 9, 9, 5, 7, 6, 0,
6]
------------------------------------------------------- 
# stage = 7	# children c = 20	length of each stage p = 1	nodes = 120	# items I = 1
