[62, 46, 93, 7, 59, 44, 69, 30, 7, 1,
40, 30, 27, 84, 87, 96, 36, 63, 84, 86,
52, 34, 5, 2, 30, 52, 12, 8, 4, 37,
22]
[[1832, 1427, 746], [874, 693, 1506], [1075, 175, 1970], [688, 502, 364], [1127, 520, 1611], [630, 1578, 1572], [1337, 64, 144], [1525, 37, 1707], [1413, 1899, 44], [1979, 1827, 226],
[621, 1671, 1329], [1368, 233, 34], [886, 984, 1874], [544, 1672, 388], [908, 811, 908], [207, 1441, 175], [1455, 791, 239], [1599, 4, 1940], [995, 1093, 1528], [1039, 1085, 1043],
[941, 1382, 726], [283, 762, 635], [317, 1324, 1619], [1867, 1868, 1303], [1932, 464, 1791], [528, 671, 1244], [703, 1803, 1711], [619, 1414, 1392], [247, 97, 173], [1775, 1137, 1258],
[830, 90, 653]]
[[5, 0, 0, 5], [3, 1, 6, 4], [10, 3, 4, 4], [8, 10, 8, 6], [5, 3, 7, 0], [1, 9, 4, 3], [0, 7, 9, 3], [8, 2, 2, 0], [2, 0, 6, 4], [0, 10, 6, 8],
[0, 10, 10, 8], [8, 8, 3, 2], [0, 0, 0, 10], [9, 5, 3, 7], [10, 10, 8, 8], [2, 8, 8, 2], [7, 1, 6, 5], [10, 2, 2, 10], [10, 2, 8, 7], [8, 0, 8, 6],
[9, 8, 6, 5], [0, 9, 10, 0], [8, 6, 6, 8], [3, 1, 0, 8], [1, 6, 2, 0], [6, 3, 10, 6], [5, 5, 2, 0], [4, 8, 6, 2], [6, 10, 6, 4], [6, 5, 4, 2],
[0, 8, 10, 2]]
[1, 0.1, 0.1, 0.1, 0.1, 0.1, 0.1, 0.1, 0.1, 0.1,
0.1, 0.01, 0.01, 0.01, 0.01, 0.01, 0.01, 0.01, 0.01, 0.01,
0.01, 0.001, 0.001, 0.001, 0.001, 0.001, 0.001, 0.001, 0.001, 0.001,
0.001]
[7, 5, 6, 8, 8, 1, 5, 1, 5, 7,
7, 3, 4, 7, 9, 9, 1, 3, 1, 6,
4, 4, 1, 8, 7, 3, 6, 0, 1, 8,
5]
------------------------------------------------------- 
# stage = 4	# children c = 10	length of each stage p = 1	nodes = 30	# items I = 1
