[26, 22, 29, 32, 39, 54, 12, 51, 5, 40,
64, 57, 1, 17, 23, 18, 31, 92, 23, 71,
35, 32, 67, 46, 9, 26, 54, 5, 18, 3,
12, 10, 26, 7, 8, 31, 28, 20, 82, 33,
60, 12, 56, 27, 29, 79, 45, 60, 36, 34,
30]
[[2887, 901, 4291], [1180, 2680, 598], [2462, 3360, 1363], [2076, 415, 2736], [2129, 4320, 2129], [2048, 3976, 2903], [3764, 4362, 763], [810, 2958, 2423], [3212, 616, 2056], [943, 2880, 2667],
[1752, 1029, 4206], [1943, 2847, 2786], [2541, 571, 1408], [4543, 3285, 2462], [2541, 676, 2044], [570, 2725, 1283], [4111, 2389, 907], [136, 3838, 4503], [3198, 2312, 382], [516, 3893, 3900],
[3821, 908, 829], [3928, 2851, 3677], [1976, 1293, 148], [4023, 1736, 3434], [2385, 4277, 4110], [4429, 747, 2735], [1612, 120, 387], [2520, 257, 4225], [2285, 4093, 2437], [3305, 4609, 1593],
[2467, 4331, 3139], [3935, 4159, 1252], [2874, 2035, 3183], [3660, 1958, 181], [2994, 4343, 358], [2367, 4035, 1105], [1002, 909, 1226], [1389, 4067, 2121], [1514, 2253, 1476], [3952, 1458, 1985],
[1445, 4564, 2216], [4584, 3761, 2275], [1736, 2535, 4311], [182, 1457, 1531], [1001, 4452, 1137], [1360, 2719, 1072], [2465, 4359, 2619], [4329, 1011, 2587], [2350, 2525, 102], [4464, 2377, 2198],
[1712, 3822, 2024]]
[[1, 2, 2, 3], [9, 8, 4, 6], [10, 5, 8, 9], [9, 6, 10, 8], [7, 2, 7, 3], [0, 1, 4, 5], [3, 10, 0, 2], [3, 7, 0, 5], [8, 0, 8, 6], [6, 10, 10, 5],
[3, 6, 1, 10], [10, 9, 6, 6], [0, 2, 7, 0], [1, 9, 4, 4], [8, 2, 4, 1], [9, 4, 4, 6], [4, 1, 10, 8], [10, 8, 2, 0], [3, 1, 10, 0], [10, 5, 6, 10],
[5, 0, 9, 6], [9, 0, 10, 7], [2, 3, 6, 9], [5, 10, 3, 7], [9, 2, 4, 6], [10, 4, 6, 0], [5, 4, 0, 4], [9, 4, 4, 4], [4, 0, 10, 3], [0, 8, 8, 2],
[9, 1, 9, 4], [0, 1, 0, 7], [4, 3, 3, 1], [7, 9, 0, 2], [0, 0, 4, 10], [5, 8, 1, 7], [6, 9, 8, 6], [6, 5, 6, 5], [6, 5, 7, 4], [6, 7, 1, 8],
[10, 2, 10, 5], [9, 10, 5, 10], [8, 9, 9, 0], [5, 8, 8, 0], [6, 5, 7, 0], [9, 2, 5, 4], [7, 1, 7, 1], [6, 8, 9, 4], [8, 6, 7, 6], [3, 1, 5, 1],
[10, 1, 10, 4]]
[1, 0.1, 0.1, 0.1, 0.1, 0.1, 0.1, 0.1, 0.1, 0.1,
0.1, 0.01, 0.01, 0.01, 0.01, 0.01, 0.01, 0.01, 0.01, 0.01,
0.01, 0.001, 0.001, 0.001, 0.001, 0.001, 0.001, 0.001, 0.001, 0.001,
0.001, 0.0001, 0.0001, 0.0001, 0.0001, 0.0001, 0.0001, 0.0001, 0.0001, 0.0001,
0.0001, 1e-05, 1e-05, 1e-05, 1e-05, 1e-05, 1e-05, 1e-05, 1e-05, 1e-05,
1e-05]
[18, 6, 2, 3, 8, 10, 14, 1, 6, 11,
8, 7, 6, 22, 3, 17, 12, 18, 2, 3,
12, 10, 6, 10, 8, 2, 4, 14, 5, 1,
18, 22, 17, 13, 6, 13, 13, 4, 19, 16,
13, 4, 19, 19, 7, 17, 14, 0, 23, 18,
14]
------------------------------------------------------- 
# stage = 6	# children c = 10	length of each stage p = 1	nodes = 50	# items I = 1
