[81, 56, 100, 28, 17, 11, 47, 97, 25, 12,
78, 31, 32, 93, 99, 25, 92, 45, 14, 93,
51, 16, 56, 6, 10, 50, 93, 64, 21, 28,
89]
[[3015, 3387, 185], [1790, 1596, 629], [2535, 3623, 618], [2394, 184, 955], [2808, 2741, 1354], [3299, 2872, 2337], [2242, 158, 2401], [2415, 3617, 3282], [2948, 1986, 578], [2071, 2558, 663],
[2817, 1090, 3258], [3003, 2881, 371], [2840, 1725, 3203], [2667, 3327, 2595], [2830, 2444, 1645], [3393, 1261, 34], [1247, 2711, 3091], [3649, 1435, 3017], [2448, 3592, 520], [3026, 1972, 3079],
[2897, 307, 3377], [2464, 2518, 2567], [2044, 1667, 3501], [1556, 3542, 3137], [460, 2682, 1891], [1313, 2384, 3152], [1347, 2839, 2172], [748, 2797, 2815], [2973, 763, 2716], [3494, 98, 206],
[2090, 2996, 513]]
[[3, 0, 0, 10], [2, 2, 0, 2], [2, 8, 7, 9], [2, 4, 10, 3], [8, 0, 1, 3], [1, 6, 0, 2], [4, 5, 5, 6], [6, 3, 4, 7], [1, 2, 7, 4], [3, 5, 6, 5],
[1, 2, 2, 3], [4, 10, 4, 1], [10, 5, 2, 9], [10, 2, 0, 1], [7, 3, 7, 0], [7, 10, 8, 6], [10, 2, 10, 2], [5, 5, 6, 6], [5, 8, 7, 9], [7, 9, 8, 4],
[2, 0, 2, 1], [0, 0, 2, 6], [3, 8, 6, 8], [5, 1, 4, 4], [1, 3, 7, 7], [7, 0, 0, 1], [8, 8, 9, 2], [6, 4, 4, 6], [4, 6, 7, 3], [6, 8, 9, 7],
[3, 4, 5, 8]]
[1, 0.1, 0.1, 0.1, 0.1, 0.1, 0.1, 0.1, 0.1, 0.1,
0.1, 0.01, 0.01, 0.01, 0.01, 0.01, 0.01, 0.01, 0.01, 0.01,
0.01, 0.001, 0.001, 0.001, 0.001, 0.001, 0.001, 0.001, 0.001, 0.001,
0.001]
[0, 2, 8, 4, 9, 6, 9, 8, 3, 5,
6, 1, 2, 5, 1, 1, 6, 6, 2, 9,
1, 6, 2, 3, 5, 8, 6, 5, 5, 9,
0]
------------------------------------------------------- 
# stage = 4	# children c = 10	length of each stage p = 1	nodes = 30	# items I = 1
