[4, 5, 53, 41, 44, 71, 72, 44, 94, 87,
11, 43, 79, 64, 83, 19, 30, 60, 68, 92,
56, 30, 77, 59, 93, 35, 39, 83, 6, 41,
36, 10, 12, 55, 52, 56, 25, 23, 100, 19,
76, 77, 62, 55, 6, 10, 74, 37, 36, 7,
95, 58, 4, 71, 16, 97, 72, 55, 45, 78,
62]
[[3377, 3846, 2575], [2009, 1019, 1076], [3956, 2395, 4152], [83, 710, 1943], [4487, 3387, 4340], [2448, 1246, 1427], [2826, 97, 3593], [3506, 4059, 478], [3445, 3708, 52], [3103, 1566, 1147],
[3001, 418, 468], [954, 2427, 1390], [2030, 1761, 3687], [1657, 1844, 4397], [3502, 1806, 3161], [3317, 4156, 4408], [121, 2457, 4407], [3617, 1340, 3942], [3997, 260, 3027], [4050, 3363, 69],
[574, 1742, 487], [1043, 2696, 2817], [2335, 103, 53], [1399, 1663, 1897], [1271, 542, 3605], [4335, 3860, 3236], [4120, 3883, 1071], [4002, 2877, 2411], [3321, 2350, 2574], [1726, 1875, 1314],
[1697, 2351, 3056], [2184, 3296, 1129], [378, 1106, 1233], [431, 2505, 2798], [2230, 3679, 3340], [1310, 3489, 2577], [4449, 2986, 1838], [897, 2463, 190], [3210, 1260, 2540], [1259, 2888, 4317],
[2574, 60, 2144], [1007, 2146, 915], [2039, 2525, 2022], [3174, 2956, 4429], [1447, 662, 3485], [262, 1874, 2449], [2742, 1798, 910], [55, 2597, 3276], [245, 1283, 4438], [2786, 2542, 2801],
[2480, 493, 2861], [99, 1403, 482], [1015, 3442, 3007], [2939, 2091, 1341], [2745, 3440, 2003], [1706, 3604, 3779], [4057, 1821, 955], [345, 1876, 3552], [3621, 2024, 310], [3534, 187, 2755],
[1712, 2667, 3150]]
[[10, 8, 0, 3], [3, 6, 10, 10], [5, 6, 4, 7], [3, 6, 8, 4], [8, 7, 3, 8], [6, 1, 0, 5], [10, 1, 9, 3], [7, 7, 3, 7], [2, 1, 8, 4], [7, 5, 3, 10],
[1, 7, 7, 2], [0, 4, 7, 9], [9, 8, 6, 2], [8, 6, 7, 7], [5, 5, 10, 1], [10, 0, 6, 1], [1, 1, 5, 7], [7, 9, 6, 6], [3, 0, 6, 2], [4, 2, 0, 0],
[9, 4, 2, 6], [8, 9, 0, 2], [1, 8, 1, 0], [9, 6, 2, 8], [7, 5, 4, 1], [1, 9, 5, 5], [9, 1, 5, 1], [1, 5, 1, 10], [7, 4, 3, 4], [0, 1, 4, 2],
[10, 5, 0, 6], [9, 0, 1, 4], [6, 4, 5, 7], [2, 9, 10, 9], [10, 4, 8, 9], [7, 10, 7, 3], [1, 10, 7, 1], [10, 0, 3, 7], [4, 2, 2, 2], [2, 1, 6, 8],
[5, 10, 5, 5], [8, 2, 4, 5], [7, 1, 3, 3], [9, 10, 7, 10], [8, 1, 10, 7], [0, 0, 1, 4], [2, 3, 4, 5], [2, 9, 2, 8], [8, 5, 2, 3], [8, 4, 8, 2],
[6, 0, 5, 2], [9, 10, 2, 6], [10, 10, 0, 10], [10, 1, 3, 2], [2, 5, 7, 4], [3, 7, 10, 0], [2, 2, 3, 8], [4, 9, 10, 8], [10, 2, 0, 6], [0, 0, 10, 10],
[10, 8, 9, 9]]
[1, 0.05, 0.05, 0.05, 0.05, 0.05, 0.05, 0.05, 0.05, 0.05,
0.05, 0.05, 0.05, 0.05, 0.05, 0.05, 0.05, 0.05, 0.05, 0.05,
0.05, 0.0025, 0.0025, 0.0025, 0.0025, 0.0025, 0.0025, 0.0025, 0.0025, 0.0025,
0.0025, 0.0025, 0.0025, 0.0025, 0.0025, 0.0025, 0.0025, 0.0025, 0.0025, 0.0025,
0.0025, 0.000125, 0.000125, 0.000125, 0.000125, 0.000125, 0.000125, 0.000125, 0.000125, 0.000125,
0.000125, 0.000125, 0.000125, 0.000125, 0.000125, 0.000125, 0.000125, 0.000125, 0.000125, 0.000125,
0.000125]
[11, 5, 6, 0, 6, 0, 0, 10, 9, 8,
6, 8, 4, 7, 3, 8, 6, 5, 7, 4,
6, 7, 4, 5, 1, 6, 2, 5, 11, 6,
8, 9, 4, 0, 4, 9, 9, 9, 2, 3,
4, 3, 4, 9, 5, 10, 6, 8, 7, 5,
9, 2, 7, 4, 9, 9, 8, 4, 5, 8,
4]
------------------------------------------------------- 
# stage = 4	# children c = 20	length of each stage p = 1	nodes = 60	# items I = 1
