[37, 67, 99, 88, 89, 94, 52, 100, 92, 58,
20, 70, 22, 95, 58, 96, 57, 27, 17, 23,
66, 23, 76, 84, 31, 22, 45, 6, 16, 2,
43, 53, 69, 7, 41, 57, 0, 59, 56, 59,
84, 43, 28, 5, 37, 53, 1, 60, 80, 85,
83, 12, 8, 59, 96, 39, 47, 7, 11, 63,
9, 54, 82, 44, 62, 89, 67, 62, 14, 23,
87, 98, 32, 15, 2, 69, 34, 70, 29, 13,
55, 78, 25, 29, 36, 88, 68, 49, 95, 80,
11, 70, 100, 60, 13, 61, 14, 46, 90, 28,
35]
[[674, 711, 738], [177, 101, 868], [869, 840, 529], [107, 404, 791], [821, 857, 827], [406, 165, 244], [68, 336, 211], [629, 120, 591], [187, 86, 308], [903, 410, 192],
[617, 159, 31], [431, 336, 132], [426, 281, 100], [30, 388, 504], [873, 337, 436], [776, 743, 601], [147, 864, 64], [411, 620, 184], [77, 807, 271], [386, 785, 681],
[630, 530, 892], [661, 88, 304], [846, 514, 585], [21, 596, 100], [525, 545, 489], [36, 448, 360], [690, 595, 299], [754, 133, 46], [14, 211, 853], [337, 597, 766],
[145, 354, 371], [112, 91, 459], [468, 12, 48], [180, 33, 644], [333, 558, 316], [822, 646, 764], [309, 411, 487], [660, 293, 620], [706, 307, 883], [687, 696, 607],
[528, 893, 37], [899, 132, 128], [433, 601, 192], [533, 781, 277], [304, 189, 887], [621, 139, 608], [512, 448, 147], [126, 236, 440], [799, 17, 799], [757, 704, 622],
[440, 307, 590], [477, 333, 722], [657, 766, 450], [901, 426, 307], [253, 731, 548], [215, 427, 687], [875, 66, 263], [97, 193, 499], [589, 67, 516], [463, 876, 348],
[160, 391, 707], [802, 920, 116], [652, 704, 9], [177, 680, 436], [536, 60, 242], [160, 275, 721], [899, 278, 787], [237, 375, 55], [736, 92, 174], [380, 607, 126],
[780, 820, 569], [562, 697, 617], [678, 424, 396], [688, 654, 204], [251, 265, 264], [493, 477, 592], [341, 452, 922], [203, 741, 424], [311, 605, 516], [537, 60, 199],
[663, 840, 94], [360, 477, 791], [52, 283, 343], [448, 98, 124], [704, 349, 441], [44, 842, 919], [688, 310, 498], [685, 513, 314], [184, 876, 919], [701, 489, 106],
[27, 279, 21], [121, 639, 551], [39, 691, 886], [434, 215, 59], [558, 46, 408], [75, 90, 377], [121, 830, 687], [619, 642, 327], [60, 827, 279], [55, 655, 820],
[161, 734, 174]]
[[7, 4, 10, 3], [2, 1, 2, 2], [7, 5, 4, 2], [3, 9, 1, 5], [8, 8, 1, 2], [0, 6, 2, 3], [7, 0, 9, 8], [3, 8, 3, 8], [10, 3, 1, 10], [2, 1, 2, 9],
[4, 6, 9, 8], [3, 8, 0, 0], [6, 2, 0, 4], [6, 0, 5, 3], [0, 1, 9, 1], [9, 10, 10, 7], [2, 9, 6, 2], [8, 8, 9, 2], [2, 8, 8, 5], [5, 8, 3, 9],
[10, 1, 0, 4], [1, 5, 7, 0], [5, 3, 10, 1], [2, 9, 8, 3], [7, 4, 5, 5], [10, 2, 5, 10], [10, 2, 2, 4], [10, 5, 1, 8], [4, 1, 1, 4], [5, 6, 4, 10],
[9, 3, 0, 9], [0, 9, 1, 5], [0, 5, 8, 8], [7, 2, 8, 6], [4, 10, 8, 4], [3, 9, 10, 7], [0, 9, 0, 5], [4, 2, 4, 0], [4, 4, 9, 4], [0, 0, 7, 0],
[5, 5, 7, 1], [7, 4, 5, 1], [3, 2, 3, 6], [1, 2, 1, 10], [0, 10, 2, 2], [2, 6, 2, 4], [8, 0, 6, 7], [9, 2, 5, 3], [7, 1, 2, 4], [5, 7, 3, 7],
[8, 6, 0, 7], [6, 1, 4, 4], [1, 6, 6, 1], [10, 6, 5, 5], [6, 0, 1, 5], [2, 7, 6, 8], [6, 9, 1, 10], [3, 2, 6, 9], [8, 4, 3, 1], [4, 7, 5, 3],
[2, 9, 4, 1], [4, 7, 5, 8], [5, 6, 2, 5], [0, 7, 2, 7], [3, 1, 4, 6], [3, 10, 3, 0], [3, 6, 10, 7], [3, 4, 10, 3], [0, 1, 5, 4], [8, 10, 2, 0],
[3, 2, 6, 2], [9, 8, 9, 1], [10, 2, 6, 2], [10, 7, 1, 0], [2, 0, 6, 3], [5, 3, 7, 3], [3, 10, 8, 9], [7, 8, 10, 10], [8, 5, 1, 5], [2, 8, 4, 10],
[8, 10, 2, 5], [4, 3, 4, 7], [1, 10, 10, 4], [0, 4, 8, 3], [3, 3, 2, 10], [0, 1, 8, 6], [6, 7, 0, 6], [3, 5, 6, 0], [2, 6, 4, 7], [7, 8, 1, 8],
[5, 9, 2, 5], [3, 10, 9, 4], [0, 0, 2, 9], [10, 10, 4, 3], [6, 3, 9, 7], [6, 2, 6, 8], [8, 10, 2, 4], [5, 1, 0, 10], [0, 2, 4, 1], [10, 0, 5, 10],
[0, 7, 8, 8]]
[1, 0.05, 0.05, 0.05, 0.05, 0.05, 0.05, 0.05, 0.05, 0.05,
0.05, 0.05, 0.05, 0.05, 0.05, 0.05, 0.05, 0.05, 0.05, 0.05,
0.05, 0.0025, 0.0025, 0.0025, 0.0025, 0.0025, 0.0025, 0.0025, 0.0025, 0.0025,
0.0025, 0.0025, 0.0025, 0.0025, 0.0025, 0.0025, 0.0025, 0.0025, 0.0025, 0.0025,
0.0025, 0.000125, 0.000125, 0.000125, 0.000125, 0.000125, 0.000125, 0.000125, 0.000125, 0.000125,
0.000125, 0.000125, 0.000125, 0.000125, 0.000125, 0.000125, 0.000125, 0.000125, 0.000125, 0.000125,
0.000125, 6.25e-06, 6.25e-06, 6.25e-06, 6.25e-06, 6.25e-06, 6.25e-06, 6.25e-06, 6.25e-06, 6.25e-06,
6.25e-06, 6.25e-06, 6.25e-06, 6.25e-06, 6.25e-06, 6.25e-06, 6.25e-06, 6.25e-06, 6.25e-06, 6.25e-06,
6.25e-06, 3.125e-07, 3.125e-07, 3.125e-07, 3.125e-07, 3.125e-07, 3.125e-07, 3.125e-07, 3.125e-07, 3.125e-07,
3.125e-07, 3.125e-07, 3.125e-07, 3.125e-07, 3.125e-07, 3.125e-07, 3.125e-07, 3.125e-07, 3.125e-07, 3.125e-07,
3.125e-07]
[18, 16, 2, 10, 2, 3, 5, 18, 17, 18,
13, 4, 18, 0, 0, 16, 9, 13, 14, 10,
13, 13, 9, 5, 14, 11, 17, 12, 13, 13,
7, 4, 18, 2, 18, 2, 3, 9, 6, 14,
14, 8, 13, 6, 8, 14, 2, 9, 16, 10,
18, 6, 3, 7, 11, 9, 3, 15, 15, 17,
13, 1, 12, 14, 14, 0, 9, 10, 2, 0,
17, 17, 7, 11, 10, 9, 18, 17, 12, 15,
12, 18, 2, 11, 5, 15, 2, 1, 3, 8,
15, 12, 18, 4, 0, 16, 12, 8, 3, 12,
10]
------------------------------------------------------- 
# stage = 6	# children c = 20	length of each stage p = 1	nodes = 100	# items I = 1
