[63, 78, 61, 50, 98, 59, 35, 71, 32, 83,
39, 100, 71, 37, 36, 69, 51, 18, 59, 47,
14, 9, 70, 61, 38, 71, 70, 45, 59, 69,
25, 21, 13, 53, 38, 10, 78, 73, 81, 9,
21, 87, 9, 92, 23, 45, 27, 74, 29, 86,
87, 43, 95, 57, 4, 99, 94, 40, 43, 18,
9, 35, 5, 89, 88, 43, 99, 65, 83, 45,
41, 70, 31, 16, 28, 54, 27, 55, 94, 56,
40, 47, 100, 0, 70, 3, 65, 63, 9, 75,
47, 18, 9, 52, 6, 63, 96, 71, 94, 78,
16, 34, 47, 47, 50, 75, 68, 43, 96, 27,
100, 1, 74, 99, 68, 9, 68, 33, 72, 77,
7, 85, 62, 83, 37, 34, 45, 99, 5, 38,
42, 88, 39, 55, 0, 55, 97, 34, 99, 92,
62]
[[243, 295, 984], [1546, 27, 607], [476, 360, 1130], [156, 373, 281], [1320, 1389, 1702], [1521, 1244, 306], [1296, 1751, 1161], [644, 487, 1630], [25, 720, 1293], [919, 1283, 1826],
[1224, 1118, 1713], [227, 683, 1332], [835, 1159, 1692], [1557, 907, 85], [1838, 1819, 1066], [1152, 1360, 330], [1458, 675, 100], [638, 912, 179], [1861, 937, 900], [765, 1448, 1775],
[202, 284, 912], [1915, 511, 1596], [1267, 938, 366], [570, 106, 866], [655, 1537, 704], [1314, 708, 83], [1644, 1758, 351], [1336, 8, 855], [1107, 1869, 1384], [1599, 653, 852],
[985, 856, 728], [1898, 382, 831], [1105, 1241, 1362], [1063, 1812, 1468], [1929, 78, 1024], [245, 1392, 1324], [1901, 647, 1102], [271, 1575, 1110], [718, 702, 590], [122, 1893, 835],
[974, 898, 1691], [1294, 407, 1666], [144, 1512, 518], [1506, 594, 349], [586, 135, 20], [1610, 380, 1004], [546, 1873, 1244], [1648, 1737, 838], [369, 474, 1132], [959, 596, 1045],
[1794, 1162, 1535], [1097, 475, 1942], [782, 620, 1473], [1300, 1718, 1659], [1242, 323, 1386], [854, 1526, 1358], [1858, 91, 1251], [1121, 1739, 1007], [1960, 127, 1481], [703, 678, 97],
[1340, 491, 851], [894, 1180, 1327], [855, 1554, 1539], [1920, 466, 1276], [1191, 1708, 1192], [596, 173, 737], [1955, 50, 828], [817, 1172, 178], [1824, 743, 1878], [916, 1446, 575],
[605, 398, 658], [1457, 1292, 1431], [395, 1740, 1004], [1934, 1271, 1470], [821, 481, 789], [32, 1078, 962], [769, 644, 605], [1189, 1461, 1777], [1367, 896, 131], [856, 1404, 1577],
[1431, 29, 1567], [1682, 1078, 879], [1132, 1065, 230], [1728, 1018, 1501], [1218, 1431, 2], [1599, 1056, 672], [173, 1417, 908], [778, 626, 1961], [166, 1585, 468], [297, 461, 1872],
[1466, 1484, 1493], [1053, 777, 590], [1932, 1909, 1655], [1754, 1657, 284], [1274, 486, 1308], [868, 1677, 383], [1540, 1442, 1800], [59, 239, 37], [39, 405, 1623], [507, 294, 103],
[1972, 1761, 1179], [1484, 833, 1957], [1667, 376, 1477], [933, 149, 745], [810, 1015, 1231], [137, 1884, 520], [520, 1443, 1962], [1912, 1095, 1794], [1950, 1134, 1791], [1592, 1234, 105],
[1287, 1225, 1458], [77, 320, 310], [53, 6, 278], [1531, 532, 427], [295, 1342, 1442], [1119, 1479, 1345], [1231, 1591, 400], [804, 1522, 1495], [209, 1491, 240], [20, 694, 1066],
[1698, 1573, 310], [1175, 1651, 223], [1077, 1296, 229], [1355, 846, 761], [1374, 734, 1695], [427, 1445, 1193], [1773, 695, 395], [1765, 1091, 1918], [871, 1301, 1020], [703, 1321, 1307],
[1770, 630, 899], [1672, 1397, 161], [1895, 85, 1458], [1717, 1440, 323], [497, 425, 649], [1785, 852, 113], [997, 644, 400], [1393, 20, 1492], [922, 891, 812], [1534, 1187, 1725],
[860, 976, 1947]]
[[10, 8, 2, 9], [1, 1, 5, 6], [0, 5, 3, 7], [0, 9, 4, 9], [7, 6, 7, 1], [2, 0, 7, 1], [10, 7, 3, 5], [8, 8, 9, 7], [3, 0, 3, 4], [1, 8, 0, 0],
[1, 1, 7, 1], [0, 0, 10, 7], [6, 4, 8, 6], [4, 2, 7, 2], [8, 9, 5, 5], [4, 3, 0, 7], [3, 3, 0, 3], [1, 9, 3, 2], [9, 10, 1, 9], [8, 10, 3, 1],
[3, 10, 7, 6], [1, 1, 8, 7], [8, 0, 0, 1], [3, 0, 6, 4], [1, 7, 7, 0], [3, 8, 0, 1], [5, 2, 8, 2], [10, 1, 3, 2], [0, 10, 6, 10], [10, 1, 5, 7],
[1, 5, 9, 2], [5, 4, 7, 4], [9, 3, 5, 0], [1, 5, 1, 4], [5, 8, 7, 4], [9, 10, 5, 7], [8, 9, 4, 5], [0, 9, 1, 10], [3, 8, 2, 6], [0, 9, 9, 7],
[10, 3, 7, 9], [6, 7, 3, 1], [4, 10, 3, 0], [7, 8, 5, 2], [7, 7, 7, 5], [4, 7, 4, 5], [4, 4, 1, 2], [2, 10, 10, 2], [0, 6, 9, 6], [0, 1, 5, 4],
[9, 7, 2, 4], [2, 7, 6, 7], [2, 1, 1, 6], [8, 4, 0, 10], [8, 10, 2, 9], [7, 10, 9, 7], [5, 7, 1, 6], [9, 4, 8, 5], [0, 0, 9, 3], [5, 3, 10, 7],
[4, 10, 0, 10], [3, 1, 7, 9], [0, 7, 7, 8], [6, 3, 2, 10], [0, 3, 3, 7], [6, 0, 1, 6], [9, 9, 7, 2], [1, 7, 7, 3], [4, 8, 0, 5], [9, 5, 3, 7],
[0, 9, 2, 6], [10, 5, 3, 10], [6, 6, 4, 1], [5, 4, 8, 1], [2, 4, 1, 1], [9, 9, 2, 0], [6, 0, 5, 2], [5, 7, 7, 5], [3, 10, 10, 2], [4, 0, 2, 10],
[5, 4, 1, 8], [8, 7, 9, 10], [9, 0, 9, 8], [7, 0, 8, 2], [0, 1, 2, 4], [8, 9, 9, 0], [8, 6, 2, 10], [7, 2, 10, 10], [7, 9, 7, 2], [5, 5, 2, 3],
[3, 9, 9, 10], [10, 5, 10, 8], [6, 10, 1, 1], [7, 0, 1, 4], [4, 1, 4, 9], [2, 1, 8, 7], [10, 4, 9, 2], [8, 9, 3, 9], [8, 2, 7, 7], [5, 4, 4, 9],
[4, 4, 10, 0], [4, 9, 2, 6], [8, 4, 5, 8], [5, 0, 4, 2], [3, 1, 4, 0], [10, 8, 7, 7], [8, 3, 1, 0], [8, 4, 9, 10], [8, 6, 8, 10], [4, 10, 3, 10],
[2, 6, 8, 7], [7, 1, 10, 10], [0, 1, 8, 0], [7, 4, 5, 2], [8, 5, 2, 3], [7, 0, 2, 2], [6, 8, 1, 8], [7, 2, 8, 9], [9, 3, 4, 5], [2, 1, 2, 3],
[0, 10, 3, 8], [3, 6, 10, 0], [9, 0, 3, 5], [0, 3, 7, 5], [0, 6, 0, 6], [9, 6, 2, 5], [9, 6, 10, 1], [5, 1, 4, 6], [9, 5, 3, 1], [9, 0, 0, 8],
[0, 3, 2, 10], [5, 8, 2, 3], [3, 2, 9, 10], [7, 1, 4, 5], [5, 1, 4, 0], [0, 8, 6, 9], [0, 7, 0, 10], [7, 0, 7, 6], [1, 7, 5, 4], [4, 7, 8, 6],
[7, 4, 3, 3]]
[1, 0.05, 0.05, 0.05, 0.05, 0.05, 0.05, 0.05, 0.05, 0.05,
0.05, 0.05, 0.05, 0.05, 0.05, 0.05, 0.05, 0.05, 0.05, 0.05,
0.05, 0.0025, 0.0025, 0.0025, 0.0025, 0.0025, 0.0025, 0.0025, 0.0025, 0.0025,
0.0025, 0.0025, 0.0025, 0.0025, 0.0025, 0.0025, 0.0025, 0.0025, 0.0025, 0.0025,
0.0025, 0.000125, 0.000125, 0.000125, 0.000125, 0.000125, 0.000125, 0.000125, 0.000125, 0.000125,
0.000125, 0.000125, 0.000125, 0.000125, 0.000125, 0.000125, 0.000125, 0.000125, 0.000125, 0.000125,
0.000125, 6.25e-06, 6.25e-06, 6.25e-06, 6.25e-06, 6.25e-06, 6.25e-06, 6.25e-06, 6.25e-06, 6.25e-06,
6.25e-06, 6.25e-06, 6.25e-06, 6.25e-06, 6.25e-06, 6.25e-06, 6.25e-06, 6.25e-06, 6.25e-06, 6.25e-06,
6.25e-06, 3.125e-07, 3.125e-07, 3.125e-07, 3.125e-07, 3.125e-07, 3.125e-07, 3.125e-07, 3.125e-07, 3.125e-07,
3.125e-07, 3.125e-07, 3.125e-07, 3.125e-07, 3.125e-07, 3.125e-07, 3.125e-07, 3.125e-07, 3.125e-07, 3.125e-07,
3.125e-07, 1.5625e-08, 1.5625e-08, 1.5625e-08, 1.5625e-08, 1.5625e-08, 1.5625e-08, 1.5625e-08, 1.5625e-08, 1.5625e-08,
1.5625e-08, 1.5625e-08, 1.5625e-08, 1.5625e-08, 1.5625e-08, 1.5625e-08, 1.5625e-08, 1.5625e-08, 1.5625e-08, 1.5625e-08,
1.5625e-08, 7.8125e-10, 7.8125e-10, 7.8125e-10, 7.8125e-10, 7.8125e-10, 7.8125e-10, 7.8125e-10, 7.8125e-10, 7.8125e-10,
7.8125e-10, 7.8125e-10, 7.8125e-10, 7.8125e-10, 7.8125e-10, 7.8125e-10, 7.8125e-10, 7.8125e-10, 7.8125e-10, 7.8125e-10,
7.8125e-10]
[1, 3, 7, 6, 7, 6, 3, 8, 8, 1,
9, 3, 3, 1, 0, 4, 5, 4, 9, 5,
1, 0, 0, 2, 8, 7, 4, 0, 1, 9,
4, 7, 4, 6, 6, 3, 3, 5, 8, 5,
5, 6, 5, 2, 9, 2, 6, 7, 4, 8,
6, 1, 9, 8, 7, 6, 8, 6, 0, 1,
1, 5, 4, 2, 9, 1, 7, 1, 4, 9,
5, 7, 8, 8, 4, 0, 7, 5, 2, 3,
1, 4, 1, 0, 7, 8, 4, 8, 4, 1,
1, 6, 9, 4, 3, 0, 6, 8, 1, 7,
7, 4, 5, 6, 3, 2, 2, 9, 2, 0,
3, 7, 4, 0, 5, 6, 7, 7, 7, 4,
4, 1, 6, 3, 3, 1, 5, 7, 5, 6,
7, 6, 5, 9, 9, 5, 3, 6, 6, 2,
6]
------------------------------------------------------- 
# stage = 8	# children c = 20	length of each stage p = 1	nodes = 140	# items I = 1
