[44, 28, 28, 22, 96, 26, 26, 41, 51, 98,
13, 22, 30, 9, 38, 90, 97, 66, 90, 48,
41, 79, 14, 80, 90, 90, 16, 1, 28, 83,
80, 38, 10, 8, 60, 72, 0, 52, 79, 17,
50, 58, 39, 46, 68, 77, 2, 64, 8, 92,
79, 15, 36, 59, 96, 25, 48, 78, 94, 43,
60, 73, 81, 37, 47, 7, 8, 47, 59, 88,
64, 75, 11, 69, 88, 79, 11, 90, 9, 19,
47]
[[828, 52, 385], [3691, 3010, 57], [1522, 3497, 973], [3012, 2507, 2942], [3244, 1700, 2663], [3513, 2166, 233], [2096, 1700, 849], [3485, 2063, 608], [1804, 3033, 1662], [1088, 2590, 416],
[131, 3418, 2964], [516, 1960, 2151], [3070, 3482, 498], [220, 1344, 3006], [1836, 766, 3379], [676, 2952, 1723], [3405, 1225, 3423], [2927, 3383, 336], [3535, 1365, 2042], [47, 1126, 810],
[464, 1257, 2901], [2101, 447, 3534], [430, 3517, 3193], [928, 2410, 3211], [2607, 423, 154], [2164, 3595, 3106], [64, 3177, 3005], [2160, 955, 2565], [1169, 667, 107], [3212, 3211, 1233],
[2695, 2348, 1164], [446, 626, 1611], [158, 1056, 3801], [2024, 658, 2388], [1412, 1938, 2812], [239, 2775, 2584], [2019, 2839, 612], [1201, 3672, 1567], [3766, 1019, 907], [2547, 2904, 295],
[2453, 1776, 2643], [3617, 895, 3270], [78, 1053, 2999], [56, 1751, 2330], [2445, 3163, 446], [107, 2076, 3221], [2691, 272, 911], [1976, 1473, 3256], [3543, 89, 452], [628, 2636, 2029],
[3419, 1267, 3805], [2240, 3557, 3374], [360, 3636, 604], [2032, 3692, 2355], [540, 987, 369], [3482, 1094, 2445], [2880, 2459, 2717], [2464, 612, 2863], [1898, 2829, 2952], [1023, 2130, 439],
[3053, 1726, 379], [1708, 2639, 113], [1259, 2999, 3749], [537, 1209, 2292], [2892, 422, 3279], [1934, 81, 3047], [556, 1634, 1683], [1946, 276, 968], [3482, 847, 3797], [1285, 1870, 777],
[1724, 3596, 2504], [776, 1482, 3816], [889, 1414, 1666], [3312, 1951, 1548], [454, 3517, 1970], [3733, 1628, 2051], [2957, 858, 3685], [3313, 1477, 2634], [459, 1137, 3481], [2929, 1095, 202],
[2380, 1492, 3798]]
[[0, 10, 5, 10], [0, 10, 1, 8], [7, 8, 1, 3], [2, 6, 3, 8], [7, 10, 10, 5], [2, 2, 3, 10], [9, 8, 2, 0], [7, 7, 7, 7], [6, 0, 5, 6], [8, 6, 2, 4],
[1, 1, 5, 1], [5, 6, 10, 1], [4, 9, 5, 6], [0, 6, 3, 8], [3, 3, 8, 0], [0, 3, 5, 4], [1, 10, 0, 9], [3, 0, 0, 4], [1, 3, 6, 6], [8, 3, 5, 1],
[1, 8, 7, 10], [3, 8, 7, 7], [1, 3, 5, 10], [4, 10, 3, 5], [10, 1, 1, 2], [1, 10, 5, 2], [2, 9, 6, 10], [1, 10, 0, 0], [5, 5, 10, 9], [1, 5, 3, 2],
[8, 8, 1, 1], [5, 4, 4, 4], [4, 3, 7, 5], [2, 10, 6, 4], [8, 10, 2, 9], [7, 0, 9, 2], [4, 6, 9, 5], [0, 10, 5, 6], [7, 4, 5, 10], [6, 7, 4, 10],
[10, 9, 5, 1], [8, 0, 4, 5], [8, 6, 1, 5], [4, 10, 7, 8], [3, 3, 2, 2], [2, 5, 6, 7], [9, 1, 6, 5], [6, 10, 4, 6], [6, 9, 7, 1], [7, 9, 6, 5],
[2, 5, 10, 7], [2, 4, 4, 6], [7, 5, 6, 9], [10, 1, 5, 7], [2, 0, 1, 7], [9, 5, 2, 4], [2, 7, 6, 7], [6, 10, 1, 8], [5, 9, 4, 5], [0, 7, 0, 7],
[10, 6, 5, 7], [6, 8, 3, 8], [7, 4, 2, 5], [8, 4, 7, 8], [1, 0, 4, 5], [9, 4, 0, 1], [2, 3, 6, 3], [10, 7, 8, 7], [0, 1, 3, 6], [9, 5, 2, 3],
[9, 4, 8, 4], [7, 3, 1, 6], [3, 6, 0, 1], [8, 0, 2, 10], [3, 7, 0, 0], [1, 7, 7, 1], [8, 9, 6, 4], [3, 6, 8, 10], [8, 5, 4, 2], [6, 3, 8, 10],
[7, 8, 9, 4]]
[1, 0.05, 0.05, 0.05, 0.05, 0.05, 0.05, 0.05, 0.05, 0.05,
0.05, 0.05, 0.05, 0.05, 0.05, 0.05, 0.05, 0.05, 0.05, 0.05,
0.05, 0.0025, 0.0025, 0.0025, 0.0025, 0.0025, 0.0025, 0.0025, 0.0025, 0.0025,
0.0025, 0.0025, 0.0025, 0.0025, 0.0025, 0.0025, 0.0025, 0.0025, 0.0025, 0.0025,
0.0025, 0.000125, 0.000125, 0.000125, 0.000125, 0.000125, 0.000125, 0.000125, 0.000125, 0.000125,
0.000125, 0.000125, 0.000125, 0.000125, 0.000125, 0.000125, 0.000125, 0.000125, 0.000125, 0.000125,
0.000125, 6.25e-06, 6.25e-06, 6.25e-06, 6.25e-06, 6.25e-06, 6.25e-06, 6.25e-06, 6.25e-06, 6.25e-06,
6.25e-06, 6.25e-06, 6.25e-06, 6.25e-06, 6.25e-06, 6.25e-06, 6.25e-06, 6.25e-06, 6.25e-06, 6.25e-06,
6.25e-06]
[6, 0, 9, 4, 8, 3, 4, 2, 8, 5,
0, 3, 2, 4, 8, 7, 8, 7, 1, 0,
2, 4, 1, 7, 1, 4, 2, 4, 9, 3,
4, 4, 1, 5, 5, 4, 1, 7, 0, 3,
9, 4, 0, 6, 1, 9, 3, 1, 9, 0,
4, 5, 8, 2, 1, 1, 7, 1, 6, 1,
2, 5, 8, 3, 5, 6, 4, 7, 8, 4,
8, 1, 1, 7, 5, 7, 1, 4, 2, 3,
6]
------------------------------------------------------- 
# stage = 5	# children c = 20	length of each stage p = 1	nodes = 80	# items I = 1
