[63, 55, 2, 38, 26, 38, 88, 5, 11, 48,
44, 42, 16, 46, 10, 3, 56, 28, 11, 78,
27, 74, 8, 91, 80, 63, 54, 32, 43, 70,
96, 72, 25, 64, 76, 17, 1, 63, 89, 12,
77, 99, 21, 60, 45, 31, 63, 67, 60, 41,
45, 87, 14, 19, 43, 60, 82, 98, 58, 91,
67, 53, 63, 58, 83, 4, 76, 85, 68, 30,
63]
[[645, 748, 441], [1455, 525, 1178], [2084, 529, 1419], [1094, 1993, 1019], [1166, 1122, 878], [1734, 1476, 485], [1327, 1086, 1922], [1309, 2027, 1050], [49, 1709, 1588], [290, 1055, 1123],
[1635, 1128, 1298], [1503, 2010, 1824], [2109, 1948, 206], [1381, 895, 1627], [1827, 2061, 29], [558, 1648, 1505], [1043, 829, 2019], [245, 1565, 1326], [1296, 1614, 888], [164, 1331, 1371],
[1287, 246, 1926], [439, 1750, 1789], [1690, 1712, 1590], [1323, 373, 1913], [803, 1627, 1827], [833, 38, 756], [1765, 509, 1012], [1064, 754, 430], [243, 1477, 2045], [559, 1641, 656],
[1357, 209, 903], [1136, 648, 2080], [778, 1765, 1645], [1796, 941, 1445], [1562, 1745, 925], [669, 2005, 390], [1425, 1050, 899], [1864, 1542, 1654], [148, 1212, 411], [1620, 1771, 2053],
[129, 408, 115], [1032, 1544, 190], [965, 1750, 1955], [2037, 826, 176], [762, 1815, 1921], [1114, 337, 1206], [1505, 1190, 1684], [257, 334, 1079], [1338, 482, 144], [1750, 1529, 1343],
[1656, 1659, 1751], [1198, 2118, 576], [1388, 364, 1753], [623, 1828, 432], [799, 444, 1674], [1, 1558, 1438], [1207, 343, 2055], [744, 601, 243], [1250, 1366, 152], [1395, 969, 1682],
[591, 2052, 621], [1769, 1103, 19], [198, 1918, 383], [1378, 394, 1639], [1237, 1194, 1510], [764, 1195, 921], [56, 1829, 692], [2111, 2001, 1293], [207, 1104, 512], [1934, 352, 909],
[1469, 370, 241]]
[[8, 5, 3, 3], [3, 10, 6, 1], [5, 8, 8, 0], [6, 2, 7, 2], [8, 8, 0, 4], [5, 3, 0, 10], [8, 3, 3, 0], [4, 10, 2, 2], [4, 3, 3, 7], [0, 7, 6, 5],
[2, 2, 3, 9], [2, 9, 9, 10], [6, 7, 3, 9], [10, 3, 7, 6], [5, 10, 4, 9], [7, 4, 9, 0], [8, 0, 5, 8], [7, 1, 1, 10], [3, 4, 6, 5], [2, 4, 4, 7],
[0, 6, 5, 9], [7, 1, 2, 1], [10, 6, 9, 6], [9, 5, 5, 6], [5, 10, 1, 0], [0, 0, 8, 1], [5, 3, 6, 5], [5, 9, 1, 5], [2, 7, 1, 9], [6, 1, 9, 5],
[8, 5, 10, 4], [10, 4, 10, 3], [3, 9, 3, 4], [10, 0, 5, 2], [3, 10, 7, 8], [6, 7, 0, 8], [1, 0, 4, 7], [1, 0, 0, 7], [5, 10, 0, 3], [3, 8, 6, 4],
[7, 9, 6, 4], [7, 1, 4, 8], [9, 9, 5, 2], [5, 3, 8, 6], [1, 1, 1, 3], [0, 1, 10, 5], [9, 0, 8, 1], [6, 3, 3, 0], [10, 10, 4, 6], [9, 6, 3, 5],
[5, 6, 7, 10], [8, 4, 6, 9], [5, 5, 1, 3], [6, 10, 9, 4], [8, 4, 3, 3], [6, 6, 4, 5], [5, 6, 10, 1], [2, 2, 6, 7], [7, 2, 4, 4], [6, 8, 2, 10],
[2, 2, 2, 8], [10, 9, 10, 7], [3, 2, 8, 9], [7, 10, 1, 10], [6, 0, 1, 6], [3, 7, 2, 10], [10, 6, 1, 3], [2, 3, 0, 4], [3, 3, 2, 2], [10, 10, 7, 2],
[2, 5, 9, 9]]
[1, 0.1, 0.1, 0.1, 0.1, 0.1, 0.1, 0.1, 0.1, 0.1,
0.1, 0.01, 0.01, 0.01, 0.01, 0.01, 0.01, 0.01, 0.01, 0.01,
0.01, 0.001, 0.001, 0.001, 0.001, 0.001, 0.001, 0.001, 0.001, 0.001,
0.001, 0.0001, 0.0001, 0.0001, 0.0001, 0.0001, 0.0001, 0.0001, 0.0001, 0.0001,
0.0001, 1e-05, 1e-05, 1e-05, 1e-05, 1e-05, 1e-05, 1e-05, 1e-05, 1e-05,
1e-05, 1e-06, 1e-06, 1e-06, 1e-06, 1e-06, 1e-06, 1e-06, 1e-06, 1e-06,
1e-06, 1e-07, 1e-07, 1e-07, 1e-07, 1e-07, 1e-07, 1e-07, 1e-07, 1e-07,
1e-07]
[9, 5, 5, 1, 8, 7, 2, 3, 4, 0,
1, 8, 7, 5, 10, 3, 0, 1, 7, 5,
7, 7, 1, 10, 10, 10, 10, 5, 1, 4,
8, 6, 1, 2, 8, 0, 4, 0, 1, 8,
8, 2, 10, 8, 2, 8, 7, 6, 10, 3,
0, 8, 5, 7, 6, 5, 10, 6, 8, 7,
1, 8, 6, 1, 8, 9, 2, 9, 1, 0,
6]
------------------------------------------------------- 
# stage = 8	# children c = 10	length of each stage p = 1	nodes = 70	# items I = 1
