[0, 40, 45, 58, 3, 65, 71, 33, 26, 1,
4, 47, 5, 39, 26, 95, 44, 71, 82, 49,
62, 26, 92, 26, 58, 8, 82, 24, 60, 94,
76, 61, 34, 87, 85, 37, 17, 21, 70, 44,
22]
[[1105, 42, 59], [1817, 320, 1895], [419, 1008, 256], [1626, 1668, 48], [1058, 349, 576], [95, 1100, 1392], [1546, 398, 446], [1601, 1325, 1726], [558, 277, 978], [1259, 556, 1619],
[882, 1661, 1033], [313, 908, 1353], [266, 699, 419], [1837, 1697, 1460], [1257, 813, 1809], [1833, 280, 968], [655, 1198, 738], [1101, 858, 121], [886, 788, 1712], [1236, 105, 326],
[285, 359, 1360], [1318, 673, 326], [729, 939, 1026], [521, 206, 781], [1353, 1463, 967], [1220, 726, 619], [1560, 1382, 1818], [356, 1855, 734], [477, 171, 1522], [248, 1407, 1000],
[574, 1692, 1359], [1934, 1068, 90], [1633, 1170, 402], [717, 1063, 608], [870, 474, 130], [1837, 1694, 856], [515, 1313, 1610], [1705, 1041, 1524], [1811, 1519, 1695], [1391, 1139, 1161],
[1763, 1713, 283]]
[[2, 9, 8, 10], [0, 6, 0, 9], [9, 6, 1, 6], [10, 6, 9, 6], [3, 3, 4, 10], [2, 8, 10, 2], [6, 3, 9, 5], [0, 7, 3, 0], [5, 10, 8, 3], [3, 6, 1, 0],
[2, 0, 6, 10], [7, 2, 5, 10], [5, 9, 7, 5], [4, 6, 7, 9], [8, 3, 1, 6], [10, 4, 6, 2], [1, 2, 6, 5], [8, 5, 3, 10], [6, 9, 7, 0], [9, 2, 10, 1],
[9, 5, 6, 1], [0, 0, 10, 8], [4, 0, 1, 1], [2, 6, 4, 2], [8, 8, 5, 5], [2, 8, 3, 8], [4, 10, 6, 2], [1, 4, 1, 9], [9, 7, 10, 9], [5, 7, 5, 7],
[5, 6, 9, 5], [1, 0, 7, 9], [8, 1, 2, 8], [7, 5, 4, 0], [4, 10, 0, 4], [3, 1, 0, 1], [8, 10, 9, 1], [4, 1, 8, 7], [5, 4, 1, 7], [2, 7, 3, 8],
[8, 3, 6, 3]]
[1, 0.1, 0.1, 0.1, 0.1, 0.1, 0.1, 0.1, 0.1, 0.1,
0.1, 0.01, 0.01, 0.01, 0.01, 0.01, 0.01, 0.01, 0.01, 0.01,
0.01, 0.001, 0.001, 0.001, 0.001, 0.001, 0.001, 0.001, 0.001, 0.001,
0.001, 0.0001, 0.0001, 0.0001, 0.0001, 0.0001, 0.0001, 0.0001, 0.0001, 0.0001,
0.0001]
[4, 5, 16, 6, 6, 13, 10, 16, 0, 12,
19, 3, 4, 11, 13, 9, 13, 12, 16, 10,
17, 6, 0, 10, 5, 7, 17, 9, 10, 15,
1, 5, 11, 7, 8, 13, 4, 8, 5, 18,
12]
------------------------------------------------------- 
# stage = 5	# children c = 10	length of each stage p = 1	nodes = 40	# items I = 1
