[16, 61, 32, 8, 73, 80, 65, 69, 56, 44,
76, 17, 46, 36, 35, 88, 54, 35, 27, 32,
76, 28, 62, 49, 88, 30, 19, 77, 69, 16,
83, 85, 44, 81, 59, 16, 60, 90, 52, 15,
34, 27, 99, 46, 30, 34, 100, 84, 35, 93,
15, 11, 20, 44, 26, 75, 40, 12, 17, 8,
28, 100, 59, 72, 80, 85, 55, 39, 74, 6,
20, 74, 33, 18, 86, 63, 18, 85, 13, 54,
77, 95, 31, 64, 38, 23, 38, 44, 35, 55,
52, 64, 20, 78, 35, 100, 62, 90, 4, 35,
62, 24, 76, 96, 8, 61, 24, 27, 46, 37,
81, 89, 99, 11, 52, 36, 34, 56, 81, 36,
77]
[[1019, 563, 555], [817, 520, 61], [458, 244, 707], [886, 247, 1024], [487, 239, 107], [83, 307, 70], [970, 267, 550], [958, 132, 161], [656, 131, 630], [956, 843, 1016],
[648, 63, 521], [461, 880, 300], [523, 280, 544], [172, 424, 792], [454, 911, 289], [878, 253, 596], [206, 165, 121], [756, 66, 254], [175, 722, 385], [806, 936, 487],
[22, 842, 550], [860, 246, 372], [102, 769, 968], [646, 199, 334], [696, 970, 504], [243, 790, 15], [98, 254, 180], [219, 1010, 562], [473, 443, 226], [117, 191, 421],
[604, 530, 205], [412, 648, 451], [784, 750, 478], [1010, 654, 678], [286, 609, 590], [48, 852, 638], [63, 950, 892], [244, 112, 102], [64, 901, 545], [291, 1018, 1053],
[1028, 880, 841], [175, 234, 431], [943, 276, 439], [363, 228, 351], [299, 831, 960], [147, 879, 755], [785, 943, 647], [935, 445, 17], [295, 509, 919], [99, 58, 879],
[94, 28, 1018], [193, 520, 194], [624, 405, 787], [321, 26, 1015], [672, 326, 788], [575, 473, 926], [272, 517, 811], [177, 394, 514], [195, 690, 281], [372, 789, 656],
[509, 141, 1000], [469, 334, 462], [980, 216, 125], [709, 537, 152], [982, 467, 794], [713, 1042, 209], [581, 572, 726], [650, 8, 379], [422, 519, 327], [1019, 891, 58],
[933, 342, 515], [134, 70, 107], [912, 308, 639], [1038, 1017, 118], [448, 199, 901], [184, 912, 886], [709, 751, 400], [378, 659, 408], [757, 339, 927], [26, 617, 18],
[400, 492, 677], [173, 626, 747], [280, 481, 1055], [919, 777, 272], [295, 167, 471], [138, 667, 642], [282, 318, 651], [999, 1012, 569], [665, 711, 908], [535, 1053, 783],
[869, 711, 218], [488, 884, 102], [177, 422, 899], [490, 599, 934], [762, 152, 43], [492, 291, 1026], [392, 889, 287], [1043, 830, 241], [870, 438, 211], [721, 231, 522],
[762, 42, 492], [238, 531, 318], [341, 1024, 1057], [498, 457, 598], [375, 477, 9], [734, 227, 616], [703, 619, 447], [248, 921, 220], [805, 733, 974], [274, 712, 147],
[797, 417, 505], [231, 655, 294], [865, 254, 261], [122, 753, 1034], [1037, 70, 769], [1046, 804, 997], [604, 765, 874], [1051, 271, 737], [529, 19, 413], [761, 293, 67],
[908, 348, 800]]
[[8, 10, 0, 0], [7, 3, 8, 10], [0, 8, 10, 2], [8, 6, 1, 7], [7, 5, 9, 1], [0, 10, 6, 3], [7, 0, 0, 4], [9, 7, 5, 6], [6, 6, 7, 1], [9, 2, 0, 8],
[8, 8, 10, 3], [4, 9, 0, 9], [1, 7, 10, 1], [6, 6, 2, 1], [6, 3, 5, 4], [10, 10, 8, 4], [3, 4, 5, 0], [5, 3, 8, 0], [0, 5, 4, 2], [2, 4, 0, 3],
[0, 0, 3, 5], [6, 5, 6, 10], [8, 0, 1, 6], [8, 9, 10, 10], [1, 2, 10, 6], [5, 7, 6, 5], [10, 8, 6, 1], [1, 6, 3, 0], [4, 6, 5, 8], [9, 9, 7, 5],
[9, 8, 0, 4], [5, 8, 3, 6], [10, 0, 10, 4], [5, 3, 7, 5], [1, 2, 6, 0], [7, 9, 0, 0], [2, 3, 7, 1], [1, 3, 6, 8], [10, 4, 0, 2], [1, 3, 8, 0],
[4, 5, 2, 9], [8, 9, 1, 7], [10, 6, 8, 4], [4, 8, 2, 5], [10, 9, 4, 0], [0, 8, 7, 8], [1, 7, 10, 0], [10, 7, 0, 1], [1, 0, 9, 7], [7, 10, 4, 6],
[3, 1, 8, 6], [7, 0, 0, 6], [9, 4, 5, 9], [1, 1, 6, 0], [8, 3, 0, 5], [10, 9, 5, 9], [9, 3, 4, 5], [0, 8, 10, 4], [7, 7, 10, 1], [7, 8, 6, 4],
[1, 0, 0, 0], [10, 5, 9, 5], [8, 9, 8, 6], [7, 2, 4, 3], [3, 6, 8, 4], [3, 7, 6, 8], [4, 3, 10, 9], [0, 5, 0, 10], [3, 1, 10, 0], [6, 8, 5, 3],
[4, 2, 7, 9], [3, 10, 1, 6], [5, 9, 10, 9], [6, 3, 6, 8], [6, 3, 4, 6], [8, 5, 5, 9], [6, 2, 9, 10], [8, 1, 0, 1], [2, 8, 10, 5], [7, 0, 0, 1],
[8, 0, 8, 3], [3, 4, 9, 8], [5, 2, 3, 1], [7, 7, 10, 0], [9, 7, 10, 7], [8, 0, 6, 8], [8, 6, 2, 2], [4, 3, 3, 1], [1, 1, 2, 2], [3, 9, 10, 8],
[1, 3, 9, 6], [8, 7, 7, 6], [3, 6, 0, 9], [4, 7, 7, 1], [0, 9, 3, 4], [10, 5, 4, 0], [6, 4, 3, 7], [3, 0, 4, 4], [1, 3, 8, 9], [10, 4, 5, 0],
[9, 3, 9, 2], [10, 5, 2, 10], [2, 3, 2, 1], [8, 4, 2, 1], [8, 3, 8, 0], [1, 2, 2, 3], [3, 0, 10, 0], [2, 2, 0, 0], [6, 7, 3, 5], [2, 5, 3, 2],
[6, 3, 3, 4], [5, 3, 5, 0], [4, 1, 10, 6], [1, 1, 7, 4], [10, 6, 2, 0], [7, 2, 0, 2], [9, 1, 5, 9], [4, 6, 9, 0], [7, 0, 2, 1], [3, 5, 2, 6],
[6, 1, 10, 7]]
[1, 0.05, 0.05, 0.05, 0.05, 0.05, 0.05, 0.05, 0.05, 0.05,
0.05, 0.05, 0.05, 0.05, 0.05, 0.05, 0.05, 0.05, 0.05, 0.05,
0.05, 0.0025, 0.0025, 0.0025, 0.0025, 0.0025, 0.0025, 0.0025, 0.0025, 0.0025,
0.0025, 0.0025, 0.0025, 0.0025, 0.0025, 0.0025, 0.0025, 0.0025, 0.0025, 0.0025,
0.0025, 0.000125, 0.000125, 0.000125, 0.000125, 0.000125, 0.000125, 0.000125, 0.000125, 0.000125,
0.000125, 0.000125, 0.000125, 0.000125, 0.000125, 0.000125, 0.000125, 0.000125, 0.000125, 0.000125,
0.000125, 6.25e-06, 6.25e-06, 6.25e-06, 6.25e-06, 6.25e-06, 6.25e-06, 6.25e-06, 6.25e-06, 6.25e-06,
6.25e-06, 6.25e-06, 6.25e-06, 6.25e-06, 6.25e-06, 6.25e-06, 6.25e-06, 6.25e-06, 6.25e-06, 6.25e-06,
6.25e-06, 3.125e-07, 3.125e-07, 3.125e-07, 3.125e-07, 3.125e-07, 3.125e-07, 3.125e-07, 3.125e-07, 3.125e-07,
3.125e-07, 3.125e-07, 3.125e-07, 3.125e-07, 3.125e-07, 3.125e-07, 3.125e-07, 3.125e-07, 3.125e-07, 3.125e-07,
3.125e-07, 1.5625e-08, 1.5625e-08, 1.5625e-08, 1.5625e-08, 1.5625e-08, 1.5625e-08, 1.5625e-08, 1.5625e-08, 1.5625e-08,
1.5625e-08, 1.5625e-08, 1.5625e-08, 1.5625e-08, 1.5625e-08, 1.5625e-08, 1.5625e-08, 1.5625e-08, 1.5625e-08, 1.5625e-08,
1.5625e-08]
[1, 10, 12, 5, 7, 11, 0, 10, 9, 12,
16, 16, 15, 10, 0, 3, 19, 14, 9, 3,
12, 4, 8, 1, 0, 19, 11, 7, 0, 13,
21, 0, 5, 21, 10, 5, 15, 12, 19, 17,
1, 12, 1, 12, 14, 0, 16, 3, 13, 12,
3, 0, 1, 17, 0, 18, 1, 7, 3, 1,
18, 4, 20, 8, 7, 10, 14, 2, 19, 11,
7, 14, 13, 7, 14, 7, 8, 0, 16, 15,
5, 6, 10, 8, 2, 21, 3, 14, 11, 8,
6, 15, 2, 18, 19, 16, 10, 17, 4, 3,
21, 12, 14, 17, 4, 8, 17, 0, 12, 10,
1, 8, 0, 6, 3, 9, 8, 4, 2, 2,
1]
------------------------------------------------------- 
# stage = 7	# children c = 20	length of each stage p = 1	nodes = 120	# items I = 1
