[79, 84, 43, 72, 23, 99, 28, 33, 13, 29,
46, 21, 11, 34, 29, 27, 19, 2, 51, 62,
21, 59, 63, 33, 13, 33, 67, 0, 42, 69,
69, 87, 52, 78, 58, 41, 76, 86, 74, 89,
81, 86, 76, 92, 20, 71, 85, 5, 73, 35,
33, 94, 61, 96, 27, 74, 28, 60, 40, 36,
95, 8, 22, 12, 86, 80, 53, 61, 31, 93,
49, 78, 44, 92, 35, 30, 62, 19, 35, 1,
21, 68, 95, 82, 29, 88, 55, 24, 13, 62,
60, 7, 70, 83, 86, 56, 62, 38, 16, 60,
97]
[[2832, 263, 1272], [619, 412, 2364], [1882, 3240, 3100], [1309, 3045, 2530], [1680, 2949, 3343], [1912, 2997, 20], [189, 3337, 56], [1537, 3448, 2817], [2156, 3376, 1209], [2234, 443, 258],
[3084, 3064, 310], [847, 174, 511], [3000, 2056, 242], [2591, 3155, 3076], [1402, 1115, 2516], [1236, 3027, 1793], [1257, 3005, 1410], [1102, 1033, 1349], [410, 2978, 1006], [1408, 1703, 1238],
[1455, 1067, 793], [1554, 1914, 756], [2065, 1405, 2601], [2096, 277, 2247], [1663, 1468, 3363], [459, 2493, 2670], [2253, 241, 1956], [154, 1132, 2989], [1293, 1332, 2248], [2299, 2529, 442],
[3326, 476, 1510], [610, 1819, 3213], [1155, 376, 899], [247, 2472, 965], [2495, 416, 2222], [2138, 875, 1206], [1088, 2917, 1448], [3044, 2861, 2369], [2314, 645, 192], [1053, 2733, 2722],
[1495, 2550, 2987], [2794, 2949, 1297], [2288, 595, 1462], [3187, 631, 215], [432, 2915, 631], [2654, 1544, 1295], [351, 2633, 704], [1588, 1957, 56], [449, 762, 490], [430, 1815, 3223],
[2941, 3100, 2053], [2419, 2174, 1282], [3506, 953, 1666], [1248, 420, 2297], [1252, 852, 1704], [1883, 3295, 3037], [3179, 138, 1950], [163, 1515, 399], [219, 1964, 1161], [709, 2184, 2766],
[212, 1616, 2357], [2265, 316, 1022], [3336, 102, 1765], [1493, 1350, 2185], [281, 2603, 2827], [1774, 766, 2613], [1303, 225, 2751], [3042, 388, 758], [3230, 396, 2511], [883, 894, 1186],
[3438, 1106, 2592], [2075, 3160, 2908], [2886, 2987, 3010], [1142, 760, 640], [3117, 1042, 3032], [2435, 2605, 290], [1539, 188, 304], [571, 3231, 693], [1118, 2952, 878], [120, 115, 1773],
[1096, 3342, 2879], [179, 1908, 2320], [2876, 1075, 1587], [2166, 2217, 2348], [2806, 1614, 3179], [2119, 540, 2275], [2198, 1869, 2253], [2502, 2440, 1975], [2984, 49, 1207], [354, 3467, 1112],
[2127, 1054, 945], [1286, 1022, 2643], [3395, 389, 209], [1474, 2555, 2215], [313, 1642, 321], [3281, 252, 861], [2047, 2450, 2519], [791, 1232, 1450], [2555, 708, 1288], [43, 1062, 1247],
[1155, 2978, 2301]]
[[10, 9, 5, 1], [1, 5, 2, 10], [5, 4, 8, 7], [2, 3, 9, 0], [9, 8, 1, 6], [0, 2, 5, 8], [10, 7, 10, 1], [4, 7, 6, 1], [3, 0, 2, 4], [5, 2, 4, 8],
[5, 10, 3, 5], [1, 1, 5, 8], [9, 6, 3, 7], [9, 6, 5, 6], [1, 2, 7, 5], [7, 2, 4, 10], [0, 4, 4, 6], [6, 6, 1, 9], [5, 4, 3, 6], [5, 7, 3, 1],
[2, 4, 9, 9], [0, 1, 4, 1], [3, 10, 4, 10], [10, 8, 9, 0], [10, 0, 4, 3], [6, 5, 2, 1], [8, 5, 5, 0], [10, 9, 2, 2], [0, 9, 9, 0], [10, 1, 10, 2],
[0, 3, 10, 8], [9, 6, 6, 6], [7, 8, 10, 0], [1, 10, 10, 9], [2, 5, 9, 2], [1, 9, 4, 1], [7, 0, 0, 4], [1, 10, 4, 10], [1, 3, 6, 8], [8, 1, 2, 2],
[10, 1, 2, 0], [0, 2, 7, 2], [5, 5, 2, 6], [2, 6, 5, 7], [5, 5, 1, 4], [3, 5, 4, 2], [7, 10, 8, 2], [9, 10, 4, 8], [0, 4, 6, 9], [4, 2, 10, 9],
[6, 1, 2, 8], [6, 8, 4, 9], [2, 3, 2, 3], [7, 6, 5, 1], [3, 3, 3, 2], [0, 5, 8, 10], [9, 4, 8, 3], [4, 5, 10, 10], [7, 2, 7, 0], [8, 10, 9, 8],
[2, 0, 1, 7], [5, 4, 8, 6], [5, 0, 8, 6], [5, 4, 5, 2], [6, 0, 3, 10], [6, 2, 10, 0], [2, 4, 0, 10], [1, 7, 8, 2], [5, 7, 9, 10], [0, 7, 6, 6],
[5, 1, 1, 0], [3, 6, 0, 9], [4, 3, 9, 10], [5, 6, 8, 6], [8, 8, 5, 10], [2, 0, 1, 8], [7, 8, 7, 8], [4, 0, 3, 8], [0, 2, 6, 3], [6, 6, 0, 10],
[9, 9, 8, 1], [2, 5, 7, 10], [1, 0, 7, 3], [0, 6, 0, 6], [4, 6, 3, 6], [4, 4, 3, 4], [4, 9, 6, 10], [2, 6, 7, 9], [2, 4, 0, 2], [10, 5, 1, 0],
[3, 7, 3, 4], [2, 2, 8, 4], [6, 0, 0, 10], [2, 1, 2, 6], [9, 8, 3, 0], [1, 10, 10, 3], [4, 8, 5, 1], [2, 4, 1, 6], [0, 2, 8, 1], [2, 5, 5, 8],
[3, 5, 8, 3]]
[1, 0.05, 0.05, 0.05, 0.05, 0.05, 0.05, 0.05, 0.05, 0.05,
0.05, 0.05, 0.05, 0.05, 0.05, 0.05, 0.05, 0.05, 0.05, 0.05,
0.05, 0.0025, 0.0025, 0.0025, 0.0025, 0.0025, 0.0025, 0.0025, 0.0025, 0.0025,
0.0025, 0.0025, 0.0025, 0.0025, 0.0025, 0.0025, 0.0025, 0.0025, 0.0025, 0.0025,
0.0025, 0.000125, 0.000125, 0.000125, 0.000125, 0.000125, 0.000125, 0.000125, 0.000125, 0.000125,
0.000125, 0.000125, 0.000125, 0.000125, 0.000125, 0.000125, 0.000125, 0.000125, 0.000125, 0.000125,
0.000125, 6.25e-06, 6.25e-06, 6.25e-06, 6.25e-06, 6.25e-06, 6.25e-06, 6.25e-06, 6.25e-06, 6.25e-06,
6.25e-06, 6.25e-06, 6.25e-06, 6.25e-06, 6.25e-06, 6.25e-06, 6.25e-06, 6.25e-06, 6.25e-06, 6.25e-06,
6.25e-06, 3.125e-07, 3.125e-07, 3.125e-07, 3.125e-07, 3.125e-07, 3.125e-07, 3.125e-07, 3.125e-07, 3.125e-07,
3.125e-07, 3.125e-07, 3.125e-07, 3.125e-07, 3.125e-07, 3.125e-07, 3.125e-07, 3.125e-07, 3.125e-07, 3.125e-07,
3.125e-07]
[5, 8, 8, 7, 5, 0, 1, 2, 3, 2,
2, 0, 1, 3, 3, 7, 2, 7, 3, 7,
7, 5, 0, 1, 2, 1, 1, 1, 6, 3,
8, 6, 3, 2, 5, 3, 5, 0, 3, 4,
1, 6, 5, 2, 7, 0, 2, 5, 6, 3,
3, 1, 4, 7, 5, 7, 3, 4, 8, 8,
1, 7, 1, 8, 4, 5, 7, 2, 1, 4,
7, 2, 5, 0, 4, 6, 5, 8, 4, 0,
7, 5, 5, 3, 4, 3, 1, 5, 1, 6,
0, 7, 4, 7, 0, 7, 8, 8, 7, 8,
0]
------------------------------------------------------- 
# stage = 6	# children c = 20	length of each stage p = 1	nodes = 100	# items I = 1
