[26, 10, 40, 91, 16, 100, 39, 25, 61, 20,
27, 7, 84, 69, 11, 37, 84, 93, 85, 84,
53, 45, 10, 64, 63, 31, 72, 73, 50, 80,
29, 42, 90, 69, 33, 5, 68, 72, 98, 96,
58, 24, 69, 7, 93, 80, 10, 42, 72, 95,
26, 25, 6, 2, 55, 35, 0, 26, 74, 16,
73, 3, 59, 28, 38, 92, 0, 73, 29, 98,
68, 53, 88, 36, 60, 46, 15, 36, 89, 53,
98, 81, 78, 3, 49, 100, 38, 49, 92, 79,
66, 64, 82, 91, 59, 86, 82, 59, 58, 77,
22, 25, 29, 9, 27, 89, 21, 42, 91, 76,
96, 88, 22, 39, 91, 72, 4, 96, 87, 63,
74]
[[908, 892, 494], [736, 0, 223], [465, 368, 770], [829, 604, 206], [798, 784, 27], [682, 369, 35], [183, 512, 250], [283, 457, 896], [78, 613, 456], [437, 160, 413],
[202, 605, 841], [232, 417, 378], [455, 418, 282], [762, 323, 886], [504, 198, 747], [531, 880, 652], [103, 600, 700], [813, 419, 693], [786, 497, 382], [318, 470, 543],
[268, 672, 684], [645, 440, 177], [559, 896, 595], [841, 734, 454], [804, 314, 188], [163, 381, 145], [815, 484, 281], [592, 374, 700], [361, 696, 733], [280, 90, 279],
[359, 818, 487], [119, 540, 3], [756, 175, 435], [887, 553, 705], [417, 433, 555], [606, 596, 13], [287, 23, 497], [104, 151, 407], [340, 49, 179], [149, 329, 730],
[888, 224, 624], [451, 343, 700], [914, 635, 412], [886, 598, 41], [667, 551, 10], [299, 693, 142], [772, 516, 165], [805, 620, 317], [289, 36, 366], [4, 645, 231],
[734, 609, 455], [435, 596, 334], [671, 587, 45], [159, 549, 179], [200, 752, 266], [210, 587, 36], [812, 435, 552], [54, 317, 709], [831, 606, 281], [733, 610, 3],
[40, 881, 148], [31, 852, 745], [365, 599, 868], [870, 295, 29], [585, 31, 781], [851, 702, 445], [423, 590, 880], [512, 644, 733], [297, 551, 415], [114, 360, 562],
[117, 860, 519], [726, 891, 447], [547, 792, 582], [27, 738, 877], [56, 399, 909], [373, 787, 687], [354, 286, 353], [311, 798, 534], [580, 631, 621], [72, 746, 518],
[170, 399, 454], [225, 201, 882], [672, 284, 750], [790, 311, 101], [744, 827, 36], [265, 277, 823], [488, 631, 646], [377, 478, 520], [911, 135, 228], [145, 667, 510],
[663, 837, 909], [653, 138, 647], [147, 346, 7], [898, 672, 779], [75, 28, 682], [111, 293, 495], [471, 781, 663], [193, 695, 677], [713, 682, 348], [477, 827, 91],
[63, 102, 464], [509, 292, 138], [232, 439, 20], [239, 413, 693], [554, 24, 721], [773, 596, 551], [344, 143, 868], [543, 796, 639], [297, 121, 858], [645, 599, 297],
[273, 198, 400], [737, 243, 228], [412, 475, 667], [892, 251, 617], [661, 805, 177], [919, 190, 773], [546, 535, 452], [26, 154, 324], [666, 911, 446], [600, 633, 581],
[897, 906, 315]]
[[1, 3, 6, 0], [2, 0, 1, 3], [2, 6, 8, 10], [1, 8, 0, 8], [0, 7, 3, 7], [4, 10, 9, 8], [6, 7, 3, 8], [5, 8, 5, 7], [10, 9, 5, 1], [9, 7, 5, 9],
[2, 0, 7, 4], [9, 7, 10, 7], [1, 0, 3, 6], [0, 1, 1, 4], [6, 2, 1, 1], [0, 4, 6, 8], [2, 0, 9, 9], [5, 1, 8, 8], [2, 4, 1, 9], [0, 0, 5, 10],
[1, 8, 5, 1], [8, 4, 5, 3], [7, 4, 2, 5], [8, 8, 2, 8], [7, 9, 6, 1], [0, 1, 7, 0], [5, 8, 9, 3], [7, 3, 3, 8], [0, 6, 7, 6], [9, 10, 10, 3],
[1, 1, 8, 9], [8, 8, 4, 2], [6, 10, 1, 4], [10, 9, 4, 2], [6, 2, 4, 0], [3, 5, 6, 2], [0, 2, 8, 7], [10, 7, 10, 0], [7, 5, 7, 4], [0, 0, 6, 7],
[9, 5, 9, 8], [3, 3, 10, 8], [3, 1, 8, 7], [6, 4, 9, 7], [4, 6, 1, 4], [3, 10, 4, 10], [4, 10, 1, 5], [10, 5, 10, 6], [10, 8, 1, 3], [0, 10, 9, 2],
[0, 6, 9, 7], [8, 7, 1, 2], [0, 2, 4, 1], [1, 8, 0, 4], [5, 10, 9, 5], [4, 6, 9, 2], [3, 0, 3, 2], [10, 1, 4, 10], [5, 0, 6, 3], [7, 5, 3, 5],
[8, 7, 7, 9], [2, 5, 2, 8], [5, 9, 0, 7], [4, 9, 9, 6], [7, 10, 8, 4], [9, 10, 4, 4], [10, 8, 5, 4], [3, 6, 9, 9], [2, 5, 5, 2], [0, 8, 10, 3],
[4, 8, 10, 7], [5, 7, 2, 1], [4, 10, 6, 3], [7, 8, 5, 6], [3, 8, 10, 6], [3, 6, 2, 5], [1, 8, 7, 10], [3, 5, 2, 7], [2, 10, 3, 5], [4, 5, 7, 9],
[2, 0, 1, 7], [6, 4, 2, 9], [1, 10, 3, 4], [4, 5, 7, 5], [2, 1, 2, 5], [4, 2, 2, 7], [1, 3, 10, 6], [7, 4, 4, 7], [4, 3, 4, 10], [7, 6, 9, 8],
[4, 1, 10, 8], [6, 6, 0, 7], [7, 0, 1, 1], [2, 1, 6, 3], [5, 3, 7, 10], [8, 9, 6, 1], [10, 10, 10, 6], [4, 6, 1, 6], [7, 0, 1, 0], [4, 1, 7, 10],
[1, 7, 9, 3], [8, 4, 4, 0], [7, 10, 10, 2], [8, 6, 4, 6], [3, 1, 1, 5], [7, 1, 9, 1], [10, 10, 1, 4], [0, 7, 3, 10], [3, 1, 0, 9], [3, 3, 10, 8],
[2, 9, 0, 8], [2, 4, 3, 4], [5, 3, 7, 10], [4, 6, 0, 1], [5, 1, 5, 4], [6, 8, 3, 7], [7, 4, 4, 10], [5, 3, 8, 7], [10, 8, 2, 0], [10, 4, 4, 2],
[7, 0, 1, 9]]
[1, 0.05, 0.05, 0.05, 0.05, 0.05, 0.05, 0.05, 0.05, 0.05,
0.05, 0.05, 0.05, 0.05, 0.05, 0.05, 0.05, 0.05, 0.05, 0.05,
0.05, 0.0025, 0.0025, 0.0025, 0.0025, 0.0025, 0.0025, 0.0025, 0.0025, 0.0025,
0.0025, 0.0025, 0.0025, 0.0025, 0.0025, 0.0025, 0.0025, 0.0025, 0.0025, 0.0025,
0.0025, 0.000125, 0.000125, 0.000125, 0.000125, 0.000125, 0.000125, 0.000125, 0.000125, 0.000125,
0.000125, 0.000125, 0.000125, 0.000125, 0.000125, 0.000125, 0.000125, 0.000125, 0.000125, 0.000125,
0.000125, 6.25e-06, 6.25e-06, 6.25e-06, 6.25e-06, 6.25e-06, 6.25e-06, 6.25e-06, 6.25e-06, 6.25e-06,
6.25e-06, 6.25e-06, 6.25e-06, 6.25e-06, 6.25e-06, 6.25e-06, 6.25e-06, 6.25e-06, 6.25e-06, 6.25e-06,
6.25e-06, 3.125e-07, 3.125e-07, 3.125e-07, 3.125e-07, 3.125e-07, 3.125e-07, 3.125e-07, 3.125e-07, 3.125e-07,
3.125e-07, 3.125e-07, 3.125e-07, 3.125e-07, 3.125e-07, 3.125e-07, 3.125e-07, 3.125e-07, 3.125e-07, 3.125e-07,
3.125e-07, 1.5625e-08, 1.5625e-08, 1.5625e-08, 1.5625e-08, 1.5625e-08, 1.5625e-08, 1.5625e-08, 1.5625e-08, 1.5625e-08,
1.5625e-08, 1.5625e-08, 1.5625e-08, 1.5625e-08, 1.5625e-08, 1.5625e-08, 1.5625e-08, 1.5625e-08, 1.5625e-08, 1.5625e-08,
1.5625e-08]
[3, 15, 17, 7, 2, 17, 0, 2, 3, 16,
14, 8, 8, 2, 8, 6, 16, 12, 13, 10,
10, 13, 4, 1, 1, 0, 16, 14, 17, 9,
0, 13, 15, 9, 4, 3, 3, 18, 3, 9,
11, 14, 12, 10, 17, 12, 10, 11, 9, 13,
16, 2, 7, 2, 15, 8, 14, 13, 7, 16,
0, 16, 12, 14, 4, 10, 18, 12, 11, 13,
0, 13, 3, 16, 9, 6, 0, 17, 8, 12,
14, 8, 12, 16, 12, 7, 6, 2, 5, 13,
10, 2, 0, 1, 6, 16, 13, 14, 4, 5,
15, 4, 10, 9, 18, 9, 17, 17, 6, 2,
9, 11, 17, 6, 15, 13, 2, 11, 17, 7,
0]
------------------------------------------------------- 
# stage = 7	# children c = 20	length of each stage p = 1	nodes = 120	# items I = 1
