[80, 83, 57, 96, 7, 100, 92, 73, 39, 71,
77, 13, 16, 39, 43, 92, 57, 55, 93, 56,
66, 27, 24, 12, 59, 35, 95, 33, 93, 75,
86, 72, 57, 43, 67, 30, 42, 24, 69, 47,
95, 11, 60, 78, 51, 2, 69, 74, 57, 27,
29, 89, 54, 19, 0, 79, 54, 62, 11, 13,
2, 98, 85, 59, 40, 18, 56, 48, 42, 24,
95, 3, 36, 20, 81, 53, 22, 15, 93, 45,
42]
[[544, 658, 7], [97, 154, 211], [178, 500, 243], [607, 567, 338], [784, 240, 666], [697, 481, 575], [257, 926, 320], [511, 96, 646], [435, 875, 254], [404, 125, 42],
[413, 553, 584], [304, 650, 739], [516, 712, 172], [643, 368, 739], [30, 85, 28], [696, 782, 510], [204, 923, 369], [524, 483, 349], [220, 803, 273], [358, 256, 398],
[284, 553, 1], [869, 858, 651], [657, 307, 297], [713, 950, 665], [501, 864, 635], [413, 610, 466], [923, 814, 439], [225, 272, 806], [574, 376, 658], [847, 618, 798],
[179, 902, 401], [180, 704, 192], [715, 294, 383], [61, 56, 266], [611, 441, 179], [295, 855, 673], [645, 711, 421], [17, 937, 693], [824, 444, 2], [415, 225, 504],
[263, 404, 339], [548, 468, 93], [624, 116, 271], [56, 62, 328], [206, 673, 769], [385, 852, 673], [943, 546, 318], [413, 448, 304], [39, 321, 632], [876, 620, 857],
[429, 767, 310], [768, 364, 662], [745, 872, 779], [66, 812, 841], [278, 67, 447], [931, 337, 348], [538, 329, 778], [856, 626, 275], [209, 549, 480], [841, 474, 34],
[632, 903, 801], [826, 604, 99], [538, 283, 20], [366, 233, 833], [140, 511, 784], [587, 491, 170], [819, 913, 383], [646, 818, 893], [806, 76, 491], [219, 802, 14],
[253, 367, 801], [104, 242, 339], [203, 780, 622], [107, 79, 739], [940, 103, 299], [658, 690, 674], [828, 442, 637], [145, 138, 504], [87, 828, 465], [579, 96, 200],
[477, 234, 567]]
[[10, 8, 9, 6], [5, 1, 2, 1], [4, 3, 9, 9], [9, 3, 10, 6], [2, 5, 2, 4], [9, 6, 1, 6], [8, 5, 6, 5], [7, 2, 3, 4], [10, 1, 8, 4], [0, 10, 3, 4],
[0, 10, 0, 8], [3, 8, 3, 3], [2, 5, 7, 9], [9, 6, 4, 6], [0, 10, 0, 5], [10, 1, 9, 8], [2, 7, 10, 1], [4, 3, 3, 5], [0, 4, 0, 3], [1, 3, 5, 2],
[7, 10, 0, 5], [6, 3, 10, 6], [2, 8, 1, 2], [10, 8, 8, 10], [4, 7, 0, 9], [10, 4, 1, 0], [6, 1, 1, 5], [2, 4, 7, 9], [4, 6, 4, 8], [9, 1, 3, 9],
[9, 2, 9, 8], [0, 6, 8, 2], [3, 8, 0, 0], [10, 1, 9, 3], [0, 9, 9, 3], [2, 3, 10, 4], [7, 1, 1, 3], [2, 3, 2, 1], [5, 9, 9, 3], [5, 4, 4, 6],
[2, 4, 4, 10], [4, 3, 1, 2], [1, 10, 5, 1], [0, 5, 6, 8], [6, 7, 9, 7], [10, 0, 8, 3], [8, 4, 4, 0], [9, 8, 6, 9], [0, 10, 8, 4], [0, 9, 4, 10],
[6, 10, 1, 5], [2, 7, 0, 6], [1, 9, 2, 10], [8, 8, 2, 5], [2, 4, 5, 0], [2, 0, 9, 0], [8, 4, 4, 7], [1, 8, 6, 5], [5, 5, 10, 5], [10, 10, 1, 1],
[9, 1, 0, 6], [8, 0, 9, 10], [4, 3, 10, 4], [1, 6, 4, 9], [10, 6, 3, 9], [2, 10, 4, 5], [2, 3, 0, 2], [1, 10, 1, 10], [9, 1, 3, 6], [10, 1, 5, 1],
[2, 2, 6, 3], [6, 8, 10, 4], [4, 3, 2, 6], [0, 6, 0, 2], [8, 9, 2, 9], [8, 3, 6, 5], [2, 7, 0, 1], [6, 6, 3, 8], [6, 7, 0, 2], [4, 8, 6, 8],
[0, 6, 1, 9]]
[1, 0.05, 0.05, 0.05, 0.05, 0.05, 0.05, 0.05, 0.05, 0.05,
0.05, 0.05, 0.05, 0.05, 0.05, 0.05, 0.05, 0.05, 0.05, 0.05,
0.05, 0.0025, 0.0025, 0.0025, 0.0025, 0.0025, 0.0025, 0.0025, 0.0025, 0.0025,
0.0025, 0.0025, 0.0025, 0.0025, 0.0025, 0.0025, 0.0025, 0.0025, 0.0025, 0.0025,
0.0025, 0.000125, 0.000125, 0.000125, 0.000125, 0.000125, 0.000125, 0.000125, 0.000125, 0.000125,
0.000125, 0.000125, 0.000125, 0.000125, 0.000125, 0.000125, 0.000125, 0.000125, 0.000125, 0.000125,
0.000125, 6.25e-06, 6.25e-06, 6.25e-06, 6.25e-06, 6.25e-06, 6.25e-06, 6.25e-06, 6.25e-06, 6.25e-06,
6.25e-06, 6.25e-06, 6.25e-06, 6.25e-06, 6.25e-06, 6.25e-06, 6.25e-06, 6.25e-06, 6.25e-06, 6.25e-06,
6.25e-06]
[8, 17, 18, 7, 3, 11, 16, 6, 2, 18,
10, 8, 18, 1, 4, 2, 16, 16, 10, 15,
2, 8, 12, 3, 12, 2, 5, 0, 1, 10,
12, 10, 8, 15, 2, 4, 16, 14, 0, 15,
12, 7, 12, 4, 13, 11, 11, 6, 19, 19,
12, 18, 8, 14, 3, 5, 11, 16, 3, 9,
6, 14, 1, 18, 2, 15, 4, 0, 10, 13,
7, 12, 2, 15, 8, 14, 17, 5, 1, 11,
4]
------------------------------------------------------- 
# stage = 5	# children c = 20	length of each stage p = 1	nodes = 80	# items I = 1
