[38, 85, 30, 30, 10, 22, 19, 49, 31, 72,
77, 48, 89, 11, 3, 29, 91, 70, 58, 72,
22, 1, 3, 89, 20, 8, 44, 42, 53, 21,
37, 57, 5, 68, 87, 16, 90, 73, 31, 87,
44, 7, 35, 32, 85, 38, 27, 41, 74, 51,
12, 97, 52, 82, 85, 38, 90, 96, 47, 8,
16]
[[185, 706, 543], [854, 790, 794], [254, 785, 888], [455, 719, 425], [321, 452, 99], [191, 823, 130], [431, 358, 239], [98, 327, 807], [205, 904, 709], [365, 381, 714],
[582, 566, 812], [517, 506, 687], [703, 152, 864], [676, 607, 669], [493, 13, 513], [592, 512, 728], [114, 28, 172], [353, 126, 806], [246, 331, 795], [40, 88, 261],
[146, 62, 828], [43, 579, 726], [731, 367, 878], [680, 435, 878], [741, 320, 891], [647, 305, 795], [460, 419, 823], [632, 165, 341], [524, 411, 64], [404, 758, 153],
[666, 905, 522], [886, 33, 187], [697, 764, 861], [52, 837, 689], [15, 55, 94], [299, 702, 399], [179, 248, 211], [395, 272, 376], [736, 796, 179], [193, 593, 22],
[653, 651, 12], [260, 622, 353], [754, 711, 202], [93, 155, 431], [782, 478, 487], [268, 777, 581], [60, 41, 221], [271, 436, 494], [39, 565, 682], [218, 150, 360],
[240, 803, 403], [560, 455, 417], [913, 295, 520], [507, 695, 676], [331, 869, 239], [210, 222, 101], [791, 589, 449], [98, 252, 278], [899, 291, 235], [666, 509, 385],
[419, 142, 580]]
[[3, 7, 6, 1], [3, 0, 1, 3], [8, 0, 9, 3], [5, 1, 6, 9], [8, 2, 6, 4], [0, 7, 10, 0], [5, 10, 10, 1], [0, 7, 5, 3], [1, 1, 5, 4], [10, 6, 6, 8],
[6, 2, 0, 10], [3, 5, 8, 10], [7, 3, 3, 7], [10, 0, 7, 3], [10, 5, 2, 10], [10, 8, 3, 0], [9, 8, 2, 6], [1, 6, 3, 5], [9, 4, 4, 1], [9, 2, 9, 5],
[5, 1, 10, 3], [2, 7, 6, 1], [10, 6, 1, 9], [3, 2, 7, 10], [10, 9, 6, 9], [5, 9, 3, 1], [0, 8, 2, 7], [8, 10, 1, 2], [0, 10, 3, 0], [4, 7, 0, 3],
[3, 10, 10, 6], [1, 6, 6, 9], [2, 10, 7, 5], [8, 10, 6, 7], [7, 7, 3, 2], [6, 3, 5, 4], [2, 6, 5, 6], [3, 5, 7, 6], [4, 4, 10, 3], [8, 3, 1, 10],
[2, 8, 5, 9], [7, 9, 5, 2], [5, 8, 4, 0], [0, 7, 5, 2], [3, 8, 6, 4], [0, 0, 10, 2], [4, 7, 5, 10], [0, 6, 10, 2], [1, 2, 0, 8], [0, 5, 8, 4],
[1, 0, 4, 1], [7, 7, 2, 8], [2, 6, 1, 2], [5, 9, 4, 7], [4, 9, 7, 4], [2, 6, 4, 3], [6, 5, 10, 4], [8, 7, 8, 7], [7, 0, 7, 2], [5, 9, 8, 8],
[2, 8, 10, 7]]
[1, 0.1, 0.1, 0.1, 0.1, 0.1, 0.1, 0.1, 0.1, 0.1,
0.1, 0.01, 0.01, 0.01, 0.01, 0.01, 0.01, 0.01, 0.01, 0.01,
0.01, 0.001, 0.001, 0.001, 0.001, 0.001, 0.001, 0.001, 0.001, 0.001,
0.001, 0.0001, 0.0001, 0.0001, 0.0001, 0.0001, 0.0001, 0.0001, 0.0001, 0.0001,
0.0001, 1e-05, 1e-05, 1e-05, 1e-05, 1e-05, 1e-05, 1e-05, 1e-05, 1e-05,
1e-05, 1e-06, 1e-06, 1e-06, 1e-06, 1e-06, 1e-06, 1e-06, 1e-06, 1e-06,
1e-06]
[9, 2, 0, 3, 0, 6, 6, 2, 0, 8,
4, 1, 5, 9, 5, 9, 1, 7, 0, 1,
2, 7, 6, 3, 1, 6, 3, 4, 8, 0,
1, 1, 2, 6, 0, 6, 0, 3, 5, 4,
8, 1, 1, 4, 2, 4, 8, 8, 7, 8,
6, 2, 9, 4, 1, 3, 4, 5, 4, 8,
6]
------------------------------------------------------- 
# stage = 7	# children c = 10	length of each stage p = 1	nodes = 60	# items I = 1
