[73, 98, 84, 23, 66, 18, 63, 75, 43, 6,
82, 39, 27, 49, 14, 68, 9, 56, 22, 89,
5, 11, 91, 97, 31, 8, 92, 23, 50, 12,
7, 22, 9, 92, 45, 41, 76, 7, 83, 18,
14]
[[547, 599, 189], [144, 277, 1839], [238, 996, 1511], [1440, 1763, 570], [1579, 832, 516], [963, 1739, 1513], [449, 1027, 1513], [1922, 1110, 1304], [1896, 1500, 1764], [622, 1849, 1450],
[421, 7, 1642], [203, 152, 1511], [61, 390, 526], [1165, 1830, 308], [1735, 1020, 733], [271, 2, 83], [1376, 43, 1111], [908, 1966, 1813], [1804, 1473, 1332], [1179, 1687, 793],
[649, 1701, 800], [1883, 1496, 952], [1413, 1557, 935], [1939, 741, 376], [1840, 88, 1397], [592, 1932, 991], [675, 1327, 627], [1378, 1827, 612], [802, 1242, 1677], [1727, 440, 976],
[539, 681, 288], [931, 583, 1784], [1884, 15, 1360], [430, 1547, 1694], [806, 1406, 1374], [1795, 1590, 1325], [806, 1857, 263], [1433, 1255, 1682], [1637, 1649, 535], [925, 1395, 975],
[1901, 1526, 1249]]
[[10, 9, 10, 9], [0, 1, 5, 3], [1, 7, 6, 2], [2, 6, 10, 10], [6, 6, 6, 10], [10, 9, 9, 10], [8, 10, 0, 5], [9, 6, 8, 9], [4, 7, 5, 2], [6, 8, 5, 5],
[4, 0, 8, 4], [5, 7, 3, 0], [3, 7, 10, 0], [3, 6, 10, 9], [3, 10, 3, 2], [5, 9, 9, 7], [5, 3, 8, 10], [9, 0, 4, 2], [1, 1, 6, 4], [9, 7, 4, 10],
[1, 1, 10, 4], [5, 7, 2, 8], [6, 4, 10, 10], [2, 8, 4, 6], [9, 10, 5, 5], [0, 9, 7, 1], [0, 0, 3, 7], [5, 7, 4, 6], [6, 1, 10, 0], [8, 0, 8, 1],
[4, 6, 9, 4], [3, 3, 10, 0], [2, 4, 5, 2], [3, 0, 1, 1], [0, 4, 6, 6], [9, 8, 10, 4], [9, 10, 4, 6], [8, 2, 7, 10], [8, 6, 3, 9], [7, 3, 7, 7],
[5, 0, 8, 8]]
[1, 0.1, 0.1, 0.1, 0.1, 0.1, 0.1, 0.1, 0.1, 0.1,
0.1, 0.01, 0.01, 0.01, 0.01, 0.01, 0.01, 0.01, 0.01, 0.01,
0.01, 0.001, 0.001, 0.001, 0.001, 0.001, 0.001, 0.001, 0.001, 0.001,
0.001, 0.0001, 0.0001, 0.0001, 0.0001, 0.0001, 0.0001, 0.0001, 0.0001, 0.0001,
0.0001]
[17, 11, 11, 7, 18, 12, 8, 13, 10, 1,
1, 0, 0, 16, 18, 16, 17, 9, 19, 3,
2, 5, 8, 12, 15, 17, 2, 9, 2, 0,
18, 7, 16, 7, 16, 16, 17, 13, 11, 15,
3]
------------------------------------------------------- 
# stage = 5	# children c = 10	length of each stage p = 1	nodes = 40	# items I = 1
