[65, 9, 83, 83, 64, 62, 9, 12, 32, 74,
49, 33, 22, 72, 34, 73, 83, 58, 15, 32,
56, 42, 12, 92, 93, 61, 44, 5, 16, 45,
52, 47, 55, 1, 96, 18, 63, 5, 97, 61,
45, 11, 94, 67, 83, 27, 5, 65, 51, 87,
63, 6, 28, 76, 64, 21, 2, 8, 93, 85,
53, 44, 31, 7, 11, 27, 92, 74, 99, 54,
35]
[[700, 225, 54], [857, 409, 1257], [223, 1132, 1829], [1472, 1326, 775], [62, 771, 1393], [613, 1875, 1186], [1226, 1380, 547], [1342, 1167, 7], [134, 662, 310], [448, 649, 195],
[225, 149, 1102], [279, 1006, 1511], [336, 30, 1444], [283, 302, 888], [1741, 364, 1659], [1252, 977, 452], [1238, 1003, 1833], [1785, 464, 1800], [592, 1280, 1262], [902, 1728, 711],
[1097, 754, 1542], [318, 1033, 1349], [1829, 170, 1379], [1391, 1135, 1681], [1079, 1676, 845], [857, 1046, 623], [1309, 1085, 1626], [60, 988, 890], [661, 381, 288], [723, 1283, 817],
[1435, 1181, 1571], [1095, 1499, 1404], [562, 246, 374], [59, 438, 1510], [540, 1517, 1304], [1386, 1174, 1151], [809, 1284, 354], [553, 144, 142], [1444, 805, 1205], [532, 329, 607],
[149, 1764, 1788], [1720, 1659, 205], [43, 340, 1133], [417, 1081, 1571], [45, 422, 7], [150, 608, 1181], [1301, 1417, 583], [455, 88, 1410], [1279, 332, 333], [603, 1547, 662],
[10, 1696, 1226], [598, 335, 1004], [1485, 378, 144], [736, 795, 1225], [1108, 1523, 1647], [1115, 1673, 1055], [1096, 1774, 590], [480, 1029, 1361], [8, 1108, 493], [1023, 511, 158],
[486, 521, 655], [1712, 1801, 990], [1516, 1404, 168], [1660, 941, 1645], [1686, 167, 1286], [251, 82, 1759], [1307, 1860, 451], [15, 1140, 1480], [1376, 1148, 707], [670, 972, 18],
[828, 1458, 540]]
[[0, 5, 4, 7], [3, 8, 5, 3], [0, 9, 2, 4], [2, 6, 10, 2], [5, 7, 1, 9], [7, 5, 8, 6], [4, 2, 3, 6], [10, 3, 3, 9], [9, 5, 3, 1], [2, 8, 2, 1],
[4, 2, 3, 5], [6, 2, 5, 0], [8, 7, 7, 4], [1, 5, 8, 5], [7, 0, 0, 5], [4, 1, 3, 0], [5, 4, 10, 5], [10, 10, 6, 4], [2, 9, 7, 6], [10, 1, 7, 7],
[8, 1, 9, 7], [6, 6, 2, 3], [5, 0, 8, 9], [0, 9, 7, 5], [2, 6, 10, 10], [3, 6, 1, 5], [2, 8, 10, 1], [10, 4, 8, 5], [5, 6, 2, 1], [0, 2, 2, 5],
[0, 8, 1, 0], [4, 8, 3, 4], [1, 3, 3, 4], [7, 5, 8, 7], [2, 7, 9, 10], [0, 4, 5, 3], [9, 7, 4, 7], [7, 4, 1, 7], [10, 2, 8, 3], [10, 0, 7, 9],
[1, 0, 2, 8], [3, 8, 3, 3], [2, 1, 3, 2], [3, 6, 6, 10], [2, 8, 6, 7], [0, 7, 3, 10], [7, 9, 3, 4], [10, 8, 2, 9], [8, 3, 5, 9], [0, 8, 2, 3],
[7, 5, 3, 8], [0, 7, 8, 0], [3, 1, 5, 3], [9, 8, 2, 3], [7, 3, 8, 4], [1, 10, 2, 7], [2, 7, 6, 1], [2, 8, 2, 9], [0, 5, 7, 9], [2, 4, 7, 3],
[5, 1, 6, 1], [9, 6, 5, 3], [10, 0, 7, 0], [10, 8, 7, 0], [2, 0, 10, 5], [8, 1, 3, 6], [4, 10, 4, 4], [1, 0, 7, 5], [10, 2, 4, 7], [9, 7, 10, 6],
[7, 5, 4, 5]]
[1, 0.1, 0.1, 0.1, 0.1, 0.1, 0.1, 0.1, 0.1, 0.1,
0.1, 0.01, 0.01, 0.01, 0.01, 0.01, 0.01, 0.01, 0.01, 0.01,
0.01, 0.001, 0.001, 0.001, 0.001, 0.001, 0.001, 0.001, 0.001, 0.001,
0.001, 0.0001, 0.0001, 0.0001, 0.0001, 0.0001, 0.0001, 0.0001, 0.0001, 0.0001,
0.0001, 1e-05, 1e-05, 1e-05, 1e-05, 1e-05, 1e-05, 1e-05, 1e-05, 1e-05,
1e-05, 1e-06, 1e-06, 1e-06, 1e-06, 1e-06, 1e-06, 1e-06, 1e-06, 1e-06,
1e-06, 1e-07, 1e-07, 1e-07, 1e-07, 1e-07, 1e-07, 1e-07, 1e-07, 1e-07,
1e-07]
[17, 16, 7, 1, 11, 10, 0, 13, 18, 7,
11, 18, 3, 14, 10, 6, 4, 11, 0, 11,
6, 14, 4, 11, 8, 14, 17, 5, 1, 18,
9, 15, 5, 18, 10, 13, 9, 16, 11, 7,
5, 13, 11, 2, 13, 18, 6, 7, 15, 14,
13, 17, 11, 7, 4, 17, 14, 10, 8, 16,
10, 18, 8, 2, 9, 5, 3, 16, 0, 15,
16]
------------------------------------------------------- 
# stage = 8	# children c = 10	length of each stage p = 1	nodes = 70	# items I = 1
