[32, 20, 68, 90, 100, 16, 22, 60, 23, 96,
29, 84, 61, 72, 29, 70, 17, 94, 51, 12,
84, 62, 96, 39, 3, 63, 51, 90, 51, 52,
3, 49, 72, 71, 4, 37, 54, 26, 97, 77,
21, 92, 27, 49, 29, 56, 85, 47, 15, 35,
25, 99, 64, 88, 3, 33, 16, 20, 89, 33,
72, 92, 82, 9, 28, 86, 12, 48, 78, 8,
25, 66, 66, 52, 14, 96, 74, 99, 8, 89,
0, 100, 53, 64, 87, 57, 63, 70, 77, 51,
2, 15, 8, 85, 91, 36, 70, 3, 85, 14,
78]
[[160, 500, 296], [25, 159, 706], [688, 15, 971], [708, 132, 797], [644, 499, 222], [486, 211, 443], [18, 59, 941], [114, 425, 501], [77, 356, 490], [632, 382, 582],
[234, 20, 105], [8, 500, 719], [714, 666, 735], [186, 397, 867], [7, 64, 844], [684, 29, 534], [605, 502, 593], [570, 617, 496], [94, 172, 853], [62, 282, 713],
[644, 516, 733], [228, 2, 256], [947, 716, 923], [705, 381, 798], [73, 843, 341], [396, 550, 370], [930, 178, 350], [24, 226, 445], [521, 321, 617], [397, 383, 378],
[588, 506, 894], [799, 734, 375], [78, 704, 114], [479, 433, 950], [301, 506, 816], [120, 902, 844], [490, 333, 501], [318, 358, 727], [764, 879, 71], [859, 754, 910],
[260, 365, 439], [633, 187, 196], [31, 720, 900], [600, 678, 811], [52, 457, 796], [868, 577, 721], [214, 545, 533], [715, 863, 891], [465, 128, 793], [537, 11, 48],
[925, 726, 413], [387, 837, 78], [61, 346, 276], [439, 947, 954], [274, 22, 434], [93, 368, 489], [292, 582, 57], [303, 775, 399], [217, 264, 527], [488, 279, 16],
[536, 227, 221], [427, 92, 81], [960, 608, 428], [260, 70, 853], [692, 799, 353], [150, 370, 721], [117, 141, 782], [175, 444, 58], [574, 140, 322], [579, 628, 601],
[596, 643, 306], [295, 548, 853], [376, 532, 484], [282, 270, 33], [158, 962, 310], [966, 590, 681], [189, 708, 300], [971, 361, 744], [52, 413, 362], [830, 15, 14],
[909, 89, 135], [694, 384, 683], [570, 239, 693], [533, 521, 441], [44, 158, 882], [354, 147, 495], [513, 791, 681], [813, 785, 520], [59, 316, 933], [421, 624, 949],
[890, 556, 61], [48, 273, 901], [210, 322, 163], [381, 333, 162], [301, 377, 775], [206, 731, 401], [179, 268, 215], [339, 559, 479], [859, 618, 273], [816, 63, 897],
[788, 953, 931]]
[[9, 5, 9, 10], [9, 5, 2, 9], [3, 10, 9, 7], [7, 5, 8, 1], [6, 8, 2, 9], [8, 10, 2, 0], [10, 6, 9, 7], [2, 10, 8, 9], [2, 6, 8, 0], [9, 8, 7, 1],
[7, 6, 8, 1], [9, 5, 3, 3], [0, 5, 1, 9], [4, 2, 7, 1], [8, 5, 9, 8], [2, 4, 6, 2], [10, 1, 2, 6], [9, 8, 5, 3], [3, 0, 4, 10], [6, 7, 2, 6],
[1, 2, 2, 3], [4, 10, 3, 1], [2, 10, 7, 3], [3, 2, 5, 0], [3, 6, 6, 1], [3, 0, 2, 4], [0, 6, 3, 4], [3, 4, 9, 2], [6, 9, 6, 8], [8, 7, 7, 0],
[6, 3, 3, 9], [5, 8, 9, 6], [1, 2, 5, 4], [2, 7, 8, 0], [2, 1, 3, 3], [3, 1, 6, 9], [10, 10, 4, 6], [6, 0, 4, 10], [1, 7, 8, 4], [2, 4, 10, 4],
[6, 2, 8, 8], [9, 4, 6, 9], [5, 9, 0, 8], [8, 6, 4, 6], [3, 6, 1, 7], [4, 5, 6, 5], [10, 1, 9, 10], [5, 6, 1, 0], [6, 8, 8, 4], [1, 1, 0, 4],
[0, 0, 1, 6], [4, 3, 1, 5], [7, 0, 1, 0], [5, 5, 5, 2], [6, 1, 2, 0], [5, 1, 0, 0], [9, 6, 2, 10], [8, 0, 3, 6], [1, 2, 1, 3], [3, 3, 9, 10],
[1, 8, 10, 7], [3, 2, 7, 9], [1, 7, 8, 4], [9, 8, 4, 7], [2, 4, 5, 10], [5, 8, 3, 4], [9, 4, 7, 10], [5, 3, 10, 7], [1, 7, 1, 2], [8, 8, 9, 7],
[5, 6, 1, 3], [2, 5, 8, 4], [8, 2, 1, 2], [9, 4, 6, 5], [6, 2, 4, 1], [4, 1, 6, 5], [7, 7, 7, 4], [2, 3, 0, 7], [10, 10, 8, 1], [3, 4, 3, 0],
[6, 4, 2, 4], [8, 8, 9, 3], [8, 1, 2, 1], [2, 8, 4, 9], [4, 9, 0, 7], [2, 10, 1, 1], [7, 8, 0, 10], [1, 3, 10, 5], [7, 1, 10, 2], [7, 6, 3, 3],
[5, 6, 2, 6], [3, 7, 2, 6], [3, 1, 0, 5], [0, 10, 4, 7], [7, 2, 7, 6], [5, 4, 1, 10], [6, 9, 10, 0], [2, 3, 3, 8], [7, 6, 3, 10], [0, 3, 3, 3],
[4, 3, 9, 4]]
[1, 0.05, 0.05, 0.05, 0.05, 0.05, 0.05, 0.05, 0.05, 0.05,
0.05, 0.05, 0.05, 0.05, 0.05, 0.05, 0.05, 0.05, 0.05, 0.05,
0.05, 0.0025, 0.0025, 0.0025, 0.0025, 0.0025, 0.0025, 0.0025, 0.0025, 0.0025,
0.0025, 0.0025, 0.0025, 0.0025, 0.0025, 0.0025, 0.0025, 0.0025, 0.0025, 0.0025,
0.0025, 0.000125, 0.000125, 0.000125, 0.000125, 0.000125, 0.000125, 0.000125, 0.000125, 0.000125,
0.000125, 0.000125, 0.000125, 0.000125, 0.000125, 0.000125, 0.000125, 0.000125, 0.000125, 0.000125,
0.000125, 6.25e-06, 6.25e-06, 6.25e-06, 6.25e-06, 6.25e-06, 6.25e-06, 6.25e-06, 6.25e-06, 6.25e-06,
6.25e-06, 6.25e-06, 6.25e-06, 6.25e-06, 6.25e-06, 6.25e-06, 6.25e-06, 6.25e-06, 6.25e-06, 6.25e-06,
6.25e-06, 3.125e-07, 3.125e-07, 3.125e-07, 3.125e-07, 3.125e-07, 3.125e-07, 3.125e-07, 3.125e-07, 3.125e-07,
3.125e-07, 3.125e-07, 3.125e-07, 3.125e-07, 3.125e-07, 3.125e-07, 3.125e-07, 3.125e-07, 3.125e-07, 3.125e-07,
3.125e-07]
[8, 8, 6, 7, 6, 4, 1, 4, 11, 15,
17, 3, 18, 6, 1, 3, 2, 8, 7, 7,
7, 1, 7, 17, 19, 6, 12, 15, 10, 0,
12, 4, 14, 15, 12, 18, 18, 11, 2, 8,
13, 1, 16, 8, 9, 2, 3, 8, 3, 3,
19, 6, 5, 7, 19, 12, 1, 10, 9, 9,
10, 12, 2, 2, 8, 13, 19, 9, 2, 16,
15, 5, 2, 18, 17, 2, 11, 12, 10, 3,
12, 18, 1, 0, 7, 0, 4, 3, 5, 10,
1, 2, 2, 9, 13, 11, 2, 1, 1, 2,
17]
------------------------------------------------------- 
# stage = 6	# children c = 20	length of each stage p = 1	nodes = 100	# items I = 1
