[44, 53, 48, 67, 88, 51, 35, 15, 84, 34,
57, 39, 71, 19, 81, 15, 5, 12, 52, 66,
67, 44, 28, 36, 47, 72, 3, 98, 47, 19,
55, 58, 38, 2, 91, 93, 53, 93, 74, 2,
26, 31, 42, 64, 16, 22, 45, 22, 0, 64,
54, 33, 7, 49, 69, 54, 20, 39, 17, 33,
24]
[[1615, 1536, 993], [553, 1777, 18], [1767, 861, 737], [1522, 674, 464], [482, 1431, 779], [25, 1774, 1531], [1625, 1373, 801], [1120, 1366, 216], [890, 603, 1842], [1169, 1829, 1582],
[353, 1555, 786], [902, 219, 674], [921, 1543, 1092], [1214, 732, 1322], [1679, 1215, 864], [125, 796, 306], [1213, 532, 1679], [125, 1653, 712], [1786, 210, 1316], [1740, 935, 1256],
[989, 844, 478], [1775, 1747, 697], [117, 335, 1796], [765, 1549, 640], [1643, 1339, 1855], [619, 1021, 762], [925, 345, 850], [271, 26, 170], [984, 1813, 1826], [1856, 1664, 872],
[1223, 764, 1717], [1701, 207, 1131], [65, 324, 1466], [1862, 645, 1126], [613, 399, 133], [135, 574, 1154], [897, 1055, 1055], [1303, 1327, 1081], [1474, 1867, 1005], [967, 1834, 780],
[1839, 724, 1545], [1667, 92, 1752], [909, 157, 1632], [42, 1575, 388], [1169, 1744, 343], [858, 1879, 918], [123, 443, 84], [1178, 1747, 967], [1815, 888, 501], [932, 1855, 446],
[1268, 1361, 726], [480, 1140, 818], [1788, 1605, 532], [1531, 1204, 1663], [1475, 484, 1519], [1375, 1342, 1065], [404, 1021, 1065], [44, 1755, 479], [568, 1681, 1367], [1069, 280, 889],
[1072, 1549, 361]]
[[5, 9, 6, 7], [4, 7, 5, 8], [9, 1, 1, 1], [8, 0, 5, 6], [8, 1, 3, 2], [6, 0, 5, 3], [7, 0, 10, 8], [0, 6, 10, 6], [4, 5, 2, 6], [10, 6, 3, 8],
[5, 3, 8, 2], [3, 2, 8, 9], [1, 9, 0, 7], [9, 3, 9, 3], [3, 6, 1, 4], [1, 0, 10, 4], [3, 10, 10, 2], [3, 3, 8, 8], [4, 5, 10, 7], [5, 5, 6, 6],
[3, 4, 1, 10], [6, 8, 3, 9], [3, 2, 2, 5], [2, 10, 7, 3], [8, 4, 5, 0], [5, 0, 9, 9], [6, 6, 6, 0], [1, 10, 5, 2], [1, 6, 2, 7], [3, 3, 6, 4],
[5, 6, 9, 5], [4, 3, 8, 1], [8, 0, 1, 2], [0, 10, 1, 4], [6, 5, 3, 5], [2, 8, 7, 3], [1, 9, 9, 2], [10, 4, 6, 4], [8, 3, 7, 1], [6, 2, 2, 1],
[2, 2, 2, 1], [1, 1, 3, 5], [6, 6, 10, 8], [1, 5, 9, 2], [3, 7, 2, 1], [9, 9, 5, 7], [10, 0, 6, 3], [2, 7, 5, 3], [9, 7, 4, 8], [6, 5, 1, 1],
[10, 9, 7, 0], [3, 3, 1, 5], [0, 3, 6, 7], [10, 9, 3, 7], [9, 8, 0, 1], [4, 3, 4, 2], [8, 6, 8, 3], [0, 9, 4, 10], [8, 9, 9, 0], [1, 10, 5, 10],
[0, 9, 7, 9]]
[1, 0.05, 0.05, 0.05, 0.05, 0.05, 0.05, 0.05, 0.05, 0.05,
0.05, 0.05, 0.05, 0.05, 0.05, 0.05, 0.05, 0.05, 0.05, 0.05,
0.05, 0.0025, 0.0025, 0.0025, 0.0025, 0.0025, 0.0025, 0.0025, 0.0025, 0.0025,
0.0025, 0.0025, 0.0025, 0.0025, 0.0025, 0.0025, 0.0025, 0.0025, 0.0025, 0.0025,
0.0025, 0.000125, 0.000125, 0.000125, 0.000125, 0.000125, 0.000125, 0.000125, 0.000125, 0.000125,
0.000125, 0.000125, 0.000125, 0.000125, 0.000125, 0.000125, 0.000125, 0.000125, 0.000125, 0.000125,
0.000125]
[7, 7, 5, 6, 8, 0, 8, 6, 8, 6,
8, 6, 6, 5, 6, 8, 8, 0, 0, 1,
5, 7, 9, 0, 0, 2, 0, 7, 2, 3,
1, 4, 1, 4, 5, 2, 0, 5, 3, 0,
6, 6, 2, 4, 0, 7, 2, 0, 0, 7,
5, 8, 1, 6, 3, 3, 0, 9, 7, 2,
4]
------------------------------------------------------- 
# stage = 4	# children c = 20	length of each stage p = 1	nodes = 60	# items I = 1
