[38, 90, 36, 82, 4, 51, 50, 25, 21, 55,
3, 5, 82, 82, 67, 98, 51, 82, 42, 59,
75, 89, 88, 9, 60, 13, 6, 85, 80, 55,
56, 17, 44, 58, 100, 49, 76, 15, 40, 97,
37, 43, 1, 18, 24, 35, 82, 75, 16, 91,
100, 57, 45, 88, 66, 72, 67, 73, 56, 46,
94]
[[1300, 1538, 55], [2569, 1025, 2867], [993, 891, 2299], [1340, 2859, 2766], [1161, 1702, 2178], [1826, 529, 2022], [2471, 814, 2772], [2674, 2000, 2847], [1481, 1899, 1840], [1345, 3402, 1303],
[619, 1175, 2209], [42, 3112, 3234], [2909, 3474, 3493], [1049, 1286, 2825], [287, 1815, 367], [1833, 113, 896], [3224, 1953, 1079], [2468, 1099, 2447], [1787, 1949, 818], [2996, 3294, 693],
[139, 385, 1236], [2348, 3323, 188], [1422, 2705, 134], [1388, 3122, 1420], [685, 2777, 3236], [420, 1082, 2717], [1317, 146, 1142], [1764, 2614, 1610], [683, 242, 31], [869, 2606, 3325],
[930, 2745, 3079], [2166, 933, 2874], [1723, 1723, 1419], [1857, 3111, 381], [2646, 3164, 3158], [1722, 57, 81], [279, 742, 227], [1422, 2506, 2210], [3032, 2557, 1820], [3063, 3426, 898],
[2228, 829, 3011], [1779, 2363, 3312], [494, 558, 1507], [1913, 1784, 1091], [1663, 270, 95], [1293, 1360, 152], [742, 1639, 894], [338, 3061, 2768], [1916, 1933, 1797], [208, 836, 1064],
[1106, 3065, 1893], [3485, 1316, 96], [3269, 1178, 23], [616, 2460, 1175], [1075, 595, 813], [1171, 1888, 2173], [1323, 1999, 3180], [1586, 2337, 2082], [194, 725, 487], [1360, 301, 1324],
[2424, 775, 861]]
[[7, 0, 1, 2], [2, 6, 3, 0], [4, 2, 1, 4], [2, 2, 0, 9], [2, 6, 2, 3], [6, 5, 1, 1], [4, 9, 2, 1], [0, 3, 8, 7], [3, 9, 10, 3], [5, 0, 1, 7],
[2, 3, 0, 5], [3, 9, 1, 3], [5, 4, 6, 0], [9, 6, 10, 2], [2, 10, 1, 3], [2, 9, 10, 3], [6, 7, 6, 9], [8, 8, 5, 8], [9, 3, 0, 1], [2, 2, 5, 7],
[6, 0, 5, 4], [4, 2, 5, 7], [10, 6, 10, 2], [3, 7, 3, 9], [4, 10, 7, 10], [5, 10, 7, 3], [2, 8, 4, 4], [10, 7, 9, 5], [6, 1, 7, 10], [1, 10, 6, 1],
[4, 5, 1, 7], [2, 4, 3, 4], [1, 8, 3, 6], [7, 8, 9, 7], [3, 1, 10, 2], [8, 6, 5, 3], [8, 0, 1, 7], [10, 7, 8, 1], [0, 7, 8, 0], [1, 9, 4, 0],
[6, 5, 7, 0], [0, 3, 8, 4], [2, 5, 4, 0], [0, 8, 1, 8], [8, 0, 3, 5], [8, 0, 7, 8], [6, 2, 6, 5], [10, 8, 5, 3], [2, 10, 4, 0], [3, 10, 4, 5],
[2, 7, 3, 2], [4, 3, 9, 10], [3, 1, 4, 9], [10, 9, 4, 5], [10, 10, 10, 9], [7, 3, 1, 7], [2, 3, 6, 5], [0, 10, 9, 2], [4, 10, 5, 8], [2, 3, 7, 4],
[2, 10, 0, 1]]
[1, 0.05, 0.05, 0.05, 0.05, 0.05, 0.05, 0.05, 0.05, 0.05,
0.05, 0.05, 0.05, 0.05, 0.05, 0.05, 0.05, 0.05, 0.05, 0.05,
0.05, 0.0025, 0.0025, 0.0025, 0.0025, 0.0025, 0.0025, 0.0025, 0.0025, 0.0025,
0.0025, 0.0025, 0.0025, 0.0025, 0.0025, 0.0025, 0.0025, 0.0025, 0.0025, 0.0025,
0.0025, 0.000125, 0.000125, 0.000125, 0.000125, 0.000125, 0.000125, 0.000125, 0.000125, 0.000125,
0.000125, 0.000125, 0.000125, 0.000125, 0.000125, 0.000125, 0.000125, 0.000125, 0.000125, 0.000125,
0.000125]
[3, 8, 6, 7, 7, 8, 2, 3, 5, 2,
1, 5, 7, 1, 1, 3, 1, 5, 7, 3,
3, 5, 6, 5, 6, 3, 5, 6, 7, 2,
2, 0, 5, 6, 6, 5, 0, 5, 7, 7,
7, 8, 7, 2, 0, 1, 5, 1, 6, 1,
3, 3, 3, 5, 7, 3, 2, 5, 6, 3,
8]
------------------------------------------------------- 
# stage = 4	# children c = 20	length of each stage p = 1	nodes = 60	# items I = 1
