[88, 46, 97, 21, 9, 5, 51, 42, 82, 77,
4, 85, 72, 78, 99, 54, 16, 25, 92, 32,
52, 54, 61, 88, 64, 70, 93, 40, 35, 13,
20, 89, 26, 83, 76, 35, 88, 26, 43, 69,
3, 47, 19, 75, 91, 84, 95, 7, 9, 86,
5, 61, 5, 32, 48, 69, 1, 7, 8, 3,
20, 95, 92, 12, 78, 68, 13, 65, 60, 56,
0, 63, 2, 86, 3, 94, 70, 65, 67, 79,
16, 72, 39, 22, 3, 53, 57, 72, 60, 32,
75, 47, 26, 66, 59, 70, 100, 73, 1, 60,
95]
[[267, 1524, 1414], [1861, 50, 1500], [263, 699, 1794], [1456, 396, 1640], [2031, 2045, 607], [1419, 628, 679], [718, 1004, 831], [297, 838, 1593], [689, 844, 1428], [29, 1000, 1510],
[583, 1267, 955], [1998, 920, 1005], [1290, 1055, 1704], [1005, 431, 1972], [437, 254, 1937], [1044, 1674, 358], [1595, 312, 1362], [346, 481, 2073], [1939, 1170, 709], [1159, 1199, 1709],
[590, 1783, 768], [1417, 1573, 1560], [214, 783, 535], [1790, 1660, 966], [1683, 17, 1093], [1412, 933, 687], [1770, 320, 871], [925, 667, 1352], [790, 398, 443], [1499, 1430, 1514],
[1129, 1892, 1217], [1769, 1229, 582], [1250, 1315, 1366], [1657, 1025, 946], [416, 628, 836], [1509, 1913, 1641], [116, 1603, 1962], [859, 320, 549], [131, 1110, 819], [446, 530, 41],
[1961, 1531, 1933], [970, 1220, 954], [1553, 262, 189], [711, 1920, 1215], [1529, 256, 1715], [285, 1765, 1548], [1799, 1753, 944], [1681, 532, 1264], [22, 535, 295], [841, 982, 697],
[755, 863, 20], [608, 1705, 1240], [1563, 1178, 1375], [1624, 1761, 1087], [759, 1211, 1343], [267, 1368, 900], [1815, 1087, 445], [679, 688, 977], [1944, 710, 1512], [31, 1424, 286],
[600, 99, 1021], [620, 579, 647], [1732, 62, 1697], [1027, 1559, 1379], [1986, 110, 510], [1249, 377, 1750], [2021, 113, 758], [258, 664, 1446], [1235, 528, 2029], [540, 431, 1245],
[826, 903, 1344], [1848, 1523, 1795], [287, 1176, 1730], [1984, 2075, 1209], [1283, 1982, 1319], [1665, 1023, 1697], [1336, 837, 1682], [1966, 1095, 266], [1204, 123, 667], [1153, 535, 1098],
[318, 1233, 1874], [1534, 873, 1317], [1250, 1160, 285], [900, 937, 153], [1981, 140, 55], [1220, 1678, 950], [709, 806, 1659], [311, 692, 675], [578, 1896, 670], [1245, 842, 1205],
[135, 1032, 358], [2009, 359, 1104], [1247, 1481, 184], [1404, 173, 1121], [1557, 74, 1134], [1484, 1166, 604], [355, 1876, 1410], [2014, 107, 1974], [481, 685, 1662], [1151, 1930, 296],
[276, 2066, 1201]]
[[3, 6, 1, 4], [7, 6, 3, 3], [3, 6, 8, 10], [2, 8, 5, 1], [4, 2, 10, 5], [1, 1, 0, 5], [6, 10, 8, 7], [3, 7, 2, 4], [3, 3, 8, 8], [7, 10, 0, 10],
[5, 8, 7, 6], [4, 0, 7, 8], [2, 4, 0, 4], [4, 9, 7, 10], [8, 4, 4, 9], [1, 6, 0, 2], [8, 7, 10, 4], [4, 10, 2, 7], [5, 9, 2, 9], [9, 9, 4, 10],
[1, 2, 1, 5], [1, 8, 2, 7], [10, 6, 4, 9], [10, 4, 0, 5], [9, 8, 8, 2], [7, 10, 10, 2], [8, 10, 9, 5], [7, 3, 2, 8], [5, 3, 0, 6], [9, 2, 1, 8],
[6, 5, 7, 5], [7, 5, 0, 6], [3, 8, 6, 8], [5, 3, 10, 0], [3, 9, 5, 8], [10, 5, 5, 2], [8, 5, 7, 6], [5, 8, 2, 0], [2, 7, 3, 9], [1, 1, 2, 2],
[9, 7, 0, 1], [10, 10, 2, 0], [6, 5, 8, 3], [0, 0, 6, 6], [3, 0, 0, 8], [8, 2, 6, 8], [9, 10, 4, 8], [0, 7, 0, 8], [1, 0, 9, 9], [8, 0, 8, 2],
[6, 3, 3, 4], [4, 9, 10, 5], [7, 10, 3, 4], [1, 9, 10, 8], [6, 4, 6, 7], [9, 4, 4, 10], [4, 0, 6, 10], [1, 3, 1, 5], [7, 3, 9, 0], [1, 6, 5, 9],
[6, 6, 0, 5], [3, 0, 3, 9], [2, 7, 5, 0], [0, 7, 8, 4], [8, 3, 1, 7], [7, 1, 1, 3], [4, 8, 1, 3], [3, 4, 1, 7], [0, 0, 2, 3], [9, 5, 10, 0],
[1, 3, 0, 1], [10, 6, 3, 5], [9, 4, 1, 5], [3, 0, 6, 7], [6, 7, 0, 8], [10, 10, 4, 10], [10, 6, 0, 8], [9, 10, 6, 8], [2, 4, 7, 0], [10, 10, 5, 9],
[2, 5, 1, 5], [5, 6, 2, 10], [0, 0, 7, 10], [10, 0, 9, 8], [7, 7, 3, 3], [5, 10, 1, 5], [3, 8, 5, 3], [6, 9, 10, 8], [3, 9, 0, 6], [4, 2, 5, 5],
[2, 1, 4, 0], [0, 1, 8, 5], [8, 0, 8, 2], [10, 7, 8, 3], [5, 0, 4, 0], [7, 1, 6, 10], [10, 6, 4, 4], [7, 9, 7, 7], [9, 0, 7, 9], [1, 4, 3, 8],
[3, 9, 8, 2]]
[1, 0.05, 0.05, 0.05, 0.05, 0.05, 0.05, 0.05, 0.05, 0.05,
0.05, 0.05, 0.05, 0.05, 0.05, 0.05, 0.05, 0.05, 0.05, 0.05,
0.05, 0.0025, 0.0025, 0.0025, 0.0025, 0.0025, 0.0025, 0.0025, 0.0025, 0.0025,
0.0025, 0.0025, 0.0025, 0.0025, 0.0025, 0.0025, 0.0025, 0.0025, 0.0025, 0.0025,
0.0025, 0.000125, 0.000125, 0.000125, 0.000125, 0.000125, 0.000125, 0.000125, 0.000125, 0.000125,
0.000125, 0.000125, 0.000125, 0.000125, 0.000125, 0.000125, 0.000125, 0.000125, 0.000125, 0.000125,
0.000125, 6.25e-06, 6.25e-06, 6.25e-06, 6.25e-06, 6.25e-06, 6.25e-06, 6.25e-06, 6.25e-06, 6.25e-06,
6.25e-06, 6.25e-06, 6.25e-06, 6.25e-06, 6.25e-06, 6.25e-06, 6.25e-06, 6.25e-06, 6.25e-06, 6.25e-06,
6.25e-06, 3.125e-07, 3.125e-07, 3.125e-07, 3.125e-07, 3.125e-07, 3.125e-07, 3.125e-07, 3.125e-07, 3.125e-07,
3.125e-07, 3.125e-07, 3.125e-07, 3.125e-07, 3.125e-07, 3.125e-07, 3.125e-07, 3.125e-07, 3.125e-07, 3.125e-07,
3.125e-07]
[16, 2, 3, 9, 0, 1, 1, 3, 8, 8,
16, 9, 7, 4, 14, 11, 15, 17, 4, 12,
4, 9, 18, 3, 0, 15, 15, 16, 15, 12,
14, 16, 11, 1, 13, 14, 3, 19, 13, 6,
9, 7, 0, 3, 20, 20, 12, 15, 2, 14,
8, 7, 9, 10, 5, 11, 15, 16, 17, 5,
9, 3, 15, 1, 14, 7, 0, 11, 18, 7,
15, 15, 12, 18, 4, 20, 5, 12, 19, 13,
3, 13, 12, 9, 0, 8, 10, 18, 10, 6,
15, 3, 6, 18, 3, 15, 7, 8, 7, 7,
9]
------------------------------------------------------- 
# stage = 6	# children c = 20	length of each stage p = 1	nodes = 100	# items I = 1
