[73, 84, 81, 39, 100, 83, 61, 15, 83, 28,
0, 57, 31, 71, 56, 93, 17, 26, 80, 48,
41, 89, 66, 2, 39, 49, 45, 61, 1, 45,
86, 41, 95, 32, 80, 60, 14, 6, 75, 64,
34, 42, 20, 31, 79, 42, 90, 96, 34, 69,
43, 76, 23, 75, 78, 62, 24, 23, 90, 92,
34, 75, 32, 96, 6, 78, 55, 87, 84, 97,
50, 84, 4, 37, 81, 83, 45, 71, 45, 80,
39, 88, 55, 63, 29, 99, 91, 19, 88, 80,
10, 89, 20, 9, 84, 93, 53, 38, 80, 3,
0]
[[3139, 1702, 243], [1172, 3778, 3924], [35, 1468, 3709], [2761, 1795, 1942], [910, 3560, 109], [1684, 1536, 2031], [662, 405, 18], [2371, 3001, 3141], [1262, 3198, 2998], [1078, 1741, 3652],
[336, 1807, 2281], [579, 2979, 2083], [1430, 3014, 3551], [1163, 2702, 2273], [3105, 540, 1856], [142, 2224, 320], [3077, 2886, 725], [3095, 2184, 3726], [3163, 374, 3852], [2184, 1452, 2520],
[2763, 1789, 350], [1972, 2368, 256], [78, 726, 3271], [556, 1889, 2900], [3733, 1017, 3440], [2516, 2063, 1687], [2836, 1163, 1501], [3562, 281, 3685], [238, 3444, 82], [1017, 2556, 2439],
[3537, 2246, 251], [3887, 241, 3523], [167, 319, 272], [365, 1779, 3065], [3265, 1535, 106], [3633, 75, 3073], [1343, 3815, 260], [2844, 327, 1445], [3457, 566, 1817], [3539, 1583, 396],
[2905, 2048, 2642], [3156, 1958, 2884], [3607, 3029, 130], [806, 321, 1910], [3872, 3587, 372], [905, 3243, 1351], [1, 1513, 1190], [261, 1285, 1517], [2611, 765, 2987], [451, 1231, 1498],
[847, 160, 3546], [416, 243, 2431], [227, 777, 2388], [358, 1584, 2709], [3172, 2383, 3223], [471, 3288, 3393], [1823, 216, 930], [3917, 1382, 3119], [2361, 16, 811], [2276, 467, 2946],
[3774, 2218, 33], [270, 2634, 277], [3605, 2862, 1958], [2016, 147, 469], [749, 246, 2852], [3972, 717, 3067], [316, 3444, 3284], [2150, 311, 1593], [1292, 2673, 1609], [3007, 1876, 2980],
[1976, 1673, 1221], [2010, 2847, 782], [3191, 2475, 571], [1172, 515, 1622], [2546, 2168, 1868], [1421, 3067, 3490], [1416, 3383, 2957], [723, 1556, 3269], [2316, 3752, 2869], [852, 2782, 768],
[3832, 782, 3345], [1980, 2792, 2215], [3666, 2910, 1617], [261, 1009, 3036], [1883, 3555, 1227], [679, 1000, 1222], [192, 3320, 628], [76, 66, 3089], [272, 3286, 2864], [68, 1065, 1670],
[836, 1824, 2452], [1108, 731, 2171], [250, 420, 1104], [1868, 681, 3017], [1831, 3469, 2596], [3963, 171, 523], [1208, 1267, 3843], [2740, 1343, 836], [1852, 2520, 1049], [740, 2588, 2114],
[2410, 352, 865]]
[[8, 6, 2, 1], [7, 5, 4, 8], [8, 5, 4, 6], [5, 10, 2, 8], [7, 7, 2, 9], [2, 4, 9, 5], [5, 2, 7, 7], [7, 5, 5, 5], [10, 5, 4, 4], [10, 8, 10, 7],
[0, 3, 3, 5], [3, 5, 1, 8], [0, 3, 6, 2], [5, 2, 5, 8], [5, 10, 4, 1], [3, 9, 4, 0], [2, 7, 2, 1], [4, 1, 9, 3], [4, 10, 8, 7], [2, 9, 2, 0],
[10, 9, 0, 2], [9, 5, 10, 1], [3, 4, 1, 4], [0, 3, 4, 2], [10, 6, 2, 2], [5, 9, 5, 9], [8, 2, 4, 8], [10, 6, 9, 7], [2, 9, 8, 1], [2, 7, 0, 3],
[9, 1, 7, 8], [5, 9, 8, 2], [2, 10, 4, 7], [6, 9, 3, 1], [10, 7, 10, 7], [3, 6, 1, 5], [4, 9, 4, 4], [4, 5, 7, 0], [4, 1, 8, 7], [8, 4, 8, 8],
[1, 1, 4, 8], [0, 6, 7, 8], [2, 6, 4, 3], [1, 5, 7, 4], [2, 0, 6, 6], [3, 1, 6, 6], [2, 2, 0, 9], [4, 8, 6, 5], [10, 9, 0, 8], [4, 8, 5, 6],
[1, 7, 8, 1], [10, 4, 3, 1], [4, 9, 5, 6], [10, 10, 1, 0], [10, 1, 9, 3], [8, 4, 8, 7], [0, 7, 2, 4], [4, 7, 9, 3], [1, 6, 4, 0], [10, 7, 0, 1],
[6, 5, 7, 3], [2, 6, 3, 1], [6, 1, 4, 3], [4, 0, 8, 4], [7, 10, 7, 9], [4, 5, 1, 5], [0, 4, 3, 8], [0, 1, 9, 4], [7, 4, 8, 9], [10, 9, 0, 3],
[9, 2, 4, 2], [2, 1, 4, 7], [9, 9, 5, 2], [3, 5, 5, 1], [9, 7, 9, 7], [8, 6, 1, 2], [10, 7, 10, 7], [5, 8, 9, 3], [10, 2, 3, 2], [4, 6, 9, 0],
[4, 2, 3, 6], [7, 6, 5, 3], [2, 4, 10, 9], [8, 9, 0, 5], [3, 8, 1, 9], [5, 10, 10, 5], [2, 1, 5, 4], [5, 1, 4, 7], [3, 5, 2, 8], [1, 8, 0, 1],
[10, 9, 8, 7], [5, 7, 10, 9], [4, 0, 5, 8], [9, 4, 2, 9], [3, 5, 2, 8], [6, 4, 3, 8], [10, 5, 3, 9], [0, 2, 8, 10], [0, 4, 4, 3], [0, 3, 1, 2],
[2, 6, 10, 0]]
[1, 0.05, 0.05, 0.05, 0.05, 0.05, 0.05, 0.05, 0.05, 0.05,
0.05, 0.05, 0.05, 0.05, 0.05, 0.05, 0.05, 0.05, 0.05, 0.05,
0.05, 0.0025, 0.0025, 0.0025, 0.0025, 0.0025, 0.0025, 0.0025, 0.0025, 0.0025,
0.0025, 0.0025, 0.0025, 0.0025, 0.0025, 0.0025, 0.0025, 0.0025, 0.0025, 0.0025,
0.0025, 0.000125, 0.000125, 0.000125, 0.000125, 0.000125, 0.000125, 0.000125, 0.000125, 0.000125,
0.000125, 0.000125, 0.000125, 0.000125, 0.000125, 0.000125, 0.000125, 0.000125, 0.000125, 0.000125,
0.000125, 6.25e-06, 6.25e-06, 6.25e-06, 6.25e-06, 6.25e-06, 6.25e-06, 6.25e-06, 6.25e-06, 6.25e-06,
6.25e-06, 6.25e-06, 6.25e-06, 6.25e-06, 6.25e-06, 6.25e-06, 6.25e-06, 6.25e-06, 6.25e-06, 6.25e-06,
6.25e-06, 3.125e-07, 3.125e-07, 3.125e-07, 3.125e-07, 3.125e-07, 3.125e-07, 3.125e-07, 3.125e-07, 3.125e-07,
3.125e-07, 3.125e-07, 3.125e-07, 3.125e-07, 3.125e-07, 3.125e-07, 3.125e-07, 3.125e-07, 3.125e-07, 3.125e-07,
3.125e-07]
[6, 5, 2, 3, 4, 4, 0, 8, 1, 5,
7, 0, 0, 7, 5, 5, 2, 4, 9, 2,
7, 3, 1, 4, 2, 4, 7, 0, 0, 1,
4, 0, 1, 6, 4, 7, 6, 3, 6, 1,
0, 1, 2, 9, 1, 3, 2, 5, 1, 8,
9, 3, 0, 4, 7, 1, 2, 8, 6, 3,
3, 3, 3, 2, 9, 5, 0, 7, 6, 3,
0, 2, 7, 2, 3, 2, 6, 5, 6, 7,
0, 8, 5, 5, 9, 7, 3, 5, 5, 7,
8, 8, 7, 6, 2, 4, 1, 6, 0, 0,
2]
------------------------------------------------------- 
# stage = 6	# children c = 20	length of each stage p = 1	nodes = 100	# items I = 1
