[25, 77, 27, 63, 81, 9, 85, 98, 90, 15,
6, 66, 17, 10, 88, 42, 94, 62, 23, 77,
77, 30, 84, 76, 98, 37, 22, 13, 75, 15,
91]
[[27, 1234, 219], [254, 1615, 822], [1549, 1149, 1628], [118, 437, 1628], [935, 222, 972], [1223, 507, 1626], [1415, 235, 269], [1584, 1193, 644], [669, 339, 1317], [768, 1397, 91],
[174, 1424, 1325], [393, 1391, 1301], [928, 1301, 524], [629, 1419, 961], [618, 427, 895], [1590, 1362, 1114], [1290, 1138, 1061], [1559, 1084, 615], [276, 1465, 954], [1593, 594, 713],
[1396, 480, 210], [795, 874, 1601], [169, 1514, 975], [693, 504, 467], [1366, 1123, 894], [622, 786, 617], [1449, 149, 117], [871, 1421, 913], [1487, 58, 739], [514, 1364, 1333],
[1227, 833, 174]]
[[4, 0, 6, 1], [3, 9, 4, 4], [8, 8, 5, 5], [9, 8, 5, 0], [9, 8, 4, 4], [1, 4, 7, 8], [10, 9, 6, 1], [6, 6, 0, 10], [7, 4, 10, 8], [0, 1, 0, 8],
[7, 5, 3, 5], [2, 6, 4, 10], [1, 8, 1, 2], [2, 6, 10, 10], [2, 5, 0, 8], [9, 9, 6, 5], [0, 5, 1, 0], [4, 1, 6, 0], [6, 9, 6, 6], [2, 10, 3, 3],
[7, 5, 3, 7], [0, 2, 6, 3], [5, 4, 9, 4], [0, 4, 7, 0], [7, 8, 9, 9], [7, 5, 10, 2], [1, 5, 7, 4], [2, 10, 5, 7], [4, 9, 4, 3], [0, 8, 6, 4],
[2, 2, 6, 0]]
[1, 0.1, 0.1, 0.1, 0.1, 0.1, 0.1, 0.1, 0.1, 0.1,
0.1, 0.01, 0.01, 0.01, 0.01, 0.01, 0.01, 0.01, 0.01, 0.01,
0.01, 0.001, 0.001, 0.001, 0.001, 0.001, 0.001, 0.001, 0.001, 0.001,
0.001]
[8, 8, 4, 1, 2, 1, 6, 0, 6, 7,
3, 6, 7, 3, 6, 8, 3, 8, 4, 5,
2, 0, 3, 6, 3, 6, 3, 5, 7, 0,
0]
------------------------------------------------------- 
# stage = 4	# children c = 10	length of each stage p = 1	nodes = 30	# items I = 1
