[50, 48, 19, 37, 90, 84, 67, 72, 92, 70,
28, 65, 100, 24, 35, 39, 57, 26, 63, 80,
49, 66, 17, 50, 23, 81, 66, 33, 22, 79,
92, 72, 93, 10, 8, 82, 61, 76, 19, 18,
11, 14, 49, 11, 38, 50, 16, 61, 76, 45,
6, 91, 78, 23, 41, 0, 71, 73, 100, 93,
17]
[[1892, 492, 1194], [1852, 927, 949], [1030, 676, 983], [1329, 1700, 1061], [109, 1108, 1606], [1731, 1618, 196], [94, 1852, 1097], [1341, 300, 1743], [1222, 847, 383], [1491, 1717, 1110],
[1222, 1713, 1498], [417, 1565, 530], [1366, 699, 1206], [349, 28, 907], [1410, 34, 119], [1120, 1765, 1633], [1316, 1755, 1485], [413, 1096, 1785], [260, 422, 737], [540, 1810, 454],
[1650, 1032, 167], [1253, 1449, 1732], [1679, 815, 431], [989, 1165, 459], [1792, 575, 493], [16, 1696, 259], [1545, 1116, 118], [1135, 1426, 1215], [1024, 1686, 1533], [1657, 226, 1343],
[215, 1877, 480], [382, 1130, 1825], [114, 913, 641], [545, 1798, 1702], [1005, 1695, 381], [1394, 1711, 181], [1549, 1256, 1194], [1668, 495, 724], [883, 1416, 410], [416, 1177, 637],
[1760, 1289, 514], [344, 1671, 1540], [169, 1786, 557], [810, 331, 459], [616, 1232, 258], [998, 731, 1865], [1075, 384, 1226], [269, 52, 1617], [993, 831, 1137], [1300, 1248, 315],
[1833, 1008, 1604], [451, 1248, 1275], [95, 1417, 1061], [548, 332, 1393], [1007, 844, 729], [1162, 1842, 1356], [1027, 918, 1637], [253, 1187, 1689], [1871, 181, 521], [1008, 1481, 1665],
[1219, 1418, 777]]
[[4, 8, 10, 9], [10, 1, 3, 2], [8, 7, 5, 10], [8, 1, 3, 4], [9, 6, 1, 3], [9, 1, 4, 0], [9, 10, 7, 1], [2, 2, 8, 6], [8, 7, 2, 8], [6, 6, 10, 4],
[0, 2, 3, 6], [3, 5, 9, 0], [0, 10, 3, 9], [9, 5, 8, 6], [2, 2, 7, 4], [3, 5, 8, 0], [10, 0, 8, 4], [4, 6, 8, 2], [6, 0, 9, 8], [3, 7, 8, 4],
[4, 9, 0, 2], [3, 8, 8, 5], [0, 3, 8, 1], [8, 3, 1, 5], [3, 8, 9, 5], [1, 4, 8, 7], [3, 4, 4, 6], [9, 10, 10, 2], [8, 9, 4, 0], [6, 0, 4, 4],
[3, 10, 5, 9], [2, 5, 1, 4], [2, 9, 9, 3], [2, 4, 10, 5], [6, 2, 10, 4], [1, 7, 6, 10], [5, 9, 8, 10], [7, 10, 1, 8], [9, 7, 6, 10], [10, 5, 3, 1],
[3, 10, 4, 4], [2, 1, 9, 8], [1, 8, 2, 3], [5, 6, 0, 8], [2, 6, 7, 9], [4, 9, 6, 2], [3, 10, 10, 2], [5, 2, 3, 6], [2, 5, 10, 4], [4, 7, 10, 6],
[2, 10, 7, 5], [6, 7, 3, 8], [0, 10, 5, 4], [6, 9, 5, 9], [9, 4, 9, 1], [7, 10, 7, 7], [4, 5, 9, 9], [1, 8, 2, 3], [8, 9, 9, 1], [3, 10, 7, 3],
[7, 10, 6, 3]]
[1, 0.05, 0.05, 0.05, 0.05, 0.05, 0.05, 0.05, 0.05, 0.05,
0.05, 0.05, 0.05, 0.05, 0.05, 0.05, 0.05, 0.05, 0.05, 0.05,
0.05, 0.0025, 0.0025, 0.0025, 0.0025, 0.0025, 0.0025, 0.0025, 0.0025, 0.0025,
0.0025, 0.0025, 0.0025, 0.0025, 0.0025, 0.0025, 0.0025, 0.0025, 0.0025, 0.0025,
0.0025, 0.000125, 0.000125, 0.000125, 0.000125, 0.000125, 0.000125, 0.000125, 0.000125, 0.000125,
0.000125, 0.000125, 0.000125, 0.000125, 0.000125, 0.000125, 0.000125, 0.000125, 0.000125, 0.000125,
0.000125]
[3, 3, 6, 6, 7, 7, 5, 7, 7, 6,
8, 4, 2, 2, 5, 9, 6, 0, 4, 7,
9, 3, 7, 4, 9, 6, 8, 0, 7, 3,
1, 0, 8, 1, 0, 5, 4, 6, 2, 1,
3, 0, 9, 5, 4, 0, 5, 6, 2, 8,
0, 5, 3, 3, 6, 9, 5, 2, 2, 4,
0]
------------------------------------------------------- 
# stage = 4	# children c = 20	length of each stage p = 1	nodes = 60	# items I = 1
