[71, 0, 42, 43, 90, 64, 9, 59, 99, 63,
33, 74, 20, 43, 45, 47, 59, 43, 76, 64,
66, 6, 85, 8, 44, 5, 5, 93, 98, 55,
70, 69, 21, 78, 11, 77, 41, 87, 36, 6,
49, 69, 46, 69, 11, 91, 82, 37, 100, 24,
67, 32, 97, 51, 40, 40, 23, 11, 99, 20,
32, 35, 55, 53, 12, 32, 30, 20, 85, 32,
26, 33, 67, 38, 69, 45, 28, 16, 82, 94,
40, 48, 25, 36, 66, 32, 43, 89, 9, 41,
75, 42, 76, 97, 95, 55, 95, 91, 75, 80,
89, 67, 79, 56, 4, 47, 0, 99, 64, 82,
58, 70, 96, 50, 6, 61, 82, 49, 15, 91,
56, 91, 99, 99, 53, 60, 19, 47, 16, 94,
93, 5, 26, 72, 61, 97, 18, 61, 61, 48,
8]
[[211, 451, 550], [108, 680, 89], [859, 955, 662], [161, 894, 846], [766, 503, 453], [44, 702, 19], [435, 702, 208], [50, 1004, 962], [54, 497, 150], [348, 957, 90],
[280, 153, 541], [831, 833, 206], [477, 677, 718], [696, 838, 155], [527, 146, 215], [538, 190, 474], [557, 626, 162], [765, 233, 723], [269, 288, 205], [420, 193, 147],
[67, 473, 872], [608, 861, 691], [371, 896, 353], [75, 577, 749], [802, 662, 895], [2, 185, 643], [477, 299, 826], [196, 621, 44], [919, 891, 904], [682, 868, 654],
[829, 935, 685], [687, 528, 88], [935, 899, 984], [845, 531, 104], [579, 890, 766], [17, 450, 508], [660, 484, 807], [471, 680, 413], [72, 141, 289], [534, 823, 714],
[745, 195, 634], [415, 439, 719], [504, 359, 161], [473, 189, 249], [577, 326, 125], [900, 915, 575], [393, 560, 44], [185, 588, 724], [156, 217, 422], [2, 308, 231],
[717, 39, 426], [908, 454, 422], [613, 958, 781], [331, 989, 527], [580, 108, 410], [705, 1009, 310], [837, 959, 427], [881, 702, 572], [147, 858, 790], [127, 417, 83],
[358, 691, 122], [341, 585, 577], [763, 755, 77], [86, 71, 51], [170, 208, 732], [581, 914, 726], [891, 293, 670], [876, 732, 357], [433, 436, 772], [208, 563, 175],
[864, 921, 423], [986, 819, 1008], [105, 124, 305], [183, 782, 376], [806, 953, 585], [523, 519, 41], [806, 967, 334], [19, 828, 51], [948, 247, 488], [263, 12, 608],
[1010, 876, 72], [418, 848, 891], [412, 510, 573], [717, 693, 340], [651, 42, 278], [793, 122, 797], [834, 929, 750], [725, 505, 563], [334, 438, 367], [379, 701, 380],
[987, 253, 241], [44, 672, 646], [493, 69, 142], [51, 343, 835], [391, 551, 434], [227, 329, 557], [9, 148, 28], [316, 431, 533], [437, 765, 528], [361, 701, 787],
[741, 673, 25], [983, 275, 697], [614, 768, 323], [313, 376, 667], [134, 324, 203], [125, 551, 533], [682, 118, 238], [710, 1006, 226], [800, 428, 548], [314, 790, 234],
[86, 73, 908], [111, 613, 168], [366, 785, 493], [689, 83, 869], [341, 789, 178], [102, 915, 287], [192, 139, 405], [1002, 407, 396], [214, 192, 382], [762, 63, 729],
[997, 149, 802], [447, 833, 401], [172, 184, 171], [665, 430, 254], [76, 329, 29], [254, 431, 501], [541, 623, 640], [503, 610, 32], [457, 381, 797], [839, 129, 860],
[553, 683, 567], [912, 115, 957], [298, 287, 698], [26, 509, 113], [853, 585, 442], [439, 396, 873], [940, 495, 38], [122, 998, 206], [727, 440, 587], [509, 836, 273],
[926, 946, 956]]
[[5, 1, 4, 4], [2, 0, 10, 10], [9, 4, 5, 7], [8, 3, 1, 0], [8, 1, 8, 7], [3, 1, 4, 0], [2, 5, 10, 3], [1, 1, 3, 7], [2, 7, 9, 2], [7, 9, 10, 4],
[0, 5, 0, 6], [6, 0, 7, 4], [1, 4, 0, 4], [5, 3, 5, 7], [8, 4, 8, 10], [3, 0, 4, 6], [5, 2, 6, 2], [9, 6, 4, 7], [9, 4, 3, 4], [4, 10, 6, 3],
[1, 7, 8, 6], [10, 0, 0, 7], [2, 6, 4, 5], [4, 8, 9, 9], [0, 5, 9, 7], [9, 2, 4, 5], [5, 7, 7, 7], [4, 3, 0, 5], [8, 6, 9, 7], [6, 9, 1, 8],
[2, 6, 0, 6], [3, 10, 2, 1], [2, 1, 9, 9], [3, 0, 3, 8], [5, 10, 5, 9], [0, 3, 3, 8], [9, 10, 2, 4], [8, 2, 10, 10], [6, 8, 3, 9], [7, 5, 9, 7],
[6, 5, 5, 8], [5, 8, 3, 10], [6, 6, 6, 4], [9, 7, 2, 7], [6, 2, 0, 1], [2, 8, 0, 8], [6, 1, 7, 0], [4, 3, 8, 0], [8, 2, 6, 0], [9, 9, 8, 2],
[5, 1, 6, 3], [8, 6, 9, 3], [9, 7, 4, 0], [5, 2, 9, 9], [1, 3, 9, 5], [4, 4, 3, 10], [5, 9, 8, 1], [6, 5, 3, 9], [6, 9, 10, 1], [5, 8, 4, 1],
[5, 6, 10, 8], [8, 6, 6, 7], [7, 2, 1, 0], [5, 5, 10, 10], [1, 7, 9, 7], [10, 1, 5, 3], [10, 3, 4, 2], [0, 8, 1, 3], [1, 1, 0, 7], [7, 4, 3, 4],
[5, 5, 2, 10], [8, 2, 7, 9], [7, 5, 6, 5], [6, 9, 8, 3], [1, 2, 4, 0], [8, 5, 3, 10], [4, 4, 6, 1], [6, 8, 3, 0], [2, 5, 8, 10], [5, 4, 8, 0],
[7, 1, 5, 2], [9, 2, 4, 10], [2, 8, 10, 0], [0, 1, 8, 5], [3, 1, 4, 9], [9, 5, 8, 9], [8, 5, 8, 1], [8, 4, 1, 4], [3, 4, 7, 1], [4, 9, 1, 7],
[4, 9, 5, 4], [10, 0, 7, 2], [1, 0, 10, 9], [3, 7, 7, 1], [1, 3, 2, 9], [7, 1, 1, 10], [5, 8, 10, 9], [4, 9, 3, 8], [5, 8, 10, 5], [8, 7, 5, 8],
[5, 2, 6, 7], [9, 2, 8, 9], [5, 8, 5, 10], [9, 6, 8, 1], [1, 7, 8, 5], [5, 1, 0, 10], [7, 0, 2, 3], [5, 6, 0, 8], [8, 6, 4, 7], [6, 1, 3, 1],
[7, 8, 0, 5], [2, 6, 4, 3], [2, 2, 7, 5], [1, 7, 5, 8], [7, 5, 0, 10], [0, 0, 8, 9], [4, 1, 3, 0], [3, 6, 10, 10], [1, 8, 3, 3], [4, 5, 5, 6],
[7, 1, 10, 8], [6, 4, 4, 1], [9, 4, 0, 8], [3, 8, 4, 5], [10, 7, 5, 0], [0, 2, 8, 10], [9, 9, 1, 2], [4, 4, 6, 0], [5, 5, 7, 0], [7, 0, 1, 4],
[2, 0, 1, 5], [8, 5, 9, 5], [10, 1, 5, 8], [4, 3, 7, 2], [1, 6, 2, 5], [10, 8, 4, 2], [1, 9, 3, 8], [9, 2, 1, 9], [2, 0, 2, 9], [3, 0, 3, 0],
[1, 9, 8, 5]]
[1, 0.05, 0.05, 0.05, 0.05, 0.05, 0.05, 0.05, 0.05, 0.05,
0.05, 0.05, 0.05, 0.05, 0.05, 0.05, 0.05, 0.05, 0.05, 0.05,
0.05, 0.0025, 0.0025, 0.0025, 0.0025, 0.0025, 0.0025, 0.0025, 0.0025, 0.0025,
0.0025, 0.0025, 0.0025, 0.0025, 0.0025, 0.0025, 0.0025, 0.0025, 0.0025, 0.0025,
0.0025, 0.000125, 0.000125, 0.000125, 0.000125, 0.000125, 0.000125, 0.000125, 0.000125, 0.000125,
0.000125, 0.000125, 0.000125, 0.000125, 0.000125, 0.000125, 0.000125, 0.000125, 0.000125, 0.000125,
0.000125, 6.25e-06, 6.25e-06, 6.25e-06, 6.25e-06, 6.25e-06, 6.25e-06, 6.25e-06, 6.25e-06, 6.25e-06,
6.25e-06, 6.25e-06, 6.25e-06, 6.25e-06, 6.25e-06, 6.25e-06, 6.25e-06, 6.25e-06, 6.25e-06, 6.25e-06,
6.25e-06, 3.125e-07, 3.125e-07, 3.125e-07, 3.125e-07, 3.125e-07, 3.125e-07, 3.125e-07, 3.125e-07, 3.125e-07,
3.125e-07, 3.125e-07, 3.125e-07, 3.125e-07, 3.125e-07, 3.125e-07, 3.125e-07, 3.125e-07, 3.125e-07, 3.125e-07,
3.125e-07, 1.5625e-08, 1.5625e-08, 1.5625e-08, 1.5625e-08, 1.5625e-08, 1.5625e-08, 1.5625e-08, 1.5625e-08, 1.5625e-08,
1.5625e-08, 1.5625e-08, 1.5625e-08, 1.5625e-08, 1.5625e-08, 1.5625e-08, 1.5625e-08, 1.5625e-08, 1.5625e-08, 1.5625e-08,
1.5625e-08, 7.8125e-10, 7.8125e-10, 7.8125e-10, 7.8125e-10, 7.8125e-10, 7.8125e-10, 7.8125e-10, 7.8125e-10, 7.8125e-10,
7.8125e-10, 7.8125e-10, 7.8125e-10, 7.8125e-10, 7.8125e-10, 7.8125e-10, 7.8125e-10, 7.8125e-10, 7.8125e-10, 7.8125e-10,
7.8125e-10]
[5, 10, 4, 10, 9, 10, 2, 10, 5, 10,
5, 2, 10, 9, 4, 1, 2, 10, 7, 5,
9, 6, 10, 10, 4, 6, 5, 0, 2, 10,
3, 2, 8, 2, 7, 8, 8, 0, 6, 7,
5, 6, 9, 1, 0, 2, 7, 8, 4, 6,
0, 1, 3, 1, 8, 5, 10, 0, 2, 5,
10, 3, 8, 8, 6, 8, 2, 0, 7, 0,
9, 6, 2, 1, 6, 3, 10, 9, 4, 6,
7, 4, 8, 2, 4, 8, 5, 8, 7, 8,
1, 4, 7, 7, 8, 9, 1, 1, 2, 3,
3, 7, 1, 1, 9, 8, 7, 0, 2, 2,
6, 2, 9, 4, 4, 5, 3, 1, 1, 10,
9, 9, 5, 7, 2, 4, 5, 2, 6, 3,
9, 5, 7, 3, 6, 5, 3, 5, 0, 4,
6]
------------------------------------------------------- 
# stage = 8	# children c = 20	length of each stage p = 1	nodes = 140	# items I = 1
