[12, 91, 58, 79, 33, 96, 87, 48, 61, 71,
3, 37, 41, 38, 3, 34, 7, 91, 83, 98,
92, 9, 32, 26, 15, 77, 8, 44, 36, 94,
78, 48, 50, 36, 94, 83, 31, 80, 97, 58,
17, 66, 96, 58, 3, 65, 59, 77, 22, 7,
41, 13, 16, 73, 40, 32, 49, 48, 42, 52,
7, 20, 100, 23, 56, 93, 5, 53, 39, 68,
78, 56, 33, 73, 80, 3, 3, 38, 80, 25,
46]
[[657, 418, 523], [416, 615, 1087], [650, 71, 445], [365, 112, 893], [338, 554, 275], [212, 1079, 581], [754, 765, 1064], [528, 184, 848], [455, 980, 89], [631, 629, 621],
[964, 189, 1039], [651, 606, 818], [902, 420, 53], [511, 1046, 426], [308, 287, 980], [844, 499, 962], [328, 417, 892], [296, 110, 240], [47, 565, 384], [398, 360, 1013],
[1019, 488, 106], [125, 43, 973], [108, 109, 296], [161, 621, 245], [849, 93, 793], [732, 937, 457], [859, 169, 38], [915, 465, 148], [319, 512, 974], [703, 910, 238],
[620, 1093, 987], [987, 122, 194], [863, 230, 304], [323, 652, 89], [829, 404, 182], [786, 301, 22], [407, 324, 452], [446, 142, 917], [855, 722, 594], [994, 328, 407],
[396, 112, 404], [286, 2, 787], [481, 29, 181], [1046, 352, 833], [299, 345, 402], [481, 35, 964], [764, 442, 191], [381, 52, 594], [201, 72, 219], [795, 1066, 547],
[367, 626, 660], [771, 912, 923], [722, 557, 953], [903, 506, 469], [900, 805, 815], [466, 450, 14], [333, 379, 717], [524, 760, 770], [21, 961, 6], [240, 921, 236],
[1049, 191, 862], [873, 126, 677], [699, 848, 399], [555, 915, 905], [1025, 979, 875], [743, 610, 228], [1018, 943, 607], [638, 632, 270], [572, 914, 396], [578, 319, 220],
[814, 532, 672], [840, 308, 798], [682, 1007, 810], [1081, 466, 889], [889, 655, 1032], [928, 301, 545], [60, 483, 653], [928, 24, 449], [363, 597, 266], [759, 339, 846],
[143, 318, 281]]
[[10, 5, 4, 5], [6, 10, 1, 6], [3, 5, 2, 6], [10, 1, 4, 0], [5, 7, 2, 2], [8, 3, 1, 3], [3, 0, 10, 6], [9, 10, 2, 7], [4, 7, 1, 8], [4, 2, 2, 7],
[8, 4, 0, 5], [5, 4, 3, 8], [10, 6, 0, 7], [7, 1, 0, 10], [10, 8, 4, 8], [5, 6, 2, 10], [2, 3, 5, 5], [4, 7, 1, 10], [0, 2, 2, 4], [4, 5, 1, 3],
[9, 1, 0, 6], [0, 9, 3, 8], [4, 7, 4, 9], [3, 6, 6, 3], [10, 1, 6, 1], [6, 8, 0, 5], [8, 2, 9, 10], [5, 8, 3, 2], [10, 1, 6, 8], [8, 9, 6, 1],
[4, 10, 8, 5], [5, 2, 6, 2], [3, 2, 3, 7], [8, 1, 1, 3], [1, 8, 2, 5], [6, 5, 7, 3], [4, 2, 9, 1], [9, 4, 0, 0], [1, 9, 5, 7], [0, 10, 7, 1],
[1, 9, 6, 9], [10, 6, 1, 1], [3, 1, 6, 7], [5, 0, 8, 9], [0, 7, 0, 7], [9, 9, 8, 0], [5, 0, 5, 5], [10, 1, 4, 0], [10, 0, 7, 10], [4, 6, 9, 5],
[8, 2, 2, 2], [0, 8, 9, 0], [2, 7, 7, 1], [6, 2, 1, 0], [1, 4, 4, 0], [5, 6, 10, 5], [4, 4, 2, 8], [0, 9, 3, 6], [9, 3, 6, 9], [9, 4, 9, 1],
[10, 3, 2, 3], [6, 1, 3, 7], [5, 5, 5, 8], [1, 2, 0, 5], [7, 2, 3, 5], [9, 4, 0, 7], [5, 4, 5, 3], [6, 1, 4, 5], [5, 4, 8, 9], [5, 10, 3, 8],
[4, 8, 6, 5], [9, 6, 9, 5], [7, 10, 10, 3], [3, 8, 0, 8], [1, 3, 0, 7], [5, 3, 2, 10], [7, 8, 6, 0], [7, 9, 6, 1], [4, 10, 4, 2], [6, 2, 5, 0],
[10, 4, 3, 0]]
[1, 0.05, 0.05, 0.05, 0.05, 0.05, 0.05, 0.05, 0.05, 0.05,
0.05, 0.05, 0.05, 0.05, 0.05, 0.05, 0.05, 0.05, 0.05, 0.05,
0.05, 0.0025, 0.0025, 0.0025, 0.0025, 0.0025, 0.0025, 0.0025, 0.0025, 0.0025,
0.0025, 0.0025, 0.0025, 0.0025, 0.0025, 0.0025, 0.0025, 0.0025, 0.0025, 0.0025,
0.0025, 0.000125, 0.000125, 0.000125, 0.000125, 0.000125, 0.000125, 0.000125, 0.000125, 0.000125,
0.000125, 0.000125, 0.000125, 0.000125, 0.000125, 0.000125, 0.000125, 0.000125, 0.000125, 0.000125,
0.000125, 6.25e-06, 6.25e-06, 6.25e-06, 6.25e-06, 6.25e-06, 6.25e-06, 6.25e-06, 6.25e-06, 6.25e-06,
6.25e-06, 6.25e-06, 6.25e-06, 6.25e-06, 6.25e-06, 6.25e-06, 6.25e-06, 6.25e-06, 6.25e-06, 6.25e-06,
6.25e-06]
[9, 0, 0, 7, 4, 4, 8, 3, 6, 5,
10, 5, 8, 8, 4, 2, 7, 9, 7, 2,
1, 6, 6, 7, 1, 7, 6, 2, 4, 4,
0, 10, 4, 10, 10, 7, 3, 10, 8, 6,
4, 8, 1, 3, 7, 2, 8, 0, 4, 9,
10, 3, 5, 8, 6, 10, 3, 8, 3, 7,
5, 2, 6, 2, 2, 0, 5, 3, 3, 10,
2, 4, 1, 7, 1, 9, 8, 4, 3, 1,
4]
------------------------------------------------------- 
# stage = 5	# children c = 20	length of each stage p = 1	nodes = 80	# items I = 1
