[61, 36, 36, 33, 2, 52, 19, 26, 15, 12,
67, 91, 47, 88, 29, 5, 47, 99, 40, 48,
69, 5, 58, 83, 52, 99, 45, 44, 52, 48,
69, 79, 50, 4, 11, 18, 56, 97, 45, 37,
76, 78, 28, 22, 65, 57, 27, 78, 21, 67,
26, 90, 38, 84, 72, 56, 48, 83, 66, 100,
97]
[[11, 379, 1032], [741, 221, 54], [556, 588, 908], [302, 270, 867], [485, 785, 848], [472, 321, 205], [953, 497, 820], [119, 250, 36], [59, 444, 789], [886, 184, 652],
[444, 195, 482], [927, 388, 704], [982, 944, 743], [821, 177, 1014], [70, 113, 181], [918, 585, 502], [575, 990, 450], [846, 40, 701], [333, 619, 76], [573, 436, 780],
[157, 331, 426], [90, 190, 814], [245, 623, 141], [989, 895, 838], [385, 416, 952], [566, 785, 988], [519, 291, 909], [421, 589, 401], [53, 922, 1020], [649, 427, 908],
[360, 35, 170], [786, 645, 880], [1052, 891, 954], [124, 811, 780], [962, 647, 127], [296, 144, 364], [216, 114, 655], [576, 535, 695], [977, 39, 549], [929, 688, 427],
[768, 499, 982], [389, 737, 558], [201, 720, 380], [86, 295, 642], [318, 708, 740], [965, 1005, 884], [260, 672, 450], [367, 699, 985], [1062, 608, 1025], [1062, 988, 95],
[420, 138, 595], [853, 1047, 263], [343, 699, 434], [174, 237, 180], [268, 555, 888], [1008, 451, 275], [275, 163, 398], [725, 530, 29], [92, 1043, 88], [568, 1037, 7],
[664, 908, 665]]
[[5, 6, 8, 3], [0, 6, 10, 10], [5, 1, 9, 0], [5, 6, 10, 8], [10, 7, 10, 8], [7, 8, 5, 8], [7, 2, 5, 0], [1, 3, 8, 7], [10, 5, 8, 8], [10, 5, 7, 2],
[4, 4, 3, 9], [10, 0, 4, 9], [7, 3, 6, 4], [0, 10, 10, 6], [10, 5, 6, 0], [8, 3, 5, 5], [7, 2, 0, 4], [6, 8, 6, 10], [1, 7, 9, 9], [7, 2, 5, 2],
[4, 10, 4, 4], [7, 3, 8, 6], [8, 3, 4, 4], [5, 10, 9, 10], [10, 8, 3, 5], [5, 7, 5, 4], [2, 1, 0, 9], [1, 3, 9, 5], [2, 2, 8, 7], [6, 5, 2, 1],
[7, 5, 3, 1], [4, 0, 9, 1], [8, 1, 5, 0], [6, 8, 4, 8], [9, 2, 5, 10], [5, 3, 3, 6], [6, 0, 2, 10], [3, 3, 9, 10], [8, 2, 9, 10], [2, 7, 0, 10],
[6, 5, 8, 0], [2, 1, 8, 9], [1, 2, 7, 6], [4, 10, 10, 10], [10, 2, 7, 0], [5, 5, 0, 0], [5, 9, 10, 7], [4, 10, 4, 10], [3, 10, 10, 3], [0, 6, 2, 10],
[6, 9, 4, 10], [8, 3, 7, 5], [5, 3, 5, 8], [7, 3, 6, 1], [0, 5, 7, 4], [3, 9, 1, 6], [9, 1, 7, 7], [5, 9, 7, 0], [5, 0, 0, 0], [1, 7, 3, 5],
[9, 7, 2, 5]]
[1, 0.05, 0.05, 0.05, 0.05, 0.05, 0.05, 0.05, 0.05, 0.05,
0.05, 0.05, 0.05, 0.05, 0.05, 0.05, 0.05, 0.05, 0.05, 0.05,
0.05, 0.0025, 0.0025, 0.0025, 0.0025, 0.0025, 0.0025, 0.0025, 0.0025, 0.0025,
0.0025, 0.0025, 0.0025, 0.0025, 0.0025, 0.0025, 0.0025, 0.0025, 0.0025, 0.0025,
0.0025, 0.000125, 0.000125, 0.000125, 0.000125, 0.000125, 0.000125, 0.000125, 0.000125, 0.000125,
0.000125, 0.000125, 0.000125, 0.000125, 0.000125, 0.000125, 0.000125, 0.000125, 0.000125, 0.000125,
0.000125]
[12, 15, 13, 18, 12, 12, 11, 20, 21, 3,
7, 1, 0, 2, 6, 21, 8, 20, 0, 21,
13, 3, 0, 11, 17, 18, 12, 14, 11, 20,
13, 10, 5, 16, 2, 17, 2, 12, 16, 20,
16, 13, 8, 16, 18, 14, 5, 4, 11, 15,
9, 1, 4, 9, 12, 7, 1, 8, 2, 5,
12]
------------------------------------------------------- 
# stage = 4	# children c = 20	length of each stage p = 1	nodes = 60	# items I = 1
