[37, 42, 34, 52, 60, 10, 88, 98, 70, 37,
35, 61, 70, 2, 97, 27, 57, 78, 14, 78,
12, 42, 92, 81, 98, 12, 51, 33, 51, 42,
34, 88, 50, 35, 39, 9, 45, 26, 74, 15,
29, 8, 76, 99, 77, 39, 93, 0, 83, 73,
78, 95, 82, 35, 41, 79, 14, 93, 78, 65,
34, 11, 52, 51, 46, 57, 26, 92, 49, 100,
73, 79, 75, 14, 43, 51, 19, 35, 17, 2,
8, 62, 63, 90, 63, 4, 34, 77, 97, 11,
7, 97, 89, 59, 47, 35, 82, 74, 93, 31,
39, 31, 9, 13, 11, 52, 31, 98, 54, 48,
66, 62, 76, 28, 17, 39, 32, 17, 15, 95,
95, 23, 92, 83, 48, 38, 84, 30, 78, 42,
61, 84, 39, 36, 63, 51, 54, 94, 14, 7,
8]
[[708, 468, 187], [30, 950, 239], [998, 52, 1030], [946, 974, 47], [154, 590, 486], [814, 904, 657], [126, 337, 340], [830, 277, 422], [478, 759, 226], [1004, 924, 438],
[668, 545, 877], [826, 575, 740], [6, 515, 763], [1008, 373, 678], [1026, 498, 209], [453, 253, 55], [23, 379, 363], [334, 122, 641], [727, 600, 341], [953, 545, 177],
[332, 125, 722], [151, 952, 210], [891, 929, 696], [595, 878, 10], [185, 817, 508], [395, 182, 733], [421, 205, 24], [784, 510, 146], [366, 178, 746], [678, 44, 203],
[827, 376, 329], [490, 498, 193], [671, 301, 63], [308, 867, 913], [289, 1053, 671], [769, 389, 853], [443, 810, 1030], [467, 506, 452], [614, 844, 631], [301, 463, 646],
[476, 202, 1022], [805, 664, 433], [998, 276, 734], [2, 585, 514], [886, 874, 508], [498, 584, 868], [293, 998, 619], [235, 407, 37], [687, 992, 881], [230, 205, 257],
[876, 681, 459], [811, 398, 64], [185, 337, 341], [890, 311, 897], [345, 138, 683], [824, 608, 180], [633, 872, 119], [164, 48, 497], [202, 706, 430], [24, 937, 636],
[281, 754, 229], [741, 477, 628], [776, 633, 936], [29, 436, 188], [897, 781, 298], [522, 547, 877], [673, 121, 690], [792, 257, 709], [202, 459, 356], [603, 483, 234],
[151, 736, 960], [381, 418, 349], [1009, 106, 983], [886, 136, 360], [1046, 1033, 53], [256, 467, 571], [74, 81, 664], [735, 845, 921], [385, 1018, 321], [741, 562, 775],
[947, 714, 452], [819, 36, 841], [109, 1016, 948], [4, 814, 1055], [364, 801, 1029], [389, 1028, 409], [960, 43, 461], [565, 778, 247], [398, 75, 206], [719, 817, 769],
[436, 676, 395], [888, 436, 431], [671, 545, 359], [531, 550, 114], [527, 885, 887], [468, 215, 827], [848, 88, 871], [251, 653, 561], [469, 1052, 637], [676, 683, 366],
[357, 31, 1042], [723, 920, 419], [95, 503, 935], [425, 1005, 397], [510, 444, 195], [309, 912, 410], [78, 702, 469], [949, 924, 64], [422, 334, 28], [0, 981, 682],
[366, 279, 714], [320, 1002, 546], [739, 9, 1020], [587, 405, 966], [955, 916, 351], [91, 166, 175], [473, 244, 848], [942, 105, 713], [977, 528, 1048], [1005, 499, 941],
[600, 837, 162], [255, 98, 76], [801, 838, 57], [733, 337, 433], [640, 233, 290], [962, 325, 428], [49, 798, 643], [898, 652, 720], [523, 571, 189], [483, 488, 659],
[366, 29, 437], [499, 255, 536], [546, 1027, 286], [603, 701, 623], [1008, 253, 827], [239, 127, 64], [638, 177, 833], [223, 1046, 427], [914, 510, 998], [44, 965, 427],
[674, 272, 457]]
[[9, 5, 0, 8], [5, 9, 10, 1], [2, 6, 7, 5], [8, 10, 2, 3], [2, 2, 6, 4], [0, 5, 6, 10], [7, 2, 0, 5], [10, 5, 5, 8], [0, 4, 6, 3], [0, 3, 5, 2],
[7, 10, 7, 5], [7, 8, 8, 10], [10, 3, 1, 9], [9, 7, 8, 3], [10, 6, 6, 9], [1, 1, 7, 10], [5, 0, 2, 3], [3, 5, 6, 10], [3, 0, 4, 10], [6, 1, 9, 4],
[3, 8, 2, 10], [5, 10, 2, 2], [4, 6, 9, 3], [7, 3, 2, 10], [3, 2, 3, 6], [6, 7, 4, 9], [5, 6, 8, 10], [8, 5, 3, 9], [2, 5, 8, 5], [2, 8, 7, 4],
[3, 6, 7, 9], [7, 7, 8, 0], [8, 9, 4, 3], [3, 8, 1, 7], [4, 7, 6, 10], [1, 9, 8, 2], [1, 3, 7, 1], [0, 2, 6, 3], [6, 2, 10, 2], [8, 6, 0, 5],
[2, 5, 6, 6], [2, 5, 0, 4], [1, 6, 1, 1], [2, 7, 3, 3], [10, 8, 4, 8], [8, 8, 10, 1], [9, 9, 4, 6], [4, 4, 9, 7], [7, 4, 0, 8], [9, 0, 1, 8],
[6, 1, 9, 8], [8, 10, 9, 6], [6, 0, 3, 3], [9, 2, 3, 5], [1, 5, 9, 3], [9, 7, 10, 4], [9, 8, 1, 7], [8, 0, 4, 3], [1, 1, 9, 8], [9, 7, 3, 4],
[8, 4, 6, 4], [7, 9, 9, 6], [3, 5, 9, 10], [1, 7, 3, 10], [4, 2, 4, 0], [3, 6, 3, 2], [5, 0, 10, 4], [7, 0, 8, 2], [5, 3, 4, 1], [10, 0, 5, 2],
[5, 1, 2, 4], [6, 3, 1, 0], [6, 5, 9, 7], [10, 1, 9, 4], [10, 9, 8, 5], [7, 4, 5, 1], [5, 10, 2, 5], [8, 5, 7, 3], [7, 7, 7, 2], [9, 9, 0, 4],
[1, 9, 0, 0], [9, 7, 3, 6], [3, 9, 0, 0], [2, 6, 1, 8], [3, 2, 0, 0], [7, 5, 1, 1], [2, 9, 4, 9], [5, 2, 2, 4], [10, 0, 3, 6], [5, 4, 1, 9],
[2, 2, 9, 5], [8, 8, 0, 0], [10, 9, 0, 5], [3, 2, 6, 3], [9, 8, 1, 1], [0, 1, 3, 10], [1, 4, 3, 7], [8, 4, 3, 0], [6, 1, 3, 1], [7, 1, 1, 7],
[10, 0, 1, 2], [0, 7, 6, 7], [5, 5, 6, 3], [7, 9, 0, 6], [3, 3, 0, 0], [7, 3, 9, 3], [2, 1, 4, 10], [0, 4, 4, 10], [2, 5, 0, 2], [10, 4, 9, 2],
[9, 2, 3, 3], [0, 3, 10, 1], [4, 10, 0, 1], [1, 7, 2, 1], [7, 4, 0, 7], [6, 2, 7, 8], [5, 5, 10, 5], [9, 6, 5, 5], [6, 9, 9, 7], [10, 6, 6, 4],
[3, 4, 3, 4], [1, 5, 6, 8], [7, 4, 4, 3], [7, 9, 0, 1], [1, 9, 4, 8], [2, 8, 3, 9], [4, 10, 3, 1], [5, 9, 5, 8], [1, 6, 0, 2], [9, 6, 8, 6],
[8, 10, 9, 2], [7, 7, 4, 8], [5, 6, 4, 8], [1, 7, 6, 3], [4, 7, 5, 9], [5, 8, 4, 4], [4, 4, 4, 2], [8, 1, 6, 4], [10, 4, 6, 6], [10, 8, 1, 2],
[4, 3, 10, 3]]
[1, 0.05, 0.05, 0.05, 0.05, 0.05, 0.05, 0.05, 0.05, 0.05,
0.05, 0.05, 0.05, 0.05, 0.05, 0.05, 0.05, 0.05, 0.05, 0.05,
0.05, 0.0025, 0.0025, 0.0025, 0.0025, 0.0025, 0.0025, 0.0025, 0.0025, 0.0025,
0.0025, 0.0025, 0.0025, 0.0025, 0.0025, 0.0025, 0.0025, 0.0025, 0.0025, 0.0025,
0.0025, 0.000125, 0.000125, 0.000125, 0.000125, 0.000125, 0.000125, 0.000125, 0.000125, 0.000125,
0.000125, 0.000125, 0.000125, 0.000125, 0.000125, 0.000125, 0.000125, 0.000125, 0.000125, 0.000125,
0.000125, 6.25e-06, 6.25e-06, 6.25e-06, 6.25e-06, 6.25e-06, 6.25e-06, 6.25e-06, 6.25e-06, 6.25e-06,
6.25e-06, 6.25e-06, 6.25e-06, 6.25e-06, 6.25e-06, 6.25e-06, 6.25e-06, 6.25e-06, 6.25e-06, 6.25e-06,
6.25e-06, 3.125e-07, 3.125e-07, 3.125e-07, 3.125e-07, 3.125e-07, 3.125e-07, 3.125e-07, 3.125e-07, 3.125e-07,
3.125e-07, 3.125e-07, 3.125e-07, 3.125e-07, 3.125e-07, 3.125e-07, 3.125e-07, 3.125e-07, 3.125e-07, 3.125e-07,
3.125e-07, 1.5625e-08, 1.5625e-08, 1.5625e-08, 1.5625e-08, 1.5625e-08, 1.5625e-08, 1.5625e-08, 1.5625e-08, 1.5625e-08,
1.5625e-08, 1.5625e-08, 1.5625e-08, 1.5625e-08, 1.5625e-08, 1.5625e-08, 1.5625e-08, 1.5625e-08, 1.5625e-08, 1.5625e-08,
1.5625e-08, 7.8125e-10, 7.8125e-10, 7.8125e-10, 7.8125e-10, 7.8125e-10, 7.8125e-10, 7.8125e-10, 7.8125e-10, 7.8125e-10,
7.8125e-10, 7.8125e-10, 7.8125e-10, 7.8125e-10, 7.8125e-10, 7.8125e-10, 7.8125e-10, 7.8125e-10, 7.8125e-10, 7.8125e-10,
7.8125e-10]
[1, 1, 8, 9, 10, 6, 10, 0, 1, 3,
5, 9, 10, 0, 3, 9, 5, 9, 6, 7,
4, 1, 3, 2, 3, 5, 0, 4, 2, 0,
0, 3, 3, 4, 9, 2, 9, 5, 2, 5,
8, 0, 1, 3, 5, 5, 7, 9, 8, 10,
10, 6, 1, 7, 3, 5, 9, 4, 6, 1,
6, 3, 10, 3, 3, 9, 8, 9, 9, 9,
4, 8, 5, 2, 6, 9, 5, 2, 3, 7,
3, 9, 7, 8, 0, 4, 8, 5, 0, 2,
5, 5, 1, 1, 9, 9, 2, 1, 0, 10,
3, 0, 2, 2, 10, 4, 0, 2, 4, 2,
9, 3, 4, 5, 9, 2, 5, 1, 7, 5,
1, 8, 6, 1, 10, 9, 2, 7, 1, 9,
4, 1, 2, 2, 0, 2, 4, 1, 6, 4,
2]
------------------------------------------------------- 
# stage = 8	# children c = 20	length of each stage p = 1	nodes = 140	# items I = 1
