[26, 0, 98, 30, 20, 5, 61, 10, 30, 66,
59, 59, 72, 85, 63, 9, 36, 81, 92, 40,
82, 62, 38, 5, 86, 69, 3, 44, 89, 93,
78, 15, 59, 75, 11, 79, 46, 72, 89, 42,
38, 47, 0, 76, 98, 63, 85, 100, 43, 76,
39, 91, 3, 78, 63, 89, 12, 66, 32, 1,
24]
[[41, 31, 370], [437, 524, 296], [292, 34, 448], [809, 52, 858], [748, 68, 276], [692, 833, 888], [671, 924, 766], [721, 806, 123], [75, 903, 729], [257, 947, 156],
[653, 678, 878], [23, 114, 91], [319, 406, 125], [767, 905, 869], [315, 653, 627], [281, 34, 149], [168, 705, 72], [624, 425, 568], [748, 190, 470], [476, 137, 106],
[322, 791, 784], [890, 504, 588], [981, 513, 684], [797, 970, 589], [665, 284, 241], [291, 255, 275], [130, 113, 671], [893, 738, 786], [460, 485, 977], [930, 651, 804],
[36, 663, 284], [510, 552, 788], [98, 532, 300], [782, 328, 961], [370, 683, 935], [611, 664, 190], [577, 794, 303], [247, 686, 731], [32, 145, 215], [699, 766, 556],
[503, 492, 218], [787, 1, 770], [265, 99, 302], [255, 572, 320], [215, 942, 3], [150, 243, 667], [340, 820, 151], [333, 757, 837], [64, 789, 673], [970, 178, 438],
[526, 371, 620], [744, 157, 621], [204, 112, 411], [506, 368, 983], [516, 583, 924], [519, 423, 857], [877, 453, 676], [27, 787, 432], [554, 541, 912], [226, 510, 780],
[354, 35, 150]]
[[5, 0, 9, 1], [1, 1, 2, 5], [2, 9, 1, 9], [8, 4, 0, 3], [7, 1, 4, 7], [4, 8, 1, 9], [8, 4, 3, 2], [4, 7, 7, 10], [5, 4, 9, 7], [5, 1, 10, 8],
[10, 0, 6, 5], [2, 7, 9, 7], [6, 2, 1, 10], [8, 3, 6, 6], [7, 10, 6, 9], [4, 2, 6, 10], [4, 5, 6, 10], [4, 5, 5, 1], [3, 0, 5, 3], [5, 1, 10, 10],
[3, 1, 9, 9], [4, 5, 2, 9], [2, 8, 7, 6], [0, 1, 5, 4], [4, 9, 1, 8], [1, 6, 7, 4], [5, 1, 5, 8], [2, 5, 7, 3], [4, 6, 0, 6], [9, 2, 4, 0],
[0, 9, 4, 9], [10, 8, 0, 1], [6, 2, 7, 8], [6, 4, 10, 0], [3, 5, 9, 4], [8, 5, 5, 10], [9, 5, 5, 7], [8, 9, 5, 8], [5, 10, 6, 3], [7, 6, 4, 0],
[6, 1, 8, 2], [3, 6, 2, 6], [0, 9, 8, 6], [4, 3, 5, 2], [8, 10, 8, 3], [6, 2, 0, 0], [1, 4, 1, 8], [9, 6, 9, 4], [5, 4, 4, 8], [10, 5, 1, 8],
[3, 10, 3, 7], [2, 8, 8, 8], [5, 5, 10, 0], [7, 10, 10, 7], [2, 0, 2, 0], [4, 9, 2, 9], [3, 5, 4, 0], [10, 6, 9, 2], [5, 10, 8, 5], [8, 3, 0, 0],
[6, 10, 10, 2]]
[1, 0.1, 0.1, 0.1, 0.1, 0.1, 0.1, 0.1, 0.1, 0.1,
0.1, 0.01, 0.01, 0.01, 0.01, 0.01, 0.01, 0.01, 0.01, 0.01,
0.01, 0.001, 0.001, 0.001, 0.001, 0.001, 0.001, 0.001, 0.001, 0.001,
0.001, 0.0001, 0.0001, 0.0001, 0.0001, 0.0001, 0.0001, 0.0001, 0.0001, 0.0001,
0.0001, 1e-05, 1e-05, 1e-05, 1e-05, 1e-05, 1e-05, 1e-05, 1e-05, 1e-05,
1e-05, 1e-06, 1e-06, 1e-06, 1e-06, 1e-06, 1e-06, 1e-06, 1e-06, 1e-06,
1e-06]
[8, 10, 2, 1, 7, 5, 10, 3, 2, 10,
10, 8, 6, 6, 0, 0, 10, 9, 0, 4,
7, 10, 6, 0, 9, 2, 7, 2, 6, 9,
10, 2, 6, 7, 5, 0, 6, 5, 9, 8,
9, 0, 5, 8, 8, 6, 0, 10, 5, 8,
5, 10, 2, 2, 6, 3, 5, 9, 10, 9,
7]
------------------------------------------------------- 
# stage = 7	# children c = 10	length of each stage p = 1	nodes = 60	# items I = 1
