[74, 73, 94, 75, 62, 59, 25, 67, 31, 74,
22, 33, 4, 82, 73, 63, 68, 45, 67, 59,
9, 86, 28, 5, 91, 69, 100, 80, 100, 70,
69, 73, 42, 62, 47, 70, 88, 38, 36, 18,
79, 24, 17, 49, 72, 91, 11, 40, 1, 78,
65, 77, 29, 60, 82, 86, 95, 81, 31, 60,
16, 0, 32, 58, 28, 46, 94, 15, 50, 30,
0, 28, 20, 17, 43, 93, 74, 54, 99, 42,
98, 63, 18, 93, 89, 0, 79, 84, 47, 76,
43, 64, 76, 42, 88, 71, 54, 82, 52, 3,
78]
[[614, 164, 703], [1536, 1264, 1575], [13, 1167, 1434], [497, 1302, 648], [718, 21, 1239], [823, 1049, 281], [1371, 1752, 113], [1595, 925, 107], [681, 385, 690], [1128, 1401, 291],
[627, 807, 456], [123, 505, 512], [1698, 1149, 471], [87, 1646, 566], [735, 527, 1217], [136, 1350, 1058], [417, 1513, 973], [1161, 1270, 60], [1268, 743, 1075], [120, 34, 1268],
[1041, 661, 237], [289, 784, 1373], [802, 1275, 684], [65, 1362, 492], [631, 889, 1649], [11, 1025, 1161], [1069, 234, 836], [834, 1395, 899], [1524, 1455, 1642], [1392, 1575, 468],
[822, 1409, 1760], [1690, 1698, 706], [1225, 1292, 773], [701, 150, 927], [1193, 781, 1816], [1005, 1422, 1633], [958, 1284, 30], [587, 910, 217], [1486, 1227, 1673], [82, 781, 202],
[551, 1603, 403], [473, 247, 264], [1809, 1472, 348], [1375, 335, 498], [464, 321, 72], [443, 118, 286], [238, 1076, 362], [898, 1663, 1273], [1116, 103, 1292], [1581, 816, 235],
[575, 1367, 630], [979, 632, 878], [1243, 1233, 1142], [383, 770, 270], [1512, 1235, 591], [376, 470, 709], [662, 708, 577], [1655, 1607, 403], [1720, 1515, 1136], [1174, 50, 114],
[1409, 625, 273], [831, 1604, 905], [1709, 1639, 931], [1644, 185, 1701], [76, 489, 1728], [1297, 865, 990], [168, 319, 491], [1375, 136, 890], [570, 18, 567], [1707, 1822, 617],
[1821, 1393, 1242], [887, 1017, 1009], [584, 1518, 1440], [1515, 1324, 1625], [171, 1400, 906], [691, 859, 1771], [1682, 1657, 253], [335, 1195, 1019], [1225, 1765, 1668], [584, 426, 1652],
[1831, 1040, 0], [1235, 89, 1017], [1036, 673, 697], [1269, 981, 814], [1056, 1782, 1006], [755, 635, 658], [688, 1109, 1107], [1571, 236, 1094], [1383, 253, 1652], [1213, 837, 240],
[1657, 830, 1280], [1657, 858, 161], [1466, 686, 1465], [956, 117, 608], [1770, 1804, 552], [1568, 721, 1817], [388, 201, 1089], [288, 1773, 1325], [1382, 110, 1579], [1196, 1323, 1208],
[1437, 1142, 831]]
[[7, 1, 4, 0], [2, 6, 10, 6], [5, 2, 8, 7], [4, 0, 1, 4], [2, 7, 7, 3], [8, 10, 5, 1], [8, 3, 7, 1], [2, 2, 2, 8], [1, 6, 6, 4], [0, 3, 10, 5],
[6, 7, 1, 8], [5, 3, 1, 7], [8, 6, 9, 5], [4, 3, 4, 1], [6, 0, 0, 6], [1, 2, 1, 2], [6, 7, 6, 6], [0, 3, 10, 4], [0, 0, 1, 5], [1, 0, 0, 10],
[4, 9, 2, 8], [1, 7, 7, 5], [5, 7, 9, 6], [7, 0, 7, 1], [5, 0, 7, 5], [2, 6, 7, 0], [5, 6, 5, 4], [6, 3, 1, 0], [1, 4, 6, 0], [9, 3, 3, 3],
[8, 2, 8, 3], [2, 2, 4, 7], [2, 0, 0, 4], [5, 5, 4, 8], [1, 8, 1, 7], [9, 3, 5, 0], [7, 10, 9, 3], [2, 2, 6, 8], [2, 1, 0, 2], [3, 4, 7, 6],
[3, 5, 8, 6], [0, 0, 3, 1], [8, 4, 6, 6], [5, 10, 4, 10], [9, 1, 2, 9], [1, 9, 4, 3], [10, 5, 3, 3], [7, 10, 7, 10], [5, 2, 5, 5], [2, 6, 4, 10],
[0, 10, 4, 5], [7, 6, 5, 3], [7, 7, 1, 6], [3, 4, 9, 1], [9, 1, 2, 3], [10, 7, 3, 4], [9, 6, 7, 1], [2, 0, 9, 0], [8, 2, 5, 5], [7, 8, 8, 1],
[3, 8, 8, 4], [1, 4, 3, 8], [4, 5, 0, 3], [10, 1, 5, 9], [6, 1, 8, 8], [1, 6, 8, 7], [7, 0, 1, 3], [7, 8, 4, 8], [3, 10, 10, 2], [4, 3, 10, 8],
[6, 8, 9, 6], [8, 3, 2, 3], [4, 10, 9, 3], [5, 4, 10, 10], [2, 10, 2, 9], [7, 5, 4, 10], [4, 4, 10, 6], [7, 7, 1, 2], [2, 10, 6, 10], [2, 6, 0, 4],
[5, 9, 5, 9], [0, 5, 8, 3], [4, 9, 1, 9], [1, 6, 6, 3], [8, 5, 10, 4], [1, 0, 4, 3], [9, 9, 1, 9], [4, 1, 3, 8], [9, 8, 6, 9], [0, 1, 10, 2],
[8, 1, 9, 9], [5, 4, 2, 2], [7, 10, 4, 6], [8, 6, 10, 4], [4, 9, 3, 9], [8, 4, 6, 4], [10, 10, 3, 0], [0, 2, 0, 9], [1, 10, 5, 4], [3, 5, 4, 9],
[2, 8, 4, 0]]
[1, 0.05, 0.05, 0.05, 0.05, 0.05, 0.05, 0.05, 0.05, 0.05,
0.05, 0.05, 0.05, 0.05, 0.05, 0.05, 0.05, 0.05, 0.05, 0.05,
0.05, 0.0025, 0.0025, 0.0025, 0.0025, 0.0025, 0.0025, 0.0025, 0.0025, 0.0025,
0.0025, 0.0025, 0.0025, 0.0025, 0.0025, 0.0025, 0.0025, 0.0025, 0.0025, 0.0025,
0.0025, 0.000125, 0.000125, 0.000125, 0.000125, 0.000125, 0.000125, 0.000125, 0.000125, 0.000125,
0.000125, 0.000125, 0.000125, 0.000125, 0.000125, 0.000125, 0.000125, 0.000125, 0.000125, 0.000125,
0.000125, 6.25e-06, 6.25e-06, 6.25e-06, 6.25e-06, 6.25e-06, 6.25e-06, 6.25e-06, 6.25e-06, 6.25e-06,
6.25e-06, 6.25e-06, 6.25e-06, 6.25e-06, 6.25e-06, 6.25e-06, 6.25e-06, 6.25e-06, 6.25e-06, 6.25e-06,
6.25e-06, 3.125e-07, 3.125e-07, 3.125e-07, 3.125e-07, 3.125e-07, 3.125e-07, 3.125e-07, 3.125e-07, 3.125e-07,
3.125e-07, 3.125e-07, 3.125e-07, 3.125e-07, 3.125e-07, 3.125e-07, 3.125e-07, 3.125e-07, 3.125e-07, 3.125e-07,
3.125e-07]
[4, 7, 5, 4, 0, 7, 1, 5, 1, 5,
8, 0, 4, 7, 2, 1, 7, 0, 2, 8,
3, 4, 3, 0, 2, 7, 1, 1, 1, 1,
3, 3, 2, 7, 8, 6, 4, 8, 6, 4,
6, 0, 8, 7, 1, 8, 5, 9, 5, 2,
6, 9, 5, 2, 8, 1, 7, 6, 4, 1,
4, 2, 1, 0, 2, 3, 5, 2, 3, 4,
0, 8, 9, 9, 9, 4, 3, 8, 2, 4,
2, 2, 5, 3, 1, 3, 7, 3, 9, 5,
6, 7, 9, 8, 5, 5, 4, 7, 6, 1,
2]
------------------------------------------------------- 
# stage = 6	# children c = 20	length of each stage p = 1	nodes = 100	# items I = 1
