[46, 72, 0, 61, 15, 97, 82, 15, 86, 41,
37, 93, 60, 57, 16, 45, 88, 95, 87, 43,
67, 17, 72, 61, 73, 89, 78, 8, 23, 30,
71, 69, 1, 37, 96, 84, 33, 43, 65, 85,
50, 68, 77, 77, 92, 60, 21, 45, 54, 7,
88, 87, 25, 59, 13, 64, 48, 92, 38, 37,
21]
[[56, 1885, 540], [1344, 949, 1858], [780, 390, 568], [181, 16, 981], [326, 552, 419], [1874, 1583, 985], [1821, 621, 622], [894, 1649, 420], [1424, 1356, 1268], [462, 154, 1410],
[719, 210, 761], [1259, 1072, 1710], [582, 1370, 1619], [669, 1069, 1635], [1168, 1395, 1705], [1587, 734, 1235], [37, 502, 1374], [177, 914, 970], [598, 285, 1844], [1384, 748, 1516],
[260, 985, 1244], [1021, 1763, 1834], [678, 1863, 1151], [1815, 479, 1738], [1397, 1647, 598], [567, 699, 1333], [1320, 736, 1353], [641, 914, 1786], [1129, 1030, 18], [439, 361, 284],
[1955, 621, 1270], [1147, 1642, 980], [446, 1839, 790], [1598, 1119, 788], [801, 2035, 382], [1400, 549, 600], [198, 1870, 1336], [1069, 458, 1768], [802, 1106, 263], [339, 1545, 625],
[623, 1447, 764], [1893, 59, 1925], [338, 506, 1229], [647, 1622, 295], [1435, 1941, 277], [1335, 1288, 827], [1935, 1004, 162], [737, 21, 138], [2023, 341, 1244], [234, 680, 254],
[377, 1304, 1702], [659, 662, 1279], [531, 519, 1303], [1760, 1166, 872], [1574, 548, 761], [1851, 1883, 1567], [143, 1766, 37], [305, 2021, 1629], [2015, 1991, 1970], [1206, 172, 116],
[979, 549, 938]]
[[2, 5, 4, 0], [2, 9, 5, 0], [7, 10, 9, 7], [6, 2, 10, 3], [2, 5, 7, 0], [8, 4, 4, 8], [6, 0, 4, 4], [9, 4, 3, 0], [7, 7, 10, 7], [3, 4, 8, 10],
[1, 6, 4, 7], [6, 4, 8, 6], [7, 2, 6, 4], [6, 0, 0, 0], [9, 4, 2, 8], [7, 5, 6, 1], [10, 5, 9, 0], [7, 6, 10, 9], [10, 2, 3, 5], [6, 10, 0, 2],
[1, 6, 5, 6], [6, 5, 6, 5], [7, 6, 0, 1], [1, 6, 3, 9], [1, 10, 10, 6], [5, 7, 2, 4], [9, 4, 7, 2], [3, 7, 5, 2], [0, 8, 8, 7], [0, 1, 10, 5],
[8, 8, 7, 7], [3, 8, 3, 2], [7, 0, 9, 10], [6, 0, 1, 4], [4, 8, 5, 5], [4, 10, 8, 4], [5, 3, 9, 5], [3, 6, 10, 0], [3, 4, 5, 7], [1, 6, 9, 6],
[7, 5, 5, 2], [6, 6, 4, 8], [1, 9, 1, 5], [6, 7, 8, 0], [10, 4, 3, 2], [0, 3, 0, 1], [5, 3, 8, 7], [10, 5, 0, 4], [8, 4, 4, 1], [8, 8, 8, 10],
[7, 9, 2, 2], [5, 10, 1, 2], [4, 4, 3, 2], [5, 1, 3, 0], [5, 10, 5, 2], [2, 5, 4, 10], [7, 8, 1, 5], [5, 9, 4, 10], [7, 6, 0, 10], [4, 1, 1, 8],
[3, 2, 10, 9]]
[1, 0.05, 0.05, 0.05, 0.05, 0.05, 0.05, 0.05, 0.05, 0.05,
0.05, 0.05, 0.05, 0.05, 0.05, 0.05, 0.05, 0.05, 0.05, 0.05,
0.05, 0.0025, 0.0025, 0.0025, 0.0025, 0.0025, 0.0025, 0.0025, 0.0025, 0.0025,
0.0025, 0.0025, 0.0025, 0.0025, 0.0025, 0.0025, 0.0025, 0.0025, 0.0025, 0.0025,
0.0025, 0.000125, 0.000125, 0.000125, 0.000125, 0.000125, 0.000125, 0.000125, 0.000125, 0.000125,
0.000125, 0.000125, 0.000125, 0.000125, 0.000125, 0.000125, 0.000125, 0.000125, 0.000125, 0.000125,
0.000125]
[16, 20, 16, 1, 17, 5, 4, 12, 8, 8,
9, 18, 20, 4, 17, 4, 13, 8, 17, 7,
15, 3, 19, 7, 9, 1, 20, 17, 3, 0,
8, 8, 4, 6, 0, 12, 3, 11, 8, 6,
10, 13, 4, 4, 6, 5, 7, 12, 6, 9,
7, 19, 17, 9, 3, 20, 2, 19, 16, 12,
4]
------------------------------------------------------- 
# stage = 4	# children c = 20	length of each stage p = 1	nodes = 60	# items I = 1
