[26, 32, 94, 27, 82, 51, 55, 50, 12, 93,
32, 87, 52, 55, 6, 43, 96, 15, 54, 47,
5, 38, 84, 7, 75, 28, 0, 89, 2, 90,
48]
[[1033, 673, 13], [1709, 553, 1687], [1706, 1284, 534], [1875, 1040, 869], [1265, 175, 419], [591, 1556, 1648], [668, 733, 409], [1626, 1073, 998], [1559, 993, 1798], [1306, 1962, 520],
[360, 1838, 1193], [1229, 377, 589], [903, 70, 1874], [1437, 789, 901], [293, 41, 1932], [713, 1488, 1475], [1204, 144, 1052], [1613, 613, 968], [1455, 159, 804], [83, 308, 1609],
[603, 1525, 1434], [640, 741, 1811], [72, 1645, 724], [1946, 1069, 356], [1690, 206, 398], [452, 1775, 1886], [771, 1822, 873], [666, 1422, 1486], [1634, 1720, 488], [1281, 1803, 1653],
[877, 1250, 1165]]
[[5, 6, 1, 8], [3, 1, 3, 7], [7, 4, 0, 9], [9, 9, 3, 9], [7, 1, 9, 2], [9, 2, 5, 7], [6, 8, 5, 0], [5, 5, 1, 10], [10, 2, 6, 2], [1, 9, 7, 9],
[1, 7, 5, 10], [5, 6, 8, 0], [7, 6, 2, 6], [7, 5, 0, 2], [2, 6, 1, 7], [0, 0, 5, 10], [2, 9, 10, 4], [5, 6, 0, 6], [3, 3, 4, 6], [9, 1, 4, 6],
[6, 6, 10, 0], [9, 10, 0, 9], [5, 1, 6, 4], [1, 9, 1, 2], [5, 1, 4, 10], [7, 2, 4, 8], [5, 8, 4, 3], [7, 8, 7, 0], [2, 6, 0, 0], [6, 1, 10, 9],
[0, 3, 0, 0]]
[1, 0.1, 0.1, 0.1, 0.1, 0.1, 0.1, 0.1, 0.1, 0.1,
0.1, 0.01, 0.01, 0.01, 0.01, 0.01, 0.01, 0.01, 0.01, 0.01,
0.01, 0.001, 0.001, 0.001, 0.001, 0.001, 0.001, 0.001, 0.001, 0.001,
0.001]
[0, 4, 5, 4, 9, 8, 18, 12, 15, 15,
9, 6, 6, 9, 17, 15, 12, 17, 16, 1,
10, 17, 14, 5, 7, 19, 16, 8, 6, 9,
11]
------------------------------------------------------- 
# stage = 4	# children c = 10	length of each stage p = 1	nodes = 30	# items I = 1
