[66, 37, 100, 61, 29, 55, 71, 64, 70, 66,
14, 26, 53, 8, 1, 3, 87, 15, 39, 0,
81, 0, 23, 13, 77, 24, 65, 61, 5, 10,
54, 37, 47, 53, 65, 42, 74, 35, 6, 43,
0, 20, 70, 19, 96, 37, 89, 82, 52, 95,
83, 32, 95, 5, 45, 37, 96, 76, 98, 0,
52, 51, 4, 65, 70, 69, 7, 44, 70, 13,
87, 36, 100, 56, 21, 95, 93, 9, 43, 10,
3, 92, 42, 65, 63, 53, 1, 58, 29, 100,
25, 47, 16, 29, 12, 87, 64, 19, 30, 33,
99, 83, 69, 98, 5, 90, 59, 98, 65, 68,
8, 35, 59, 16, 100, 21, 70, 0, 45, 65,
66, 70, 78, 83, 65, 90, 35, 95, 8, 65,
94, 73, 13, 28, 71, 18, 17, 96, 83, 49,
63]
[[1339, 114, 1489], [1719, 449, 523], [1086, 752, 668], [1602, 1011, 1184], [1549, 1838, 1510], [1695, 281, 1126], [1792, 1155, 1521], [1071, 926, 145], [1496, 321, 888], [1536, 1033, 1609],
[1426, 1964, 1315], [527, 1702, 1765], [1050, 807, 536], [1311, 20, 1139], [106, 1569, 996], [1617, 876, 869], [762, 279, 44], [302, 1351, 562], [448, 866, 883], [1336, 14, 1508],
[557, 1032, 1491], [1872, 1559, 804], [1248, 221, 1611], [1376, 1124, 1224], [534, 1230, 404], [1122, 866, 1280], [1584, 1220, 1152], [1628, 1523, 522], [1782, 1563, 980], [277, 510, 586],
[1785, 1067, 1619], [888, 551, 789], [1692, 1391, 602], [915, 787, 1726], [158, 913, 976], [154, 1628, 1434], [1027, 1231, 674], [198, 470, 1789], [312, 271, 1371], [1292, 548, 1473],
[1471, 1926, 152], [1109, 833, 703], [1490, 136, 1686], [112, 1051, 84], [1430, 801, 998], [425, 956, 645], [1452, 2, 1468], [145, 200, 1938], [1934, 104, 228], [916, 1396, 369],
[0, 478, 314], [152, 1179, 1147], [447, 689, 1283], [153, 393, 1927], [237, 1823, 747], [827, 268, 1295], [1472, 1720, 1297], [551, 1457, 1089], [508, 1002, 1193], [329, 1510, 201],
[698, 1510, 679], [1012, 1663, 1859], [1751, 1702, 159], [1053, 1855, 552], [591, 1685, 394], [1339, 531, 254], [653, 1596, 1566], [1543, 166, 1042], [651, 675, 1636], [1437, 596, 1165],
[1230, 1294, 287], [1909, 1898, 1542], [1379, 1668, 1263], [1538, 332, 730], [109, 924, 434], [96, 1855, 557], [350, 527, 172], [1917, 1662, 1912], [570, 1906, 198], [1799, 1362, 794],
[983, 611, 107], [862, 131, 1597], [423, 1511, 1284], [1279, 660, 1616], [28, 770, 151], [54, 458, 25], [611, 808, 145], [784, 336, 1807], [715, 499, 1732], [913, 317, 1113],
[1299, 892, 1316], [1406, 1755, 1448], [1022, 1770, 570], [1898, 1068, 1230], [1533, 1096, 19], [1685, 1150, 477], [1302, 1762, 878], [1447, 157, 806], [1274, 464, 1305], [1025, 969, 1622],
[1731, 287, 126], [658, 1285, 1881], [125, 1899, 1670], [695, 1816, 758], [1518, 960, 1446], [1537, 256, 616], [1607, 1559, 1970], [96, 1025, 1719], [902, 1891, 202], [227, 528, 763],
[1441, 1851, 1050], [1567, 528, 354], [1059, 246, 272], [341, 941, 1680], [1099, 478, 659], [156, 1608, 916], [364, 826, 86], [353, 514, 703], [1664, 1416, 614], [1458, 1235, 734],
[240, 288, 604], [1290, 1447, 724], [1236, 526, 970], [1100, 867, 1504], [799, 1558, 1574], [1459, 1714, 793], [1967, 98, 1619], [1645, 43, 1725], [367, 1300, 753], [573, 777, 1580],
[899, 1018, 1868], [1095, 1900, 1335], [1820, 748, 1453], [809, 1848, 1912], [332, 667, 1489], [1907, 1718, 814], [311, 1296, 504], [1931, 960, 140], [1267, 919, 1440], [39, 1085, 236],
[1620, 3, 846]]
[[6, 1, 7, 3], [7, 2, 6, 10], [8, 10, 3, 6], [9, 9, 1, 10], [9, 0, 5, 4], [10, 2, 1, 10], [10, 4, 3, 5], [4, 7, 1, 8], [6, 6, 9, 2], [8, 5, 0, 6],
[4, 1, 1, 2], [10, 0, 2, 6], [0, 7, 10, 0], [7, 9, 10, 7], [0, 2, 1, 2], [8, 1, 8, 3], [7, 7, 4, 3], [10, 4, 9, 3], [5, 8, 4, 2], [8, 4, 8, 9],
[9, 5, 7, 5], [3, 6, 1, 4], [6, 1, 6, 3], [2, 2, 5, 7], [9, 7, 10, 8], [9, 6, 9, 3], [3, 2, 3, 1], [6, 9, 8, 2], [3, 2, 8, 6], [6, 9, 8, 1],
[8, 2, 3, 10], [4, 6, 5, 0], [2, 2, 8, 0], [9, 4, 1, 1], [7, 4, 0, 0], [2, 6, 3, 3], [6, 9, 9, 1], [5, 5, 3, 3], [5, 4, 0, 9], [10, 5, 9, 1],
[6, 4, 10, 4], [8, 0, 3, 2], [2, 2, 1, 2], [6, 2, 5, 2], [0, 1, 3, 5], [6, 4, 8, 0], [6, 7, 7, 5], [10, 3, 4, 5], [7, 3, 7, 3], [1, 0, 3, 3],
[0, 4, 5, 6], [6, 10, 6, 4], [1, 8, 10, 5], [1, 5, 4, 8], [10, 0, 0, 10], [4, 5, 4, 9], [6, 10, 10, 6], [8, 3, 9, 8], [5, 2, 1, 10], [10, 8, 3, 9],
[5, 0, 4, 4], [4, 8, 10, 3], [8, 0, 0, 10], [3, 3, 9, 7], [2, 6, 2, 10], [9, 10, 7, 2], [1, 6, 1, 9], [3, 2, 8, 6], [3, 1, 9, 5], [7, 8, 8, 2],
[6, 9, 2, 9], [1, 9, 4, 1], [2, 6, 0, 10], [3, 5, 1, 2], [0, 0, 1, 2], [2, 9, 8, 3], [8, 6, 8, 4], [2, 4, 4, 8], [0, 4, 5, 10], [0, 9, 0, 3],
[2, 0, 2, 6], [5, 3, 8, 5], [1, 9, 5, 3], [5, 3, 5, 2], [7, 2, 4, 9], [4, 9, 5, 4], [2, 10, 3, 1], [8, 1, 4, 10], [1, 6, 3, 4], [7, 1, 8, 8],
[8, 2, 9, 1], [3, 3, 3, 9], [4, 6, 5, 6], [4, 10, 9, 4], [9, 1, 3, 4], [1, 7, 2, 0], [2, 5, 5, 7], [4, 0, 2, 0], [0, 1, 1, 4], [2, 2, 0, 4],
[8, 5, 0, 10], [5, 9, 2, 1], [8, 5, 6, 9], [2, 8, 8, 2], [0, 2, 10, 5], [0, 1, 5, 0], [0, 4, 2, 1], [6, 2, 5, 4], [6, 3, 3, 0], [10, 5, 1, 6],
[0, 5, 2, 2], [2, 10, 2, 3], [10, 1, 6, 10], [1, 9, 9, 10], [2, 9, 0, 8], [10, 6, 10, 5], [7, 3, 3, 7], [6, 2, 2, 6], [8, 4, 6, 10], [4, 7, 0, 1],
[8, 6, 1, 7], [4, 8, 7, 4], [4, 7, 2, 3], [0, 1, 6, 8], [2, 7, 4, 9], [10, 4, 2, 7], [6, 7, 6, 8], [3, 5, 10, 9], [0, 9, 6, 3], [6, 0, 7, 8],
[7, 7, 10, 6], [7, 5, 3, 9], [0, 5, 5, 10], [7, 6, 6, 2], [2, 10, 0, 3], [4, 10, 1, 3], [8, 5, 6, 1], [3, 2, 9, 9], [10, 6, 4, 6], [1, 5, 2, 10],
[10, 6, 9, 6]]
[1, 0.05, 0.05, 0.05, 0.05, 0.05, 0.05, 0.05, 0.05, 0.05,
0.05, 0.05, 0.05, 0.05, 0.05, 0.05, 0.05, 0.05, 0.05, 0.05,
0.05, 0.0025, 0.0025, 0.0025, 0.0025, 0.0025, 0.0025, 0.0025, 0.0025, 0.0025,
0.0025, 0.0025, 0.0025, 0.0025, 0.0025, 0.0025, 0.0025, 0.0025, 0.0025, 0.0025,
0.0025, 0.000125, 0.000125, 0.000125, 0.000125, 0.000125, 0.000125, 0.000125, 0.000125, 0.000125,
0.000125, 0.000125, 0.000125, 0.000125, 0.000125, 0.000125, 0.000125, 0.000125, 0.000125, 0.000125,
0.000125, 6.25e-06, 6.25e-06, 6.25e-06, 6.25e-06, 6.25e-06, 6.25e-06, 6.25e-06, 6.25e-06, 6.25e-06,
6.25e-06, 6.25e-06, 6.25e-06, 6.25e-06, 6.25e-06, 6.25e-06, 6.25e-06, 6.25e-06, 6.25e-06, 6.25e-06,
6.25e-06, 3.125e-07, 3.125e-07, 3.125e-07, 3.125e-07, 3.125e-07, 3.125e-07, 3.125e-07, 3.125e-07, 3.125e-07,
3.125e-07, 3.125e-07, 3.125e-07, 3.125e-07, 3.125e-07, 3.125e-07, 3.125e-07, 3.125e-07, 3.125e-07, 3.125e-07,
3.125e-07, 1.5625e-08, 1.5625e-08, 1.5625e-08, 1.5625e-08, 1.5625e-08, 1.5625e-08, 1.5625e-08, 1.5625e-08, 1.5625e-08,
1.5625e-08, 1.5625e-08, 1.5625e-08, 1.5625e-08, 1.5625e-08, 1.5625e-08, 1.5625e-08, 1.5625e-08, 1.5625e-08, 1.5625e-08,
1.5625e-08, 7.8125e-10, 7.8125e-10, 7.8125e-10, 7.8125e-10, 7.8125e-10, 7.8125e-10, 7.8125e-10, 7.8125e-10, 7.8125e-10,
7.8125e-10, 7.8125e-10, 7.8125e-10, 7.8125e-10, 7.8125e-10, 7.8125e-10, 7.8125e-10, 7.8125e-10, 7.8125e-10, 7.8125e-10,
7.8125e-10]
[4, 1, 4, 4, 18, 16, 13, 19, 12, 3,
1, 0, 19, 16, 3, 11, 16, 6, 11, 13,
13, 16, 6, 16, 4, 9, 13, 15, 7, 7,
6, 10, 14, 3, 19, 19, 1, 10, 14, 18,
3, 16, 16, 0, 3, 17, 17, 4, 16, 1,
19, 0, 7, 0, 1, 12, 5, 12, 12, 8,
12, 9, 5, 14, 4, 8, 8, 16, 3, 1,
14, 1, 5, 4, 18, 18, 1, 13, 13, 11,
6, 5, 12, 6, 1, 4, 4, 18, 2, 19,
18, 16, 5, 2, 0, 11, 17, 5, 1, 9,
10, 9, 10, 15, 13, 18, 4, 15, 15, 11,
14, 13, 11, 18, 1, 7, 5, 9, 8, 12,
12, 17, 4, 18, 13, 6, 16, 4, 10, 13,
1, 19, 1, 14, 14, 16, 9, 14, 18, 5,
14]
------------------------------------------------------- 
# stage = 8	# children c = 20	length of each stage p = 1	nodes = 140	# items I = 1
