[55, 84, 73, 56, 76, 82, 27, 73, 43, 54,
99, 67, 1, 88, 44, 39, 58, 62, 36, 58,
79, 92, 26, 2, 43, 94, 73, 7, 59, 90,
71, 13, 39, 10, 35, 82, 92, 63, 54, 0,
83, 52, 67, 84, 6, 11, 23, 30, 73, 25,
55]
[[290, 360, 661], [65, 833, 17], [54, 797, 17], [809, 700, 621], [393, 578, 360], [231, 25, 695], [523, 659, 872], [196, 567, 452], [370, 789, 630], [611, 12, 347],
[80, 302, 881], [915, 368, 788], [6, 422, 833], [198, 480, 782], [67, 873, 434], [427, 178, 634], [370, 875, 541], [317, 319, 356], [17, 863, 219], [647, 548, 231],
[68, 803, 707], [23, 792, 149], [60, 799, 746], [141, 245, 474], [923, 312, 421], [606, 739, 773], [488, 184, 896], [103, 675, 289], [633, 692, 226], [852, 413, 23],
[331, 655, 74], [112, 852, 866], [436, 160, 913], [430, 302, 232], [904, 473, 544], [573, 153, 358], [594, 641, 716], [564, 918, 465], [101, 625, 231], [501, 725, 818],
[698, 130, 721], [772, 417, 647], [713, 101, 808], [700, 705, 184], [181, 683, 831], [725, 504, 59], [157, 172, 874], [121, 910, 867], [586, 85, 566], [65, 760, 366],
[883, 533, 670]]
[[1, 10, 1, 10], [1, 5, 10, 2], [2, 8, 0, 3], [3, 10, 2, 3], [2, 9, 5, 3], [6, 8, 2, 7], [1, 3, 9, 8], [10, 7, 9, 0], [4, 8, 8, 5], [0, 7, 5, 2],
[4, 6, 5, 5], [3, 5, 7, 6], [4, 1, 9, 8], [9, 9, 4, 0], [1, 0, 6, 9], [5, 4, 7, 10], [1, 2, 4, 1], [7, 8, 1, 0], [1, 4, 4, 4], [9, 9, 8, 0],
[10, 5, 9, 8], [3, 0, 6, 3], [1, 1, 1, 6], [5, 9, 3, 4], [9, 6, 3, 6], [3, 4, 4, 4], [8, 6, 6, 5], [4, 4, 5, 3], [9, 3, 10, 10], [4, 5, 2, 3],
[7, 4, 7, 10], [0, 0, 4, 9], [6, 7, 2, 7], [10, 7, 0, 7], [2, 4, 1, 7], [6, 5, 10, 2], [8, 7, 2, 10], [2, 4, 2, 7], [6, 8, 6, 4], [8, 8, 1, 1],
[5, 3, 6, 2], [10, 6, 7, 0], [8, 9, 7, 4], [1, 4, 6, 9], [1, 8, 9, 1], [0, 9, 8, 6], [6, 3, 9, 1], [1, 10, 0, 4], [0, 6, 6, 0], [10, 2, 9, 8],
[9, 5, 10, 10]]
[1, 0.1, 0.1, 0.1, 0.1, 0.1, 0.1, 0.1, 0.1, 0.1,
0.1, 0.01, 0.01, 0.01, 0.01, 0.01, 0.01, 0.01, 0.01, 0.01,
0.01, 0.001, 0.001, 0.001, 0.001, 0.001, 0.001, 0.001, 0.001, 0.001,
0.001, 0.0001, 0.0001, 0.0001, 0.0001, 0.0001, 0.0001, 0.0001, 0.0001, 0.0001,
0.0001, 1e-05, 1e-05, 1e-05, 1e-05, 1e-05, 1e-05, 1e-05, 1e-05, 1e-05,
1e-05]
[1, 8, 8, 5, 0, 8, 3, 6, 6, 4,
2, 7, 0, 2, 9, 0, 6, 1, 2, 4,
8, 4, 9, 8, 1, 8, 6, 2, 6, 6,
1, 1, 7, 5, 0, 4, 2, 2, 5, 2,
5, 4, 8, 2, 4, 3, 7, 8, 1, 5,
2]
------------------------------------------------------- 
# stage = 6	# children c = 10	length of each stage p = 1	nodes = 50	# items I = 1
