[97, 16, 97, 41, 75, 43, 37, 99, 93, 72,
32, 35, 48, 75, 60, 13, 78, 78, 62, 56,
33, 42, 98, 77, 35, 85, 10, 47, 11, 11,
88]
[[137, 594, 544], [203, 554, 311], [709, 607, 106], [459, 801, 694], [972, 843, 302], [655, 887, 963], [488, 977, 834], [395, 816, 690], [504, 891, 411], [846, 540, 736],
[768, 353, 336], [988, 557, 567], [305, 942, 850], [87, 83, 333], [782, 731, 852], [90, 392, 746], [729, 880, 729], [569, 281, 227], [266, 461, 124], [353, 314, 341],
[95, 88, 694], [108, 82, 927], [351, 63, 551], [207, 150, 634], [217, 608, 48], [75, 375, 440], [821, 110, 3], [232, 356, 284], [135, 298, 422], [260, 651, 736],
[601, 423, 500]]
[[7, 7, 9, 8], [10, 8, 6, 6], [5, 5, 8, 8], [6, 6, 8, 6], [2, 2, 9, 4], [3, 9, 2, 0], [3, 6, 5, 4], [5, 8, 9, 10], [4, 7, 6, 1], [2, 1, 8, 5],
[4, 3, 0, 9], [10, 8, 4, 10], [8, 2, 3, 10], [9, 3, 10, 2], [8, 2, 4, 2], [10, 2, 10, 1], [7, 5, 3, 9], [5, 9, 3, 9], [1, 3, 7, 9], [10, 10, 8, 7],
[1, 10, 6, 9], [0, 3, 9, 8], [5, 2, 8, 2], [3, 8, 4, 10], [0, 7, 9, 5], [5, 10, 4, 4], [1, 9, 3, 0], [8, 9, 5, 8], [6, 10, 4, 7], [2, 2, 4, 6],
[4, 2, 8, 5]]
[1, 0.1, 0.1, 0.1, 0.1, 0.1, 0.1, 0.1, 0.1, 0.1,
0.1, 0.01, 0.01, 0.01, 0.01, 0.01, 0.01, 0.01, 0.01, 0.01,
0.01, 0.001, 0.001, 0.001, 0.001, 0.001, 0.001, 0.001, 0.001, 0.001,
0.001]
[9, 7, 9, 13, 1, 2, 4, 7, 17, 8,
1, 13, 15, 11, 6, 4, 11, 15, 3, 1,
17, 5, 14, 12, 3, 5, 12, 1, 16, 2,
9]
------------------------------------------------------- 
# stage = 4	# children c = 10	length of each stage p = 1	nodes = 30	# items I = 1
