[85, 84, 47, 81, 84, 64, 44, 23, 4, 54,
12, 14, 66, 29, 43, 37, 51, 5, 15, 97,
35, 38, 86, 84, 50, 5, 55, 32, 16, 74,
23, 0, 24, 70, 82, 7, 34, 92, 31, 38,
45, 9, 18, 77, 4, 27, 13, 55, 33, 28,
52]
[[333, 58, 21], [917, 622, 581], [306, 283, 544], [437, 790, 309], [994, 478, 773], [808, 334, 206], [405, 28, 904], [254, 106, 0], [157, 555, 548], [711, 806, 281],
[96, 138, 339], [808, 746, 962], [388, 51, 935], [933, 178, 414], [241, 171, 582], [13, 979, 607], [911, 73, 325], [814, 327, 431], [504, 174, 986], [51, 886, 481],
[332, 982, 310], [672, 790, 55], [323, 177, 797], [257, 800, 975], [362, 732, 145], [944, 745, 814], [550, 345, 888], [875, 849, 905], [996, 352, 79], [672, 404, 965],
[152, 736, 946], [462, 407, 425], [207, 420, 293], [694, 368, 92], [668, 730, 824], [503, 673, 259], [317, 914, 294], [895, 478, 143], [799, 474, 495], [568, 836, 899],
[532, 988, 325], [168, 140, 422], [593, 37, 843], [576, 732, 210], [359, 399, 940], [182, 593, 302], [131, 600, 906], [426, 184, 384], [569, 983, 548], [754, 241, 383],
[653, 773, 370]]
[[10, 5, 6, 8], [7, 6, 6, 9], [0, 7, 8, 1], [9, 9, 2, 1], [6, 0, 8, 7], [4, 5, 7, 4], [10, 0, 8, 4], [6, 3, 9, 5], [7, 2, 2, 3], [6, 9, 1, 7],
[3, 8, 6, 10], [4, 8, 9, 10], [6, 7, 4, 8], [10, 0, 0, 10], [9, 8, 1, 4], [0, 10, 8, 7], [1, 10, 8, 8], [6, 8, 2, 7], [5, 8, 6, 9], [3, 5, 6, 7],
[10, 10, 5, 9], [8, 5, 6, 7], [2, 7, 9, 0], [6, 6, 6, 6], [4, 1, 1, 8], [9, 3, 5, 1], [9, 9, 10, 1], [1, 3, 6, 0], [2, 0, 8, 9], [3, 3, 5, 3],
[0, 1, 4, 4], [8, 8, 8, 10], [9, 9, 7, 8], [10, 1, 7, 8], [9, 7, 7, 10], [8, 3, 9, 0], [1, 6, 7, 5], [7, 10, 8, 5], [0, 10, 8, 6], [7, 5, 5, 4],
[4, 2, 10, 1], [1, 6, 10, 10], [0, 4, 10, 9], [7, 8, 7, 9], [1, 3, 1, 6], [2, 9, 1, 2], [7, 9, 7, 3], [1, 1, 5, 3], [1, 4, 5, 3], [0, 2, 0, 0],
[6, 8, 7, 1]]
[1, 0.1, 0.1, 0.1, 0.1, 0.1, 0.1, 0.1, 0.1, 0.1,
0.1, 0.01, 0.01, 0.01, 0.01, 0.01, 0.01, 0.01, 0.01, 0.01,
0.01, 0.001, 0.001, 0.001, 0.001, 0.001, 0.001, 0.001, 0.001, 0.001,
0.001, 0.0001, 0.0001, 0.0001, 0.0001, 0.0001, 0.0001, 0.0001, 0.0001, 0.0001,
0.0001, 1e-05, 1e-05, 1e-05, 1e-05, 1e-05, 1e-05, 1e-05, 1e-05, 1e-05,
1e-05]
[15, 19, 14, 14, 20, 7, 8, 15, 1, 8,
1, 19, 0, 8, 16, 10, 15, 14, 1, 8,
20, 5, 5, 9, 15, 10, 17, 4, 14, 8,
17, 19, 2, 18, 15, 20, 17, 19, 1, 7,
1, 9, 3, 11, 1, 4, 13, 7, 10, 12,
5]
------------------------------------------------------- 
# stage = 6	# children c = 10	length of each stage p = 1	nodes = 50	# items I = 1
