[12, 9, 46, 15, 43, 46, 76, 30, 17, 44,
26, 8, 35, 38, 43, 87, 71, 74, 1, 57,
16, 81, 50, 70, 1, 12, 84, 90, 52, 78,
99, 30, 87, 11, 45, 96, 23, 88, 93, 41,
98, 85, 15, 32, 23, 24, 85, 60, 98, 87,
16, 80, 33, 32, 49, 34, 45, 32, 23, 63,
76, 89, 93, 28, 66, 4, 24, 89, 92, 83,
96, 89, 67, 10, 87, 90, 0, 38, 49, 98,
91, 32, 77, 23, 30, 92, 58, 75, 24, 47,
3, 100, 1, 63, 28, 67, 67, 18, 22, 24,
0]
[[3411, 2990, 1230], [963, 1816, 1138], [9, 1520, 3251], [2081, 3471, 678], [1933, 222, 983], [712, 3482, 2513], [1862, 3047, 1274], [914, 3925, 3514], [137, 1216, 2558], [274, 3503, 181],
[2805, 2930, 3171], [1022, 880, 1002], [2160, 1861, 3495], [2398, 930, 3953], [63, 2863, 190], [1046, 563, 659], [547, 2425, 693], [1821, 326, 633], [1351, 463, 2821], [896, 737, 2340],
[1077, 529, 2257], [1236, 1551, 124], [3210, 3711, 1985], [3692, 3097, 2915], [3660, 3160, 2766], [3850, 1194, 3329], [524, 1741, 2741], [2189, 549, 54], [2823, 1900, 517], [1659, 3769, 2227],
[986, 1833, 2756], [230, 3069, 1295], [354, 3267, 1993], [3312, 2974, 1105], [3214, 3622, 281], [1995, 3487, 1475], [2311, 999, 3216], [2039, 175, 3765], [2093, 2998, 2653], [3583, 1645, 2437],
[1825, 2631, 285], [1568, 3834, 342], [3835, 1175, 596], [1844, 502, 3570], [2949, 704, 194], [3230, 3671, 3682], [1692, 1998, 1668], [1895, 52, 1843], [2648, 3118, 1829], [1316, 2716, 3474],
[740, 556, 3092], [1997, 3096, 2941], [3311, 2947, 132], [3907, 806, 1606], [480, 742, 2310], [674, 960, 1997], [1343, 2652, 982], [3011, 563, 2006], [1842, 3211, 1139], [658, 1514, 3855],
[147, 2254, 1398], [3239, 1238, 510], [3168, 565, 444], [287, 487, 1250], [2865, 967, 1992], [2163, 2614, 3924], [175, 3957, 2592], [2129, 3956, 142], [150, 1813, 3353], [2262, 2471, 1854],
[2132, 3590, 1095], [518, 3816, 2333], [1028, 3971, 2898], [1472, 273, 373], [3694, 3139, 2312], [2673, 1317, 941], [2613, 2464, 914], [2192, 608, 885], [2334, 1730, 3670], [2674, 7, 3128],
[543, 3112, 2733], [1638, 3630, 3536], [958, 1645, 3523], [844, 104, 3796], [2189, 3798, 3922], [516, 3458, 2226], [1458, 2086, 705], [3344, 293, 2285], [1216, 3599, 1003], [901, 2288, 1982],
[1016, 3803, 1109], [3749, 2428, 1726], [287, 3387, 358], [3810, 1218, 462], [609, 3407, 1247], [1518, 3923, 721], [3745, 2368, 3779], [1437, 2699, 1060], [710, 3915, 674], [1713, 1803, 3935],
[682, 2819, 3753]]
[[10, 5, 10, 1], [0, 3, 6, 8], [6, 2, 1, 0], [10, 4, 4, 4], [5, 7, 9, 0], [9, 5, 2, 4], [5, 5, 9, 3], [6, 0, 7, 4], [5, 5, 5, 3], [6, 9, 1, 1],
[0, 2, 2, 0], [4, 4, 4, 7], [0, 0, 8, 7], [3, 10, 9, 9], [2, 7, 1, 7], [5, 7, 0, 10], [10, 5, 3, 5], [1, 4, 4, 2], [4, 4, 0, 9], [8, 4, 3, 7],
[2, 0, 1, 5], [10, 0, 1, 0], [5, 1, 7, 0], [8, 7, 10, 5], [10, 2, 8, 0], [4, 1, 2, 7], [6, 0, 3, 1], [4, 6, 8, 4], [7, 10, 8, 4], [8, 9, 4, 2],
[10, 0, 0, 5], [5, 0, 10, 4], [0, 5, 3, 3], [7, 3, 10, 0], [4, 2, 1, 6], [8, 8, 0, 2], [5, 8, 7, 2], [4, 9, 2, 2], [8, 3, 7, 2], [1, 5, 5, 10],
[10, 8, 2, 4], [0, 10, 4, 4], [10, 4, 0, 6], [1, 9, 8, 6], [4, 2, 6, 6], [10, 8, 8, 7], [9, 5, 7, 10], [8, 1, 8, 7], [7, 10, 1, 6], [8, 3, 10, 5],
[7, 8, 0, 6], [4, 7, 1, 8], [7, 5, 2, 6], [1, 10, 0, 10], [2, 6, 8, 10], [5, 5, 7, 2], [2, 6, 8, 10], [7, 5, 5, 2], [1, 3, 8, 5], [8, 8, 1, 5],
[2, 3, 9, 3], [0, 8, 1, 3], [3, 9, 2, 8], [3, 7, 8, 5], [0, 5, 3, 8], [9, 6, 10, 10], [7, 7, 2, 5], [2, 1, 8, 5], [4, 4, 6, 3], [1, 7, 6, 2],
[5, 8, 9, 6], [5, 6, 1, 5], [10, 2, 0, 6], [8, 10, 5, 4], [5, 5, 7, 7], [7, 4, 10, 9], [9, 4, 1, 8], [0, 7, 9, 4], [5, 7, 10, 8], [0, 9, 0, 8],
[0, 1, 3, 6], [9, 6, 9, 1], [1, 5, 7, 6], [8, 6, 4, 4], [10, 4, 10, 9], [0, 8, 2, 3], [2, 1, 9, 3], [0, 10, 0, 9], [0, 4, 5, 7], [10, 1, 9, 9],
[4, 5, 4, 1], [9, 7, 3, 7], [0, 3, 5, 9], [9, 7, 2, 1], [6, 9, 4, 4], [8, 2, 1, 6], [4, 4, 3, 2], [5, 1, 0, 9], [4, 5, 9, 2], [1, 1, 9, 10],
[2, 1, 8, 1]]
[1, 0.05, 0.05, 0.05, 0.05, 0.05, 0.05, 0.05, 0.05, 0.05,
0.05, 0.05, 0.05, 0.05, 0.05, 0.05, 0.05, 0.05, 0.05, 0.05,
0.05, 0.0025, 0.0025, 0.0025, 0.0025, 0.0025, 0.0025, 0.0025, 0.0025, 0.0025,
0.0025, 0.0025, 0.0025, 0.0025, 0.0025, 0.0025, 0.0025, 0.0025, 0.0025, 0.0025,
0.0025, 0.000125, 0.000125, 0.000125, 0.000125, 0.000125, 0.000125, 0.000125, 0.000125, 0.000125,
0.000125, 0.000125, 0.000125, 0.000125, 0.000125, 0.000125, 0.000125, 0.000125, 0.000125, 0.000125,
0.000125, 6.25e-06, 6.25e-06, 6.25e-06, 6.25e-06, 6.25e-06, 6.25e-06, 6.25e-06, 6.25e-06, 6.25e-06,
6.25e-06, 6.25e-06, 6.25e-06, 6.25e-06, 6.25e-06, 6.25e-06, 6.25e-06, 6.25e-06, 6.25e-06, 6.25e-06,
6.25e-06, 3.125e-07, 3.125e-07, 3.125e-07, 3.125e-07, 3.125e-07, 3.125e-07, 3.125e-07, 3.125e-07, 3.125e-07,
3.125e-07, 3.125e-07, 3.125e-07, 3.125e-07, 3.125e-07, 3.125e-07, 3.125e-07, 3.125e-07, 3.125e-07, 3.125e-07,
3.125e-07]
[5, 5, 16, 8, 3, 11, 13, 7, 15, 7,
3, 17, 7, 15, 10, 9, 14, 3, 15, 6,
5, 10, 14, 13, 2, 12, 15, 18, 15, 3,
15, 0, 18, 12, 0, 5, 8, 16, 8, 15,
2, 0, 17, 13, 15, 17, 0, 5, 6, 4,
8, 3, 8, 3, 1, 11, 7, 5, 14, 9,
6, 4, 8, 9, 11, 4, 7, 0, 19, 16,
15, 0, 2, 18, 8, 18, 18, 5, 8, 13,
19, 2, 9, 6, 11, 13, 13, 0, 3, 12,
18, 17, 16, 14, 8, 15, 9, 6, 5, 19,
18]
------------------------------------------------------- 
# stage = 6	# children c = 20	length of each stage p = 1	nodes = 100	# items I = 1
