[5, 17, 50, 62, 56, 23, 93, 8, 50, 2,
70, 54, 3, 11, 13, 67, 41, 75, 36, 45,
29, 76, 81, 89, 100, 33, 70, 40, 2, 63,
50, 8, 80, 0, 36, 1, 23, 95, 76, 40,
63, 45, 94, 67, 23, 73, 100, 64, 13, 35,
75]
[[1306, 828, 1588], [76, 1459, 1593], [1463, 160, 919], [1801, 1185, 1511], [1776, 121, 1169], [1311, 1345, 1177], [1092, 1570, 1864], [1449, 916, 1851], [1081, 1872, 43], [314, 1378, 1636],
[542, 794, 819], [239, 1116, 387], [188, 935, 548], [1107, 845, 88], [973, 976, 209], [252, 396, 1800], [1675, 1734, 1479], [4, 1292, 750], [1855, 728, 731], [7, 1043, 218],
[1889, 1831, 1258], [817, 426, 730], [1451, 614, 1665], [108, 76, 865], [442, 1049, 1841], [651, 1547, 592], [560, 1332, 435], [394, 1582, 82], [1144, 1546, 810], [230, 1800, 208],
[694, 1798, 149], [62, 725, 575], [1038, 285, 1435], [812, 639, 1511], [32, 1081, 915], [228, 87, 572], [820, 893, 259], [1501, 1287, 1841], [1583, 786, 1742], [748, 1016, 1651],
[957, 65, 1559], [1352, 127, 639], [282, 1411, 1170], [1717, 578, 164], [1337, 610, 1491], [361, 838, 1578], [1179, 1658, 826], [1438, 1514, 468], [1634, 1452, 1500], [1486, 310, 625],
[1246, 1513, 690]]
[[5, 9, 2, 9], [3, 8, 3, 1], [4, 0, 2, 4], [6, 3, 6, 2], [9, 8, 6, 2], [7, 6, 2, 9], [10, 7, 1, 7], [5, 6, 3, 9], [4, 5, 7, 7], [0, 8, 7, 2],
[6, 9, 7, 1], [10, 0, 1, 8], [9, 8, 9, 3], [1, 9, 1, 0], [5, 0, 5, 9], [6, 8, 7, 0], [0, 1, 5, 0], [10, 1, 2, 5], [8, 7, 5, 7], [8, 6, 3, 4],
[1, 1, 7, 0], [10, 6, 0, 3], [6, 3, 1, 10], [0, 6, 10, 9], [7, 5, 9, 4], [4, 10, 8, 2], [6, 2, 7, 3], [6, 10, 5, 6], [0, 1, 6, 9], [5, 5, 1, 9],
[8, 0, 9, 7], [6, 6, 5, 0], [9, 2, 5, 3], [1, 2, 3, 7], [2, 8, 0, 8], [8, 5, 1, 6], [5, 8, 2, 8], [2, 1, 5, 10], [1, 1, 4, 7], [7, 10, 6, 6],
[1, 0, 7, 2], [0, 8, 7, 0], [5, 7, 8, 2], [0, 8, 7, 3], [5, 9, 9, 7], [0, 3, 4, 10], [2, 7, 5, 10], [6, 0, 3, 5], [0, 8, 5, 9], [5, 1, 9, 10],
[7, 4, 0, 5]]
[1, 0.1, 0.1, 0.1, 0.1, 0.1, 0.1, 0.1, 0.1, 0.1,
0.1, 0.01, 0.01, 0.01, 0.01, 0.01, 0.01, 0.01, 0.01, 0.01,
0.01, 0.001, 0.001, 0.001, 0.001, 0.001, 0.001, 0.001, 0.001, 0.001,
0.001, 0.0001, 0.0001, 0.0001, 0.0001, 0.0001, 0.0001, 0.0001, 0.0001, 0.0001,
0.0001, 1e-05, 1e-05, 1e-05, 1e-05, 1e-05, 1e-05, 1e-05, 1e-05, 1e-05,
1e-05]
[3, 9, 4, 9, 6, 9, 1, 0, 2, 6,
7, 8, 7, 1, 1, 4, 3, 4, 1, 9,
7, 9, 6, 2, 2, 2, 5, 6, 1, 3,
4, 9, 4, 7, 1, 7, 7, 0, 9, 6,
0, 5, 9, 4, 2, 8, 8, 6, 5, 0,
4]
------------------------------------------------------- 
# stage = 6	# children c = 10	length of each stage p = 1	nodes = 50	# items I = 1
