[65, 29, 73, 29, 14, 13, 3, 2, 80, 79,
76, 24, 76, 78, 37, 72, 25, 56, 61, 21,
45, 43, 76, 93, 51, 4, 49, 61, 49, 39,
67, 13, 69, 39, 9, 49, 18, 79, 51, 99,
23, 93, 89, 100, 37, 25, 37, 62, 82, 98,
49, 93, 6, 91, 51, 23, 95, 100, 85, 44,
5, 51, 23, 40, 56, 99, 89, 75, 78, 5,
39, 67, 98, 27, 66, 0, 18, 2, 28, 100,
66, 44, 59, 39, 34, 9, 62, 29, 9, 46,
39, 81, 63, 28, 20, 86, 27, 8, 26, 71,
80]
[[702, 333, 972], [443, 747, 320], [81, 714, 686], [546, 725, 544], [960, 433, 866], [938, 609, 607], [439, 748, 630], [956, 815, 1010], [272, 972, 361], [261, 476, 2],
[811, 490, 683], [748, 933, 742], [32, 1015, 421], [31, 873, 458], [575, 797, 891], [405, 11, 813], [324, 450, 525], [954, 719, 305], [240, 991, 241], [602, 564, 29],
[604, 339, 867], [599, 51, 76], [306, 432, 403], [727, 463, 240], [497, 350, 349], [352, 67, 360], [477, 392, 123], [1003, 310, 154], [620, 899, 109], [173, 465, 673],
[550, 381, 324], [381, 292, 376], [457, 598, 120], [173, 637, 583], [413, 98, 245], [763, 799, 312], [435, 240, 704], [558, 555, 327], [24, 139, 190], [133, 660, 1003],
[118, 174, 696], [791, 555, 988], [131, 325, 551], [599, 498, 500], [146, 223, 599], [391, 986, 362], [703, 734, 950], [720, 604, 470], [359, 629, 957], [549, 74, 582],
[864, 541, 756], [524, 296, 624], [824, 427, 949], [687, 1026, 759], [152, 484, 982], [751, 187, 245], [425, 202, 979], [339, 234, 547], [121, 593, 140], [43, 106, 215],
[625, 282, 756], [693, 118, 16], [281, 943, 791], [542, 594, 93], [613, 58, 925], [560, 121, 424], [117, 546, 626], [60, 198, 861], [955, 319, 766], [60, 710, 185],
[623, 299, 467], [343, 993, 586], [707, 586, 841], [810, 93, 399], [903, 18, 458], [104, 578, 927], [528, 7, 438], [118, 67, 984], [291, 1023, 615], [370, 395, 290],
[555, 1018, 937], [1022, 673, 206], [920, 692, 793], [725, 466, 198], [437, 681, 216], [207, 785, 107], [98, 277, 114], [884, 743, 530], [832, 347, 865], [412, 717, 572],
[14, 236, 902], [951, 570, 887], [470, 455, 543], [227, 492, 1009], [773, 929, 1002], [301, 100, 751], [756, 547, 340], [183, 395, 47], [25, 192, 742], [202, 952, 423],
[774, 966, 1007]]
[[10, 4, 5, 4], [7, 10, 10, 8], [5, 5, 9, 2], [2, 3, 5, 0], [1, 2, 4, 1], [9, 2, 10, 0], [6, 8, 2, 8], [8, 8, 2, 7], [0, 8, 9, 7], [5, 9, 2, 10],
[1, 0, 0, 3], [3, 5, 1, 3], [7, 6, 2, 5], [6, 1, 3, 2], [10, 6, 8, 7], [3, 0, 2, 3], [6, 9, 8, 9], [5, 0, 8, 6], [9, 6, 9, 2], [0, 0, 3, 7],
[4, 5, 10, 10], [6, 3, 10, 3], [7, 6, 9, 8], [6, 0, 10, 10], [9, 7, 8, 4], [5, 3, 8, 4], [10, 7, 4, 8], [5, 7, 3, 7], [1, 2, 4, 5], [3, 4, 9, 10],
[10, 7, 8, 3], [5, 5, 0, 1], [1, 8, 3, 5], [9, 1, 9, 6], [6, 0, 4, 9], [7, 7, 5, 6], [7, 9, 0, 0], [0, 7, 10, 8], [1, 5, 0, 4], [10, 9, 6, 10],
[4, 9, 2, 3], [8, 0, 7, 3], [9, 0, 1, 5], [5, 4, 0, 2], [3, 9, 2, 3], [4, 10, 10, 5], [3, 10, 10, 0], [7, 3, 8, 0], [10, 10, 3, 8], [8, 0, 9, 6],
[9, 0, 0, 4], [2, 9, 4, 5], [6, 4, 7, 10], [3, 6, 2, 4], [3, 10, 3, 10], [2, 0, 0, 2], [0, 1, 10, 8], [10, 8, 2, 7], [6, 0, 0, 9], [10, 4, 1, 3],
[8, 6, 2, 9], [10, 4, 1, 1], [2, 4, 9, 4], [4, 7, 6, 2], [9, 3, 9, 6], [10, 0, 2, 3], [0, 0, 1, 8], [2, 1, 0, 10], [5, 2, 7, 5], [5, 6, 6, 7],
[10, 2, 9, 1], [10, 3, 4, 6], [6, 2, 1, 3], [2, 2, 7, 0], [2, 6, 9, 5], [7, 9, 2, 2], [1, 7, 5, 4], [2, 9, 9, 10], [0, 7, 1, 10], [10, 3, 3, 4],
[5, 3, 7, 5], [5, 3, 3, 5], [10, 1, 8, 4], [0, 9, 4, 10], [3, 9, 1, 6], [7, 10, 3, 8], [6, 2, 5, 6], [5, 9, 10, 8], [1, 4, 0, 4], [8, 4, 7, 5],
[5, 5, 9, 3], [3, 3, 2, 6], [1, 3, 10, 7], [0, 1, 2, 7], [3, 7, 0, 9], [3, 8, 4, 2], [1, 5, 4, 7], [9, 1, 1, 1], [6, 0, 3, 7], [3, 5, 0, 2],
[7, 9, 9, 7]]
[1, 0.05, 0.05, 0.05, 0.05, 0.05, 0.05, 0.05, 0.05, 0.05,
0.05, 0.05, 0.05, 0.05, 0.05, 0.05, 0.05, 0.05, 0.05, 0.05,
0.05, 0.0025, 0.0025, 0.0025, 0.0025, 0.0025, 0.0025, 0.0025, 0.0025, 0.0025,
0.0025, 0.0025, 0.0025, 0.0025, 0.0025, 0.0025, 0.0025, 0.0025, 0.0025, 0.0025,
0.0025, 0.000125, 0.000125, 0.000125, 0.000125, 0.000125, 0.000125, 0.000125, 0.000125, 0.000125,
0.000125, 0.000125, 0.000125, 0.000125, 0.000125, 0.000125, 0.000125, 0.000125, 0.000125, 0.000125,
0.000125, 6.25e-06, 6.25e-06, 6.25e-06, 6.25e-06, 6.25e-06, 6.25e-06, 6.25e-06, 6.25e-06, 6.25e-06,
6.25e-06, 6.25e-06, 6.25e-06, 6.25e-06, 6.25e-06, 6.25e-06, 6.25e-06, 6.25e-06, 6.25e-06, 6.25e-06,
6.25e-06, 3.125e-07, 3.125e-07, 3.125e-07, 3.125e-07, 3.125e-07, 3.125e-07, 3.125e-07, 3.125e-07, 3.125e-07,
3.125e-07, 3.125e-07, 3.125e-07, 3.125e-07, 3.125e-07, 3.125e-07, 3.125e-07, 3.125e-07, 3.125e-07, 3.125e-07,
3.125e-07]
[4, 2, 0, 10, 2, 0, 2, 9, 6, 9,
10, 9, 0, 3, 3, 9, 0, 0, 5, 2,
2, 1, 5, 10, 6, 4, 8, 8, 5, 1,
4, 1, 9, 2, 7, 9, 5, 9, 6, 9,
3, 6, 3, 7, 10, 2, 5, 6, 2, 5,
10, 6, 9, 0, 9, 4, 7, 9, 9, 6,
1, 0, 7, 8, 9, 5, 0, 9, 3, 1,
3, 10, 3, 8, 0, 10, 5, 4, 2, 8,
9, 7, 1, 8, 10, 1, 1, 10, 6, 6,
4, 5, 1, 10, 7, 1, 8, 3, 0, 0,
5]
------------------------------------------------------- 
# stage = 6	# children c = 20	length of each stage p = 1	nodes = 100	# items I = 1
