[50, 25, 60, 0, 43, 36, 55, 46, 9, 4,
24, 73, 33, 87, 26, 85, 61, 55, 30, 99,
62, 59, 1, 7, 28, 31, 99, 84, 23, 69,
97, 39, 95, 56, 39, 3, 58, 60, 15, 68,
31, 40, 6, 64, 26, 99, 48, 53, 53, 44,
52, 14, 69, 19, 89, 97, 50, 53, 46, 39,
21, 42, 78, 82, 64, 84, 86, 22, 43, 0,
56, 40, 40, 28, 4, 32, 27, 18, 52, 46,
63, 3, 27, 98, 22, 15, 95, 72, 34, 40,
77, 55, 49, 54, 3, 79, 3, 55, 67, 47,
55]
[[1736, 2853, 540], [3461, 3113, 2691], [1223, 652, 3387], [3078, 3559, 348], [978, 901, 247], [3202, 3836, 1640], [305, 257, 2830], [1700, 2779, 1105], [3015, 3411, 3804], [1030, 1785, 1066],
[3682, 3521, 3851], [272, 3101, 3083], [2963, 442, 3735], [2400, 3452, 3344], [2748, 548, 296], [2996, 3751, 182], [754, 174, 372], [3516, 1807, 3151], [671, 872, 2613], [593, 1902, 448],
[1591, 1634, 88], [1561, 1839, 3121], [762, 852, 3495], [547, 3253, 2998], [3824, 2051, 3546], [170, 1097, 3347], [352, 1783, 3454], [656, 1417, 1379], [3808, 2088, 2251], [2471, 2681, 203],
[2919, 323, 1769], [2939, 1884, 3608], [2110, 2578, 579], [1656, 3057, 3764], [772, 2999, 1933], [368, 3101, 2963], [3716, 3454, 864], [3220, 160, 2282], [717, 86, 488], [2900, 2489, 3102],
[3035, 1459, 3425], [922, 516, 1359], [581, 2559, 55], [1092, 333, 3112], [974, 1037, 2162], [2839, 1405, 1381], [1920, 1171, 885], [2785, 509, 1046], [1117, 1158, 1064], [1537, 108, 3554],
[757, 3075, 1063], [232, 116, 1511], [1591, 629, 188], [1578, 1721, 453], [809, 2627, 1490], [2971, 1516, 2828], [402, 3437, 117], [1288, 2272, 559], [2334, 3389, 1649], [3330, 976, 1758],
[2934, 1734, 951], [115, 1898, 999], [1627, 3422, 1628], [1747, 1118, 3281], [2201, 1859, 2026], [3623, 880, 3543], [2569, 1283, 3030], [2619, 2571, 1352], [3110, 955, 791], [877, 335, 1767],
[2635, 3270, 3433], [3519, 3317, 1450], [568, 1062, 922], [2197, 2810, 2040], [1528, 1061, 18], [3555, 802, 830], [3148, 3304, 2113], [2228, 1973, 734], [3580, 1201, 1621], [489, 2078, 1957],
[2188, 764, 1277], [1740, 333, 712], [3122, 901, 1775], [162, 3030, 635], [2202, 677, 1628], [2152, 282, 2362], [2983, 3430, 1716], [1146, 1708, 3689], [1881, 1406, 940], [3434, 1827, 2951],
[1441, 133, 3715], [2718, 1873, 98], [3431, 1113, 999], [1256, 1207, 148], [1823, 3342, 757], [3451, 1612, 1039], [1863, 645, 519], [3580, 1724, 2227], [3387, 3537, 3565], [378, 3089, 1510],
[3329, 649, 1575]]
[[10, 0, 8, 4], [4, 6, 8, 10], [3, 3, 4, 6], [6, 6, 1, 7], [0, 0, 5, 0], [1, 2, 1, 7], [9, 8, 7, 0], [5, 5, 9, 2], [4, 4, 4, 8], [0, 10, 5, 1],
[3, 7, 8, 9], [3, 7, 4, 1], [8, 9, 1, 7], [9, 0, 1, 5], [9, 9, 5, 1], [3, 4, 1, 5], [6, 6, 1, 6], [5, 6, 8, 6], [3, 3, 3, 4], [10, 5, 5, 5],
[1, 5, 2, 9], [5, 3, 3, 1], [10, 7, 0, 1], [9, 2, 6, 4], [6, 7, 0, 9], [1, 6, 5, 2], [9, 6, 6, 8], [9, 9, 3, 10], [1, 3, 6, 5], [4, 10, 6, 4],
[6, 5, 3, 4], [7, 9, 8, 0], [4, 6, 9, 3], [10, 1, 5, 6], [7, 9, 4, 3], [5, 5, 3, 7], [6, 9, 1, 8], [6, 5, 1, 10], [10, 2, 3, 4], [10, 10, 4, 3],
[3, 3, 4, 3], [4, 9, 7, 10], [5, 0, 2, 10], [3, 3, 4, 7], [0, 5, 5, 6], [0, 4, 6, 8], [7, 7, 2, 6], [4, 6, 7, 8], [7, 0, 9, 1], [7, 5, 9, 1],
[4, 0, 9, 5], [4, 3, 0, 4], [8, 5, 8, 6], [9, 1, 2, 3], [9, 4, 9, 2], [8, 3, 8, 5], [3, 4, 4, 10], [8, 2, 9, 1], [2, 8, 4, 4], [0, 4, 6, 6],
[7, 4, 0, 4], [5, 2, 7, 1], [4, 6, 4, 1], [7, 10, 4, 0], [4, 8, 8, 1], [10, 7, 0, 0], [2, 2, 4, 0], [5, 0, 6, 1], [2, 4, 5, 5], [6, 2, 7, 8],
[6, 9, 10, 2], [8, 3, 0, 10], [1, 9, 9, 9], [3, 7, 9, 3], [10, 3, 3, 4], [1, 7, 3, 1], [1, 9, 6, 5], [9, 0, 3, 4], [7, 0, 4, 3], [3, 5, 2, 2],
[1, 10, 1, 2], [6, 8, 3, 5], [0, 6, 7, 10], [2, 0, 0, 1], [7, 5, 5, 5], [5, 8, 7, 2], [8, 0, 5, 9], [3, 5, 10, 2], [4, 9, 2, 0], [6, 5, 3, 5],
[0, 9, 4, 1], [7, 5, 0, 3], [8, 5, 6, 2], [0, 2, 2, 6], [0, 5, 3, 4], [0, 2, 4, 2], [0, 7, 0, 6], [1, 2, 0, 0], [0, 3, 10, 7], [6, 8, 8, 3],
[3, 3, 3, 1]]
[1, 0.05, 0.05, 0.05, 0.05, 0.05, 0.05, 0.05, 0.05, 0.05,
0.05, 0.05, 0.05, 0.05, 0.05, 0.05, 0.05, 0.05, 0.05, 0.05,
0.05, 0.0025, 0.0025, 0.0025, 0.0025, 0.0025, 0.0025, 0.0025, 0.0025, 0.0025,
0.0025, 0.0025, 0.0025, 0.0025, 0.0025, 0.0025, 0.0025, 0.0025, 0.0025, 0.0025,
0.0025, 0.000125, 0.000125, 0.000125, 0.000125, 0.000125, 0.000125, 0.000125, 0.000125, 0.000125,
0.000125, 0.000125, 0.000125, 0.000125, 0.000125, 0.000125, 0.000125, 0.000125, 0.000125, 0.000125,
0.000125, 6.25e-06, 6.25e-06, 6.25e-06, 6.25e-06, 6.25e-06, 6.25e-06, 6.25e-06, 6.25e-06, 6.25e-06,
6.25e-06, 6.25e-06, 6.25e-06, 6.25e-06, 6.25e-06, 6.25e-06, 6.25e-06, 6.25e-06, 6.25e-06, 6.25e-06,
6.25e-06, 3.125e-07, 3.125e-07, 3.125e-07, 3.125e-07, 3.125e-07, 3.125e-07, 3.125e-07, 3.125e-07, 3.125e-07,
3.125e-07, 3.125e-07, 3.125e-07, 3.125e-07, 3.125e-07, 3.125e-07, 3.125e-07, 3.125e-07, 3.125e-07, 3.125e-07,
3.125e-07]
[1, 14, 16, 18, 19, 4, 2, 1, 14, 10,
5, 17, 11, 10, 13, 18, 9, 15, 0, 13,
19, 2, 16, 14, 12, 12, 15, 14, 13, 11,
10, 6, 14, 5, 11, 18, 8, 17, 15, 18,
7, 17, 3, 1, 7, 7, 7, 1, 19, 8,
9, 13, 18, 5, 13, 13, 17, 15, 13, 0,
13, 10, 5, 14, 10, 19, 12, 8, 3, 7,
8, 9, 2, 9, 4, 16, 2, 2, 2, 16,
14, 4, 19, 0, 10, 3, 0, 8, 0, 18,
12, 6, 5, 5, 1, 12, 8, 14, 6, 2,
15]
------------------------------------------------------- 
# stage = 6	# children c = 20	length of each stage p = 1	nodes = 100	# items I = 1
