[6, 52, 54, 98, 30, 24, 95, 66, 38, 77,
79, 78, 32, 56, 80, 56, 74, 10, 22, 67,
79, 17, 52, 3, 47, 15, 94, 82, 97, 95,
46, 2, 46, 66, 66, 76, 91, 27, 41, 28,
3, 86, 72, 35, 7, 52, 58, 81, 62, 46,
14, 40, 63, 32, 9, 9, 13, 69, 58, 9,
63, 3, 79, 8, 69, 10, 84, 25, 37, 91,
54, 6, 43, 25, 42, 50, 43, 66, 98, 4,
11, 78, 10, 74, 76, 19, 49, 55, 55, 6,
65, 17, 76, 9, 26, 11, 19, 76, 36, 23,
67, 90, 29, 76, 82, 71, 92, 91, 2, 55,
62, 13, 32, 72, 87, 74, 58, 2, 29, 12,
75]
[[774, 475, 1814], [1972, 1666, 1438], [1473, 789, 1644], [529, 501, 758], [287, 590, 283], [50, 2089, 989], [1411, 1735, 852], [1076, 1126, 38], [841, 896, 2079], [1564, 1816, 1976],
[790, 484, 346], [498, 690, 2012], [170, 57, 1036], [1814, 927, 1537], [807, 1554, 22], [1430, 1944, 345], [313, 1250, 2080], [1506, 560, 1441], [1884, 1741, 571], [1857, 1200, 281],
[1728, 1990, 1105], [2074, 722, 1795], [1980, 893, 86], [910, 941, 1013], [342, 1748, 462], [704, 1073, 300], [1049, 1726, 1890], [1364, 1466, 345], [699, 1245, 2086], [1270, 996, 1520],
[1551, 618, 1744], [890, 586, 361], [579, 801, 1594], [665, 2051, 429], [1679, 627, 72], [375, 1671, 1485], [1015, 615, 1105], [1140, 1979, 466], [1485, 912, 2051], [1805, 416, 941],
[1560, 1967, 1900], [1198, 751, 720], [1899, 1670, 1521], [1387, 229, 1807], [51, 142, 668], [123, 857, 234], [1948, 107, 1189], [1287, 1247, 1402], [1753, 966, 208], [2038, 1005, 624],
[874, 459, 825], [668, 1658, 1916], [1388, 1791, 1480], [1144, 1073, 2049], [1185, 1124, 86], [87, 1587, 1283], [321, 1429, 1390], [1510, 610, 531], [806, 598, 1497], [1354, 530, 397],
[1978, 1744, 1196], [1037, 646, 1088], [847, 269, 774], [561, 1753, 1847], [505, 832, 1205], [931, 919, 1026], [108, 1581, 349], [1839, 1325, 1299], [604, 366, 131], [336, 1720, 1002],
[1073, 1933, 980], [163, 1204, 1627], [1252, 2052, 130], [2026, 847, 1883], [1, 1352, 949], [1206, 517, 102], [126, 966, 1683], [815, 699, 1243], [348, 1303, 1609], [480, 1979, 1563],
[1822, 946, 1390], [696, 1110, 489], [557, 256, 775], [687, 516, 1622], [464, 517, 1209], [1753, 2063, 1726], [1856, 423, 586], [1773, 1238, 1625], [910, 1926, 1163], [753, 640, 1036],
[211, 356, 1983], [1941, 1393, 1327], [324, 1950, 1583], [1439, 532, 333], [1296, 1336, 850], [399, 984, 1147], [359, 734, 1570], [1286, 741, 1042], [805, 1992, 862], [202, 639, 1843],
[1579, 1190, 93], [1456, 1026, 1486], [677, 1690, 1331], [494, 1364, 97], [1167, 554, 1433], [251, 953, 311], [1398, 1312, 1385], [862, 492, 361], [138, 1638, 247], [1340, 74, 1226],
[1077, 1653, 651], [1171, 1343, 2017], [891, 254, 1601], [456, 1088, 1199], [553, 149, 1753], [221, 400, 940], [872, 1798, 147], [152, 894, 979], [853, 1032, 851], [1440, 267, 1266],
[900, 1344, 813]]
[[0, 9, 0, 10], [1, 5, 1, 0], [4, 5, 3, 10], [6, 2, 8, 3], [3, 7, 8, 10], [5, 5, 1, 3], [3, 5, 4, 4], [8, 7, 9, 8], [5, 9, 5, 5], [1, 6, 3, 6],
[1, 4, 3, 5], [6, 0, 6, 9], [7, 1, 6, 0], [5, 8, 1, 6], [2, 5, 10, 10], [10, 8, 5, 2], [5, 10, 7, 4], [3, 8, 8, 2], [1, 0, 7, 7], [0, 1, 4, 6],
[0, 10, 4, 5], [7, 5, 0, 9], [8, 8, 6, 7], [4, 0, 9, 9], [8, 4, 0, 1], [1, 7, 3, 3], [7, 9, 8, 6], [10, 1, 1, 8], [1, 5, 3, 6], [8, 1, 3, 5],
[10, 9, 1, 1], [8, 8, 8, 5], [10, 8, 6, 1], [4, 10, 2, 10], [6, 10, 5, 3], [1, 4, 0, 0], [7, 3, 4, 4], [3, 7, 7, 0], [4, 6, 1, 1], [3, 9, 6, 3],
[6, 0, 2, 9], [8, 4, 8, 3], [3, 0, 6, 2], [4, 6, 2, 9], [8, 5, 0, 9], [10, 7, 9, 3], [2, 10, 2, 3], [6, 7, 4, 10], [7, 6, 8, 4], [8, 3, 5, 1],
[3, 0, 3, 5], [4, 4, 1, 10], [7, 1, 8, 6], [8, 6, 10, 8], [3, 10, 10, 9], [6, 3, 7, 2], [8, 4, 4, 5], [6, 9, 4, 7], [7, 8, 2, 1], [10, 3, 0, 4],
[3, 7, 10, 9], [2, 7, 7, 4], [7, 4, 0, 2], [7, 7, 3, 4], [10, 7, 8, 5], [4, 1, 1, 0], [7, 1, 1, 4], [3, 0, 8, 6], [7, 8, 2, 7], [2, 9, 0, 9],
[2, 10, 10, 8], [6, 0, 10, 5], [7, 7, 8, 9], [7, 10, 10, 3], [9, 9, 6, 1], [9, 3, 5, 3], [9, 8, 0, 10], [4, 9, 6, 5], [8, 5, 2, 2], [5, 10, 7, 0],
[5, 3, 9, 1], [2, 6, 2, 0], [5, 8, 0, 1], [10, 5, 5, 6], [2, 5, 5, 7], [1, 1, 1, 10], [4, 1, 1, 8], [0, 6, 8, 5], [9, 4, 6, 9], [9, 7, 10, 3],
[4, 10, 2, 1], [2, 7, 8, 5], [10, 2, 10, 1], [1, 0, 0, 6], [1, 10, 3, 10], [5, 9, 5, 4], [0, 9, 2, 9], [5, 10, 10, 8], [7, 2, 9, 10], [7, 4, 2, 5],
[5, 1, 6, 6], [10, 4, 10, 9], [1, 0, 8, 6], [9, 0, 8, 10], [10, 9, 6, 2], [6, 4, 10, 3], [6, 7, 0, 0], [9, 0, 5, 3], [10, 9, 8, 9], [0, 7, 5, 1],
[8, 0, 6, 4], [1, 1, 1, 9], [8, 6, 0, 4], [10, 9, 5, 3], [3, 5, 3, 1], [3, 7, 5, 2], [3, 0, 9, 2], [7, 3, 1, 2], [3, 7, 5, 2], [7, 6, 0, 4],
[1, 10, 6, 0]]
[1, 0.05, 0.05, 0.05, 0.05, 0.05, 0.05, 0.05, 0.05, 0.05,
0.05, 0.05, 0.05, 0.05, 0.05, 0.05, 0.05, 0.05, 0.05, 0.05,
0.05, 0.0025, 0.0025, 0.0025, 0.0025, 0.0025, 0.0025, 0.0025, 0.0025, 0.0025,
0.0025, 0.0025, 0.0025, 0.0025, 0.0025, 0.0025, 0.0025, 0.0025, 0.0025, 0.0025,
0.0025, 0.000125, 0.000125, 0.000125, 0.000125, 0.000125, 0.000125, 0.000125, 0.000125, 0.000125,
0.000125, 0.000125, 0.000125, 0.000125, 0.000125, 0.000125, 0.000125, 0.000125, 0.000125, 0.000125,
0.000125, 6.25e-06, 6.25e-06, 6.25e-06, 6.25e-06, 6.25e-06, 6.25e-06, 6.25e-06, 6.25e-06, 6.25e-06,
6.25e-06, 6.25e-06, 6.25e-06, 6.25e-06, 6.25e-06, 6.25e-06, 6.25e-06, 6.25e-06, 6.25e-06, 6.25e-06,
6.25e-06, 3.125e-07, 3.125e-07, 3.125e-07, 3.125e-07, 3.125e-07, 3.125e-07, 3.125e-07, 3.125e-07, 3.125e-07,
3.125e-07, 3.125e-07, 3.125e-07, 3.125e-07, 3.125e-07, 3.125e-07, 3.125e-07, 3.125e-07, 3.125e-07, 3.125e-07,
3.125e-07, 1.5625e-08, 1.5625e-08, 1.5625e-08, 1.5625e-08, 1.5625e-08, 1.5625e-08, 1.5625e-08, 1.5625e-08, 1.5625e-08,
1.5625e-08, 1.5625e-08, 1.5625e-08, 1.5625e-08, 1.5625e-08, 1.5625e-08, 1.5625e-08, 1.5625e-08, 1.5625e-08, 1.5625e-08,
1.5625e-08]
[7, 4, 5, 6, 2, 1, 9, 0, 10, 10,
9, 9, 3, 0, 4, 1, 2, 7, 5, 10,
10, 3, 0, 0, 5, 8, 6, 2, 1, 5,
4, 2, 8, 10, 10, 6, 6, 2, 7, 2,
10, 1, 2, 0, 2, 7, 10, 9, 6, 4,
2, 0, 4, 2, 1, 10, 9, 2, 0, 2,
6, 6, 4, 8, 10, 10, 7, 9, 8, 9,
1, 8, 6, 8, 0, 6, 4, 9, 4, 4,
6, 2, 9, 10, 7, 5, 3, 3, 9, 1,
8, 4, 8, 7, 7, 10, 10, 0, 8, 4,
6, 9, 6, 7, 1, 3, 3, 6, 10, 7,
10, 4, 4, 5, 3, 4, 1, 6, 3, 0,
9]
------------------------------------------------------- 
# stage = 7	# children c = 20	length of each stage p = 1	nodes = 120	# items I = 1
