[45, 51, 78, 78, 93, 85, 6, 52, 71, 37,
57, 97, 73, 28, 88, 72, 4, 14, 94, 62,
29, 92, 79, 69, 6, 0, 60, 19, 35, 27,
31, 80, 79, 75, 24, 71, 59, 97, 22, 96,
33, 46, 93, 73, 40, 80, 10, 45, 94, 3,
6, 23, 95, 51, 58, 68, 17, 84, 87, 18,
11, 84, 99, 56, 59, 89, 26, 17, 85, 14,
80]
[[785, 471, 682], [916, 127, 922], [84, 684, 68], [643, 620, 249], [251, 920, 389], [908, 723, 431], [229, 884, 645], [356, 324, 608], [263, 17, 191], [906, 507, 743],
[680, 268, 191], [338, 159, 316], [237, 242, 1001], [304, 885, 598], [553, 112, 493], [942, 1018, 192], [348, 224, 53], [991, 580, 375], [576, 842, 393], [765, 725, 898],
[484, 382, 141], [673, 720, 301], [990, 956, 541], [968, 237, 403], [541, 788, 513], [10, 707, 507], [200, 30, 731], [251, 1021, 287], [627, 573, 106], [1018, 315, 831],
[891, 799, 188], [10, 450, 907], [309, 417, 840], [850, 360, 54], [228, 899, 842], [742, 907, 524], [226, 84, 554], [955, 336, 550], [219, 961, 100], [325, 956, 416],
[131, 824, 190], [320, 832, 638], [204, 118, 30], [21, 968, 388], [73, 172, 265], [913, 912, 147], [414, 115, 232], [966, 45, 566], [493, 265, 504], [594, 588, 435],
[1008, 720, 236], [173, 17, 44], [812, 219, 162], [840, 240, 106], [206, 311, 278], [471, 201, 167], [618, 613, 280], [848, 556, 323], [389, 24, 588], [893, 618, 152],
[303, 601, 872], [540, 775, 887], [584, 562, 83], [744, 379, 321], [848, 585, 632], [101, 31, 833], [266, 648, 423], [544, 471, 977], [868, 861, 1001], [431, 729, 595],
[583, 10, 173]]
[[4, 3, 8, 5], [6, 9, 5, 5], [6, 10, 1, 0], [5, 7, 8, 7], [8, 4, 0, 0], [1, 6, 10, 1], [3, 1, 4, 10], [2, 3, 1, 7], [6, 9, 10, 10], [5, 3, 2, 9],
[0, 1, 10, 5], [8, 5, 1, 3], [9, 10, 2, 9], [6, 10, 10, 7], [1, 2, 4, 3], [5, 5, 8, 9], [1, 6, 9, 4], [9, 9, 3, 9], [0, 0, 2, 8], [5, 3, 10, 1],
[1, 1, 10, 5], [0, 8, 1, 10], [10, 6, 3, 2], [9, 9, 9, 0], [4, 5, 4, 2], [4, 5, 10, 4], [5, 1, 1, 8], [2, 9, 10, 3], [10, 7, 8, 9], [2, 8, 8, 10],
[3, 9, 10, 10], [8, 9, 10, 10], [3, 2, 0, 7], [7, 8, 9, 0], [9, 9, 8, 0], [7, 5, 2, 7], [2, 8, 3, 2], [5, 0, 2, 6], [8, 1, 6, 3], [8, 3, 2, 1],
[3, 0, 6, 0], [8, 5, 9, 6], [3, 6, 5, 10], [1, 5, 4, 1], [0, 7, 3, 6], [6, 5, 10, 3], [5, 5, 4, 2], [7, 4, 1, 10], [5, 6, 8, 2], [0, 6, 7, 1],
[0, 10, 9, 1], [2, 1, 0, 2], [8, 3, 8, 1], [7, 6, 2, 10], [9, 6, 10, 5], [9, 1, 5, 3], [7, 0, 3, 5], [7, 10, 6, 7], [7, 2, 6, 9], [3, 6, 1, 10],
[7, 7, 0, 3], [2, 1, 0, 1], [5, 0, 6, 3], [1, 9, 6, 6], [10, 10, 0, 6], [7, 4, 0, 4], [6, 4, 2, 10], [10, 1, 9, 4], [9, 7, 6, 0], [6, 6, 1, 1],
[6, 6, 4, 5]]
[1, 0.1, 0.1, 0.1, 0.1, 0.1, 0.1, 0.1, 0.1, 0.1,
0.1, 0.01, 0.01, 0.01, 0.01, 0.01, 0.01, 0.01, 0.01, 0.01,
0.01, 0.001, 0.001, 0.001, 0.001, 0.001, 0.001, 0.001, 0.001, 0.001,
0.001, 0.0001, 0.0001, 0.0001, 0.0001, 0.0001, 0.0001, 0.0001, 0.0001, 0.0001,
0.0001, 1e-05, 1e-05, 1e-05, 1e-05, 1e-05, 1e-05, 1e-05, 1e-05, 1e-05,
1e-05, 1e-06, 1e-06, 1e-06, 1e-06, 1e-06, 1e-06, 1e-06, 1e-06, 1e-06,
1e-06, 1e-07, 1e-07, 1e-07, 1e-07, 1e-07, 1e-07, 1e-07, 1e-07, 1e-07,
1e-07]
[20, 20, 9, 5, 2, 10, 11, 16, 13, 18,
18, 1, 11, 2, 16, 13, 17, 14, 1, 3,
8, 20, 0, 2, 9, 0, 3, 9, 3, 8,
9, 11, 9, 6, 19, 11, 1, 4, 1, 12,
1, 10, 10, 18, 10, 7, 2, 20, 20, 17,
14, 1, 14, 12, 7, 0, 13, 11, 10, 12,
10, 15, 15, 1, 16, 7, 4, 20, 11, 11,
14]
------------------------------------------------------- 
# stage = 8	# children c = 10	length of each stage p = 1	nodes = 70	# items I = 1
