[83, 37, 22, 34, 65, 13, 51, 30, 43, 24,
8, 44, 9, 94, 85, 100, 33, 87, 99, 26,
22, 8, 46, 39, 48, 56, 39, 38, 53, 89,
84, 1, 26, 72, 35, 57, 51, 52, 54, 95,
77, 62, 4, 52, 55, 56, 18, 88, 42, 16,
81, 31, 24, 93, 70, 38, 48, 8, 76, 67,
64]
[[642, 1093, 1340], [1532, 1185, 1554], [1358, 232, 1058], [2032, 521, 461], [814, 905, 520], [55, 1369, 1992], [343, 1316, 1486], [806, 522, 1319], [1559, 564, 1161], [1574, 1073, 1967],
[819, 1715, 1007], [107, 713, 1710], [1179, 1589, 1942], [184, 1568, 410], [164, 1900, 833], [684, 1473, 1721], [141, 1816, 984], [1627, 87, 1024], [894, 1646, 1588], [1573, 686, 127],
[1487, 1505, 1360], [441, 1612, 1591], [1669, 739, 1127], [1559, 441, 160], [1487, 123, 1578], [268, 325, 999], [1989, 467, 280], [920, 41, 368], [1462, 453, 2014], [515, 1545, 647],
[642, 979, 1671], [1521, 939, 748], [1059, 555, 1487], [1705, 61, 1447], [1383, 1549, 1088], [909, 1335, 1414], [1908, 1271, 1399], [1706, 1709, 958], [21, 1118, 1412], [1554, 1633, 422],
[1719, 1794, 1401], [1337, 780, 287], [33, 1357, 361], [1038, 1009, 1993], [2003, 1911, 1489], [1039, 767, 771], [400, 140, 1560], [1317, 1846, 1216], [222, 1868, 1852], [1152, 1369, 951],
[1574, 1035, 210], [923, 1891, 990], [728, 1924, 294], [1089, 427, 822], [1030, 378, 680], [2037, 1417, 1447], [274, 1335, 1587], [1834, 599, 1380], [516, 821, 713], [1886, 1974, 1600],
[784, 1495, 101]]
[[9, 6, 8, 10], [10, 9, 9, 9], [2, 7, 4, 3], [3, 4, 6, 2], [5, 3, 4, 0], [6, 7, 7, 7], [6, 5, 5, 8], [7, 7, 10, 3], [0, 5, 2, 0], [3, 1, 7, 4],
[8, 0, 7, 9], [2, 3, 0, 6], [4, 3, 6, 10], [10, 2, 4, 6], [6, 9, 1, 2], [3, 0, 5, 2], [5, 8, 2, 6], [7, 9, 10, 2], [7, 5, 10, 9], [6, 10, 4, 10],
[0, 0, 7, 0], [0, 0, 4, 6], [7, 5, 8, 9], [3, 1, 0, 6], [7, 0, 1, 1], [7, 10, 3, 3], [4, 2, 1, 10], [0, 4, 7, 9], [4, 1, 9, 2], [10, 0, 9, 6],
[3, 4, 2, 6], [3, 0, 10, 10], [0, 1, 0, 7], [9, 2, 8, 0], [2, 10, 8, 0], [3, 4, 10, 5], [5, 8, 5, 2], [7, 1, 6, 10], [4, 9, 4, 7], [9, 3, 5, 10],
[2, 3, 4, 0], [5, 2, 0, 8], [10, 8, 8, 0], [10, 7, 3, 2], [3, 8, 4, 8], [10, 0, 7, 3], [7, 9, 8, 5], [2, 2, 2, 4], [6, 5, 3, 0], [7, 3, 6, 4],
[10, 2, 4, 9], [7, 7, 1, 8], [2, 3, 5, 1], [3, 0, 2, 10], [9, 0, 3, 9], [2, 3, 1, 8], [8, 4, 7, 2], [5, 0, 6, 4], [2, 10, 1, 8], [4, 0, 5, 7],
[3, 9, 6, 5]]
[1, 0.05, 0.05, 0.05, 0.05, 0.05, 0.05, 0.05, 0.05, 0.05,
0.05, 0.05, 0.05, 0.05, 0.05, 0.05, 0.05, 0.05, 0.05, 0.05,
0.05, 0.0025, 0.0025, 0.0025, 0.0025, 0.0025, 0.0025, 0.0025, 0.0025, 0.0025,
0.0025, 0.0025, 0.0025, 0.0025, 0.0025, 0.0025, 0.0025, 0.0025, 0.0025, 0.0025,
0.0025, 0.000125, 0.000125, 0.000125, 0.000125, 0.000125, 0.000125, 0.000125, 0.000125, 0.000125,
0.000125, 0.000125, 0.000125, 0.000125, 0.000125, 0.000125, 0.000125, 0.000125, 0.000125, 0.000125,
0.000125]
[2, 0, 15, 15, 0, 14, 6, 13, 17, 16,
19, 11, 9, 4, 16, 11, 20, 20, 2, 9,
15, 15, 18, 18, 19, 10, 0, 15, 4, 20,
3, 16, 16, 17, 5, 19, 3, 18, 17, 11,
5, 10, 17, 14, 1, 20, 18, 4, 6, 9,
1, 8, 18, 1, 16, 5, 10, 6, 16, 6,
8]
------------------------------------------------------- 
# stage = 4	# children c = 20	length of each stage p = 1	nodes = 60	# items I = 1
