[19, 1, 77, 48, 92, 70, 19, 69, 46, 30,
79, 73, 63, 61, 49, 93, 60, 42, 9, 50,
93, 72, 99, 24, 86, 43, 90, 10, 42, 97,
98, 61, 64, 75, 8, 22, 10, 95, 91, 56,
24, 36, 95, 87, 97, 43, 79, 23, 51, 88,
39, 43, 25, 37, 34, 10, 46, 23, 20, 88,
87, 85, 14, 16, 25, 90, 38, 1, 84, 96,
58, 7, 31, 18, 60, 94, 28, 38, 16, 79,
92, 56, 89, 16, 93, 22, 93, 39, 45, 80,
93, 98, 64, 7, 14, 55, 63, 52, 56, 12,
13, 80, 19, 44, 99, 45, 38, 26, 83, 54,
4, 74, 76, 59, 56, 69, 81, 48, 74, 93,
27, 66, 90, 57, 39, 70, 78, 1, 89, 34,
13, 1, 80, 99, 46, 44, 43, 50, 70, 92,
70]
[[422, 58, 21], [218, 546, 217], [715, 746, 946], [804, 290, 350], [568, 873, 700], [797, 867, 812], [565, 740, 854], [643, 355, 120], [772, 205, 834], [201, 415, 887],
[437, 837, 945], [458, 63, 499], [676, 843, 253], [630, 655, 544], [1045, 168, 425], [689, 965, 236], [446, 538, 1040], [308, 126, 339], [492, 962, 608], [334, 107, 1023],
[165, 609, 869], [118, 11, 996], [682, 751, 847], [935, 390, 447], [423, 379, 615], [849, 76, 588], [93, 586, 71], [142, 894, 261], [545, 394, 167], [98, 729, 338],
[129, 958, 947], [6, 21, 1023], [1003, 703, 782], [858, 646, 116], [249, 78, 559], [928, 927, 636], [461, 28, 166], [596, 234, 69], [857, 780, 463], [32, 942, 200],
[370, 15, 167], [326, 86, 188], [293, 33, 955], [19, 891, 545], [200, 149, 623], [759, 21, 558], [403, 546, 651], [570, 86, 885], [639, 1007, 673], [110, 1039, 559],
[375, 418, 639], [542, 744, 725], [794, 45, 822], [757, 64, 721], [246, 328, 934], [934, 96, 956], [500, 499, 510], [159, 13, 661], [53, 716, 676], [726, 891, 724],
[294, 274, 86], [997, 880, 894], [666, 618, 939], [496, 319, 11], [225, 629, 340], [104, 571, 436], [68, 80, 999], [578, 239, 1013], [247, 292, 737], [924, 27, 636],
[592, 321, 974], [678, 326, 798], [516, 992, 424], [399, 496, 807], [474, 721, 445], [814, 825, 1016], [258, 893, 104], [202, 480, 344], [223, 727, 700], [1024, 595, 791],
[605, 195, 120], [523, 873, 446], [330, 397, 446], [754, 860, 942], [506, 279, 672], [951, 101, 441], [975, 360, 343], [24, 562, 823], [432, 849, 558], [140, 817, 162],
[932, 430, 357], [1052, 954, 239], [507, 292, 636], [953, 1046, 505], [840, 496, 848], [456, 455, 949], [961, 375, 253], [248, 463, 879], [79, 895, 736], [638, 43, 498],
[864, 975, 928], [165, 1036, 890], [404, 487, 126], [49, 384, 181], [554, 232, 677], [410, 752, 141], [303, 722, 516], [621, 970, 1043], [508, 58, 946], [189, 760, 989],
[751, 568, 973], [623, 797, 953], [522, 210, 384], [712, 259, 832], [893, 877, 73], [579, 231, 825], [720, 534, 491], [244, 163, 470], [231, 672, 592], [185, 925, 360],
[118, 620, 928], [35, 251, 733], [1052, 773, 943], [444, 494, 146], [221, 331, 31], [358, 910, 262], [127, 638, 861], [683, 882, 1024], [161, 121, 704], [817, 306, 573],
[121, 425, 137], [57, 524, 389], [790, 585, 170], [678, 1029, 664], [888, 258, 4], [920, 616, 914], [190, 808, 497], [59, 499, 387], [92, 660, 509], [796, 421, 815],
[378, 542, 248]]
[[10, 10, 3, 1], [8, 10, 5, 1], [0, 10, 7, 4], [9, 6, 4, 6], [2, 3, 7, 7], [9, 5, 3, 2], [7, 10, 6, 9], [0, 5, 8, 8], [3, 9, 7, 9], [8, 10, 10, 8],
[9, 5, 10, 8], [9, 3, 3, 0], [5, 8, 8, 1], [0, 9, 3, 6], [6, 7, 4, 4], [0, 10, 1, 3], [8, 7, 10, 5], [6, 8, 0, 5], [2, 9, 2, 9], [10, 3, 9, 2],
[0, 4, 3, 9], [0, 5, 4, 7], [1, 9, 0, 10], [6, 0, 2, 4], [7, 0, 9, 2], [8, 8, 5, 8], [4, 5, 6, 3], [8, 2, 6, 6], [7, 7, 5, 7], [10, 7, 1, 10],
[3, 0, 9, 10], [0, 10, 3, 7], [10, 10, 7, 5], [5, 2, 2, 9], [7, 6, 2, 3], [8, 6, 7, 2], [2, 10, 8, 0], [7, 9, 10, 10], [9, 8, 7, 7], [5, 10, 3, 4],
[8, 9, 9, 2], [0, 9, 1, 5], [4, 3, 6, 0], [7, 1, 2, 7], [0, 10, 7, 5], [7, 6, 3, 3], [2, 10, 0, 7], [8, 1, 10, 5], [10, 6, 7, 8], [5, 8, 3, 7],
[9, 7, 7, 5], [8, 8, 2, 9], [7, 7, 1, 1], [1, 4, 3, 3], [2, 3, 8, 10], [2, 7, 4, 2], [1, 0, 8, 4], [7, 9, 0, 5], [6, 6, 9, 3], [3, 9, 10, 8],
[5, 1, 10, 6], [3, 2, 7, 5], [3, 3, 2, 3], [8, 6, 3, 9], [5, 1, 2, 1], [10, 1, 4, 5], [7, 2, 7, 10], [0, 6, 7, 4], [5, 4, 8, 9], [4, 3, 1, 5],
[6, 4, 9, 1], [8, 1, 0, 2], [2, 0, 1, 2], [1, 6, 5, 6], [8, 1, 5, 7], [8, 0, 9, 0], [4, 6, 7, 7], [7, 9, 1, 2], [0, 10, 2, 8], [10, 2, 9, 1],
[0, 10, 1, 2], [5, 7, 8, 3], [6, 1, 8, 1], [1, 6, 2, 3], [10, 9, 10, 7], [5, 10, 7, 5], [7, 9, 1, 6], [9, 10, 6, 10], [9, 7, 10, 4], [1, 7, 5, 8],
[6, 2, 9, 5], [6, 0, 9, 5], [8, 6, 10, 2], [3, 7, 6, 0], [3, 7, 4, 2], [6, 10, 1, 2], [7, 0, 6, 8], [5, 9, 5, 1], [0, 4, 6, 4], [4, 2, 10, 1],
[7, 7, 2, 10], [3, 8, 8, 7], [2, 2, 7, 8], [1, 8, 10, 8], [6, 4, 4, 0], [2, 9, 10, 1], [0, 4, 5, 3], [4, 2, 2, 0], [10, 4, 9, 0], [10, 6, 5, 1],
[8, 1, 7, 8], [9, 5, 3, 2], [9, 7, 3, 9], [4, 0, 10, 4], [4, 3, 5, 9], [5, 8, 7, 2], [10, 5, 3, 10], [10, 8, 9, 7], [8, 6, 2, 6], [0, 6, 9, 7],
[2, 10, 5, 6], [10, 5, 9, 2], [6, 3, 9, 0], [9, 5, 3, 9], [9, 4, 6, 8], [10, 4, 2, 7], [8, 5, 1, 8], [0, 8, 4, 0], [7, 8, 5, 4], [0, 3, 4, 6],
[4, 2, 6, 1], [6, 7, 10, 4], [9, 3, 10, 9], [7, 1, 5, 5], [4, 6, 0, 4], [1, 3, 3, 8], [0, 8, 0, 9], [9, 4, 4, 0], [7, 8, 1, 2], [3, 9, 4, 1],
[1, 3, 10, 7]]
[1, 0.05, 0.05, 0.05, 0.05, 0.05, 0.05, 0.05, 0.05, 0.05,
0.05, 0.05, 0.05, 0.05, 0.05, 0.05, 0.05, 0.05, 0.05, 0.05,
0.05, 0.0025, 0.0025, 0.0025, 0.0025, 0.0025, 0.0025, 0.0025, 0.0025, 0.0025,
0.0025, 0.0025, 0.0025, 0.0025, 0.0025, 0.0025, 0.0025, 0.0025, 0.0025, 0.0025,
0.0025, 0.000125, 0.000125, 0.000125, 0.000125, 0.000125, 0.000125, 0.000125, 0.000125, 0.000125,
0.000125, 0.000125, 0.000125, 0.000125, 0.000125, 0.000125, 0.000125, 0.000125, 0.000125, 0.000125,
0.000125, 6.25e-06, 6.25e-06, 6.25e-06, 6.25e-06, 6.25e-06, 6.25e-06, 6.25e-06, 6.25e-06, 6.25e-06,
6.25e-06, 6.25e-06, 6.25e-06, 6.25e-06, 6.25e-06, 6.25e-06, 6.25e-06, 6.25e-06, 6.25e-06, 6.25e-06,
6.25e-06, 3.125e-07, 3.125e-07, 3.125e-07, 3.125e-07, 3.125e-07, 3.125e-07, 3.125e-07, 3.125e-07, 3.125e-07,
3.125e-07, 3.125e-07, 3.125e-07, 3.125e-07, 3.125e-07, 3.125e-07, 3.125e-07, 3.125e-07, 3.125e-07, 3.125e-07,
3.125e-07, 1.5625e-08, 1.5625e-08, 1.5625e-08, 1.5625e-08, 1.5625e-08, 1.5625e-08, 1.5625e-08, 1.5625e-08, 1.5625e-08,
1.5625e-08, 1.5625e-08, 1.5625e-08, 1.5625e-08, 1.5625e-08, 1.5625e-08, 1.5625e-08, 1.5625e-08, 1.5625e-08, 1.5625e-08,
1.5625e-08, 7.8125e-10, 7.8125e-10, 7.8125e-10, 7.8125e-10, 7.8125e-10, 7.8125e-10, 7.8125e-10, 7.8125e-10, 7.8125e-10,
7.8125e-10, 7.8125e-10, 7.8125e-10, 7.8125e-10, 7.8125e-10, 7.8125e-10, 7.8125e-10, 7.8125e-10, 7.8125e-10, 7.8125e-10,
7.8125e-10]
[3, 0, 3, 6, 8, 2, 9, 1, 5, 6,
3, 9, 1, 6, 0, 2, 2, 5, 4, 2,
2, 10, 2, 9, 10, 6, 10, 5, 2, 4,
9, 4, 4, 2, 6, 9, 4, 5, 7, 3,
5, 3, 2, 4, 3, 5, 10, 0, 6, 0,
2, 8, 2, 8, 3, 10, 7, 1, 7, 0,
8, 1, 1, 9, 8, 7, 1, 1, 2, 9,
7, 2, 9, 10, 4, 3, 1, 7, 2, 8,
9, 6, 4, 1, 3, 9, 6, 0, 10, 6,
5, 3, 1, 5, 0, 0, 2, 7, 10, 8,
6, 10, 4, 2, 7, 5, 7, 7, 3, 6,
2, 0, 0, 7, 4, 0, 9, 9, 10, 2,
9, 6, 2, 7, 0, 6, 9, 2, 0, 5,
10, 1, 4, 4, 10, 6, 2, 7, 9, 7,
5]
------------------------------------------------------- 
# stage = 8	# children c = 20	length of each stage p = 1	nodes = 140	# items I = 1
