[82, 61, 5, 68, 4, 26, 66, 61, 37, 36,
16, 71, 11, 88, 70, 41, 46, 48, 72, 89,
40, 41, 18, 77, 56, 71, 54, 32, 69, 8,
12, 16, 69, 17, 84, 73, 44, 49, 100, 81,
51, 83, 17, 29, 70, 87, 70, 82, 34, 8,
70, 74, 49, 54, 16, 4, 24, 71, 2, 93,
45, 14, 8, 13, 32, 59, 53, 42, 74, 18,
22, 25, 0, 5, 20, 36, 92, 56, 17, 92,
64, 87, 65, 13, 41, 48, 17, 65, 85, 20,
24, 29, 0, 99, 8, 32, 57, 61, 74, 98,
46, 62, 22, 12, 67, 42, 49, 24, 98, 66,
15, 62, 53, 47, 41, 60, 95, 58, 91, 79,
44, 14, 74, 45, 80, 82, 43, 2, 9, 17,
100, 55, 45, 21, 33, 12, 29, 82, 36, 94,
48]
[[179, 198, 793], [435, 678, 961], [146, 478, 462], [575, 220, 983], [420, 575, 889], [422, 40, 709], [187, 472, 706], [697, 218, 886], [581, 408, 521], [182, 921, 389],
[335, 105, 585], [134, 540, 268], [102, 686, 744], [563, 267, 964], [551, 685, 545], [447, 112, 585], [161, 297, 62], [868, 992, 278], [759, 581, 685], [286, 761, 611],
[673, 101, 716], [266, 233, 261], [532, 336, 946], [284, 897, 220], [255, 455, 903], [800, 900, 22], [391, 68, 317], [451, 934, 316], [730, 699, 895], [422, 985, 663],
[38, 665, 763], [754, 929, 3], [20, 469, 337], [966, 753, 239], [193, 13, 692], [101, 812, 597], [121, 210, 664], [438, 661, 605], [755, 396, 309], [657, 816, 301],
[326, 854, 965], [94, 613, 901], [97, 634, 375], [433, 605, 133], [670, 799, 147], [370, 898, 959], [965, 27, 174], [636, 465, 833], [247, 227, 235], [556, 883, 58],
[858, 216, 911], [830, 310, 529], [736, 405, 168], [119, 836, 774], [252, 514, 578], [397, 882, 483], [361, 854, 510], [533, 498, 974], [374, 745, 208], [607, 306, 98],
[663, 171, 312], [579, 6, 622], [116, 741, 33], [282, 858, 869], [63, 117, 388], [641, 513, 277], [130, 872, 137], [638, 413, 635], [619, 785, 385], [826, 399, 689],
[924, 67, 861], [242, 647, 865], [864, 763, 611], [895, 52, 476], [772, 114, 592], [167, 755, 112], [443, 883, 984], [580, 529, 402], [220, 155, 194], [603, 979, 591],
[299, 909, 659], [165, 158, 313], [36, 27, 81], [647, 923, 131], [131, 700, 245], [723, 867, 6], [833, 315, 889], [824, 895, 423], [232, 120, 579], [426, 723, 565],
[23, 28, 479], [682, 193, 637], [0, 229, 665], [81, 875, 595], [212, 13, 302], [458, 736, 174], [462, 574, 488], [358, 403, 390], [782, 635, 509], [366, 67, 237],
[929, 90, 265], [416, 772, 457], [58, 772, 684], [723, 851, 566], [323, 70, 577], [623, 526, 318], [796, 986, 892], [291, 352, 303], [681, 139, 938], [195, 503, 12],
[433, 437, 102], [696, 851, 872], [160, 910, 651], [845, 638, 507], [416, 962, 578], [1, 592, 109], [319, 393, 103], [219, 684, 453], [522, 371, 590], [465, 566, 100],
[478, 6, 535], [578, 701, 394], [458, 861, 311], [114, 711, 949], [622, 133, 916], [205, 134, 514], [314, 451, 907], [415, 668, 599], [868, 195, 970], [465, 661, 541],
[563, 144, 546], [106, 720, 254], [498, 185, 120], [807, 298, 832], [761, 920, 965], [685, 130, 104], [204, 442, 553], [118, 858, 229], [715, 731, 424], [690, 202, 90],
[239, 763, 232]]
[[5, 5, 6, 2], [3, 4, 9, 5], [6, 10, 3, 3], [5, 0, 0, 4], [2, 5, 0, 0], [7, 0, 4, 3], [4, 0, 6, 10], [5, 4, 3, 10], [7, 7, 1, 8], [9, 10, 0, 5],
[7, 3, 6, 1], [3, 4, 4, 6], [9, 2, 4, 5], [3, 6, 7, 5], [4, 2, 2, 10], [4, 6, 7, 0], [0, 9, 6, 10], [6, 6, 2, 3], [8, 6, 2, 0], [10, 6, 4, 8],
[9, 7, 1, 10], [0, 8, 2, 5], [10, 4, 2, 3], [8, 9, 1, 9], [7, 5, 8, 1], [0, 10, 2, 6], [5, 4, 7, 2], [9, 9, 10, 5], [5, 0, 2, 6], [6, 4, 0, 5],
[6, 0, 6, 4], [9, 5, 0, 4], [10, 8, 5, 9], [5, 7, 4, 8], [9, 9, 10, 5], [8, 7, 10, 0], [6, 1, 6, 1], [3, 4, 7, 10], [4, 0, 3, 1], [4, 3, 5, 1],
[9, 10, 10, 1], [4, 2, 7, 0], [9, 4, 6, 4], [0, 5, 5, 4], [5, 9, 6, 8], [1, 2, 7, 5], [0, 8, 6, 4], [9, 9, 6, 7], [6, 3, 6, 10], [3, 0, 0, 2],
[4, 6, 6, 3], [9, 9, 7, 3], [8, 2, 1, 9], [2, 8, 1, 1], [6, 6, 5, 4], [4, 9, 10, 0], [0, 3, 8, 1], [4, 6, 3, 6], [10, 8, 9, 9], [4, 4, 1, 10],
[4, 0, 6, 7], [7, 8, 6, 2], [1, 9, 4, 3], [8, 1, 1, 6], [5, 10, 7, 7], [5, 9, 2, 5], [4, 10, 1, 8], [3, 0, 8, 5], [1, 3, 1, 8], [9, 7, 8, 10],
[4, 10, 1, 1], [1, 2, 5, 4], [1, 1, 9, 5], [8, 0, 8, 1], [8, 9, 8, 9], [9, 5, 4, 8], [6, 3, 3, 3], [9, 0, 0, 2], [0, 1, 1, 10], [4, 6, 1, 3],
[7, 10, 8, 3], [8, 3, 4, 4], [10, 1, 2, 9], [4, 6, 4, 9], [10, 8, 1, 6], [8, 1, 8, 6], [1, 9, 3, 5], [4, 2, 6, 9], [10, 2, 1, 8], [5, 6, 1, 5],
[5, 1, 1, 10], [6, 5, 8, 5], [0, 7, 0, 7], [8, 6, 2, 9], [4, 4, 1, 8], [6, 8, 4, 6], [10, 6, 1, 2], [10, 0, 7, 4], [10, 8, 1, 5], [1, 7, 10, 1],
[3, 8, 8, 10], [3, 9, 8, 5], [0, 8, 2, 4], [3, 5, 10, 2], [0, 9, 2, 8], [7, 10, 10, 7], [5, 1, 1, 6], [6, 10, 6, 10], [5, 1, 9, 7], [8, 4, 1, 8],
[1, 2, 2, 2], [7, 10, 2, 5], [9, 5, 2, 5], [4, 1, 10, 9], [0, 1, 3, 7], [0, 7, 4, 5], [8, 2, 10, 6], [6, 1, 3, 6], [3, 3, 8, 8], [3, 0, 2, 10],
[5, 2, 2, 7], [3, 2, 3, 2], [3, 6, 7, 1], [0, 0, 4, 9], [0, 4, 2, 6], [5, 3, 10, 6], [7, 6, 1, 10], [4, 3, 7, 7], [5, 9, 3, 6], [0, 6, 8, 3],
[0, 2, 2, 9], [2, 7, 7, 2], [0, 7, 7, 3], [0, 4, 7, 5], [10, 8, 2, 1], [0, 9, 8, 3], [7, 9, 9, 8], [3, 5, 9, 3], [7, 1, 1, 8], [6, 7, 10, 6],
[1, 4, 7, 1]]
[1, 0.05, 0.05, 0.05, 0.05, 0.05, 0.05, 0.05, 0.05, 0.05,
0.05, 0.05, 0.05, 0.05, 0.05, 0.05, 0.05, 0.05, 0.05, 0.05,
0.05, 0.0025, 0.0025, 0.0025, 0.0025, 0.0025, 0.0025, 0.0025, 0.0025, 0.0025,
0.0025, 0.0025, 0.0025, 0.0025, 0.0025, 0.0025, 0.0025, 0.0025, 0.0025, 0.0025,
0.0025, 0.000125, 0.000125, 0.000125, 0.000125, 0.000125, 0.000125, 0.000125, 0.000125, 0.000125,
0.000125, 0.000125, 0.000125, 0.000125, 0.000125, 0.000125, 0.000125, 0.000125, 0.000125, 0.000125,
0.000125, 6.25e-06, 6.25e-06, 6.25e-06, 6.25e-06, 6.25e-06, 6.25e-06, 6.25e-06, 6.25e-06, 6.25e-06,
6.25e-06, 6.25e-06, 6.25e-06, 6.25e-06, 6.25e-06, 6.25e-06, 6.25e-06, 6.25e-06, 6.25e-06, 6.25e-06,
6.25e-06, 3.125e-07, 3.125e-07, 3.125e-07, 3.125e-07, 3.125e-07, 3.125e-07, 3.125e-07, 3.125e-07, 3.125e-07,
3.125e-07, 3.125e-07, 3.125e-07, 3.125e-07, 3.125e-07, 3.125e-07, 3.125e-07, 3.125e-07, 3.125e-07, 3.125e-07,
3.125e-07, 1.5625e-08, 1.5625e-08, 1.5625e-08, 1.5625e-08, 1.5625e-08, 1.5625e-08, 1.5625e-08, 1.5625e-08, 1.5625e-08,
1.5625e-08, 1.5625e-08, 1.5625e-08, 1.5625e-08, 1.5625e-08, 1.5625e-08, 1.5625e-08, 1.5625e-08, 1.5625e-08, 1.5625e-08,
1.5625e-08, 7.8125e-10, 7.8125e-10, 7.8125e-10, 7.8125e-10, 7.8125e-10, 7.8125e-10, 7.8125e-10, 7.8125e-10, 7.8125e-10,
7.8125e-10, 7.8125e-10, 7.8125e-10, 7.8125e-10, 7.8125e-10, 7.8125e-10, 7.8125e-10, 7.8125e-10, 7.8125e-10, 7.8125e-10,
7.8125e-10]
[2, 4, 10, 11, 4, 8, 4, 5, 8, 16,
2, 16, 19, 15, 18, 11, 0, 17, 19, 5,
13, 7, 3, 1, 4, 5, 0, 1, 13, 19,
11, 4, 10, 15, 13, 4, 6, 8, 16, 5,
12, 11, 5, 3, 0, 14, 9, 3, 3, 8,
3, 7, 8, 3, 2, 16, 12, 18, 19, 19,
0, 3, 3, 8, 9, 7, 4, 5, 6, 16,
2, 14, 12, 3, 10, 15, 8, 3, 17, 2,
11, 10, 7, 0, 0, 14, 1, 8, 17, 10,
6, 1, 16, 1, 7, 11, 16, 6, 0, 2,
14, 15, 9, 14, 7, 18, 13, 3, 4, 2,
0, 14, 6, 5, 18, 12, 15, 13, 3, 4,
15, 0, 2, 10, 1, 3, 18, 2, 10, 7,
14, 5, 19, 7, 1, 9, 5, 17, 6, 11,
11]
------------------------------------------------------- 
# stage = 8	# children c = 20	length of each stage p = 1	nodes = 140	# items I = 1
