[57, 26, 9, 77, 65, 32, 79, 80, 80, 67,
19, 52, 88, 75, 30, 35, 93, 6, 29, 25,
97, 76, 57, 2, 19, 94, 42, 1, 81, 49,
100, 3, 42, 8, 80, 6, 6, 24, 86, 86,
91, 71, 37, 44, 46, 33, 79, 4, 5, 75,
97, 1, 50, 53, 71, 35, 12, 12, 2, 93,
62]
[[1493, 243, 1360], [1580, 1444, 1734], [799, 1818, 2018], [1058, 1690, 1255], [290, 1946, 407], [1447, 1629, 627], [949, 1391, 1512], [2014, 396, 465], [236, 1298, 1396], [1510, 1145, 1827],
[796, 526, 22], [44, 58, 1467], [1842, 857, 1237], [1748, 1979, 815], [956, 157, 649], [1363, 1669, 166], [1990, 506, 1621], [1454, 408, 2082], [1920, 708, 1268], [1268, 170, 365],
[1047, 966, 955], [1070, 1074, 1013], [425, 804, 1870], [1662, 441, 1801], [429, 1461, 1958], [1078, 712, 1579], [1308, 654, 2085], [817, 2108, 445], [787, 1980, 1217], [7, 1137, 1451],
[372, 72, 305], [1327, 1206, 1379], [292, 1695, 136], [50, 1309, 641], [1851, 1738, 2102], [1762, 704, 766], [1229, 2076, 1420], [1267, 782, 1480], [1776, 1633, 1413], [946, 1641, 438],
[285, 2077, 574], [591, 1357, 1845], [2034, 1649, 1428], [122, 1764, 626], [763, 1503, 252], [817, 1217, 1021], [1647, 399, 985], [1019, 1666, 1831], [388, 1394, 1417], [1801, 228, 946],
[191, 514, 975], [829, 1169, 220], [562, 1091, 1934], [1991, 1278, 1586], [569, 2041, 1041], [821, 811, 147], [1906, 346, 546], [844, 1366, 164], [627, 1818, 1622], [2044, 1571, 1851],
[942, 1826, 317]]
[[5, 3, 8, 5], [7, 1, 2, 0], [9, 6, 1, 0], [6, 3, 3, 1], [2, 6, 3, 10], [4, 9, 9, 6], [4, 10, 8, 0], [4, 9, 0, 9], [1, 6, 2, 8], [7, 2, 6, 3],
[8, 7, 3, 1], [8, 5, 1, 10], [0, 4, 8, 4], [2, 4, 8, 5], [4, 5, 5, 6], [3, 5, 3, 2], [9, 5, 8, 3], [7, 3, 6, 2], [10, 7, 2, 7], [1, 3, 4, 1],
[7, 1, 3, 7], [6, 0, 1, 8], [5, 6, 3, 6], [9, 6, 8, 5], [9, 5, 8, 3], [6, 1, 4, 5], [9, 6, 1, 10], [9, 6, 10, 3], [5, 0, 10, 9], [1, 1, 6, 4],
[5, 8, 9, 4], [1, 4, 9, 9], [8, 5, 1, 3], [6, 3, 9, 2], [9, 8, 0, 5], [1, 10, 6, 7], [8, 6, 3, 9], [5, 8, 1, 8], [3, 10, 1, 4], [1, 9, 2, 9],
[3, 2, 2, 7], [3, 9, 10, 0], [6, 10, 5, 6], [7, 1, 0, 4], [5, 3, 1, 8], [0, 2, 5, 3], [10, 5, 6, 0], [3, 6, 8, 4], [6, 10, 0, 10], [6, 10, 10, 10],
[7, 2, 5, 1], [3, 5, 6, 6], [9, 7, 1, 7], [7, 7, 9, 4], [1, 4, 2, 2], [10, 10, 6, 6], [7, 4, 5, 0], [2, 2, 0, 9], [4, 5, 0, 6], [0, 4, 1, 7],
[9, 3, 3, 3]]
[1, 0.1, 0.1, 0.1, 0.1, 0.1, 0.1, 0.1, 0.1, 0.1,
0.1, 0.01, 0.01, 0.01, 0.01, 0.01, 0.01, 0.01, 0.01, 0.01,
0.01, 0.001, 0.001, 0.001, 0.001, 0.001, 0.001, 0.001, 0.001, 0.001,
0.001, 0.0001, 0.0001, 0.0001, 0.0001, 0.0001, 0.0001, 0.0001, 0.0001, 0.0001,
0.0001, 1e-05, 1e-05, 1e-05, 1e-05, 1e-05, 1e-05, 1e-05, 1e-05, 1e-05,
1e-05, 1e-06, 1e-06, 1e-06, 1e-06, 1e-06, 1e-06, 1e-06, 1e-06, 1e-06,
1e-06]
[15, 2, 1, 13, 2, 19, 15, 1, 8, 14,
3, 20, 2, 20, 5, 0, 19, 1, 1, 0,
0, 10, 11, 21, 4, 4, 15, 2, 8, 11,
8, 11, 15, 1, 2, 18, 21, 15, 15, 4,
2, 0, 10, 8, 4, 6, 10, 14, 5, 15,
17, 7, 14, 20, 14, 1, 10, 10, 3, 12,
14]
------------------------------------------------------- 
# stage = 7	# children c = 10	length of each stage p = 1	nodes = 60	# items I = 1
