[5, 7, 51, 37, 70, 62, 19, 33, 45, 5,
3, 4, 57, 63, 76, 98, 27, 26, 38, 73,
93, 82, 25, 3, 23, 11, 41, 77, 16, 78,
22, 88, 85, 74, 24, 20, 1, 43, 53, 46,
15, 23, 16, 38, 86, 58, 1, 80, 84, 40,
52]
[[2431, 2870, 1972], [1054, 483, 93], [3469, 3609, 2601], [2736, 2060, 1726], [1913, 640, 2211], [2994, 2595, 2368], [3072, 2260, 2163], [1459, 1448, 1712], [53, 3256, 2799], [3622, 54, 265],
[59, 2443, 3093], [2031, 3455, 3577], [2124, 3254, 3473], [1012, 2319, 1863], [2738, 519, 2461], [1279, 3513, 1343], [3647, 2873, 3604], [2097, 619, 1381], [97, 672, 924], [2854, 623, 936],
[3119, 682, 3337], [2499, 2671, 3122], [2363, 1082, 2705], [2166, 2094, 1311], [316, 1120, 1830], [2777, 2399, 1631], [450, 2333, 833], [383, 718, 1452], [1722, 815, 2082], [2605, 3669, 2663],
[3499, 3075, 3303], [3166, 1903, 2303], [2617, 596, 3343], [1609, 2762, 1766], [2878, 3036, 2844], [1037, 2142, 1572], [2626, 2550, 193], [3417, 2933, 911], [1156, 943, 1684], [3238, 3506, 1682],
[2230, 3334, 1044], [1862, 2829, 2905], [452, 1775, 3501], [124, 3384, 2550], [1849, 2549, 1915], [1022, 3587, 345], [2553, 2500, 2895], [2704, 2247, 2116], [3615, 3403, 3017], [1628, 2929, 2852],
[3268, 1488, 2515]]
[[3, 7, 1, 4], [8, 0, 2, 7], [10, 10, 6, 7], [1, 9, 7, 0], [4, 3, 1, 2], [3, 7, 5, 10], [9, 10, 0, 4], [9, 4, 10, 2], [9, 0, 6, 6], [9, 6, 1, 8],
[5, 5, 4, 6], [1, 10, 5, 5], [0, 6, 7, 1], [2, 10, 0, 9], [9, 9, 3, 7], [2, 0, 9, 0], [1, 2, 7, 8], [6, 6, 6, 10], [0, 10, 5, 10], [7, 10, 4, 5],
[3, 9, 6, 5], [8, 5, 4, 6], [3, 5, 0, 6], [5, 8, 6, 4], [10, 0, 2, 4], [6, 8, 3, 4], [5, 6, 3, 0], [6, 5, 5, 9], [3, 1, 2, 0], [6, 6, 4, 7],
[0, 5, 2, 5], [0, 9, 8, 10], [7, 10, 1, 1], [7, 4, 5, 10], [0, 7, 10, 4], [10, 5, 0, 3], [4, 2, 1, 8], [6, 4, 4, 4], [7, 5, 8, 7], [1, 5, 4, 8],
[4, 6, 9, 9], [8, 2, 8, 8], [9, 6, 10, 6], [0, 9, 9, 2], [0, 9, 8, 5], [2, 10, 9, 9], [4, 4, 5, 5], [9, 7, 1, 0], [2, 10, 9, 0], [1, 5, 6, 8],
[0, 6, 4, 9]]
[1, 0.1, 0.1, 0.1, 0.1, 0.1, 0.1, 0.1, 0.1, 0.1,
0.1, 0.01, 0.01, 0.01, 0.01, 0.01, 0.01, 0.01, 0.01, 0.01,
0.01, 0.001, 0.001, 0.001, 0.001, 0.001, 0.001, 0.001, 0.001, 0.001,
0.001, 0.0001, 0.0001, 0.0001, 0.0001, 0.0001, 0.0001, 0.0001, 0.0001, 0.0001,
0.0001, 1e-05, 1e-05, 1e-05, 1e-05, 1e-05, 1e-05, 1e-05, 1e-05, 1e-05,
1e-05]
[0, 8, 0, 9, 0, 8, 0, 1, 2, 7,
0, 4, 7, 5, 4, 7, 0, 2, 7, 6,
2, 4, 4, 8, 0, 4, 7, 1, 2, 2,
4, 4, 6, 9, 8, 2, 2, 8, 4, 7,
2, 9, 7, 9, 2, 8, 3, 3, 1, 6,
8]
------------------------------------------------------- 
# stage = 6	# children c = 10	length of each stage p = 1	nodes = 50	# items I = 1
