[8, 65, 17, 67, 2, 40, 94, 4, 62, 17,
72, 75, 3, 93, 71, 37, 32, 83, 97, 9,
29, 79, 81, 14, 75, 95, 63, 95, 26, 93,
44, 34, 23, 61, 0, 93, 1, 60, 63, 63,
77, 35, 3, 46, 27, 40, 83, 59, 22, 46,
34, 18, 24, 14, 99, 99, 76, 61, 60, 1,
19]
[[773, 180, 375], [920, 363, 81], [143, 1074, 458], [958, 451, 924], [321, 552, 843], [993, 394, 19], [989, 996, 181], [787, 906, 972], [58, 1077, 196], [1005, 1073, 419],
[83, 754, 599], [458, 454, 834], [539, 598, 816], [870, 336, 48], [702, 657, 472], [453, 431, 866], [472, 328, 770], [526, 987, 456], [406, 1046, 313], [474, 831, 294],
[894, 914, 920], [273, 280, 283], [16, 692, 753], [704, 470, 1089], [752, 80, 526], [132, 406, 957], [870, 750, 65], [420, 184, 1053], [748, 462, 879], [1061, 937, 618],
[263, 611, 313], [1056, 884, 465], [247, 772, 65], [872, 257, 407], [741, 1009, 360], [175, 1014, 766], [41, 664, 296], [106, 1085, 481], [1031, 613, 815], [818, 583, 532],
[217, 718, 51], [530, 682, 808], [995, 801, 488], [933, 453, 745], [248, 102, 535], [480, 278, 329], [154, 191, 993], [451, 297, 858], [804, 237, 252], [399, 927, 835],
[932, 52, 333], [983, 454, 888], [571, 230, 469], [1060, 71, 923], [585, 191, 1025], [992, 672, 83], [101, 698, 146], [967, 1021, 444], [605, 605, 553], [857, 1005, 260],
[600, 845, 313]]
[[10, 10, 8, 0], [10, 8, 9, 7], [9, 3, 5, 1], [3, 9, 6, 4], [6, 3, 10, 2], [6, 10, 5, 0], [9, 7, 9, 2], [8, 1, 8, 7], [0, 5, 7, 8], [0, 4, 2, 9],
[7, 8, 9, 0], [4, 4, 2, 10], [5, 10, 0, 0], [7, 3, 1, 5], [10, 10, 6, 7], [9, 3, 1, 7], [6, 9, 5, 6], [2, 5, 4, 9], [0, 2, 7, 4], [4, 8, 4, 10],
[5, 2, 10, 0], [5, 9, 5, 5], [7, 9, 10, 5], [1, 1, 2, 5], [8, 5, 0, 8], [10, 3, 4, 0], [3, 10, 4, 8], [5, 6, 5, 10], [8, 2, 10, 1], [1, 3, 4, 8],
[10, 3, 0, 1], [2, 0, 4, 10], [5, 5, 5, 3], [6, 10, 3, 7], [9, 5, 2, 3], [1, 7, 0, 7], [10, 9, 8, 0], [10, 1, 6, 9], [5, 6, 8, 5], [5, 2, 3, 10],
[5, 8, 2, 9], [7, 3, 5, 3], [9, 8, 4, 8], [4, 3, 4, 1], [10, 2, 1, 9], [3, 5, 5, 6], [10, 1, 1, 4], [1, 4, 3, 4], [10, 4, 2, 7], [5, 5, 8, 3],
[2, 2, 9, 5], [3, 3, 6, 2], [3, 6, 0, 6], [0, 3, 2, 10], [4, 1, 1, 5], [3, 3, 7, 2], [7, 9, 7, 10], [4, 5, 3, 4], [5, 10, 7, 8], [2, 1, 10, 5],
[5, 8, 10, 3]]
[1, 0.1, 0.1, 0.1, 0.1, 0.1, 0.1, 0.1, 0.1, 0.1,
0.1, 0.01, 0.01, 0.01, 0.01, 0.01, 0.01, 0.01, 0.01, 0.01,
0.01, 0.001, 0.001, 0.001, 0.001, 0.001, 0.001, 0.001, 0.001, 0.001,
0.001, 0.0001, 0.0001, 0.0001, 0.0001, 0.0001, 0.0001, 0.0001, 0.0001, 0.0001,
0.0001, 1e-05, 1e-05, 1e-05, 1e-05, 1e-05, 1e-05, 1e-05, 1e-05, 1e-05,
1e-05, 1e-06, 1e-06, 1e-06, 1e-06, 1e-06, 1e-06, 1e-06, 1e-06, 1e-06,
1e-06]
[2, 16, 7, 6, 20, 2, 20, 7, 14, 0,
16, 17, 9, 9, 19, 18, 4, 12, 17, 10,
9, 18, 8, 3, 9, 12, 15, 0, 6, 5,
0, 20, 11, 12, 2, 18, 8, 17, 14, 12,
21, 1, 7, 12, 7, 11, 14, 10, 17, 7,
18, 5, 14, 16, 18, 4, 6, 6, 2, 0,
9]
------------------------------------------------------- 
# stage = 7	# children c = 10	length of each stage p = 1	nodes = 60	# items I = 1
