[30, 59, 69, 49, 35, 45, 9, 56, 56, 8,
38, 12, 16, 12, 29, 14, 74, 49, 2, 96,
42, 89, 19, 6, 14, 45, 31, 33, 97, 31,
75, 93, 56, 9, 42, 57, 54, 17, 13, 9,
25, 17, 21, 7, 29, 50, 88, 2, 66, 90,
65, 7, 44, 50, 80, 24, 95, 77, 57, 58,
7, 31, 50, 30, 6, 92, 87, 60, 8, 66,
35, 100, 83, 23, 7, 79, 39, 95, 81, 71,
51]
[[1373, 64, 2341], [324, 1866, 1641], [909, 131, 516], [1230, 2361, 2175], [2031, 2627, 2166], [2281, 60, 529], [3242, 2356, 2669], [4197, 1289, 931], [515, 2088, 1643], [1128, 2860, 4153],
[2729, 4345, 4217], [536, 136, 1550], [2289, 1157, 1681], [2805, 2387, 4154], [446, 4530, 2359], [2725, 2390, 2419], [3366, 1210, 353], [1502, 874, 1643], [2545, 1501, 3843], [4188, 2629, 2281],
[3919, 936, 2092], [3603, 1585, 2340], [731, 3874, 3497], [2412, 2258, 1351], [2145, 2816, 1459], [4504, 1007, 3849], [2502, 4374, 526], [2967, 1454, 1512], [76, 3999, 3013], [4031, 3766, 1221],
[1778, 3151, 2157], [3871, 2332, 3742], [1789, 3063, 3195], [753, 1054, 1031], [2216, 3199, 3847], [3675, 3281, 433], [2991, 1249, 385], [3629, 4217, 1839], [607, 4405, 1416], [3620, 4015, 648],
[307, 1259, 3912], [2577, 708, 1710], [1897, 2498, 240], [670, 3363, 1294], [1701, 1045, 4493], [1127, 298, 3352], [1560, 3289, 68], [1945, 2384, 4397], [3896, 2991, 4380], [778, 2190, 3861],
[1427, 2609, 699], [805, 652, 1519], [2627, 2662, 4017], [2867, 3332, 2846], [4161, 612, 4003], [4232, 1739, 4302], [3051, 3299, 3169], [3231, 710, 1132], [3206, 72, 4235], [3052, 962, 1891],
[2492, 2389, 4501], [3303, 3306, 731], [288, 1400, 3393], [4418, 4379, 2304], [2730, 4007, 2916], [2312, 3817, 121], [2080, 2446, 3420], [827, 1255, 4242], [1959, 4461, 4314], [1661, 3092, 854],
[3552, 1162, 3244], [3631, 4465, 2128], [4363, 219, 3640], [3334, 103, 3598], [1104, 2946, 3183], [4020, 836, 2466], [4141, 3028, 491], [3139, 3855, 1746], [2847, 1281, 1674], [2739, 2942, 344],
[3594, 2072, 1506]]
[[2, 7, 4, 5], [4, 2, 6, 3], [1, 2, 6, 2], [4, 5, 0, 10], [9, 0, 2, 9], [8, 3, 1, 9], [4, 6, 3, 3], [2, 10, 3, 2], [7, 5, 5, 9], [5, 1, 0, 7],
[1, 6, 9, 3], [9, 7, 3, 7], [7, 5, 3, 5], [6, 3, 1, 9], [9, 2, 1, 9], [0, 2, 1, 5], [5, 6, 3, 0], [5, 3, 7, 5], [7, 3, 8, 3], [10, 0, 0, 5],
[3, 1, 8, 8], [4, 9, 6, 1], [10, 5, 10, 10], [7, 0, 4, 1], [5, 7, 10, 10], [9, 6, 2, 3], [7, 0, 7, 7], [9, 5, 1, 2], [6, 9, 10, 9], [5, 3, 10, 4],
[8, 9, 3, 2], [8, 5, 1, 2], [0, 1, 10, 9], [5, 2, 10, 2], [2, 6, 7, 9], [9, 8, 0, 5], [4, 8, 3, 7], [9, 0, 1, 6], [9, 2, 6, 6], [6, 8, 6, 6],
[7, 6, 4, 1], [6, 1, 1, 8], [6, 8, 4, 4], [5, 5, 7, 7], [0, 8, 4, 8], [8, 3, 3, 7], [3, 8, 0, 9], [5, 7, 4, 10], [0, 6, 0, 6], [6, 2, 1, 1],
[8, 5, 5, 3], [8, 0, 8, 7], [8, 10, 4, 6], [0, 5, 0, 4], [2, 0, 0, 7], [7, 3, 6, 5], [7, 5, 0, 2], [5, 10, 3, 2], [5, 7, 3, 0], [7, 10, 7, 2],
[9, 0, 8, 10], [6, 8, 1, 6], [7, 10, 3, 1], [2, 7, 7, 10], [10, 5, 1, 2], [5, 3, 5, 10], [8, 6, 10, 2], [5, 5, 4, 4], [3, 0, 1, 7], [8, 0, 3, 2],
[10, 6, 4, 2], [0, 0, 10, 9], [5, 9, 0, 10], [10, 5, 7, 7], [10, 5, 7, 4], [8, 1, 6, 0], [1, 5, 8, 7], [5, 0, 10, 5], [4, 1, 5, 2], [1, 2, 0, 4],
[9, 1, 2, 9]]
[1, 0.05, 0.05, 0.05, 0.05, 0.05, 0.05, 0.05, 0.05, 0.05,
0.05, 0.05, 0.05, 0.05, 0.05, 0.05, 0.05, 0.05, 0.05, 0.05,
0.05, 0.0025, 0.0025, 0.0025, 0.0025, 0.0025, 0.0025, 0.0025, 0.0025, 0.0025,
0.0025, 0.0025, 0.0025, 0.0025, 0.0025, 0.0025, 0.0025, 0.0025, 0.0025, 0.0025,
0.0025, 0.000125, 0.000125, 0.000125, 0.000125, 0.000125, 0.000125, 0.000125, 0.000125, 0.000125,
0.000125, 0.000125, 0.000125, 0.000125, 0.000125, 0.000125, 0.000125, 0.000125, 0.000125, 0.000125,
0.000125, 6.25e-06, 6.25e-06, 6.25e-06, 6.25e-06, 6.25e-06, 6.25e-06, 6.25e-06, 6.25e-06, 6.25e-06,
6.25e-06, 6.25e-06, 6.25e-06, 6.25e-06, 6.25e-06, 6.25e-06, 6.25e-06, 6.25e-06, 6.25e-06, 6.25e-06,
6.25e-06]
[17, 4, 16, 22, 15, 7, 2, 18, 7, 11,
20, 4, 17, 0, 0, 7, 20, 11, 17, 9,
16, 16, 18, 5, 22, 1, 9, 21, 6, 6,
7, 11, 14, 5, 3, 11, 19, 10, 3, 5,
19, 15, 12, 4, 5, 12, 18, 10, 16, 11,
19, 10, 14, 7, 6, 14, 13, 3, 14, 14,
17, 3, 14, 10, 18, 21, 3, 0, 6, 1,
15, 9, 16, 2, 13, 16, 14, 3, 15, 7,
0]
------------------------------------------------------- 
# stage = 5	# children c = 20	length of each stage p = 1	nodes = 80	# items I = 1
