[2, 83, 5, 22, 40, 11, 78, 34, 68, 82,
56, 9, 11, 71, 42, 7, 22, 52, 6, 80,
3, 1, 41, 90, 91, 38, 73, 41, 59, 82,
60, 27, 31, 66, 16, 71, 43, 94, 71, 77,
41]
[[1959, 66, 1368], [95, 1726, 342], [1231, 904, 915], [1512, 831, 83], [1099, 1110, 1425], [551, 579, 1595], [665, 1803, 653], [479, 376, 1134], [1780, 988, 619], [448, 1933, 417],
[524, 899, 483], [1893, 994, 1206], [1232, 1222, 1108], [1145, 1731, 936], [1228, 839, 55], [662, 1390, 634], [1254, 1053, 1435], [904, 1532, 1811], [1036, 319, 1796], [1655, 767, 1738],
[1069, 289, 1634], [1553, 1179, 637], [1756, 1408, 856], [873, 562, 597], [1809, 787, 1436], [1864, 446, 1824], [1496, 1700, 886], [940, 1602, 1415], [1748, 647, 731], [1553, 1299, 496],
[1300, 377, 785], [944, 927, 961], [578, 693, 378], [1435, 1566, 1929], [1029, 382, 725], [474, 255, 1172], [307, 748, 1869], [190, 1688, 1480], [1606, 1445, 1124], [346, 1007, 432],
[842, 1305, 1798]]
[[1, 9, 10, 2], [8, 5, 6, 2], [4, 1, 9, 4], [7, 1, 3, 7], [3, 4, 8, 8], [2, 3, 4, 7], [10, 10, 7, 7], [3, 6, 0, 5], [2, 10, 5, 8], [5, 0, 10, 7],
[10, 6, 0, 6], [8, 1, 1, 9], [5, 9, 6, 6], [1, 0, 2, 10], [10, 7, 4, 1], [1, 5, 6, 3], [2, 9, 1, 5], [9, 0, 2, 6], [7, 0, 0, 2], [2, 1, 0, 5],
[8, 4, 0, 9], [4, 3, 6, 2], [8, 0, 3, 9], [3, 7, 2, 5], [5, 3, 0, 1], [1, 0, 7, 8], [9, 7, 8, 0], [8, 6, 6, 3], [0, 6, 0, 2], [7, 6, 4, 5],
[4, 5, 3, 7], [1, 3, 2, 4], [6, 0, 5, 8], [9, 2, 3, 7], [7, 10, 8, 3], [5, 1, 6, 3], [5, 6, 6, 2], [2, 10, 5, 6], [3, 6, 3, 4], [8, 3, 7, 3],
[1, 1, 9, 10]]
[1, 0.1, 0.1, 0.1, 0.1, 0.1, 0.1, 0.1, 0.1, 0.1,
0.1, 0.01, 0.01, 0.01, 0.01, 0.01, 0.01, 0.01, 0.01, 0.01,
0.01, 0.001, 0.001, 0.001, 0.001, 0.001, 0.001, 0.001, 0.001, 0.001,
0.001, 0.0001, 0.0001, 0.0001, 0.0001, 0.0001, 0.0001, 0.0001, 0.0001, 0.0001,
0.0001]
[1, 5, 1, 4, 6, 3, 0, 8, 4, 8,
9, 9, 7, 2, 4, 6, 4, 5, 4, 1,
9, 4, 1, 6, 9, 2, 0, 9, 3, 2,
4, 9, 2, 8, 7, 0, 8, 9, 0, 8,
4]
------------------------------------------------------- 
# stage = 5	# children c = 10	length of each stage p = 1	nodes = 40	# items I = 1
