[14, 2, 42, 89, 56, 35, 65, 41, 33, 10,
56, 81, 49, 62, 22, 29, 17, 86, 3, 77,
73, 49, 86, 28, 6, 65, 100, 29, 0, 84,
13, 14, 86, 21, 69, 7, 56, 100, 48, 55,
9, 70, 2, 25, 99, 24, 54, 15, 9, 57,
59, 48, 6, 10, 77, 79, 75, 42, 7, 41,
25, 87, 22, 10, 74, 91, 17, 29, 91]
[[345, 528, 585], [155, 885, 620], [708, 754, 880], [394, 839, 265], [513, 703, 154], [869, 473, 839], [159, 320, 220], [134, 309, 593], [336, 904, 350], [729, 8, 770],
[574, 354, 866], [245, 77, 838], [433, 786, 678], [399, 266, 603], [232, 347, 874], [869, 302, 433], [794, 30, 322], [582, 164, 631], [261, 68, 189], [611, 797, 680],
[35, 25, 602], [902, 271, 679], [826, 704, 551], [158, 672, 385], [329, 472, 732], [289, 427, 121], [290, 307, 151], [612, 457, 315], [812, 719, 383], [569, 898, 748],
[335, 502, 773], [23, 490, 612], [271, 884, 885], [822, 610, 211], [776, 25, 683], [594, 796, 197], [283, 172, 72], [2, 353, 530], [317, 251, 817], [268, 388, 369],
[584, 724, 871], [444, 315, 15], [624, 586, 467], [595, 63, 645], [806, 839, 238], [576, 87, 120], [341, 371, 775], [413, 373, 214], [511, 259, 33], [896, 95, 421],
[352, 680, 713], [791, 692, 115], [375, 402, 269], [842, 84, 332], [574, 458, 257], [380, 602, 827], [501, 29, 284], [362, 11, 225], [144, 522, 484], [177, 73, 580],
[166, 425, 828], [880, 784, 606], [81, 245, 576], [350, 174, 660], [251, 316, 687], [508, 696, 375], [421, 765, 405], [273, 695, 898], [499, 407, 506]]
[[1, 4, 3, 0], [5, 1, 10, 10], [5, 5, 3, 3], [9, 7, 5, 7], [2, 0, 5, 1], [1, 1, 9, 4], [7, 1, 8, 0], [8, 3, 1, 9], [5, 3, 7, 10], [4, 6, 9, 8],
[1, 0, 9, 8], [7, 3, 5, 9], [1, 8, 8, 2], [7, 6, 6, 1], [6, 1, 2, 3], [2, 3, 10, 8], [6, 7, 5, 9], [0, 2, 4, 10], [2, 2, 8, 9], [3, 0, 5, 4],
[8, 2, 6, 5], [7, 10, 4, 0], [9, 6, 3, 0], [8, 2, 6, 3], [7, 1, 10, 8], [3, 3, 5, 5], [3, 0, 1, 6], [0, 4, 10, 7], [4, 3, 10, 0], [0, 3, 0, 9],
[10, 1, 8, 7], [2, 3, 8, 9], [4, 8, 4, 5], [9, 8, 8, 2], [8, 7, 6, 9], [0, 6, 5, 5], [7, 4, 3, 8], [5, 2, 6, 4], [1, 1, 0, 3], [5, 7, 0, 7],
[2, 4, 2, 9], [1, 8, 9, 8], [5, 5, 6, 3], [9, 9, 6, 5], [0, 8, 2, 5], [10, 7, 8, 0], [8, 6, 2, 0], [2, 2, 8, 4], [6, 8, 3, 6], [3, 1, 3, 8],
[4, 7, 10, 2], [3, 5, 8, 1], [2, 8, 6, 10], [4, 1, 9, 0], [8, 0, 0, 10], [2, 6, 2, 6], [1, 3, 1, 5], [2, 2, 0, 7], [7, 8, 7, 10], [3, 4, 0, 3],
[2, 5, 3, 4], [6, 10, 2, 1], [10, 1, 1, 1], [5, 1, 5, 7], [2, 5, 10, 4], [7, 8, 9, 4], [6, 6, 1, 7], [8, 2, 8, 8], [5, 9, 2, 9]]
[1, 1, 1, 0.5, 0.5, 0.5, 0.5, 0.5, 0.5, 0.25,
0.25, 0.25, 0.25, 0.25, 0.25, 0.125, 0.125, 0.125, 0.125, 0.125,
0.125, 0.0625, 0.0625, 0.0625, 0.0625, 0.0625, 0.0625, 0.03125, 0.03125, 0.03125,
0.03125, 0.03125, 0.03125, 0.015625, 0.015625, 0.015625, 0.015625, 0.015625, 0.015625, 0.0078125,
0.0078125, 0.0078125, 0.0078125, 0.0078125, 0.0078125, 0.00390625, 0.00390625, 0.00390625, 0.00390625, 0.00390625,
0.00390625, 0.00195312, 0.00195312, 0.00195312, 0.00195312, 0.00195312, 0.00195312, 0.000976562, 0.000976562, 0.000976562,
0.000976562, 0.000976562, 0.000976562, 0.000488281, 0.000488281, 0.000488281, 0.000488281, 0.000488281, 0.000488281]
[18, 9, 0, 18, 6, 11, 3, 6, 7, 13,
14, 14, 11, 0, 0, 3, 3, 12, 18, 15,
8, 10, 11, 8, 11, 15, 16, 14, 7, 0,
9, 5, 11, 10, 6, 10, 11, 0, 15, 17,
7, 10, 17, 7, 16, 14, 6, 13, 14, 2,
4, 9, 11, 14, 15, 14, 0, 2, 7, 4,
12, 5, 15, 10, 0, 8, 3, 14, 5]
------------------------------------------------------- 
# stage = 12	# children c = 2	length of each stage p = 3	nodes = 68	# items I = 1
