[29, 90, 17, 27, 23, 72, 4, 90, 100, 44,
82, 31, 45, 51, 93, 51, 26, 12, 24, 66,
37, 22, 18, 33, 100, 45, 94, 38, 88, 27,
32, 16, 16, 50, 9, 39, 21, 13, 96, 87,
57, 77, 84, 68, 94, 76, 19, 86, 55, 9,
52, 92]
[[652, 1706, 321], [926, 1716, 182], [1561, 1769, 1685], [1888, 1239, 1865], [1786, 1469, 818], [60, 869, 339], [940, 30, 519], [710, 596, 873], [933, 872, 1542], [1034, 1800, 455],
[402, 1283, 992], [723, 1040, 1540], [1668, 670, 1378], [1422, 1389, 1449], [1357, 1244, 987], [1006, 136, 1856], [1346, 1076, 717], [1865, 618, 1314], [807, 1551, 1017], [1180, 1416, 886],
[1636, 1818, 238], [1459, 611, 110], [1068, 1110, 780], [1278, 601, 1001], [796, 789, 1076], [614, 627, 1212], [1302, 42, 1120], [88, 738, 1738], [233, 376, 189], [1251, 1556, 1605],
[968, 92, 1493], [38, 383, 935], [148, 282, 876], [1690, 1560, 1477], [760, 1187, 1098], [1837, 1802, 1725], [1880, 4, 1767], [1069, 92, 1336], [1638, 326, 543], [658, 408, 168],
[333, 1376, 1023], [657, 245, 237], [423, 393, 519], [1299, 153, 911], [845, 1675, 929], [774, 1581, 800], [568, 1531, 1566], [1166, 1431, 1659], [571, 1901, 816], [1114, 628, 1224],
[114, 1723, 1431], [1899, 449, 1677]]
[[2, 6, 3, 5], [10, 8, 8, 5], [0, 8, 5, 9], [3, 3, 1, 3], [5, 6, 5, 6], [4, 0, 10, 10], [5, 3, 9, 0], [3, 1, 5, 5], [8, 9, 0, 5], [4, 8, 0, 2],
[3, 3, 0, 6], [6, 1, 7, 0], [5, 10, 5, 9], [10, 4, 6, 5], [5, 3, 3, 8], [4, 9, 2, 10], [5, 0, 5, 9], [9, 3, 9, 10], [4, 9, 4, 10], [9, 0, 0, 3],
[0, 3, 0, 8], [5, 4, 0, 10], [7, 4, 7, 10], [0, 7, 7, 3], [8, 10, 1, 4], [2, 10, 3, 6], [6, 7, 4, 4], [8, 2, 6, 6], [5, 6, 1, 10], [8, 2, 9, 3],
[4, 3, 2, 2], [10, 9, 5, 7], [9, 4, 0, 9], [1, 4, 3, 7], [9, 5, 10, 4], [7, 5, 10, 1], [9, 10, 9, 6], [1, 5, 9, 3], [8, 9, 5, 7], [6, 10, 2, 2],
[1, 2, 9, 2], [4, 10, 9, 1], [4, 8, 5, 0], [0, 3, 10, 9], [2, 6, 3, 1], [0, 10, 4, 8], [7, 7, 3, 2], [4, 5, 2, 5], [5, 0, 7, 8], [0, 5, 9, 2],
[1, 3, 1, 10], [6, 9, 7, 8]]
[1, 1, 0.2, 0.2, 0.2, 0.2, 0.2, 0.2, 0.2, 0.2,
0.2, 0.2, 0.04, 0.04, 0.04, 0.04, 0.04, 0.04, 0.04, 0.04,
0.04, 0.04, 0.008, 0.008, 0.008, 0.008, 0.008, 0.008, 0.008, 0.008,
0.008, 0.008, 0.0016, 0.0016, 0.0016, 0.0016, 0.0016, 0.0016, 0.0016, 0.0016,
0.0016, 0.0016, 0.00032, 0.00032, 0.00032, 0.00032, 0.00032, 0.00032, 0.00032, 0.00032,
0.00032, 0.00032]
[7, 8, 8, 7, 9, 2, 7, 7, 6, 6,
9, 7, 8, 4, 4, 6, 2, 0, 7, 5,
7, 9, 4, 2, 5, 5, 1, 2, 6, 5,
9, 8, 8, 5, 8, 4, 1, 5, 1, 0,
8, 4, 8, 3, 7, 9, 1, 1, 8, 8,
9, 8]
------------------------------------------------------- 
# stage = 6	# children c = 5	length of each stage p = 2	nodes = 51	# items I = 1
