[57, 28, 57, 38, 73, 74, 93, 29, 83, 54,
54, 6, 54, 97, 54, 9, 92, 65, 43, 67,
66, 73, 13, 87, 45, 61, 24, 88, 66, 76,
4, 22, 70, 61, 26, 43, 34, 18, 38, 83,
38, 58, 55, 92, 20, 9, 68, 11, 74, 77,
45, 5, 49, 58, 92, 61, 18, 15, 48, 84,
57, 18, 73, 27, 79, 99, 36, 79, 84, 40,
62, 21]
[[436, 833, 492], [389, 725, 1], [535, 811, 282], [823, 785, 10], [423, 646, 186], [283, 334, 580], [864, 448, 168], [20, 118, 492], [653, 464, 467], [374, 92, 633],
[707, 528, 155], [889, 918, 880], [891, 142, 381], [863, 655, 165], [563, 78, 501], [749, 51, 835], [18, 606, 974], [187, 626, 782], [369, 969, 936], [836, 343, 27],
[158, 49, 246], [313, 629, 854], [192, 519, 686], [263, 381, 341], [429, 945, 109], [620, 383, 160], [145, 402, 456], [809, 279, 772], [590, 648, 741], [526, 173, 774],
[243, 21, 513], [489, 334, 141], [32, 216, 660], [719, 480, 732], [59, 599, 366], [168, 218, 749], [18, 53, 841], [475, 862, 810], [937, 452, 147], [677, 668, 10],
[140, 911, 31], [654, 400, 365], [795, 122, 272], [145, 841, 442], [877, 900, 40], [242, 67, 949], [681, 777, 2], [212, 251, 864], [21, 878, 5], [169, 245, 673],
[179, 385, 584], [211, 38, 674], [266, 524, 796], [228, 669, 637], [670, 545, 226], [710, 477, 294], [349, 848, 70], [41, 59, 11], [905, 81, 579], [601, 941, 824],
[273, 810, 209], [547, 711, 938], [220, 978, 461], [707, 896, 129], [343, 566, 364], [569, 275, 531], [553, 314, 379], [313, 355, 438], [14, 951, 519], [594, 551, 149],
[107, 514, 960], [316, 61, 670]]
[[1, 1, 8, 10], [10, 7, 5, 8], [0, 2, 3, 5], [8, 0, 7, 7], [8, 0, 3, 5], [7, 10, 2, 0], [1, 3, 9, 9], [7, 10, 10, 8], [0, 5, 7, 9], [1, 10, 4, 10],
[10, 6, 2, 7], [4, 10, 2, 1], [10, 3, 4, 7], [2, 6, 5, 3], [9, 3, 0, 3], [0, 10, 9, 1], [2, 4, 8, 3], [3, 10, 2, 1], [5, 4, 8, 9], [1, 10, 0, 1],
[2, 4, 6, 2], [9, 0, 4, 7], [4, 4, 9, 4], [1, 5, 3, 3], [9, 9, 6, 0], [9, 6, 1, 3], [8, 7, 0, 8], [5, 0, 9, 5], [2, 4, 8, 0], [2, 1, 6, 4],
[5, 2, 7, 4], [7, 10, 7, 6], [7, 0, 6, 3], [4, 5, 6, 10], [1, 6, 7, 6], [4, 3, 1, 5], [5, 9, 5, 8], [8, 9, 1, 2], [0, 8, 4, 8], [6, 0, 1, 2],
[0, 7, 3, 2], [10, 9, 1, 0], [3, 9, 5, 5], [10, 4, 10, 5], [2, 3, 2, 8], [10, 1, 8, 0], [10, 1, 6, 5], [1, 7, 5, 10], [1, 8, 1, 0], [4, 0, 9, 5],
[7, 3, 9, 7], [5, 6, 1, 5], [7, 1, 2, 7], [2, 10, 7, 10], [0, 0, 2, 10], [7, 5, 7, 8], [0, 8, 6, 5], [7, 4, 8, 3], [6, 6, 10, 0], [0, 9, 6, 7],
[10, 8, 3, 0], [6, 8, 8, 6], [8, 0, 4, 4], [3, 0, 10, 4], [9, 5, 7, 3], [8, 4, 6, 3], [9, 6, 3, 9], [4, 7, 5, 2], [5, 7, 0, 0], [4, 6, 4, 2],
[6, 8, 4, 10], [9, 4, 1, 5]]
[1, 1, 0.2, 0.2, 0.2, 0.2, 0.2, 0.2, 0.2, 0.2,
0.2, 0.2, 0.04, 0.04, 0.04, 0.04, 0.04, 0.04, 0.04, 0.04,
0.04, 0.04, 0.008, 0.008, 0.008, 0.008, 0.008, 0.008, 0.008, 0.008,
0.008, 0.008, 0.0016, 0.0016, 0.0016, 0.0016, 0.0016, 0.0016, 0.0016, 0.0016,
0.0016, 0.0016, 0.00032, 0.00032, 0.00032, 0.00032, 0.00032, 0.00032, 0.00032, 0.00032,
0.00032, 0.00032, 6.4e-05, 6.4e-05, 6.4e-05, 6.4e-05, 6.4e-05, 6.4e-05, 6.4e-05, 6.4e-05,
6.4e-05, 6.4e-05, 1.28e-05, 1.28e-05, 1.28e-05, 1.28e-05, 1.28e-05, 1.28e-05, 1.28e-05, 1.28e-05,
1.28e-05, 1.28e-05]
[6, 6, 9, 11, 15, 20, 10, 9, 4, 7,
6, 20, 0, 7, 20, 6, 17, 12, 0, 9,
12, 7, 8, 7, 7, 12, 3, 17, 10, 0,
18, 15, 18, 16, 2, 10, 11, 13, 11, 5,
11, 6, 3, 13, 3, 0, 19, 10, 17, 11,
6, 10, 16, 10, 20, 0, 9, 19, 6, 1,
0, 5, 15, 10, 17, 7, 18, 15, 17, 16,
17, 20]
------------------------------------------------------- 
# stage = 8	# children c = 5	length of each stage p = 2	nodes = 71	# items I = 1
