[72, 36, 45, 32, 21, 34, 55, 20, 67, 27,
61, 26, 75, 72, 100, 41, 12, 2, 2, 39,
81, 0, 80, 54, 64, 81, 80, 93, 87, 22,
45, 24, 58, 56, 56, 45, 91, 78, 65, 23,
4, 92, 15, 79, 30, 82, 86, 42, 84, 89,
47, 65, 55, 93, 85, 18, 40, 64, 78, 26,
86, 22, 51, 43, 44, 73, 55, 34, 50, 19,
24, 54, 78, 39, 33, 7, 87, 85, 49, 71]
[[1033, 1052, 1716], [938, 642, 1390], [1598, 1624, 1814], [674, 970, 83], [1047, 1846, 1510], [204, 1120, 663], [344, 589, 698], [1320, 324, 974], [495, 1172, 376], [1810, 797, 1738],
[821, 1465, 920], [301, 532, 1562], [1327, 260, 951], [1270, 569, 1556], [988, 1616, 1532], [627, 1820, 416], [925, 1799, 1005], [1623, 1248, 965], [361, 1378, 1772], [372, 1317, 333],
[240, 1774, 1798], [795, 1710, 460], [486, 1166, 355], [1072, 200, 924], [758, 1188, 304], [54, 1815, 254], [470, 869, 1688], [1110, 256, 701], [204, 253, 208], [1612, 625, 1161],
[74, 500, 1064], [2, 1295, 903], [462, 1417, 199], [452, 618, 34], [1376, 1376, 1223], [1315, 1065, 802], [1569, 1535, 1307], [1022, 775, 1198], [1358, 614, 1451], [1566, 355, 1712],
[491, 430, 341], [1555, 67, 1272], [223, 164, 818], [57, 616, 1436], [91, 1627, 577], [949, 1071, 1642], [1752, 405, 942], [823, 1427, 1717], [150, 914, 95], [1237, 244, 451],
[713, 371, 516], [689, 55, 583], [90, 1784, 747], [908, 1476, 1363], [109, 1203, 1119], [321, 281, 319], [92, 1668, 724], [1034, 620, 1786], [515, 406, 464], [611, 1278, 344],
[697, 120, 715], [1213, 809, 405], [1796, 900, 319], [672, 1443, 1430], [1670, 1552, 762], [918, 2, 679], [872, 1601, 476], [1597, 399, 732], [1147, 915, 773], [1612, 1161, 180],
[85, 1858, 300], [800, 1200, 744], [1205, 1125, 1279], [1159, 1432, 852], [719, 1231, 168], [1116, 1784, 1677], [1795, 785, 1407], [36, 511, 1441], [768, 1659, 120], [1176, 1035, 1281]]
[[4, 10, 2, 2], [7, 7, 6, 5], [2, 1, 6, 1], [8, 6, 9, 3], [9, 3, 8, 7], [0, 3, 4, 10], [4, 6, 7, 2], [6, 7, 2, 8], [4, 4, 9, 10], [0, 4, 4, 0],
[3, 8, 1, 0], [1, 8, 1, 0], [1, 7, 7, 10], [8, 9, 7, 2], [3, 3, 2, 7], [8, 4, 2, 2], [8, 0, 1, 6], [4, 3, 4, 7], [1, 5, 5, 2], [2, 5, 2, 1],
[1, 7, 0, 8], [6, 7, 10, 7], [10, 10, 3, 8], [3, 5, 8, 9], [6, 9, 2, 8], [10, 6, 3, 0], [9, 8, 1, 9], [0, 1, 0, 0], [9, 0, 8, 2], [6, 5, 9, 5],
[4, 10, 0, 5], [4, 8, 3, 8], [4, 3, 6, 4], [7, 9, 2, 5], [4, 1, 3, 3], [3, 1, 3, 10], [2, 0, 1, 8], [5, 8, 0, 9], [7, 10, 3, 9], [5, 4, 7, 10],
[5, 0, 1, 1], [7, 1, 4, 9], [3, 5, 1, 4], [7, 4, 3, 7], [2, 2, 2, 7], [8, 0, 3, 2], [10, 4, 0, 5], [6, 5, 2, 0], [5, 3, 10, 10], [2, 1, 9, 5],
[7, 8, 7, 1], [2, 10, 8, 4], [1, 8, 10, 9], [8, 0, 0, 8], [5, 10, 0, 9], [4, 2, 8, 8], [3, 7, 5, 5], [7, 1, 9, 1], [10, 5, 2, 1], [5, 8, 3, 4],
[5, 0, 1, 0], [1, 10, 6, 4], [9, 6, 2, 1], [6, 8, 7, 9], [5, 10, 4, 10], [1, 0, 0, 0], [5, 2, 10, 8], [8, 2, 2, 0], [1, 1, 0, 2], [0, 7, 4, 8],
[0, 4, 7, 7], [2, 1, 3, 5], [0, 5, 4, 1], [5, 4, 1, 9], [4, 0, 6, 1], [1, 6, 1, 2], [7, 10, 2, 6], [4, 4, 1, 3], [8, 8, 8, 10], [7, 0, 4, 7]]
[1, 1, 1, 1, 1, 0.333333, 0.333333, 0.333333, 0.333333, 0.333333,
0.333333, 0.333333, 0.333333, 0.333333, 0.333333, 0.333333, 0.333333, 0.333333, 0.333333, 0.333333,
0.111111, 0.111111, 0.111111, 0.111111, 0.111111, 0.111111, 0.111111, 0.111111, 0.111111, 0.111111,
0.111111, 0.111111, 0.111111, 0.111111, 0.111111, 0.037037, 0.037037, 0.037037, 0.037037, 0.037037,
0.037037, 0.037037, 0.037037, 0.037037, 0.037037, 0.037037, 0.037037, 0.037037, 0.037037, 0.037037,
0.0123457, 0.0123457, 0.0123457, 0.0123457, 0.0123457, 0.0123457, 0.0123457, 0.0123457, 0.0123457, 0.0123457,
0.0123457, 0.0123457, 0.0123457, 0.0123457, 0.0123457, 0.00411523, 0.00411523, 0.00411523, 0.00411523, 0.00411523,
0.00411523, 0.00411523, 0.00411523, 0.00411523, 0.00411523, 0.00411523, 0.00411523, 0.00411523, 0.00411523, 0.00411523]
[2, 0, 0, 3, 8, 2, 0, 3, 9, 9,
7, 9, 3, 8, 4, 2, 5, 8, 5, 0,
6, 6, 9, 7, 1, 4, 3, 1, 9, 7,
1, 4, 5, 7, 8, 6, 4, 2, 7, 5,
8, 9, 4, 0, 0, 1, 9, 2, 9, 8,
1, 4, 1, 1, 1, 1, 7, 3, 1, 7,
6, 8, 3, 2, 4, 5, 7, 3, 8, 1,
1, 1, 4, 2, 2, 2, 8, 8, 4, 9]
------------------------------------------------------- 
# stage = 6	# children c = 3	length of each stage p = 5	nodes = 79	# items I = 1
