[27, 72, 13, 93, 37, 23, 99, 5, 70, 7,
38, 68, 76, 22, 100, 97, 46, 7, 98, 26,
39, 6, 74, 55, 37, 94, 33, 80, 27, 58,
4, 21, 29, 17, 13, 33, 6, 78, 38, 76,
86, 77, 10, 27, 99, 9, 23, 44, 17, 88,
37, 22, 60, 77, 78, 97, 71, 10, 43, 64,
68, 47, 85, 98, 30, 64, 30, 36, 8, 34,
12, 94, 10, 89, 87, 76, 64, 77, 86, 81,
64, 22, 70, 90, 66, 47, 87, 36, 57, 96,
100, 91, 42, 51, 88, 72, 14, 84, 74, 89,
18, 52, 82, 95, 40, 35, 36, 4, 11, 22,
51, 41, 10, 20, 30, 76, 33, 83, 78, 56,
78, 44, 47, 86, 95, 34, 57, 75, 85, 98,
64, 69, 49, 11, 63, 56, 12, 100, 26, 23,
88, 77, 30, 64, 64, 61, 6, 63, 9, 84,
19, 88, 94, 66, 39, 88, 66, 63, 29, 50,
60, 59, 18, 8, 36, 48, 64, 49, 13, 90,
38, 67, 33, 69, 30, 63, 96, 36, 25, 4]
[[638, 93, 816], [161, 524, 314], [636, 1001, 928], [814, 618, 924], [863, 906, 716], [706, 51, 870], [213, 26, 67], [13, 339, 955], [1005, 838, 495], [251, 911, 979],
[557, 530, 822], [354, 441, 328], [669, 58, 60], [328, 872, 428], [1002, 467, 315], [700, 923, 117], [551, 117, 143], [368, 130, 232], [304, 885, 51], [550, 886, 712],
[510, 424, 992], [63, 779, 415], [141, 179, 473], [201, 257, 77], [380, 241, 294], [445, 941, 198], [562, 223, 315], [455, 341, 195], [687, 396, 830], [738, 946, 697],
[431, 187, 871], [155, 250, 381], [570, 392, 310], [793, 343, 568], [620, 723, 809], [914, 150, 481], [93, 712, 454], [158, 918, 795], [103, 586, 172], [933, 56, 99],
[361, 237, 286], [214, 392, 287], [595, 712, 679], [906, 487, 3], [455, 88, 477], [1014, 1003, 627], [476, 846, 70], [930, 755, 988], [706, 858, 556], [629, 523, 362],
[728, 884, 599], [765, 79, 742], [33, 425, 435], [462, 312, 922], [215, 517, 761], [692, 512, 495], [300, 738, 322], [371, 649, 827], [90, 86, 667], [396, 715, 940],
[758, 175, 805], [89, 940, 635], [831, 723, 41], [247, 166, 103], [920, 381, 620], [662, 824, 882], [907, 874, 601], [210, 995, 231], [788, 67, 67], [186, 463, 783],
[107, 203, 708], [912, 292, 379], [278, 873, 83], [319, 870, 1018], [422, 521, 130], [792, 933, 954], [655, 821, 810], [237, 782, 786], [218, 551, 603], [286, 737, 48],
[819, 844, 1], [258, 487, 43], [637, 766, 916], [720, 835, 517], [719, 1008, 20], [849, 781, 953], [785, 418, 756], [326, 655, 519], [862, 624, 820], [447, 660, 538],
[495, 460, 113], [246, 718, 350], [289, 336, 866], [186, 806, 683], [453, 506, 672], [473, 86, 434], [158, 621, 602], [664, 947, 1008], [933, 791, 613], [734, 219, 254],
[3, 464, 464], [116, 710, 932], [216, 999, 1018], [64, 935, 805], [497, 119, 42], [919, 593, 128], [84, 751, 750], [687, 396, 428], [426, 310, 200], [20, 794, 169],
[24, 797, 383], [238, 663, 74], [151, 879, 823], [919, 693, 489], [455, 940, 609], [497, 840, 952], [375, 675, 434], [875, 343, 830], [285, 519, 890], [235, 539, 665],
[155, 313, 193], [538, 551, 856], [363, 452, 466], [936, 102, 910], [157, 557, 831], [766, 804, 403], [699, 929, 59], [114, 536, 152], [694, 571, 671], [315, 806, 191],
[730, 711, 254], [923, 1000, 555], [510, 344, 757], [726, 11, 859], [617, 168, 147], [430, 684, 701], [583, 364, 611], [642, 228, 128], [794, 672, 699], [446, 987, 237],
[387, 448, 948], [641, 102, 679], [946, 612, 773], [684, 320, 785], [274, 687, 703], [421, 867, 369], [103, 431, 483], [714, 54, 712], [593, 848, 115], [23, 25, 84],
[10, 412, 282], [959, 803, 385], [369, 480, 997], [124, 145, 48], [909, 419, 736], [593, 590, 334], [962, 693, 766], [427, 139, 820], [889, 482, 400], [1004, 505, 425],
[838, 516, 588], [102, 206, 122], [487, 575, 603], [215, 699, 498], [14, 339, 668], [500, 683, 239], [834, 376, 933], [581, 553, 822], [133, 423, 285], [533, 159, 540],
[708, 747, 37], [27, 599, 1012], [150, 67, 319], [503, 33, 768], [751, 47, 89], [400, 297, 522], [640, 112, 898], [304, 694, 433], [107, 827, 606], [392, 91, 515]]
[[4, 5, 9, 1], [2, 2, 5, 3], [8, 0, 3, 0], [5, 9, 3, 9], [2, 4, 3, 4], [6, 3, 2, 5], [9, 2, 2, 8], [2, 0, 2, 4], [3, 1, 5, 6], [1, 10, 9, 9],
[8, 1, 7, 0], [10, 8, 10, 10], [1, 0, 1, 6], [3, 3, 0, 10], [6, 1, 7, 6], [1, 10, 10, 4], [9, 4, 8, 8], [2, 6, 4, 8], [6, 0, 9, 3], [8, 8, 1, 8],
[6, 2, 3, 8], [6, 3, 7, 10], [2, 4, 5, 3], [1, 4, 6, 10], [6, 1, 7, 8], [6, 0, 4, 1], [0, 2, 2, 6], [8, 3, 3, 3], [6, 6, 0, 10], [8, 8, 7, 10],
[10, 1, 1, 0], [3, 5, 8, 7], [6, 4, 3, 1], [2, 7, 0, 0], [9, 3, 6, 6], [4, 8, 9, 8], [3, 8, 5, 9], [3, 1, 9, 0], [0, 8, 9, 3], [0, 6, 9, 6],
[8, 1, 6, 10], [8, 6, 8, 6], [7, 1, 10, 10], [9, 6, 5, 2], [3, 0, 0, 4], [10, 7, 4, 0], [2, 2, 1, 2], [6, 10, 7, 3], [0, 2, 0, 6], [6, 8, 10, 1],
[10, 9, 9, 8], [5, 3, 8, 6], [1, 7, 0, 1], [1, 2, 10, 4], [3, 0, 4, 9], [0, 0, 0, 9], [0, 0, 3, 5], [9, 2, 4, 8], [1, 2, 3, 4], [3, 1, 10, 5],
[8, 8, 4, 9], [9, 3, 0, 10], [3, 5, 8, 1], [3, 8, 9, 2], [7, 1, 7, 5], [1, 9, 0, 0], [9, 3, 4, 1], [4, 2, 4, 1], [8, 6, 9, 6], [9, 9, 3, 0],
[3, 1, 10, 7], [7, 6, 9, 3], [5, 3, 6, 7], [1, 6, 7, 8], [10, 10, 9, 3], [1, 1, 3, 7], [7, 1, 1, 4], [10, 4, 2, 1], [3, 1, 6, 0], [6, 2, 1, 0],
[5, 6, 5, 4], [1, 0, 1, 0], [10, 8, 2, 9], [7, 3, 5, 4], [4, 6, 6, 1], [9, 8, 2, 1], [7, 6, 10, 2], [8, 1, 1, 0], [7, 4, 2, 6], [4, 1, 5, 1],
[10, 7, 10, 4], [10, 3, 8, 1], [7, 1, 2, 5], [9, 3, 5, 4], [9, 4, 4, 5], [3, 5, 5, 10], [10, 6, 4, 1], [7, 9, 3, 4], [3, 0, 9, 2], [3, 4, 1, 9],
[6, 3, 1, 2], [4, 6, 4, 1], [0, 9, 6, 3], [1, 9, 1, 0], [4, 5, 2, 1], [1, 3, 3, 4], [3, 1, 4, 5], [6, 5, 3, 10], [6, 2, 10, 0], [9, 4, 1, 7],
[2, 5, 10, 1], [3, 0, 2, 6], [3, 2, 7, 4], [3, 8, 6, 6], [10, 10, 0, 3], [4, 1, 0, 0], [4, 10, 9, 0], [1, 8, 7, 1], [2, 6, 3, 3], [5, 3, 9, 6],
[3, 3, 9, 6], [1, 4, 1, 9], [4, 0, 1, 8], [1, 10, 6, 3], [9, 4, 3, 9], [1, 10, 10, 3], [6, 2, 5, 9], [3, 3, 4, 6], [7, 2, 1, 6], [7, 1, 4, 9],
[1, 3, 6, 2], [2, 0, 4, 9], [4, 7, 7, 4], [7, 7, 5, 0], [7, 10, 9, 9], [3, 0, 4, 8], [3, 6, 3, 8], [7, 7, 6, 6], [10, 10, 8, 1], [8, 10, 8, 0],
[7, 5, 4, 3], [10, 9, 1, 4], [7, 8, 2, 8], [8, 7, 5, 9], [0, 6, 4, 5], [0, 8, 0, 8], [6, 6, 7, 3], [6, 4, 3, 2], [9, 5, 3, 6], [2, 4, 0, 9],
[10, 0, 4, 7], [5, 9, 4, 5], [2, 8, 10, 2], [6, 8, 8, 1], [4, 4, 4, 10], [8, 6, 1, 5], [0, 2, 0, 2], [4, 9, 9, 3], [8, 2, 8, 2], [9, 1, 6, 0],
[10, 5, 0, 3], [3, 8, 4, 5], [1, 6, 4, 8], [10, 3, 2, 0], [5, 0, 0, 7], [8, 10, 10, 5], [1, 5, 7, 9], [7, 2, 9, 4], [6, 8, 7, 7], [3, 9, 1, 3],
[4, 5, 0, 2], [8, 2, 2, 0], [0, 0, 5, 8], [8, 4, 2, 8], [7, 10, 6, 3], [10, 2, 7, 5], [10, 3, 1, 3], [1, 0, 4, 4], [5, 4, 6, 0], [4, 6, 9, 4]]
[1, 1, 1, 1, 1, 0.2, 0.2, 0.2, 0.2, 0.2,
0.2, 0.2, 0.2, 0.2, 0.2, 0.2, 0.2, 0.2, 0.2, 0.2,
0.2, 0.2, 0.2, 0.2, 0.2, 0.2, 0.2, 0.2, 0.2, 0.2,
0.04, 0.04, 0.04, 0.04, 0.04, 0.04, 0.04, 0.04, 0.04, 0.04,
0.04, 0.04, 0.04, 0.04, 0.04, 0.04, 0.04, 0.04, 0.04, 0.04,
0.04, 0.04, 0.04, 0.04, 0.04, 0.008, 0.008, 0.008, 0.008, 0.008,
0.008, 0.008, 0.008, 0.008, 0.008, 0.008, 0.008, 0.008, 0.008, 0.008,
0.008, 0.008, 0.008, 0.008, 0.008, 0.008, 0.008, 0.008, 0.008, 0.008,
0.0016, 0.0016, 0.0016, 0.0016, 0.0016, 0.0016, 0.0016, 0.0016, 0.0016, 0.0016,
0.0016, 0.0016, 0.0016, 0.0016, 0.0016, 0.0016, 0.0016, 0.0016, 0.0016, 0.0016,
0.0016, 0.0016, 0.0016, 0.0016, 0.0016, 0.00032, 0.00032, 0.00032, 0.00032, 0.00032,
0.00032, 0.00032, 0.00032, 0.00032, 0.00032, 0.00032, 0.00032, 0.00032, 0.00032, 0.00032,
0.00032, 0.00032, 0.00032, 0.00032, 0.00032, 0.00032, 0.00032, 0.00032, 0.00032, 0.00032,
6.4e-05, 6.4e-05, 6.4e-05, 6.4e-05, 6.4e-05, 6.4e-05, 6.4e-05, 6.4e-05, 6.4e-05, 6.4e-05,
6.4e-05, 6.4e-05, 6.4e-05, 6.4e-05, 6.4e-05, 6.4e-05, 6.4e-05, 6.4e-05, 6.4e-05, 6.4e-05,
6.4e-05, 6.4e-05, 6.4e-05, 6.4e-05, 6.4e-05, 1.28e-05, 1.28e-05, 1.28e-05, 1.28e-05, 1.28e-05,
1.28e-05, 1.28e-05, 1.28e-05, 1.28e-05, 1.28e-05, 1.28e-05, 1.28e-05, 1.28e-05, 1.28e-05, 1.28e-05,
1.28e-05, 1.28e-05, 1.28e-05, 1.28e-05, 1.28e-05, 1.28e-05, 1.28e-05, 1.28e-05, 1.28e-05, 1.28e-05]
[0, 13, 3, 19, 3, 13, 9, 20, 11, 6,
18, 20, 18, 10, 1, 20, 6, 5, 3, 12,
15, 10, 11, 0, 5, 0, 17, 16, 16, 11,
14, 18, 2, 5, 1, 10, 17, 19, 5, 2,
1, 9, 1, 12, 8, 12, 12, 18, 7, 18,
18, 1, 4, 18, 16, 16, 0, 15, 5, 17,
6, 11, 14, 11, 11, 5, 11, 16, 2, 0,
9, 15, 15, 7, 12, 11, 5, 15, 8, 18,
8, 2, 4, 13, 7, 4, 3, 1, 4, 15,
5, 14, 6, 9, 8, 11, 2, 16, 7, 13,
17, 10, 10, 15, 15, 10, 14, 10, 5, 11,
19, 8, 11, 6, 7, 12, 11, 20, 9, 15,
20, 1, 3, 8, 5, 1, 17, 3, 8, 1,
5, 15, 11, 16, 3, 0, 12, 14, 11, 1,
20, 18, 8, 20, 8, 9, 9, 4, 13, 15,
6, 15, 14, 9, 9, 17, 9, 20, 12, 10,
15, 9, 18, 0, 12, 2, 7, 14, 3, 1,
11, 16, 9, 12, 8, 19, 15, 3, 20, 19]
------------------------------------------------------- 
# stage = 8	# children c = 5	length of each stage p = 5	nodes = 179	# items I = 1
