[43, 81, 24, 99, 97, 89, 54, 39, 23, 61,
42, 40, 18, 4, 8, 42, 9, 97, 48, 65,
9, 100, 72, 0, 48, 71, 91, 28, 33, 39,
93, 76, 86, 16, 40, 48, 71, 94, 87, 94,
21, 29, 100, 5, 100, 7, 13, 8, 70, 62,
39, 80]
[[341, 1064, 1646], [125, 246, 1317], [700, 1011, 1121], [1505, 543, 629], [1624, 1289, 1317], [339, 217, 16], [1170, 1494, 856], [574, 1173, 1611], [1067, 852, 914], [1336, 1337, 1445],
[1016, 1678, 816], [1478, 619, 1571], [1611, 135, 889], [1040, 1640, 1433], [485, 387, 1538], [619, 726, 62], [635, 712, 372], [1491, 102, 1545], [226, 1169, 704], [1649, 1321, 857],
[1401, 1154, 842], [1034, 939, 1461], [912, 1367, 1596], [109, 714, 359], [358, 1199, 746], [712, 125, 288], [1283, 1269, 1509], [1655, 1577, 1611], [1508, 110, 1087], [1028, 575, 1225],
[193, 284, 686], [1035, 1318, 441], [1313, 1046, 115], [32, 1155, 1338], [901, 329, 1354], [1647, 1041, 295], [752, 1140, 1565], [568, 1103, 1449], [487, 1427, 375], [390, 762, 950],
[431, 955, 50], [1626, 807, 184], [884, 936, 1231], [1508, 968, 1202], [1154, 685, 348], [1324, 1149, 205], [1619, 208, 1346], [307, 1285, 756], [572, 588, 490], [947, 1488, 68],
[714, 226, 1533], [1273, 160, 1156]]
[[2, 8, 9, 0], [0, 3, 7, 4], [6, 0, 4, 5], [3, 10, 5, 10], [2, 5, 0, 2], [2, 4, 0, 9], [1, 8, 6, 9], [1, 6, 0, 1], [1, 7, 2, 10], [10, 9, 4, 5],
[9, 6, 8, 10], [5, 3, 7, 7], [6, 7, 7, 6], [9, 7, 2, 0], [3, 8, 9, 4], [1, 7, 6, 2], [1, 8, 1, 1], [4, 5, 4, 0], [0, 2, 10, 6], [3, 6, 0, 7],
[0, 8, 2, 10], [2, 4, 8, 5], [10, 4, 8, 0], [9, 3, 0, 10], [9, 1, 9, 0], [5, 3, 0, 3], [3, 10, 7, 4], [3, 6, 0, 1], [1, 0, 9, 3], [4, 4, 7, 1],
[8, 4, 10, 4], [5, 10, 4, 1], [9, 2, 1, 1], [3, 1, 5, 6], [9, 1, 8, 10], [5, 8, 9, 6], [8, 8, 10, 10], [1, 6, 9, 8], [10, 8, 1, 2], [5, 3, 3, 4],
[4, 4, 5, 5], [3, 8, 10, 1], [8, 7, 9, 2], [5, 7, 9, 0], [2, 6, 9, 2], [1, 7, 10, 9], [3, 9, 9, 8], [0, 1, 10, 2], [3, 3, 7, 6], [0, 6, 5, 6],
[3, 3, 9, 6], [10, 7, 4, 2]]
[1, 1, 0.2, 0.2, 0.2, 0.2, 0.2, 0.2, 0.2, 0.2,
0.2, 0.2, 0.04, 0.04, 0.04, 0.04, 0.04, 0.04, 0.04, 0.04,
0.04, 0.04, 0.008, 0.008, 0.008, 0.008, 0.008, 0.008, 0.008, 0.008,
0.008, 0.008, 0.0016, 0.0016, 0.0016, 0.0016, 0.0016, 0.0016, 0.0016, 0.0016,
0.0016, 0.0016, 0.00032, 0.00032, 0.00032, 0.00032, 0.00032, 0.00032, 0.00032, 0.00032,
0.00032, 0.00032]
[4, 5, 3, 8, 1, 8, 4, 7, 0, 2,
1, 3, 5, 3, 7, 7, 4, 6, 4, 1,
5, 3, 7, 7, 2, 5, 0, 6, 1, 3,
5, 0, 0, 7, 0, 7, 4, 5, 2, 0,
0, 3, 8, 6, 6, 7, 0, 2, 2, 1,
2, 8]
------------------------------------------------------- 
# stage = 6	# children c = 5	length of each stage p = 2	nodes = 51	# items I = 1
