[51, 19, 12, 64, 94, 12, 69, 10, 14, 60,
30, 15, 64, 8, 49, 66, 50, 89, 2, 60,
68, 41, 34, 88, 69, 80, 34, 78, 54, 46,
10, 71, 66, 89]
[[736, 444, 1354], [180, 676, 616], [663, 1133, 783], [475, 2, 506], [1154, 753, 1187], [1596, 585, 1229], [1380, 961, 1455], [794, 765, 1505], [597, 607, 379], [863, 1242, 312],
[1000, 83, 1224], [460, 264, 5], [1076, 1394, 1606], [1859, 442, 1608], [937, 1596, 466], [696, 1764, 1052], [31, 1716, 585], [58, 1082, 1817], [1563, 1679, 530], [514, 647, 1772],
[826, 220, 1856], [155, 680, 692], [161, 328, 658], [1767, 292, 1100], [52, 1696, 1268], [986, 965, 1604], [143, 1463, 1426], [1195, 1521, 613], [1117, 1656, 865], [219, 275, 84],
[97, 1568, 304], [525, 1724, 1451], [1217, 457, 1779], [1875, 796, 643]]
[[4, 8, 9, 1], [3, 0, 6, 10], [8, 5, 7, 6], [8, 6, 9, 4], [6, 8, 2, 8], [5, 2, 8, 0], [0, 1, 5, 3], [0, 5, 9, 2], [1, 7, 4, 2], [6, 8, 2, 3],
[3, 7, 7, 9], [2, 3, 0, 8], [0, 1, 6, 3], [3, 1, 3, 1], [2, 6, 5, 0], [10, 1, 3, 0], [6, 5, 0, 1], [2, 2, 2, 3], [7, 9, 2, 9], [10, 0, 5, 10],
[1, 9, 2, 5], [8, 3, 4, 10], [10, 9, 0, 7], [8, 1, 7, 4], [6, 7, 5, 8], [8, 8, 1, 2], [4, 1, 1, 4], [1, 4, 1, 1], [2, 4, 6, 10], [7, 8, 7, 4],
[7, 5, 0, 4], [6, 5, 6, 1], [0, 1, 8, 8], [7, 9, 10, 9]]
[1, 0.333333, 0.333333, 0.333333, 0.111111, 0.111111, 0.111111, 0.037037, 0.037037, 0.037037,
0.0123457, 0.0123457, 0.0123457, 0.00411523, 0.00411523, 0.00411523, 0.00137174, 0.00137174, 0.00137174, 0.000457247,
0.000457247, 0.000457247, 0.000152416, 0.000152416, 0.000152416, 5.08053e-05, 5.08053e-05, 5.08053e-05, 1.69351e-05, 1.69351e-05,
1.69351e-05, 5.64503e-06, 5.64503e-06, 5.64503e-06]
[3, 9, 1, 10, 17, 16, 2, 0, 3, 1,
13, 9, 12, 3, 6, 8, 4, 11, 7, 9,
5, 8, 6, 7, 3, 2, 11, 6, 14, 16,
18, 6, 1, 2]
------------------------------------------------------- 
# stage = 12	# children c = 3	length of each stage p = 1	nodes = 33	# items I = 1
