[76, 49, 76, 92, 72, 61, 53, 63, 90, 65,
70, 67, 18, 22, 16, 89, 45, 22, 1, 64,
91, 67, 81, 25, 5, 71, 60, 56, 17, 24,
16, 59, 39, 93, 51, 10, 19, 70, 39, 76,
34, 76, 42, 19, 98, 25, 74, 42, 47, 75,
72, 38, 42, 52, 29, 13, 89, 55, 70, 73,
79, 86, 31, 84, 44, 48, 95, 64, 17, 100,
39, 18, 75, 47, 37, 39, 72, 10, 47, 86]
[[371, 708, 1286], [1817, 1819, 401], [443, 306, 1227], [797, 1791, 1218], [856, 108, 1087], [591, 618, 1436], [1411, 514, 62], [1773, 1698, 1356], [36, 1230, 1221], [1224, 128, 1752],
[1750, 1651, 604], [476, 1612, 1719], [877, 1351, 169], [1400, 292, 104], [763, 444, 1365], [1850, 1036, 1279], [726, 591, 1793], [84, 1660, 931], [1440, 992, 1457], [101, 360, 881],
[1853, 1406, 676], [601, 26, 1584], [1616, 199, 1079], [1082, 1600, 667], [482, 507, 1112], [1847, 501, 292], [1271, 1227, 179], [504, 1311, 1135], [1436, 191, 272], [1037, 292, 632],
[63, 290, 183], [35, 187, 1361], [916, 1100, 1561], [1291, 326, 1305], [103, 808, 1812], [511, 96, 457], [99, 663, 980], [1430, 1167, 1587], [709, 43, 1778], [277, 377, 214],
[206, 1592, 1656], [1541, 1627, 1844], [1046, 1839, 1088], [751, 1275, 1414], [200, 1378, 1518], [1308, 1185, 910], [1061, 1284, 1573], [185, 154, 181], [1068, 863, 1376], [990, 437, 1753],
[501, 643, 785], [301, 328, 557], [289, 670, 1692], [673, 1422, 1111], [231, 918, 1785], [1046, 1523, 1114], [1252, 728, 1694], [266, 210, 1848], [1599, 1278, 152], [1119, 1565, 1741],
[313, 210, 528], [1098, 511, 152], [951, 801, 822], [788, 1474, 1540], [43, 1002, 1755], [1125, 1344, 1422], [1535, 36, 1446], [1374, 302, 1656], [662, 45, 375], [110, 461, 84],
[1851, 774, 294], [523, 16, 101], [1827, 264, 198], [90, 1052, 969], [926, 391, 1267], [825, 1516, 755], [1543, 492, 791], [430, 10, 390], [1382, 1824, 435], [1757, 79, 192]]
[[5, 3, 1, 2], [10, 2, 8, 10], [7, 0, 5, 9], [1, 9, 1, 7], [2, 9, 0, 1], [4, 6, 2, 10], [0, 4, 4, 3], [5, 7, 3, 10], [10, 2, 1, 7], [2, 9, 4, 8],
[10, 7, 6, 9], [6, 5, 3, 8], [2, 2, 7, 6], [8, 10, 5, 8], [1, 8, 10, 6], [4, 0, 5, 1], [3, 4, 8, 3], [3, 0, 0, 0], [7, 6, 7, 0], [10, 8, 6, 1],
[10, 3, 5, 8], [0, 10, 3, 10], [5, 2, 6, 9], [1, 9, 8, 2], [3, 6, 5, 4], [4, 6, 2, 0], [10, 7, 10, 9], [4, 5, 8, 4], [8, 2, 1, 6], [0, 2, 6, 5],
[3, 10, 2, 4], [8, 10, 6, 0], [3, 0, 2, 7], [6, 4, 6, 4], [0, 5, 2, 5], [10, 9, 7, 6], [9, 8, 10, 7], [8, 5, 2, 0], [4, 2, 4, 0], [1, 8, 9, 3],
[9, 1, 8, 2], [5, 3, 6, 4], [6, 7, 7, 4], [3, 3, 10, 1], [9, 7, 9, 6], [2, 9, 7, 4], [0, 9, 2, 10], [7, 1, 2, 3], [2, 9, 3, 5], [1, 8, 9, 6],
[2, 3, 10, 5], [6, 7, 6, 4], [3, 4, 9, 3], [0, 5, 6, 0], [1, 8, 9, 6], [7, 9, 9, 9], [7, 0, 2, 7], [6, 9, 0, 8], [2, 8, 2, 6], [4, 8, 0, 5],
[0, 7, 7, 9], [10, 0, 8, 0], [6, 6, 7, 3], [2, 3, 10, 10], [3, 1, 4, 9], [9, 4, 4, 9], [1, 6, 4, 3], [2, 2, 6, 0], [9, 0, 9, 8], [0, 6, 9, 5],
[10, 3, 8, 2], [6, 5, 10, 8], [5, 3, 4, 3], [5, 9, 1, 4], [2, 5, 7, 4], [8, 0, 2, 4], [1, 1, 2, 10], [7, 9, 4, 7], [1, 10, 7, 5], [5, 6, 2, 10]]
[1, 1, 1, 1, 1, 0.333333, 0.333333, 0.333333, 0.333333, 0.333333,
0.333333, 0.333333, 0.333333, 0.333333, 0.333333, 0.333333, 0.333333, 0.333333, 0.333333, 0.333333,
0.111111, 0.111111, 0.111111, 0.111111, 0.111111, 0.111111, 0.111111, 0.111111, 0.111111, 0.111111,
0.111111, 0.111111, 0.111111, 0.111111, 0.111111, 0.037037, 0.037037, 0.037037, 0.037037, 0.037037,
0.037037, 0.037037, 0.037037, 0.037037, 0.037037, 0.037037, 0.037037, 0.037037, 0.037037, 0.037037,
0.0123457, 0.0123457, 0.0123457, 0.0123457, 0.0123457, 0.0123457, 0.0123457, 0.0123457, 0.0123457, 0.0123457,
0.0123457, 0.0123457, 0.0123457, 0.0123457, 0.0123457, 0.00411523, 0.00411523, 0.00411523, 0.00411523, 0.00411523,
0.00411523, 0.00411523, 0.00411523, 0.00411523, 0.00411523, 0.00411523, 0.00411523, 0.00411523, 0.00411523, 0.00411523]
[2, 9, 5, 7, 7, 7, 8, 1, 5, 3,
4, 7, 3, 9, 4, 0, 4, 1, 9, 2,
4, 9, 8, 3, 5, 6, 7, 5, 0, 6,
2, 4, 8, 8, 5, 6, 4, 7, 7, 9,
9, 3, 2, 0, 3, 2, 4, 6, 1, 2,
0, 0, 7, 1, 0, 7, 8, 7, 1, 7,
5, 4, 5, 6, 9, 7, 1, 8, 6, 6,
3, 9, 6, 4, 7, 6, 3, 5, 3, 7]
------------------------------------------------------- 
# stage = 6	# children c = 3	length of each stage p = 5	nodes = 79	# items I = 1
