[59, 39, 100, 91, 60, 96, 60, 23, 34, 14,
33, 84, 31, 1, 88, 79, 25, 71, 39, 76,
54, 18, 79, 31, 34, 64, 46, 23, 50, 39,
68, 8, 78, 67, 65, 38, 28, 24, 27, 28,
38, 60, 78, 35, 28, 65, 80, 53, 1, 19,
96, 55, 37, 40, 86, 37, 4, 32, 26, 54,
37, 94, 28, 81, 26, 93, 85, 21, 16, 11,
49, 20, 72, 27, 21, 100, 58, 1, 18, 60]
[[1414, 704, 236], [1607, 833, 1686], [679, 274, 988], [1728, 626, 1347], [1340, 1666, 1030], [965, 1828, 1125], [1059, 651, 986], [1278, 1766, 523], [881, 364, 562], [195, 174, 1438],
[1368, 1589, 1351], [1604, 1365, 353], [1460, 1253, 627], [1657, 359, 1254], [1173, 908, 298], [1412, 43, 296], [706, 1102, 156], [902, 549, 1131], [1425, 639, 705], [156, 835, 879],
[803, 372, 1677], [323, 1185, 420], [677, 23, 1673], [1304, 1680, 1242], [1767, 232, 319], [235, 1644, 1402], [1571, 1560, 673], [936, 631, 432], [1277, 1265, 1071], [151, 1421, 1115],
[239, 394, 696], [86, 717, 51], [506, 603, 74], [1389, 1117, 964], [9, 1053, 1196], [328, 497, 218], [1731, 1277, 1778], [1613, 1423, 1618], [1254, 869, 1052], [1535, 229, 1683],
[28, 1508, 246], [725, 803, 172], [1816, 519, 1816], [1099, 77, 1102], [232, 86, 1364], [637, 1454, 31], [856, 563, 517], [12, 1386, 109], [1631, 809, 187], [61, 1553, 1456],
[1744, 1582, 1134], [1199, 476, 1146], [581, 1501, 1665], [566, 769, 951], [1668, 211, 1037], [1201, 848, 1701], [441, 913, 433], [959, 135, 1028], [277, 975, 7], [465, 1036, 769],
[1130, 159, 520], [1473, 1358, 205], [789, 108, 1706], [623, 1714, 1685], [1575, 1551, 65], [1821, 131, 122], [900, 572, 245], [543, 740, 380], [1571, 1018, 1355], [787, 692, 1600],
[1557, 1822, 1759], [246, 1465, 496], [1492, 1463, 604], [1367, 255, 488], [430, 1039, 1248], [495, 1030, 1379], [618, 1139, 1161], [72, 1682, 70], [452, 1423, 297], [1016, 379, 989]]
[[10, 10, 8, 4], [5, 7, 2, 5], [3, 3, 6, 3], [3, 3, 7, 4], [6, 7, 0, 3], [4, 0, 1, 2], [3, 7, 0, 3], [4, 5, 9, 3], [2, 7, 6, 5], [1, 6, 10, 2],
[9, 3, 5, 10], [6, 10, 2, 1], [6, 2, 2, 9], [2, 3, 0, 3], [0, 1, 5, 2], [4, 3, 4, 6], [8, 8, 1, 9], [3, 9, 0, 10], [2, 3, 8, 6], [3, 10, 6, 7],
[10, 8, 5, 0], [10, 6, 3, 8], [5, 6, 8, 7], [10, 10, 2, 7], [7, 1, 4, 8], [9, 2, 6, 9], [6, 3, 4, 7], [0, 8, 3, 8], [4, 7, 8, 3], [0, 10, 9, 5],
[5, 4, 1, 2], [4, 1, 8, 9], [1, 1, 5, 8], [3, 0, 6, 7], [1, 8, 3, 1], [6, 5, 9, 10], [1, 5, 0, 10], [4, 7, 4, 9], [0, 3, 10, 2], [2, 7, 10, 1],
[8, 4, 9, 9], [2, 4, 6, 3], [0, 7, 2, 6], [10, 9, 3, 0], [3, 3, 10, 5], [10, 1, 2, 8], [2, 1, 9, 3], [8, 8, 4, 3], [10, 1, 1, 10], [3, 5, 0, 3],
[0, 2, 7, 10], [9, 10, 9, 0], [2, 6, 5, 10], [8, 7, 8, 8], [8, 4, 9, 5], [1, 3, 8, 9], [2, 8, 8, 5], [2, 8, 9, 0], [8, 5, 0, 6], [5, 9, 6, 5],
[4, 1, 5, 10], [6, 0, 6, 4], [4, 4, 7, 3], [5, 3, 1, 7], [0, 9, 2, 0], [4, 9, 1, 1], [3, 10, 7, 6], [8, 1, 10, 1], [0, 2, 10, 6], [2, 5, 8, 4],
[9, 3, 5, 4], [6, 6, 0, 4], [2, 0, 4, 6], [9, 3, 7, 0], [2, 1, 6, 8], [2, 3, 8, 2], [5, 7, 7, 5], [10, 4, 9, 6], [7, 1, 10, 0], [5, 9, 4, 7]]
[1, 1, 1, 1, 1, 0.333333, 0.333333, 0.333333, 0.333333, 0.333333,
0.333333, 0.333333, 0.333333, 0.333333, 0.333333, 0.333333, 0.333333, 0.333333, 0.333333, 0.333333,
0.111111, 0.111111, 0.111111, 0.111111, 0.111111, 0.111111, 0.111111, 0.111111, 0.111111, 0.111111,
0.111111, 0.111111, 0.111111, 0.111111, 0.111111, 0.037037, 0.037037, 0.037037, 0.037037, 0.037037,
0.037037, 0.037037, 0.037037, 0.037037, 0.037037, 0.037037, 0.037037, 0.037037, 0.037037, 0.037037,
0.0123457, 0.0123457, 0.0123457, 0.0123457, 0.0123457, 0.0123457, 0.0123457, 0.0123457, 0.0123457, 0.0123457,
0.0123457, 0.0123457, 0.0123457, 0.0123457, 0.0123457, 0.00411523, 0.00411523, 0.00411523, 0.00411523, 0.00411523,
0.00411523, 0.00411523, 0.00411523, 0.00411523, 0.00411523, 0.00411523, 0.00411523, 0.00411523, 0.00411523, 0.00411523]
[7, 2, 9, 3, 8, 4, 15, 13, 16, 11,
18, 14, 12, 11, 11, 5, 11, 0, 7, 3,
1, 4, 11, 14, 10, 12, 13, 5, 1, 0,
13, 9, 6, 0, 9, 0, 8, 5, 18, 6,
1, 11, 3, 14, 10, 13, 16, 4, 10, 7,
2, 6, 9, 11, 9, 10, 13, 18, 15, 14,
9, 5, 9, 4, 9, 15, 16, 0, 10, 10,
3, 7, 0, 7, 17, 18, 7, 7, 12, 15]
------------------------------------------------------- 
# stage = 6	# children c = 3	length of each stage p = 5	nodes = 79	# items I = 1
