[73, 66, 38, 33, 87, 4, 48, 2, 14, 87,
63, 0, 70, 56, 3, 15, 71, 85, 70, 41,
70, 3, 29, 86, 63, 15, 60, 37, 72, 89,
69, 10, 20, 73, 43, 6, 78, 57, 8, 58,
9, 37, 59, 79, 94, 28, 94, 30, 13, 64,
71, 49, 33, 66, 1, 97, 82, 27, 100, 19,
15, 35, 29, 1, 7, 38, 74, 51, 96, 49,
9, 4, 86, 34, 84, 45, 62, 43, 75, 41,
6, 11, 57, 6, 78, 24, 69, 25, 51, 68,
10, 32, 69, 5, 33, 77, 43, 6, 94, 4,
21, 2, 9, 7, 2, 59, 18, 31, 1, 60]
[[432, 933, 686], [770, 523, 710], [532, 799, 44], [120, 413, 146], [669, 524, 667], [755, 281, 668], [887, 831, 186], [311, 131, 374], [299, 429, 339], [7, 290, 741],
[798, 722, 733], [889, 896, 660], [657, 833, 517], [105, 11, 334], [251, 680, 859], [323, 840, 544], [49, 189, 434], [235, 501, 565], [13, 204, 398], [698, 211, 688],
[497, 414, 815], [288, 361, 173], [353, 76, 64], [274, 527, 75], [609, 183, 160], [526, 506, 404], [128, 555, 593], [908, 194, 498], [877, 207, 702], [679, 905, 318],
[772, 806, 732], [49, 153, 151], [222, 852, 573], [287, 184, 158], [708, 793, 341], [272, 723, 847], [676, 256, 806], [328, 222, 58], [826, 504, 611], [933, 241, 920],
[309, 417, 785], [445, 466, 342], [0, 689, 252], [573, 380, 782], [135, 146, 634], [477, 419, 761], [728, 499, 75], [939, 231, 298], [401, 116, 802], [417, 453, 447],
[395, 166, 865], [584, 611, 735], [926, 611, 828], [582, 242, 266], [769, 723, 759], [461, 604, 582], [626, 737, 139], [702, 734, 371], [58, 193, 833], [264, 14, 344],
[115, 410, 510], [384, 398, 525], [178, 729, 194], [64, 369, 782], [331, 542, 909], [494, 61, 572], [134, 688, 367], [273, 794, 505], [644, 852, 698], [881, 520, 713],
[629, 39, 527], [543, 424, 925], [126, 602, 712], [666, 70, 486], [852, 747, 86], [820, 299, 494], [450, 433, 586], [221, 707, 438], [726, 755, 694], [828, 695, 618],
[3, 728, 657], [876, 330, 139], [860, 456, 145], [34, 527, 216], [866, 437, 21], [357, 661, 321], [255, 515, 754], [841, 736, 865], [683, 866, 679], [781, 753, 778],
[457, 756, 564], [518, 691, 298], [658, 13, 755], [207, 393, 340], [423, 664, 181], [791, 79, 247], [170, 334, 762], [328, 579, 903], [252, 666, 827], [335, 505, 638],
[517, 366, 799], [485, 884, 894], [784, 600, 311], [1, 212, 108], [687, 635, 772], [272, 484, 851], [519, 58, 589], [340, 733, 226], [647, 389, 892], [532, 128, 801]]
[[8, 5, 10, 0], [3, 2, 3, 10], [2, 4, 10, 7], [9, 0, 4, 4], [2, 3, 9, 9], [1, 5, 1, 7], [2, 8, 8, 7], [1, 5, 7, 10], [10, 4, 8, 0], [7, 1, 10, 9],
[3, 7, 4, 0], [7, 8, 2, 7], [9, 0, 4, 0], [4, 3, 7, 4], [0, 3, 9, 0], [6, 5, 10, 5], [10, 5, 3, 6], [4, 2, 2, 6], [9, 6, 6, 4], [2, 8, 9, 0],
[7, 2, 0, 9], [3, 6, 2, 2], [7, 1, 2, 2], [6, 10, 5, 5], [4, 8, 9, 7], [8, 10, 2, 4], [3, 6, 6, 5], [3, 5, 6, 8], [5, 4, 6, 9], [8, 9, 0, 2],
[10, 0, 2, 3], [10, 5, 9, 1], [0, 5, 8, 8], [4, 10, 0, 6], [5, 6, 0, 7], [0, 4, 2, 6], [7, 9, 2, 2], [5, 0, 5, 4], [0, 5, 7, 10], [0, 3, 9, 0],
[7, 7, 7, 9], [4, 7, 4, 10], [2, 5, 4, 1], [7, 6, 5, 1], [2, 7, 4, 7], [5, 9, 9, 5], [1, 4, 2, 1], [5, 0, 0, 1], [5, 7, 0, 10], [1, 4, 7, 1],
[7, 0, 2, 2], [4, 7, 3, 5], [1, 7, 1, 6], [3, 9, 9, 5], [2, 9, 4, 7], [8, 4, 9, 2], [9, 7, 10, 10], [0, 6, 1, 6], [4, 3, 8, 9], [9, 0, 3, 10],
[6, 2, 4, 9], [0, 0, 1, 0], [10, 6, 8, 5], [10, 4, 7, 9], [9, 7, 6, 7], [0, 7, 2, 5], [9, 10, 1, 7], [9, 2, 4, 4], [4, 6, 0, 3], [7, 2, 3, 4],
[6, 9, 9, 3], [0, 3, 1, 9], [10, 6, 6, 9], [2, 6, 3, 0], [4, 2, 5, 2], [4, 8, 4, 6], [3, 2, 9, 10], [2, 0, 1, 8], [7, 10, 10, 8], [3, 9, 4, 0],
[4, 8, 9, 7], [4, 10, 5, 8], [1, 9, 8, 5], [6, 10, 10, 7], [10, 8, 7, 2], [6, 6, 8, 3], [6, 7, 0, 9], [6, 2, 9, 10], [0, 6, 4, 2], [5, 10, 10, 5],
[8, 5, 10, 1], [2, 9, 8, 1], [5, 2, 1, 0], [9, 10, 3, 4], [4, 1, 0, 10], [4, 7, 8, 4], [2, 1, 4, 6], [9, 3, 0, 4], [6, 8, 5, 8], [7, 3, 7, 10],
[3, 9, 8, 1], [6, 1, 3, 10], [0, 3, 10, 4], [0, 5, 6, 0], [6, 10, 6, 5], [0, 6, 9, 6], [4, 2, 1, 9], [3, 7, 6, 6], [5, 3, 8, 0], [2, 9, 10, 3]]
[1, 1, 1, 1, 1, 0.333333, 0.333333, 0.333333, 0.333333, 0.333333,
0.333333, 0.333333, 0.333333, 0.333333, 0.333333, 0.333333, 0.333333, 0.333333, 0.333333, 0.333333,
0.111111, 0.111111, 0.111111, 0.111111, 0.111111, 0.111111, 0.111111, 0.111111, 0.111111, 0.111111,
0.111111, 0.111111, 0.111111, 0.111111, 0.111111, 0.037037, 0.037037, 0.037037, 0.037037, 0.037037,
0.037037, 0.037037, 0.037037, 0.037037, 0.037037, 0.037037, 0.037037, 0.037037, 0.037037, 0.037037,
0.0123457, 0.0123457, 0.0123457, 0.0123457, 0.0123457, 0.0123457, 0.0123457, 0.0123457, 0.0123457, 0.0123457,
0.0123457, 0.0123457, 0.0123457, 0.0123457, 0.0123457, 0.00411523, 0.00411523, 0.00411523, 0.00411523, 0.00411523,
0.00411523, 0.00411523, 0.00411523, 0.00411523, 0.00411523, 0.00411523, 0.00411523, 0.00411523, 0.00411523, 0.00411523,
0.00137174, 0.00137174, 0.00137174, 0.00137174, 0.00137174, 0.00137174, 0.00137174, 0.00137174, 0.00137174, 0.00137174,
0.00137174, 0.00137174, 0.00137174, 0.00137174, 0.00137174, 0.000457247, 0.000457247, 0.000457247, 0.000457247, 0.000457247,
0.000457247, 0.000457247, 0.000457247, 0.000457247, 0.000457247, 0.000457247, 0.000457247, 0.000457247, 0.000457247, 0.000457247]
[9, 8, 0, 0, 3, 4, 4, 2, 8, 6,
5, 0, 1, 2, 3, 5, 3, 2, 7, 3,
8, 9, 6, 6, 7, 9, 1, 1, 2, 0,
3, 9, 0, 3, 7, 9, 8, 2, 2, 3,
3, 1, 4, 6, 8, 6, 4, 1, 9, 4,
5, 4, 5, 0, 7, 7, 9, 6, 5, 4,
3, 9, 7, 7, 7, 5, 9, 6, 8, 2,
3, 7, 1, 8, 9, 3, 4, 5, 5, 0,
7, 5, 7, 3, 1, 2, 8, 9, 4, 9,
3, 9, 8, 0, 0, 7, 9, 6, 8, 4,
7, 8, 8, 0, 8, 0, 5, 0, 7, 7]
------------------------------------------------------- 
# stage = 8	# children c = 3	length of each stage p = 5	nodes = 109	# items I = 1
