[89, 18, 43, 12, 74, 18, 17, 56, 71, 28,
24, 48, 49, 38, 45, 4, 64, 27, 26, 12,
38, 6, 91, 91, 33, 62, 52, 69, 74, 34,
36, 62, 18, 45, 40, 59, 63, 58, 14, 100,
86, 5, 48, 34, 9, 59, 4, 73, 52, 30,
51, 56, 36, 7, 46, 69, 70, 64, 3, 43,
98, 5, 71, 83, 50, 10, 41, 80, 68, 21,
79, 19]
[[1208, 2081, 2064], [1025, 638, 2031], [2097, 595, 122], [11, 964, 1480], [2048, 1190, 828], [752, 662, 1933], [1746, 5, 1644], [590, 453, 1189], [823, 91, 189], [432, 1512, 967],
[1034, 208, 535], [585, 859, 1173], [477, 817, 1395], [226, 455, 1985], [1332, 2129, 1036], [21, 742, 1698], [1955, 349, 1329], [1086, 566, 1409], [137, 1389, 1500], [326, 1447, 499],
[919, 2108, 707], [1455, 554, 1193], [115, 658, 2010], [1136, 884, 2091], [982, 77, 2082], [1644, 99, 685], [830, 1680, 661], [20, 627, 1227], [1055, 390, 103], [42, 342, 1551],
[542, 1262, 1146], [875, 204, 1326], [2068, 319, 1610], [1566, 1456, 355], [1518, 2064, 59], [1461, 1570, 1923], [1773, 2026, 1090], [295, 1672, 1343], [1522, 589, 1734], [1251, 631, 2076],
[663, 1173, 825], [1435, 1675, 1029], [623, 1230, 975], [94, 657, 292], [76, 1802, 1982], [135, 750, 1413], [1684, 384, 1300], [635, 305, 834], [1978, 1453, 1049], [1199, 566, 1680],
[763, 855, 341], [1214, 152, 2016], [105, 775, 1107], [1080, 495, 1391], [998, 571, 680], [841, 332, 1430], [1881, 1642, 1441], [668, 138, 1746], [1128, 1743, 687], [38, 429, 1253],
[1719, 818, 2108], [1686, 2033, 121], [1563, 1764, 522], [157, 331, 1018], [1174, 1329, 1215], [1854, 1796, 1174], [772, 1164, 677], [74, 1833, 816], [1446, 822, 46], [2133, 487, 101],
[873, 67, 920], [843, 1753, 814]]
[[8, 4, 3, 9], [6, 2, 8, 2], [10, 3, 6, 7], [6, 4, 2, 9], [9, 1, 6, 10], [6, 8, 10, 6], [9, 5, 10, 7], [8, 1, 0, 3], [6, 2, 2, 10], [4, 8, 10, 4],
[1, 5, 9, 5], [8, 10, 3, 4], [0, 7, 3, 6], [4, 1, 10, 2], [4, 9, 7, 1], [0, 8, 5, 4], [10, 5, 1, 1], [0, 0, 5, 1], [4, 4, 6, 1], [3, 7, 5, 3],
[3, 6, 7, 7], [7, 7, 8, 10], [5, 2, 0, 3], [8, 3, 5, 5], [6, 4, 7, 7], [5, 1, 6, 9], [3, 0, 8, 4], [7, 2, 5, 0], [8, 2, 5, 3], [9, 0, 0, 1],
[3, 0, 3, 0], [2, 8, 6, 6], [2, 2, 2, 5], [1, 7, 1, 3], [7, 9, 7, 3], [0, 2, 1, 6], [4, 7, 7, 0], [7, 7, 10, 8], [6, 2, 7, 6], [9, 0, 1, 0],
[2, 2, 3, 1], [9, 4, 4, 5], [2, 10, 6, 0], [1, 8, 6, 3], [4, 1, 1, 9], [8, 0, 5, 1], [3, 1, 7, 10], [1, 9, 10, 1], [9, 0, 0, 7], [4, 5, 10, 4],
[2, 5, 4, 3], [2, 8, 4, 4], [9, 5, 3, 5], [5, 6, 6, 6], [7, 3, 5, 6], [10, 2, 5, 8], [2, 5, 4, 4], [8, 1, 8, 10], [6, 10, 2, 9], [6, 6, 2, 2],
[9, 3, 7, 4], [9, 1, 8, 3], [2, 3, 9, 1], [3, 3, 7, 4], [7, 0, 8, 4], [10, 4, 4, 5], [3, 4, 3, 7], [9, 4, 10, 5], [7, 6, 9, 6], [5, 5, 9, 7],
[6, 6, 8, 9], [7, 4, 2, 3]]
[1, 1, 0.2, 0.2, 0.2, 0.2, 0.2, 0.2, 0.2, 0.2,
0.2, 0.2, 0.04, 0.04, 0.04, 0.04, 0.04, 0.04, 0.04, 0.04,
0.04, 0.04, 0.008, 0.008, 0.008, 0.008, 0.008, 0.008, 0.008, 0.008,
0.008, 0.008, 0.0016, 0.0016, 0.0016, 0.0016, 0.0016, 0.0016, 0.0016, 0.0016,
0.0016, 0.0016, 0.00032, 0.00032, 0.00032, 0.00032, 0.00032, 0.00032, 0.00032, 0.00032,
0.00032, 0.00032, 6.4e-05, 6.4e-05, 6.4e-05, 6.4e-05, 6.4e-05, 6.4e-05, 6.4e-05, 6.4e-05,
6.4e-05, 6.4e-05, 1.28e-05, 1.28e-05, 1.28e-05, 1.28e-05, 1.28e-05, 1.28e-05, 1.28e-05, 1.28e-05,
1.28e-05, 1.28e-05]
[9, 19, 3, 15, 7, 12, 14, 0, 2, 11,
2, 14, 4, 12, 12, 15, 8, 12, 2, 9,
14, 4, 20, 18, 2, 10, 15, 18, 6, 8,
11, 14, 10, 5, 7, 18, 12, 1, 1, 6,
3, 6, 20, 9, 9, 19, 14, 11, 14, 11,
7, 16, 4, 4, 12, 8, 5, 7, 15, 4,
7, 18, 11, 0, 20, 20, 13, 0, 9, 19,
13, 11]
------------------------------------------------------- 
# stage = 8	# children c = 5	length of each stage p = 2	nodes = 71	# items I = 1
