[16, 97, 35, 3, 49, 90, 58, 27, 49, 35,
90, 9, 64, 14, 34, 66, 89, 44, 75, 16,
78, 70, 48]
[[726, 1607, 1438], [1406, 1252, 1117], [542, 1645, 603], [1527, 739, 614], [817, 1024, 456], [1737, 296, 1405], [709, 70, 895], [1609, 1338, 1578], [1356, 880, 549], [676, 12, 133],
[1839, 1764, 1740], [544, 1291, 1113], [1661, 979, 25], [1411, 627, 764], [146, 591, 1789], [1628, 449, 1231], [1154, 304, 447], [1195, 34, 1785], [894, 537, 1812], [1443, 359, 970],
[722, 319, 855], [1608, 864, 1292], [842, 1671, 393]]
[[4, 7, 1, 1], [9, 6, 4, 9], [8, 6, 9, 8], [0, 5, 7, 5], [10, 5, 9, 4], [7, 1, 3, 9], [10, 5, 3, 9], [4, 5, 5, 8], [1, 6, 7, 8], [10, 1, 4, 7],
[5, 0, 2, 5], [6, 9, 0, 3], [1, 9, 7, 8], [8, 9, 4, 5], [1, 7, 3, 5], [0, 8, 0, 1], [1, 7, 8, 0], [6, 1, 5, 1], [2, 7, 4, 6], [3, 4, 9, 3],
[0, 4, 0, 6], [2, 5, 0, 3], [10, 4, 6, 10]]
[1, 0.5, 0.5, 0.25, 0.25, 0.125, 0.125, 0.0625, 0.0625, 0.03125,
0.03125, 0.015625, 0.015625, 0.0078125, 0.0078125, 0.00390625, 0.00390625, 0.00195312, 0.00195312, 0.000976562,
0.000976562, 0.000488281, 0.000488281]
[17, 13, 13, 9, 13, 13, 0, 2, 15, 1,
10, 2, 12, 2, 18, 12, 0, 15, 12, 4,
7, 0, 9]
------------------------------------------------------- 
# stage = 12	# children c = 2	length of each stage p = 1	nodes = 22	# items I = 1
