[89, 15, 2, 74, 8, 68, 46, 13, 68, 88,
47, 61, 57, 97, 76, 51, 80, 15, 55, 3,
35, 13, 58, 48, 14, 36, 37, 47, 80, 57,
53, 34, 72, 22, 75, 80, 90, 87, 94, 23,
74, 6, 85, 98, 69, 26, 48, 48, 7, 70,
17, 8]
[[923, 2, 57], [279, 491, 75], [559, 272, 55], [559, 312, 219], [935, 49, 241], [309, 76, 99], [503, 928, 105], [129, 1028, 88], [803, 735, 239], [445, 913, 590],
[26, 728, 440], [83, 1007, 932], [7, 458, 96], [62, 865, 256], [281, 693, 306], [370, 850, 230], [317, 94, 50], [423, 223, 1078], [359, 874, 553], [598, 60, 358],
[1037, 86, 934], [369, 17, 834], [193, 24, 32], [138, 86, 898], [242, 216, 331], [548, 434, 73], [778, 752, 15], [676, 67, 238], [494, 274, 961], [895, 872, 1021],
[145, 801, 955], [928, 1019, 972], [654, 1060, 845], [534, 90, 931], [172, 333, 995], [503, 729, 322], [425, 248, 1074], [440, 772, 989], [527, 159, 155], [228, 902, 1027],
[1097, 896, 569], [944, 716, 480], [656, 262, 280], [393, 644, 371], [65, 817, 552], [1060, 60, 21], [274, 333, 269], [240, 622, 1042], [1077, 997, 1049], [124, 117, 843],
[44, 106, 631], [461, 898, 239]]
[[9, 4, 7, 4], [7, 0, 5, 10], [3, 9, 8, 3], [5, 4, 0, 10], [10, 4, 5, 0], [6, 0, 7, 0], [3, 6, 7, 2], [5, 2, 9, 2], [7, 5, 6, 1], [5, 0, 0, 8],
[7, 7, 10, 1], [9, 8, 0, 7], [1, 4, 7, 7], [2, 3, 5, 5], [9, 1, 6, 2], [4, 4, 4, 9], [7, 10, 10, 1], [8, 9, 8, 3], [5, 7, 4, 1], [4, 3, 8, 3],
[5, 4, 10, 7], [5, 4, 0, 2], [4, 6, 4, 8], [8, 6, 6, 4], [3, 5, 5, 0], [1, 0, 3, 6], [5, 6, 6, 7], [7, 3, 10, 1], [6, 7, 6, 9], [10, 6, 0, 3],
[10, 2, 0, 7], [8, 4, 0, 9], [9, 4, 10, 0], [2, 0, 4, 8], [4, 8, 4, 9], [1, 4, 8, 5], [9, 4, 3, 8], [8, 2, 0, 8], [2, 0, 4, 9], [4, 3, 7, 1],
[5, 4, 10, 7], [3, 1, 4, 7], [10, 9, 4, 9], [0, 10, 3, 9], [1, 4, 7, 10], [6, 5, 5, 7], [6, 9, 5, 8], [10, 1, 7, 4], [6, 6, 1, 9], [8, 5, 3, 5],
[1, 5, 3, 10], [5, 6, 9, 6]]
[1, 1, 0.2, 0.2, 0.2, 0.2, 0.2, 0.2, 0.2, 0.2,
0.2, 0.2, 0.04, 0.04, 0.04, 0.04, 0.04, 0.04, 0.04, 0.04,
0.04, 0.04, 0.008, 0.008, 0.008, 0.008, 0.008, 0.008, 0.008, 0.008,
0.008, 0.008, 0.0016, 0.0016, 0.0016, 0.0016, 0.0016, 0.0016, 0.0016, 0.0016,
0.0016, 0.0016, 0.00032, 0.00032, 0.00032, 0.00032, 0.00032, 0.00032, 0.00032, 0.00032,
0.00032, 0.00032]
[21, 8, 10, 7, 19, 11, 1, 12, 11, 20,
15, 16, 17, 1, 2, 22, 0, 8, 7, 14,
19, 10, 10, 11, 13, 7, 15, 7, 7, 0,
21, 3, 1, 20, 4, 1, 8, 14, 4, 10,
22, 11, 5, 1, 15, 15, 11, 0, 8, 10,
2, 1]
------------------------------------------------------- 
# stage = 6	# children c = 5	length of each stage p = 2	nodes = 51	# items I = 1
