[55, 13, 8, 42, 24, 20, 58, 4, 88, 35,
59, 61, 55, 43, 13, 20, 0, 27, 81, 79]
[[1565, 105, 1432], [700, 1375, 1243], [557, 684, 764], [1542, 1350, 1485], [358, 1494, 534], [29, 867, 77], [1071, 1327, 318], [70, 639, 972], [1276, 1302, 1603], [261, 837, 971],
[411, 102, 1076], [1164, 123, 151], [787, 680, 836], [1551, 601, 1507], [736, 280, 1381], [1270, 309, 1569], [668, 702, 1275], [987, 93, 1236], [338, 1369, 917], [1262, 9, 1075]]
[[0, 1, 9, 4], [7, 8, 0, 8], [8, 7, 9, 6], [4, 10, 8, 6], [1, 10, 0, 1], [2, 0, 10, 8], [7, 6, 6, 10], [0, 3, 7, 10], [4, 6, 3, 1], [1, 3, 9, 9],
[9, 6, 4, 0], [5, 0, 6, 4], [10, 5, 6, 10], [5, 5, 8, 1], [0, 3, 9, 10], [6, 5, 9, 9], [9, 1, 10, 10], [2, 6, 6, 9], [1, 0, 9, 4], [0, 3, 9, 8]]
[1, 1, 0.333333, 0.333333, 0.333333, 0.333333, 0.333333, 0.333333, 0.111111, 0.111111,
0.111111, 0.111111, 0.111111, 0.111111, 0.037037, 0.037037, 0.037037, 0.037037, 0.037037, 0.037037]
[13, 9, 6, 10, 8, 11, 4, 1, 1, 15,
1, 1, 5, 13, 9, 4, 12, 9, 9, 14]
------------------------------------------------------- 
# stage = 4	# children c = 3	length of each stage p = 2	nodes = 19	# items I = 1
