[94, 97, 10, 45, 86, 77, 63, 97, 59, 91,
50, 84, 94, 34, 70, 65, 28, 12, 65, 51,
75, 100, 83, 80, 32, 26, 13, 95, 22, 21,
14, 15, 17, 91]
[[610, 210, 340], [509, 355, 531], [862, 201, 345], [589, 551, 308], [477, 545, 770], [814, 439, 434], [141, 621, 276], [482, 398, 466], [458, 445, 718], [106, 37, 209],
[454, 425, 419], [572, 934, 774], [120, 592, 753], [243, 198, 321], [552, 453, 644], [117, 285, 101], [329, 426, 722], [605, 908, 137], [849, 162, 361], [584, 268, 176],
[571, 722, 602], [7, 311, 331], [781, 209, 923], [330, 453, 900], [429, 783, 370], [91, 900, 433], [192, 24, 638], [692, 407, 563], [608, 52, 503], [969, 636, 550],
[162, 225, 67], [542, 10, 157], [874, 570, 366], [592, 900, 819]]
[[8, 0, 8, 10], [7, 7, 0, 7], [9, 6, 6, 6], [8, 7, 2, 3], [5, 7, 4, 4], [2, 7, 7, 10], [7, 0, 7, 3], [6, 0, 9, 2], [9, 4, 10, 3], [9, 10, 0, 8],
[4, 4, 3, 1], [9, 6, 2, 4], [2, 4, 6, 3], [1, 2, 0, 6], [0, 7, 9, 5], [5, 5, 7, 3], [10, 4, 4, 8], [3, 4, 5, 7], [6, 7, 6, 5], [2, 9, 9, 2],
[0, 2, 3, 1], [5, 3, 5, 3], [10, 4, 8, 4], [9, 2, 5, 6], [6, 10, 4, 8], [1, 7, 2, 8], [3, 9, 0, 3], [5, 7, 4, 5], [9, 7, 5, 1], [0, 10, 3, 8],
[1, 0, 2, 0], [1, 5, 4, 5], [2, 8, 0, 4], [3, 3, 10, 4]]
[1, 0.333333, 0.333333, 0.333333, 0.111111, 0.111111, 0.111111, 0.037037, 0.037037, 0.037037,
0.0123457, 0.0123457, 0.0123457, 0.00411523, 0.00411523, 0.00411523, 0.00137174, 0.00137174, 0.00137174, 0.000457247,
0.000457247, 0.000457247, 0.000152416, 0.000152416, 0.000152416, 5.08053e-05, 5.08053e-05, 5.08053e-05, 1.69351e-05, 1.69351e-05,
1.69351e-05, 5.64503e-06, 5.64503e-06, 5.64503e-06]
[0, 8, 0, 7, 3, 5, 9, 4, 0, 0,
5, 1, 7, 4, 0, 9, 3, 9, 9, 1,
6, 7, 3, 5, 6, 0, 6, 3, 7, 8,
7, 2, 8, 9]
------------------------------------------------------- 
# stage = 12	# children c = 3	length of each stage p = 1	nodes = 33	# items I = 1
