[18, 17, 21, 88, 62, 45, 55, 88, 97, 91,
48, 71, 9, 30, 20, 35, 60, 45, 92, 28,
41, 14, 90, 9, 17, 32, 42, 72, 13, 55,
0, 98, 38, 88, 85, 67, 33, 39, 54, 96,
96, 68, 66, 72, 98, 87, 6, 23, 98, 64,
51, 38, 78, 7, 13, 95, 5, 21, 66, 85,
43, 33, 82, 81, 20, 33, 47, 19, 72, 67,
14, 34, 34, 81, 5, 98, 33, 78, 21, 30,
41, 38, 35, 18, 45, 14, 79, 17, 2, 10,
1, 45, 9, 50, 25, 30, 83, 39, 49, 54,
5, 30, 54, 40, 77, 59, 37, 9, 36, 24,
5, 43, 63, 40, 61, 7, 21, 5, 91, 23,
83, 93, 68, 92, 42, 59, 21, 91, 98, 37,
44, 3, 33, 65, 9, 9, 23, 12, 18, 26,
37, 23, 69, 100, 30, 97, 73, 51, 1, 64,
74, 84, 22, 7, 42, 30, 66, 29, 20, 64,
32, 30, 33, 65, 95, 42, 74, 18, 20, 58,
44, 57, 48, 12, 56, 78, 8, 96, 95, 77]
[[1939, 473, 1487], [829, 120, 1757], [502, 160, 257], [1813, 95, 76], [1303, 671, 1484], [1813, 779, 1820], [1839, 1172, 141], [1701, 71, 1888], [1077, 834, 1119], [1321, 1907, 238],
[676, 1871, 712], [188, 724, 392], [1945, 1226, 552], [226, 1063, 207], [1838, 1927, 879], [906, 1764, 1218], [750, 1627, 414], [451, 1352, 46], [1900, 454, 880], [603, 1335, 811],
[842, 35, 266], [1114, 223, 990], [1506, 1728, 1777], [1618, 1514, 424], [1825, 1376, 375], [288, 1842, 1700], [1507, 617, 911], [1921, 628, 1824], [1527, 112, 302], [1967, 716, 1637],
[363, 1118, 1232], [629, 256, 1456], [1620, 1322, 1208], [981, 964, 747], [1405, 813, 1683], [1341, 662, 1110], [1065, 193, 1727], [0, 1674, 1915], [1824, 1226, 1588], [1686, 1217, 328],
[907, 1140, 1006], [164, 1770, 1262], [1180, 974, 168], [1948, 1955, 1132], [719, 944, 1505], [1963, 309, 191], [1097, 934, 384], [408, 495, 83], [1883, 1879, 869], [1495, 1590, 1646],
[1383, 81, 811], [413, 1781, 605], [1235, 545, 1139], [1403, 518, 1118], [119, 797, 1622], [1625, 344, 1932], [1376, 1441, 890], [1761, 1409, 1385], [1404, 877, 1289], [1833, 396, 463],
[1503, 1340, 104], [338, 1313, 1446], [503, 133, 15], [1202, 1096, 533], [1880, 1216, 891], [1527, 425, 1235], [1483, 1801, 261], [1933, 1146, 1230], [903, 134, 131], [1752, 1967, 88],
[239, 1055, 1428], [1879, 1393, 325], [1349, 1457, 458], [925, 683, 1115], [1018, 588, 355], [1909, 139, 340], [729, 1182, 1701], [990, 699, 872], [244, 1602, 566], [1912, 1378, 118],
[24, 1177, 1173], [1012, 1081, 590], [897, 14, 1607], [1356, 939, 1851], [55, 1958, 463], [410, 1451, 162], [310, 204, 904], [35, 1194, 1603], [467, 999, 1230], [1034, 935, 192],
[1152, 519, 1370], [349, 1091, 475], [499, 12, 489], [1667, 928, 989], [1542, 983, 971], [1565, 953, 446], [1287, 1263, 651], [215, 1299, 1405], [1378, 1326, 1964], [632, 384, 483],
[385, 1096, 1002], [1755, 1005, 1653], [1790, 1505, 1666], [1839, 756, 618], [852, 322, 1602], [1383, 1447, 139], [1830, 758, 1403], [65, 533, 286], [1030, 1911, 1612], [1019, 128, 1557],
[1502, 513, 677], [89, 1828, 1243], [1742, 1642, 332], [1432, 1065, 1088], [1611, 1918, 970], [797, 885, 441], [936, 739, 759], [363, 364, 852], [209, 1395, 787], [1382, 1974, 475],
[963, 1500, 548], [1200, 1589, 400], [467, 916, 1602], [799, 372, 252], [1447, 1543, 1730], [441, 364, 639], [442, 1301, 939], [761, 1224, 1303], [1613, 994, 282], [1961, 400, 280],
[460, 1363, 1341], [1009, 147, 514], [969, 615, 1430], [156, 974, 1363], [408, 446, 930], [162, 887, 1295], [801, 890, 180], [1300, 1651, 964], [628, 1289, 1958], [470, 1274, 382],
[311, 1734, 1305], [1652, 327, 1453], [190, 857, 1628], [1181, 573, 626], [568, 981, 1072], [1058, 703, 1520], [1913, 1064, 434], [117, 389, 109], [642, 577, 1398], [624, 1047, 256],
[567, 918, 1551], [1872, 594, 1438], [909, 345, 319], [561, 1086, 892], [1188, 1654, 1433], [284, 736, 1696], [1364, 674, 785], [1798, 351, 734], [1468, 993, 1311], [450, 1178, 1918],
[707, 1745, 861], [282, 1201, 1015], [1720, 135, 920], [1600, 696, 30], [76, 1884, 1244], [1070, 1729, 1541], [790, 677, 1775], [1135, 500, 1686], [1869, 1528, 264], [764, 2, 1442],
[707, 269, 771], [1128, 111, 1532], [1703, 1392, 1667], [208, 1016, 388], [1774, 652, 1832], [1043, 1722, 1145], [168, 537, 1823], [1503, 1672, 1883], [773, 1126, 995], [1037, 1890, 997]]
[[10, 3, 5, 0], [3, 4, 3, 9], [8, 2, 2, 3], [10, 4, 2, 8], [5, 2, 3, 2], [3, 2, 5, 3], [5, 1, 2, 2], [8, 3, 4, 7], [6, 9, 7, 7], [1, 8, 5, 7],
[8, 6, 10, 7], [8, 1, 4, 1], [2, 5, 3, 5], [5, 8, 6, 0], [9, 8, 0, 4], [0, 4, 0, 6], [2, 5, 0, 1], [2, 3, 8, 10], [9, 6, 5, 7], [5, 7, 8, 7],
[0, 9, 10, 5], [4, 5, 3, 1], [2, 1, 5, 2], [5, 4, 6, 6], [7, 6, 7, 10], [8, 3, 7, 6], [7, 10, 0, 1], [5, 6, 9, 3], [4, 6, 8, 7], [1, 10, 8, 3],
[0, 0, 4, 4], [4, 10, 10, 1], [4, 4, 9, 1], [5, 3, 5, 1], [1, 6, 3, 6], [10, 10, 7, 2], [5, 2, 9, 6], [1, 4, 8, 0], [4, 1, 4, 7], [9, 1, 6, 0],
[3, 2, 1, 9], [5, 5, 8, 4], [9, 0, 8, 8], [8, 4, 10, 3], [7, 8, 7, 6], [10, 2, 6, 4], [1, 8, 9, 9], [7, 4, 9, 0], [6, 9, 7, 9], [3, 4, 1, 10],
[3, 9, 7, 0], [3, 5, 1, 8], [2, 7, 3, 0], [7, 10, 4, 9], [5, 0, 5, 0], [4, 3, 0, 8], [10, 7, 4, 0], [9, 5, 10, 1], [4, 7, 2, 5], [1, 1, 2, 1],
[8, 5, 1, 5], [2, 3, 1, 6], [1, 6, 6, 5], [9, 6, 0, 7], [0, 5, 7, 9], [10, 7, 9, 1], [1, 0, 6, 0], [1, 6, 10, 8], [10, 10, 2, 1], [0, 3, 5, 2],
[7, 0, 5, 5], [4, 6, 10, 2], [9, 7, 10, 8], [3, 8, 8, 2], [8, 1, 2, 7], [8, 10, 2, 5], [9, 4, 6, 10], [5, 1, 1, 1], [10, 6, 5, 4], [10, 4, 4, 8],
[0, 3, 4, 1], [0, 1, 3, 6], [0, 3, 1, 6], [3, 3, 0, 10], [6, 5, 9, 0], [4, 8, 0, 3], [2, 3, 5, 1], [7, 10, 10, 6], [0, 1, 5, 1], [2, 7, 5, 0],
[8, 6, 7, 0], [8, 7, 0, 3], [1, 7, 3, 5], [3, 1, 7, 5], [4, 1, 4, 10], [9, 1, 5, 10], [2, 8, 9, 2], [4, 3, 3, 2], [8, 10, 0, 5], [4, 9, 8, 4],
[4, 9, 9, 7], [0, 3, 10, 2], [3, 3, 1, 1], [5, 4, 9, 5], [2, 5, 8, 4], [9, 0, 4, 4], [8, 3, 9, 1], [1, 4, 5, 3], [2, 2, 10, 0], [3, 7, 3, 6],
[0, 4, 6, 3], [7, 4, 8, 9], [10, 3, 0, 6], [3, 5, 8, 9], [8, 6, 0, 7], [8, 3, 0, 10], [3, 8, 9, 7], [5, 1, 2, 5], [3, 8, 6, 10], [0, 1, 6, 8],
[5, 7, 1, 8], [10, 9, 5, 7], [2, 3, 3, 10], [6, 1, 7, 8], [10, 5, 4, 2], [6, 4, 5, 8], [0, 0, 7, 9], [1, 1, 6, 6], [8, 5, 2, 7], [3, 7, 1, 3],
[10, 2, 2, 3], [4, 9, 0, 1], [2, 2, 3, 6], [7, 8, 3, 5], [8, 9, 3, 7], [10, 7, 1, 5], [1, 3, 10, 2], [8, 0, 5, 7], [2, 5, 8, 4], [1, 7, 3, 3],
[9, 6, 10, 3], [1, 0, 8, 7], [9, 0, 4, 6], [5, 5, 0, 6], [6, 8, 6, 3], [8, 0, 8, 9], [3, 5, 0, 5], [1, 4, 6, 9], [8, 3, 1, 10], [4, 8, 6, 0],
[6, 10, 7, 1], [2, 5, 7, 8], [3, 3, 0, 9], [1, 8, 5, 5], [1, 6, 8, 2], [8, 1, 9, 5], [5, 9, 2, 9], [6, 9, 9, 1], [6, 3, 2, 9], [9, 8, 6, 10],
[9, 5, 8, 8], [2, 3, 0, 1], [7, 8, 4, 4], [8, 0, 7, 2], [9, 10, 9, 4], [6, 7, 4, 1], [9, 6, 10, 7], [1, 4, 6, 10], [9, 1, 6, 9], [4, 6, 0, 9],
[2, 2, 0, 10], [2, 6, 1, 1], [5, 10, 3, 9], [4, 7, 10, 2], [1, 8, 9, 0], [1, 2, 0, 8], [4, 4, 4, 6], [10, 4, 5, 1], [6, 3, 0, 7], [9, 1, 6, 3]]
[1, 1, 1, 1, 1, 0.2, 0.2, 0.2, 0.2, 0.2,
0.2, 0.2, 0.2, 0.2, 0.2, 0.2, 0.2, 0.2, 0.2, 0.2,
0.2, 0.2, 0.2, 0.2, 0.2, 0.2, 0.2, 0.2, 0.2, 0.2,
0.04, 0.04, 0.04, 0.04, 0.04, 0.04, 0.04, 0.04, 0.04, 0.04,
0.04, 0.04, 0.04, 0.04, 0.04, 0.04, 0.04, 0.04, 0.04, 0.04,
0.04, 0.04, 0.04, 0.04, 0.04, 0.008, 0.008, 0.008, 0.008, 0.008,
0.008, 0.008, 0.008, 0.008, 0.008, 0.008, 0.008, 0.008, 0.008, 0.008,
0.008, 0.008, 0.008, 0.008, 0.008, 0.008, 0.008, 0.008, 0.008, 0.008,
0.0016, 0.0016, 0.0016, 0.0016, 0.0016, 0.0016, 0.0016, 0.0016, 0.0016, 0.0016,
0.0016, 0.0016, 0.0016, 0.0016, 0.0016, 0.0016, 0.0016, 0.0016, 0.0016, 0.0016,
0.0016, 0.0016, 0.0016, 0.0016, 0.0016, 0.00032, 0.00032, 0.00032, 0.00032, 0.00032,
0.00032, 0.00032, 0.00032, 0.00032, 0.00032, 0.00032, 0.00032, 0.00032, 0.00032, 0.00032,
0.00032, 0.00032, 0.00032, 0.00032, 0.00032, 0.00032, 0.00032, 0.00032, 0.00032, 0.00032,
6.4e-05, 6.4e-05, 6.4e-05, 6.4e-05, 6.4e-05, 6.4e-05, 6.4e-05, 6.4e-05, 6.4e-05, 6.4e-05,
6.4e-05, 6.4e-05, 6.4e-05, 6.4e-05, 6.4e-05, 6.4e-05, 6.4e-05, 6.4e-05, 6.4e-05, 6.4e-05,
6.4e-05, 6.4e-05, 6.4e-05, 6.4e-05, 6.4e-05, 1.28e-05, 1.28e-05, 1.28e-05, 1.28e-05, 1.28e-05,
1.28e-05, 1.28e-05, 1.28e-05, 1.28e-05, 1.28e-05, 1.28e-05, 1.28e-05, 1.28e-05, 1.28e-05, 1.28e-05,
1.28e-05, 1.28e-05, 1.28e-05, 1.28e-05, 1.28e-05, 1.28e-05, 1.28e-05, 1.28e-05, 1.28e-05, 1.28e-05]
[17, 18, 2, 9, 2, 14, 15, 3, 17, 18,
19, 15, 11, 17, 3, 0, 14, 2, 5, 7,
12, 10, 4, 18, 18, 8, 6, 0, 16, 14,
0, 5, 12, 15, 11, 10, 15, 3, 6, 6,
11, 5, 18, 7, 15, 10, 7, 2, 7, 1,
11, 13, 4, 18, 11, 6, 11, 3, 9, 7,
3, 3, 17, 2, 14, 14, 7, 16, 17, 13,
3, 14, 14, 15, 12, 11, 16, 10, 4, 18,
19, 8, 13, 9, 11, 2, 5, 0, 5, 7,
13, 5, 18, 4, 19, 5, 19, 17, 10, 14,
5, 19, 4, 14, 18, 11, 13, 14, 15, 5,
4, 17, 5, 8, 4, 1, 3, 4, 4, 2,
12, 18, 2, 16, 10, 16, 5, 3, 19, 9,
18, 17, 15, 2, 11, 5, 9, 9, 16, 13,
12, 6, 14, 19, 12, 0, 11, 17, 10, 9,
15, 18, 18, 12, 17, 6, 18, 18, 13, 1,
10, 0, 3, 11, 16, 7, 6, 12, 5, 12,
13, 16, 2, 19, 16, 12, 13, 19, 10, 2]
------------------------------------------------------- 
# stage = 8	# children c = 5	length of each stage p = 5	nodes = 179	# items I = 1
