[99, 62, 63, 4, 47, 12, 58, 38, 98, 15,
7, 36, 98, 2, 55, 94, 17, 23, 42, 19,
20, 73, 2, 8, 33, 83, 70, 23, 46, 47,
23, 44, 8, 53, 48, 21, 65, 73, 25, 28,
88, 99, 31, 85, 67, 86, 44, 84, 8, 52,
2, 95, 25, 71, 70, 24, 20, 5, 47, 66,
52, 37, 76, 26, 90, 90, 14, 54]
[[1094, 1535, 1706], [890, 1338, 113], [1841, 2028, 2091], [1496, 1854, 164], [1680, 1030, 1846], [209, 1396, 1886], [173, 187, 1721], [487, 1677, 1289], [115, 458, 621], [1143, 706, 286],
[383, 1864, 1821], [41, 643, 1111], [154, 436, 1092], [197, 1932, 898], [425, 1565, 1992], [160, 1774, 1276], [2046, 2012, 1528], [1719, 451, 1157], [896, 566, 1615], [1581, 1774, 210],
[1931, 45, 2074], [1704, 87, 669], [704, 305, 1106], [1860, 567, 990], [646, 992, 443], [526, 1216, 170], [1867, 1214, 134], [1283, 822, 585], [328, 1782, 1216], [1944, 1316, 942],
[106, 1135, 987], [132, 728, 1138], [802, 1496, 1508], [1972, 1244, 27], [850, 1890, 1019], [1358, 304, 124], [1592, 123, 1402], [1726, 1406, 112], [263, 1799, 1895], [1479, 1631, 1163],
[309, 1801, 186], [1361, 1933, 914], [451, 623, 298], [2023, 547, 1542], [2050, 1398, 1384], [958, 708, 1753], [1146, 252, 1876], [436, 2042, 1171], [613, 193, 858], [460, 1673, 441],
[1623, 2046, 130], [1809, 1359, 2063], [676, 1811, 639], [1038, 1722, 1250], [533, 1661, 600], [1917, 571, 1308], [1558, 1781, 1560], [1387, 169, 1490], [446, 846, 1748], [1368, 1306, 1373],
[1873, 881, 1307], [2003, 643, 555], [2018, 1319, 318], [609, 309, 2104], [1860, 842, 1717], [348, 712, 176], [1721, 222, 2021], [1233, 1609, 143]]
[[8, 1, 7, 9], [9, 9, 4, 1], [0, 7, 7, 9], [9, 1, 1, 2], [2, 10, 2, 9], [7, 1, 4, 0], [7, 6, 3, 2], [9, 10, 9, 7], [1, 5, 3, 8], [2, 8, 9, 2],
[2, 5, 1, 9], [5, 0, 9, 5], [8, 1, 3, 4], [2, 5, 2, 9], [0, 3, 9, 9], [3, 7, 3, 2], [10, 7, 10, 1], [2, 6, 2, 4], [1, 1, 3, 4], [10, 1, 7, 7],
[0, 10, 9, 2], [2, 0, 9, 2], [3, 5, 9, 4], [10, 2, 6, 10], [7, 5, 9, 9], [1, 9, 2, 0], [10, 3, 2, 9], [3, 9, 5, 3], [8, 1, 4, 8], [1, 0, 10, 3],
[6, 6, 7, 5], [6, 1, 2, 2], [6, 10, 0, 5], [8, 1, 5, 8], [2, 7, 4, 5], [5, 8, 7, 0], [9, 9, 8, 9], [9, 5, 1, 2], [1, 6, 6, 5], [7, 8, 8, 1],
[7, 6, 6, 3], [7, 1, 9, 10], [6, 2, 2, 10], [10, 9, 10, 9], [5, 6, 5, 4], [0, 4, 4, 10], [10, 10, 3, 5], [6, 0, 6, 0], [6, 10, 3, 3], [0, 1, 0, 5],
[4, 2, 4, 1], [10, 3, 8, 4], [7, 2, 6, 6], [6, 0, 3, 4], [8, 6, 9, 3], [6, 2, 4, 0], [1, 5, 1, 0], [7, 1, 3, 9], [1, 7, 8, 0], [8, 6, 3, 5],
[6, 9, 0, 0], [7, 1, 4, 5], [8, 0, 6, 3], [0, 10, 3, 10], [5, 4, 8, 10], [3, 0, 6, 5], [7, 3, 3, 5], [7, 6, 8, 1]]
[1, 1, 0.333333, 0.333333, 0.333333, 0.333333, 0.333333, 0.333333, 0.111111, 0.111111,
0.111111, 0.111111, 0.111111, 0.111111, 0.037037, 0.037037, 0.037037, 0.037037, 0.037037, 0.037037,
0.0123457, 0.0123457, 0.0123457, 0.0123457, 0.0123457, 0.0123457, 0.00411523, 0.00411523, 0.00411523, 0.00411523,
0.00411523, 0.00411523, 0.00137174, 0.00137174, 0.00137174, 0.00137174, 0.00137174, 0.00137174, 0.000457247, 0.000457247,
0.000457247, 0.000457247, 0.000457247, 0.000457247, 0.000152416, 0.000152416, 0.000152416, 0.000152416, 0.000152416, 0.000152416,
5.08053e-05, 5.08053e-05, 5.08053e-05, 5.08053e-05, 5.08053e-05, 5.08053e-05, 1.69351e-05, 1.69351e-05, 1.69351e-05, 1.69351e-05,
1.69351e-05, 1.69351e-05, 5.64503e-06, 5.64503e-06, 5.64503e-06, 5.64503e-06, 5.64503e-06, 5.64503e-06]
[7, 4, 8, 12, 0, 12, 6, 11, 11, 7,
5, 21, 7, 1, 3, 0, 10, 18, 17, 1,
18, 17, 1, 18, 11, 4, 3, 18, 3, 15,
8, 12, 18, 10, 13, 3, 0, 6, 4, 12,
4, 7, 15, 16, 0, 0, 20, 1, 16, 4,
17, 14, 4, 17, 1, 21, 19, 10, 9, 7,
7, 13, 15, 18, 20, 14, 4, 9]
------------------------------------------------------- 
# stage = 12	# children c = 3	length of each stage p = 2	nodes = 67	# items I = 1
