[46, 85, 64, 22, 52, 15, 11, 94, 17, 20,
53, 97, 41, 71, 24, 83, 6, 44, 30, 80,
97, 47, 80, 82, 67, 22, 22, 48, 34, 100,
62, 81, 84, 92, 69, 1, 73, 46, 62, 90,
66, 14, 87, 73, 85, 77, 55, 57, 21, 52,
36, 17, 99, 83, 66, 31, 4, 88, 79, 5,
88, 6, 52, 37, 99, 20, 39, 37, 66, 0,
27, 98, 14, 80, 71, 65, 56, 92, 21, 43,
43, 23, 27, 8, 5, 93, 39, 10, 46, 18,
15, 33, 91, 67, 37, 89, 53, 76, 93, 18,
42, 86, 82, 22, 65, 52, 87, 87, 44, 74,
97, 53, 97, 23, 61, 2, 82, 67, 12, 27,
51, 94, 27, 41, 26, 64, 97, 79, 5, 89,
63, 47, 40, 44, 69, 4, 97, 21, 57, 6,
95, 19, 25, 91, 8, 53, 59, 90, 19, 37,
84, 36, 30, 77, 77, 56, 40, 39, 34, 11,
94, 63, 58, 33, 7, 93, 3, 70, 80, 27,
76, 74, 46, 67, 30, 55, 19, 90, 10, 4]
[[624, 484, 655], [1898, 1781, 105], [560, 318, 350], [226, 858, 1789], [1664, 323, 1925], [744, 1395, 1359], [1323, 1525, 382], [1751, 1650, 244], [664, 993, 394], [1596, 1193, 319],
[1408, 1817, 281], [1541, 1762, 109], [1646, 1800, 1859], [1475, 1505, 241], [1310, 1215, 42], [759, 6, 1438], [165, 1329, 487], [25, 1126, 183], [1702, 1268, 1176], [142, 910, 1847],
[1894, 1796, 1189], [221, 1383, 475], [1762, 554, 321], [1145, 75, 1826], [865, 863, 566], [907, 1623, 572], [391, 1266, 1379], [878, 1291, 552], [1061, 1039, 1820], [1716, 660, 255],
[1087, 600, 1529], [322, 299, 437], [797, 1540, 991], [597, 731, 544], [1901, 1596, 1407], [513, 550, 554], [1085, 419, 1820], [511, 1298, 636], [541, 1837, 1675], [1839, 1077, 1813],
[140, 211, 459], [1148, 11, 237], [1585, 287, 1777], [100, 884, 32], [644, 831, 1629], [1529, 1345, 1657], [130, 1908, 122], [1950, 465, 1420], [632, 1006, 782], [1786, 370, 1859],
[1645, 510, 1548], [1583, 1658, 1560], [1820, 767, 1325], [1643, 867, 255], [1675, 1511, 1086], [828, 1087, 1909], [9, 695, 1864], [132, 169, 375], [1030, 802, 860], [1812, 112, 1230],
[1196, 1235, 1218], [268, 864, 401], [1306, 730, 1168], [677, 1851, 1514], [932, 1051, 549], [1497, 1879, 1114], [1452, 1889, 1809], [1362, 1499, 25], [1216, 53, 305], [1554, 1344, 1849],
[830, 586, 1130], [1526, 332, 41], [1927, 1639, 771], [620, 362, 147], [180, 773, 1198], [207, 316, 601], [1322, 1246, 14], [655, 133, 1513], [680, 1349, 1045], [463, 949, 435],
[358, 1257, 499], [1489, 829, 831], [1530, 281, 516], [1779, 901, 357], [1404, 559, 1130], [648, 766, 924], [728, 1566, 1648], [742, 268, 1781], [1734, 426, 1176], [825, 890, 1603],
[1260, 726, 906], [1237, 261, 1214], [114, 1269, 973], [109, 573, 1874], [466, 23, 1911], [1074, 150, 201], [1476, 878, 1768], [1170, 1098, 1514], [998, 878, 1940], [1652, 1181, 354],
[780, 1919, 1081], [1686, 1202, 820], [424, 1317, 136], [1397, 1426, 187], [795, 1370, 210], [752, 1922, 1792], [432, 1444, 716], [246, 660, 1293], [1238, 1136, 217], [1224, 835, 877],
[1579, 1615, 842], [184, 825, 91], [1004, 728, 886], [618, 1603, 1790], [805, 445, 684], [494, 675, 652], [332, 1107, 142], [527, 831, 280], [1820, 115, 1417], [83, 818, 1730],
[960, 1875, 869], [1281, 105, 1172], [850, 1109, 1900], [1736, 1728, 1550], [1050, 579, 1473], [1734, 551, 194], [432, 884, 780], [574, 1411, 1089], [332, 755, 683], [1749, 316, 1501],
[1525, 755, 1422], [1872, 82, 1005], [1091, 932, 160], [1037, 192, 1366], [111, 1242, 1424], [1584, 1022, 21], [1257, 1454, 383], [83, 1506, 1272], [1172, 1838, 73], [1333, 1112, 390],
[880, 161, 1145], [1780, 80, 1227], [831, 1171, 1637], [470, 1686, 1829], [1314, 1798, 1117], [262, 1428, 185], [1716, 209, 1117], [145, 292, 147], [1418, 943, 1463], [1491, 322, 621],
[1359, 681, 261], [550, 507, 341], [1255, 817, 1512], [938, 765, 1244], [813, 1557, 566], [1408, 1820, 1473], [1071, 1582, 1682], [234, 1205, 1453], [1813, 669, 1874], [1323, 1639, 242],
[1422, 1044, 401], [1683, 1073, 387], [70, 374, 682], [1060, 791, 1447], [1783, 1082, 528], [1827, 537, 394], [1346, 1608, 1454], [553, 1321, 706], [52, 1180, 853], [1926, 27, 538],
[1646, 1450, 1061], [94, 657, 180], [481, 206, 32], [1163, 1266, 301], [134, 573, 1384], [662, 447, 1921], [535, 1271, 1575], [35, 1824, 420], [219, 1876, 1601], [1073, 1326, 1628]]
[[8, 3, 3, 4], [1, 4, 5, 2], [0, 7, 9, 6], [1, 4, 4, 6], [1, 1, 6, 9], [3, 10, 9, 0], [6, 8, 5, 7], [7, 5, 0, 2], [8, 1, 6, 8], [5, 10, 10, 4],
[4, 7, 10, 5], [0, 1, 10, 0], [2, 5, 7, 3], [3, 6, 2, 9], [1, 7, 5, 8], [1, 3, 8, 8], [5, 2, 5, 8], [1, 2, 10, 5], [7, 9, 8, 8], [9, 5, 8, 9],
[9, 4, 2, 1], [8, 4, 10, 9], [0, 2, 4, 0], [4, 0, 8, 7], [2, 0, 4, 1], [0, 4, 4, 8], [0, 1, 3, 9], [7, 9, 8, 5], [2, 10, 4, 9], [1, 3, 5, 10],
[3, 10, 10, 7], [10, 5, 3, 10], [3, 8, 0, 2], [10, 4, 8, 8], [5, 0, 7, 10], [9, 2, 2, 9], [10, 6, 5, 0], [7, 0, 8, 0], [8, 8, 7, 7], [0, 9, 4, 2],
[4, 4, 4, 3], [8, 10, 0, 0], [10, 5, 9, 6], [7, 9, 2, 4], [3, 8, 4, 10], [8, 0, 8, 5], [8, 3, 10, 6], [1, 3, 6, 5], [7, 8, 6, 2], [7, 4, 0, 6],
[10, 9, 10, 4], [8, 2, 9, 0], [10, 0, 8, 7], [0, 6, 10, 6], [9, 9, 0, 10], [1, 6, 2, 6], [4, 8, 6, 0], [1, 6, 5, 9], [5, 4, 3, 0], [4, 10, 9, 3],
[10, 4, 8, 9], [10, 7, 4, 6], [3, 2, 3, 2], [9, 5, 6, 0], [0, 1, 0, 0], [8, 3, 9, 0], [6, 10, 0, 10], [7, 7, 1, 7], [0, 9, 3, 9], [4, 7, 2, 5],
[10, 4, 8, 6], [7, 3, 6, 8], [3, 4, 6, 0], [8, 4, 0, 3], [2, 9, 0, 9], [3, 1, 3, 1], [9, 6, 8, 2], [1, 0, 5, 9], [4, 0, 4, 0], [4, 8, 6, 5],
[1, 1, 5, 9], [4, 3, 10, 6], [1, 0, 2, 4], [1, 6, 5, 10], [10, 1, 10, 0], [1, 5, 9, 3], [5, 0, 1, 7], [8, 8, 1, 10], [7, 4, 6, 0], [7, 4, 4, 8],
[4, 7, 10, 3], [0, 3, 1, 10], [4, 9, 0, 3], [1, 7, 6, 7], [6, 5, 1, 3], [0, 1, 0, 8], [3, 5, 6, 0], [9, 0, 6, 2], [5, 4, 3, 5], [7, 4, 4, 9],
[3, 2, 10, 4], [8, 3, 9, 3], [8, 9, 6, 9], [8, 5, 4, 0], [10, 10, 0, 8], [10, 5, 8, 4], [9, 0, 7, 3], [5, 10, 10, 6], [1, 9, 8, 7], [1, 5, 10, 9],
[3, 4, 5, 0], [9, 9, 9, 6], [9, 8, 3, 6], [2, 0, 9, 9], [0, 5, 1, 3], [4, 0, 7, 4], [9, 5, 9, 8], [10, 9, 6, 0], [2, 10, 0, 9], [8, 9, 4, 4],
[6, 5, 0, 6], [5, 9, 4, 3], [1, 5, 5, 6], [3, 1, 8, 10], [6, 6, 7, 3], [2, 1, 3, 2], [0, 3, 0, 6], [0, 2, 0, 4], [7, 9, 9, 10], [7, 2, 3, 8],
[6, 8, 1, 7], [9, 7, 7, 3], [1, 1, 6, 3], [2, 10, 6, 0], [0, 4, 5, 9], [7, 5, 1, 1], [3, 10, 1, 8], [1, 2, 5, 5], [10, 5, 2, 6], [1, 9, 7, 2],
[10, 3, 4, 0], [0, 10, 0, 0], [1, 5, 10, 8], [8, 0, 10, 9], [8, 9, 6, 9], [0, 10, 2, 8], [2, 4, 3, 1], [2, 9, 2, 10], [1, 6, 8, 1], [3, 7, 10, 4],
[1, 7, 0, 8], [7, 8, 4, 4], [6, 9, 1, 6], [8, 3, 1, 8], [5, 2, 9, 7], [0, 9, 4, 1], [4, 2, 0, 5], [9, 0, 10, 8], [7, 10, 3, 2], [7, 8, 4, 0],
[6, 3, 4, 1], [4, 5, 7, 9], [7, 5, 3, 8], [4, 8, 7, 6], [8, 6, 1, 4], [4, 9, 1, 9], [8, 3, 9, 2], [0, 3, 0, 4], [4, 4, 3, 7], [7, 10, 5, 3],
[2, 9, 9, 6], [4, 4, 0, 10], [8, 10, 3, 1], [8, 2, 10, 3], [5, 9, 3, 3], [10, 3, 7, 1], [5, 10, 8, 1], [9, 3, 4, 1], [10, 1, 5, 1], [3, 3, 9, 0]]
[1, 1, 1, 1, 1, 0.2, 0.2, 0.2, 0.2, 0.2,
0.2, 0.2, 0.2, 0.2, 0.2, 0.2, 0.2, 0.2, 0.2, 0.2,
0.2, 0.2, 0.2, 0.2, 0.2, 0.2, 0.2, 0.2, 0.2, 0.2,
0.04, 0.04, 0.04, 0.04, 0.04, 0.04, 0.04, 0.04, 0.04, 0.04,
0.04, 0.04, 0.04, 0.04, 0.04, 0.04, 0.04, 0.04, 0.04, 0.04,
0.04, 0.04, 0.04, 0.04, 0.04, 0.008, 0.008, 0.008, 0.008, 0.008,
0.008, 0.008, 0.008, 0.008, 0.008, 0.008, 0.008, 0.008, 0.008, 0.008,
0.008, 0.008, 0.008, 0.008, 0.008, 0.008, 0.008, 0.008, 0.008, 0.008,
0.0016, 0.0016, 0.0016, 0.0016, 0.0016, 0.0016, 0.0016, 0.0016, 0.0016, 0.0016,
0.0016, 0.0016, 0.0016, 0.0016, 0.0016, 0.0016, 0.0016, 0.0016, 0.0016, 0.0016,
0.0016, 0.0016, 0.0016, 0.0016, 0.0016, 0.00032, 0.00032, 0.00032, 0.00032, 0.00032,
0.00032, 0.00032, 0.00032, 0.00032, 0.00032, 0.00032, 0.00032, 0.00032, 0.00032, 0.00032,
0.00032, 0.00032, 0.00032, 0.00032, 0.00032, 0.00032, 0.00032, 0.00032, 0.00032, 0.00032,
6.4e-05, 6.4e-05, 6.4e-05, 6.4e-05, 6.4e-05, 6.4e-05, 6.4e-05, 6.4e-05, 6.4e-05, 6.4e-05,
6.4e-05, 6.4e-05, 6.4e-05, 6.4e-05, 6.4e-05, 6.4e-05, 6.4e-05, 6.4e-05, 6.4e-05, 6.4e-05,
6.4e-05, 6.4e-05, 6.4e-05, 6.4e-05, 6.4e-05, 1.28e-05, 1.28e-05, 1.28e-05, 1.28e-05, 1.28e-05,
1.28e-05, 1.28e-05, 1.28e-05, 1.28e-05, 1.28e-05, 1.28e-05, 1.28e-05, 1.28e-05, 1.28e-05, 1.28e-05,
1.28e-05, 1.28e-05, 1.28e-05, 1.28e-05, 1.28e-05, 1.28e-05, 1.28e-05, 1.28e-05, 1.28e-05, 1.28e-05]
[3, 2, 6, 4, 7, 4, 3, 8, 9, 8,
5, 3, 9, 2, 4, 4, 1, 0, 9, 9,
5, 6, 8, 1, 6, 3, 6, 3, 0, 0,
8, 3, 0, 1, 9, 7, 9, 4, 3, 8,
9, 3, 2, 3, 3, 8, 9, 6, 8, 3,
0, 3, 8, 0, 6, 1, 2, 3, 2, 0,
3, 1, 3, 6, 5, 0, 1, 7, 6, 3,
8, 0, 2, 8, 6, 4, 0, 6, 5, 6,
3, 9, 3, 7, 8, 3, 9, 0, 4, 0,
2, 4, 3, 5, 5, 4, 9, 6, 4, 3,
7, 4, 4, 2, 6, 1, 0, 0, 0, 6,
0, 9, 6, 5, 4, 9, 7, 0, 0, 2,
6, 7, 2, 3, 7, 1, 2, 9, 9, 5,
5, 6, 9, 8, 2, 8, 5, 8, 6, 2,
3, 5, 7, 6, 4, 3, 8, 4, 0, 9,
4, 3, 5, 0, 6, 9, 8, 7, 1, 8,
6, 7, 4, 4, 7, 7, 3, 2, 9, 2,
7, 6, 5, 8, 0, 6, 0, 4, 6, 9]
------------------------------------------------------- 
# stage = 8	# children c = 5	length of each stage p = 5	nodes = 179	# items I = 1
