[77, 37, 33, 22, 25, 76, 82, 66, 22, 11,
14, 12, 98, 65, 22, 97, 85, 81, 90, 33,
35, 39, 78, 30, 64, 81, 14, 89, 47, 74,
13, 90, 11, 46, 12, 2, 88, 60, 68, 9,
38, 83, 89, 35, 47, 77, 98, 31, 57, 53,
30, 92, 92, 74, 88, 21, 54, 1, 9, 67,
42, 89, 22, 19, 34, 0, 21, 89, 61, 55,
98, 99, 3, 52, 100, 16, 29, 97, 13, 86,
49, 43, 44, 6, 16, 31, 27, 36, 100, 3,
69, 7, 92, 58, 26, 93, 58, 13, 81, 18,
34, 44, 83, 38, 97, 82, 54, 92, 44, 68,
43, 59, 77, 87, 65, 94, 85, 59, 96, 50,
62, 31, 57, 53, 89, 49, 11, 46, 28, 92,
31, 62, 36, 13, 100, 99, 62, 20, 90, 72,
88, 32, 98, 64, 86, 28, 23, 70, 87, 86,
86, 48, 16, 8, 1, 71, 23, 79, 16, 51,
71, 13, 12, 73, 94, 79, 71, 21, 99, 26,
93, 52, 58, 90, 82, 9, 18, 72, 79, 4]
[[253, 630, 153], [1143, 76, 1096], [195, 1302, 1158], [1085, 1099, 1017], [913, 507, 1815], [1880, 191, 1849], [377, 1144, 248], [209, 1454, 15], [1653, 1722, 1112], [1520, 1436, 43],
[1896, 1689, 281], [88, 871, 1926], [792, 674, 1268], [1558, 1760, 14], [222, 712, 521], [76, 239, 712], [1926, 224, 1856], [1782, 433, 957], [1406, 126, 719], [557, 1254, 194],
[208, 1189, 1883], [97, 886, 401], [63, 1678, 1075], [939, 1276, 482], [953, 1498, 802], [1474, 1183, 649], [1795, 1148, 482], [1298, 969, 915], [295, 414, 649], [1014, 579, 1903],
[816, 395, 740], [738, 101, 1626], [747, 164, 1343], [1430, 711, 266], [1521, 1664, 1373], [1931, 785, 595], [620, 619, 1351], [710, 1526, 359], [1625, 1821, 382], [1883, 482, 569],
[1825, 1298, 573], [604, 1644, 674], [1838, 430, 446], [1221, 1860, 1157], [1095, 1028, 468], [507, 999, 1253], [710, 1619, 1481], [100, 368, 1046], [68, 1601, 514], [58, 1523, 996],
[627, 996, 333], [808, 1208, 1585], [1482, 1086, 54], [1536, 1915, 1522], [732, 1049, 590], [808, 1165, 1589], [1670, 1483, 855], [1190, 1192, 831], [1844, 1260, 79], [397, 1318, 1603],
[1001, 1553, 246], [942, 9, 1454], [566, 1099, 187], [228, 675, 141], [1750, 1015, 799], [1948, 1824, 1572], [1576, 1533, 1094], [78, 370, 325], [909, 1822, 1193], [989, 1827, 158],
[239, 475, 1712], [485, 1417, 1329], [1547, 22, 467], [1343, 250, 1142], [1092, 1608, 197], [1891, 1596, 1629], [1502, 819, 809], [244, 506, 787], [569, 1415, 648], [1371, 51, 122],
[1529, 1859, 597], [888, 1952, 53], [256, 1147, 1644], [724, 529, 1502], [1866, 1621, 757], [1671, 1160, 0], [947, 309, 820], [1756, 161, 1326], [190, 339, 388], [838, 1710, 48],
[568, 1278, 1907], [1165, 206, 1899], [826, 462, 693], [117, 1186, 1222], [1227, 700, 490], [24, 18, 1258], [24, 966, 1568], [452, 369, 1729], [1386, 560, 107], [1383, 1006, 1817],
[1431, 1575, 743], [985, 387, 949], [531, 822, 1411], [1224, 939, 245], [93, 206, 945], [584, 1799, 963], [1450, 1823, 1537], [665, 1884, 1907], [434, 1309, 114], [149, 731, 1120],
[1575, 201, 734], [1926, 795, 730], [914, 1326, 1552], [1933, 590, 138], [217, 291, 1913], [770, 875, 1751], [1342, 1934, 1222], [918, 638, 1145], [472, 680, 493], [586, 438, 833],
[1707, 52, 642], [88, 1586, 1437], [426, 539, 803], [17, 511, 1001], [1725, 729, 1292], [1285, 1499, 1776], [684, 880, 1749], [1906, 1407, 426], [698, 1879, 715], [799, 113, 1153],
[1632, 1820, 813], [1883, 1516, 438], [1359, 1943, 977], [201, 1568, 1096], [810, 1332, 1825], [1711, 265, 972], [1526, 949, 1460], [922, 502, 514], [956, 1200, 433], [1671, 1607, 546],
[863, 887, 13], [1284, 809, 1137], [1722, 207, 1119], [738, 17, 727], [1443, 435, 1667], [1307, 185, 1932], [1887, 1711, 528], [995, 280, 1030], [1509, 1237, 1838], [1550, 555, 1485],
[1704, 1419, 411], [1325, 350, 828], [502, 112, 1035], [1621, 458, 660], [1956, 1901, 1096], [1663, 856, 1281], [1242, 782, 640], [1771, 1385, 920], [840, 934, 1765], [718, 131, 360],
[1811, 1836, 1387], [1830, 808, 1737], [697, 1310, 1457], [1340, 971, 1916], [40, 574, 1856], [744, 1845, 751], [64, 1127, 1142], [312, 545, 566], [841, 993, 1108], [253, 1319, 848],
[613, 1169, 331], [1608, 1038, 1139], [993, 1735, 489], [489, 1115, 1068], [444, 763, 1642], [1909, 1507, 1135], [307, 1179, 301], [1449, 1492, 454], [1624, 1941, 1447], [379, 233, 806]]
[[10, 6, 8, 5], [2, 5, 8, 7], [10, 9, 5, 7], [2, 6, 1, 9], [0, 2, 2, 5], [7, 5, 3, 3], [0, 3, 7, 7], [0, 1, 9, 10], [7, 6, 4, 10], [0, 10, 6, 9],
[9, 10, 5, 9], [3, 5, 7, 1], [7, 7, 6, 2], [1, 7, 5, 1], [10, 1, 6, 0], [2, 3, 8, 10], [7, 2, 7, 8], [10, 0, 4, 8], [10, 7, 4, 0], [1, 9, 1, 9],
[5, 5, 0, 5], [1, 3, 4, 10], [4, 0, 10, 7], [3, 7, 4, 10], [7, 0, 5, 7], [0, 9, 2, 9], [6, 7, 7, 5], [5, 9, 3, 9], [1, 1, 3, 1], [2, 7, 0, 7],
[5, 8, 1, 6], [2, 5, 4, 8], [5, 9, 4, 3], [6, 4, 1, 10], [9, 9, 4, 4], [5, 6, 0, 6], [5, 3, 7, 8], [8, 5, 2, 1], [2, 3, 7, 5], [8, 0, 2, 0],
[8, 4, 3, 1], [6, 5, 0, 5], [1, 2, 9, 6], [6, 7, 10, 1], [8, 5, 7, 5], [10, 9, 6, 0], [1, 1, 5, 7], [1, 5, 7, 9], [7, 10, 8, 2], [4, 8, 7, 5],
[9, 3, 9, 4], [10, 9, 3, 7], [1, 8, 0, 0], [4, 4, 9, 5], [5, 3, 1, 7], [6, 8, 3, 0], [6, 10, 3, 10], [5, 10, 3, 3], [1, 10, 6, 0], [8, 7, 6, 7],
[5, 6, 8, 9], [10, 6, 2, 3], [8, 1, 8, 1], [8, 9, 2, 3], [8, 5, 0, 3], [2, 3, 6, 1], [1, 10, 2, 7], [7, 6, 4, 1], [10, 1, 8, 9], [5, 10, 10, 0],
[1, 7, 0, 9], [6, 2, 10, 3], [5, 10, 6, 5], [1, 0, 7, 2], [10, 7, 9, 6], [2, 2, 5, 1], [1, 1, 8, 5], [9, 8, 5, 10], [4, 3, 6, 8], [5, 5, 1, 8],
[3, 5, 3, 4], [5, 8, 6, 3], [2, 4, 7, 4], [5, 0, 3, 6], [1, 9, 9, 10], [4, 2, 8, 9], [5, 1, 4, 9], [5, 5, 6, 8], [9, 7, 1, 3], [2, 5, 4, 4],
[7, 1, 8, 1], [1, 9, 6, 0], [8, 4, 10, 1], [6, 5, 8, 1], [7, 2, 10, 1], [5, 3, 7, 3], [0, 8, 5, 2], [0, 7, 7, 7], [8, 2, 9, 7], [10, 4, 7, 5],
[8, 5, 4, 4], [10, 2, 3, 4], [2, 2, 5, 5], [5, 10, 7, 3], [7, 10, 4, 7], [6, 9, 2, 2], [9, 0, 7, 8], [4, 4, 2, 10], [7, 7, 1, 6], [7, 2, 0, 7],
[4, 3, 10, 8], [3, 4, 9, 8], [3, 2, 3, 8], [0, 5, 8, 10], [5, 4, 5, 7], [6, 6, 4, 2], [2, 4, 7, 7], [6, 7, 1, 9], [8, 0, 6, 0], [3, 2, 7, 4],
[5, 10, 1, 3], [2, 7, 0, 5], [1, 6, 10, 5], [1, 1, 8, 1], [5, 4, 6, 1], [9, 5, 10, 6], [5, 3, 5, 6], [3, 10, 0, 8], [7, 1, 10, 9], [7, 8, 1, 6],
[3, 0, 0, 2], [1, 6, 1, 5], [8, 5, 6, 4], [10, 3, 9, 3], [4, 3, 9, 7], [2, 9, 3, 9], [9, 0, 5, 5], [8, 6, 0, 10], [6, 9, 1, 5], [5, 1, 10, 0],
[4, 3, 5, 4], [4, 3, 7, 8], [4, 5, 3, 4], [2, 6, 0, 0], [6, 5, 5, 3], [9, 3, 2, 4], [1, 2, 7, 4], [1, 5, 5, 5], [8, 10, 9, 2], [2, 3, 8, 4],
[7, 0, 8, 9], [4, 8, 7, 10], [2, 10, 1, 0], [2, 1, 2, 1], [1, 7, 6, 0], [1, 0, 6, 10], [8, 2, 1, 8], [4, 9, 1, 0], [8, 9, 7, 1], [6, 1, 10, 6],
[0, 9, 4, 0], [10, 6, 1, 10], [2, 5, 10, 2], [3, 3, 1, 0], [4, 0, 6, 8], [7, 5, 6, 4], [3, 0, 6, 7], [1, 3, 0, 10], [1, 4, 10, 0], [10, 9, 8, 0],
[4, 6, 2, 5], [9, 1, 6, 0], [1, 10, 6, 6], [5, 10, 9, 6], [10, 4, 3, 9], [5, 3, 6, 6], [8, 5, 4, 5], [2, 2, 3, 6], [8, 3, 0, 4], [4, 4, 3, 3]]
[1, 1, 1, 1, 1, 0.2, 0.2, 0.2, 0.2, 0.2,
0.2, 0.2, 0.2, 0.2, 0.2, 0.2, 0.2, 0.2, 0.2, 0.2,
0.2, 0.2, 0.2, 0.2, 0.2, 0.2, 0.2, 0.2, 0.2, 0.2,
0.04, 0.04, 0.04, 0.04, 0.04, 0.04, 0.04, 0.04, 0.04, 0.04,
0.04, 0.04, 0.04, 0.04, 0.04, 0.04, 0.04, 0.04, 0.04, 0.04,
0.04, 0.04, 0.04, 0.04, 0.04, 0.008, 0.008, 0.008, 0.008, 0.008,
0.008, 0.008, 0.008, 0.008, 0.008, 0.008, 0.008, 0.008, 0.008, 0.008,
0.008, 0.008, 0.008, 0.008, 0.008, 0.008, 0.008, 0.008, 0.008, 0.008,
0.0016, 0.0016, 0.0016, 0.0016, 0.0016, 0.0016, 0.0016, 0.0016, 0.0016, 0.0016,
0.0016, 0.0016, 0.0016, 0.0016, 0.0016, 0.0016, 0.0016, 0.0016, 0.0016, 0.0016,
0.0016, 0.0016, 0.0016, 0.0016, 0.0016, 0.00032, 0.00032, 0.00032, 0.00032, 0.00032,
0.00032, 0.00032, 0.00032, 0.00032, 0.00032, 0.00032, 0.00032, 0.00032, 0.00032, 0.00032,
0.00032, 0.00032, 0.00032, 0.00032, 0.00032, 0.00032, 0.00032, 0.00032, 0.00032, 0.00032,
6.4e-05, 6.4e-05, 6.4e-05, 6.4e-05, 6.4e-05, 6.4e-05, 6.4e-05, 6.4e-05, 6.4e-05, 6.4e-05,
6.4e-05, 6.4e-05, 6.4e-05, 6.4e-05, 6.4e-05, 6.4e-05, 6.4e-05, 6.4e-05, 6.4e-05, 6.4e-05,
6.4e-05, 6.4e-05, 6.4e-05, 6.4e-05, 6.4e-05, 1.28e-05, 1.28e-05, 1.28e-05, 1.28e-05, 1.28e-05,
1.28e-05, 1.28e-05, 1.28e-05, 1.28e-05, 1.28e-05, 1.28e-05, 1.28e-05, 1.28e-05, 1.28e-05, 1.28e-05,
1.28e-05, 1.28e-05, 1.28e-05, 1.28e-05, 1.28e-05, 1.28e-05, 1.28e-05, 1.28e-05, 1.28e-05, 1.28e-05]
[6, 5, 1, 8, 5, 6, 1, 7, 0, 6,
4, 0, 6, 9, 5, 8, 1, 7, 6, 8,
8, 7, 9, 6, 3, 4, 6, 6, 3, 8,
4, 4, 7, 0, 9, 8, 4, 9, 1, 5,
0, 4, 0, 1, 7, 6, 2, 8, 4, 4,
0, 5, 9, 0, 2, 9, 9, 1, 5, 4,
6, 7, 4, 0, 8, 6, 9, 6, 7, 5,
6, 5, 2, 8, 5, 4, 5, 1, 2, 2,
8, 9, 3, 1, 4, 4, 6, 9, 0, 0,
1, 8, 1, 0, 3, 3, 6, 2, 0, 4,
2, 8, 0, 1, 8, 9, 8, 9, 8, 2,
6, 6, 1, 6, 4, 2, 0, 9, 2, 6,
3, 2, 6, 1, 5, 0, 2, 5, 5, 0,
3, 0, 7, 8, 3, 3, 4, 0, 1, 8,
8, 9, 7, 9, 0, 6, 4, 2, 9, 4,
9, 1, 7, 5, 5, 5, 5, 7, 4, 0,
6, 2, 7, 5, 7, 3, 0, 0, 9, 7,
4, 0, 1, 7, 6, 4, 5, 6, 5, 3]
------------------------------------------------------- 
# stage = 8	# children c = 5	length of each stage p = 5	nodes = 179	# items I = 1
