[77, 32, 94, 50, 91, 2, 45, 50, 89, 72,
47, 43, 13, 6, 82, 24, 2, 51, 77, 77,
67, 95, 48, 93, 27, 23, 69, 10, 28, 11,
42, 4, 43, 2, 20, 100, 4, 32, 50, 59,
70, 63, 69, 83, 69, 16, 74, 37, 67, 16,
13, 100, 77, 62, 59, 3, 85, 27, 80, 79,
39, 21, 50, 48, 23, 36, 48, 94, 34, 64,
19, 4, 26, 88, 53, 95, 3, 26, 98, 36,
8, 11, 35, 85, 39, 94, 54, 90, 88, 100,
69, 93, 21, 85, 40, 10, 20, 54, 4, 55,
17, 90, 59, 43, 77, 11, 3, 80, 4, 1,
82, 79, 79, 16, 30, 17, 77, 84, 6, 30,
84, 41, 22, 71, 25, 62, 81, 46, 83, 51]
[[186, 761, 957], [294, 96, 84], [783, 734, 881], [74, 616, 684], [811, 726, 219], [586, 881, 41], [613, 84, 716], [520, 795, 507], [229, 146, 709], [241, 314, 294],
[977, 177, 61], [616, 471, 827], [701, 931, 567], [588, 11, 860], [278, 498, 268], [174, 760, 825], [885, 379, 910], [608, 899, 711], [121, 805, 534], [506, 52, 524],
[800, 705, 701], [537, 4, 179], [371, 705, 786], [614, 969, 797], [156, 254, 972], [425, 104, 738], [256, 989, 124], [172, 279, 699], [560, 76, 186], [770, 582, 908],
[300, 64, 620], [678, 278, 624], [533, 649, 11], [325, 939, 980], [798, 102, 910], [776, 527, 690], [521, 783, 686], [321, 632, 641], [696, 868, 718], [883, 644, 306],
[797, 620, 47], [99, 304, 325], [399, 513, 650], [410, 838, 595], [397, 643, 697], [983, 101, 230], [680, 298, 20], [48, 619, 328], [689, 992, 202], [413, 881, 846],
[396, 360, 148], [119, 460, 453], [444, 535, 966], [100, 946, 487], [371, 25, 806], [75, 684, 907], [975, 370, 882], [671, 418, 507], [5, 114, 505], [207, 203, 68],
[729, 599, 105], [878, 718, 565], [337, 838, 776], [979, 614, 728], [148, 986, 429], [954, 737, 120], [544, 718, 166], [432, 396, 585], [615, 401, 375], [797, 285, 578],
[865, 20, 854], [970, 898, 254], [217, 911, 99], [0, 897, 389], [404, 721, 381], [510, 682, 794], [306, 902, 519], [472, 16, 915], [733, 631, 992], [114, 434, 283],
[369, 976, 304], [899, 628, 878], [159, 522, 796], [928, 198, 375], [0, 602, 102], [57, 788, 784], [852, 100, 368], [377, 249, 384], [968, 982, 22], [642, 773, 132],
[926, 148, 784], [906, 723, 419], [790, 882, 941], [592, 493, 145], [967, 493, 423], [746, 226, 888], [212, 84, 664], [581, 137, 913], [965, 111, 902], [663, 430, 681],
[472, 38, 505], [262, 944, 234], [357, 416, 792], [974, 685, 291], [795, 334, 460], [225, 86, 687], [789, 299, 447], [459, 880, 585], [379, 527, 372], [287, 867, 802],
[644, 345, 840], [155, 283, 466], [389, 641, 883], [187, 621, 250], [155, 423, 584], [291, 324, 347], [654, 789, 646], [108, 254, 208], [693, 633, 735], [71, 596, 284],
[874, 246, 629], [396, 401, 589], [863, 466, 906], [428, 330, 209], [678, 485, 308], [938, 452, 632], [291, 113, 427], [937, 221, 358], [821, 590, 991], [563, 661, 270]]
[[8, 2, 10, 2], [5, 10, 9, 4], [9, 2, 9, 3], [4, 10, 2, 6], [10, 10, 8, 3], [4, 2, 4, 2], [9, 7, 0, 10], [0, 8, 0, 8], [0, 9, 10, 5], [8, 6, 7, 7],
[7, 4, 8, 9], [1, 10, 4, 1], [9, 10, 4, 0], [2, 6, 0, 0], [2, 1, 8, 2], [7, 7, 8, 5], [5, 7, 8, 0], [1, 5, 7, 8], [9, 5, 4, 10], [2, 8, 0, 10],
[5, 2, 10, 7], [9, 0, 6, 0], [10, 1, 1, 6], [8, 9, 1, 0], [4, 9, 1, 5], [3, 6, 0, 10], [9, 2, 8, 1], [10, 8, 9, 4], [9, 6, 10, 7], [4, 3, 5, 3],
[4, 6, 8, 0], [5, 7, 9, 9], [5, 10, 1, 7], [6, 1, 4, 4], [3, 1, 3, 0], [8, 1, 2, 6], [6, 10, 2, 10], [2, 7, 1, 5], [3, 7, 3, 6], [3, 1, 4, 8],
[1, 5, 2, 5], [4, 7, 9, 5], [6, 0, 5, 3], [1, 5, 9, 5], [5, 9, 5, 7], [4, 4, 10, 5], [0, 2, 0, 3], [4, 4, 9, 3], [7, 10, 8, 0], [4, 4, 5, 10],
[4, 8, 3, 4], [2, 10, 9, 7], [7, 1, 4, 0], [5, 1, 5, 3], [4, 5, 6, 6], [7, 3, 9, 3], [2, 4, 1, 6], [8, 6, 5, 0], [3, 6, 4, 5], [4, 0, 0, 0],
[2, 2, 9, 5], [3, 3, 9, 7], [6, 2, 2, 0], [5, 9, 1, 7], [2, 2, 2, 9], [6, 6, 9, 7], [10, 0, 10, 1], [9, 10, 10, 9], [1, 8, 4, 5], [9, 0, 10, 2],
[2, 0, 2, 8], [9, 1, 4, 10], [1, 5, 6, 7], [9, 2, 1, 6], [2, 1, 6, 9], [9, 5, 8, 0], [3, 1, 3, 10], [1, 0, 2, 3], [0, 2, 9, 10], [4, 3, 7, 5],
[6, 2, 0, 2], [4, 1, 8, 4], [0, 3, 0, 10], [7, 8, 8, 10], [7, 0, 9, 8], [0, 9, 10, 10], [1, 8, 7, 3], [9, 3, 6, 2], [3, 6, 4, 5], [6, 0, 7, 6],
[1, 7, 3, 8], [5, 0, 5, 10], [9, 4, 8, 8], [0, 5, 7, 1], [0, 3, 4, 8], [4, 0, 10, 7], [4, 2, 1, 10], [2, 6, 4, 3], [2, 7, 10, 5], [6, 4, 5, 4],
[6, 0, 1, 7], [3, 8, 6, 3], [9, 0, 0, 2], [9, 9, 9, 2], [0, 8, 0, 2], [3, 2, 3, 4], [9, 0, 7, 4], [5, 10, 7, 9], [10, 8, 5, 0], [4, 1, 4, 2],
[10, 2, 3, 6], [0, 1, 6, 9], [8, 6, 0, 9], [6, 2, 0, 5], [0, 8, 7, 5], [5, 3, 2, 5], [10, 7, 5, 1], [6, 7, 3, 3], [10, 6, 9, 8], [6, 5, 7, 1],
[9, 5, 10, 5], [5, 0, 8, 6], [6, 2, 9, 0], [4, 0, 3, 3], [6, 7, 4, 1], [3, 5, 5, 0], [10, 1, 7, 5], [6, 1, 6, 3], [6, 3, 8, 10], [3, 3, 5, 7]]
[1, 1, 1, 1, 1, 0.2, 0.2, 0.2, 0.2, 0.2,
0.2, 0.2, 0.2, 0.2, 0.2, 0.2, 0.2, 0.2, 0.2, 0.2,
0.2, 0.2, 0.2, 0.2, 0.2, 0.2, 0.2, 0.2, 0.2, 0.2,
0.04, 0.04, 0.04, 0.04, 0.04, 0.04, 0.04, 0.04, 0.04, 0.04,
0.04, 0.04, 0.04, 0.04, 0.04, 0.04, 0.04, 0.04, 0.04, 0.04,
0.04, 0.04, 0.04, 0.04, 0.04, 0.008, 0.008, 0.008, 0.008, 0.008,
0.008, 0.008, 0.008, 0.008, 0.008, 0.008, 0.008, 0.008, 0.008, 0.008,
0.008, 0.008, 0.008, 0.008, 0.008, 0.008, 0.008, 0.008, 0.008, 0.008,
0.0016, 0.0016, 0.0016, 0.0016, 0.0016, 0.0016, 0.0016, 0.0016, 0.0016, 0.0016,
0.0016, 0.0016, 0.0016, 0.0016, 0.0016, 0.0016, 0.0016, 0.0016, 0.0016, 0.0016,
0.0016, 0.0016, 0.0016, 0.0016, 0.0016, 0.00032, 0.00032, 0.00032, 0.00032, 0.00032,
0.00032, 0.00032, 0.00032, 0.00032, 0.00032, 0.00032, 0.00032, 0.00032, 0.00032, 0.00032,
0.00032, 0.00032, 0.00032, 0.00032, 0.00032, 0.00032, 0.00032, 0.00032, 0.00032, 0.00032]
[3, 3, 4, 9, 10, 10, 5, 6, 4, 9,
4, 2, 2, 5, 9, 10, 2, 17, 7, 6,
9, 5, 6, 3, 11, 3, 19, 11, 13, 14,
8, 16, 2, 8, 11, 19, 8, 18, 7, 9,
18, 6, 18, 10, 18, 6, 0, 1, 7, 16,
17, 2, 11, 3, 14, 8, 5, 1, 16, 18,
19, 13, 19, 18, 5, 9, 13, 11, 12, 6,
7, 2, 13, 11, 18, 15, 18, 1, 16, 9,
17, 7, 2, 6, 4, 5, 18, 19, 3, 12,
12, 15, 9, 0, 19, 10, 0, 6, 19, 9,
16, 19, 15, 10, 1, 16, 3, 7, 0, 9,
1, 16, 8, 16, 7, 14, 12, 3, 4, 10,
8, 2, 10, 7, 9, 3, 7, 4, 14, 6]
------------------------------------------------------- 
# stage = 6	# children c = 5	length of each stage p = 5	nodes = 129	# items I = 1
