[74, 45, 82, 76, 73, 93, 62, 99, 74, 78,
88, 77, 70, 32, 90, 6, 78, 7, 76, 29,
80, 36, 48, 34, 71, 74, 88, 23, 18, 99,
32, 93, 44, 81, 68, 83, 73, 96, 81, 46,
39, 35, 89, 8, 67, 79, 15, 10, 86, 57,
39, 31, 93, 88, 32, 63, 27, 19, 53, 45,
84, 51, 3, 27, 98, 37, 76, 71]
[[726, 898, 933], [868, 79, 570], [88, 615, 442], [958, 1017, 21], [890, 848, 644], [680, 648, 420], [767, 511, 672], [1006, 568, 104], [869, 628, 975], [923, 845, 937],
[1, 599, 862], [988, 494, 995], [532, 582, 584], [1, 567, 628], [76, 484, 504], [720, 137, 125], [113, 905, 690], [839, 938, 232], [998, 781, 914], [946, 731, 786],
[910, 786, 358], [745, 748, 852], [768, 307, 407], [379, 362, 1], [1007, 438, 485], [484, 132, 623], [609, 299, 555], [273, 112, 466], [559, 83, 220], [500, 56, 1005],
[259, 967, 765], [618, 739, 540], [443, 480, 847], [905, 859, 236], [906, 840, 674], [365, 351, 806], [15, 1015, 79], [570, 315, 245], [63, 874, 328], [338, 401, 384],
[316, 660, 378], [108, 251, 91], [702, 749, 571], [576, 627, 404], [812, 560, 271], [460, 979, 676], [239, 994, 664], [372, 591, 6], [617, 655, 934], [999, 20, 308],
[411, 390, 969], [789, 499, 193], [880, 174, 942], [425, 751, 596], [883, 536, 130], [181, 23, 82], [857, 263, 104], [549, 635, 695], [555, 280, 377], [463, 252, 451],
[771, 663, 842], [767, 480, 314], [961, 333, 542], [930, 812, 320], [500, 722, 911], [684, 903, 934], [820, 788, 224], [924, 310, 860]]
[[6, 0, 0, 7], [3, 8, 7, 6], [8, 1, 5, 5], [5, 0, 6, 9], [6, 0, 0, 10], [1, 10, 0, 5], [10, 9, 4, 9], [10, 5, 6, 5], [5, 6, 10, 8], [1, 6, 2, 9],
[5, 7, 2, 10], [5, 8, 7, 1], [8, 5, 0, 7], [2, 0, 1, 10], [8, 5, 6, 7], [9, 1, 10, 3], [8, 9, 10, 9], [3, 1, 6, 6], [6, 8, 4, 0], [5, 9, 1, 0],
[1, 2, 7, 1], [0, 6, 0, 8], [1, 7, 2, 8], [6, 1, 0, 3], [9, 8, 0, 10], [9, 4, 3, 4], [1, 7, 5, 6], [3, 6, 4, 4], [6, 0, 5, 7], [6, 6, 2, 5],
[0, 5, 2, 6], [4, 1, 8, 2], [9, 6, 10, 6], [10, 3, 10, 0], [10, 2, 4, 1], [7, 8, 5, 2], [6, 0, 7, 10], [4, 10, 3, 2], [2, 3, 8, 6], [2, 3, 7, 1],
[9, 6, 5, 6], [9, 4, 4, 7], [5, 8, 8, 1], [3, 0, 3, 7], [0, 9, 7, 2], [6, 8, 4, 8], [0, 0, 1, 3], [3, 8, 2, 0], [4, 7, 6, 0], [9, 9, 5, 1],
[6, 2, 2, 8], [3, 4, 4, 1], [2, 9, 4, 6], [6, 6, 3, 5], [6, 4, 6, 8], [0, 8, 8, 2], [2, 1, 2, 9], [10, 8, 0, 4], [8, 0, 1, 9], [4, 3, 0, 4],
[0, 2, 10, 4], [6, 2, 9, 2], [5, 4, 10, 3], [10, 5, 5, 10], [6, 7, 7, 6], [2, 5, 8, 0], [5, 9, 7, 10], [10, 7, 3, 10]]
[1, 1, 0.333333, 0.333333, 0.333333, 0.333333, 0.333333, 0.333333, 0.111111, 0.111111,
0.111111, 0.111111, 0.111111, 0.111111, 0.037037, 0.037037, 0.037037, 0.037037, 0.037037, 0.037037,
0.0123457, 0.0123457, 0.0123457, 0.0123457, 0.0123457, 0.0123457, 0.00411523, 0.00411523, 0.00411523, 0.00411523,
0.00411523, 0.00411523, 0.00137174, 0.00137174, 0.00137174, 0.00137174, 0.00137174, 0.00137174, 0.000457247, 0.000457247,
0.000457247, 0.000457247, 0.000457247, 0.000457247, 0.000152416, 0.000152416, 0.000152416, 0.000152416, 0.000152416, 0.000152416,
5.08053e-05, 5.08053e-05, 5.08053e-05, 5.08053e-05, 5.08053e-05, 5.08053e-05, 1.69351e-05, 1.69351e-05, 1.69351e-05, 1.69351e-05,
1.69351e-05, 1.69351e-05, 5.64503e-06, 5.64503e-06, 5.64503e-06, 5.64503e-06, 5.64503e-06, 5.64503e-06]
[10, 0, 7, 1, 1, 6, 5, 8, 1, 8,
7, 10, 9, 1, 1, 3, 4, 0, 10, 8,
9, 8, 3, 7, 6, 10, 0, 2, 4, 4,
2, 4, 7, 5, 3, 5, 2, 1, 4, 5,
8, 8, 10, 5, 1, 5, 2, 6, 0, 4,
10, 2, 8, 2, 10, 10, 7, 1, 3, 8,
3, 7, 9, 3, 10, 10, 0, 8]
------------------------------------------------------- 
# stage = 12	# children c = 3	length of each stage p = 2	nodes = 67	# items I = 1
