[17, 80, 71, 32, 73, 45, 92, 23, 65, 22,
85, 62, 38, 76, 67, 19, 56, 92, 19, 66,
76, 69, 24, 32, 60, 41, 79, 32, 61, 62,
85, 44, 7, 55, 43, 46, 66, 34, 69, 97,
56, 19, 59, 94, 95, 92]
[[780, 574, 531], [658, 150, 329], [906, 201, 315], [815, 109, 438], [217, 633, 839], [103, 121, 1], [234, 292, 714], [489, 572, 470], [460, 813, 671], [485, 295, 849],
[764, 765, 112], [985, 422, 262], [314, 18, 464], [629, 523, 263], [757, 741, 896], [285, 844, 708], [287, 768, 690], [691, 947, 261], [160, 96, 73], [522, 581, 369],
[60, 344, 133], [172, 19, 246], [124, 333, 955], [278, 652, 477], [542, 408, 908], [127, 693, 751], [525, 670, 209], [215, 51, 155], [476, 902, 252], [550, 423, 833],
[609, 483, 868], [432, 345, 577], [368, 470, 910], [322, 748, 251], [490, 980, 349], [397, 798, 732], [839, 322, 402], [47, 227, 143], [202, 704, 44], [144, 944, 158],
[668, 242, 331], [535, 364, 677], [111, 733, 146], [711, 745, 584], [652, 234, 254], [0, 322, 51]]
[[6, 7, 5, 4], [2, 7, 8, 4], [8, 3, 4, 4], [7, 10, 3, 10], [0, 10, 1, 1], [6, 6, 4, 10], [10, 8, 8, 0], [0, 3, 4, 6], [8, 8, 8, 9], [4, 5, 2, 10],
[7, 6, 1, 1], [5, 2, 0, 4], [1, 10, 3, 5], [5, 8, 4, 3], [3, 0, 3, 3], [3, 8, 8, 9], [5, 5, 7, 7], [9, 10, 4, 5], [3, 5, 6, 7], [7, 4, 0, 6],
[3, 1, 0, 9], [9, 3, 1, 0], [3, 4, 3, 4], [10, 9, 2, 2], [4, 8, 7, 2], [5, 9, 5, 8], [3, 0, 4, 8], [4, 2, 3, 5], [2, 2, 3, 0], [5, 2, 9, 8],
[5, 0, 10, 4], [9, 1, 7, 0], [9, 1, 0, 3], [0, 5, 10, 1], [3, 1, 10, 5], [2, 0, 0, 4], [2, 3, 2, 5], [4, 1, 0, 9], [1, 10, 2, 8], [10, 7, 9, 8],
[7, 9, 10, 7], [2, 7, 8, 5], [8, 5, 0, 10], [6, 9, 3, 6], [10, 4, 1, 3], [5, 10, 1, 6]]
[1, 1, 0.5, 0.5, 0.5, 0.5, 0.25, 0.25, 0.25, 0.25,
0.125, 0.125, 0.125, 0.125, 0.0625, 0.0625, 0.0625, 0.0625, 0.03125, 0.03125,
0.03125, 0.03125, 0.015625, 0.015625, 0.015625, 0.015625, 0.0078125, 0.0078125, 0.0078125, 0.0078125,
0.00390625, 0.00390625, 0.00390625, 0.00390625, 0.00195312, 0.00195312, 0.00195312, 0.00195312, 0.000976562, 0.000976562,
0.000976562, 0.000976562, 0.000488281, 0.000488281, 0.000488281, 0.000488281]
[6, 10, 5, 2, 9, 10, 1, 1, 0, 5,
8, 1, 2, 9, 7, 4, 0, 9, 10, 4,
3, 6, 0, 6, 4, 2, 8, 10, 8, 6,
0, 3, 1, 0, 0, 5, 6, 1, 9, 5,
3, 2, 9, 6, 5, 7]
------------------------------------------------------- 
# stage = 12	# children c = 2	length of each stage p = 2	nodes = 45	# items I = 1
