[65, 40, 84, 81, 51, 55, 9, 29, 32, 25,
4, 37, 28, 52, 34, 23, 37, 16, 33, 22,
63, 13, 70, 14, 30, 82, 79, 21, 1, 71,
33, 66, 11, 16, 12, 28, 37, 21, 57, 35,
12, 28, 73, 40, 80, 73, 29, 83, 89, 63,
4, 52, 42, 75, 66, 72, 22, 10, 94, 23,
81, 93, 89, 58, 75, 67, 52, 11, 88]
[[427, 875, 366], [712, 211, 425], [57, 1116, 424], [809, 1024, 26], [454, 565, 336], [460, 702, 668], [96, 872, 803], [802, 202, 570], [551, 878, 554], [136, 1087, 1],
[700, 1125, 488], [678, 694, 310], [1103, 362, 283], [385, 28, 165], [22, 483, 730], [1112, 554, 1043], [248, 261, 384], [1052, 674, 586], [479, 82, 1075], [644, 972, 1019],
[257, 141, 1001], [745, 819, 163], [1055, 779, 526], [196, 775, 165], [1115, 797, 648], [313, 378, 813], [214, 626, 686], [209, 535, 217], [406, 626, 1054], [339, 127, 883],
[969, 384, 1024], [439, 740, 700], [602, 264, 1091], [1128, 71, 723], [151, 43, 1132], [410, 356, 1121], [835, 181, 604], [378, 1, 751], [206, 408, 234], [871, 747, 1115],
[223, 573, 1111], [104, 1012, 708], [416, 83, 972], [1118, 68, 1043], [309, 973, 697], [298, 241, 665], [276, 687, 457], [492, 676, 459], [100, 493, 867], [1088, 222, 82],
[1060, 445, 266], [1028, 160, 890], [205, 187, 973], [34, 162, 652], [689, 472, 483], [243, 381, 335], [908, 269, 1022], [977, 761, 166], [293, 861, 659], [771, 417, 881],
[464, 334, 937], [730, 974, 709], [88, 36, 896], [1061, 824, 670], [182, 370, 753], [665, 225, 1134], [611, 1133, 260], [101, 578, 632], [267, 871, 1104]]
[[2, 5, 10, 10], [8, 2, 2, 3], [8, 2, 4, 6], [8, 1, 5, 6], [7, 5, 9, 4], [3, 5, 5, 10], [3, 9, 9, 8], [5, 6, 1, 7], [10, 9, 4, 5], [9, 6, 9, 6],
[7, 2, 0, 4], [1, 5, 10, 8], [10, 8, 10, 1], [2, 4, 0, 3], [2, 8, 0, 6], [3, 10, 0, 0], [8, 5, 6, 4], [9, 2, 8, 5], [4, 8, 9, 3], [2, 8, 0, 0],
[5, 10, 1, 5], [3, 10, 8, 4], [5, 6, 8, 7], [5, 6, 7, 0], [9, 2, 4, 6], [4, 0, 0, 6], [8, 8, 9, 9], [5, 7, 9, 9], [4, 8, 1, 6], [5, 8, 8, 0],
[3, 5, 7, 7], [9, 1, 7, 6], [2, 10, 1, 4], [10, 1, 0, 5], [9, 7, 3, 2], [4, 10, 9, 8], [5, 8, 3, 0], [5, 0, 9, 9], [3, 5, 3, 2], [6, 10, 8, 6],
[9, 7, 0, 6], [8, 0, 1, 5], [5, 4, 5, 9], [2, 1, 5, 7], [9, 8, 5, 2], [7, 3, 9, 8], [8, 1, 8, 2], [0, 3, 6, 8], [10, 6, 1, 6], [6, 2, 0, 1],
[5, 3, 8, 7], [2, 2, 1, 9], [9, 7, 0, 3], [10, 9, 0, 6], [10, 9, 6, 9], [10, 1, 4, 10], [8, 5, 5, 1], [8, 3, 0, 0], [4, 9, 7, 6], [9, 6, 4, 5],
[2, 3, 6, 2], [1, 7, 6, 10], [3, 1, 6, 2], [2, 10, 1, 8], [4, 4, 10, 1], [7, 8, 1, 9], [4, 6, 4, 1], [2, 7, 6, 2], [10, 2, 4, 9]]
[1, 1, 1, 0.5, 0.5, 0.5, 0.5, 0.5, 0.5, 0.25,
0.25, 0.25, 0.25, 0.25, 0.25, 0.125, 0.125, 0.125, 0.125, 0.125,
0.125, 0.0625, 0.0625, 0.0625, 0.0625, 0.0625, 0.0625, 0.03125, 0.03125, 0.03125,
0.03125, 0.03125, 0.03125, 0.015625, 0.015625, 0.015625, 0.015625, 0.015625, 0.015625, 0.0078125,
0.0078125, 0.0078125, 0.0078125, 0.0078125, 0.0078125, 0.00390625, 0.00390625, 0.00390625, 0.00390625, 0.00390625,
0.00390625, 0.00195312, 0.00195312, 0.00195312, 0.00195312, 0.00195312, 0.00195312, 0.000976562, 0.000976562, 0.000976562,
0.000976562, 0.000976562, 0.000976562, 0.000488281, 0.000488281, 0.000488281, 0.000488281, 0.000488281, 0.000488281]
[21, 2, 2, 14, 0, 5, 7, 12, 15, 19,
10, 15, 0, 0, 17, 21, 2, 13, 1, 21,
21, 3, 11, 14, 18, 22, 7, 2, 8, 5,
6, 7, 9, 1, 7, 5, 14, 4, 12, 22,
5, 8, 18, 1, 17, 17, 20, 21, 10, 10,
10, 16, 13, 21, 9, 21, 7, 8, 21, 0,
9, 11, 7, 7, 13, 22, 21, 14, 0]
------------------------------------------------------- 
# stage = 12	# children c = 2	length of each stage p = 3	nodes = 68	# items I = 1
