[47, 66, 96, 66, 96, 97, 69, 28, 38, 88,
40, 63, 8, 63, 60, 29, 7, 21, 65, 35,
16, 12, 80, 22, 46, 27, 82, 16, 10, 21,
26, 57, 88, 88, 23, 49, 84, 92, 78, 88,
45, 84, 50, 53, 46, 76, 83, 20, 98, 13,
55, 80, 25, 0, 1, 71, 94, 84, 53, 4,
4, 45, 27, 58, 32, 50, 7, 82, 7, 51,
70, 53, 34, 86, 72, 47, 62, 20, 67, 25,
33, 88, 71, 58, 88, 73, 95, 47, 22, 13,
51, 26, 58, 79, 85, 90, 95, 58, 72, 69,
8, 7]
[[1292, 295, 391], [1687, 1669, 1922], [172, 1849, 1393], [541, 1989, 1268], [1908, 1822, 1228], [632, 1152, 1003], [359, 1635, 595], [704, 616, 1589], [957, 673, 644], [1754, 1600, 193],
[582, 844, 488], [973, 483, 109], [847, 655, 1958], [192, 1197, 1899], [1460, 1057, 1674], [640, 1689, 778], [1643, 0, 366], [190, 704, 982], [1780, 1662, 1656], [376, 1368, 1208],
[569, 1950, 4], [1057, 875, 487], [1167, 1722, 1142], [1077, 1914, 291], [929, 1327, 1348], [555, 1967, 989], [1333, 1563, 990], [1699, 1753, 1694], [634, 1485, 1308], [242, 1862, 629],
[1450, 383, 531], [1454, 1441, 1407], [1941, 560, 1081], [1035, 1637, 948], [1327, 518, 227], [627, 1073, 146], [1617, 359, 1709], [559, 10, 1415], [205, 644, 852], [1514, 886, 666],
[95, 288, 1050], [626, 1742, 443], [2033, 1635, 1003], [1067, 623, 592], [2015, 1950, 1111], [194, 529, 136], [340, 98, 495], [2, 657, 506], [1417, 863, 1150], [221, 329, 2037],
[888, 424, 277], [1938, 1050, 2020], [333, 1036, 1607], [1336, 55, 182], [1928, 22, 84], [991, 216, 614], [1128, 556, 712], [1623, 558, 1370], [81, 1975, 185], [1232, 149, 514],
[1221, 1037, 938], [1498, 927, 1988], [1470, 1260, 976], [1030, 548, 1031], [1212, 428, 1053], [1297, 1420, 1269], [1911, 500, 1826], [575, 75, 336], [1945, 157, 264], [82, 1389, 413],
[596, 562, 1450], [1534, 12, 329], [1475, 1483, 1589], [403, 465, 89], [1435, 1677, 517], [440, 926, 1937], [1710, 789, 389], [1488, 1365, 465], [1824, 1262, 622], [40, 1345, 2011],
[453, 1941, 525], [1903, 1428, 537], [184, 855, 2020], [1773, 1258, 437], [1862, 645, 67], [332, 1086, 993], [221, 748, 1783], [611, 188, 1100], [1076, 2012, 314], [1698, 5, 1659],
[1661, 458, 1553], [138, 314, 933], [675, 498, 1788], [648, 224, 998], [1085, 38, 1644], [1152, 370, 682], [98, 592, 1430], [1881, 1203, 1618], [933, 231, 1582], [1247, 1929, 1587],
[859, 1542, 2046], [364, 1680, 312]]
[[6, 1, 0, 3], [0, 5, 8, 4], [3, 0, 3, 6], [8, 8, 6, 4], [1, 3, 4, 0], [4, 3, 5, 4], [0, 1, 4, 6], [4, 0, 9, 8], [2, 7, 9, 0], [2, 6, 5, 5],
[5, 8, 9, 0], [4, 2, 4, 5], [5, 6, 3, 10], [10, 7, 1, 8], [8, 4, 1, 10], [4, 10, 5, 4], [6, 3, 5, 6], [10, 10, 1, 2], [5, 8, 2, 9], [0, 6, 1, 5],
[0, 5, 2, 10], [1, 4, 5, 7], [8, 6, 6, 10], [5, 9, 4, 9], [1, 7, 5, 9], [4, 4, 9, 9], [1, 0, 6, 10], [5, 7, 5, 5], [10, 5, 2, 0], [7, 7, 5, 4],
[2, 9, 2, 5], [7, 6, 1, 7], [2, 6, 3, 6], [8, 2, 2, 8], [2, 6, 7, 5], [1, 10, 10, 9], [5, 10, 8, 1], [6, 2, 4, 6], [1, 6, 0, 6], [10, 2, 2, 10],
[6, 4, 3, 4], [6, 3, 1, 6], [10, 6, 1, 9], [6, 9, 7, 0], [9, 4, 10, 4], [7, 3, 0, 6], [7, 9, 10, 4], [9, 0, 3, 5], [4, 4, 7, 10], [8, 6, 3, 5],
[1, 4, 1, 5], [3, 8, 5, 1], [0, 3, 3, 5], [6, 1, 0, 1], [0, 8, 5, 7], [8, 9, 10, 1], [2, 6, 9, 8], [10, 2, 2, 10], [6, 3, 4, 7], [10, 8, 8, 10],
[0, 10, 4, 6], [0, 2, 5, 0], [10, 0, 8, 8], [7, 7, 7, 9], [1, 6, 5, 9], [8, 7, 8, 1], [9, 2, 9, 8], [10, 4, 5, 10], [3, 7, 3, 4], [7, 9, 2, 4],
[7, 8, 10, 3], [3, 7, 10, 2], [2, 4, 0, 8], [10, 9, 7, 8], [9, 5, 3, 6], [8, 8, 3, 9], [2, 6, 2, 9], [2, 3, 2, 7], [9, 2, 10, 10], [9, 10, 1, 9],
[3, 0, 4, 2], [7, 0, 8, 5], [4, 0, 0, 1], [6, 3, 10, 6], [7, 0, 4, 8], [1, 5, 4, 8], [7, 2, 8, 3], [1, 7, 10, 2], [7, 1, 3, 1], [1, 0, 4, 3],
[10, 2, 4, 3], [5, 2, 10, 0], [0, 3, 6, 10], [8, 8, 7, 2], [10, 4, 3, 0], [10, 2, 1, 4], [3, 4, 6, 3], [4, 10, 6, 1], [2, 9, 5, 5], [9, 4, 3, 7],
[5, 7, 6, 3], [5, 2, 3, 4]]
[1, 1, 1, 0.333333, 0.333333, 0.333333, 0.333333, 0.333333, 0.333333, 0.333333,
0.333333, 0.333333, 0.111111, 0.111111, 0.111111, 0.111111, 0.111111, 0.111111, 0.111111, 0.111111,
0.111111, 0.037037, 0.037037, 0.037037, 0.037037, 0.037037, 0.037037, 0.037037, 0.037037, 0.037037,
0.0123457, 0.0123457, 0.0123457, 0.0123457, 0.0123457, 0.0123457, 0.0123457, 0.0123457, 0.0123457, 0.00411523,
0.00411523, 0.00411523, 0.00411523, 0.00411523, 0.00411523, 0.00411523, 0.00411523, 0.00411523, 0.00137174, 0.00137174,
0.00137174, 0.00137174, 0.00137174, 0.00137174, 0.00137174, 0.00137174, 0.00137174, 0.000457247, 0.000457247, 0.000457247,
0.000457247, 0.000457247, 0.000457247, 0.000457247, 0.000457247, 0.000457247, 0.000152416, 0.000152416, 0.000152416, 0.000152416,
0.000152416, 0.000152416, 0.000152416, 0.000152416, 0.000152416, 5.08053e-05, 5.08053e-05, 5.08053e-05, 5.08053e-05, 5.08053e-05,
5.08053e-05, 5.08053e-05, 5.08053e-05, 5.08053e-05, 1.69351e-05, 1.69351e-05, 1.69351e-05, 1.69351e-05, 1.69351e-05, 1.69351e-05,
1.69351e-05, 1.69351e-05, 1.69351e-05, 5.64503e-06, 5.64503e-06, 5.64503e-06, 5.64503e-06, 5.64503e-06, 5.64503e-06, 5.64503e-06,
5.64503e-06, 5.64503e-06]
[6, 4, 3, 3, 5, 7, 9, 5, 7, 10,
1, 4, 2, 0, 9, 6, 5, 7, 1, 4,
6, 3, 7, 4, 6, 8, 1, 10, 10, 9,
1, 10, 1, 1, 6, 8, 3, 1, 3, 1,
7, 6, 10, 10, 1, 3, 9, 6, 9, 0,
7, 1, 3, 8, 6, 5, 6, 6, 2, 0,
10, 3, 4, 5, 0, 2, 8, 7, 3, 7,
0, 7, 9, 10, 4, 2, 10, 7, 0, 3,
2, 8, 8, 9, 4, 4, 2, 9, 10, 0,
4, 3, 6, 4, 9, 5, 1, 6, 4, 4,
5, 0]
------------------------------------------------------- 
# stage = 12	# children c = 3	length of each stage p = 3	nodes = 101	# items I = 1
