[11, 89, 18, 34, 8, 69, 40, 18, 74, 20,
87, 32, 38, 24, 34, 46, 69, 62, 88, 48,
21, 78, 17, 77, 76, 54, 25, 95, 49, 48,
32, 27, 2, 17, 27, 10, 86, 67, 29, 26,
87, 82, 24, 25]
[[395, 2198, 872], [2147, 973, 322], [1323, 484, 1171], [566, 777, 167], [2053, 162, 1675], [1457, 758, 227], [1940, 1678, 1717], [2083, 1371, 1634], [1104, 263, 310], [2034, 305, 690],
[300, 901, 870], [1373, 830, 1844], [1695, 135, 310], [848, 702, 1088], [1015, 536, 1250], [471, 2194, 2210], [699, 1915, 1870], [197, 1780, 1223], [2032, 866, 1487], [324, 681, 1792],
[1215, 1182, 675], [2085, 336, 1505], [1911, 13, 1842], [3, 861, 325], [1091, 1877, 1062], [323, 129, 1038], [515, 1029, 734], [368, 1226, 496], [1591, 1240, 1362], [859, 1564, 2044],
[633, 560, 1007], [1309, 628, 1545], [796, 320, 1558], [419, 323, 201], [744, 1615, 60], [2008, 2140, 189], [827, 436, 1219], [1762, 804, 427], [40, 378, 1869], [1402, 1237, 1214],
[1428, 1871, 1976], [418, 1162, 385], [1963, 1958, 705], [1503, 360, 1230]]
[[9, 8, 4, 2], [8, 8, 0, 1], [0, 4, 10, 4], [3, 9, 3, 0], [7, 4, 0, 0], [7, 7, 3, 4], [7, 2, 3, 7], [8, 9, 10, 4], [6, 3, 6, 4], [9, 5, 3, 10],
[9, 2, 1, 1], [9, 2, 1, 5], [5, 1, 3, 1], [6, 7, 5, 1], [7, 8, 8, 2], [6, 5, 6, 0], [8, 0, 2, 4], [5, 5, 1, 3], [6, 3, 4, 4], [5, 4, 8, 10],
[3, 0, 1, 10], [5, 4, 0, 2], [0, 6, 2, 4], [0, 9, 4, 6], [7, 4, 10, 1], [10, 10, 2, 3], [2, 6, 5, 5], [8, 2, 5, 1], [3, 4, 0, 8], [6, 9, 8, 6],
[2, 9, 0, 0], [7, 2, 6, 3], [7, 3, 2, 4], [2, 4, 7, 2], [8, 1, 8, 6], [4, 0, 7, 5], [4, 5, 2, 10], [1, 9, 4, 3], [7, 4, 1, 1], [6, 5, 2, 2],
[8, 4, 6, 9], [8, 0, 9, 3], [2, 6, 9, 4], [4, 3, 9, 6]]
[1, 1, 0.333333, 0.333333, 0.333333, 0.333333, 0.333333, 0.333333, 0.111111, 0.111111,
0.111111, 0.111111, 0.111111, 0.111111, 0.037037, 0.037037, 0.037037, 0.037037, 0.037037, 0.037037,
0.0123457, 0.0123457, 0.0123457, 0.0123457, 0.0123457, 0.0123457, 0.00411523, 0.00411523, 0.00411523, 0.00411523,
0.00411523, 0.00411523, 0.00137174, 0.00137174, 0.00137174, 0.00137174, 0.00137174, 0.00137174, 0.000457247, 0.000457247,
0.000457247, 0.000457247, 0.000457247, 0.000457247]
[7, 11, 8, 4, 6, 4, 2, 9, 11, 6,
8, 4, 1, 7, 0, 10, 9, 7, 3, 0,
8, 9, 4, 8, 0, 11, 3, 5, 9, 1,
6, 5, 8, 1, 9, 5, 2, 11, 5, 2,
2, 10, 1, 2]
------------------------------------------------------- 
# stage = 8	# children c = 3	length of each stage p = 2	nodes = 43	# items I = 1
