[86, 44, 77, 56, 64, 18, 32, 81, 25, 42,
2, 56, 22, 59, 58, 98, 29, 88, 69, 75,
53, 28, 95, 57, 28, 11, 70, 22, 67, 26,
31, 18, 37, 75]
[[735, 1928, 1130], [215, 323, 237], [1192, 62, 1630], [1473, 1201, 1388], [1288, 1936, 291], [1549, 1716, 1803], [5, 890, 868], [1733, 1766, 556], [1729, 420, 1248], [1116, 1731, 1132],
[1621, 442, 1036], [1320, 1249, 1359], [1557, 417, 1421], [1755, 1890, 1190], [1119, 1746, 1102], [1411, 1272, 1386], [1190, 1869, 844], [626, 1578, 586], [1182, 1876, 1006], [406, 968, 1306],
[106, 1157, 316], [1143, 453, 1566], [1070, 2010, 551], [1060, 1742, 1010], [226, 1429, 1324], [1921, 816, 1164], [1875, 574, 1010], [696, 1792, 1156], [1282, 1542, 1008], [857, 1949, 544],
[731, 623, 1702], [1047, 1766, 131], [1181, 1405, 710], [1733, 1033, 428]]
[[3, 8, 10, 8], [9, 6, 5, 7], [5, 1, 3, 0], [5, 7, 0, 1], [0, 8, 9, 10], [3, 7, 8, 8], [3, 1, 6, 6], [10, 9, 6, 2], [6, 4, 8, 3], [8, 0, 10, 2],
[1, 0, 3, 4], [7, 3, 3, 5], [9, 10, 3, 10], [7, 0, 8, 10], [2, 1, 3, 10], [10, 10, 1, 3], [1, 7, 6, 9], [7, 3, 1, 6], [3, 2, 0, 9], [3, 3, 1, 1],
[3, 4, 10, 8], [3, 5, 7, 5], [4, 10, 2, 3], [7, 1, 4, 8], [8, 0, 7, 2], [3, 6, 6, 5], [8, 6, 1, 0], [8, 0, 10, 0], [3, 7, 8, 6], [1, 2, 9, 5],
[10, 0, 6, 7], [1, 0, 2, 7], [9, 9, 9, 1], [2, 4, 4, 10]]
[1, 0.333333, 0.333333, 0.333333, 0.111111, 0.111111, 0.111111, 0.037037, 0.037037, 0.037037,
0.0123457, 0.0123457, 0.0123457, 0.00411523, 0.00411523, 0.00411523, 0.00137174, 0.00137174, 0.00137174, 0.000457247,
0.000457247, 0.000457247, 0.000152416, 0.000152416, 0.000152416, 5.08053e-05, 5.08053e-05, 5.08053e-05, 1.69351e-05, 1.69351e-05,
1.69351e-05, 5.64503e-06, 5.64503e-06, 5.64503e-06]
[5, 8, 8, 3, 3, 8, 10, 8, 1, 1,
10, 2, 6, 3, 7, 3, 7, 8, 4, 2,
6, 7, 9, 0, 3, 5, 2, 8, 3, 8,
9, 8, 8, 6]
------------------------------------------------------- 
# stage = 12	# children c = 3	length of each stage p = 1	nodes = 33	# items I = 1
