[69, 11, 26, 70, 11, 12, 4, 38, 10, 19,
70, 53, 82, 81, 33, 89, 44, 1, 89, 11,
87, 97, 53, 30, 3, 75, 13, 7, 52, 12,
100, 87, 90, 92, 56, 0, 71, 26, 38, 47,
11, 74, 0, 93, 21, 100, 47, 31, 0, 36,
42, 87, 99, 61, 83, 69, 2, 63, 42, 20,
75, 41, 6, 64, 100, 28, 30, 70, 54, 34,
16, 65]
[[386, 70, 784], [777, 883, 589], [226, 682, 742], [968, 15, 514], [739, 12, 81], [129, 539, 145], [426, 923, 64], [922, 39, 452], [154, 978, 211], [843, 924, 642],
[872, 318, 776], [600, 39, 603], [134, 329, 294], [876, 305, 373], [398, 1044, 449], [479, 118, 1052], [624, 544, 984], [752, 474, 1023], [212, 628, 1009], [423, 480, 941],
[73, 360, 203], [849, 960, 243], [461, 102, 636], [819, 1042, 942], [136, 384, 930], [586, 927, 56], [582, 559, 665], [510, 320, 83], [541, 532, 776], [558, 1020, 264],
[443, 37, 624], [647, 951, 592], [954, 356, 695], [534, 119, 681], [420, 319, 74], [359, 905, 1001], [415, 496, 505], [88, 14, 825], [172, 556, 365], [1012, 122, 329],
[220, 566, 367], [908, 157, 262], [444, 119, 682], [83, 653, 865], [829, 82, 128], [903, 441, 42], [912, 920, 538], [361, 1009, 552], [194, 189, 116], [560, 209, 239],
[953, 429, 869], [328, 345, 34], [654, 789, 153], [280, 873, 870], [153, 710, 952], [282, 557, 401], [324, 413, 266], [926, 839, 283], [486, 41, 536], [603, 665, 745],
[906, 563, 182], [719, 891, 527], [753, 554, 324], [906, 834, 141], [720, 988, 851], [681, 278, 416], [26, 602, 894], [356, 536, 677], [703, 1022, 782], [183, 569, 392],
[992, 483, 955], [182, 146, 854]]
[[6, 10, 1, 9], [10, 4, 10, 4], [8, 4, 9, 6], [6, 10, 0, 3], [7, 3, 6, 10], [0, 9, 7, 9], [6, 10, 5, 3], [0, 5, 2, 6], [4, 3, 3, 2], [8, 2, 4, 3],
[4, 2, 9, 0], [1, 7, 1, 6], [8, 6, 5, 9], [4, 10, 5, 9], [9, 9, 10, 7], [3, 2, 3, 5], [5, 6, 7, 0], [6, 9, 2, 0], [1, 0, 9, 0], [6, 10, 5, 3],
[3, 10, 10, 8], [8, 5, 4, 4], [1, 3, 1, 4], [5, 4, 9, 9], [8, 4, 9, 3], [2, 0, 1, 1], [10, 10, 2, 3], [8, 7, 6, 0], [4, 4, 6, 1], [7, 10, 6, 8],
[3, 5, 1, 6], [9, 8, 4, 4], [10, 1, 5, 0], [10, 7, 1, 7], [4, 1, 10, 1], [6, 4, 0, 0], [6, 6, 10, 2], [4, 3, 8, 5], [8, 7, 0, 4], [4, 3, 8, 2],
[2, 3, 2, 1], [8, 3, 7, 1], [3, 4, 1, 9], [6, 1, 7, 1], [5, 7, 3, 9], [10, 9, 1, 6], [5, 2, 10, 10], [3, 8, 1, 5], [9, 1, 4, 6], [2, 0, 5, 5],
[3, 6, 4, 9], [7, 0, 0, 2], [5, 1, 9, 3], [0, 0, 9, 5], [0, 8, 2, 1], [3, 1, 4, 10], [2, 8, 3, 3], [7, 9, 8, 10], [2, 10, 6, 8], [9, 4, 8, 1],
[6, 6, 4, 4], [4, 2, 7, 2], [9, 10, 1, 10], [9, 5, 8, 1], [1, 0, 4, 8], [7, 10, 5, 10], [8, 9, 7, 6], [3, 4, 7, 7], [8, 1, 0, 0], [1, 7, 2, 8],
[4, 2, 6, 3], [7, 3, 2, 8]]
[1, 1, 0.2, 0.2, 0.2, 0.2, 0.2, 0.2, 0.2, 0.2,
0.2, 0.2, 0.04, 0.04, 0.04, 0.04, 0.04, 0.04, 0.04, 0.04,
0.04, 0.04, 0.008, 0.008, 0.008, 0.008, 0.008, 0.008, 0.008, 0.008,
0.008, 0.008, 0.0016, 0.0016, 0.0016, 0.0016, 0.0016, 0.0016, 0.0016, 0.0016,
0.0016, 0.0016, 0.00032, 0.00032, 0.00032, 0.00032, 0.00032, 0.00032, 0.00032, 0.00032,
0.00032, 0.00032, 6.4e-05, 6.4e-05, 6.4e-05, 6.4e-05, 6.4e-05, 6.4e-05, 6.4e-05, 6.4e-05,
6.4e-05, 6.4e-05, 1.28e-05, 1.28e-05, 1.28e-05, 1.28e-05, 1.28e-05, 1.28e-05, 1.28e-05, 1.28e-05,
1.28e-05, 1.28e-05]
[17, 20, 19, 12, 19, 7, 13, 9, 19, 15,
15, 3, 21, 18, 15, 9, 11, 8, 11, 21,
7, 3, 15, 14, 13, 19, 5, 13, 1, 8,
18, 2, 1, 11, 6, 20, 12, 12, 11, 15,
8, 3, 9, 16, 0, 2, 18, 1, 13, 6,
20, 11, 1, 11, 1, 10, 10, 21, 6, 5,
16, 20, 6, 6, 9, 14, 14, 11, 0, 3,
0, 10]
------------------------------------------------------- 
# stage = 8	# children c = 5	length of each stage p = 2	nodes = 71	# items I = 1
