[18, 41, 9, 46, 36, 48, 82, 90, 3, 74,
19, 63, 47, 36, 15, 17, 100, 66, 1, 34,
92, 28, 99, 77, 96, 54, 53, 49, 43, 44,
63, 28]
[[317, 1656, 1171], [1384, 691, 1050], [1312, 1113, 794], [766, 87, 852], [1466, 338, 1523], [189, 1162, 882], [1490, 1288, 920], [797, 639, 1171], [674, 1015, 1427], [883, 798, 1040],
[659, 1116, 1488], [1830, 662, 341], [1042, 136, 247], [1836, 1533, 334], [1480, 1791, 1302], [1165, 143, 626], [840, 1633, 706], [552, 592, 1346], [1723, 58, 1153], [1313, 1572, 114],
[1145, 393, 1230], [795, 1015, 684], [1766, 219, 821], [175, 847, 1146], [1139, 1119, 1099], [1234, 446, 1242], [22, 78, 1667], [729, 631, 1051], [867, 1146, 1110], [812, 621, 1474],
[926, 558, 659], [948, 145, 1674]]
[[6, 5, 10, 6], [3, 9, 1, 5], [3, 0, 2, 5], [6, 1, 3, 7], [6, 5, 5, 10], [3, 1, 3, 0], [5, 0, 4, 6], [2, 10, 9, 8], [4, 8, 1, 6], [4, 2, 0, 7],
[0, 2, 10, 6], [1, 3, 1, 5], [8, 6, 4, 10], [6, 5, 10, 0], [6, 2, 6, 6], [1, 4, 3, 3], [0, 4, 9, 2], [6, 9, 8, 4], [9, 7, 9, 9], [10, 10, 3, 6],
[5, 8, 3, 9], [0, 0, 10, 4], [2, 3, 10, 3], [6, 0, 7, 6], [2, 5, 6, 6], [2, 3, 0, 9], [9, 9, 7, 6], [8, 0, 1, 0], [6, 2, 10, 4], [3, 7, 9, 5],
[10, 6, 9, 5], [5, 3, 9, 7]]
[1, 1, 0.333333, 0.333333, 0.333333, 0.333333, 0.333333, 0.333333, 0.111111, 0.111111,
0.111111, 0.111111, 0.111111, 0.111111, 0.037037, 0.037037, 0.037037, 0.037037, 0.037037, 0.037037,
0.0123457, 0.0123457, 0.0123457, 0.0123457, 0.0123457, 0.0123457, 0.00411523, 0.00411523, 0.00411523, 0.00411523,
0.00411523, 0.00411523]
[9, 17, 3, 10, 10, 7, 2, 16, 17, 5,
18, 9, 2, 13, 15, 8, 9, 14, 5, 6,
12, 2, 15, 2, 16, 9, 1, 11, 15, 3,
18, 13]
------------------------------------------------------- 
# stage = 6	# children c = 3	length of each stage p = 2	nodes = 31	# items I = 1
