[83, 89, 92, 10, 96, 28, 20, 39, 43, 86,
29, 85, 0, 24, 79, 50, 61, 24, 12, 9,
29, 55, 21]
[[324, 1143, 421], [1275, 1224, 1600], [1189, 667, 910], [328, 1081, 280], [481, 1158, 1102], [502, 547, 1436], [1153, 1461, 271], [537, 1682, 1586], [325, 573, 1345], [826, 270, 518],
[1270, 594, 1661], [1691, 147, 1329], [1569, 1502, 274], [924, 274, 1355], [1370, 756, 792], [916, 1258, 1505], [631, 855, 1244], [902, 1392, 1370], [933, 161, 222], [556, 987, 492],
[1075, 701, 1086], [1180, 670, 1399], [788, 684, 1346]]
[[9, 2, 6, 1], [1, 10, 8, 5], [8, 6, 3, 3], [6, 10, 5, 10], [0, 3, 4, 2], [2, 5, 0, 1], [2, 8, 10, 9], [6, 10, 5, 4], [1, 10, 3, 0], [7, 0, 5, 2],
[4, 9, 5, 8], [6, 9, 8, 7], [1, 1, 9, 3], [4, 8, 2, 6], [5, 0, 2, 9], [10, 5, 0, 9], [2, 3, 7, 9], [1, 2, 1, 3], [9, 4, 0, 4], [2, 8, 9, 1],
[9, 6, 2, 2], [1, 3, 6, 4], [3, 8, 2, 0]]
[1, 0.5, 0.5, 0.25, 0.25, 0.125, 0.125, 0.0625, 0.0625, 0.03125,
0.03125, 0.015625, 0.015625, 0.0078125, 0.0078125, 0.00390625, 0.00390625, 0.00195312, 0.00195312, 0.000976562,
0.000976562, 0.000488281, 0.000488281]
[7, 1, 1, 8, 4, 6, 4, 3, 5, 0,
4, 3, 7, 4, 3, 3, 5, 6, 6, 1,
8, 5, 3]
------------------------------------------------------- 
# stage = 12	# children c = 2	length of each stage p = 1	nodes = 22	# items I = 1
