[89, 76, 77, 22, 9, 65, 51, 91, 5, 66,
29, 67, 70, 23, 92, 55, 9, 26, 71, 99,
99, 59, 0]
[[1086, 1277, 403], [814, 985, 57], [1816, 1900, 226], [1153, 1419, 1274], [1621, 507, 1240], [1302, 596, 837], [556, 356, 1245], [1502, 979, 1091], [144, 1235, 1200], [735, 1927, 1372],
[398, 978, 614], [802, 735, 1599], [859, 1493, 407], [27, 1588, 768], [1301, 1174, 217], [1484, 441, 1790], [286, 997, 111], [1531, 1441, 32], [587, 1586, 210], [729, 1263, 102],
[66, 1662, 22], [1658, 429, 1734], [164, 1288, 1192]]
[[10, 8, 2, 6], [4, 6, 8, 8], [1, 6, 4, 3], [9, 10, 5, 3], [7, 1, 3, 6], [6, 4, 2, 10], [3, 2, 10, 2], [10, 3, 3, 8], [9, 6, 1, 2], [10, 9, 8, 9],
[2, 1, 0, 9], [9, 3, 2, 4], [3, 3, 10, 9], [5, 10, 6, 6], [0, 5, 8, 8], [7, 10, 5, 5], [3, 6, 6, 0], [2, 3, 10, 2], [3, 8, 1, 1], [0, 1, 5, 3],
[4, 3, 0, 9], [0, 6, 3, 0], [10, 0, 9, 4]]
[1, 0.5, 0.5, 0.25, 0.25, 0.125, 0.125, 0.0625, 0.0625, 0.03125,
0.03125, 0.015625, 0.015625, 0.0078125, 0.0078125, 0.00390625, 0.00390625, 0.00195312, 0.00195312, 0.000976562,
0.000976562, 0.000488281, 0.000488281]
[8, 4, 9, 19, 2, 16, 0, 17, 14, 10,
2, 4, 4, 14, 15, 5, 4, 13, 5, 17,
11, 13, 12]
------------------------------------------------------- 
# stage = 12	# children c = 2	length of each stage p = 1	nodes = 22	# items I = 1
