[89, 93, 24, 5, 95, 96, 91, 29, 12, 13,
61, 26, 51, 65, 13, 84, 40, 98, 1, 31,
86, 63, 31, 50, 61, 78, 8, 59, 25, 20,
15, 80, 12, 39]
[[1298, 2130, 309], [1803, 465, 551], [538, 2188, 1029], [2058, 1234, 1318], [1751, 584, 2241], [1359, 901, 2], [1290, 2237, 1201], [1296, 2187, 2051], [173, 70, 1375], [1233, 1616, 755],
[151, 1188, 1159], [1086, 638, 1624], [1637, 1803, 1459], [939, 2134, 340], [530, 1532, 925], [419, 1165, 99], [1047, 728, 610], [2248, 297, 444], [219, 470, 1140], [1594, 2330, 403],
[623, 128, 1591], [55, 1841, 503], [1679, 1125, 2306], [1411, 338, 2087], [1752, 868, 1267], [950, 1913, 705], [1675, 607, 1433], [2285, 1128, 3], [1002, 1973, 473], [2142, 1841, 450],
[819, 737, 1205], [683, 792, 693], [1186, 118, 91], [1139, 1529, 1055]]
[[6, 6, 8, 6], [8, 1, 10, 7], [1, 9, 0, 6], [1, 7, 4, 2], [4, 3, 9, 6], [7, 8, 2, 9], [6, 10, 0, 8], [5, 0, 7, 10], [6, 2, 5, 1], [3, 2, 8, 3],
[1, 6, 7, 0], [1, 0, 2, 3], [4, 1, 9, 9], [7, 0, 7, 2], [8, 5, 8, 2], [5, 3, 1, 9], [5, 4, 10, 7], [7, 5, 8, 6], [10, 4, 4, 0], [5, 5, 3, 7],
[6, 10, 5, 0], [10, 1, 0, 5], [4, 9, 7, 10], [10, 7, 8, 2], [9, 6, 7, 5], [9, 4, 9, 8], [7, 1, 6, 1], [6, 9, 6, 10], [6, 0, 10, 5], [10, 10, 10, 3],
[6, 5, 0, 5], [10, 7, 6, 8], [0, 2, 1, 7], [7, 10, 5, 3]]
[1, 0.333333, 0.333333, 0.333333, 0.111111, 0.111111, 0.111111, 0.037037, 0.037037, 0.037037,
0.0123457, 0.0123457, 0.0123457, 0.00411523, 0.00411523, 0.00411523, 0.00137174, 0.00137174, 0.00137174, 0.000457247,
0.000457247, 0.000457247, 0.000152416, 0.000152416, 0.000152416, 5.08053e-05, 5.08053e-05, 5.08053e-05, 1.69351e-05, 1.69351e-05,
1.69351e-05, 5.64503e-06, 5.64503e-06, 5.64503e-06]
[14, 14, 4, 7, 23, 0, 9, 11, 11, 6,
18, 23, 2, 17, 2, 10, 17, 0, 23, 16,
20, 7, 8, 16, 18, 7, 12, 7, 21, 21,
16, 0, 23, 14]
------------------------------------------------------- 
# stage = 12	# children c = 3	length of each stage p = 1	nodes = 33	# items I = 1
