[16, 38, 0, 7, 13, 19, 50, 58, 51, 85,
58, 66, 35, 84, 42, 96, 47, 92, 5, 82,
84, 76, 61, 45, 72, 82, 44, 3, 53, 60,
18, 70, 64, 86, 43, 77, 71, 94, 1, 88,
44, 25, 54, 80, 8, 96, 75, 21, 53, 46,
2, 36, 22, 29, 82, 60, 10, 92, 63, 64,
51, 81, 100, 82, 32, 42, 58, 3, 1]
[[1777, 474, 1272], [321, 298, 1963], [451, 34, 75], [416, 1980, 1576], [984, 1389, 434], [129, 1931, 1233], [1899, 251, 90], [1964, 233, 789], [222, 208, 1254], [759, 1882, 1523],
[1189, 1216, 1998], [17, 1094, 295], [1981, 1545, 1887], [55, 1519, 1866], [1188, 502, 1254], [1179, 188, 741], [411, 1644, 549], [502, 1607, 782], [848, 1386, 990], [1660, 144, 429],
[1182, 890, 1645], [736, 908, 738], [589, 445, 283], [475, 57, 1359], [1899, 1245, 1861], [1152, 423, 48], [1451, 391, 1249], [2000, 450, 856], [782, 1299, 241], [1329, 515, 1944],
[1758, 1254, 833], [959, 1991, 1298], [1698, 136, 1743], [1538, 168, 1357], [896, 66, 601], [313, 776, 581], [361, 226, 973], [1610, 1783, 980], [22, 121, 1836], [1822, 1451, 350],
[1765, 765, 1162], [154, 1725, 1152], [1010, 1422, 845], [309, 516, 1013], [1667, 1412, 1080], [1825, 1282, 1856], [406, 1200, 1639], [936, 366, 978], [1916, 389, 1100], [1752, 210, 550],
[1659, 1532, 872], [820, 1243, 596], [1529, 252, 1575], [373, 562, 90], [1387, 228, 1059], [23, 52, 340], [1436, 15, 1540], [631, 508, 1907], [1609, 424, 295], [708, 1733, 62],
[815, 948, 1151], [1688, 1326, 393], [283, 854, 646], [1859, 785, 765], [1949, 1729, 550], [565, 1752, 602], [905, 744, 175], [2, 1375, 683], [1909, 983, 664]]
[[6, 0, 1, 1], [7, 2, 7, 2], [8, 2, 5, 0], [1, 7, 6, 6], [5, 0, 10, 6], [1, 8, 8, 6], [3, 6, 6, 6], [4, 5, 6, 10], [5, 5, 10, 0], [7, 6, 2, 2],
[7, 6, 2, 6], [0, 6, 10, 3], [6, 7, 9, 5], [4, 6, 1, 7], [2, 7, 1, 6], [10, 5, 3, 2], [10, 2, 2, 6], [7, 3, 6, 1], [9, 7, 7, 7], [2, 4, 10, 7],
[1, 8, 1, 3], [3, 0, 0, 3], [5, 10, 9, 4], [4, 2, 5, 1], [2, 7, 5, 9], [8, 0, 10, 4], [7, 4, 0, 8], [9, 10, 4, 8], [5, 3, 0, 7], [2, 9, 10, 7],
[8, 7, 10, 10], [7, 4, 0, 9], [9, 3, 6, 5], [4, 3, 9, 9], [8, 10, 6, 4], [7, 8, 1, 0], [1, 1, 7, 3], [0, 4, 8, 6], [9, 5, 4, 5], [7, 2, 2, 6],
[6, 8, 9, 8], [0, 7, 6, 6], [4, 2, 10, 10], [10, 9, 10, 9], [0, 4, 10, 9], [8, 6, 2, 5], [0, 6, 10, 8], [7, 10, 1, 2], [5, 10, 10, 6], [6, 5, 10, 9],
[5, 8, 8, 3], [6, 5, 1, 4], [9, 10, 2, 4], [5, 3, 7, 5], [7, 7, 2, 3], [4, 3, 3, 10], [0, 2, 3, 5], [6, 2, 3, 9], [8, 9, 1, 4], [1, 1, 8, 8],
[0, 9, 10, 3], [1, 7, 8, 8], [1, 9, 1, 5], [10, 4, 4, 0], [5, 5, 5, 9], [8, 6, 7, 5], [2, 7, 7, 3], [8, 5, 0, 6], [3, 10, 9, 4]]
[1, 1, 1, 0.5, 0.5, 0.5, 0.5, 0.5, 0.5, 0.25,
0.25, 0.25, 0.25, 0.25, 0.25, 0.125, 0.125, 0.125, 0.125, 0.125,
0.125, 0.0625, 0.0625, 0.0625, 0.0625, 0.0625, 0.0625, 0.03125, 0.03125, 0.03125,
0.03125, 0.03125, 0.03125, 0.015625, 0.015625, 0.015625, 0.015625, 0.015625, 0.015625, 0.0078125,
0.0078125, 0.0078125, 0.0078125, 0.0078125, 0.0078125, 0.00390625, 0.00390625, 0.00390625, 0.00390625, 0.00390625,
0.00390625, 0.00195312, 0.00195312, 0.00195312, 0.00195312, 0.00195312, 0.00195312, 0.000976562, 0.000976562, 0.000976562,
0.000976562, 0.000976562, 0.000976562, 0.000488281, 0.000488281, 0.000488281, 0.000488281, 0.000488281, 0.000488281]
[0, 5, 4, 0, 3, 1, 2, 3, 4, 2,
9, 1, 3, 10, 8, 7, 1, 4, 7, 4,
9, 2, 10, 3, 8, 3, 4, 2, 0, 0,
6, 3, 6, 9, 0, 10, 7, 5, 3, 6,
10, 2, 2, 6, 3, 9, 9, 3, 5, 6,
0, 8, 3, 10, 7, 4, 2, 4, 8, 3,
4, 7, 9, 7, 7, 5, 4, 0, 3]
------------------------------------------------------- 
# stage = 12	# children c = 2	length of each stage p = 3	nodes = 68	# items I = 1
