[89, 31, 41, 39, 18, 91, 45, 77, 91, 78,
65, 64, 33, 57, 12, 92, 66, 43, 96, 2,
100, 12, 93, 37, 51, 12, 59, 18, 66, 51,
97, 54, 48, 37, 94, 66, 27, 4, 8, 17,
48, 73, 48, 82, 97, 60, 39, 62, 2, 35,
30, 68, 13, 23, 4, 30, 35, 29, 14, 0,
80, 10, 21, 27, 47, 81, 93, 40, 85, 67,
58, 32, 40, 72, 80, 36, 31, 19, 64, 100,
20, 94, 67, 33, 16, 37, 63, 17, 66, 77,
18, 46, 53, 39, 39, 100, 86, 99, 5, 70,
65, 29, 68, 4, 0, 14, 6, 98, 33, 36]
[[703, 980, 941], [809, 957, 812], [845, 533, 1015], [97, 830, 206], [483, 881, 153], [222, 936, 834], [245, 226, 258], [561, 700, 892], [164, 283, 363], [318, 357, 1020],
[100, 1060, 894], [1041, 817, 799], [802, 610, 226], [765, 707, 5], [971, 85, 940], [72, 361, 771], [961, 660, 1051], [113, 115, 646], [1005, 333, 983], [316, 705, 234],
[230, 860, 243], [73, 795, 1060], [872, 545, 565], [47, 204, 220], [52, 123, 359], [1046, 250, 720], [711, 105, 329], [711, 218, 444], [251, 117, 832], [128, 487, 431],
[417, 717, 185], [660, 790, 1035], [668, 557, 528], [181, 658, 787], [402, 710, 964], [761, 704, 108], [430, 364, 213], [813, 1075, 431], [151, 220, 602], [1037, 402, 1089],
[363, 819, 755], [602, 427, 439], [585, 1096, 1050], [8, 171, 602], [849, 627, 260], [707, 283, 965], [816, 767, 223], [1083, 474, 246], [409, 679, 466], [1065, 611, 922],
[1103, 1028, 636], [752, 578, 11], [139, 58, 1], [84, 120, 173], [740, 969, 800], [1001, 570, 31], [914, 334, 852], [85, 312, 274], [331, 775, 1008], [851, 734, 513],
[667, 731, 489], [251, 431, 15], [263, 571, 73], [318, 709, 247], [545, 343, 110], [294, 292, 735], [325, 154, 17], [126, 239, 329], [454, 624, 1104], [356, 369, 787],
[869, 1091, 466], [306, 236, 898], [322, 553, 363], [449, 872, 20], [697, 311, 363], [861, 605, 656], [544, 985, 810], [562, 59, 1104], [891, 513, 622], [944, 870, 1046],
[625, 687, 1031], [39, 1048, 215], [937, 264, 823], [248, 767, 643], [268, 412, 954], [686, 222, 508], [290, 766, 441], [48, 222, 554], [46, 62, 1067], [723, 1060, 885],
[663, 633, 467], [642, 672, 409], [911, 504, 727], [628, 806, 388], [165, 23, 855], [68, 709, 1077], [630, 999, 737], [19, 1101, 1014], [573, 42, 24], [534, 819, 1084],
[314, 430, 611], [835, 20, 177], [192, 931, 735], [919, 454, 490], [255, 673, 513], [4, 795, 170], [29, 319, 117], [821, 338, 112], [783, 911, 208], [807, 394, 1081]]
[[7, 1, 10, 7], [9, 5, 5, 4], [0, 1, 8, 1], [7, 7, 6, 4], [10, 1, 7, 6], [1, 6, 1, 4], [6, 10, 6, 2], [4, 2, 3, 0], [3, 2, 6, 10], [6, 9, 3, 6],
[10, 0, 7, 4], [5, 0, 9, 4], [1, 5, 0, 0], [9, 10, 2, 5], [7, 7, 7, 0], [9, 10, 10, 0], [0, 3, 10, 6], [1, 1, 10, 10], [10, 4, 3, 5], [4, 10, 7, 3],
[3, 5, 1, 1], [4, 3, 4, 1], [8, 0, 10, 5], [9, 9, 5, 7], [1, 2, 2, 1], [1, 10, 0, 1], [3, 1, 4, 5], [10, 0, 6, 2], [6, 7, 1, 10], [8, 6, 9, 6],
[4, 9, 0, 0], [5, 5, 7, 7], [5, 7, 8, 7], [6, 6, 6, 7], [7, 10, 1, 4], [8, 7, 6, 1], [3, 6, 1, 1], [10, 8, 5, 1], [4, 5, 2, 10], [8, 7, 6, 0],
[2, 1, 7, 8], [7, 0, 5, 1], [8, 4, 6, 6], [1, 10, 7, 2], [3, 6, 1, 2], [2, 6, 4, 6], [0, 4, 5, 6], [9, 9, 7, 0], [10, 1, 7, 4], [2, 1, 6, 10],
[5, 10, 3, 4], [7, 0, 7, 0], [4, 6, 0, 6], [2, 2, 2, 0], [4, 5, 7, 3], [4, 1, 3, 1], [2, 10, 6, 2], [9, 10, 2, 2], [7, 5, 6, 3], [3, 0, 1, 8],
[7, 2, 1, 7], [4, 3, 7, 9], [9, 1, 1, 0], [0, 2, 1, 3], [0, 5, 5, 7], [4, 5, 9, 0], [9, 3, 2, 10], [1, 3, 7, 6], [3, 9, 2, 8], [10, 8, 4, 6],
[9, 3, 4, 10], [3, 6, 0, 3], [9, 3, 0, 3], [9, 7, 1, 5], [8, 1, 4, 10], [3, 10, 5, 6], [6, 6, 1, 5], [3, 5, 10, 10], [8, 3, 7, 1], [7, 5, 2, 6],
[9, 0, 7, 5], [8, 6, 10, 5], [6, 1, 2, 9], [0, 6, 4, 6], [1, 6, 10, 2], [9, 9, 10, 5], [10, 5, 6, 7], [10, 6, 0, 6], [7, 7, 0, 2], [0, 8, 7, 6],
[10, 8, 4, 8], [3, 7, 4, 2], [0, 3, 4, 7], [10, 1, 1, 9], [6, 5, 3, 6], [1, 3, 1, 6], [8, 0, 8, 7], [8, 2, 2, 5], [10, 5, 3, 0], [10, 5, 2, 8],
[6, 4, 4, 5], [6, 6, 1, 1], [0, 5, 5, 10], [6, 7, 5, 4], [5, 2, 0, 0], [3, 0, 6, 2], [5, 7, 3, 2], [10, 3, 10, 5], [8, 4, 10, 3], [8, 9, 2, 8]]
[1, 1, 1, 1, 1, 0.333333, 0.333333, 0.333333, 0.333333, 0.333333,
0.333333, 0.333333, 0.333333, 0.333333, 0.333333, 0.333333, 0.333333, 0.333333, 0.333333, 0.333333,
0.111111, 0.111111, 0.111111, 0.111111, 0.111111, 0.111111, 0.111111, 0.111111, 0.111111, 0.111111,
0.111111, 0.111111, 0.111111, 0.111111, 0.111111, 0.037037, 0.037037, 0.037037, 0.037037, 0.037037,
0.037037, 0.037037, 0.037037, 0.037037, 0.037037, 0.037037, 0.037037, 0.037037, 0.037037, 0.037037,
0.0123457, 0.0123457, 0.0123457, 0.0123457, 0.0123457, 0.0123457, 0.0123457, 0.0123457, 0.0123457, 0.0123457,
0.0123457, 0.0123457, 0.0123457, 0.0123457, 0.0123457, 0.00411523, 0.00411523, 0.00411523, 0.00411523, 0.00411523,
0.00411523, 0.00411523, 0.00411523, 0.00411523, 0.00411523, 0.00411523, 0.00411523, 0.00411523, 0.00411523, 0.00411523,
0.00137174, 0.00137174, 0.00137174, 0.00137174, 0.00137174, 0.00137174, 0.00137174, 0.00137174, 0.00137174, 0.00137174,
0.00137174, 0.00137174, 0.00137174, 0.00137174, 0.00137174, 0.000457247, 0.000457247, 0.000457247, 0.000457247, 0.000457247,
0.000457247, 0.000457247, 0.000457247, 0.000457247, 0.000457247, 0.000457247, 0.000457247, 0.000457247, 0.000457247, 0.000457247]
[21, 9, 21, 4, 11, 11, 11, 9, 21, 13,
6, 3, 13, 18, 22, 11, 7, 6, 3, 8,
15, 22, 2, 2, 22, 20, 13, 7, 11, 22,
2, 19, 2, 2, 7, 7, 18, 14, 8, 8,
3, 12, 0, 13, 10, 10, 11, 9, 2, 6,
4, 20, 13, 8, 22, 22, 17, 6, 1, 17,
20, 11, 4, 9, 20, 4, 10, 12, 6, 15,
9, 18, 19, 2, 15, 20, 11, 8, 17, 10,
14, 3, 3, 18, 2, 9, 12, 2, 6, 16,
12, 21, 10, 10, 5, 12, 22, 14, 19, 11,
13, 20, 19, 21, 15, 11, 22, 21, 3, 7]
------------------------------------------------------- 
# stage = 8	# children c = 3	length of each stage p = 5	nodes = 109	# items I = 1
