[5, 35, 58, 75, 22, 33, 75, 40, 62, 46,
68, 76, 97, 25, 74, 35, 35, 16, 24, 45,
48, 13, 74, 68, 81, 9, 20, 92, 93, 34,
72, 64, 69, 29, 38, 91, 62, 80, 30, 91,
25, 64, 32, 21, 90, 5, 22, 91, 89, 46,
1, 36, 59, 76, 4, 5, 51, 91, 98, 43,
24, 35, 73, 93, 31, 78, 50, 59, 57, 46,
49, 48]
[[1348, 328, 1324], [1471, 1152, 342], [1710, 1923, 946], [624, 2112, 1991], [1533, 663, 108], [46, 458, 281], [23, 1385, 1545], [613, 2050, 712], [888, 40, 1829], [713, 1911, 357],
[919, 1121, 685], [1869, 453, 1464], [72, 24, 1248], [1018, 648, 847], [870, 1807, 1510], [604, 1854, 1595], [512, 1877, 841], [1683, 2116, 378], [256, 866, 44], [1711, 1205, 1956],
[2068, 1750, 938], [241, 1480, 1017], [1705, 1178, 1041], [440, 57, 1315], [1287, 553, 984], [285, 784, 325], [1880, 922, 63], [208, 466, 1805], [213, 349, 532], [257, 2060, 1363],
[1839, 1990, 974], [264, 1857, 2080], [1281, 1423, 1119], [1948, 1489, 802], [1125, 637, 982], [1735, 922, 1392], [2060, 289, 175], [2123, 498, 267], [1415, 337, 616], [1948, 220, 538],
[798, 2060, 15], [1399, 185, 1498], [1340, 1093, 408], [2086, 902, 1897], [375, 2027, 21], [983, 1623, 570], [236, 1170, 859], [37, 780, 983], [305, 57, 1320], [547, 1631, 1167],
[711, 290, 1088], [726, 1689, 899], [1850, 517, 1992], [119, 464, 756], [2016, 839, 270], [2038, 1449, 1894], [95, 1311, 551], [954, 1349, 1332], [1564, 1280, 1389], [371, 1453, 881],
[1538, 26, 797], [113, 378, 348], [1013, 90, 865], [866, 209, 955], [1248, 1852, 1420], [1519, 1377, 730], [900, 1472, 2042], [1451, 2052, 878], [644, 1477, 1784], [2033, 1475, 1098],
[401, 874, 750], [1199, 988, 755]]
[[8, 9, 7, 2], [3, 10, 5, 1], [7, 3, 0, 0], [8, 8, 1, 5], [3, 0, 1, 3], [3, 5, 10, 9], [0, 1, 10, 3], [10, 10, 7, 5], [7, 1, 7, 10], [0, 10, 0, 5],
[1, 9, 5, 7], [7, 6, 10, 10], [4, 1, 1, 6], [4, 0, 4, 2], [10, 1, 5, 9], [10, 10, 2, 6], [0, 7, 3, 9], [7, 3, 3, 6], [10, 6, 2, 6], [0, 2, 4, 2],
[1, 5, 8, 3], [3, 2, 5, 2], [1, 8, 9, 0], [7, 9, 6, 5], [6, 9, 1, 0], [10, 2, 4, 10], [8, 6, 3, 6], [6, 7, 9, 5], [1, 6, 8, 2], [6, 0, 4, 8],
[8, 1, 6, 4], [10, 2, 7, 3], [9, 8, 1, 7], [10, 5, 6, 6], [10, 7, 1, 3], [4, 8, 9, 3], [2, 4, 6, 8], [5, 8, 3, 2], [9, 8, 5, 7], [10, 1, 8, 6],
[8, 10, 2, 5], [2, 6, 0, 1], [3, 0, 5, 7], [8, 1, 8, 10], [5, 3, 6, 8], [1, 7, 0, 8], [4, 3, 2, 1], [2, 0, 6, 10], [8, 8, 3, 10], [2, 1, 10, 3],
[1, 2, 8, 8], [3, 5, 5, 6], [9, 9, 4, 8], [4, 2, 5, 6], [3, 6, 8, 5], [4, 3, 3, 1], [9, 6, 9, 9], [7, 6, 1, 7], [8, 9, 2, 9], [4, 5, 5, 2],
[2, 7, 8, 6], [7, 2, 1, 10], [8, 7, 2, 10], [8, 5, 0, 5], [9, 8, 3, 4], [3, 5, 9, 10], [1, 9, 8, 5], [3, 0, 5, 5], [7, 2, 0, 1], [3, 0, 9, 9],
[7, 1, 9, 5], [4, 7, 10, 1]]
[1, 1, 0.2, 0.2, 0.2, 0.2, 0.2, 0.2, 0.2, 0.2,
0.2, 0.2, 0.04, 0.04, 0.04, 0.04, 0.04, 0.04, 0.04, 0.04,
0.04, 0.04, 0.008, 0.008, 0.008, 0.008, 0.008, 0.008, 0.008, 0.008,
0.008, 0.008, 0.0016, 0.0016, 0.0016, 0.0016, 0.0016, 0.0016, 0.0016, 0.0016,
0.0016, 0.0016, 0.00032, 0.00032, 0.00032, 0.00032, 0.00032, 0.00032, 0.00032, 0.00032,
0.00032, 0.00032, 6.4e-05, 6.4e-05, 6.4e-05, 6.4e-05, 6.4e-05, 6.4e-05, 6.4e-05, 6.4e-05,
6.4e-05, 6.4e-05, 1.28e-05, 1.28e-05, 1.28e-05, 1.28e-05, 1.28e-05, 1.28e-05, 1.28e-05, 1.28e-05,
1.28e-05, 1.28e-05]
[9, 1, 3, 3, 9, 10, 8, 9, 7, 0,
9, 9, 6, 4, 4, 7, 0, 5, 10, 10,
6, 1, 5, 5, 10, 9, 1, 3, 6, 2,
5, 10, 4, 2, 0, 8, 9, 6, 9, 0,
1, 4, 6, 8, 1, 9, 5, 7, 0, 9,
9, 4, 2, 10, 8, 7, 8, 10, 3, 1,
4, 6, 6, 6, 9, 4, 8, 3, 6, 9,
8, 9]
------------------------------------------------------- 
# stage = 8	# children c = 5	length of each stage p = 2	nodes = 71	# items I = 1
