[69, 74, 1, 81, 69, 94, 48, 51, 69, 80,
4, 31, 91, 97, 79, 16, 70, 94, 95, 82,
99, 74, 43, 16, 0, 25, 77, 32, 75, 57,
11, 9, 98, 12, 91, 32, 72, 4, 83, 41,
84, 54, 38, 74, 16, 17, 56, 86, 77, 51,
33, 75, 91, 77, 58, 91, 1, 34, 89, 42,
57, 100, 52, 20, 79, 8, 52, 50, 12]
[[1921, 2021, 659], [1272, 1154, 1949], [1843, 1514, 275], [589, 1637, 1144], [465, 1900, 694], [2122, 1310, 51], [1557, 1558, 1388], [1404, 1765, 1641], [648, 371, 2053], [1181, 630, 1941],
[1745, 273, 1683], [2224, 1545, 379], [1894, 1109, 1713], [2169, 1519, 1071], [854, 1804, 512], [1369, 1468, 1822], [1240, 746, 1102], [349, 1970, 408], [1811, 159, 779], [1585, 1161, 1230],
[1247, 627, 1503], [471, 392, 589], [670, 7, 1518], [104, 1996, 578], [995, 391, 104], [1508, 1760, 1392], [871, 722, 2138], [1793, 891, 1650], [2202, 423, 1629], [522, 1828, 511],
[1752, 796, 1138], [796, 1088, 1530], [1385, 1758, 1357], [445, 1683, 894], [1023, 399, 1286], [947, 1727, 587], [60, 320, 1309], [2019, 2113, 2021], [1210, 1856, 2264], [560, 100, 1814],
[1072, 1672, 151], [2030, 190, 1239], [1102, 1395, 539], [0, 1840, 2222], [895, 405, 162], [2181, 1172, 1890], [489, 1233, 2210], [1619, 793, 1864], [1181, 2003, 1442], [1166, 104, 1362],
[701, 996, 755], [853, 748, 765], [1912, 1670, 2161], [172, 1670, 1542], [2214, 286, 1947], [98, 8, 661], [1988, 498, 1894], [1919, 1937, 228], [1324, 839, 2051], [487, 2005, 1975],
[1849, 428, 693], [146, 1101, 1261], [911, 734, 652], [613, 907, 43], [2156, 662, 150], [1644, 760, 158], [26, 469, 656], [1740, 2208, 134], [1788, 1254, 973]]
[[9, 10, 0, 8], [6, 2, 0, 9], [1, 9, 2, 2], [0, 5, 10, 3], [9, 4, 3, 4], [2, 5, 1, 9], [5, 7, 10, 6], [7, 6, 5, 5], [6, 3, 2, 1], [5, 0, 8, 6],
[7, 10, 7, 7], [2, 6, 9, 1], [8, 1, 3, 0], [6, 4, 7, 0], [10, 6, 4, 6], [1, 9, 9, 5], [1, 0, 6, 4], [9, 3, 9, 5], [0, 5, 10, 3], [9, 8, 4, 7],
[10, 7, 5, 3], [10, 1, 2, 9], [5, 6, 2, 4], [3, 0, 10, 4], [9, 5, 7, 5], [7, 5, 8, 7], [8, 7, 10, 6], [3, 1, 2, 0], [9, 5, 3, 8], [6, 5, 4, 0],
[10, 6, 3, 2], [4, 2, 4, 0], [5, 0, 5, 1], [3, 0, 7, 0], [7, 4, 5, 8], [6, 5, 8, 2], [0, 1, 10, 6], [4, 3, 5, 3], [7, 8, 3, 9], [10, 8, 9, 2],
[6, 1, 2, 10], [1, 9, 8, 6], [0, 2, 4, 4], [8, 1, 6, 8], [0, 5, 1, 3], [6, 4, 4, 0], [10, 8, 9, 7], [5, 7, 10, 9], [8, 1, 8, 9], [8, 4, 5, 8],
[6, 7, 2, 1], [6, 8, 7, 5], [1, 9, 8, 5], [0, 1, 6, 0], [9, 4, 7, 1], [10, 6, 9, 7], [5, 6, 4, 2], [10, 7, 9, 4], [3, 0, 5, 9], [6, 0, 1, 5],
[7, 9, 0, 7], [9, 4, 5, 7], [8, 2, 7, 7], [6, 5, 2, 1], [9, 4, 1, 7], [0, 10, 9, 1], [8, 1, 8, 2], [1, 10, 7, 8], [8, 5, 3, 6]]
[1, 1, 1, 0.5, 0.5, 0.5, 0.5, 0.5, 0.5, 0.25,
0.25, 0.25, 0.25, 0.25, 0.25, 0.125, 0.125, 0.125, 0.125, 0.125,
0.125, 0.0625, 0.0625, 0.0625, 0.0625, 0.0625, 0.0625, 0.03125, 0.03125, 0.03125,
0.03125, 0.03125, 0.03125, 0.015625, 0.015625, 0.015625, 0.015625, 0.015625, 0.015625, 0.0078125,
0.0078125, 0.0078125, 0.0078125, 0.0078125, 0.0078125, 0.00390625, 0.00390625, 0.00390625, 0.00390625, 0.00390625,
0.00390625, 0.00195312, 0.00195312, 0.00195312, 0.00195312, 0.00195312, 0.00195312, 0.000976562, 0.000976562, 0.000976562,
0.000976562, 0.000976562, 0.000976562, 0.000488281, 0.000488281, 0.000488281, 0.000488281, 0.000488281, 0.000488281]
[5, 8, 1, 9, 1, 0, 7, 2, 5, 5,
6, 2, 3, 7, 9, 8, 9, 9, 11, 8,
6, 4, 9, 7, 2, 11, 9, 5, 0, 5,
0, 9, 10, 0, 4, 10, 2, 8, 10, 10,
0, 5, 2, 6, 6, 0, 5, 0, 7, 10,
6, 10, 11, 7, 5, 2, 10, 3, 5, 3,
1, 1, 1, 2, 11, 8, 1, 1, 4]
------------------------------------------------------- 
# stage = 12	# children c = 2	length of each stage p = 3	nodes = 68	# items I = 1
