[75, 57, 67, 48, 14, 92, 25, 51, 34, 76,
49, 99, 84, 13, 4, 47, 76, 42, 48, 38,
17, 11, 28, 36, 46, 84, 46, 72, 62, 33,
68, 36, 56, 0, 84, 70, 59, 76, 87, 93,
51, 1, 91, 34, 15, 61, 81, 57, 70, 28,
96, 53, 5, 23, 90, 18, 6, 1, 90, 68,
34, 23, 70, 57, 24, 54, 93, 49, 29, 80,
41, 80, 47, 99, 80, 28, 25, 27, 86, 95,
55, 81, 48, 27, 70, 3, 45, 77, 4, 0,
10, 5, 24, 47, 62, 14, 0, 54, 63, 96,
100, 70]
[[1, 70, 385], [700, 503, 82], [581, 317, 974], [865, 923, 823], [1014, 178, 389], [338, 603, 875], [753, 753, 813], [838, 1041, 301], [968, 731, 639], [802, 1036, 483],
[327, 1037, 553], [712, 661, 481], [219, 667, 223], [116, 957, 572], [365, 895, 750], [754, 658, 778], [553, 836, 455], [289, 597, 419], [15, 990, 575], [655, 140, 1036],
[61, 467, 997], [39, 604, 6], [520, 823, 98], [744, 365, 481], [239, 155, 801], [414, 909, 884], [116, 887, 643], [571, 602, 665], [415, 617, 578], [416, 697, 143],
[375, 758, 610], [295, 222, 639], [803, 743, 385], [902, 912, 175], [808, 576, 330], [532, 990, 665], [339, 531, 977], [407, 25, 502], [1072, 943, 545], [1075, 282, 165],
[141, 657, 349], [751, 378, 571], [313, 104, 739], [123, 431, 1076], [801, 664, 575], [54, 119, 991], [144, 960, 445], [45, 290, 973], [1049, 787, 839], [517, 785, 44],
[683, 926, 126], [457, 25, 504], [453, 840, 34], [618, 964, 967], [617, 113, 555], [116, 167, 99], [30, 814, 1060], [977, 859, 775], [873, 831, 486], [635, 774, 696],
[104, 882, 546], [231, 262, 571], [735, 715, 335], [194, 256, 724], [85, 299, 837], [640, 917, 429], [164, 947, 166], [147, 272, 450], [348, 69, 707], [259, 129, 404],
[955, 234, 209], [424, 465, 471], [421, 625, 611], [756, 820, 293], [905, 905, 592], [90, 970, 432], [519, 559, 804], [111, 707, 1076], [561, 480, 570], [191, 739, 700],
[20, 617, 934], [229, 467, 824], [125, 888, 372], [737, 1069, 115], [455, 897, 445], [472, 412, 840], [329, 931, 323], [558, 1042, 455], [1059, 1029, 935], [553, 645, 22],
[678, 666, 639], [535, 320, 531], [784, 446, 342], [79, 608, 836], [697, 1063, 81], [567, 960, 493], [331, 714, 348], [79, 195, 815], [1036, 177, 192], [319, 155, 838],
[341, 833, 929], [405, 793, 172]]
[[8, 4, 3, 0], [7, 4, 9, 7], [5, 8, 10, 8], [8, 8, 1, 3], [10, 6, 2, 3], [6, 3, 4, 6], [0, 3, 10, 5], [10, 4, 0, 5], [6, 3, 6, 0], [7, 4, 8, 2],
[10, 7, 8, 7], [2, 10, 10, 1], [3, 0, 5, 9], [3, 7, 2, 4], [0, 1, 7, 8], [3, 7, 3, 7], [0, 9, 8, 7], [2, 3, 7, 2], [8, 3, 7, 0], [0, 5, 10, 3],
[5, 2, 10, 6], [10, 1, 8, 8], [0, 3, 5, 2], [8, 8, 9, 8], [4, 4, 3, 5], [7, 8, 5, 5], [9, 1, 3, 9], [4, 2, 10, 9], [3, 7, 3, 2], [8, 9, 10, 7],
[1, 2, 7, 10], [9, 5, 5, 2], [10, 6, 5, 4], [4, 10, 9, 0], [10, 1, 10, 3], [2, 9, 0, 5], [6, 1, 5, 1], [10, 4, 6, 10], [4, 2, 7, 2], [6, 1, 3, 3],
[8, 8, 7, 10], [8, 6, 10, 7], [5, 7, 10, 5], [6, 8, 8, 10], [9, 2, 0, 9], [4, 7, 6, 9], [9, 2, 0, 2], [3, 3, 5, 9], [1, 2, 6, 9], [6, 4, 3, 9],
[9, 0, 4, 4], [9, 1, 1, 7], [4, 2, 3, 8], [7, 9, 4, 3], [0, 5, 6, 2], [8, 0, 9, 7], [2, 3, 3, 8], [5, 6, 7, 3], [7, 9, 6, 3], [8, 7, 10, 10],
[7, 1, 6, 3], [10, 10, 7, 9], [4, 2, 9, 0], [0, 5, 7, 3], [6, 0, 9, 9], [6, 3, 0, 0], [1, 6, 3, 10], [0, 1, 9, 8], [2, 4, 9, 10], [4, 5, 6, 6],
[5, 4, 6, 6], [8, 3, 7, 1], [1, 5, 0, 5], [9, 0, 6, 8], [6, 7, 7, 4], [8, 4, 10, 10], [6, 9, 8, 8], [1, 3, 4, 7], [6, 10, 0, 1], [0, 7, 2, 1],
[10, 2, 7, 8], [2, 0, 4, 6], [7, 9, 0, 5], [2, 10, 2, 7], [6, 8, 4, 8], [1, 6, 4, 5], [4, 2, 6, 4], [9, 8, 4, 6], [9, 9, 2, 0], [7, 6, 5, 3],
[4, 5, 6, 5], [2, 7, 1, 9], [4, 3, 4, 3], [10, 6, 6, 3], [8, 1, 5, 4], [8, 7, 10, 6], [3, 1, 4, 10], [7, 9, 3, 10], [3, 7, 4, 4], [3, 3, 0, 6],
[4, 4, 7, 1], [10, 3, 4, 5]]
[1, 1, 1, 0.333333, 0.333333, 0.333333, 0.333333, 0.333333, 0.333333, 0.333333,
0.333333, 0.333333, 0.111111, 0.111111, 0.111111, 0.111111, 0.111111, 0.111111, 0.111111, 0.111111,
0.111111, 0.037037, 0.037037, 0.037037, 0.037037, 0.037037, 0.037037, 0.037037, 0.037037, 0.037037,
0.0123457, 0.0123457, 0.0123457, 0.0123457, 0.0123457, 0.0123457, 0.0123457, 0.0123457, 0.0123457, 0.00411523,
0.00411523, 0.00411523, 0.00411523, 0.00411523, 0.00411523, 0.00411523, 0.00411523, 0.00411523, 0.00137174, 0.00137174,
0.00137174, 0.00137174, 0.00137174, 0.00137174, 0.00137174, 0.00137174, 0.00137174, 0.000457247, 0.000457247, 0.000457247,
0.000457247, 0.000457247, 0.000457247, 0.000457247, 0.000457247, 0.000457247, 0.000152416, 0.000152416, 0.000152416, 0.000152416,
0.000152416, 0.000152416, 0.000152416, 0.000152416, 0.000152416, 5.08053e-05, 5.08053e-05, 5.08053e-05, 5.08053e-05, 5.08053e-05,
5.08053e-05, 5.08053e-05, 5.08053e-05, 5.08053e-05, 1.69351e-05, 1.69351e-05, 1.69351e-05, 1.69351e-05, 1.69351e-05, 1.69351e-05,
1.69351e-05, 1.69351e-05, 1.69351e-05, 5.64503e-06, 5.64503e-06, 5.64503e-06, 5.64503e-06, 5.64503e-06, 5.64503e-06, 5.64503e-06,
5.64503e-06, 5.64503e-06]
[4, 12, 15, 4, 12, 4, 17, 8, 12, 15,
21, 9, 18, 4, 9, 2, 10, 2, 5, 21,
20, 19, 15, 21, 16, 6, 21, 19, 19, 16,
20, 16, 4, 7, 0, 4, 8, 11, 2, 2,
1, 10, 1, 15, 7, 20, 21, 9, 9, 13,
21, 5, 16, 4, 20, 13, 13, 19, 6, 8,
17, 16, 0, 17, 18, 15, 0, 0, 8, 11,
8, 5, 1, 12, 10, 19, 4, 17, 13, 9,
19, 2, 21, 13, 4, 13, 1, 9, 18, 6,
18, 9, 14, 2, 14, 15, 13, 8, 16, 18,
17, 7]
------------------------------------------------------- 
# stage = 12	# children c = 3	length of each stage p = 3	nodes = 101	# items I = 1
