[64, 40, 86, 63, 43, 60, 68, 100, 57, 35,
21, 69, 4, 51, 24, 21, 27, 62, 39, 56,
46, 24, 80, 73, 71, 63, 30, 67, 3, 78,
2, 67, 17, 54, 96, 26, 13, 29, 25, 70,
65, 46, 4, 35, 63, 28]
[[1469, 1419, 1881], [747, 942, 84], [747, 1635, 1651], [1675, 751, 1836], [1797, 1651, 1000], [1169, 2005, 1866], [1353, 374, 1719], [518, 1796, 1652], [1389, 542, 1432], [1473, 1544, 322],
[1099, 1744, 472], [971, 482, 1414], [1055, 1969, 1781], [1437, 1635, 523], [1264, 1424, 905], [996, 1324, 1641], [853, 1408, 747], [1303, 1927, 534], [1686, 38, 1816], [1110, 1511, 1352],
[163, 601, 1087], [635, 1573, 301], [40, 1359, 261], [1821, 788, 628], [1075, 783, 783], [712, 510, 838], [344, 1363, 977], [1091, 1398, 895], [357, 1075, 1673], [164, 176, 1176],
[1516, 1079, 508], [1335, 1714, 812], [1636, 486, 903], [628, 1038, 1691], [1996, 845, 1205], [1510, 1557, 1716], [339, 632, 1810], [1317, 455, 1939], [943, 812, 1006], [1348, 976, 1922],
[515, 484, 993], [1763, 550, 1438], [567, 177, 655], [1470, 1545, 1694], [1892, 1533, 530], [1828, 1034, 818]]
[[10, 8, 5, 2], [7, 2, 2, 6], [5, 2, 4, 5], [5, 5, 3, 6], [5, 1, 10, 9], [8, 0, 10, 4], [6, 3, 3, 10], [2, 7, 10, 1], [4, 4, 2, 9], [5, 4, 3, 8],
[6, 5, 1, 9], [10, 4, 3, 2], [5, 2, 1, 0], [2, 9, 3, 9], [1, 6, 6, 3], [0, 5, 2, 5], [8, 4, 1, 0], [6, 4, 8, 1], [7, 9, 9, 7], [2, 1, 7, 8],
[3, 6, 6, 4], [4, 9, 0, 3], [2, 6, 6, 3], [9, 7, 6, 6], [0, 7, 6, 5], [10, 4, 6, 6], [2, 2, 0, 3], [3, 6, 9, 5], [1, 4, 9, 4], [3, 9, 7, 5],
[4, 1, 6, 2], [8, 1, 7, 6], [7, 0, 0, 6], [2, 5, 10, 3], [7, 9, 6, 9], [4, 4, 3, 3], [8, 1, 7, 9], [8, 2, 4, 10], [3, 8, 10, 9], [10, 6, 4, 6],
[7, 3, 10, 9], [6, 9, 1, 0], [7, 5, 9, 9], [9, 1, 2, 5], [0, 9, 3, 8], [0, 5, 7, 3]]
[1, 1, 0.5, 0.5, 0.5, 0.5, 0.25, 0.25, 0.25, 0.25,
0.125, 0.125, 0.125, 0.125, 0.0625, 0.0625, 0.0625, 0.0625, 0.03125, 0.03125,
0.03125, 0.03125, 0.015625, 0.015625, 0.015625, 0.015625, 0.0078125, 0.0078125, 0.0078125, 0.0078125,
0.00390625, 0.00390625, 0.00390625, 0.00390625, 0.00195312, 0.00195312, 0.00195312, 0.00195312, 0.000976562, 0.000976562,
0.000976562, 0.000976562, 0.000488281, 0.000488281, 0.000488281, 0.000488281]
[10, 8, 5, 2, 5, 10, 8, 9, 5, 4,
9, 9, 0, 2, 2, 9, 1, 8, 2, 7,
5, 9, 0, 5, 1, 2, 6, 8, 10, 8,
8, 7, 1, 6, 0, 5, 5, 3, 6, 9,
7, 3, 10, 7, 5, 7]
------------------------------------------------------- 
# stage = 12	# children c = 2	length of each stage p = 2	nodes = 45	# items I = 1
