[62, 8, 96, 60, 13, 83, 11, 70, 26, 8,
19, 15, 80, 49, 49, 28, 30, 37, 62, 85,
37, 64, 1, 45, 47, 34, 32, 43, 38, 75,
31, 100, 49, 93, 25, 63, 76, 36, 99, 1,
10, 84, 83, 90]
[[1045, 1501, 1009], [310, 1776, 136], [1497, 1491, 1461], [969, 1295, 1442], [1789, 1485, 930], [1215, 615, 1400], [1802, 1296, 285], [1334, 1494, 499], [929, 1233, 1397], [1209, 1458, 955],
[1331, 467, 1614], [303, 777, 511], [1635, 1433, 2002], [217, 1560, 1261], [817, 1312, 709], [1747, 1685, 1324], [268, 1450, 1778], [1749, 1943, 394], [1406, 835, 1627], [766, 1202, 1049],
[879, 496, 674], [1652, 1995, 609], [126, 751, 1200], [92, 126, 723], [1353, 943, 1194], [1220, 653, 0], [1702, 80, 1451], [601, 1829, 515], [995, 1198, 508], [586, 1122, 1710],
[793, 1160, 1364], [625, 775, 480], [392, 901, 1231], [1593, 151, 1357], [1474, 662, 263], [1826, 1882, 75], [1827, 705, 155], [399, 1307, 1142], [914, 265, 303], [1422, 9, 583],
[253, 1997, 1743], [1617, 585, 481], [61, 136, 541], [450, 1729, 692]]
[[8, 8, 5, 9], [5, 8, 8, 5], [4, 7, 1, 1], [4, 10, 1, 5], [1, 10, 4, 2], [5, 3, 8, 9], [8, 7, 0, 5], [8, 3, 5, 3], [0, 0, 1, 4], [6, 7, 7, 0],
[1, 8, 10, 5], [5, 0, 8, 7], [8, 2, 9, 2], [5, 6, 9, 0], [0, 10, 5, 6], [0, 9, 10, 0], [7, 9, 4, 2], [6, 0, 0, 5], [8, 10, 0, 3], [8, 8, 8, 4],
[10, 6, 4, 2], [10, 3, 3, 8], [0, 6, 4, 0], [2, 1, 0, 9], [10, 3, 1, 3], [3, 1, 9, 10], [10, 7, 0, 5], [4, 8, 7, 2], [1, 10, 2, 0], [2, 3, 6, 0],
[10, 8, 0, 10], [9, 9, 9, 7], [1, 10, 10, 3], [9, 6, 2, 6], [2, 2, 10, 5], [8, 6, 5, 9], [5, 7, 7, 5], [0, 2, 5, 8], [9, 3, 7, 5], [2, 5, 1, 1],
[2, 10, 4, 10], [3, 6, 5, 4], [6, 4, 9, 3], [9, 3, 10, 3]]
[1, 1, 0.333333, 0.333333, 0.333333, 0.333333, 0.333333, 0.333333, 0.111111, 0.111111,
0.111111, 0.111111, 0.111111, 0.111111, 0.037037, 0.037037, 0.037037, 0.037037, 0.037037, 0.037037,
0.0123457, 0.0123457, 0.0123457, 0.0123457, 0.0123457, 0.0123457, 0.00411523, 0.00411523, 0.00411523, 0.00411523,
0.00411523, 0.00411523, 0.00137174, 0.00137174, 0.00137174, 0.00137174, 0.00137174, 0.00137174, 0.000457247, 0.000457247,
0.000457247, 0.000457247, 0.000457247, 0.000457247]
[9, 11, 1, 9, 8, 19, 18, 2, 19, 11,
19, 17, 7, 11, 11, 15, 0, 6, 6, 14,
18, 8, 19, 2, 8, 14, 0, 0, 12, 20,
19, 18, 18, 18, 13, 15, 0, 3, 11, 10,
15, 1, 7, 0]
------------------------------------------------------- 
# stage = 8	# children c = 3	length of each stage p = 2	nodes = 43	# items I = 1
