[49, 88, 94, 10, 100, 0, 1, 84, 29, 7,
45, 14, 36, 67, 26, 56, 18, 89, 32, 67,
50, 12, 5, 29, 79, 2, 96, 39, 80, 58,
94, 95]
[[1683, 1155, 1556], [1286, 439, 1311], [1265, 512, 282], [351, 1214, 485], [1344, 337, 674], [818, 725, 1004], [623, 286, 1237], [1911, 351, 1882], [800, 338, 1353], [675, 184, 1061],
[588, 1867, 1827], [1755, 814, 315], [1115, 1690, 827], [1009, 1652, 1653], [1494, 1045, 39], [218, 1863, 375], [833, 146, 272], [1681, 1668, 234], [1223, 517, 572], [236, 803, 367],
[1297, 1391, 1846], [1173, 1195, 320], [1488, 1922, 59], [365, 591, 1711], [1629, 134, 805], [1279, 1914, 328], [1654, 407, 85], [1927, 137, 1753], [210, 1361, 319], [394, 1597, 734],
[761, 944, 174], [267, 166, 981]]
[[5, 1, 2, 5], [6, 5, 0, 8], [1, 2, 8, 2], [6, 5, 4, 0], [1, 8, 2, 5], [6, 2, 1, 2], [6, 4, 3, 1], [8, 0, 9, 1], [10, 1, 6, 5], [4, 6, 1, 3],
[8, 7, 3, 1], [1, 6, 1, 2], [3, 4, 6, 7], [6, 7, 10, 0], [0, 0, 10, 6], [0, 8, 5, 9], [7, 0, 1, 9], [4, 2, 0, 1], [9, 1, 0, 8], [7, 2, 9, 10],
[4, 4, 5, 8], [9, 2, 8, 7], [2, 7, 0, 1], [3, 6, 10, 8], [4, 0, 7, 9], [1, 5, 8, 8], [6, 9, 6, 3], [9, 2, 0, 2], [4, 5, 10, 0], [7, 6, 7, 8],
[0, 5, 9, 3], [9, 6, 10, 3]]
[1, 1, 0.333333, 0.333333, 0.333333, 0.333333, 0.333333, 0.333333, 0.111111, 0.111111,
0.111111, 0.111111, 0.111111, 0.111111, 0.037037, 0.037037, 0.037037, 0.037037, 0.037037, 0.037037,
0.0123457, 0.0123457, 0.0123457, 0.0123457, 0.0123457, 0.0123457, 0.00411523, 0.00411523, 0.00411523, 0.00411523,
0.00411523, 0.00411523]
[4, 8, 9, 3, 1, 2, 1, 2, 8, 9,
6, 5, 9, 5, 1, 4, 9, 8, 0, 2,
3, 4, 4, 8, 4, 8, 0, 0, 3, 0,
2, 1]
------------------------------------------------------- 
# stage = 6	# children c = 3	length of each stage p = 2	nodes = 31	# items I = 1
