[94, 42, 34, 79, 7, 22, 72, 99, 95, 100,
42, 39, 70, 84, 0, 11, 55, 0, 91, 29,
64, 43, 72, 43, 84, 83, 15, 77, 62, 71,
74, 55, 13, 7]
[[697, 1489, 1309], [1289, 498, 664], [1158, 1178, 663], [36, 1490, 418], [903, 1647, 869], [1120, 801, 209], [774, 1409, 74], [405, 1050, 585], [818, 267, 361], [1030, 1153, 1270],
[1510, 1378, 982], [570, 890, 1008], [1234, 1576, 1714], [120, 1140, 955], [538, 266, 826], [936, 914, 1155], [673, 1688, 787], [747, 317, 1365], [860, 663, 1632], [1222, 1693, 1008],
[715, 1426, 137], [1225, 220, 1027], [1761, 1454, 354], [1698, 1575, 1494], [876, 1641, 1760], [1230, 800, 898], [608, 1473, 337], [924, 1748, 182], [512, 832, 845], [1673, 1582, 762],
[432, 48, 1716], [570, 801, 1464], [1125, 785, 670], [1480, 706, 1773]]
[[3, 1, 3, 9], [2, 1, 8, 2], [1, 10, 0, 7], [6, 7, 2, 0], [2, 3, 3, 5], [7, 8, 1, 5], [0, 6, 7, 7], [1, 2, 3, 4], [1, 4, 0, 3], [6, 8, 4, 5],
[6, 4, 1, 10], [0, 1, 0, 0], [2, 1, 3, 10], [9, 4, 2, 9], [0, 7, 5, 10], [7, 6, 1, 8], [0, 2, 1, 4], [8, 5, 9, 3], [7, 8, 1, 7], [7, 10, 5, 9],
[0, 9, 6, 9], [2, 7, 5, 0], [3, 8, 8, 0], [4, 10, 8, 4], [1, 7, 8, 7], [10, 4, 9, 6], [10, 10, 0, 6], [9, 6, 2, 7], [2, 7, 3, 2], [3, 8, 3, 6],
[5, 0, 6, 9], [8, 2, 0, 7], [9, 6, 4, 7], [10, 2, 2, 7]]
[1, 0.333333, 0.333333, 0.333333, 0.111111, 0.111111, 0.111111, 0.037037, 0.037037, 0.037037,
0.0123457, 0.0123457, 0.0123457, 0.00411523, 0.00411523, 0.00411523, 0.00137174, 0.00137174, 0.00137174, 0.000457247,
0.000457247, 0.000457247, 0.000152416, 0.000152416, 0.000152416, 5.08053e-05, 5.08053e-05, 5.08053e-05, 1.69351e-05, 1.69351e-05,
1.69351e-05, 5.64503e-06, 5.64503e-06, 5.64503e-06]
[2, 4, 9, 16, 5, 13, 9, 12, 5, 14,
9, 0, 14, 7, 10, 11, 10, 15, 5, 7,
12, 6, 0, 10, 8, 9, 2, 12, 8, 11,
14, 9, 16, 5]
------------------------------------------------------- 
# stage = 12	# children c = 3	length of each stage p = 1	nodes = 33	# items I = 1
