[85, 81, 80, 19, 15, 45, 76, 8, 41, 91,
61, 56, 52, 25, 17, 86, 62, 87, 57, 50,
72, 1, 24, 62, 94, 75, 92, 62, 10, 8,
38, 95, 55, 18, 80, 36, 63, 56, 44, 70,
46, 4, 92, 99, 30, 8, 84, 58, 61, 6,
7, 100, 8, 98, 61, 68, 39, 52, 30, 49,
26, 34, 9, 47, 52, 90, 83, 81, 45, 27,
50, 57, 98, 41, 21, 94, 15, 71, 51, 43,
78, 24, 42, 52, 89, 69, 19, 27, 21, 15,
42, 13, 50, 51, 61, 68, 6, 9, 49, 17,
2, 65, 75, 0, 73, 96, 94, 88, 33, 11,
30, 10, 35, 38, 28, 90, 7, 13, 16, 95,
29, 24, 7, 45, 76, 34, 12, 48, 10, 27]
[[321, 331, 678], [200, 586, 166], [268, 194, 758], [765, 124, 585], [39, 342, 707], [447, 657, 529], [617, 903, 90], [582, 914, 675], [905, 415, 458], [297, 560, 904],
[349, 65, 419], [59, 265, 190], [377, 686, 536], [167, 635, 661], [905, 675, 187], [644, 306, 844], [205, 108, 931], [447, 690, 62], [307, 780, 477], [765, 109, 221],
[854, 458, 439], [457, 669, 856], [647, 78, 574], [216, 397, 242], [877, 486, 101], [96, 163, 559], [125, 520, 667], [88, 152, 542], [302, 459, 354], [931, 408, 615],
[185, 446, 257], [624, 904, 110], [664, 735, 340], [271, 951, 737], [665, 44, 256], [918, 141, 571], [661, 418, 275], [361, 506, 427], [87, 961, 70], [593, 924, 479],
[392, 141, 925], [649, 917, 45], [911, 614, 781], [283, 69, 916], [52, 886, 961], [460, 20, 286], [215, 681, 704], [491, 226, 394], [102, 465, 387], [325, 90, 344],
[956, 634, 637], [97, 315, 739], [143, 258, 537], [924, 693, 758], [872, 746, 676], [49, 390, 848], [335, 606, 713], [71, 281, 940], [466, 535, 437], [853, 860, 680],
[381, 848, 346], [51, 946, 814], [942, 273, 256], [511, 381, 950], [301, 437, 880], [161, 487, 454], [193, 822, 92], [906, 894, 525], [878, 544, 245], [500, 581, 289],
[364, 963, 322], [862, 198, 452], [860, 324, 725], [149, 835, 138], [283, 320, 727], [347, 633, 246], [801, 826, 253], [78, 916, 331], [755, 11, 875], [32, 511, 488],
[322, 59, 635], [644, 105, 17], [280, 966, 493], [37, 299, 360], [327, 582, 832], [86, 113, 649], [485, 914, 659], [738, 24, 608], [101, 780, 619], [160, 964, 314],
[800, 318, 373], [620, 146, 630], [637, 426, 628], [315, 615, 927], [675, 126, 693], [692, 365, 806], [525, 850, 905], [217, 772, 929], [825, 873, 893], [628, 65, 890],
[942, 865, 392], [499, 517, 539], [161, 339, 149], [942, 654, 917], [901, 513, 75], [779, 389, 440], [769, 915, 322], [706, 316, 278], [668, 325, 183], [745, 953, 400],
[667, 927, 450], [92, 610, 151], [783, 771, 642], [932, 897, 480], [881, 831, 178], [141, 794, 567], [581, 595, 666], [88, 334, 14], [366, 186, 491], [702, 931, 476],
[134, 631, 587], [736, 875, 229], [888, 690, 185], [714, 806, 114], [227, 720, 129], [405, 45, 923], [156, 626, 551], [7, 866, 885], [173, 417, 103], [665, 151, 66]]
[[7, 3, 5, 4], [4, 4, 5, 0], [7, 7, 7, 5], [5, 2, 6, 7], [5, 0, 5, 7], [7, 1, 4, 10], [10, 6, 6, 0], [9, 9, 7, 3], [2, 10, 7, 6], [3, 0, 4, 8],
[5, 0, 2, 0], [3, 7, 5, 6], [5, 8, 0, 0], [9, 4, 10, 6], [8, 3, 7, 7], [2, 3, 10, 2], [2, 5, 8, 3], [3, 0, 9, 8], [0, 10, 6, 1], [6, 1, 5, 9],
[7, 6, 9, 6], [10, 6, 1, 8], [10, 6, 2, 1], [7, 10, 3, 7], [2, 9, 8, 5], [9, 5, 3, 8], [4, 9, 7, 10], [8, 2, 6, 5], [6, 5, 9, 5], [0, 8, 0, 8],
[2, 2, 9, 9], [2, 10, 4, 4], [7, 10, 8, 3], [4, 0, 9, 8], [7, 6, 5, 3], [6, 1, 8, 1], [4, 4, 4, 4], [1, 5, 2, 3], [7, 9, 0, 7], [7, 2, 10, 1],
[1, 7, 4, 4], [5, 3, 1, 1], [7, 5, 4, 0], [4, 10, 1, 8], [3, 5, 1, 3], [8, 1, 4, 5], [9, 4, 10, 3], [4, 9, 4, 6], [3, 8, 8, 8], [9, 9, 10, 5],
[1, 1, 3, 5], [1, 4, 2, 2], [8, 2, 3, 5], [1, 8, 8, 10], [10, 8, 0, 4], [4, 4, 8, 8], [0, 5, 5, 9], [1, 4, 2, 3], [4, 5, 6, 5], [8, 7, 5, 5],
[9, 9, 8, 8], [4, 4, 6, 3], [1, 6, 7, 5], [0, 2, 0, 0], [7, 6, 7, 9], [8, 9, 10, 1], [2, 5, 4, 10], [1, 8, 2, 8], [6, 10, 4, 8], [1, 10, 0, 2],
[5, 6, 6, 3], [8, 6, 1, 5], [10, 9, 1, 8], [5, 9, 9, 7], [3, 1, 6, 3], [9, 8, 9, 2], [6, 0, 10, 7], [10, 10, 8, 3], [3, 1, 4, 1], [5, 6, 4, 5],
[4, 5, 2, 9], [3, 9, 4, 4], [10, 10, 5, 6], [6, 2, 8, 10], [2, 7, 4, 2], [5, 10, 3, 6], [0, 7, 7, 6], [2, 0, 0, 4], [3, 0, 1, 4], [7, 5, 7, 5],
[2, 10, 0, 8], [1, 7, 5, 4], [1, 10, 4, 6], [9, 5, 2, 10], [1, 7, 3, 2], [6, 1, 4, 7], [10, 5, 10, 6], [10, 4, 0, 2], [3, 10, 8, 3], [6, 3, 5, 7],
[0, 7, 1, 9], [1, 1, 6, 0], [8, 9, 0, 1], [8, 5, 9, 7], [10, 6, 3, 8], [10, 1, 8, 0], [0, 3, 3, 4], [4, 8, 1, 4], [4, 0, 3, 5], [1, 7, 4, 7],
[4, 4, 7, 1], [9, 3, 9, 7], [9, 1, 2, 6], [0, 10, 6, 1], [0, 10, 3, 5], [7, 2, 9, 10], [2, 10, 2, 1], [7, 6, 7, 0], [0, 3, 1, 7], [6, 8, 3, 2],
[7, 3, 8, 8], [2, 3, 7, 3], [2, 10, 6, 8], [2, 4, 7, 2], [4, 9, 4, 9], [5, 0, 9, 3], [3, 8, 10, 7], [4, 1, 9, 0], [4, 6, 8, 5], [9, 2, 6, 10]]
[1, 1, 1, 1, 1, 0.2, 0.2, 0.2, 0.2, 0.2,
0.2, 0.2, 0.2, 0.2, 0.2, 0.2, 0.2, 0.2, 0.2, 0.2,
0.2, 0.2, 0.2, 0.2, 0.2, 0.2, 0.2, 0.2, 0.2, 0.2,
0.04, 0.04, 0.04, 0.04, 0.04, 0.04, 0.04, 0.04, 0.04, 0.04,
0.04, 0.04, 0.04, 0.04, 0.04, 0.04, 0.04, 0.04, 0.04, 0.04,
0.04, 0.04, 0.04, 0.04, 0.04, 0.008, 0.008, 0.008, 0.008, 0.008,
0.008, 0.008, 0.008, 0.008, 0.008, 0.008, 0.008, 0.008, 0.008, 0.008,
0.008, 0.008, 0.008, 0.008, 0.008, 0.008, 0.008, 0.008, 0.008, 0.008,
0.0016, 0.0016, 0.0016, 0.0016, 0.0016, 0.0016, 0.0016, 0.0016, 0.0016, 0.0016,
0.0016, 0.0016, 0.0016, 0.0016, 0.0016, 0.0016, 0.0016, 0.0016, 0.0016, 0.0016,
0.0016, 0.0016, 0.0016, 0.0016, 0.0016, 0.00032, 0.00032, 0.00032, 0.00032, 0.00032,
0.00032, 0.00032, 0.00032, 0.00032, 0.00032, 0.00032, 0.00032, 0.00032, 0.00032, 0.00032,
0.00032, 0.00032, 0.00032, 0.00032, 0.00032, 0.00032, 0.00032, 0.00032, 0.00032, 0.00032]
[17, 5, 8, 2, 3, 13, 3, 19, 10, 9,
18, 7, 13, 2, 11, 8, 10, 2, 3, 17,
13, 13, 7, 1, 11, 9, 10, 16, 0, 14,
15, 4, 7, 15, 3, 9, 6, 4, 19, 2,
19, 0, 0, 17, 7, 4, 13, 19, 19, 14,
19, 10, 18, 11, 4, 0, 17, 5, 8, 3,
5, 9, 0, 2, 15, 13, 12, 3, 9, 12,
12, 9, 4, 3, 8, 12, 6, 3, 14, 5,
13, 7, 13, 1, 1, 0, 18, 7, 3, 7,
9, 16, 14, 1, 16, 2, 8, 7, 4, 7,
6, 11, 8, 18, 13, 6, 10, 17, 13, 16,
0, 3, 12, 5, 3, 14, 12, 5, 0, 16,
5, 7, 17, 3, 18, 4, 2, 10, 1, 3]
------------------------------------------------------- 
# stage = 6	# children c = 5	length of each stage p = 5	nodes = 129	# items I = 1
