[28, 39, 81, 32, 31, 15, 4, 60, 4, 74,
58, 87, 99, 3, 0, 65, 97, 1, 90, 84,
56, 87, 1, 38, 9, 70, 9, 96, 47, 31,
24, 42, 36, 5, 74, 67, 87, 79, 93, 91,
18, 17, 43, 16, 87, 43, 81, 84, 11, 37,
33, 67, 90, 0, 71, 100, 70, 80, 95, 84,
10, 19, 25, 12, 91, 99, 46, 77, 43, 38,
67, 27]
[[634, 1689, 197], [1712, 696, 1753], [1746, 300, 888], [530, 16, 1703], [1851, 1737, 131], [1651, 1815, 1870], [586, 1918, 1551], [90, 1258, 590], [1301, 1871, 763], [1915, 1786, 724],
[1592, 458, 451], [1697, 208, 1055], [1489, 1862, 1355], [323, 431, 1371], [64, 228, 1054], [103, 1879, 907], [11, 411, 863], [1470, 501, 159], [98, 1803, 1939], [770, 1756, 1763],
[1494, 1294, 168], [1853, 937, 284], [946, 372, 185], [339, 696, 524], [1711, 668, 752], [711, 772, 577], [1619, 691, 988], [428, 200, 1489], [496, 206, 1238], [381, 976, 940],
[182, 508, 272], [258, 307, 1118], [543, 1253, 1490], [636, 1501, 224], [1160, 1158, 893], [1820, 1869, 1573], [435, 1526, 302], [1423, 1863, 410], [858, 397, 617], [135, 778, 1593],
[983, 868, 48], [1256, 1127, 355], [412, 1578, 1517], [1810, 252, 1056], [1943, 1320, 160], [874, 1178, 67], [393, 1613, 1502], [603, 982, 1403], [1014, 1840, 1800], [1631, 1883, 524],
[1170, 905, 1392], [1218, 107, 465], [1482, 427, 1951], [945, 275, 149], [39, 256, 1469], [107, 1038, 593], [174, 1339, 152], [1676, 1943, 1134], [1025, 995, 921], [771, 664, 750],
[1295, 1834, 1563], [634, 999, 1670], [1007, 427, 43], [997, 1372, 227], [1054, 1319, 483], [470, 1426, 1430], [1063, 1600, 807], [1124, 1223, 696], [204, 286, 1691], [1125, 966, 301],
[1784, 299, 82], [1385, 841, 1081]]
[[2, 7, 5, 4], [9, 6, 4, 3], [6, 3, 5, 10], [1, 9, 7, 4], [0, 2, 1, 6], [5, 3, 9, 8], [10, 6, 6, 8], [10, 9, 7, 0], [3, 1, 2, 2], [5, 6, 5, 10],
[7, 9, 7, 6], [7, 3, 9, 5], [5, 8, 1, 9], [1, 8, 6, 0], [3, 2, 6, 0], [0, 2, 9, 4], [1, 0, 4, 5], [4, 7, 4, 10], [5, 0, 5, 2], [1, 1, 7, 4],
[10, 6, 2, 0], [1, 7, 0, 2], [9, 4, 1, 7], [7, 10, 9, 8], [0, 2, 0, 4], [10, 4, 3, 4], [2, 7, 4, 3], [8, 1, 6, 7], [5, 8, 5, 7], [4, 3, 7, 0],
[8, 8, 6, 2], [8, 4, 8, 8], [5, 9, 10, 4], [2, 1, 6, 3], [6, 0, 4, 1], [1, 10, 7, 4], [6, 1, 0, 8], [5, 8, 9, 2], [5, 2, 2, 0], [6, 10, 8, 0],
[8, 6, 2, 0], [5, 9, 1, 0], [9, 5, 1, 8], [3, 8, 1, 9], [8, 0, 4, 2], [8, 0, 2, 0], [2, 4, 10, 7], [3, 7, 7, 10], [0, 10, 8, 5], [6, 9, 3, 4],
[1, 3, 1, 4], [9, 0, 0, 6], [0, 5, 6, 6], [3, 8, 7, 6], [10, 6, 2, 1], [0, 7, 0, 10], [6, 8, 2, 10], [4, 6, 3, 5], [7, 2, 8, 5], [3, 8, 1, 3],
[0, 7, 8, 4], [3, 2, 8, 2], [8, 10, 1, 6], [6, 10, 3, 0], [7, 4, 10, 0], [10, 1, 4, 4], [1, 1, 9, 4], [9, 10, 6, 8], [5, 3, 10, 8], [5, 7, 8, 0],
[4, 10, 4, 10], [7, 6, 8, 4]]
[1, 1, 0.2, 0.2, 0.2, 0.2, 0.2, 0.2, 0.2, 0.2,
0.2, 0.2, 0.04, 0.04, 0.04, 0.04, 0.04, 0.04, 0.04, 0.04,
0.04, 0.04, 0.008, 0.008, 0.008, 0.008, 0.008, 0.008, 0.008, 0.008,
0.008, 0.008, 0.0016, 0.0016, 0.0016, 0.0016, 0.0016, 0.0016, 0.0016, 0.0016,
0.0016, 0.0016, 0.00032, 0.00032, 0.00032, 0.00032, 0.00032, 0.00032, 0.00032, 0.00032,
0.00032, 0.00032, 6.4e-05, 6.4e-05, 6.4e-05, 6.4e-05, 6.4e-05, 6.4e-05, 6.4e-05, 6.4e-05,
6.4e-05, 6.4e-05, 1.28e-05, 1.28e-05, 1.28e-05, 1.28e-05, 1.28e-05, 1.28e-05, 1.28e-05, 1.28e-05,
1.28e-05, 1.28e-05]
[9, 9, 0, 6, 8, 7, 6, 3, 8, 6,
9, 5, 0, 1, 4, 1, 6, 1, 3, 9,
6, 7, 3, 8, 5, 5, 8, 9, 6, 0,
6, 5, 6, 0, 8, 5, 9, 8, 6, 9,
4, 9, 6, 5, 1, 7, 9, 2, 3, 9,
4, 9, 2, 1, 7, 3, 8, 8, 3, 0,
1, 3, 2, 0, 2, 0, 8, 5, 8, 2,
0, 2]
------------------------------------------------------- 
# stage = 8	# children c = 5	length of each stage p = 2	nodes = 71	# items I = 1
