[17, 75, 99, 16, 74, 66, 79, 30, 3, 88,
27, 6, 38, 12, 48, 76, 79, 76, 99, 93,
57, 31, 39, 10, 81, 8, 71, 65, 34, 62,
57, 52, 2, 21, 34, 43, 87, 13, 73, 57,
67, 66, 63, 71, 79, 78]
[[673, 978, 647], [2326, 2158, 598], [601, 1126, 963], [918, 286, 1641], [263, 1250, 790], [1552, 913, 1875], [32, 1282, 241], [1964, 1080, 1067], [1870, 704, 1907], [2221, 1872, 2148],
[1835, 197, 778], [134, 175, 89], [232, 776, 715], [1195, 1195, 1001], [2336, 1458, 1751], [779, 662, 317], [2154, 194, 1599], [1895, 2158, 331], [615, 1680, 1035], [174, 1053, 559],
[1823, 541, 257], [253, 175, 2280], [2190, 408, 709], [557, 1103, 1404], [1559, 1092, 514], [962, 1871, 676], [1279, 1177, 870], [30, 724, 180], [2210, 839, 1361], [397, 514, 66],
[457, 2337, 607], [714, 2090, 283], [646, 1933, 191], [855, 1990, 1294], [2259, 1201, 38], [2273, 1664, 1409], [601, 95, 2086], [1471, 1974, 463], [1652, 1836, 1302], [665, 2233, 1816],
[231, 2190, 1805], [339, 556, 1548], [622, 703, 633], [813, 1058, 275], [2107, 970, 977], [1646, 395, 2141]]
[[5, 2, 8, 6], [5, 7, 2, 8], [0, 6, 0, 6], [9, 10, 4, 10], [4, 2, 6, 7], [9, 6, 9, 7], [7, 4, 10, 2], [4, 8, 3, 8], [10, 0, 1, 5], [5, 3, 0, 5],
[9, 0, 9, 8], [10, 3, 5, 4], [3, 9, 9, 1], [5, 5, 6, 1], [9, 3, 3, 0], [1, 4, 6, 0], [2, 7, 3, 8], [0, 3, 2, 7], [3, 1, 4, 1], [2, 8, 3, 3],
[6, 1, 4, 0], [4, 10, 2, 2], [0, 3, 0, 1], [8, 7, 0, 10], [3, 3, 5, 1], [5, 8, 9, 8], [7, 0, 7, 7], [8, 10, 10, 2], [9, 1, 2, 2], [9, 2, 2, 9],
[6, 3, 9, 1], [8, 9, 9, 0], [10, 4, 0, 4], [10, 9, 0, 6], [7, 7, 0, 5], [5, 8, 7, 1], [9, 7, 4, 7], [10, 4, 3, 3], [5, 1, 4, 2], [8, 0, 1, 8],
[4, 1, 10, 3], [8, 10, 7, 4], [5, 5, 7, 10], [2, 1, 9, 0], [7, 2, 5, 6], [5, 9, 9, 10]]
[1, 1, 0.5, 0.5, 0.5, 0.5, 0.25, 0.25, 0.25, 0.25,
0.125, 0.125, 0.125, 0.125, 0.0625, 0.0625, 0.0625, 0.0625, 0.03125, 0.03125,
0.03125, 0.03125, 0.015625, 0.015625, 0.015625, 0.015625, 0.0078125, 0.0078125, 0.0078125, 0.0078125,
0.00390625, 0.00390625, 0.00390625, 0.00390625, 0.00195312, 0.00195312, 0.00195312, 0.00195312, 0.000976562, 0.000976562,
0.000976562, 0.000976562, 0.000488281, 0.000488281, 0.000488281, 0.000488281]
[21, 18, 2, 8, 23, 0, 1, 1, 3, 18,
22, 12, 6, 15, 22, 20, 0, 3, 11, 9,
1, 14, 12, 18, 1, 1, 3, 22, 12, 10,
5, 13, 4, 16, 20, 10, 11, 16, 8, 14,
15, 2, 21, 13, 21, 11]
------------------------------------------------------- 
# stage = 12	# children c = 2	length of each stage p = 2	nodes = 45	# items I = 1
