[62, 1, 69, 76, 78, 30, 46, 97, 84, 67,
79, 22, 39, 16, 2, 61, 96, 53, 52, 74,
85, 85, 53, 83, 99, 92, 47, 75, 41, 50,
89, 69, 17, 24, 45, 95, 54, 57, 57, 3,
90, 1, 92, 95, 85, 61, 55, 80, 13, 73,
19, 65, 24, 72, 13, 22, 29, 27, 97, 71,
77, 52, 5, 94, 76, 16, 54, 96, 73]
[[12, 224, 628], [573, 703, 289], [152, 679, 654], [782, 590, 484], [609, 1, 555], [572, 336, 695], [340, 105, 440], [813, 488, 379], [286, 236, 602], [480, 514, 560],
[446, 286, 784], [233, 18, 646], [282, 771, 245], [95, 712, 595], [580, 481, 597], [54, 212, 92], [749, 312, 798], [109, 284, 446], [248, 331, 442], [9, 811, 115],
[570, 176, 161], [273, 169, 179], [680, 451, 110], [685, 306, 822], [439, 45, 222], [796, 700, 195], [648, 609, 507], [606, 478, 552], [812, 726, 42], [173, 496, 613],
[48, 225, 789], [209, 258, 117], [388, 698, 328], [258, 542, 634], [0, 742, 680], [823, 697, 299], [177, 505, 67], [445, 30, 305], [156, 602, 191], [799, 535, 687],
[571, 583, 672], [519, 792, 690], [396, 99, 548], [724, 118, 9], [517, 118, 511], [116, 100, 368], [416, 38, 633], [243, 483, 423], [309, 399, 785], [260, 357, 479],
[106, 87, 221], [538, 606, 773], [147, 762, 632], [455, 645, 750], [225, 81, 628], [736, 799, 489], [23, 134, 287], [656, 137, 770], [839, 446, 328], [783, 706, 685],
[181, 572, 772], [162, 29, 297], [94, 778, 218], [487, 392, 623], [156, 617, 464], [785, 513, 182], [193, 536, 316], [480, 112, 214], [169, 711, 420]]
[[5, 0, 5, 7], [10, 6, 7, 3], [10, 4, 2, 8], [7, 8, 10, 6], [7, 4, 10, 0], [0, 10, 8, 3], [1, 6, 8, 4], [3, 3, 7, 8], [4, 10, 5, 1], [3, 1, 4, 3],
[4, 4, 0, 9], [0, 8, 4, 7], [1, 2, 5, 10], [1, 0, 3, 0], [6, 9, 3, 9], [2, 8, 7, 6], [5, 10, 7, 9], [9, 9, 10, 2], [0, 8, 1, 0], [5, 3, 5, 4],
[5, 8, 3, 5], [8, 4, 3, 3], [3, 6, 0, 5], [1, 5, 9, 7], [4, 3, 3, 2], [10, 2, 3, 10], [8, 4, 9, 2], [7, 3, 6, 0], [1, 9, 5, 7], [3, 8, 9, 4],
[2, 9, 7, 3], [1, 5, 8, 3], [6, 0, 3, 5], [0, 6, 2, 8], [8, 0, 8, 3], [2, 3, 3, 1], [0, 8, 8, 3], [5, 6, 7, 7], [2, 3, 9, 3], [6, 6, 4, 10],
[5, 8, 4, 3], [1, 6, 10, 10], [5, 7, 2, 7], [0, 5, 8, 0], [0, 3, 1, 5], [10, 6, 0, 10], [7, 7, 1, 0], [0, 5, 10, 5], [0, 3, 7, 2], [7, 6, 1, 10],
[2, 1, 4, 0], [6, 1, 9, 4], [3, 10, 9, 0], [3, 7, 10, 10], [3, 0, 10, 2], [4, 7, 5, 4], [10, 1, 6, 5], [5, 5, 2, 8], [6, 7, 6, 10], [6, 5, 3, 9],
[2, 0, 9, 4], [7, 9, 3, 9], [7, 1, 9, 0], [8, 3, 5, 6], [5, 0, 9, 10], [4, 0, 5, 10], [7, 10, 10, 3], [2, 0, 1, 4], [0, 9, 8, 6]]
[1, 1, 1, 0.5, 0.5, 0.5, 0.5, 0.5, 0.5, 0.25,
0.25, 0.25, 0.25, 0.25, 0.25, 0.125, 0.125, 0.125, 0.125, 0.125,
0.125, 0.0625, 0.0625, 0.0625, 0.0625, 0.0625, 0.0625, 0.03125, 0.03125, 0.03125,
0.03125, 0.03125, 0.03125, 0.015625, 0.015625, 0.015625, 0.015625, 0.015625, 0.015625, 0.0078125,
0.0078125, 0.0078125, 0.0078125, 0.0078125, 0.0078125, 0.00390625, 0.00390625, 0.00390625, 0.00390625, 0.00390625,
0.00390625, 0.00195312, 0.00195312, 0.00195312, 0.00195312, 0.00195312, 0.00195312, 0.000976562, 0.000976562, 0.000976562,
0.000976562, 0.000976562, 0.000976562, 0.000488281, 0.000488281, 0.000488281, 0.000488281, 0.000488281, 0.000488281]
[2, 4, 6, 2, 8, 4, 1, 1, 8, 6,
1, 1, 3, 8, 8, 1, 7, 3, 2, 8,
6, 3, 7, 7, 2, 4, 7, 5, 6, 7,
8, 4, 2, 7, 2, 3, 8, 4, 6, 8,
1, 8, 4, 8, 5, 2, 4, 7, 5, 0,
0, 2, 6, 8, 5, 0, 6, 5, 0, 8,
0, 5, 8, 8, 6, 7, 8, 2, 5]
------------------------------------------------------- 
# stage = 12	# children c = 2	length of each stage p = 3	nodes = 68	# items I = 1
