[97, 83, 9, 76, 91, 93, 75, 99, 88, 36,
81, 65, 25, 47, 15, 37, 97, 54, 24, 10]
[[973, 527, 962], [795, 267, 334], [620, 901, 354], [948, 30, 844], [583, 87, 360], [266, 696, 598], [24, 167, 75], [688, 166, 651], [44, 252, 940], [377, 597, 161],
[914, 569, 688], [875, 53, 645], [208, 674, 545], [252, 311, 266], [96, 584, 353], [456, 850, 740], [744, 874, 907], [509, 562, 763], [159, 296, 706], [789, 363, 302]]
[[1, 4, 7, 9], [5, 1, 6, 3], [0, 4, 1, 6], [4, 9, 2, 3], [3, 8, 6, 9], [0, 10, 8, 5], [5, 3, 10, 5], [4, 1, 2, 3], [4, 8, 2, 9], [7, 8, 0, 5],
[10, 1, 0, 4], [9, 0, 5, 1], [8, 10, 8, 6], [9, 3, 1, 3], [7, 9, 8, 0], [8, 9, 4, 10], [4, 4, 7, 0], [1, 7, 6, 9], [6, 4, 0, 2], [5, 6, 4, 0]]
[1, 1, 0.333333, 0.333333, 0.333333, 0.333333, 0.333333, 0.333333, 0.111111, 0.111111,
0.111111, 0.111111, 0.111111, 0.111111, 0.037037, 0.037037, 0.037037, 0.037037, 0.037037, 0.037037]
[3, 6, 6, 14, 19, 9, 13, 13, 15, 19,
0, 13, 20, 18, 0, 1, 8, 10, 13, 12]
------------------------------------------------------- 
# stage = 4	# children c = 3	length of each stage p = 2	nodes = 19	# items I = 1
