[62, 34, 20, 22, 15, 45, 58, 97, 65, 29,
35, 39, 40, 52, 43, 33, 22, 8, 49, 58,
94, 20, 27, 41, 18, 51, 0, 67, 25, 69,
98, 87]
[[460, 1476, 299], [1019, 453, 599], [1387, 54, 168], [1673, 627, 524], [205, 1634, 2188], [1158, 1097, 1942], [919, 504, 2034], [55, 529, 2148], [1753, 1020, 1650], [2054, 170, 1990],
[1101, 631, 10], [232, 1650, 464], [832, 1869, 1638], [2120, 1254, 1097], [356, 291, 1564], [1376, 282, 373], [1030, 1201, 1997], [1896, 1256, 1358], [1756, 1842, 91], [1118, 440, 1381],
[1940, 1541, 2012], [1951, 1774, 206], [1247, 1438, 2075], [1717, 1270, 2162], [526, 458, 1285], [922, 1834, 1567], [1295, 1696, 1601], [2125, 1304, 1689], [1195, 772, 75], [118, 722, 515],
[1500, 374, 2057], [56, 1157, 375]]
[[4, 3, 1, 2], [0, 0, 0, 1], [3, 0, 0, 2], [5, 9, 6, 1], [1, 6, 0, 7], [10, 3, 9, 9], [8, 3, 2, 7], [10, 1, 8, 1], [2, 7, 2, 0], [5, 2, 2, 9],
[2, 2, 9, 6], [10, 2, 5, 0], [8, 3, 8, 6], [7, 6, 2, 2], [8, 5, 7, 5], [4, 2, 7, 4], [9, 9, 5, 2], [9, 7, 0, 10], [7, 7, 3, 6], [7, 8, 7, 4],
[1, 2, 8, 6], [6, 0, 8, 3], [3, 2, 9, 7], [4, 3, 9, 2], [10, 3, 4, 8], [10, 2, 5, 5], [7, 8, 0, 3], [4, 7, 6, 5], [7, 3, 9, 3], [1, 4, 6, 4],
[6, 4, 9, 10], [5, 8, 10, 4]]
[1, 1, 0.333333, 0.333333, 0.333333, 0.333333, 0.333333, 0.333333, 0.111111, 0.111111,
0.111111, 0.111111, 0.111111, 0.111111, 0.037037, 0.037037, 0.037037, 0.037037, 0.037037, 0.037037,
0.0123457, 0.0123457, 0.0123457, 0.0123457, 0.0123457, 0.0123457, 0.00411523, 0.00411523, 0.00411523, 0.00411523,
0.00411523, 0.00411523]
[12, 5, 6, 16, 14, 8, 13, 20, 8, 8,
11, 7, 11, 11, 3, 21, 19, 10, 7, 18,
12, 8, 22, 5, 16, 14, 13, 15, 9, 12,
6, 16]
------------------------------------------------------- 
# stage = 6	# children c = 3	length of each stage p = 2	nodes = 31	# items I = 1
