[80, 98, 3, 48, 82, 40, 40, 28, 76, 52,
99, 20, 21, 5, 85, 47, 77, 13, 49, 83,
74, 90, 67, 51, 35, 54, 92, 97, 51, 85,
78, 98, 82, 47, 45, 64, 53, 85, 58, 95,
2, 22, 15, 23, 28, 66, 70, 4, 45, 85,
54, 19, 74, 20, 70, 75, 74, 27, 37, 92,
11, 82, 89, 59, 28, 100, 89, 82, 84, 47,
76, 53, 69, 91, 76, 97, 22, 12, 1, 68,
63, 21, 87, 3, 41, 22, 44, 14, 49, 82,
72, 26, 63, 60, 51, 91, 59, 40, 38, 9,
87, 81, 28, 21, 37, 3, 18, 60, 82, 86,
27, 45, 6, 13, 14, 13, 35, 58, 27, 50,
39, 100, 42, 68, 25, 93, 59, 51, 99, 63,
26, 85, 43, 54, 6, 81, 23, 91, 40, 5,
42, 67, 16, 14, 46, 97, 27, 47, 54, 20,
97, 94, 19, 4, 27, 11, 97, 52, 62, 96,
15, 54, 46, 24, 7, 18, 4, 97, 75, 10,
1, 16, 43, 84, 97, 89, 80, 23, 35, 0]
[[801, 493, 598], [553, 193, 849], [931, 373, 284], [752, 618, 907], [135, 685, 431], [513, 732, 61], [782, 626, 589], [923, 337, 107], [748, 680, 173], [942, 874, 903],
[117, 708, 429], [715, 445, 622], [748, 408, 179], [216, 344, 950], [307, 479, 667], [738, 176, 583], [952, 958, 241], [573, 97, 578], [832, 29, 443], [37, 3, 349],
[941, 120, 241], [554, 19, 838], [208, 919, 278], [540, 319, 622], [674, 627, 285], [373, 549, 462], [956, 533, 604], [381, 290, 854], [959, 154, 883], [586, 344, 887],
[936, 317, 191], [361, 871, 363], [232, 263, 314], [662, 955, 786], [317, 661, 597], [754, 218, 178], [400, 358, 864], [37, 739, 186], [891, 883, 493], [806, 501, 837],
[877, 621, 338], [101, 15, 241], [464, 399, 656], [930, 93, 796], [748, 562, 489], [377, 349, 860], [708, 901, 250], [604, 938, 174], [942, 45, 89], [467, 36, 590],
[488, 913, 244], [826, 46, 411], [251, 662, 962], [92, 625, 87], [888, 557, 802], [561, 119, 335], [453, 827, 268], [704, 463, 391], [878, 589, 436], [151, 89, 472],
[741, 729, 418], [169, 588, 616], [580, 23, 463], [574, 115, 272], [814, 35, 829], [648, 597, 948], [15, 82, 807], [435, 938, 454], [826, 32, 76], [295, 183, 317],
[919, 109, 78], [521, 278, 818], [170, 43, 26], [785, 617, 141], [89, 615, 329], [918, 295, 926], [83, 462, 192], [74, 898, 315], [681, 756, 499], [757, 235, 835],
[258, 187, 944], [488, 708, 406], [491, 62, 449], [517, 847, 251], [658, 936, 866], [19, 71, 346], [129, 306, 960], [474, 380, 890], [789, 93, 831], [320, 34, 98],
[187, 292, 437], [315, 933, 178], [722, 456, 240], [203, 5, 272], [454, 815, 392], [353, 19, 463], [851, 148, 769], [843, 622, 334], [766, 595, 427], [781, 916, 614],
[63, 287, 906], [501, 603, 871], [679, 357, 511], [103, 560, 516], [527, 199, 516], [920, 704, 535], [567, 587, 683], [369, 462, 490], [855, 412, 117], [466, 225, 217],
[112, 289, 657], [203, 942, 292], [258, 653, 801], [770, 908, 545], [318, 468, 744], [834, 420, 480], [553, 19, 251], [421, 540, 714], [911, 579, 310], [212, 78, 688],
[582, 190, 161], [271, 393, 135], [715, 652, 940], [548, 454, 880], [125, 924, 532], [870, 943, 136], [534, 528, 308], [786, 133, 848], [684, 76, 460], [26, 441, 690],
[866, 207, 880], [59, 478, 458], [346, 225, 142], [318, 773, 748], [383, 82, 856], [915, 952, 15], [84, 671, 696], [392, 489, 829], [424, 357, 90], [68, 535, 683],
[758, 434, 890], [823, 493, 552], [313, 840, 777], [607, 342, 734], [539, 725, 816], [579, 673, 953], [595, 909, 808], [475, 485, 481], [336, 909, 838], [578, 162, 405],
[293, 104, 839], [215, 927, 517], [919, 272, 541], [728, 63, 883], [646, 602, 793], [647, 214, 650], [784, 961, 591], [624, 468, 108], [137, 804, 201], [159, 415, 515],
[564, 860, 620], [588, 260, 579], [289, 211, 36], [14, 124, 99], [897, 922, 854], [874, 601, 100], [556, 569, 245], [179, 225, 713], [439, 514, 701], [793, 673, 300],
[340, 422, 193], [960, 42, 605], [724, 483, 816], [760, 497, 940], [43, 578, 895], [897, 485, 680], [181, 73, 282], [426, 405, 659], [323, 844, 358], [209, 821, 63]]
[[6, 6, 0, 0], [8, 2, 9, 8], [4, 7, 1, 4], [1, 1, 6, 4], [4, 7, 2, 8], [6, 3, 9, 1], [10, 7, 1, 2], [7, 0, 9, 2], [4, 9, 2, 2], [1, 10, 10, 5],
[4, 9, 7, 4], [10, 0, 8, 1], [7, 8, 8, 1], [10, 4, 2, 7], [9, 1, 9, 5], [10, 6, 7, 4], [2, 8, 4, 3], [5, 1, 6, 9], [8, 0, 2, 5], [1, 9, 7, 6],
[6, 2, 5, 3], [6, 5, 10, 4], [5, 7, 10, 4], [0, 4, 6, 2], [1, 8, 6, 6], [9, 10, 3, 4], [9, 5, 10, 8], [3, 6, 3, 8], [8, 7, 9, 3], [1, 7, 5, 6],
[1, 4, 9, 1], [9, 2, 3, 8], [0, 7, 2, 7], [7, 5, 1, 3], [8, 9, 0, 10], [4, 3, 7, 10], [10, 5, 0, 10], [10, 5, 3, 0], [8, 1, 1, 4], [2, 5, 10, 2],
[1, 10, 7, 6], [2, 6, 9, 0], [4, 7, 10, 6], [9, 4, 3, 8], [9, 3, 5, 7], [7, 9, 7, 2], [10, 9, 6, 10], [1, 5, 1, 2], [5, 7, 7, 7], [0, 3, 5, 3],
[0, 4, 9, 9], [8, 0, 4, 5], [1, 10, 1, 8], [6, 6, 8, 3], [4, 3, 3, 5], [7, 2, 6, 10], [9, 0, 6, 8], [3, 10, 0, 1], [3, 7, 10, 10], [7, 2, 2, 7],
[10, 1, 4, 5], [7, 0, 8, 10], [3, 0, 4, 8], [3, 8, 7, 10], [8, 1, 7, 10], [0, 5, 0, 1], [2, 9, 0, 7], [0, 0, 3, 8], [1, 6, 0, 9], [6, 8, 8, 7],
[7, 10, 5, 8], [8, 1, 7, 3], [2, 2, 2, 0], [7, 3, 2, 7], [1, 2, 4, 10], [3, 5, 5, 2], [0, 5, 0, 4], [2, 6, 1, 7], [6, 6, 4, 1], [5, 10, 4, 6],
[1, 7, 6, 6], [10, 8, 1, 9], [9, 3, 6, 10], [8, 0, 1, 7], [5, 2, 9, 5], [6, 10, 2, 1], [3, 4, 0, 7], [3, 5, 2, 2], [1, 8, 7, 9], [6, 8, 5, 4],
[0, 0, 3, 6], [0, 4, 0, 3], [4, 10, 8, 9], [7, 8, 10, 0], [2, 9, 7, 3], [3, 9, 6, 2], [4, 2, 9, 10], [8, 3, 1, 6], [3, 4, 1, 1], [7, 0, 4, 9],
[10, 10, 7, 6], [8, 5, 4, 10], [3, 9, 0, 4], [5, 6, 6, 10], [6, 2, 9, 1], [5, 0, 7, 6], [2, 7, 5, 9], [7, 7, 6, 4], [6, 2, 10, 1], [7, 2, 9, 8],
[0, 10, 1, 6], [5, 5, 3, 10], [7, 1, 0, 1], [10, 6, 5, 0], [0, 10, 7, 7], [6, 2, 9, 2], [5, 8, 1, 10], [8, 0, 8, 9], [10, 9, 2, 2], [4, 5, 1, 0],
[4, 0, 0, 2], [4, 5, 2, 4], [3, 9, 9, 9], [1, 7, 9, 4], [2, 0, 3, 0], [0, 9, 7, 8], [6, 9, 10, 8], [1, 10, 6, 5], [10, 6, 5, 3], [10, 7, 5, 2],
[4, 3, 0, 3], [10, 8, 7, 1], [8, 8, 1, 6], [7, 8, 3, 2], [4, 2, 8, 5], [10, 3, 9, 9], [10, 3, 10, 9], [0, 4, 9, 2], [7, 7, 5, 4], [4, 1, 6, 10],
[7, 7, 5, 1], [3, 6, 1, 7], [7, 9, 2, 6], [2, 0, 3, 1], [1, 2, 8, 1], [5, 4, 3, 10], [0, 6, 4, 5], [5, 10, 2, 2], [4, 6, 3, 7], [1, 5, 2, 6],
[3, 2, 2, 5], [2, 3, 4, 3], [3, 10, 3, 8], [3, 4, 8, 2], [9, 10, 7, 3], [9, 9, 5, 0], [4, 7, 8, 4], [10, 8, 10, 0], [10, 10, 4, 10], [0, 8, 0, 4],
[6, 1, 1, 7], [6, 7, 9, 4], [4, 3, 5, 2], [0, 9, 1, 4], [5, 9, 6, 4], [4, 4, 2, 3], [1, 6, 2, 2], [2, 0, 6, 8], [2, 5, 4, 6], [0, 1, 8, 4],
[4, 2, 5, 4], [0, 6, 7, 3], [2, 2, 5, 6], [4, 8, 9, 6], [3, 9, 8, 5], [7, 1, 0, 9], [6, 5, 4, 4], [6, 1, 9, 8], [2, 3, 2, 2], [9, 9, 6, 0]]
[1, 1, 1, 1, 1, 0.2, 0.2, 0.2, 0.2, 0.2,
0.2, 0.2, 0.2, 0.2, 0.2, 0.2, 0.2, 0.2, 0.2, 0.2,
0.2, 0.2, 0.2, 0.2, 0.2, 0.2, 0.2, 0.2, 0.2, 0.2,
0.04, 0.04, 0.04, 0.04, 0.04, 0.04, 0.04, 0.04, 0.04, 0.04,
0.04, 0.04, 0.04, 0.04, 0.04, 0.04, 0.04, 0.04, 0.04, 0.04,
0.04, 0.04, 0.04, 0.04, 0.04, 0.008, 0.008, 0.008, 0.008, 0.008,
0.008, 0.008, 0.008, 0.008, 0.008, 0.008, 0.008, 0.008, 0.008, 0.008,
0.008, 0.008, 0.008, 0.008, 0.008, 0.008, 0.008, 0.008, 0.008, 0.008,
0.0016, 0.0016, 0.0016, 0.0016, 0.0016, 0.0016, 0.0016, 0.0016, 0.0016, 0.0016,
0.0016, 0.0016, 0.0016, 0.0016, 0.0016, 0.0016, 0.0016, 0.0016, 0.0016, 0.0016,
0.0016, 0.0016, 0.0016, 0.0016, 0.0016, 0.00032, 0.00032, 0.00032, 0.00032, 0.00032,
0.00032, 0.00032, 0.00032, 0.00032, 0.00032, 0.00032, 0.00032, 0.00032, 0.00032, 0.00032,
0.00032, 0.00032, 0.00032, 0.00032, 0.00032, 0.00032, 0.00032, 0.00032, 0.00032, 0.00032,
6.4e-05, 6.4e-05, 6.4e-05, 6.4e-05, 6.4e-05, 6.4e-05, 6.4e-05, 6.4e-05, 6.4e-05, 6.4e-05,
6.4e-05, 6.4e-05, 6.4e-05, 6.4e-05, 6.4e-05, 6.4e-05, 6.4e-05, 6.4e-05, 6.4e-05, 6.4e-05,
6.4e-05, 6.4e-05, 6.4e-05, 6.4e-05, 6.4e-05, 1.28e-05, 1.28e-05, 1.28e-05, 1.28e-05, 1.28e-05,
1.28e-05, 1.28e-05, 1.28e-05, 1.28e-05, 1.28e-05, 1.28e-05, 1.28e-05, 1.28e-05, 1.28e-05, 1.28e-05,
1.28e-05, 1.28e-05, 1.28e-05, 1.28e-05, 1.28e-05, 1.28e-05, 1.28e-05, 1.28e-05, 1.28e-05, 1.28e-05]
[0, 4, 1, 4, 8, 5, 4, 9, 7, 3,
6, 5, 1, 1, 1, 9, 4, 2, 7, 4,
5, 6, 2, 8, 5, 7, 3, 9, 7, 2,
3, 2, 7, 8, 4, 4, 4, 0, 0, 9,
4, 9, 4, 5, 0, 1, 3, 6, 9, 9,
8, 7, 4, 3, 1, 2, 2, 5, 3, 9,
0, 1, 4, 5, 5, 3, 9, 1, 1, 2,
7, 9, 1, 7, 7, 9, 9, 2, 2, 2,
4, 4, 9, 3, 1, 6, 5, 2, 2, 2,
0, 8, 6, 6, 1, 9, 5, 3, 2, 8,
3, 6, 9, 6, 1, 2, 2, 3, 4, 9,
0, 4, 7, 3, 6, 7, 5, 2, 4, 0,
7, 1, 7, 9, 7, 2, 1, 7, 7, 4,
4, 7, 7, 9, 7, 1, 6, 5, 0, 0,
8, 7, 2, 2, 8, 3, 0, 6, 1, 3,
7, 5, 8, 1, 9, 7, 5, 9, 4, 7,
2, 8, 4, 4, 2, 7, 5, 7, 7, 3,
2, 6, 0, 7, 2, 8, 0, 0, 3, 3]
------------------------------------------------------- 
# stage = 8	# children c = 5	length of each stage p = 5	nodes = 179	# items I = 1
