[47, 90, 88, 37, 44, 60, 69, 73, 45, 76,
15, 4, 24, 76, 31, 16, 26, 98, 44, 43,
21, 78, 21, 1, 98, 74, 80, 35, 77, 70,
5, 90, 25, 93, 26, 69, 18, 61, 41, 63,
37, 22, 34, 27, 99, 65, 43, 91, 62, 53,
100, 49, 30, 88, 16, 27, 61, 97, 28, 37,
32, 33, 26, 57, 92, 18, 93, 9, 80, 100,
39, 16, 89, 73, 43, 53, 3, 52, 43, 31,
4, 8, 80, 34, 96, 63, 27, 56, 25, 22,
93, 57, 55, 18, 80, 47, 3, 38, 22, 83,
4, 27, 65, 93, 100, 74, 45, 69, 25, 54,
100, 96, 62, 46, 96, 58, 8, 22, 13, 33,
44, 73, 90, 66, 57, 35, 79, 60, 40, 67,
42, 44, 95, 73, 36, 60, 46, 81, 29, 37,
0, 28, 32, 62, 74, 27, 86, 82, 16, 66,
81, 60, 38, 70, 92, 61, 72, 70, 88, 11,
37, 96, 55, 98, 69, 57, 57, 14, 3, 86,
52, 3, 81, 84, 31, 20, 78, 17, 69, 94]
[[1358, 1516, 1458], [1381, 1554, 277], [1915, 1517, 460], [1395, 1240, 1740], [1014, 1326, 1366], [1701, 1379, 1002], [1488, 1644, 648], [1812, 13, 223], [1208, 1221, 1579], [615, 1276, 1918],
[520, 1154, 1440], [1979, 1056, 1001], [776, 977, 524], [1750, 892, 1764], [1497, 1906, 1611], [1383, 1613, 1510], [391, 1621, 1161], [1554, 1439, 1174], [1777, 1168, 401], [1876, 303, 198],
[1800, 823, 1352], [1761, 1322, 414], [1282, 104, 1905], [326, 1855, 1317], [97, 1872, 1229], [228, 1261, 1362], [1738, 1652, 1503], [905, 1726, 1463], [599, 1509, 637], [1001, 1906, 940],
[1199, 1712, 1763], [1071, 1993, 1606], [6, 1281, 1710], [431, 1608, 91], [1749, 225, 1963], [1498, 453, 1744], [867, 711, 1917], [890, 137, 1649], [359, 736, 1679], [996, 1737, 1591],
[456, 1456, 1823], [226, 534, 1823], [352, 540, 1110], [68, 1485, 1238], [674, 1240, 1463], [1157, 745, 436], [908, 132, 1662], [831, 1022, 1799], [486, 1896, 541], [171, 898, 799],
[1762, 1355, 775], [1592, 101, 1823], [1421, 453, 883], [1051, 1035, 375], [810, 229, 1615], [793, 1387, 880], [1230, 301, 1526], [1412, 1132, 1069], [1217, 138, 971], [278, 310, 389],
[1591, 78, 264], [373, 190, 365], [202, 131, 1332], [1600, 1697, 888], [1975, 513, 1117], [116, 1306, 1024], [997, 1056, 1325], [529, 474, 977], [118, 211, 1116], [1089, 490, 1426],
[1479, 87, 24], [1743, 974, 729], [629, 1691, 860], [481, 1297, 1077], [1369, 1278, 1590], [1007, 1394, 1417], [551, 911, 479], [1877, 1441, 1468], [1374, 1559, 1679], [496, 1169, 175],
[442, 1168, 777], [467, 917, 1751], [1710, 66, 1448], [576, 1062, 1265], [1654, 437, 549], [1764, 1958, 464], [1701, 516, 1375], [701, 913, 1336], [175, 293, 1416], [374, 1304, 591],
[1064, 1746, 1759], [1841, 733, 1196], [118, 449, 1777], [87, 1540, 845], [1352, 1714, 1796], [422, 1484, 281], [886, 1192, 1311], [267, 1893, 230], [1604, 588, 1037], [1540, 962, 347],
[137, 32, 100], [416, 393, 833], [132, 512, 1283], [1909, 1113, 1343], [1274, 471, 1063], [1077, 893, 553], [1358, 299, 265], [675, 1081, 678], [1419, 1205, 1266], [462, 751, 235],
[810, 1402, 781], [1424, 1818, 1175], [263, 1950, 207], [66, 386, 1320], [1409, 1660, 311], [478, 1257, 1719], [1546, 621, 24], [1811, 1810, 1105], [1010, 1235, 830], [282, 218, 1581],
[1031, 1028, 989], [1813, 458, 813], [1508, 1235, 1284], [1715, 1816, 190], [1555, 1231, 370], [1866, 230, 1628], [111, 1776, 255], [136, 113, 586], [1755, 1123, 1821], [592, 1920, 45],
[693, 957, 1587], [1683, 1290, 565], [1016, 804, 321], [820, 1039, 143], [1010, 600, 1374], [1381, 987, 124], [1529, 1098, 420], [1784, 1748, 1048], [890, 30, 691], [718, 622, 617],
[1277, 1315, 95], [1385, 1518, 1385], [1950, 541, 710], [277, 1875, 1749], [420, 892, 870], [315, 793, 1857], [953, 328, 1475], [1374, 632, 1230], [942, 1523, 1260], [1633, 761, 402],
[771, 558, 237], [866, 1943, 1756], [771, 420, 817], [1481, 697, 698], [1237, 1632, 110], [627, 467, 1417], [490, 1934, 265], [1965, 1828, 1412], [1715, 776, 1455], [981, 416, 222],
[1897, 1701, 1294], [141, 573, 1244], [417, 1344, 184], [1748, 1346, 1395], [966, 1103, 1033], [1591, 1730, 20], [1014, 226, 1955], [1794, 711, 1789], [1212, 433, 1086], [673, 1928, 22],
[1409, 1832, 1723], [1223, 493, 302], [473, 1424, 166], [1171, 1178, 32], [573, 664, 1135], [126, 261, 871], [147, 1276, 1611], [622, 1590, 843], [931, 1322, 1276], [23, 1, 1724]]
[[4, 5, 10, 5], [10, 7, 4, 7], [7, 2, 7, 5], [3, 6, 4, 7], [3, 0, 6, 4], [0, 1, 6, 9], [8, 2, 1, 4], [1, 8, 7, 5], [2, 4, 8, 10], [0, 2, 6, 6],
[2, 2, 0, 5], [6, 5, 1, 9], [3, 6, 0, 3], [7, 4, 2, 2], [7, 1, 6, 8], [9, 2, 1, 0], [7, 7, 9, 5], [7, 4, 9, 10], [5, 10, 4, 0], [2, 4, 10, 5],
[10, 8, 8, 4], [2, 8, 7, 7], [9, 0, 2, 7], [1, 3, 6, 6], [9, 4, 9, 5], [8, 8, 4, 2], [7, 9, 3, 9], [2, 0, 1, 10], [6, 9, 3, 6], [7, 8, 2, 5],
[9, 5, 0, 8], [6, 6, 3, 4], [10, 1, 10, 5], [9, 3, 8, 3], [10, 9, 10, 10], [7, 0, 9, 2], [10, 2, 9, 4], [10, 9, 7, 6], [3, 7, 3, 10], [2, 6, 1, 10],
[8, 9, 5, 4], [0, 0, 8, 10], [9, 7, 10, 3], [8, 8, 5, 5], [8, 1, 7, 6], [0, 3, 1, 1], [0, 3, 9, 0], [9, 0, 0, 4], [9, 5, 9, 9], [3, 4, 7, 10],
[0, 4, 2, 6], [10, 5, 9, 8], [7, 5, 3, 5], [9, 2, 6, 7], [5, 5, 7, 2], [5, 5, 6, 1], [8, 2, 9, 0], [6, 3, 10, 5], [7, 1, 9, 6], [7, 8, 1, 1],
[0, 2, 6, 7], [5, 1, 3, 8], [4, 9, 10, 7], [1, 4, 9, 10], [4, 5, 10, 0], [8, 8, 3, 4], [7, 1, 8, 1], [7, 10, 2, 8], [1, 6, 4, 4], [6, 6, 2, 10],
[2, 10, 7, 3], [3, 3, 2, 6], [8, 0, 4, 5], [8, 7, 7, 2], [6, 4, 4, 3], [1, 4, 9, 3], [0, 0, 7, 6], [6, 7, 5, 6], [7, 1, 10, 8], [4, 1, 3, 10],
[10, 7, 2, 7], [3, 9, 8, 8], [1, 1, 9, 0], [5, 7, 3, 5], [5, 9, 9, 1], [5, 4, 7, 1], [3, 4, 8, 6], [6, 0, 5, 5], [8, 6, 0, 9], [2, 8, 6, 3],
[7, 4, 4, 1], [9, 5, 5, 4], [3, 3, 3, 7], [5, 8, 6, 7], [2, 3, 2, 6], [4, 5, 9, 1], [0, 7, 8, 3], [4, 4, 4, 9], [6, 6, 0, 3], [1, 3, 7, 2],
[4, 8, 9, 10], [5, 5, 6, 5], [8, 6, 0, 10], [0, 10, 9, 10], [6, 7, 2, 9], [9, 4, 5, 2], [0, 5, 5, 10], [6, 10, 1, 0], [7, 9, 10, 0], [3, 3, 5, 9],
[9, 6, 7, 7], [3, 5, 6, 7], [10, 6, 3, 8], [0, 9, 9, 0], [1, 3, 10, 8], [1, 9, 8, 8], [7, 5, 8, 8], [6, 1, 7, 4], [7, 1, 0, 8], [6, 7, 4, 6],
[2, 8, 1, 0], [6, 8, 0, 7], [1, 8, 2, 0], [7, 8, 8, 1], [2, 4, 10, 6], [5, 4, 10, 10], [5, 9, 5, 9], [3, 9, 2, 5], [4, 4, 4, 10], [1, 2, 5, 0],
[0, 7, 0, 5], [3, 7, 6, 3], [9, 3, 10, 1], [7, 9, 9, 10], [7, 3, 9, 10], [1, 0, 3, 4], [2, 5, 1, 2], [7, 6, 0, 7], [1, 10, 10, 4], [6, 4, 5, 2],
[7, 4, 3, 2], [3, 1, 1, 8], [2, 8, 6, 1], [9, 7, 5, 9], [1, 7, 0, 8], [0, 1, 3, 1], [0, 0, 3, 4], [4, 9, 6, 1], [0, 7, 1, 3], [6, 2, 10, 8],
[0, 3, 9, 7], [10, 4, 5, 9], [0, 4, 6, 9], [3, 7, 9, 3], [8, 10, 5, 1], [8, 0, 0, 7], [5, 10, 10, 0], [2, 7, 6, 0], [10, 4, 5, 7], [6, 8, 5, 4],
[1, 10, 3, 4], [4, 1, 5, 1], [0, 10, 1, 7], [8, 10, 3, 2], [10, 0, 0, 10], [8, 6, 8, 5], [9, 2, 2, 4], [8, 7, 9, 10], [4, 1, 1, 9], [2, 7, 10, 0],
[4, 9, 7, 2], [9, 8, 2, 6], [9, 1, 5, 4], [7, 0, 9, 5], [2, 0, 8, 10], [6, 6, 7, 8], [7, 9, 6, 7], [3, 4, 5, 7], [2, 0, 7, 9], [8, 8, 2, 6]]
[1, 1, 1, 1, 1, 0.2, 0.2, 0.2, 0.2, 0.2,
0.2, 0.2, 0.2, 0.2, 0.2, 0.2, 0.2, 0.2, 0.2, 0.2,
0.2, 0.2, 0.2, 0.2, 0.2, 0.2, 0.2, 0.2, 0.2, 0.2,
0.04, 0.04, 0.04, 0.04, 0.04, 0.04, 0.04, 0.04, 0.04, 0.04,
0.04, 0.04, 0.04, 0.04, 0.04, 0.04, 0.04, 0.04, 0.04, 0.04,
0.04, 0.04, 0.04, 0.04, 0.04, 0.008, 0.008, 0.008, 0.008, 0.008,
0.008, 0.008, 0.008, 0.008, 0.008, 0.008, 0.008, 0.008, 0.008, 0.008,
0.008, 0.008, 0.008, 0.008, 0.008, 0.008, 0.008, 0.008, 0.008, 0.008,
0.0016, 0.0016, 0.0016, 0.0016, 0.0016, 0.0016, 0.0016, 0.0016, 0.0016, 0.0016,
0.0016, 0.0016, 0.0016, 0.0016, 0.0016, 0.0016, 0.0016, 0.0016, 0.0016, 0.0016,
0.0016, 0.0016, 0.0016, 0.0016, 0.0016, 0.00032, 0.00032, 0.00032, 0.00032, 0.00032,
0.00032, 0.00032, 0.00032, 0.00032, 0.00032, 0.00032, 0.00032, 0.00032, 0.00032, 0.00032,
0.00032, 0.00032, 0.00032, 0.00032, 0.00032, 0.00032, 0.00032, 0.00032, 0.00032, 0.00032,
6.4e-05, 6.4e-05, 6.4e-05, 6.4e-05, 6.4e-05, 6.4e-05, 6.4e-05, 6.4e-05, 6.4e-05, 6.4e-05,
6.4e-05, 6.4e-05, 6.4e-05, 6.4e-05, 6.4e-05, 6.4e-05, 6.4e-05, 6.4e-05, 6.4e-05, 6.4e-05,
6.4e-05, 6.4e-05, 6.4e-05, 6.4e-05, 6.4e-05, 1.28e-05, 1.28e-05, 1.28e-05, 1.28e-05, 1.28e-05,
1.28e-05, 1.28e-05, 1.28e-05, 1.28e-05, 1.28e-05, 1.28e-05, 1.28e-05, 1.28e-05, 1.28e-05, 1.28e-05,
1.28e-05, 1.28e-05, 1.28e-05, 1.28e-05, 1.28e-05, 1.28e-05, 1.28e-05, 1.28e-05, 1.28e-05, 1.28e-05]
[8, 4, 3, 1, 5, 1, 5, 1, 5, 3,
2, 5, 8, 5, 0, 5, 0, 6, 8, 7,
7, 9, 0, 9, 0, 3, 3, 5, 0, 5,
6, 3, 3, 3, 0, 5, 1, 3, 6, 1,
6, 3, 6, 0, 1, 1, 9, 9, 8, 5,
5, 7, 6, 3, 4, 3, 2, 9, 6, 8,
9, 8, 9, 4, 2, 8, 0, 9, 7, 3,
9, 3, 4, 3, 6, 0, 6, 0, 8, 6,
4, 3, 2, 8, 7, 5, 0, 0, 3, 7,
9, 1, 9, 4, 5, 2, 0, 1, 0, 6,
2, 5, 5, 1, 3, 2, 6, 2, 4, 7,
1, 5, 8, 8, 9, 7, 0, 8, 2, 6,
0, 0, 1, 6, 0, 0, 4, 7, 6, 3,
2, 0, 7, 0, 2, 7, 6, 0, 3, 6,
1, 0, 4, 0, 3, 7, 7, 9, 9, 7,
7, 5, 6, 2, 6, 5, 9, 7, 5, 4,
4, 7, 4, 9, 0, 7, 2, 5, 1, 0,
0, 9, 5, 2, 8, 2, 4, 9, 9, 5]
------------------------------------------------------- 
# stage = 8	# children c = 5	length of each stage p = 5	nodes = 179	# items I = 1
