[93, 86, 43, 90, 76, 7, 21, 84, 26, 38,
87, 47, 50, 71, 3, 17, 18, 39, 70, 71]
[[170, 2061, 1597], [1409, 1410, 987], [2112, 270, 998], [613, 211, 1108], [1169, 1359, 1776], [95, 1406, 427], [1946, 262, 404], [6, 1365, 954], [630, 128, 245], [972, 184, 2209],
[1593, 652, 6], [909, 2062, 1417], [1897, 2191, 1985], [912, 821, 213], [37, 1991, 1572], [1813, 103, 995], [258, 2049, 1257], [662, 2055, 341], [1616, 703, 768], [2160, 1675, 1250]]
[[7, 9, 7, 9], [1, 2, 8, 7], [7, 7, 3, 3], [3, 10, 9, 3], [6, 7, 4, 7], [3, 2, 2, 3], [9, 3, 1, 0], [1, 8, 8, 9], [6, 5, 5, 7], [7, 2, 3, 1],
[8, 6, 4, 0], [4, 3, 3, 10], [8, 7, 4, 9], [7, 6, 1, 5], [7, 0, 3, 9], [8, 1, 5, 3], [4, 8, 10, 0], [8, 1, 0, 5], [5, 4, 5, 9], [5, 6, 6, 2]]
[1, 1, 0.333333, 0.333333, 0.333333, 0.333333, 0.333333, 0.333333, 0.111111, 0.111111,
0.111111, 0.111111, 0.111111, 0.111111, 0.037037, 0.037037, 0.037037, 0.037037, 0.037037, 0.037037]
[9, 0, 9, 1, 0, 10, 0, 6, 3, 10,
5, 5, 11, 3, 3, 1, 2, 5, 5, 1]
------------------------------------------------------- 
# stage = 4	# children c = 3	length of each stage p = 2	nodes = 19	# items I = 1
