[31, 31, 4, 4, 76, 45, 18, 95, 37, 45,
79, 99, 14, 99, 6, 1, 10, 69, 58, 74]
[[1042, 1172, 721], [545, 1057, 1798], [569, 1107, 1864], [605, 172, 1882], [805, 1088, 1890], [1291, 837, 426], [709, 874, 1605], [1460, 47, 490], [841, 44, 1316], [1437, 700, 194],
[1203, 1754, 1366], [35, 410, 523], [1845, 979, 1642], [1808, 1596, 1814], [1802, 500, 1013], [1803, 1791, 1851], [328, 611, 824], [33, 171, 871], [535, 1024, 928], [1863, 560, 1628]]
[[10, 8, 0, 9], [0, 9, 6, 9], [5, 10, 7, 8], [8, 9, 4, 7], [6, 5, 9, 5], [3, 9, 1, 7], [3, 5, 7, 9], [7, 3, 2, 4], [0, 2, 2, 9], [9, 9, 6, 1],
[6, 0, 10, 2], [7, 1, 9, 3], [6, 5, 6, 8], [2, 8, 4, 3], [0, 9, 1, 6], [1, 3, 10, 0], [3, 0, 7, 10], [9, 0, 1, 2], [0, 0, 4, 8], [10, 2, 9, 6]]
[1, 1, 0.333333, 0.333333, 0.333333, 0.333333, 0.333333, 0.333333, 0.111111, 0.111111,
0.111111, 0.111111, 0.111111, 0.111111, 0.037037, 0.037037, 0.037037, 0.037037, 0.037037, 0.037037]
[0, 4, 18, 17, 0, 13, 5, 1, 13, 17,
18, 8, 5, 10, 13, 4, 11, 0, 17, 10]
------------------------------------------------------- 
# stage = 4	# children c = 3	length of each stage p = 2	nodes = 19	# items I = 1
