[98, 51, 55, 43, 15, 32, 55, 60, 39, 99,
80, 9, 76, 23, 21, 5, 66, 1, 16, 96,
44, 99, 30, 63, 21, 38, 50, 40, 3, 92,
88, 67, 8, 42, 77, 91, 40, 31, 16, 45,
96, 96, 20, 37, 85, 41]
[[216, 1604, 798], [1015, 1679, 1660], [974, 839, 457], [1210, 1562, 942], [1410, 58, 112], [163, 312, 1258], [853, 445, 806], [1362, 1199, 1176], [1490, 632, 570], [1327, 408, 855],
[983, 496, 644], [1653, 1511, 636], [1498, 670, 1475], [140, 65, 1222], [955, 1476, 1152], [939, 1511, 1464], [383, 677, 95], [1061, 353, 1294], [550, 28, 111], [1121, 1355, 519],
[161, 523, 887], [805, 361, 584], [1313, 173, 1254], [1101, 185, 1320], [508, 1012, 981], [1661, 265, 805], [1310, 648, 1355], [1277, 1581, 1580], [756, 444, 1480], [867, 1437, 1020],
[1258, 1598, 1543], [459, 588, 89], [1043, 214, 134], [482, 1187, 320], [115, 9, 1332], [968, 1670, 1469], [1646, 1165, 302], [1186, 756, 196], [1079, 1512, 513], [744, 693, 263],
[77, 136, 47], [1492, 595, 635], [1581, 1510, 722], [1588, 306, 222], [221, 293, 231], [1425, 1262, 86]]
[[4, 7, 7, 6], [8, 3, 9, 3], [5, 9, 2, 8], [1, 2, 3, 4], [5, 9, 3, 10], [2, 0, 10, 7], [3, 3, 5, 2], [8, 7, 5, 10], [1, 1, 5, 7], [2, 1, 0, 8],
[8, 0, 3, 9], [0, 6, 0, 5], [4, 3, 2, 5], [4, 0, 1, 7], [3, 7, 7, 9], [1, 1, 9, 2], [0, 1, 10, 3], [1, 8, 0, 9], [6, 3, 6, 4], [7, 6, 10, 9],
[10, 10, 3, 1], [8, 5, 8, 9], [10, 2, 8, 0], [4, 4, 0, 4], [3, 8, 5, 4], [3, 5, 1, 9], [6, 7, 3, 0], [2, 0, 10, 10], [8, 2, 0, 6], [5, 6, 4, 2],
[9, 1, 0, 0], [3, 1, 2, 7], [9, 8, 0, 0], [0, 1, 9, 5], [6, 10, 5, 9], [8, 2, 6, 6], [3, 7, 10, 8], [0, 3, 9, 7], [3, 9, 7, 6], [10, 8, 0, 7],
[5, 10, 7, 3], [0, 3, 6, 5], [1, 1, 3, 9], [1, 7, 2, 4], [1, 1, 0, 2], [3, 9, 9, 6]]
[1, 1, 0.5, 0.5, 0.5, 0.5, 0.25, 0.25, 0.25, 0.25,
0.125, 0.125, 0.125, 0.125, 0.0625, 0.0625, 0.0625, 0.0625, 0.03125, 0.03125,
0.03125, 0.03125, 0.015625, 0.015625, 0.015625, 0.015625, 0.0078125, 0.0078125, 0.0078125, 0.0078125,
0.00390625, 0.00390625, 0.00390625, 0.00390625, 0.00195312, 0.00195312, 0.00195312, 0.00195312, 0.000976562, 0.000976562,
0.000976562, 0.000976562, 0.000488281, 0.000488281, 0.000488281, 0.000488281]
[13, 8, 1, 15, 11, 14, 16, 3, 3, 16,
3, 4, 5, 8, 1, 13, 6, 16, 2, 14,
10, 1, 15, 6, 4, 16, 1, 11, 2, 6,
4, 9, 5, 1, 14, 12, 1, 16, 0, 0,
11, 11, 10, 10, 6, 16]
------------------------------------------------------- 
# stage = 12	# children c = 2	length of each stage p = 2	nodes = 45	# items I = 1
