[48, 88, 89, 24, 77, 62, 81, 51, 18, 1,
15, 58, 100, 25, 0, 29, 41, 62, 87, 63,
34, 28, 49, 74, 71, 45, 59, 62, 23, 99,
47, 38, 86, 1, 62, 62, 64, 43, 79, 82,
10, 60, 5, 76, 86, 5, 4, 93, 67, 91,
22, 0, 18, 71, 40, 89, 83, 100, 16, 5,
98, 64, 43, 49, 31, 72, 77, 95, 81, 55,
42, 91, 14, 48, 66, 66, 53, 70, 59, 87]
[[695, 976, 872], [348, 881, 6], [361, 339, 854], [136, 271, 132], [937, 536, 96], [564, 224, 211], [557, 943, 568], [761, 884, 9], [419, 959, 565], [527, 339, 267],
[803, 364, 574], [1006, 42, 785], [1012, 403, 78], [151, 540, 725], [283, 807, 215], [755, 325, 815], [967, 212, 712], [489, 973, 926], [875, 723, 169], [394, 580, 885],
[1038, 338, 203], [566, 298, 622], [305, 640, 1025], [760, 791, 895], [439, 404, 657], [1031, 114, 312], [130, 411, 525], [843, 230, 828], [53, 435, 505], [223, 830, 416],
[62, 152, 754], [641, 48, 382], [217, 353, 352], [573, 443, 98], [798, 883, 878], [785, 198, 322], [428, 328, 733], [953, 501, 964], [65, 555, 353], [947, 108, 513],
[317, 546, 1041], [401, 141, 43], [783, 735, 773], [465, 638, 170], [563, 766, 383], [772, 506, 581], [48, 934, 910], [782, 171, 365], [30, 612, 920], [759, 513, 358],
[603, 830, 904], [598, 561, 376], [642, 674, 441], [369, 94, 33], [915, 1033, 799], [253, 759, 635], [834, 808, 523], [698, 920, 24], [394, 950, 637], [268, 1039, 480],
[1003, 596, 641], [861, 149, 156], [567, 791, 831], [1008, 490, 255], [371, 359, 242], [125, 988, 332], [760, 777, 94], [614, 805, 344], [1014, 153, 624], [981, 798, 617],
[416, 755, 168], [11, 946, 693], [167, 468, 438], [328, 806, 258], [583, 132, 993], [156, 257, 936], [488, 347, 667], [958, 291, 802], [256, 260, 956], [210, 571, 38]]
[[5, 10, 3, 6], [5, 9, 0, 9], [8, 9, 9, 5], [3, 7, 5, 0], [6, 4, 9, 4], [9, 2, 9, 2], [5, 2, 4, 5], [8, 5, 3, 0], [2, 6, 6, 5], [2, 7, 4, 10],
[3, 0, 2, 6], [7, 5, 4, 1], [9, 2, 5, 7], [3, 2, 8, 8], [4, 1, 0, 0], [6, 3, 0, 6], [10, 5, 0, 10], [1, 2, 10, 2], [2, 1, 8, 8], [7, 10, 9, 3],
[0, 1, 0, 3], [1, 8, 9, 4], [7, 10, 4, 0], [0, 2, 6, 8], [7, 6, 8, 6], [9, 7, 8, 9], [6, 3, 6, 0], [1, 2, 4, 1], [2, 2, 2, 3], [8, 0, 7, 4],
[8, 9, 4, 9], [10, 8, 6, 6], [1, 3, 0, 8], [8, 8, 7, 2], [10, 0, 2, 0], [3, 4, 1, 3], [6, 3, 4, 3], [1, 10, 5, 10], [8, 9, 8, 7], [4, 3, 1, 6],
[7, 1, 3, 2], [7, 10, 4, 4], [9, 5, 4, 10], [9, 3, 2, 3], [4, 6, 6, 6], [5, 10, 5, 1], [8, 2, 6, 0], [3, 7, 6, 8], [6, 9, 0, 1], [7, 4, 5, 5],
[9, 8, 4, 6], [0, 4, 9, 5], [8, 2, 9, 1], [1, 3, 2, 8], [3, 6, 8, 6], [1, 3, 4, 7], [10, 4, 6, 6], [6, 1, 9, 3], [9, 2, 9, 7], [4, 7, 10, 2],
[9, 8, 3, 9], [0, 5, 6, 1], [9, 3, 8, 10], [4, 10, 5, 3], [1, 0, 8, 7], [1, 6, 10, 8], [7, 8, 3, 0], [2, 2, 2, 10], [9, 5, 8, 9], [8, 3, 9, 7],
[4, 6, 6, 8], [3, 0, 9, 4], [10, 4, 0, 9], [0, 9, 5, 5], [4, 8, 3, 5], [8, 6, 4, 6], [9, 1, 3, 5], [2, 1, 10, 4], [5, 3, 10, 8], [2, 8, 1, 1]]
[1, 1, 1, 1, 1, 0.333333, 0.333333, 0.333333, 0.333333, 0.333333,
0.333333, 0.333333, 0.333333, 0.333333, 0.333333, 0.333333, 0.333333, 0.333333, 0.333333, 0.333333,
0.111111, 0.111111, 0.111111, 0.111111, 0.111111, 0.111111, 0.111111, 0.111111, 0.111111, 0.111111,
0.111111, 0.111111, 0.111111, 0.111111, 0.111111, 0.037037, 0.037037, 0.037037, 0.037037, 0.037037,
0.037037, 0.037037, 0.037037, 0.037037, 0.037037, 0.037037, 0.037037, 0.037037, 0.037037, 0.037037,
0.0123457, 0.0123457, 0.0123457, 0.0123457, 0.0123457, 0.0123457, 0.0123457, 0.0123457, 0.0123457, 0.0123457,
0.0123457, 0.0123457, 0.0123457, 0.0123457, 0.0123457, 0.00411523, 0.00411523, 0.00411523, 0.00411523, 0.00411523,
0.00411523, 0.00411523, 0.00411523, 0.00411523, 0.00411523, 0.00411523, 0.00411523, 0.00411523, 0.00411523, 0.00411523]
[14, 7, 10, 4, 2, 10, 14, 12, 20, 19,
5, 18, 7, 20, 5, 4, 9, 7, 2, 9,
4, 12, 13, 13, 3, 15, 2, 7, 14, 19,
0, 16, 10, 4, 10, 18, 6, 9, 9, 7,
6, 0, 11, 13, 9, 1, 10, 15, 16, 10,
10, 18, 15, 14, 4, 15, 19, 17, 16, 12,
17, 10, 7, 2, 1, 5, 20, 5, 7, 15,
14, 0, 0, 19, 2, 17, 19, 3, 9, 5]
------------------------------------------------------- 
# stage = 6	# children c = 3	length of each stage p = 5	nodes = 79	# items I = 1
