[52, 86, 34, 68, 77, 14, 14, 83, 89, 61,
68, 41, 95, 71, 46, 28, 87, 52, 92, 57,
41, 73, 50, 46, 43, 90, 48, 54, 34, 10,
56, 87, 96, 90, 20, 38, 71, 34, 20, 25,
61, 54, 66, 21, 91, 78]
[[763, 678, 380], [515, 256, 891], [370, 454, 650], [187, 1019, 195], [665, 559, 941], [309, 957, 35], [714, 313, 738], [2, 881, 637], [865, 144, 503], [927, 993, 469],
[776, 278, 704], [121, 793, 960], [569, 128, 379], [185, 907, 956], [972, 538, 37], [435, 404, 551], [470, 676, 864], [174, 678, 710], [811, 508, 411], [871, 401, 961],
[898, 142, 204], [567, 855, 998], [50, 389, 683], [1021, 131, 113], [942, 68, 208], [536, 503, 612], [52, 974, 253], [474, 705, 489], [741, 38, 997], [118, 909, 955],
[44, 329, 654], [841, 897, 474], [804, 504, 864], [452, 490, 995], [122, 990, 621], [330, 491, 89], [943, 101, 28], [753, 575, 290], [207, 281, 328], [762, 991, 795],
[239, 593, 89], [894, 399, 543], [925, 760, 12], [754, 769, 503], [272, 892, 458], [893, 187, 506]]
[[1, 6, 1, 3], [5, 10, 3, 0], [6, 0, 7, 9], [3, 1, 2, 8], [8, 3, 0, 7], [8, 7, 3, 0], [2, 9, 5, 3], [1, 3, 2, 2], [9, 3, 4, 2], [1, 5, 2, 5],
[5, 9, 3, 8], [8, 4, 4, 5], [5, 4, 0, 3], [0, 3, 3, 0], [10, 7, 3, 0], [10, 4, 1, 9], [7, 3, 9, 6], [8, 0, 0, 0], [7, 2, 9, 3], [6, 0, 6, 0],
[4, 6, 1, 2], [7, 5, 2, 7], [10, 4, 5, 7], [8, 4, 3, 2], [7, 1, 9, 4], [1, 7, 5, 7], [9, 1, 10, 4], [10, 5, 3, 3], [1, 4, 5, 8], [7, 7, 2, 4],
[9, 8, 1, 6], [1, 4, 7, 9], [6, 5, 0, 5], [10, 3, 10, 9], [2, 7, 0, 1], [2, 3, 2, 1], [6, 7, 7, 0], [2, 8, 5, 0], [5, 4, 5, 4], [8, 1, 0, 1],
[4, 10, 5, 3], [2, 4, 1, 3], [1, 0, 2, 1], [3, 5, 0, 7], [1, 7, 6, 1], [2, 9, 0, 7]]
[1, 1, 0.5, 0.5, 0.5, 0.5, 0.25, 0.25, 0.25, 0.25,
0.125, 0.125, 0.125, 0.125, 0.0625, 0.0625, 0.0625, 0.0625, 0.03125, 0.03125,
0.03125, 0.03125, 0.015625, 0.015625, 0.015625, 0.015625, 0.0078125, 0.0078125, 0.0078125, 0.0078125,
0.00390625, 0.00390625, 0.00390625, 0.00390625, 0.00195312, 0.00195312, 0.00195312, 0.00195312, 0.000976562, 0.000976562,
0.000976562, 0.000976562, 0.000488281, 0.000488281, 0.000488281, 0.000488281]
[6, 2, 1, 0, 10, 9, 9, 9, 10, 9,
0, 5, 4, 9, 3, 3, 5, 1, 4, 4,
7, 3, 7, 10, 6, 6, 3, 8, 8, 4,
5, 8, 0, 4, 9, 3, 7, 10, 6, 5,
2, 2, 5, 0, 7, 1]
------------------------------------------------------- 
# stage = 12	# children c = 2	length of each stage p = 2	nodes = 45	# items I = 1
