[25, 14, 18, 96, 26, 57, 47, 64, 34, 56,
33, 89, 57, 26, 27, 37, 66, 56, 3, 74,
55, 91, 63, 89, 22, 8, 26, 19, 37, 48,
96, 62]
[[681, 26, 658], [633, 1537, 1564], [1050, 501, 1276], [856, 704, 1986], [731, 1339, 1772], [100, 208, 62], [689, 747, 1183], [1381, 1694, 1257], [1852, 671, 1367], [52, 1141, 915],
[1828, 1380, 941], [42, 12, 35], [1163, 1062, 93], [438, 1475, 797], [423, 206, 1693], [1753, 1864, 1901], [1815, 109, 648], [554, 1490, 341], [1369, 1341, 569], [735, 1394, 1268],
[1650, 778, 647], [148, 377, 659], [1741, 1540, 1278], [1834, 1536, 752], [188, 1516, 515], [1881, 1268, 379], [1782, 640, 488], [1987, 751, 1536], [327, 119, 876], [454, 855, 1827],
[1722, 61, 604], [1926, 209, 538]]
[[2, 7, 1, 6], [5, 6, 5, 7], [0, 1, 6, 3], [5, 3, 3, 0], [5, 2, 9, 3], [4, 9, 0, 9], [5, 0, 6, 0], [8, 5, 0, 0], [10, 1, 4, 4], [7, 9, 9, 5],
[8, 5, 9, 3], [6, 1, 1, 0], [4, 0, 3, 6], [7, 1, 4, 1], [2, 9, 10, 8], [3, 10, 6, 0], [10, 10, 3, 4], [6, 1, 10, 4], [4, 6, 5, 8], [7, 6, 8, 9],
[4, 10, 5, 0], [0, 7, 10, 0], [5, 10, 9, 6], [7, 4, 7, 4], [4, 8, 9, 8], [9, 6, 1, 1], [1, 4, 9, 6], [9, 5, 5, 2], [2, 8, 1, 0], [2, 0, 1, 8],
[8, 8, 1, 5], [1, 6, 9, 3]]
[1, 1, 0.333333, 0.333333, 0.333333, 0.333333, 0.333333, 0.333333, 0.111111, 0.111111,
0.111111, 0.111111, 0.111111, 0.111111, 0.037037, 0.037037, 0.037037, 0.037037, 0.037037, 0.037037,
0.0123457, 0.0123457, 0.0123457, 0.0123457, 0.0123457, 0.0123457, 0.00411523, 0.00411523, 0.00411523, 0.00411523,
0.00411523, 0.00411523]
[4, 18, 4, 17, 6, 18, 6, 4, 5, 18,
15, 12, 20, 3, 5, 19, 5, 10, 7, 0,
19, 3, 14, 1, 16, 14, 5, 16, 6, 0,
12, 18]
------------------------------------------------------- 
# stage = 6	# children c = 3	length of each stage p = 2	nodes = 31	# items I = 1
