[3, 17, 7, 18, 88, 19, 60, 89, 82, 93,
92, 94, 2, 62, 26, 94, 99, 100, 36, 100]
[[230, 226, 70], [114, 911, 862], [280, 171, 824], [654, 89, 788], [213, 700, 207], [82, 130, 102], [856, 585, 985], [502, 937, 902], [641, 176, 351], [401, 666, 914],
[172, 587, 139], [933, 701, 740], [794, 671, 912], [308, 324, 0], [95, 227, 390], [993, 310, 210], [785, 856, 485], [769, 357, 421], [670, 689, 597], [712, 780, 954]]
[[7, 6, 2, 5], [0, 5, 8, 2], [10, 4, 7, 5], [5, 3, 10, 6], [3, 5, 10, 8], [1, 2, 3, 4], [5, 7, 3, 3], [6, 3, 10, 2], [7, 1, 7, 5], [5, 3, 8, 4],
[7, 2, 10, 0], [5, 7, 6, 6], [1, 6, 2, 0], [6, 5, 2, 1], [10, 6, 2, 5], [7, 1, 8, 4], [1, 2, 7, 6], [5, 4, 10, 0], [5, 7, 0, 10], [4, 6, 4, 3]]
[1, 1, 0.333333, 0.333333, 0.333333, 0.333333, 0.333333, 0.333333, 0.111111, 0.111111,
0.111111, 0.111111, 0.111111, 0.111111, 0.037037, 0.037037, 0.037037, 0.037037, 0.037037, 0.037037]
[0, 14, 5, 4, 14, 11, 13, 8, 14, 18,
16, 17, 2, 11, 1, 1, 10, 16, 4, 17]
------------------------------------------------------- 
# stage = 4	# children c = 3	length of each stage p = 2	nodes = 19	# items I = 1
