[33, 81, 2, 72, 39, 29, 65, 45, 18, 25,
39, 34, 34, 13, 7, 28, 18, 39, 2, 60,
37, 41, 0, 17, 43, 60, 7, 63, 78, 95,
14, 10, 76, 16, 49, 81, 11, 13, 25, 29,
38, 30, 29, 38, 44, 3, 32, 62, 42, 35,
89, 79, 42, 89, 63, 85, 48, 36, 13, 92,
31, 27, 2, 73, 43, 51, 53, 54]
[[459, 399, 944], [606, 588, 652], [332, 783, 350], [771, 63, 810], [490, 689, 1006], [52, 73, 327], [32, 481, 369], [515, 10, 550], [612, 1076, 191], [784, 587, 502],
[841, 1046, 901], [690, 557, 395], [1034, 581, 870], [290, 258, 625], [792, 748, 220], [396, 492, 293], [723, 524, 466], [784, 1040, 169], [240, 249, 150], [431, 1033, 737],
[933, 779, 688], [740, 67, 937], [827, 6, 423], [294, 1083, 681], [920, 781, 26], [45, 82, 518], [30, 497, 1043], [188, 186, 680], [357, 118, 929], [507, 549, 867],
[936, 80, 243], [221, 512, 310], [63, 1031, 9], [179, 230, 1092], [552, 842, 470], [579, 887, 552], [789, 609, 741], [429, 798, 620], [801, 847, 738], [635, 1047, 980],
[99, 888, 1060], [35, 802, 169], [37, 865, 892], [46, 736, 27], [831, 194, 562], [206, 465, 354], [451, 946, 656], [97, 1068, 359], [717, 774, 898], [53, 7, 850],
[1033, 893, 644], [690, 928, 351], [859, 658, 908], [348, 704, 242], [67, 132, 128], [629, 31, 593], [676, 482, 136], [237, 271, 109], [288, 989, 884], [91, 734, 891],
[942, 672, 689], [183, 267, 215], [226, 818, 873], [826, 71, 174], [1068, 138, 307], [101, 768, 338], [386, 41, 512], [523, 278, 783]]
[[2, 9, 2, 0], [0, 9, 8, 8], [7, 0, 6, 5], [2, 4, 5, 4], [1, 7, 8, 3], [3, 2, 7, 5], [7, 2, 7, 6], [4, 8, 10, 6], [4, 1, 4, 3], [8, 0, 9, 5],
[9, 4, 8, 9], [6, 2, 2, 6], [8, 8, 9, 9], [10, 3, 3, 4], [6, 10, 0, 8], [5, 10, 2, 8], [9, 4, 0, 6], [4, 9, 9, 2], [1, 6, 9, 7], [7, 0, 2, 4],
[6, 9, 0, 4], [0, 3, 8, 4], [0, 6, 1, 3], [5, 1, 0, 1], [6, 9, 8, 10], [6, 6, 0, 7], [2, 7, 3, 9], [8, 6, 0, 1], [2, 0, 5, 2], [1, 1, 6, 10],
[7, 6, 2, 0], [7, 1, 1, 2], [8, 9, 0, 3], [5, 9, 10, 5], [5, 1, 3, 0], [5, 3, 0, 7], [1, 3, 8, 2], [4, 3, 10, 1], [9, 10, 10, 4], [9, 0, 4, 7],
[10, 2, 10, 2], [0, 8, 7, 4], [7, 8, 2, 1], [9, 2, 8, 10], [6, 3, 10, 8], [7, 9, 7, 3], [8, 6, 7, 7], [7, 10, 3, 4], [1, 0, 4, 0], [6, 9, 4, 2],
[6, 4, 1, 2], [7, 8, 1, 0], [0, 9, 8, 7], [7, 5, 9, 2], [9, 3, 9, 3], [2, 10, 7, 4], [9, 9, 4, 2], [7, 6, 3, 0], [10, 4, 0, 6], [1, 10, 4, 2],
[8, 0, 7, 2], [3, 5, 5, 1], [9, 1, 5, 9], [10, 10, 2, 6], [9, 4, 6, 3], [10, 9, 2, 10], [3, 2, 3, 2], [2, 8, 4, 8]]
[1, 1, 0.333333, 0.333333, 0.333333, 0.333333, 0.333333, 0.333333, 0.111111, 0.111111,
0.111111, 0.111111, 0.111111, 0.111111, 0.037037, 0.037037, 0.037037, 0.037037, 0.037037, 0.037037,
0.0123457, 0.0123457, 0.0123457, 0.0123457, 0.0123457, 0.0123457, 0.00411523, 0.00411523, 0.00411523, 0.00411523,
0.00411523, 0.00411523, 0.00137174, 0.00137174, 0.00137174, 0.00137174, 0.00137174, 0.00137174, 0.000457247, 0.000457247,
0.000457247, 0.000457247, 0.000457247, 0.000457247, 0.000152416, 0.000152416, 0.000152416, 0.000152416, 0.000152416, 0.000152416,
5.08053e-05, 5.08053e-05, 5.08053e-05, 5.08053e-05, 5.08053e-05, 5.08053e-05, 1.69351e-05, 1.69351e-05, 1.69351e-05, 1.69351e-05,
1.69351e-05, 1.69351e-05, 5.64503e-06, 5.64503e-06, 5.64503e-06, 5.64503e-06, 5.64503e-06, 5.64503e-06]
[5, 18, 11, 9, 16, 19, 6, 7, 4, 4,
14, 9, 13, 20, 3, 9, 11, 2, 19, 21,
16, 4, 20, 10, 4, 11, 10, 6, 21, 18,
5, 8, 7, 13, 18, 13, 6, 12, 4, 3,
12, 21, 10, 1, 9, 7, 19, 4, 0, 4,
5, 5, 8, 9, 15, 16, 3, 5, 20, 19,
21, 19, 16, 20, 15, 9, 15, 3]
------------------------------------------------------- 
# stage = 12	# children c = 3	length of each stage p = 2	nodes = 67	# items I = 1
