[0, 63, 35, 17, 15, 61, 93, 43, 86, 92,
41, 3, 58, 86, 88, 10, 83, 29, 98, 29,
34, 7, 65, 20, 88, 14, 77, 14, 89, 30,
56, 89, 60, 58, 72, 75, 18, 30, 84, 3,
21, 91, 6, 79, 43, 60, 56, 92, 89, 53,
87, 89]
[[1210, 1559, 1088], [715, 389, 1169], [530, 1288, 1432], [2087, 782, 1007], [345, 1106, 1121], [755, 7, 461], [1225, 1210, 1168], [1634, 1257, 136], [1111, 896, 232], [1708, 1522, 1213],
[1952, 995, 603], [1302, 1710, 1424], [301, 502, 542], [2165, 851, 1324], [1002, 1628, 260], [385, 645, 699], [1279, 132, 172], [709, 1766, 1429], [846, 1140, 587], [1510, 678, 2110],
[554, 892, 1367], [1589, 24, 1339], [1275, 757, 1841], [1817, 1184, 954], [1404, 448, 844], [2096, 834, 1489], [1058, 375, 1621], [1230, 1084, 1649], [921, 1930, 619], [1509, 1703, 1729],
[1881, 519, 451], [1078, 2108, 475], [247, 1645, 1664], [350, 1292, 678], [1304, 958, 1127], [2148, 885, 223], [1899, 1943, 598], [1350, 1435, 1682], [1261, 186, 1875], [1881, 1695, 1840],
[1872, 1838, 189], [154, 746, 559], [1061, 993, 34], [556, 1775, 1758], [1234, 1341, 547], [623, 1319, 1432], [846, 1480, 1637], [1876, 1092, 1334], [1821, 184, 1520], [1958, 327, 1478],
[1628, 29, 1146], [1817, 615, 155]]
[[9, 2, 1, 9], [6, 8, 7, 5], [5, 1, 10, 6], [10, 8, 1, 0], [10, 7, 8, 5], [6, 1, 8, 1], [2, 10, 1, 1], [1, 9, 5, 8], [0, 6, 7, 4], [1, 3, 9, 7],
[4, 6, 0, 3], [1, 1, 1, 1], [7, 7, 6, 2], [8, 1, 1, 8], [10, 2, 7, 0], [9, 1, 9, 9], [8, 5, 0, 9], [6, 9, 3, 9], [5, 4, 1, 4], [3, 3, 5, 10],
[8, 9, 10, 6], [0, 9, 1, 10], [10, 9, 8, 8], [10, 4, 7, 5], [9, 7, 2, 3], [4, 3, 1, 7], [7, 0, 0, 9], [1, 6, 6, 10], [2, 4, 5, 2], [2, 4, 10, 1],
[2, 6, 8, 0], [10, 4, 3, 7], [9, 5, 10, 0], [9, 0, 5, 3], [0, 6, 1, 2], [10, 6, 10, 1], [10, 4, 2, 10], [6, 10, 1, 7], [5, 9, 7, 5], [0, 10, 1, 7],
[3, 9, 8, 1], [7, 2, 2, 7], [6, 2, 7, 3], [8, 6, 5, 5], [8, 5, 4, 2], [4, 5, 9, 10], [1, 3, 2, 10], [0, 3, 7, 3], [10, 2, 2, 6], [2, 5, 2, 7],
[7, 8, 10, 2], [1, 2, 7, 8]]
[1, 1, 0.2, 0.2, 0.2, 0.2, 0.2, 0.2, 0.2, 0.2,
0.2, 0.2, 0.04, 0.04, 0.04, 0.04, 0.04, 0.04, 0.04, 0.04,
0.04, 0.04, 0.008, 0.008, 0.008, 0.008, 0.008, 0.008, 0.008, 0.008,
0.008, 0.008, 0.0016, 0.0016, 0.0016, 0.0016, 0.0016, 0.0016, 0.0016, 0.0016,
0.0016, 0.0016, 0.00032, 0.00032, 0.00032, 0.00032, 0.00032, 0.00032, 0.00032, 0.00032,
0.00032, 0.00032]
[10, 1, 10, 4, 9, 1, 0, 3, 1, 1,
3, 1, 0, 2, 3, 10, 0, 1, 0, 6,
3, 1, 1, 2, 0, 0, 10, 8, 6, 6,
8, 5, 3, 3, 10, 9, 4, 2, 10, 7,
5, 1, 8, 8, 5, 7, 6, 9, 8, 0,
10, 6]
------------------------------------------------------- 
# stage = 6	# children c = 5	length of each stage p = 2	nodes = 51	# items I = 1
