[14, 42, 14, 0, 57, 97, 93, 87, 21, 84,
4, 19, 28, 27, 13, 75, 37, 6, 36, 11,
44, 34, 90, 43, 4, 66, 86, 65, 43, 100,
95, 57, 41, 75, 57, 64, 37, 50, 16, 24,
100, 21, 44, 27, 14, 57, 68, 18, 30, 4,
29, 40, 38, 19, 83, 9, 51, 35, 40, 94,
34, 34, 17, 41, 75, 40, 71, 11, 90, 53,
36, 55, 74, 46, 49, 55, 69, 16, 73, 99,
20, 1, 38, 25, 87, 88, 34, 3, 22, 74,
98, 22, 75, 81, 29, 49, 20, 100, 27, 77,
52, 63, 31, 93, 75, 46, 47, 43, 63, 19,
8, 49, 87, 46, 74, 74, 100, 74, 77, 21,
48, 40, 9, 89, 20, 38, 37, 41, 3, 64,
17, 22, 93, 14, 81, 67, 61, 94, 77, 90,
79, 51, 38, 65, 63, 79, 4, 63, 52, 48,
50, 66, 88, 60, 54, 75, 64, 92, 15, 34,
21, 99, 56, 14, 79, 2, 47, 39, 96, 90,
28, 74, 40, 33, 4, 3, 11, 9, 32, 29]
[[982, 166, 200], [498, 190, 775], [816, 843, 539], [648, 268, 757], [919, 497, 38], [477, 221, 929], [646, 285, 730], [31, 287, 426], [842, 390, 381], [352, 866, 199],
[649, 861, 365], [850, 727, 555], [6, 557, 411], [901, 573, 679], [671, 860, 544], [77, 350, 766], [375, 364, 419], [118, 751, 74], [544, 606, 464], [926, 326, 698],
[493, 976, 573], [858, 207, 668], [781, 213, 238], [206, 482, 179], [253, 166, 52], [798, 599, 403], [932, 974, 135], [364, 105, 886], [793, 17, 506], [270, 311, 200],
[336, 804, 189], [909, 43, 396], [946, 825, 965], [552, 399, 460], [732, 20, 982], [784, 818, 594], [555, 131, 581], [691, 850, 54], [945, 656, 426], [464, 294, 738],
[33, 631, 910], [222, 908, 322], [974, 235, 160], [952, 788, 914], [780, 533, 934], [775, 685, 134], [737, 609, 265], [331, 313, 484], [740, 626, 153], [535, 459, 803],
[641, 492, 802], [564, 714, 91], [886, 701, 327], [414, 34, 128], [341, 815, 29], [289, 958, 714], [423, 709, 336], [56, 408, 17], [540, 162, 12], [62, 65, 471],
[233, 706, 963], [48, 283, 690], [494, 538, 760], [821, 952, 794], [317, 662, 977], [701, 319, 949], [429, 110, 671], [133, 166, 92], [506, 75, 609], [518, 137, 674],
[2, 370, 393], [965, 773, 45], [36, 635, 583], [796, 470, 903], [604, 155, 933], [594, 857, 265], [911, 654, 375], [595, 155, 542], [56, 29, 617], [33, 547, 122],
[708, 904, 847], [469, 250, 633], [514, 642, 281], [465, 451, 119], [382, 423, 630], [328, 386, 500], [949, 310, 167], [337, 274, 322], [879, 685, 352], [864, 718, 267],
[986, 439, 540], [214, 909, 158], [847, 791, 800], [497, 270, 265], [971, 20, 56], [614, 703, 797], [127, 665, 476], [649, 16, 750], [340, 263, 448], [692, 141, 179],
[327, 495, 974], [235, 710, 264], [394, 925, 68], [207, 790, 693], [827, 143, 713], [252, 757, 785], [62, 253, 463], [538, 270, 834], [656, 610, 111], [472, 670, 607],
[652, 11, 470], [7, 246, 548], [271, 640, 842], [339, 216, 645], [46, 56, 156], [127, 663, 914], [912, 726, 535], [744, 632, 805], [591, 302, 429], [702, 774, 467],
[677, 794, 478], [161, 801, 93], [77, 85, 101], [919, 780, 672], [933, 194, 97], [102, 676, 760], [384, 602, 499], [919, 359, 145], [106, 318, 447], [890, 389, 589],
[370, 79, 397], [849, 595, 211], [310, 41, 652], [411, 960, 445], [97, 906, 7], [549, 22, 683], [322, 406, 298], [822, 694, 25], [335, 800, 699], [150, 703, 101],
[739, 86, 535], [504, 303, 499], [716, 613, 540], [381, 393, 513], [194, 845, 788], [201, 407, 178], [884, 729, 939], [551, 919, 646], [931, 622, 459], [643, 772, 530],
[744, 880, 617], [648, 397, 288], [160, 126, 902], [68, 862, 663], [581, 69, 876], [737, 625, 296], [915, 523, 393], [868, 442, 681], [882, 386, 316], [355, 43, 102],
[253, 155, 982], [870, 803, 747], [172, 331, 874], [442, 399, 117], [118, 349, 542], [362, 99, 180], [658, 383, 71], [419, 619, 513], [113, 514, 268], [785, 237, 311],
[887, 491, 821], [250, 729, 6], [10, 901, 337], [252, 711, 105], [370, 197, 454], [280, 559, 908], [460, 585, 659], [887, 18, 291], [768, 486, 174], [49, 284, 411]]
[[0, 3, 4, 4], [10, 7, 5, 0], [10, 0, 6, 9], [2, 8, 10, 4], [4, 1, 1, 0], [4, 6, 9, 6], [2, 6, 2, 5], [9, 8, 2, 7], [10, 6, 1, 9], [1, 4, 7, 0],
[5, 2, 7, 7], [8, 4, 9, 10], [6, 9, 8, 8], [2, 6, 1, 4], [2, 2, 7, 9], [10, 9, 6, 7], [3, 7, 4, 4], [0, 0, 2, 3], [1, 8, 9, 7], [10, 7, 7, 3],
[3, 4, 0, 5], [9, 0, 9, 0], [2, 5, 9, 10], [2, 2, 7, 5], [9, 0, 9, 8], [9, 9, 0, 8], [4, 9, 5, 4], [4, 10, 7, 7], [1, 6, 2, 10], [6, 0, 8, 8],
[4, 5, 7, 6], [7, 1, 0, 6], [10, 7, 1, 7], [3, 1, 4, 8], [9, 7, 1, 2], [4, 8, 7, 6], [3, 9, 3, 7], [8, 1, 4, 1], [6, 10, 7, 0], [0, 5, 4, 9],
[1, 5, 5, 2], [7, 7, 10, 5], [4, 0, 5, 6], [7, 1, 1, 8], [0, 3, 5, 6], [4, 9, 7, 8], [6, 1, 8, 7], [6, 2, 5, 5], [7, 8, 7, 1], [4, 5, 4, 8],
[5, 9, 4, 10], [0, 3, 8, 9], [6, 2, 4, 8], [9, 9, 3, 5], [10, 10, 10, 3], [1, 2, 6, 6], [10, 2, 6, 3], [7, 10, 10, 0], [9, 1, 8, 7], [4, 3, 5, 9],
[5, 7, 4, 2], [5, 8, 5, 2], [7, 2, 3, 6], [4, 9, 10, 1], [9, 5, 2, 4], [3, 1, 2, 1], [2, 10, 6, 5], [3, 9, 1, 6], [5, 3, 6, 8], [0, 0, 8, 5],
[0, 0, 9, 4], [9, 7, 3, 7], [10, 6, 9, 2], [5, 0, 1, 6], [0, 7, 0, 3], [5, 10, 7, 8], [2, 3, 5, 1], [1, 0, 4, 2], [0, 3, 4, 7], [8, 8, 2, 7],
[3, 0, 10, 6], [10, 0, 1, 10], [8, 10, 0, 2], [9, 7, 9, 10], [8, 3, 0, 10], [2, 4, 1, 0], [5, 5, 6, 2], [0, 8, 10, 1], [6, 9, 8, 5], [7, 9, 2, 4],
[9, 0, 5, 7], [6, 3, 4, 3], [4, 4, 2, 6], [7, 1, 5, 1], [5, 0, 2, 5], [6, 10, 7, 10], [6, 4, 5, 2], [2, 5, 5, 9], [6, 10, 4, 1], [0, 8, 2, 2],
[2, 3, 7, 7], [4, 1, 6, 9], [1, 8, 2, 7], [7, 9, 4, 0], [0, 7, 3, 0], [2, 8, 10, 6], [5, 3, 7, 3], [0, 9, 5, 2], [1, 1, 7, 4], [0, 3, 0, 1],
[0, 2, 6, 6], [9, 0, 6, 9], [5, 7, 10, 7], [2, 7, 2, 5], [10, 7, 8, 10], [4, 1, 0, 3], [2, 7, 7, 3], [8, 6, 2, 9], [8, 7, 2, 5], [5, 6, 1, 10],
[3, 9, 5, 5], [5, 5, 9, 4], [2, 6, 2, 6], [7, 0, 7, 8], [5, 4, 9, 3], [10, 9, 10, 5], [5, 10, 8, 8], [5, 10, 6, 6], [8, 0, 10, 3], [5, 8, 5, 5],
[3, 5, 9, 9], [3, 6, 6, 7], [8, 4, 10, 5], [0, 7, 8, 4], [6, 6, 1, 9], [5, 5, 5, 0], [5, 2, 1, 9], [10, 5, 1, 0], [8, 0, 9, 1], [6, 2, 8, 1],
[4, 5, 6, 5], [10, 1, 9, 3], [7, 8, 1, 10], [3, 4, 0, 6], [6, 10, 4, 3], [4, 6, 4, 2], [4, 0, 1, 8], [3, 7, 9, 7], [1, 2, 10, 0], [3, 8, 1, 9],
[6, 2, 8, 9], [5, 6, 4, 0], [6, 7, 2, 8], [0, 6, 8, 4], [4, 9, 1, 7], [5, 8, 2, 4], [10, 1, 2, 0], [8, 3, 9, 1], [4, 7, 10, 9], [0, 1, 7, 4],
[6, 9, 2, 4], [2, 8, 8, 7], [7, 7, 1, 10], [4, 1, 2, 1], [1, 4, 2, 9], [6, 0, 8, 10], [5, 5, 6, 6], [4, 2, 10, 0], [10, 1, 4, 10], [8, 0, 4, 2],
[5, 6, 1, 10], [5, 1, 9, 6], [6, 0, 2, 1], [10, 8, 9, 4], [2, 4, 10, 7], [4, 10, 7, 3], [9, 9, 3, 4], [7, 7, 6, 2], [0, 8, 10, 4], [9, 8, 8, 2]]
[1, 1, 1, 1, 1, 0.2, 0.2, 0.2, 0.2, 0.2,
0.2, 0.2, 0.2, 0.2, 0.2, 0.2, 0.2, 0.2, 0.2, 0.2,
0.2, 0.2, 0.2, 0.2, 0.2, 0.2, 0.2, 0.2, 0.2, 0.2,
0.04, 0.04, 0.04, 0.04, 0.04, 0.04, 0.04, 0.04, 0.04, 0.04,
0.04, 0.04, 0.04, 0.04, 0.04, 0.04, 0.04, 0.04, 0.04, 0.04,
0.04, 0.04, 0.04, 0.04, 0.04, 0.008, 0.008, 0.008, 0.008, 0.008,
0.008, 0.008, 0.008, 0.008, 0.008, 0.008, 0.008, 0.008, 0.008, 0.008,
0.008, 0.008, 0.008, 0.008, 0.008, 0.008, 0.008, 0.008, 0.008, 0.008,
0.0016, 0.0016, 0.0016, 0.0016, 0.0016, 0.0016, 0.0016, 0.0016, 0.0016, 0.0016,
0.0016, 0.0016, 0.0016, 0.0016, 0.0016, 0.0016, 0.0016, 0.0016, 0.0016, 0.0016,
0.0016, 0.0016, 0.0016, 0.0016, 0.0016, 0.00032, 0.00032, 0.00032, 0.00032, 0.00032,
0.00032, 0.00032, 0.00032, 0.00032, 0.00032, 0.00032, 0.00032, 0.00032, 0.00032, 0.00032,
0.00032, 0.00032, 0.00032, 0.00032, 0.00032, 0.00032, 0.00032, 0.00032, 0.00032, 0.00032,
6.4e-05, 6.4e-05, 6.4e-05, 6.4e-05, 6.4e-05, 6.4e-05, 6.4e-05, 6.4e-05, 6.4e-05, 6.4e-05,
6.4e-05, 6.4e-05, 6.4e-05, 6.4e-05, 6.4e-05, 6.4e-05, 6.4e-05, 6.4e-05, 6.4e-05, 6.4e-05,
6.4e-05, 6.4e-05, 6.4e-05, 6.4e-05, 6.4e-05, 1.28e-05, 1.28e-05, 1.28e-05, 1.28e-05, 1.28e-05,
1.28e-05, 1.28e-05, 1.28e-05, 1.28e-05, 1.28e-05, 1.28e-05, 1.28e-05, 1.28e-05, 1.28e-05, 1.28e-05,
1.28e-05, 1.28e-05, 1.28e-05, 1.28e-05, 1.28e-05, 1.28e-05, 1.28e-05, 1.28e-05, 1.28e-05, 1.28e-05]
[11, 0, 0, 7, 7, 18, 8, 7, 3, 9,
16, 18, 9, 5, 1, 2, 6, 4, 19, 9,
13, 16, 10, 9, 2, 13, 16, 5, 17, 1,
18, 3, 10, 14, 3, 1, 15, 14, 13, 10,
13, 18, 7, 6, 6, 15, 16, 12, 10, 8,
13, 6, 19, 5, 15, 12, 19, 9, 17, 15,
16, 3, 12, 10, 5, 13, 12, 19, 12, 8,
12, 8, 6, 2, 5, 11, 19, 5, 2, 18,
7, 18, 3, 15, 7, 14, 7, 15, 12, 8,
6, 11, 6, 0, 4, 7, 2, 15, 16, 4,
17, 14, 5, 9, 10, 19, 9, 5, 18, 7,
17, 18, 0, 9, 15, 11, 16, 8, 7, 11,
7, 6, 4, 7, 10, 10, 0, 10, 14, 9,
17, 14, 19, 7, 4, 16, 13, 11, 7, 5,
4, 8, 15, 9, 2, 11, 4, 16, 3, 1,
15, 10, 5, 18, 3, 5, 10, 16, 15, 7,
8, 0, 19, 7, 13, 2, 11, 0, 10, 4,
14, 5, 2, 15, 11, 19, 5, 4, 0, 11]
------------------------------------------------------- 
# stage = 8	# children c = 5	length of each stage p = 5	nodes = 179	# items I = 1
