[14, 17, 84, 50, 3, 40, 49, 90, 51, 74,
75, 84, 97, 97, 24, 36, 25, 87, 53, 90,
26, 95, 0, 96, 47, 50, 57, 73, 44, 30,
53, 24]
[[375, 380, 133], [644, 269, 0], [40, 578, 184], [149, 213, 738], [954, 65, 462], [356, 560, 76], [573, 917, 162], [195, 952, 373], [314, 384, 328], [83, 742, 59],
[796, 129, 0], [489, 773, 269], [50, 813, 407], [234, 522, 620], [532, 489, 246], [6, 845, 806], [631, 430, 295], [793, 185, 807], [726, 500, 751], [614, 583, 505],
[674, 939, 194], [674, 441, 967], [503, 491, 352], [910, 285, 875], [542, 818, 376], [348, 384, 781], [715, 27, 223], [22, 381, 957], [390, 667, 469], [153, 294, 612],
[219, 968, 123], [961, 214, 124]]
[[1, 1, 0, 8], [6, 6, 4, 8], [10, 4, 10, 9], [8, 3, 0, 2], [10, 4, 3, 5], [6, 0, 4, 8], [10, 10, 3, 4], [2, 4, 2, 3], [5, 2, 9, 10], [6, 2, 5, 6],
[4, 4, 2, 1], [7, 2, 4, 7], [6, 7, 10, 10], [5, 3, 5, 4], [3, 9, 8, 3], [0, 8, 4, 4], [8, 2, 3, 3], [2, 8, 9, 7], [1, 9, 8, 8], [0, 1, 2, 4],
[6, 1, 2, 0], [3, 7, 2, 6], [3, 8, 7, 2], [5, 0, 6, 2], [0, 9, 4, 2], [6, 0, 9, 5], [10, 7, 0, 8], [6, 1, 2, 0], [0, 4, 0, 3], [9, 1, 7, 2],
[9, 3, 2, 4], [1, 8, 4, 1]]
[1, 1, 0.333333, 0.333333, 0.333333, 0.333333, 0.333333, 0.333333, 0.111111, 0.111111,
0.111111, 0.111111, 0.111111, 0.111111, 0.037037, 0.037037, 0.037037, 0.037037, 0.037037, 0.037037,
0.0123457, 0.0123457, 0.0123457, 0.0123457, 0.0123457, 0.0123457, 0.00411523, 0.00411523, 0.00411523, 0.00411523,
0.00411523, 0.00411523]
[7, 1, 7, 1, 4, 9, 5, 7, 6, 1,
3, 7, 4, 2, 5, 4, 8, 3, 2, 0,
9, 6, 5, 9, 9, 6, 8, 5, 5, 1,
7, 5]
------------------------------------------------------- 
# stage = 6	# children c = 3	length of each stage p = 2	nodes = 31	# items I = 1
