[62, 48, 29, 23, 74, 91, 91, 68, 15, 81,
56, 61, 93, 66, 75, 88, 18, 55, 50, 81,
94, 62, 3, 96, 18, 91, 76, 62, 21, 50,
2, 83, 64, 31, 72, 37, 21, 62, 71, 3,
9, 94, 64, 68]
[[1967, 973, 904], [56, 335, 1614], [1607, 1267, 415], [616, 20, 1414], [1627, 1644, 685], [1688, 1473, 1300], [1661, 729, 1000], [1527, 1415, 999], [1890, 573, 1603], [1435, 722, 188],
[1628, 1296, 1741], [560, 1353, 103], [201, 1567, 1950], [616, 210, 1970], [57, 1838, 1641], [1322, 160, 1142], [1229, 1822, 1871], [837, 1956, 1893], [1836, 1874, 1074], [1467, 1336, 1796],
[262, 992, 1120], [30, 159, 500], [713, 360, 94], [690, 976, 305], [688, 1614, 750], [936, 1543, 1490], [105, 800, 1339], [583, 1637, 1323], [1084, 107, 1804], [185, 181, 1747],
[588, 443, 766], [1708, 1053, 925], [815, 1766, 1865], [1490, 484, 1449], [402, 1752, 1090], [1732, 715, 1240], [1249, 1401, 647], [616, 591, 311], [546, 282, 999], [957, 1047, 1180],
[731, 1636, 1624], [105, 1951, 1284], [1030, 1374, 1078], [1503, 891, 169]]
[[8, 1, 1, 9], [1, 1, 7, 0], [2, 1, 10, 1], [5, 5, 4, 6], [7, 7, 8, 10], [2, 1, 6, 3], [9, 0, 7, 7], [9, 1, 5, 5], [0, 6, 3, 1], [7, 10, 10, 8],
[10, 10, 9, 4], [4, 0, 8, 10], [6, 3, 9, 6], [4, 2, 9, 1], [1, 6, 8, 8], [5, 1, 2, 6], [7, 4, 5, 2], [3, 5, 8, 2], [4, 6, 4, 6], [5, 1, 3, 0],
[3, 0, 6, 7], [2, 4, 8, 1], [8, 4, 10, 1], [5, 10, 7, 10], [3, 1, 1, 5], [4, 9, 5, 8], [3, 8, 4, 8], [7, 7, 6, 10], [7, 1, 7, 8], [3, 2, 7, 10],
[6, 4, 0, 9], [4, 5, 9, 5], [4, 8, 8, 9], [5, 1, 6, 6], [9, 8, 1, 5], [3, 7, 3, 8], [8, 8, 5, 9], [10, 0, 8, 6], [4, 6, 2, 6], [0, 0, 10, 5],
[7, 7, 3, 10], [6, 7, 5, 4], [5, 6, 8, 8], [2, 0, 5, 8]]
[1, 1, 0.333333, 0.333333, 0.333333, 0.333333, 0.333333, 0.333333, 0.111111, 0.111111,
0.111111, 0.111111, 0.111111, 0.111111, 0.037037, 0.037037, 0.037037, 0.037037, 0.037037, 0.037037,
0.0123457, 0.0123457, 0.0123457, 0.0123457, 0.0123457, 0.0123457, 0.00411523, 0.00411523, 0.00411523, 0.00411523,
0.00411523, 0.00411523, 0.00137174, 0.00137174, 0.00137174, 0.00137174, 0.00137174, 0.00137174, 0.000457247, 0.000457247,
0.000457247, 0.000457247, 0.000457247, 0.000457247]
[0, 5, 3, 8, 6, 6, 5, 3, 4, 9,
1, 4, 4, 6, 2, 5, 0, 4, 7, 5,
7, 0, 0, 6, 5, 7, 8, 0, 5, 5,
7, 2, 5, 2, 1, 7, 3, 4, 6, 9,
8, 9, 7, 1]
------------------------------------------------------- 
# stage = 8	# children c = 3	length of each stage p = 2	nodes = 43	# items I = 1
