[31, 39, 26, 67, 28, 10, 27, 78, 12, 17,
64, 42, 89, 86, 99, 34, 48, 98, 49, 90,
26, 53, 21, 51, 30, 30, 85, 43, 55, 88,
68, 52, 27, 94, 18, 55, 70, 12, 99, 49,
29, 28, 91, 85, 14, 56]
[[619, 904, 726], [328, 292, 545], [748, 413, 378], [253, 412, 610], [579, 438, 548], [121, 600, 671], [383, 685, 763], [7, 763, 331], [11, 136, 628], [537, 668, 427],
[849, 326, 958], [241, 281, 876], [786, 655, 328], [790, 908, 741], [440, 152, 805], [614, 861, 444], [324, 283, 755], [713, 291, 183], [84, 889, 906], [338, 91, 614],
[391, 567, 566], [388, 808, 847], [891, 259, 541], [258, 88, 114], [625, 154, 854], [95, 769, 754], [165, 132, 663], [920, 846, 580], [729, 556, 135], [675, 520, 226],
[328, 911, 419], [894, 926, 266], [781, 482, 525], [948, 366, 240], [689, 31, 394], [582, 126, 789], [1, 879, 548], [664, 464, 59], [871, 233, 615], [45, 908, 761],
[858, 862, 337], [317, 795, 302], [583, 241, 784], [735, 816, 190], [601, 544, 808], [34, 165, 560]]
[[8, 10, 1, 6], [6, 8, 5, 7], [5, 5, 2, 9], [6, 4, 0, 4], [7, 0, 6, 5], [10, 10, 1, 7], [9, 0, 7, 1], [3, 3, 8, 0], [2, 7, 6, 7], [4, 1, 1, 7],
[4, 3, 5, 8], [5, 4, 1, 10], [4, 7, 5, 1], [4, 6, 7, 2], [6, 3, 2, 9], [4, 10, 7, 4], [5, 3, 9, 9], [2, 0, 6, 4], [3, 9, 1, 9], [2, 2, 8, 5],
[7, 2, 6, 10], [7, 0, 1, 2], [1, 1, 10, 5], [10, 6, 8, 4], [7, 6, 2, 7], [4, 6, 0, 8], [5, 10, 4, 7], [1, 10, 1, 7], [0, 6, 6, 7], [6, 5, 7, 6],
[7, 6, 0, 6], [0, 6, 10, 5], [0, 10, 0, 4], [6, 9, 10, 0], [9, 3, 5, 10], [3, 7, 4, 3], [0, 10, 8, 4], [5, 4, 10, 1], [9, 9, 5, 7], [4, 4, 1, 2],
[1, 10, 7, 7], [9, 4, 5, 7], [8, 0, 4, 9], [5, 9, 10, 5], [8, 7, 7, 0], [0, 7, 1, 7]]
[1, 1, 0.5, 0.5, 0.5, 0.5, 0.25, 0.25, 0.25, 0.25,
0.125, 0.125, 0.125, 0.125, 0.0625, 0.0625, 0.0625, 0.0625, 0.03125, 0.03125,
0.03125, 0.03125, 0.015625, 0.015625, 0.015625, 0.015625, 0.0078125, 0.0078125, 0.0078125, 0.0078125,
0.00390625, 0.00390625, 0.00390625, 0.00390625, 0.00195312, 0.00195312, 0.00195312, 0.00195312, 0.000976562, 0.000976562,
0.000976562, 0.000976562, 0.000488281, 0.000488281, 0.000488281, 0.000488281]
[7, 7, 6, 17, 5, 1, 7, 14, 19, 1,
5, 7, 0, 12, 8, 8, 4, 14, 8, 12,
8, 8, 0, 14, 3, 8, 2, 13, 17, 2,
8, 16, 17, 7, 14, 10, 5, 2, 16, 9,
5, 1, 4, 14, 12, 10]
------------------------------------------------------- 
# stage = 12	# children c = 2	length of each stage p = 2	nodes = 45	# items I = 1
