[75, 31, 7, 84, 0, 66, 28, 46, 79, 78,
63, 5, 42, 27, 54, 19, 62, 76, 62, 72,
50, 86, 91, 89, 89, 18, 14, 41, 39, 61,
28, 13, 58, 1, 97, 59, 68, 91, 71, 12,
68, 34, 17, 77, 61, 71, 96, 22, 13, 24,
60, 63, 9, 51, 52, 64, 69, 32, 4, 74,
59, 32, 87, 16, 34, 49, 41, 68, 6, 12,
80, 74, 46, 64, 50, 73, 0, 12, 61, 13,
36, 87, 77, 45, 37, 95, 8, 72, 26, 12,
45, 85, 10, 98, 67, 10, 13, 75, 44, 19,
87, 91]
[[1867, 1573, 1703], [591, 388, 1426], [1480, 1306, 746], [1107, 827, 1536], [1024, 1821, 1180], [1516, 1271, 1532], [1848, 1365, 273], [631, 528, 21], [1858, 1764, 838], [721, 426, 1443],
[243, 336, 1059], [1947, 1875, 1447], [1416, 1398, 1743], [1152, 548, 1561], [1678, 562, 1425], [901, 122, 1686], [1423, 960, 84], [686, 1591, 613], [707, 482, 420], [1545, 193, 847],
[21, 437, 173], [1080, 1374, 91], [1517, 1780, 1490], [294, 975, 1028], [1855, 696, 1591], [313, 587, 703], [989, 53, 1663], [1073, 739, 288], [1686, 1446, 1717], [1097, 25, 1911],
[934, 46, 1338], [1107, 117, 755], [1199, 624, 578], [1679, 918, 543], [750, 1763, 229], [384, 1066, 816], [1087, 98, 869], [1741, 1172, 598], [1019, 1848, 1034], [1726, 988, 1059],
[670, 1922, 1106], [998, 63, 213], [1753, 1262, 837], [1321, 1931, 746], [854, 1671, 552], [1083, 99, 1619], [889, 176, 707], [748, 907, 1879], [1346, 916, 761], [424, 686, 1749],
[473, 346, 705], [1579, 1345, 768], [782, 131, 1020], [1620, 1453, 994], [409, 1297, 708], [1908, 424, 1754], [560, 303, 921], [1268, 1052, 1828], [180, 1388, 1735], [941, 1812, 1411],
[1681, 329, 1757], [429, 898, 1145], [187, 1681, 1277], [1207, 334, 1720], [1191, 743, 1060], [889, 1641, 474], [1634, 245, 778], [598, 1513, 820], [1416, 1693, 251], [184, 1625, 107],
[1595, 1349, 1383], [1396, 768, 1271], [1531, 955, 1942], [851, 205, 319], [614, 386, 52], [665, 1275, 1694], [1139, 1899, 929], [907, 540, 485], [1727, 947, 1168], [969, 1131, 836],
[66, 770, 1175], [1449, 1156, 1943], [1710, 730, 941], [1696, 1582, 136], [1005, 1186, 1469], [1058, 841, 788], [1742, 971, 730], [714, 1878, 261], [189, 639, 198], [347, 1608, 1329],
[174, 1674, 1089], [1349, 156, 288], [326, 1866, 1019], [257, 595, 1591], [1341, 1601, 1767], [853, 1649, 652], [631, 1434, 1623], [352, 1138, 534], [613, 317, 1173], [811, 664, 1771],
[1130, 1785, 1488], [263, 1178, 1644]]
[[3, 4, 8, 2], [5, 6, 8, 7], [3, 0, 3, 10], [2, 6, 0, 9], [9, 5, 10, 1], [8, 1, 0, 9], [8, 8, 10, 9], [3, 2, 2, 7], [6, 10, 7, 9], [4, 4, 5, 5],
[2, 9, 4, 2], [2, 4, 0, 0], [7, 10, 1, 4], [9, 0, 2, 6], [8, 0, 5, 1], [2, 7, 6, 7], [5, 0, 5, 7], [4, 0, 1, 4], [9, 5, 6, 0], [7, 4, 9, 3],
[1, 9, 7, 8], [9, 7, 4, 4], [7, 7, 3, 8], [1, 7, 4, 4], [7, 7, 0, 9], [7, 1, 2, 3], [4, 6, 1, 0], [10, 0, 1, 9], [9, 6, 7, 5], [3, 9, 9, 8],
[5, 0, 3, 4], [7, 5, 9, 4], [2, 9, 2, 7], [0, 3, 0, 4], [9, 10, 3, 7], [8, 4, 5, 4], [0, 10, 9, 1], [8, 6, 7, 0], [6, 0, 5, 2], [3, 3, 4, 5],
[1, 7, 2, 10], [10, 0, 4, 6], [8, 7, 2, 6], [9, 6, 10, 7], [3, 7, 8, 10], [2, 3, 10, 6], [1, 2, 8, 4], [5, 0, 8, 5], [5, 8, 4, 4], [8, 8, 8, 5],
[2, 9, 9, 1], [2, 9, 8, 5], [3, 4, 4, 5], [5, 2, 0, 6], [4, 6, 8, 10], [6, 5, 2, 0], [2, 6, 2, 8], [2, 9, 1, 4], [7, 8, 3, 9], [4, 10, 1, 7],
[1, 6, 1, 6], [6, 10, 10, 10], [4, 7, 7, 8], [0, 9, 7, 0], [5, 7, 7, 7], [5, 8, 9, 1], [5, 0, 8, 8], [10, 10, 4, 0], [3, 4, 4, 7], [3, 1, 6, 5],
[6, 1, 3, 6], [10, 8, 5, 2], [4, 1, 7, 10], [7, 6, 9, 10], [6, 5, 7, 3], [2, 1, 1, 3], [5, 3, 10, 6], [4, 5, 10, 10], [6, 2, 4, 4], [10, 7, 6, 1],
[6, 1, 0, 2], [7, 8, 10, 0], [2, 7, 1, 2], [6, 2, 5, 9], [5, 4, 2, 7], [7, 1, 4, 1], [1, 8, 5, 9], [2, 9, 0, 8], [10, 9, 10, 4], [6, 8, 2, 6],
[2, 3, 6, 8], [3, 0, 4, 6], [4, 6, 2, 1], [8, 7, 2, 9], [2, 5, 8, 5], [1, 8, 0, 1], [6, 9, 3, 0], [6, 6, 4, 8], [7, 0, 5, 0], [0, 9, 6, 3],
[2, 9, 2, 10], [3, 4, 9, 5]]
[1, 1, 1, 0.333333, 0.333333, 0.333333, 0.333333, 0.333333, 0.333333, 0.333333,
0.333333, 0.333333, 0.111111, 0.111111, 0.111111, 0.111111, 0.111111, 0.111111, 0.111111, 0.111111,
0.111111, 0.037037, 0.037037, 0.037037, 0.037037, 0.037037, 0.037037, 0.037037, 0.037037, 0.037037,
0.0123457, 0.0123457, 0.0123457, 0.0123457, 0.0123457, 0.0123457, 0.0123457, 0.0123457, 0.0123457, 0.00411523,
0.00411523, 0.00411523, 0.00411523, 0.00411523, 0.00411523, 0.00411523, 0.00411523, 0.00411523, 0.00137174, 0.00137174,
0.00137174, 0.00137174, 0.00137174, 0.00137174, 0.00137174, 0.00137174, 0.00137174, 0.000457247, 0.000457247, 0.000457247,
0.000457247, 0.000457247, 0.000457247, 0.000457247, 0.000457247, 0.000457247, 0.000152416, 0.000152416, 0.000152416, 0.000152416,
0.000152416, 0.000152416, 0.000152416, 0.000152416, 0.000152416, 5.08053e-05, 5.08053e-05, 5.08053e-05, 5.08053e-05, 5.08053e-05,
5.08053e-05, 5.08053e-05, 5.08053e-05, 5.08053e-05, 1.69351e-05, 1.69351e-05, 1.69351e-05, 1.69351e-05, 1.69351e-05, 1.69351e-05,
1.69351e-05, 1.69351e-05, 1.69351e-05, 5.64503e-06, 5.64503e-06, 5.64503e-06, 5.64503e-06, 5.64503e-06, 5.64503e-06, 5.64503e-06,
5.64503e-06, 5.64503e-06]
[2, 7, 2, 5, 5, 2, 6, 1, 2, 0,
9, 7, 2, 4, 0, 1, 7, 3, 8, 1,
0, 8, 4, 4, 4, 9, 5, 4, 3, 6,
9, 8, 1, 0, 3, 7, 8, 5, 7, 5,
6, 0, 5, 3, 7, 4, 0, 4, 7, 4,
9, 8, 1, 3, 5, 3, 6, 7, 9, 2,
5, 4, 0, 0, 6, 9, 0, 4, 5, 1,
0, 4, 1, 4, 8, 1, 2, 0, 6, 1,
9, 7, 2, 4, 5, 0, 3, 8, 2, 8,
8, 6, 7, 6, 1, 8, 3, 3, 3, 8,
6, 5]
------------------------------------------------------- 
# stage = 12	# children c = 3	length of each stage p = 3	nodes = 101	# items I = 1
