[75, 52, 69, 51, 16, 6, 56, 88, 20, 85,
60, 24, 82, 51, 92, 14, 100, 5, 39, 49,
97, 19, 81]
[[1540, 585, 1242], [1363, 1242, 1011], [1886, 2289, 177], [248, 645, 433], [2212, 2151, 1723], [17, 807, 1113], [222, 758, 319], [657, 185, 1910], [117, 283, 279], [1453, 2098, 584],
[794, 360, 223], [2036, 776, 1465], [2101, 331, 476], [2278, 1964, 174], [1764, 1845, 2325], [209, 915, 802], [375, 1137, 1560], [695, 1794, 798], [1658, 964, 135], [1937, 86, 2233],
[191, 880, 1646], [414, 1970, 91], [932, 1740, 1807]]
[[8, 0, 5, 5], [9, 4, 10, 2], [8, 4, 4, 7], [9, 8, 1, 10], [7, 4, 9, 8], [9, 9, 4, 2], [0, 10, 4, 7], [1, 9, 3, 8], [10, 8, 2, 6], [1, 10, 8, 7],
[3, 10, 1, 1], [7, 2, 0, 2], [7, 8, 10, 3], [6, 4, 5, 6], [3, 7, 0, 2], [6, 3, 10, 3], [9, 10, 7, 8], [9, 4, 2, 1], [3, 3, 1, 9], [4, 10, 0, 9],
[5, 10, 1, 0], [1, 4, 5, 4], [9, 3, 5, 2]]
[1, 0.5, 0.5, 0.25, 0.25, 0.125, 0.125, 0.0625, 0.0625, 0.03125,
0.03125, 0.015625, 0.015625, 0.0078125, 0.0078125, 0.00390625, 0.00390625, 0.00195312, 0.00195312, 0.000976562,
0.000976562, 0.000488281, 0.000488281]
[8, 8, 7, 0, 7, 0, 7, 3, 2, 5,
8, 4, 8, 1, 10, 4, 6, 5, 7, 4,
5, 2, 11]
------------------------------------------------------- 
# stage = 12	# children c = 2	length of each stage p = 1	nodes = 22	# items I = 1
