[11, 40, 51, 73, 7, 37, 65, 82, 59, 44,
91, 18, 92, 12, 6, 31, 51, 5, 69, 89,
0, 7, 30, 23, 24, 42, 11, 72, 38, 19,
88, 15, 26, 38, 89, 33, 41, 53, 82, 66,
63, 72, 85, 54, 51, 91, 52, 1, 62, 87,
56, 29, 60, 52, 52, 84, 95, 29, 22, 32,
48, 76, 47, 74, 13, 1, 74, 54, 54, 55,
86, 83, 93, 70, 37, 43, 60, 55, 45, 89,
41, 67, 17, 1, 19, 69, 51, 13, 64, 39,
11, 11, 14, 58, 52, 27, 26, 25, 47, 80,
46, 33, 29, 38, 69, 66, 82, 96, 20, 93,
84, 27, 59, 0, 28, 78, 35, 80, 57, 99,
18, 68, 76, 33, 93, 27, 26, 18, 18, 40,
64, 30, 39, 93, 69, 7, 58, 16, 2, 44,
8, 86, 72, 33, 52, 66, 11, 87, 11, 34,
85, 97, 2, 61, 96, 95, 54, 21, 12, 39,
27, 42, 69, 32, 35, 37, 40, 59, 53, 8,
3, 27, 61, 41, 61, 12, 6, 38, 100, 85]
[[687, 346, 447], [0, 298, 229], [94, 639, 389], [825, 71, 185], [790, 451, 348], [624, 171, 973], [518, 249, 442], [537, 244, 310], [624, 574, 785], [333, 262, 599],
[637, 652, 945], [786, 652, 257], [717, 449, 599], [121, 976, 372], [8, 482, 823], [58, 121, 697], [45, 341, 946], [190, 878, 204], [500, 218, 480], [299, 551, 742],
[898, 890, 408], [560, 392, 763], [519, 123, 914], [132, 932, 606], [206, 940, 102], [44, 700, 911], [443, 746, 266], [403, 936, 846], [309, 152, 78], [789, 153, 331],
[247, 753, 923], [358, 327, 329], [823, 847, 453], [751, 681, 399], [371, 888, 56], [175, 634, 756], [101, 91, 218], [69, 196, 856], [916, 207, 22], [8, 698, 175],
[340, 945, 929], [277, 19, 958], [607, 842, 819], [762, 309, 217], [863, 382, 807], [621, 558, 157], [392, 361, 248], [312, 430, 146], [183, 360, 353], [205, 369, 65],
[83, 411, 712], [714, 390, 732], [686, 699, 290], [520, 475, 600], [439, 55, 982], [260, 676, 256], [417, 770, 617], [367, 97, 62], [215, 968, 124], [568, 875, 195],
[335, 958, 606], [61, 686, 699], [495, 387, 412], [786, 609, 590], [102, 62, 645], [98, 24, 335], [355, 143, 120], [972, 212, 905], [736, 427, 887], [563, 9, 776],
[758, 46, 749], [81, 795, 151], [780, 305, 538], [206, 793, 849], [796, 895, 613], [157, 7, 339], [493, 64, 482], [315, 739, 694], [234, 191, 823], [135, 754, 534],
[911, 527, 580], [376, 310, 390], [528, 104, 397], [768, 12, 204], [334, 511, 113], [947, 668, 808], [301, 175, 575], [485, 490, 328], [882, 426, 519], [719, 561, 288],
[268, 189, 517], [848, 565, 827], [940, 795, 633], [351, 280, 645], [555, 614, 170], [370, 575, 541], [881, 578, 716], [470, 78, 909], [798, 662, 349], [33, 395, 613],
[23, 365, 504], [242, 228, 771], [83, 870, 581], [418, 236, 861], [78, 493, 191], [936, 864, 766], [491, 759, 61], [910, 931, 827], [535, 445, 503], [586, 478, 898],
[901, 502, 278], [419, 446, 208], [205, 530, 92], [786, 948, 328], [363, 728, 822], [554, 381, 402], [36, 574, 863], [785, 200, 808], [626, 735, 267], [143, 336, 447],
[744, 251, 651], [724, 373, 112], [932, 578, 344], [726, 80, 8], [757, 145, 439], [295, 401, 522], [697, 139, 110], [276, 925, 311], [98, 565, 748], [67, 411, 786],
[216, 169, 740], [868, 893, 127], [682, 541, 705], [40, 281, 487], [736, 52, 632], [189, 347, 47], [711, 746, 186], [524, 36, 125], [537, 822, 393], [299, 889, 804],
[100, 808, 973], [840, 392, 582], [669, 88, 137], [388, 816, 418], [875, 268, 173], [223, 458, 520], [270, 871, 281], [456, 409, 317], [284, 946, 154], [677, 948, 745],
[495, 62, 269], [184, 604, 661], [468, 287, 451], [605, 377, 969], [725, 954, 252], [898, 191, 412], [135, 163, 297], [416, 321, 409], [435, 605, 71], [291, 984, 33],
[51, 195, 783], [22, 379, 103], [684, 549, 92], [837, 168, 171], [821, 596, 139], [87, 508, 32], [201, 643, 883], [200, 761, 219], [609, 211, 824], [383, 502, 823],
[416, 255, 32], [902, 278, 114], [19, 664, 663], [112, 515, 534], [283, 350, 144], [125, 139, 354], [845, 42, 12], [743, 243, 475], [962, 554, 686], [502, 937, 891]]
[[7, 7, 2, 6], [3, 5, 2, 8], [8, 7, 4, 1], [4, 9, 7, 0], [10, 3, 6, 5], [1, 6, 2, 2], [3, 7, 9, 4], [3, 0, 6, 8], [8, 8, 2, 0], [2, 4, 6, 8],
[10, 8, 7, 1], [7, 4, 1, 4], [5, 7, 9, 4], [1, 9, 6, 4], [3, 5, 8, 6], [3, 3, 2, 9], [9, 4, 10, 9], [6, 3, 7, 3], [1, 3, 4, 6], [5, 3, 10, 9],
[0, 6, 2, 10], [3, 7, 3, 6], [10, 10, 0, 2], [0, 2, 1, 8], [4, 9, 6, 10], [1, 0, 1, 0], [2, 5, 6, 7], [9, 3, 3, 7], [10, 4, 4, 2], [0, 7, 8, 10],
[4, 8, 1, 5], [8, 0, 0, 1], [9, 6, 10, 9], [5, 0, 9, 7], [3, 5, 1, 10], [6, 5, 6, 3], [9, 8, 5, 9], [5, 1, 8, 7], [7, 7, 10, 5], [8, 10, 4, 4],
[4, 1, 2, 9], [1, 1, 5, 3], [4, 6, 2, 8], [0, 7, 1, 7], [4, 6, 3, 7], [5, 0, 4, 0], [6, 1, 3, 3], [1, 7, 5, 5], [9, 8, 3, 8], [7, 6, 0, 0],
[1, 1, 8, 0], [8, 7, 5, 1], [1, 9, 9, 6], [7, 0, 4, 2], [1, 7, 3, 0], [2, 9, 3, 9], [4, 6, 6, 0], [10, 5, 9, 10], [6, 4, 10, 3], [1, 2, 2, 2],
[0, 0, 6, 8], [9, 0, 8, 9], [7, 1, 9, 7], [8, 2, 5, 1], [6, 10, 10, 6], [4, 8, 5, 10], [10, 2, 0, 0], [4, 2, 0, 3], [1, 7, 0, 8], [5, 8, 6, 1],
[7, 5, 7, 2], [5, 1, 1, 0], [0, 0, 4, 4], [6, 7, 1, 6], [7, 10, 4, 1], [0, 5, 4, 10], [10, 2, 7, 4], [8, 1, 3, 3], [4, 10, 5, 9], [1, 7, 7, 10],
[5, 10, 4, 1], [6, 3, 5, 3], [1, 9, 2, 1], [3, 4, 0, 0], [6, 5, 4, 3], [6, 8, 4, 10], [5, 10, 8, 6], [4, 3, 6, 7], [2, 8, 8, 8], [9, 2, 9, 10],
[10, 0, 0, 0], [4, 9, 1, 8], [4, 5, 10, 10], [0, 3, 10, 6], [0, 5, 10, 4], [8, 3, 1, 8], [0, 7, 6, 8], [8, 2, 7, 7], [1, 6, 7, 3], [4, 8, 1, 8],
[1, 0, 6, 10], [1, 5, 5, 2], [8, 3, 4, 4], [6, 3, 1, 5], [9, 5, 2, 6], [8, 7, 0, 9], [2, 5, 1, 7], [1, 0, 2, 2], [9, 8, 10, 0], [0, 5, 0, 9],
[6, 2, 2, 1], [4, 1, 4, 2], [7, 6, 6, 2], [3, 4, 0, 5], [9, 10, 10, 10], [9, 2, 10, 7], [8, 10, 5, 9], [2, 3, 5, 6], [4, 5, 7, 8], [6, 1, 8, 2],
[5, 3, 4, 8], [5, 2, 1, 3], [0, 9, 1, 7], [0, 9, 1, 9], [8, 5, 5, 8], [8, 10, 3, 10], [4, 9, 7, 8], [8, 4, 0, 2], [5, 2, 9, 10], [3, 10, 1, 1],
[8, 2, 8, 7], [0, 9, 3, 7], [3, 8, 2, 10], [5, 4, 9, 9], [2, 4, 6, 10], [6, 4, 10, 10], [5, 8, 9, 8], [5, 8, 7, 1], [8, 4, 6, 9], [0, 9, 3, 2],
[4, 3, 1, 9], [7, 8, 7, 7], [1, 0, 4, 8], [3, 4, 7, 8], [10, 3, 3, 5], [10, 10, 4, 7], [1, 10, 3, 1], [6, 6, 3, 10], [10, 2, 6, 4], [0, 2, 1, 10],
[0, 5, 7, 3], [7, 1, 9, 7], [3, 1, 10, 2], [9, 1, 9, 8], [0, 0, 10, 4], [6, 0, 3, 3], [1, 9, 6, 10], [9, 7, 9, 7], [10, 4, 9, 7], [3, 7, 1, 6],
[9, 9, 6, 5], [10, 3, 3, 10], [3, 0, 3, 7], [9, 4, 9, 10], [0, 4, 7, 7], [9, 6, 1, 8], [8, 10, 2, 0], [7, 3, 5, 3], [1, 9, 8, 0], [1, 0, 8, 2],
[9, 9, 8, 8], [0, 6, 5, 9], [8, 2, 5, 6], [8, 7, 3, 3], [4, 4, 3, 0], [5, 6, 3, 7], [5, 10, 5, 6], [10, 1, 7, 9], [10, 4, 4, 9], [8, 9, 7, 5]]
[1, 1, 1, 1, 1, 0.2, 0.2, 0.2, 0.2, 0.2,
0.2, 0.2, 0.2, 0.2, 0.2, 0.2, 0.2, 0.2, 0.2, 0.2,
0.2, 0.2, 0.2, 0.2, 0.2, 0.2, 0.2, 0.2, 0.2, 0.2,
0.04, 0.04, 0.04, 0.04, 0.04, 0.04, 0.04, 0.04, 0.04, 0.04,
0.04, 0.04, 0.04, 0.04, 0.04, 0.04, 0.04, 0.04, 0.04, 0.04,
0.04, 0.04, 0.04, 0.04, 0.04, 0.008, 0.008, 0.008, 0.008, 0.008,
0.008, 0.008, 0.008, 0.008, 0.008, 0.008, 0.008, 0.008, 0.008, 0.008,
0.008, 0.008, 0.008, 0.008, 0.008, 0.008, 0.008, 0.008, 0.008, 0.008,
0.0016, 0.0016, 0.0016, 0.0016, 0.0016, 0.0016, 0.0016, 0.0016, 0.0016, 0.0016,
0.0016, 0.0016, 0.0016, 0.0016, 0.0016, 0.0016, 0.0016, 0.0016, 0.0016, 0.0016,
0.0016, 0.0016, 0.0016, 0.0016, 0.0016, 0.00032, 0.00032, 0.00032, 0.00032, 0.00032,
0.00032, 0.00032, 0.00032, 0.00032, 0.00032, 0.00032, 0.00032, 0.00032, 0.00032, 0.00032,
0.00032, 0.00032, 0.00032, 0.00032, 0.00032, 0.00032, 0.00032, 0.00032, 0.00032, 0.00032,
6.4e-05, 6.4e-05, 6.4e-05, 6.4e-05, 6.4e-05, 6.4e-05, 6.4e-05, 6.4e-05, 6.4e-05, 6.4e-05,
6.4e-05, 6.4e-05, 6.4e-05, 6.4e-05, 6.4e-05, 6.4e-05, 6.4e-05, 6.4e-05, 6.4e-05, 6.4e-05,
6.4e-05, 6.4e-05, 6.4e-05, 6.4e-05, 6.4e-05, 1.28e-05, 1.28e-05, 1.28e-05, 1.28e-05, 1.28e-05,
1.28e-05, 1.28e-05, 1.28e-05, 1.28e-05, 1.28e-05, 1.28e-05, 1.28e-05, 1.28e-05, 1.28e-05, 1.28e-05,
1.28e-05, 1.28e-05, 1.28e-05, 1.28e-05, 1.28e-05, 1.28e-05, 1.28e-05, 1.28e-05, 1.28e-05, 1.28e-05]
[14, 12, 18, 3, 15, 4, 1, 11, 2, 19,
0, 1, 0, 12, 7, 16, 3, 17, 12, 8,
4, 7, 11, 13, 19, 15, 9, 12, 3, 7,
11, 4, 16, 17, 6, 8, 10, 0, 19, 6,
3, 1, 2, 6, 2, 0, 1, 0, 17, 17,
15, 19, 14, 10, 5, 3, 9, 13, 13, 1,
9, 13, 17, 19, 11, 3, 6, 7, 13, 5,
5, 11, 8, 10, 8, 9, 17, 19, 16, 6,
10, 9, 3, 9, 5, 19, 7, 16, 19, 18,
15, 8, 2, 11, 1, 1, 18, 1, 18, 2,
17, 5, 8, 1, 12, 19, 2, 12, 19, 6,
13, 5, 1, 5, 16, 6, 4, 11, 5, 13,
7, 17, 12, 6, 12, 5, 16, 9, 8, 1,
17, 2, 11, 6, 9, 5, 4, 10, 3, 12,
4, 13, 11, 10, 0, 8, 2, 19, 16, 13,
9, 6, 5, 13, 16, 17, 19, 1, 17, 2,
18, 7, 13, 18, 15, 18, 14, 9, 4, 13,
5, 13, 4, 7, 1, 3, 12, 3, 0, 6]
------------------------------------------------------- 
# stage = 8	# children c = 5	length of each stage p = 5	nodes = 179	# items I = 1
