[6, 46, 71, 12, 64, 54, 61, 4, 2, 55,
81, 19, 61, 60, 27, 82, 94, 21, 78, 95,
57, 72, 89, 18, 31, 27, 6, 51, 42, 12,
9, 48, 24, 46, 26, 88, 0, 53, 92, 2,
74, 38, 88, 35, 99, 15, 83, 58, 36, 60,
52, 59, 98, 6, 43, 95, 100, 50, 45, 41,
28, 20, 89, 52, 66, 81, 5, 32, 0, 97,
0, 74, 35, 89, 75, 100, 3, 57, 23, 5,
83, 41, 31, 46, 14, 74, 40, 13, 90, 51,
55, 84, 71, 9, 1, 3, 57, 6, 35, 57,
70, 2, 97, 71, 91, 72, 70, 60, 95, 59]
[[151, 766, 313], [1752, 774, 1391], [1893, 841, 5], [608, 644, 1383], [1066, 10, 972], [550, 1981, 1157], [1133, 256, 551], [656, 211, 1116], [1298, 990, 1285], [1379, 516, 438],
[355, 1255, 1791], [668, 992, 1137], [44, 1458, 551], [636, 638, 1195], [5, 1704, 1792], [977, 826, 330], [119, 1959, 586], [1257, 601, 798], [946, 471, 360], [803, 1850, 1464],
[1241, 190, 1291], [1605, 859, 268], [727, 1490, 298], [1865, 699, 937], [1045, 704, 1213], [822, 253, 612], [1739, 959, 556], [311, 788, 1744], [1696, 1734, 201], [41, 1110, 36],
[77, 336, 814], [1368, 513, 245], [209, 1241, 307], [1094, 1091, 1006], [16, 709, 1710], [1817, 103, 1963], [414, 1843, 1494], [1557, 139, 268], [1287, 407, 574], [60, 1035, 1684],
[683, 1113, 593], [1497, 1053, 1106], [1742, 1262, 919], [622, 342, 583], [1628, 945, 1292], [1911, 1334, 1395], [1859, 1748, 1810], [1339, 1878, 521], [179, 1150, 928], [753, 1210, 1964],
[423, 465, 1062], [1016, 1963, 687], [107, 262, 1950], [1027, 884, 864], [1610, 1085, 1809], [1474, 981, 1129], [1441, 1412, 1449], [1237, 1323, 1312], [1758, 1502, 1034], [1259, 241, 816],
[1208, 1251, 1282], [842, 252, 1817], [1529, 946, 64], [36, 545, 1536], [900, 140, 1193], [1282, 186, 159], [983, 1628, 1571], [1004, 850, 1467], [302, 1180, 954], [1923, 424, 1782],
[725, 1632, 1018], [579, 1046, 1270], [381, 561, 789], [1032, 1184, 1334], [1140, 70, 47], [318, 1939, 233], [477, 907, 1861], [621, 1911, 1283], [73, 785, 449], [1614, 694, 1460],
[1382, 2006, 1665], [385, 570, 696], [228, 951, 1844], [1017, 555, 1014], [923, 1696, 1671], [970, 2014, 1595], [1204, 1064, 487], [1050, 257, 970], [906, 330, 328], [1355, 516, 1022],
[1387, 1898, 1013], [1037, 856, 155], [1734, 1671, 1693], [1563, 1260, 233], [1149, 168, 1929], [805, 1139, 501], [385, 915, 1565], [1459, 537, 1822], [1002, 1443, 724], [1330, 1370, 1240],
[924, 743, 1711], [1937, 1780, 1139], [664, 1499, 1382], [342, 1635, 1214], [575, 769, 1382], [1077, 147, 1093], [1578, 532, 2008], [1128, 564, 531], [1522, 1566, 546], [818, 881, 1917]]
[[10, 8, 8, 2], [3, 9, 3, 5], [3, 9, 5, 4], [5, 9, 1, 5], [6, 5, 9, 5], [7, 7, 9, 5], [7, 3, 9, 4], [1, 8, 9, 10], [3, 4, 1, 7], [3, 2, 1, 4],
[10, 6, 6, 4], [2, 7, 9, 8], [2, 5, 1, 7], [10, 10, 1, 6], [1, 8, 8, 0], [6, 4, 10, 9], [9, 1, 5, 10], [1, 4, 3, 0], [9, 9, 2, 0], [3, 10, 7, 3],
[4, 8, 0, 2], [5, 10, 8, 4], [6, 4, 5, 1], [8, 4, 8, 6], [3, 1, 5, 3], [5, 6, 3, 3], [2, 4, 2, 6], [3, 7, 9, 5], [4, 7, 7, 7], [5, 3, 10, 0],
[7, 4, 1, 2], [6, 7, 9, 8], [8, 1, 0, 1], [8, 1, 2, 10], [5, 2, 3, 6], [9, 0, 1, 0], [7, 6, 8, 1], [9, 7, 1, 3], [9, 0, 6, 4], [8, 2, 1, 3],
[1, 1, 2, 7], [1, 5, 5, 6], [7, 8, 2, 6], [8, 1, 6, 3], [7, 1, 4, 4], [6, 4, 7, 4], [4, 0, 7, 10], [2, 6, 1, 2], [6, 3, 9, 7], [6, 3, 2, 3],
[10, 4, 7, 5], [5, 2, 8, 0], [2, 2, 4, 6], [4, 0, 0, 6], [10, 5, 4, 1], [0, 5, 1, 6], [6, 0, 2, 2], [1, 5, 5, 9], [7, 1, 4, 2], [1, 1, 2, 1],
[1, 4, 8, 5], [4, 6, 10, 3], [0, 3, 3, 0], [8, 2, 7, 1], [2, 7, 3, 2], [1, 8, 0, 9], [7, 2, 9, 7], [4, 9, 6, 3], [2, 3, 7, 4], [9, 6, 6, 9],
[7, 7, 8, 4], [9, 2, 5, 10], [9, 7, 1, 0], [2, 10, 7, 8], [2, 3, 4, 4], [10, 10, 5, 10], [1, 10, 3, 10], [5, 7, 7, 10], [3, 2, 3, 2], [4, 7, 10, 2],
[1, 0, 0, 3], [8, 5, 0, 8], [8, 2, 10, 5], [2, 5, 4, 1], [4, 6, 0, 8], [2, 5, 7, 4], [7, 9, 6, 0], [3, 3, 1, 4], [1, 10, 5, 9], [5, 6, 5, 0],
[8, 4, 6, 8], [9, 10, 9, 1], [3, 8, 7, 6], [2, 1, 10, 8], [10, 3, 6, 0], [4, 7, 2, 5], [7, 8, 3, 10], [3, 8, 10, 9], [2, 3, 5, 9], [1, 3, 8, 4],
[9, 2, 8, 10], [4, 5, 7, 1], [6, 2, 2, 10], [8, 4, 4, 2], [10, 8, 1, 0], [3, 9, 10, 3], [0, 2, 0, 1], [3, 8, 3, 2], [9, 1, 1, 2], [6, 8, 3, 2]]
[1, 1, 1, 1, 1, 0.333333, 0.333333, 0.333333, 0.333333, 0.333333,
0.333333, 0.333333, 0.333333, 0.333333, 0.333333, 0.333333, 0.333333, 0.333333, 0.333333, 0.333333,
0.111111, 0.111111, 0.111111, 0.111111, 0.111111, 0.111111, 0.111111, 0.111111, 0.111111, 0.111111,
0.111111, 0.111111, 0.111111, 0.111111, 0.111111, 0.037037, 0.037037, 0.037037, 0.037037, 0.037037,
0.037037, 0.037037, 0.037037, 0.037037, 0.037037, 0.037037, 0.037037, 0.037037, 0.037037, 0.037037,
0.0123457, 0.0123457, 0.0123457, 0.0123457, 0.0123457, 0.0123457, 0.0123457, 0.0123457, 0.0123457, 0.0123457,
0.0123457, 0.0123457, 0.0123457, 0.0123457, 0.0123457, 0.00411523, 0.00411523, 0.00411523, 0.00411523, 0.00411523,
0.00411523, 0.00411523, 0.00411523, 0.00411523, 0.00411523, 0.00411523, 0.00411523, 0.00411523, 0.00411523, 0.00411523,
0.00137174, 0.00137174, 0.00137174, 0.00137174, 0.00137174, 0.00137174, 0.00137174, 0.00137174, 0.00137174, 0.00137174,
0.00137174, 0.00137174, 0.00137174, 0.00137174, 0.00137174, 0.000457247, 0.000457247, 0.000457247, 0.000457247, 0.000457247,
0.000457247, 0.000457247, 0.000457247, 0.000457247, 0.000457247, 0.000457247, 0.000457247, 0.000457247, 0.000457247, 0.000457247]
[7, 0, 6, 10, 8, 0, 2, 7, 2, 5,
0, 6, 1, 9, 10, 7, 2, 3, 8, 7,
7, 8, 9, 8, 7, 0, 6, 10, 7, 0,
4, 8, 8, 1, 2, 7, 0, 3, 6, 6,
10, 8, 8, 8, 1, 8, 9, 9, 5, 10,
5, 1, 10, 10, 10, 6, 8, 10, 4, 8,
10, 10, 9, 5, 5, 7, 0, 0, 8, 1,
1, 4, 6, 3, 5, 3, 4, 3, 8, 5,
10, 8, 4, 6, 6, 9, 10, 4, 1, 2,
8, 1, 4, 2, 8, 0, 5, 3, 6, 9,
1, 7, 7, 3, 6, 2, 5, 2, 3, 10]
------------------------------------------------------- 
# stage = 8	# children c = 3	length of each stage p = 5	nodes = 109	# items I = 1
