[28, 18, 76, 63, 23, 39, 88, 24, 7, 48,
97, 93, 21, 85, 64, 2, 96, 10, 90, 23,
14, 52, 34, 79, 95, 67, 41, 72, 66, 16,
92, 95, 0, 67, 57, 23, 72, 45, 14, 79,
59, 77, 37, 46, 27, 0, 48, 23, 77, 3,
12, 58, 21, 12, 2, 83, 46, 44, 54, 11,
60, 11, 5, 60, 44, 29, 49, 82, 40, 29,
27, 99, 6, 64, 44, 33, 31, 58, 22, 7]
[[305, 361, 1742], [582, 1306, 1596], [975, 1577, 594], [1381, 1105, 2123], [405, 2001, 1925], [814, 1132, 1736], [2139, 1840, 1074], [688, 1866, 747], [1566, 1994, 1380], [1108, 206, 1893],
[302, 511, 84], [2125, 1173, 1470], [1630, 58, 957], [133, 1439, 2062], [86, 1924, 1892], [2011, 647, 933], [1657, 615, 682], [640, 1383, 377], [1387, 779, 201], [596, 1967, 487],
[399, 179, 1078], [563, 213, 81], [2113, 1843, 219], [979, 2057, 1738], [950, 52, 1491], [671, 2143, 2138], [1685, 1629, 663], [196, 98, 2046], [574, 1565, 734], [855, 71, 611],
[1422, 470, 790], [329, 1113, 1003], [490, 1055, 755], [789, 2035, 641], [356, 894, 773], [1927, 1646, 746], [1895, 1160, 284], [467, 1356, 463], [422, 2010, 2028], [1237, 774, 8],
[1848, 25, 558], [467, 435, 1671], [1550, 1005, 636], [134, 1795, 580], [856, 60, 1474], [1629, 1988, 949], [284, 1792, 2109], [649, 88, 1295], [1112, 590, 1214], [1049, 1827, 1989],
[1058, 1504, 2014], [1616, 2051, 358], [1197, 1430, 1364], [1833, 1565, 1068], [322, 250, 1128], [1796, 1959, 1025], [655, 153, 646], [593, 802, 734], [1968, 1994, 1325], [1012, 872, 1061],
[830, 2010, 395], [753, 1536, 275], [1112, 562, 1706], [385, 304, 1180], [1533, 626, 1510], [570, 331, 1378], [1596, 986, 1531], [71, 1580, 242], [886, 1457, 145], [120, 298, 1098],
[1181, 1208, 937], [1656, 2042, 302], [2012, 983, 944], [1627, 1448, 1328], [636, 810, 1954], [55, 1460, 115], [1433, 885, 1181], [874, 1037, 670], [1116, 2003, 2128], [1262, 32, 335]]
[[1, 1, 1, 9], [10, 4, 6, 6], [4, 0, 0, 0], [7, 9, 1, 0], [2, 8, 1, 10], [2, 0, 6, 1], [9, 7, 2, 6], [9, 7, 2, 10], [6, 4, 8, 5], [8, 2, 0, 10],
[0, 10, 10, 5], [8, 9, 5, 8], [4, 5, 7, 6], [3, 2, 7, 10], [7, 8, 5, 5], [2, 8, 4, 8], [1, 10, 3, 7], [10, 1, 6, 8], [9, 3, 3, 4], [1, 6, 1, 5],
[0, 8, 10, 2], [8, 6, 1, 4], [1, 5, 7, 3], [2, 9, 10, 1], [9, 0, 6, 6], [10, 1, 4, 9], [4, 7, 2, 3], [2, 4, 6, 1], [10, 5, 1, 8], [10, 0, 1, 9],
[5, 9, 2, 5], [7, 10, 4, 3], [10, 10, 8, 7], [0, 1, 5, 2], [6, 6, 5, 6], [10, 10, 5, 7], [4, 6, 4, 1], [5, 4, 0, 10], [0, 0, 3, 5], [10, 7, 9, 7],
[7, 4, 3, 5], [3, 7, 6, 9], [2, 0, 2, 10], [8, 6, 6, 0], [10, 0, 1, 4], [2, 10, 2, 2], [10, 5, 7, 7], [10, 3, 1, 6], [7, 3, 10, 10], [10, 5, 6, 10],
[3, 7, 9, 1], [0, 4, 1, 10], [2, 0, 4, 4], [0, 4, 4, 8], [9, 1, 5, 8], [2, 4, 2, 8], [7, 10, 5, 4], [4, 1, 3, 7], [6, 10, 6, 6], [2, 5, 5, 4],
[6, 7, 7, 4], [9, 9, 1, 5], [8, 4, 1, 0], [9, 3, 8, 3], [2, 2, 8, 4], [1, 9, 9, 5], [9, 5, 9, 0], [10, 2, 2, 5], [9, 9, 7, 6], [8, 9, 0, 3],
[0, 1, 3, 9], [2, 9, 2, 2], [10, 8, 6, 9], [6, 5, 4, 2], [10, 0, 2, 7], [2, 5, 0, 10], [1, 7, 5, 7], [5, 5, 0, 6], [7, 1, 2, 7], [0, 2, 10, 8]]
[1, 1, 1, 1, 1, 0.333333, 0.333333, 0.333333, 0.333333, 0.333333,
0.333333, 0.333333, 0.333333, 0.333333, 0.333333, 0.333333, 0.333333, 0.333333, 0.333333, 0.333333,
0.111111, 0.111111, 0.111111, 0.111111, 0.111111, 0.111111, 0.111111, 0.111111, 0.111111, 0.111111,
0.111111, 0.111111, 0.111111, 0.111111, 0.111111, 0.037037, 0.037037, 0.037037, 0.037037, 0.037037,
0.037037, 0.037037, 0.037037, 0.037037, 0.037037, 0.037037, 0.037037, 0.037037, 0.037037, 0.037037,
0.0123457, 0.0123457, 0.0123457, 0.0123457, 0.0123457, 0.0123457, 0.0123457, 0.0123457, 0.0123457, 0.0123457,
0.0123457, 0.0123457, 0.0123457, 0.0123457, 0.0123457, 0.00411523, 0.00411523, 0.00411523, 0.00411523, 0.00411523,
0.00411523, 0.00411523, 0.00411523, 0.00411523, 0.00411523, 0.00411523, 0.00411523, 0.00411523, 0.00411523, 0.00411523]
[19, 4, 18, 4, 5, 6, 9, 9, 4, 7,
12, 12, 7, 10, 5, 12, 12, 8, 11, 8,
19, 16, 12, 13, 18, 19, 20, 0, 5, 19,
4, 9, 0, 0, 4, 4, 20, 8, 0, 0,
18, 0, 3, 16, 7, 17, 19, 3, 18, 5,
9, 1, 4, 15, 5, 18, 10, 14, 14, 18,
19, 9, 14, 10, 12, 10, 0, 5, 17, 6,
11, 20, 14, 8, 17, 3, 15, 7, 21, 16]
------------------------------------------------------- 
# stage = 6	# children c = 3	length of each stage p = 5	nodes = 79	# items I = 1
