[99, 6, 94, 70, 55, 19, 36, 66, 88, 81,
3, 30, 35, 15, 32, 90, 39, 73, 41, 78,
30, 33, 11, 76, 28, 22, 15, 69, 50, 72,
78, 48, 79, 72, 18, 100, 57, 54, 65, 44,
34, 35, 40, 36, 50, 72, 92, 89, 44, 32,
32, 74, 31, 43, 50, 60, 31, 31, 95, 82,
3, 72, 96, 82, 43, 13, 81, 66, 34, 11,
76, 34]
[[171, 812, 366], [1957, 1577, 174], [200, 1794, 1510], [387, 1049, 278], [1733, 362, 1764], [744, 1633, 1718], [1484, 766, 905], [1679, 916, 372], [226, 321, 1500], [1448, 1822, 21],
[1607, 389, 833], [1974, 742, 399], [136, 943, 589], [1646, 1738, 34], [320, 1867, 396], [73, 599, 426], [187, 479, 1600], [1093, 146, 504], [1873, 373, 825], [1361, 217, 636],
[1790, 220, 1433], [612, 182, 164], [1419, 726, 1515], [404, 769, 1649], [439, 1497, 1504], [1243, 1978, 499], [1669, 154, 979], [1258, 1655, 1533], [1762, 1516, 302], [984, 1273, 519],
[16, 1051, 740], [1449, 1663, 1330], [9, 1478, 453], [1524, 1883, 1222], [1161, 310, 707], [653, 1553, 674], [1153, 1211, 828], [528, 865, 471], [49, 1023, 383], [760, 2007, 1656],
[1279, 11, 1103], [415, 1869, 1163], [142, 1878, 629], [595, 1391, 500], [213, 948, 810], [920, 2010, 760], [2002, 1559, 367], [1226, 75, 1232], [93, 532, 651], [476, 1292, 647],
[528, 968, 1066], [1632, 1791, 1331], [783, 1933, 1198], [1820, 924, 985], [309, 1137, 1933], [1527, 454, 1931], [275, 444, 1478], [642, 1671, 1961], [270, 1764, 482], [922, 637, 170],
[1977, 1573, 1138], [1439, 1193, 1326], [759, 372, 1655], [1957, 181, 568], [1338, 898, 101], [1259, 413, 555], [1587, 1097, 1000], [1461, 1739, 1067], [1411, 406, 1227], [289, 1328, 1864],
[459, 1701, 1426], [2006, 1128, 1015]]
[[4, 4, 1, 4], [7, 6, 9, 0], [2, 8, 0, 5], [7, 2, 10, 8], [5, 10, 8, 0], [2, 5, 6, 1], [8, 10, 4, 5], [4, 7, 4, 7], [0, 4, 9, 6], [10, 8, 6, 0],
[3, 6, 3, 10], [7, 2, 5, 1], [10, 2, 10, 1], [6, 5, 0, 1], [4, 3, 6, 8], [10, 8, 4, 8], [1, 1, 1, 1], [9, 7, 10, 1], [1, 2, 9, 6], [4, 4, 5, 1],
[4, 4, 0, 10], [9, 1, 0, 2], [2, 4, 8, 1], [2, 0, 7, 1], [1, 9, 0, 10], [3, 10, 9, 4], [1, 7, 8, 3], [9, 2, 4, 3], [6, 5, 0, 4], [4, 1, 4, 6],
[5, 2, 5, 5], [0, 10, 7, 1], [8, 7, 9, 1], [7, 5, 3, 8], [1, 1, 1, 9], [1, 3, 1, 8], [6, 1, 10, 10], [0, 4, 3, 4], [6, 6, 9, 6], [6, 3, 5, 3],
[0, 3, 2, 5], [8, 4, 0, 7], [3, 1, 3, 4], [3, 2, 1, 9], [2, 1, 9, 2], [3, 10, 4, 7], [6, 3, 0, 10], [4, 5, 2, 4], [6, 3, 7, 1], [7, 8, 8, 8],
[7, 10, 1, 10], [1, 3, 9, 3], [2, 5, 4, 5], [4, 8, 1, 8], [0, 10, 7, 5], [4, 8, 7, 10], [9, 4, 9, 3], [10, 6, 0, 6], [3, 1, 6, 5], [2, 4, 8, 2],
[9, 1, 5, 0], [10, 4, 7, 8], [3, 3, 0, 7], [9, 6, 4, 7], [8, 2, 8, 7], [7, 8, 2, 10], [8, 6, 2, 10], [10, 0, 2, 6], [10, 5, 5, 7], [10, 1, 3, 2],
[2, 1, 8, 1], [7, 10, 6, 4]]
[1, 1, 0.2, 0.2, 0.2, 0.2, 0.2, 0.2, 0.2, 0.2,
0.2, 0.2, 0.04, 0.04, 0.04, 0.04, 0.04, 0.04, 0.04, 0.04,
0.04, 0.04, 0.008, 0.008, 0.008, 0.008, 0.008, 0.008, 0.008, 0.008,
0.008, 0.008, 0.0016, 0.0016, 0.0016, 0.0016, 0.0016, 0.0016, 0.0016, 0.0016,
0.0016, 0.0016, 0.00032, 0.00032, 0.00032, 0.00032, 0.00032, 0.00032, 0.00032, 0.00032,
0.00032, 0.00032, 6.4e-05, 6.4e-05, 6.4e-05, 6.4e-05, 6.4e-05, 6.4e-05, 6.4e-05, 6.4e-05,
6.4e-05, 6.4e-05, 1.28e-05, 1.28e-05, 1.28e-05, 1.28e-05, 1.28e-05, 1.28e-05, 1.28e-05, 1.28e-05,
1.28e-05, 1.28e-05]
[0, 17, 5, 10, 9, 1, 7, 10, 3, 4,
11, 19, 3, 15, 4, 0, 10, 12, 2, 12,
6, 5, 14, 10, 3, 11, 15, 9, 5, 16,
13, 10, 11, 11, 2, 1, 12, 19, 20, 18,
0, 13, 17, 9, 3, 6, 17, 13, 17, 18,
4, 4, 3, 17, 8, 1, 1, 2, 12, 15,
14, 7, 13, 16, 19, 7, 8, 16, 11, 10,
5, 8]
------------------------------------------------------- 
# stage = 8	# children c = 5	length of each stage p = 2	nodes = 71	# items I = 1
