[25, 16, 29, 28, 57, 23, 68, 58, 47, 24,
59, 56, 16, 59, 21, 69, 100, 47, 70, 52,
42, 77, 36, 63, 14, 83, 87, 24, 65, 48,
14, 90]
[[216, 1031, 714], [147, 104, 2044], [656, 294, 405], [567, 1178, 1246], [898, 101, 866], [723, 567, 1004], [2020, 945, 14], [145, 733, 1723], [757, 1528, 1618], [38, 636, 2015],
[1089, 1365, 934], [202, 1512, 1038], [133, 567, 1845], [539, 1647, 1422], [1785, 432, 1523], [1051, 1155, 490], [2055, 1575, 1435], [468, 119, 567], [591, 876, 2095], [96, 914, 619],
[510, 402, 1984], [1444, 1116, 1895], [882, 1249, 861], [1126, 187, 395], [435, 372, 828], [1958, 1423, 382], [335, 1877, 356], [169, 745, 475], [1248, 1336, 1351], [1231, 1944, 664],
[249, 341, 1578], [632, 185, 581]]
[[7, 7, 6, 7], [3, 5, 1, 10], [1, 5, 2, 2], [2, 8, 10, 10], [7, 6, 6, 0], [4, 2, 9, 1], [8, 10, 8, 7], [8, 5, 0, 3], [10, 7, 10, 2], [10, 10, 10, 0],
[2, 1, 2, 3], [9, 10, 2, 3], [3, 7, 3, 7], [9, 10, 9, 4], [10, 4, 0, 7], [7, 10, 10, 6], [6, 8, 6, 3], [5, 5, 3, 5], [4, 3, 8, 2], [0, 0, 6, 4],
[7, 7, 9, 3], [7, 7, 5, 4], [0, 6, 9, 7], [5, 9, 0, 9], [4, 6, 10, 7], [0, 2, 1, 2], [3, 8, 5, 1], [8, 9, 3, 2], [3, 2, 3, 8], [9, 8, 1, 8],
[1, 0, 2, 4], [7, 3, 2, 9]]
[1, 1, 0.333333, 0.333333, 0.333333, 0.333333, 0.333333, 0.333333, 0.111111, 0.111111,
0.111111, 0.111111, 0.111111, 0.111111, 0.037037, 0.037037, 0.037037, 0.037037, 0.037037, 0.037037,
0.0123457, 0.0123457, 0.0123457, 0.0123457, 0.0123457, 0.0123457, 0.00411523, 0.00411523, 0.00411523, 0.00411523,
0.00411523, 0.00411523]
[7, 0, 2, 3, 8, 9, 10, 4, 9, 6,
4, 5, 10, 6, 7, 5, 1, 9, 9, 10,
0, 9, 6, 8, 5, 1, 5, 0, 10, 9,
3, 6]
------------------------------------------------------- 
# stage = 6	# children c = 3	length of each stage p = 2	nodes = 31	# items I = 1
