[67, 18, 87, 87, 55, 24, 1, 69, 6, 24,
23, 30, 54, 32, 64, 50, 69, 14, 63, 86,
98, 19, 51]
[[1389, 678, 1420], [1328, 301, 804], [1671, 1524, 762], [1421, 671, 128], [1927, 189, 828], [536, 1648, 1862], [28, 452, 1471], [1006, 789, 1549], [1603, 1923, 1291], [1488, 898, 311],
[870, 321, 767], [102, 1650, 847], [907, 1133, 405], [1669, 588, 1076], [1797, 327, 1043], [659, 863, 504], [555, 891, 734], [1805, 1675, 1524], [1166, 1091, 1481], [491, 613, 191],
[580, 1262, 513], [1348, 1364, 1941], [229, 305, 1108]]
[[9, 0, 3, 3], [9, 9, 4, 5], [1, 4, 9, 10], [1, 9, 6, 1], [9, 2, 4, 8], [9, 1, 6, 0], [1, 9, 9, 4], [1, 4, 1, 10], [2, 3, 0, 0], [1, 4, 6, 0],
[6, 4, 0, 5], [0, 4, 6, 10], [6, 9, 5, 2], [10, 0, 0, 9], [9, 10, 1, 8], [1, 2, 7, 3], [3, 8, 3, 2], [10, 7, 3, 4], [10, 1, 9, 10], [5, 3, 7, 9],
[1, 1, 9, 9], [2, 10, 5, 9], [7, 6, 5, 8]]
[1, 0.5, 0.5, 0.25, 0.25, 0.125, 0.125, 0.0625, 0.0625, 0.03125,
0.03125, 0.015625, 0.015625, 0.0078125, 0.0078125, 0.00390625, 0.00390625, 0.00195312, 0.00195312, 0.000976562,
0.000976562, 0.000488281, 0.000488281]
[8, 4, 7, 5, 7, 7, 9, 4, 5, 7,
0, 3, 6, 6, 7, 9, 4, 1, 2, 9,
0, 0, 1]
------------------------------------------------------- 
# stage = 12	# children c = 2	length of each stage p = 1	nodes = 22	# items I = 1
