[18, 89, 54, 42, 2, 76, 52, 51, 72, 97,
94, 95, 99, 65, 24, 53, 8, 16, 53, 39,
40, 11, 69, 49, 31, 66, 49, 53, 89, 19,
61, 6, 74, 81, 15, 42, 57, 67, 93, 28,
30, 86, 89, 28, 17, 13, 47, 25, 96, 0,
30, 1]
[[522, 812, 250], [550, 146, 57], [395, 193, 216], [179, 337, 428], [489, 619, 320], [307, 60, 845], [1089, 979, 244], [826, 824, 674], [371, 1007, 205], [466, 627, 760],
[596, 29, 452], [846, 452, 470], [776, 847, 664], [864, 899, 1001], [173, 140, 373], [365, 447, 433], [90, 288, 165], [206, 1115, 861], [752, 238, 748], [829, 705, 255],
[469, 53, 156], [793, 771, 608], [16, 427, 208], [680, 172, 979], [433, 217, 1119], [806, 582, 318], [1112, 544, 607], [157, 750, 602], [1018, 254, 840], [518, 1083, 297],
[773, 304, 350], [801, 1097, 2], [290, 1113, 301], [370, 545, 473], [229, 979, 562], [228, 537, 24], [546, 529, 568], [33, 558, 70], [507, 328, 324], [228, 846, 159],
[397, 371, 463], [620, 53, 313], [494, 215, 178], [795, 585, 724], [21, 814, 455], [583, 914, 864], [480, 340, 146], [920, 246, 704], [991, 625, 1033], [67, 853, 759],
[227, 3, 11], [690, 623, 1056]]
[[0, 2, 5, 7], [9, 1, 2, 0], [6, 4, 9, 6], [6, 3, 8, 4], [3, 4, 2, 3], [1, 9, 9, 7], [10, 5, 5, 5], [9, 5, 0, 7], [7, 3, 4, 3], [3, 4, 4, 9],
[9, 2, 5, 2], [3, 0, 6, 4], [4, 8, 8, 3], [6, 6, 10, 4], [9, 4, 7, 7], [7, 8, 2, 4], [9, 6, 7, 1], [10, 9, 0, 6], [9, 3, 8, 1], [1, 3, 4, 3],
[9, 10, 7, 3], [3, 6, 7, 2], [9, 3, 7, 5], [9, 9, 7, 6], [2, 2, 7, 0], [0, 5, 6, 8], [8, 2, 7, 9], [5, 0, 0, 2], [10, 7, 5, 3], [0, 1, 3, 9],
[2, 10, 2, 10], [7, 7, 5, 7], [9, 1, 7, 8], [5, 1, 5, 2], [3, 1, 10, 6], [2, 10, 8, 10], [4, 2, 0, 4], [1, 3, 1, 4], [1, 3, 3, 6], [10, 8, 2, 7],
[7, 10, 4, 1], [9, 9, 2, 1], [8, 10, 7, 8], [7, 5, 8, 0], [5, 6, 4, 7], [10, 5, 0, 9], [6, 1, 4, 4], [7, 4, 0, 1], [1, 4, 3, 10], [0, 3, 0, 6],
[2, 6, 4, 7], [9, 10, 7, 3]]
[1, 1, 0.2, 0.2, 0.2, 0.2, 0.2, 0.2, 0.2, 0.2,
0.2, 0.2, 0.04, 0.04, 0.04, 0.04, 0.04, 0.04, 0.04, 0.04,
0.04, 0.04, 0.008, 0.008, 0.008, 0.008, 0.008, 0.008, 0.008, 0.008,
0.008, 0.008, 0.0016, 0.0016, 0.0016, 0.0016, 0.0016, 0.0016, 0.0016, 0.0016,
0.0016, 0.0016, 0.00032, 0.00032, 0.00032, 0.00032, 0.00032, 0.00032, 0.00032, 0.00032,
0.00032, 0.00032]
[9, 6, 0, 5, 9, 8, 9, 3, 10, 0,
5, 9, 3, 11, 7, 5, 6, 9, 9, 8,
7, 11, 5, 6, 3, 7, 2, 4, 1, 7,
11, 9, 7, 8, 1, 6, 1, 9, 0, 2,
1, 3, 10, 9, 8, 5, 0, 9, 5, 3,
7, 6]
------------------------------------------------------- 
# stage = 6	# children c = 5	length of each stage p = 2	nodes = 51	# items I = 1
