[6, 42, 32, 84, 0, 4, 18, 52, 50, 66,
17, 29, 52, 10, 79, 11, 39, 99, 1, 49,
74, 48, 67, 79, 41, 38, 34, 8, 25, 68,
0, 98, 77, 100, 81, 77, 70, 99, 95, 87,
30, 79, 15, 82, 55, 60, 59, 94, 58, 60,
42, 32, 74, 76, 10, 14, 13, 44, 90, 38,
79, 56, 1, 21, 55, 48, 98, 25, 46, 58,
78, 42, 36, 59, 91, 92, 18, 49, 85, 77,
76, 94, 75, 49, 69, 51, 30, 82, 61, 19,
87, 39, 41, 54, 26, 97, 2, 90, 88, 14,
48, 65, 57, 84, 90, 13, 75, 7, 28, 26,
50, 3, 19, 24, 19, 88, 41, 15, 35, 2,
0, 88, 7, 41, 42, 34, 3, 44, 23, 91,
58, 71, 21, 81, 21, 77, 94, 96, 85, 22,
88, 0, 92, 6, 25, 77, 60, 66, 92, 62,
34, 58, 49, 42, 100, 91, 76, 2, 34, 65,
60, 59, 2, 47, 39, 23, 24, 33, 85, 75,
21, 73, 75, 79, 45, 100, 56, 72, 32, 13]
[[718, 696, 215], [547, 887, 345], [374, 282, 512], [176, 775, 787], [927, 785, 250], [315, 908, 44], [243, 208, 871], [667, 32, 120], [849, 691, 863], [54, 882, 443],
[308, 670, 208], [578, 340, 218], [46, 768, 501], [558, 13, 399], [414, 10, 253], [718, 379, 230], [762, 623, 492], [756, 413, 525], [877, 331, 285], [863, 386, 290],
[376, 748, 83], [638, 395, 423], [857, 441, 315], [427, 68, 328], [826, 536, 392], [148, 323, 826], [432, 209, 572], [48, 88, 54], [573, 34, 386], [912, 21, 826],
[271, 397, 643], [355, 158, 108], [832, 84, 549], [216, 565, 672], [545, 460, 277], [60, 662, 655], [886, 218, 918], [527, 266, 75], [582, 893, 164], [91, 874, 185],
[40, 214, 636], [683, 623, 794], [845, 525, 879], [464, 795, 513], [259, 463, 97], [590, 524, 813], [314, 533, 100], [301, 130, 420], [377, 766, 382], [541, 911, 325],
[780, 20, 594], [485, 757, 340], [348, 672, 865], [350, 205, 784], [864, 518, 316], [84, 177, 840], [897, 492, 497], [121, 847, 627], [541, 347, 516], [924, 11, 496],
[372, 791, 570], [35, 345, 396], [376, 694, 137], [364, 113, 396], [217, 100, 914], [534, 184, 215], [497, 205, 707], [63, 380, 677], [744, 44, 94], [383, 91, 105],
[2, 464, 897], [572, 499, 311], [92, 929, 74], [229, 417, 242], [680, 634, 342], [717, 291, 581], [1, 843, 840], [762, 29, 289], [509, 828, 387], [657, 280, 479],
[762, 283, 12], [728, 855, 565], [163, 70, 564], [291, 300, 104], [533, 103, 738], [876, 874, 153], [526, 876, 119], [435, 761, 202], [778, 393, 99], [234, 119, 380],
[713, 5, 663], [725, 787, 641], [414, 19, 712], [101, 311, 135], [205, 844, 292], [66, 843, 235], [219, 492, 234], [392, 927, 119], [595, 828, 512], [694, 186, 686],
[197, 899, 691], [914, 748, 601], [625, 285, 675], [460, 386, 55], [649, 591, 22], [64, 657, 866], [299, 0, 427], [588, 392, 478], [707, 56, 429], [342, 805, 615],
[151, 71, 638], [896, 55, 509], [567, 734, 794], [311, 317, 249], [420, 35, 894], [496, 99, 620], [485, 452, 674], [36, 163, 136], [568, 924, 246], [66, 390, 174],
[736, 541, 246], [443, 561, 355], [21, 251, 158], [869, 562, 475], [241, 105, 564], [204, 601, 717], [878, 210, 292], [622, 246, 510], [812, 814, 503], [181, 880, 893],
[356, 739, 558], [656, 251, 242], [80, 326, 493], [292, 318, 178], [821, 559, 283], [454, 763, 7], [294, 711, 217], [640, 402, 517], [219, 337, 400], [723, 518, 404],
[739, 874, 212], [420, 599, 518], [662, 733, 844], [224, 94, 232], [402, 915, 845], [739, 492, 678], [801, 786, 512], [141, 496, 37], [659, 715, 374], [128, 561, 892],
[586, 370, 890], [853, 844, 558], [440, 576, 361], [407, 854, 509], [693, 326, 494], [608, 188, 55], [409, 58, 896], [921, 254, 461], [27, 913, 299], [455, 164, 861],
[416, 751, 354], [429, 727, 267], [57, 236, 843], [472, 697, 767], [50, 460, 216], [598, 191, 458], [654, 600, 571], [619, 590, 825], [203, 671, 807], [502, 195, 40],
[486, 665, 845], [840, 164, 641], [231, 275, 0], [197, 801, 698], [87, 905, 227], [357, 573, 472], [816, 350, 141], [456, 92, 731], [350, 295, 525], [226, 851, 774]]
[[1, 4, 4, 10], [10, 4, 5, 7], [0, 7, 8, 8], [6, 8, 10, 9], [6, 6, 9, 6], [2, 6, 10, 9], [2, 7, 3, 8], [6, 7, 8, 7], [0, 10, 4, 9], [1, 7, 5, 1],
[4, 0, 10, 8], [8, 7, 6, 1], [2, 4, 6, 4], [8, 3, 0, 0], [10, 3, 6, 5], [8, 3, 10, 9], [0, 4, 7, 1], [0, 10, 3, 2], [0, 0, 0, 6], [5, 4, 6, 7],
[7, 1, 9, 4], [4, 9, 2, 2], [0, 9, 5, 8], [1, 5, 4, 0], [9, 0, 1, 9], [9, 2, 1, 7], [0, 10, 0, 5], [1, 6, 1, 8], [5, 8, 2, 10], [5, 4, 10, 5],
[0, 4, 0, 0], [9, 5, 0, 7], [3, 1, 4, 1], [2, 3, 6, 2], [0, 5, 8, 1], [0, 7, 10, 6], [5, 10, 3, 8], [1, 2, 2, 2], [6, 0, 2, 3], [5, 0, 8, 9],
[1, 10, 8, 1], [2, 4, 4, 0], [9, 1, 2, 7], [6, 10, 0, 0], [9, 3, 6, 8], [3, 8, 10, 8], [9, 10, 0, 1], [10, 8, 10, 10], [8, 8, 0, 8], [10, 2, 7, 6],
[3, 7, 2, 10], [6, 3, 8, 2], [4, 4, 8, 6], [10, 8, 3, 6], [5, 1, 8, 3], [7, 5, 0, 2], [0, 0, 9, 10], [1, 5, 5, 2], [1, 6, 1, 5], [7, 8, 5, 0],
[10, 2, 4, 7], [8, 5, 1, 3], [6, 7, 6, 1], [1, 6, 3, 2], [4, 1, 10, 5], [6, 3, 8, 5], [9, 7, 10, 5], [2, 2, 3, 10], [5, 8, 5, 2], [2, 6, 3, 7],
[2, 9, 8, 1], [2, 9, 1, 5], [0, 1, 8, 4], [4, 3, 8, 0], [9, 5, 5, 9], [8, 8, 9, 2], [3, 1, 2, 6], [7, 6, 0, 7], [2, 8, 6, 3], [6, 8, 8, 4],
[7, 3, 7, 0], [7, 4, 9, 5], [9, 3, 3, 6], [9, 10, 6, 2], [0, 9, 6, 5], [2, 6, 10, 4], [1, 6, 7, 7], [3, 2, 10, 8], [6, 6, 6, 2], [8, 4, 5, 6],
[7, 6, 0, 3], [6, 4, 5, 4], [0, 0, 8, 2], [4, 7, 5, 5], [2, 1, 0, 3], [4, 10, 0, 8], [3, 6, 10, 0], [8, 2, 4, 4], [8, 2, 6, 1], [7, 0, 4, 7],
[10, 1, 8, 1], [6, 2, 7, 7], [1, 5, 8, 5], [2, 7, 2, 5], [0, 10, 3, 9], [1, 5, 0, 8], [8, 6, 7, 2], [5, 0, 9, 2], [10, 4, 3, 6], [6, 8, 0, 8],
[2, 8, 0, 2], [4, 1, 5, 5], [9, 8, 3, 9], [1, 3, 6, 9], [8, 0, 0, 2], [10, 7, 4, 9], [1, 5, 2, 5], [3, 2, 0, 3], [0, 10, 6, 4], [0, 0, 7, 9],
[7, 10, 7, 8], [1, 0, 4, 9], [1, 4, 0, 0], [9, 2, 7, 10], [7, 10, 3, 8], [10, 3, 1, 10], [2, 5, 2, 0], [3, 9, 8, 10], [7, 2, 5, 8], [1, 9, 6, 0],
[0, 6, 9, 10], [8, 5, 7, 2], [2, 10, 0, 2], [1, 1, 10, 1], [4, 10, 0, 7], [9, 8, 7, 5], [8, 10, 2, 9], [7, 6, 9, 7], [1, 7, 4, 7], [2, 1, 9, 2],
[9, 7, 4, 10], [8, 2, 10, 1], [1, 10, 7, 8], [5, 1, 0, 2], [0, 0, 1, 7], [6, 10, 4, 5], [7, 8, 10, 7], [7, 9, 9, 6], [5, 1, 3, 1], [1, 0, 0, 2],
[8, 7, 9, 2], [8, 9, 5, 7], [10, 4, 3, 3], [1, 5, 9, 6], [1, 8, 0, 8], [4, 10, 1, 8], [9, 5, 7, 8], [3, 5, 8, 1], [0, 6, 3, 8], [3, 6, 2, 2],
[8, 6, 3, 10], [9, 1, 5, 10], [8, 6, 6, 1], [3, 7, 7, 10], [10, 3, 7, 3], [9, 4, 4, 9], [9, 5, 4, 1], [1, 5, 1, 9], [0, 4, 6, 7], [6, 1, 5, 3],
[5, 0, 2, 6], [5, 8, 5, 5], [0, 1, 6, 7], [3, 8, 3, 1], [2, 6, 0, 1], [0, 1, 9, 9], [6, 4, 5, 10], [3, 10, 0, 8], [8, 2, 3, 3], [10, 6, 6, 9]]
[1, 1, 1, 1, 1, 0.2, 0.2, 0.2, 0.2, 0.2,
0.2, 0.2, 0.2, 0.2, 0.2, 0.2, 0.2, 0.2, 0.2, 0.2,
0.2, 0.2, 0.2, 0.2, 0.2, 0.2, 0.2, 0.2, 0.2, 0.2,
0.04, 0.04, 0.04, 0.04, 0.04, 0.04, 0.04, 0.04, 0.04, 0.04,
0.04, 0.04, 0.04, 0.04, 0.04, 0.04, 0.04, 0.04, 0.04, 0.04,
0.04, 0.04, 0.04, 0.04, 0.04, 0.008, 0.008, 0.008, 0.008, 0.008,
0.008, 0.008, 0.008, 0.008, 0.008, 0.008, 0.008, 0.008, 0.008, 0.008,
0.008, 0.008, 0.008, 0.008, 0.008, 0.008, 0.008, 0.008, 0.008, 0.008,
0.0016, 0.0016, 0.0016, 0.0016, 0.0016, 0.0016, 0.0016, 0.0016, 0.0016, 0.0016,
0.0016, 0.0016, 0.0016, 0.0016, 0.0016, 0.0016, 0.0016, 0.0016, 0.0016, 0.0016,
0.0016, 0.0016, 0.0016, 0.0016, 0.0016, 0.00032, 0.00032, 0.00032, 0.00032, 0.00032,
0.00032, 0.00032, 0.00032, 0.00032, 0.00032, 0.00032, 0.00032, 0.00032, 0.00032, 0.00032,
0.00032, 0.00032, 0.00032, 0.00032, 0.00032, 0.00032, 0.00032, 0.00032, 0.00032, 0.00032,
6.4e-05, 6.4e-05, 6.4e-05, 6.4e-05, 6.4e-05, 6.4e-05, 6.4e-05, 6.4e-05, 6.4e-05, 6.4e-05,
6.4e-05, 6.4e-05, 6.4e-05, 6.4e-05, 6.4e-05, 6.4e-05, 6.4e-05, 6.4e-05, 6.4e-05, 6.4e-05,
6.4e-05, 6.4e-05, 6.4e-05, 6.4e-05, 6.4e-05, 1.28e-05, 1.28e-05, 1.28e-05, 1.28e-05, 1.28e-05,
1.28e-05, 1.28e-05, 1.28e-05, 1.28e-05, 1.28e-05, 1.28e-05, 1.28e-05, 1.28e-05, 1.28e-05, 1.28e-05,
1.28e-05, 1.28e-05, 1.28e-05, 1.28e-05, 1.28e-05, 1.28e-05, 1.28e-05, 1.28e-05, 1.28e-05, 1.28e-05]
[5, 5, 4, 1, 6, 2, 7, 0, 3, 8,
8, 5, 1, 8, 6, 3, 3, 9, 3, 9,
4, 9, 5, 7, 9, 3, 3, 6, 6, 1,
3, 8, 7, 6, 9, 5, 8, 8, 5, 3,
4, 3, 6, 5, 5, 8, 2, 8, 5, 3,
3, 3, 4, 8, 0, 7, 9, 5, 1, 3,
0, 0, 0, 6, 6, 4, 2, 4, 2, 0,
5, 0, 0, 5, 9, 2, 9, 4, 3, 7,
1, 2, 3, 2, 8, 0, 1, 1, 0, 7,
4, 1, 3, 5, 9, 8, 8, 6, 9, 6,
6, 5, 9, 3, 3, 0, 1, 6, 0, 5,
8, 2, 7, 9, 0, 6, 6, 5, 1, 4,
0, 6, 8, 0, 8, 0, 3, 6, 2, 1,
4, 0, 1, 5, 0, 1, 8, 6, 4, 8,
5, 2, 2, 3, 5, 8, 2, 0, 0, 0,
9, 2, 0, 7, 8, 0, 8, 7, 0, 5,
5, 7, 6, 6, 6, 8, 9, 6, 1, 8,
5, 5, 3, 3, 3, 3, 6, 9, 1, 0]
------------------------------------------------------- 
# stage = 8	# children c = 5	length of each stage p = 5	nodes = 179	# items I = 1
