[98, 96, 99, 26, 69, 100, 44, 6, 9, 8,
80, 7, 20, 47, 78, 44, 31, 4, 17, 87,
6, 43, 72, 63, 96, 77, 48, 37, 36, 32,
53, 33]
[[70, 465, 1172], [1751, 183, 786], [1480, 0, 462], [1981, 1054, 1526], [332, 667, 1274], [875, 986, 1497], [77, 1714, 1337], [1298, 349, 825], [803, 1655, 689], [183, 285, 1195],
[1606, 1745, 1660], [752, 1471, 1207], [903, 925, 1208], [1365, 244, 1626], [865, 576, 267], [1503, 815, 617], [975, 892, 306], [1676, 1555, 655], [1865, 332, 1674], [1918, 515, 1324],
[1087, 1486, 1043], [85, 212, 1878], [1293, 479, 141], [1865, 1844, 385], [1465, 47, 325], [1732, 1551, 504], [1713, 500, 1397], [2019, 1540, 926], [13, 1379, 622], [1687, 635, 501],
[985, 1723, 1987], [1393, 1172, 1564]]
[[3, 3, 4, 10], [2, 1, 7, 0], [4, 9, 7, 6], [3, 4, 10, 3], [2, 10, 9, 5], [5, 9, 5, 6], [6, 10, 0, 5], [1, 6, 6, 4], [7, 8, 2, 7], [10, 9, 7, 1],
[5, 4, 5, 8], [6, 5, 0, 8], [4, 8, 1, 7], [6, 4, 2, 1], [4, 0, 4, 5], [4, 8, 7, 9], [5, 9, 5, 2], [7, 2, 4, 1], [4, 7, 8, 8], [1, 6, 4, 3],
[3, 5, 8, 7], [9, 8, 8, 0], [9, 10, 3, 0], [7, 0, 10, 2], [9, 2, 4, 4], [2, 6, 3, 6], [3, 0, 2, 2], [5, 6, 4, 8], [9, 1, 5, 5], [8, 0, 6, 4],
[0, 9, 4, 5], [9, 1, 7, 6]]
[1, 1, 0.333333, 0.333333, 0.333333, 0.333333, 0.333333, 0.333333, 0.111111, 0.111111,
0.111111, 0.111111, 0.111111, 0.111111, 0.037037, 0.037037, 0.037037, 0.037037, 0.037037, 0.037037,
0.0123457, 0.0123457, 0.0123457, 0.0123457, 0.0123457, 0.0123457, 0.00411523, 0.00411523, 0.00411523, 0.00411523,
0.00411523, 0.00411523]
[3, 4, 3, 3, 9, 0, 6, 7, 4, 3,
8, 10, 0, 1, 5, 9, 9, 6, 8, 4,
6, 10, 1, 7, 5, 10, 1, 0, 6, 8,
2, 8]
------------------------------------------------------- 
# stage = 6	# children c = 3	length of each stage p = 2	nodes = 31	# items I = 1
