[63, 65, 54, 2, 58, 82, 15, 15, 18, 14,
47, 89, 48, 93, 39, 44, 70, 53, 2, 45,
95, 34, 27, 54, 66, 89, 67, 78, 55, 72,
58, 85, 36, 11]
[[397, 665, 549], [429, 2027, 1417], [712, 1011, 833], [182, 343, 1668], [1270, 1985, 1263], [734, 528, 1626], [1193, 762, 379], [1641, 1129, 734], [1190, 149, 326], [1733, 1287, 1098],
[1859, 1684, 1763], [360, 65, 1743], [1778, 777, 706], [563, 959, 1049], [183, 182, 986], [1446, 916, 1515], [1024, 62, 229], [1404, 1703, 1358], [90, 846, 1508], [416, 531, 747],
[1514, 343, 383], [1230, 703, 448], [925, 433, 1226], [1631, 996, 137], [632, 1180, 319], [1618, 578, 1236], [1085, 1603, 1298], [1315, 959, 953], [625, 1049, 1799], [85, 1465, 283],
[832, 932, 626], [1215, 114, 1329], [1664, 1039, 1763], [842, 622, 711]]
[[7, 1, 7, 8], [7, 5, 2, 0], [4, 7, 3, 5], [1, 6, 3, 1], [0, 3, 9, 2], [4, 5, 1, 9], [1, 6, 10, 5], [2, 6, 5, 9], [5, 1, 7, 1], [7, 7, 1, 9],
[3, 3, 1, 2], [7, 4, 3, 7], [7, 0, 9, 9], [3, 9, 8, 3], [4, 5, 6, 6], [9, 0, 2, 4], [0, 9, 5, 7], [3, 5, 3, 5], [6, 4, 7, 2], [6, 0, 7, 0],
[9, 3, 10, 1], [1, 5, 4, 3], [10, 10, 7, 8], [0, 10, 10, 0], [6, 5, 5, 10], [8, 6, 2, 3], [8, 9, 5, 3], [7, 1, 3, 5], [2, 2, 7, 4], [7, 9, 5, 4],
[9, 2, 0, 9], [10, 10, 7, 5], [4, 1, 2, 10], [7, 4, 2, 2]]
[1, 0.333333, 0.333333, 0.333333, 0.111111, 0.111111, 0.111111, 0.037037, 0.037037, 0.037037,
0.0123457, 0.0123457, 0.0123457, 0.00411523, 0.00411523, 0.00411523, 0.00137174, 0.00137174, 0.00137174, 0.000457247,
0.000457247, 0.000457247, 0.000152416, 0.000152416, 0.000152416, 5.08053e-05, 5.08053e-05, 5.08053e-05, 1.69351e-05, 1.69351e-05,
1.69351e-05, 5.64503e-06, 5.64503e-06, 5.64503e-06]
[8, 9, 8, 0, 4, 6, 0, 0, 8, 3,
2, 6, 5, 2, 6, 6, 5, 10, 9, 1,
1, 8, 3, 6, 4, 9, 6, 6, 8, 0,
0, 7, 0, 6]
------------------------------------------------------- 
# stage = 12	# children c = 3	length of each stage p = 1	nodes = 33	# items I = 1
