[18, 76, 46, 32, 96, 10, 10, 10, 62, 49,
42, 77, 34, 12, 67, 72, 19, 62, 24, 60,
4, 70, 82, 37, 16, 9, 41, 81, 76, 15,
5, 60, 91, 17, 59, 52, 27, 69, 28, 56,
85, 70, 32, 18, 49, 65, 90, 34, 93, 81,
94, 98, 50, 75, 34, 66, 50, 42, 13, 92,
57, 18, 52, 13, 1, 77, 32, 96]
[[131, 498, 70], [131, 964, 443], [917, 1036, 67], [334, 76, 17], [327, 383, 801], [227, 889, 209], [612, 795, 11], [4, 987, 160], [384, 275, 377], [953, 764, 817],
[402, 895, 792], [988, 1026, 717], [908, 904, 715], [452, 715, 791], [985, 3, 136], [747, 231, 502], [434, 320, 774], [961, 841, 723], [82, 702, 475], [975, 93, 200],
[753, 495, 572], [507, 960, 559], [701, 307, 940], [893, 759, 616], [646, 706, 97], [259, 930, 844], [238, 325, 641], [490, 763, 959], [690, 845, 622], [126, 781, 715],
[843, 1012, 687], [376, 996, 86], [413, 658, 393], [830, 513, 113], [408, 636, 296], [1021, 372, 704], [826, 87, 506], [428, 54, 231], [349, 744, 553], [448, 348, 812],
[641, 152, 785], [805, 5, 219], [891, 934, 877], [761, 726, 867], [352, 611, 980], [648, 593, 829], [829, 380, 394], [297, 285, 448], [528, 111, 154], [558, 37, 502],
[331, 678, 131], [77, 444, 136], [296, 813, 548], [651, 535, 235], [995, 887, 846], [414, 1013, 400], [204, 803, 257], [598, 61, 19], [8, 66, 131], [678, 625, 684],
[657, 433, 323], [788, 511, 244], [401, 284, 18], [949, 412, 31], [145, 885, 395], [468, 776, 369], [345, 980, 650], [602, 17, 188]]
[[6, 6, 5, 6], [1, 2, 5, 8], [6, 9, 8, 10], [7, 7, 4, 8], [10, 9, 1, 6], [4, 10, 0, 0], [6, 0, 3, 9], [4, 4, 2, 10], [9, 5, 6, 8], [7, 0, 5, 0],
[7, 2, 8, 4], [7, 2, 10, 4], [9, 9, 8, 2], [9, 8, 0, 4], [6, 1, 0, 10], [4, 2, 10, 2], [5, 3, 8, 1], [1, 2, 10, 8], [2, 8, 10, 7], [8, 7, 0, 6],
[4, 8, 6, 2], [4, 6, 4, 10], [5, 5, 8, 9], [5, 5, 9, 0], [8, 6, 10, 9], [8, 10, 4, 8], [5, 2, 4, 2], [9, 4, 8, 2], [0, 1, 2, 2], [5, 5, 10, 10],
[10, 7, 9, 2], [1, 5, 0, 7], [1, 0, 5, 7], [8, 10, 5, 2], [1, 9, 2, 8], [1, 8, 9, 10], [9, 0, 1, 3], [5, 0, 2, 2], [6, 9, 5, 5], [4, 3, 2, 3],
[3, 5, 10, 0], [2, 4, 0, 3], [1, 2, 10, 0], [8, 8, 8, 6], [6, 7, 7, 10], [7, 10, 1, 0], [6, 4, 6, 8], [8, 6, 0, 9], [0, 0, 8, 3], [2, 8, 4, 1],
[9, 1, 10, 6], [9, 7, 0, 3], [3, 7, 2, 9], [4, 1, 9, 9], [4, 2, 6, 10], [6, 7, 6, 7], [5, 3, 8, 5], [10, 1, 7, 6], [3, 6, 1, 10], [1, 10, 0, 4],
[5, 0, 0, 9], [0, 8, 7, 4], [8, 1, 1, 4], [6, 7, 0, 0], [9, 8, 5, 8], [7, 10, 1, 8], [4, 2, 6, 5], [0, 6, 7, 5]]
[1, 1, 0.333333, 0.333333, 0.333333, 0.333333, 0.333333, 0.333333, 0.111111, 0.111111,
0.111111, 0.111111, 0.111111, 0.111111, 0.037037, 0.037037, 0.037037, 0.037037, 0.037037, 0.037037,
0.0123457, 0.0123457, 0.0123457, 0.0123457, 0.0123457, 0.0123457, 0.00411523, 0.00411523, 0.00411523, 0.00411523,
0.00411523, 0.00411523, 0.00137174, 0.00137174, 0.00137174, 0.00137174, 0.00137174, 0.00137174, 0.000457247, 0.000457247,
0.000457247, 0.000457247, 0.000457247, 0.000457247, 0.000152416, 0.000152416, 0.000152416, 0.000152416, 0.000152416, 0.000152416,
5.08053e-05, 5.08053e-05, 5.08053e-05, 5.08053e-05, 5.08053e-05, 5.08053e-05, 1.69351e-05, 1.69351e-05, 1.69351e-05, 1.69351e-05,
1.69351e-05, 1.69351e-05, 5.64503e-06, 5.64503e-06, 5.64503e-06, 5.64503e-06, 5.64503e-06, 5.64503e-06]
[4, 0, 19, 14, 1, 0, 6, 12, 12, 13,
16, 6, 14, 2, 1, 11, 16, 1, 18, 13,
11, 0, 17, 5, 14, 2, 3, 2, 3, 13,
16, 7, 12, 1, 19, 1, 3, 1, 12, 6,
1, 12, 14, 17, 14, 19, 11, 17, 9, 10,
10, 12, 12, 11, 16, 5, 1, 17, 6, 7,
3, 5, 8, 15, 20, 20, 15, 19]
------------------------------------------------------- 
# stage = 12	# children c = 3	length of each stage p = 2	nodes = 67	# items I = 1
