[64, 85, 62, 96, 98, 22, 19, 21, 27, 59,
2, 60, 29, 81, 76, 92, 53, 60, 30, 34,
23, 90, 83, 4, 82, 2, 30, 83, 64, 57,
90, 27, 7, 17, 89, 4, 40, 8, 92, 67,
33, 95, 94, 62, 41, 35, 53, 94, 95, 50,
27, 18, 5, 76, 89, 87, 45, 18, 69, 8,
42, 24, 36, 15, 42, 91, 87, 48, 99, 78,
81, 32]
[[900, 467, 268], [87, 604, 139], [422, 519, 149], [498, 364, 773], [505, 526, 796], [13, 831, 719], [294, 300, 117], [318, 780, 312], [318, 324, 696], [59, 53, 726],
[136, 36, 414], [542, 261, 102], [819, 684, 621], [51, 403, 207], [46, 908, 871], [842, 143, 785], [782, 437, 306], [899, 893, 169], [432, 432, 493], [349, 629, 685],
[158, 766, 859], [711, 529, 204], [813, 432, 109], [655, 483, 512], [862, 667, 642], [816, 730, 6], [822, 596, 581], [211, 716, 557], [519, 232, 73], [95, 581, 840],
[1, 878, 689], [861, 672, 302], [148, 706, 872], [395, 444, 576], [128, 390, 327], [770, 427, 140], [914, 471, 736], [578, 682, 674], [357, 284, 906], [568, 518, 708],
[491, 519, 807], [402, 463, 700], [842, 749, 489], [797, 227, 17], [456, 494, 545], [4, 347, 55], [145, 483, 526], [102, 144, 430], [776, 639, 852], [903, 290, 453],
[833, 782, 194], [723, 405, 657], [645, 330, 628], [217, 210, 76], [234, 804, 570], [779, 809, 139], [56, 37, 622], [720, 277, 904], [371, 275, 627], [307, 261, 138],
[760, 315, 141], [37, 260, 546], [833, 905, 876], [544, 205, 169], [758, 578, 195], [412, 578, 87], [551, 634, 262], [256, 576, 539], [381, 30, 814], [91, 337, 297],
[368, 319, 612], [509, 494, 872]]
[[8, 0, 0, 3], [10, 3, 5, 5], [4, 3, 4, 4], [5, 3, 8, 7], [1, 7, 9, 8], [5, 0, 0, 5], [7, 1, 1, 3], [6, 0, 10, 1], [0, 0, 5, 8], [1, 8, 3, 5],
[10, 5, 7, 2], [9, 2, 9, 10], [9, 5, 5, 2], [6, 5, 7, 0], [5, 7, 3, 9], [7, 1, 10, 5], [1, 2, 3, 0], [0, 4, 5, 8], [9, 10, 10, 5], [1, 6, 4, 9],
[0, 7, 0, 4], [0, 5, 2, 5], [1, 6, 3, 6], [5, 0, 10, 6], [3, 0, 4, 1], [2, 9, 9, 0], [6, 6, 4, 7], [1, 6, 5, 1], [3, 3, 4, 1], [9, 6, 6, 8],
[10, 7, 4, 4], [5, 3, 8, 6], [3, 1, 7, 5], [8, 3, 3, 3], [9, 5, 9, 8], [1, 1, 8, 4], [3, 1, 5, 1], [5, 9, 9, 5], [3, 0, 7, 8], [1, 5, 4, 2],
[4, 9, 5, 2], [2, 7, 3, 9], [1, 10, 7, 2], [10, 2, 6, 2], [3, 9, 1, 8], [5, 8, 0, 8], [7, 8, 4, 8], [0, 6, 9, 4], [4, 3, 4, 4], [10, 6, 1, 1],
[3, 6, 1, 2], [8, 6, 2, 9], [4, 1, 6, 8], [8, 5, 5, 4], [2, 7, 10, 2], [2, 8, 4, 5], [1, 9, 7, 9], [4, 6, 8, 5], [1, 10, 8, 7], [5, 8, 5, 7],
[8, 10, 4, 5], [4, 8, 7, 4], [4, 6, 4, 5], [2, 8, 8, 1], [6, 4, 10, 8], [9, 8, 1, 10], [5, 9, 5, 10], [4, 10, 6, 10], [7, 9, 4, 9], [6, 9, 2, 8],
[5, 6, 2, 5], [4, 10, 6, 8]]
[1, 1, 0.2, 0.2, 0.2, 0.2, 0.2, 0.2, 0.2, 0.2,
0.2, 0.2, 0.04, 0.04, 0.04, 0.04, 0.04, 0.04, 0.04, 0.04,
0.04, 0.04, 0.008, 0.008, 0.008, 0.008, 0.008, 0.008, 0.008, 0.008,
0.008, 0.008, 0.0016, 0.0016, 0.0016, 0.0016, 0.0016, 0.0016, 0.0016, 0.0016,
0.0016, 0.0016, 0.00032, 0.00032, 0.00032, 0.00032, 0.00032, 0.00032, 0.00032, 0.00032,
0.00032, 0.00032, 6.4e-05, 6.4e-05, 6.4e-05, 6.4e-05, 6.4e-05, 6.4e-05, 6.4e-05, 6.4e-05,
6.4e-05, 6.4e-05, 1.28e-05, 1.28e-05, 1.28e-05, 1.28e-05, 1.28e-05, 1.28e-05, 1.28e-05, 1.28e-05,
1.28e-05, 1.28e-05]
[9, 2, 1, 3, 4, 6, 8, 8, 3, 0,
0, 7, 1, 6, 0, 4, 7, 4, 5, 5,
1, 2, 5, 1, 1, 4, 7, 9, 9, 7,
9, 4, 1, 1, 6, 7, 0, 9, 1, 7,
2, 6, 7, 9, 5, 1, 1, 5, 5, 0,
4, 1, 8, 4, 2, 3, 8, 6, 9, 4,
5, 3, 4, 2, 8, 3, 1, 1, 6, 4,
2, 6]
------------------------------------------------------- 
# stage = 8	# children c = 5	length of each stage p = 2	nodes = 71	# items I = 1
