[98, 38, 75, 98, 16, 0, 21, 51, 58, 24,
26, 31, 21, 37, 88, 97, 5, 41, 21, 73,
100, 98, 72, 32, 89, 52, 25, 85, 22, 34,
18, 86, 39, 59]
[[858, 1093, 1731], [1455, 177, 1310], [198, 2004, 676], [823, 457, 193], [1092, 314, 237], [1907, 1702, 1187], [637, 1192, 1231], [607, 147, 1734], [60, 1107, 633], [864, 1230, 1639],
[2035, 2088, 321], [1355, 1354, 498], [477, 1330, 92], [931, 1931, 327], [902, 834, 641], [1139, 553, 2121], [138, 968, 1124], [1147, 1575, 1049], [692, 1413, 1934], [1325, 89, 975],
[553, 2124, 652], [874, 1290, 1784], [1150, 1545, 925], [1242, 287, 445], [1347, 967, 1280], [1988, 2107, 1833], [1920, 2023, 390], [633, 981, 1965], [1683, 1451, 1189], [1206, 587, 1056],
[2182, 918, 769], [423, 1570, 2060], [19, 309, 1194], [722, 1330, 1260]]
[[8, 6, 7, 7], [6, 9, 8, 6], [9, 2, 7, 3], [5, 7, 0, 5], [3, 3, 4, 7], [3, 0, 10, 9], [8, 10, 0, 3], [0, 4, 3, 6], [8, 8, 2, 3], [6, 9, 9, 2],
[9, 5, 3, 3], [0, 3, 8, 3], [6, 0, 9, 7], [9, 8, 4, 6], [7, 2, 8, 7], [6, 0, 1, 3], [8, 1, 4, 1], [10, 2, 1, 8], [6, 4, 9, 6], [7, 7, 7, 1],
[5, 5, 6, 3], [2, 10, 9, 9], [10, 6, 4, 5], [4, 5, 6, 10], [6, 10, 0, 4], [2, 1, 10, 6], [3, 9, 1, 9], [3, 8, 10, 8], [3, 3, 0, 3], [3, 7, 2, 2],
[1, 4, 6, 5], [7, 10, 5, 0], [10, 3, 4, 10], [3, 4, 5, 6]]
[1, 0.333333, 0.333333, 0.333333, 0.111111, 0.111111, 0.111111, 0.037037, 0.037037, 0.037037,
0.0123457, 0.0123457, 0.0123457, 0.00411523, 0.00411523, 0.00411523, 0.00137174, 0.00137174, 0.00137174, 0.000457247,
0.000457247, 0.000457247, 0.000152416, 0.000152416, 0.000152416, 5.08053e-05, 5.08053e-05, 5.08053e-05, 1.69351e-05, 1.69351e-05,
1.69351e-05, 5.64503e-06, 5.64503e-06, 5.64503e-06]
[4, 4, 0, 6, 3, 8, 9, 9, 9, 7,
7, 9, 8, 6, 10, 4, 4, 3, 6, 0,
6, 8, 5, 7, 2, 5, 4, 7, 2, 5,
10, 0, 5, 6]
------------------------------------------------------- 
# stage = 12	# children c = 3	length of each stage p = 1	nodes = 33	# items I = 1
