[72, 86, 16, 85, 60, 56, 36, 27, 30, 21,
80, 54, 89, 6, 92, 93, 43, 95, 95, 8,
46, 84, 18, 33, 19, 40, 9, 31, 52, 6,
45, 90, 58, 61, 75, 18, 16, 77, 11, 12,
98, 57, 66, 52, 29, 23, 44, 38, 85, 4,
46, 30, 55, 64, 63, 74, 71, 72, 71, 22,
45, 15, 11, 69, 42, 52, 53, 24]
[[201, 1046, 77], [34, 11, 439], [673, 825, 715], [885, 998, 499], [243, 1027, 399], [134, 580, 1041], [156, 110, 609], [657, 847, 301], [6, 627, 362], [797, 223, 42],
[738, 424, 37], [815, 459, 48], [682, 560, 302], [825, 395, 249], [274, 638, 225], [101, 201, 233], [91, 357, 343], [701, 442, 618], [430, 928, 674], [793, 674, 897],
[835, 840, 271], [873, 32, 158], [349, 143, 718], [651, 968, 541], [900, 670, 608], [553, 771, 237], [214, 291, 22], [1037, 420, 465], [604, 850, 821], [227, 592, 444],
[74, 377, 712], [824, 678, 744], [982, 1027, 887], [77, 628, 805], [47, 956, 903], [83, 459, 624], [320, 673, 915], [342, 659, 763], [235, 692, 562], [5, 347, 104],
[928, 900, 960], [589, 673, 587], [762, 32, 563], [26, 110, 619], [259, 636, 525], [112, 719, 984], [736, 467, 34], [28, 237, 122], [791, 473, 242], [781, 957, 589],
[885, 835, 439], [794, 852, 61], [809, 563, 94], [322, 18, 683], [941, 277, 747], [415, 389, 415], [827, 553, 882], [290, 581, 68], [412, 800, 1020], [654, 531, 927],
[192, 844, 139], [59, 16, 419], [121, 825, 411], [694, 96, 429], [326, 466, 706], [22, 309, 45], [916, 565, 598], [175, 855, 608]]
[[2, 3, 5, 0], [2, 8, 7, 9], [7, 3, 9, 1], [9, 1, 10, 8], [3, 1, 9, 2], [9, 2, 3, 0], [6, 8, 9, 9], [3, 3, 9, 4], [6, 3, 4, 6], [10, 10, 2, 4],
[2, 1, 5, 9], [0, 2, 7, 3], [3, 5, 6, 10], [5, 9, 10, 1], [4, 7, 10, 8], [10, 6, 1, 3], [8, 3, 7, 7], [2, 10, 9, 2], [0, 1, 1, 0], [3, 6, 3, 4],
[0, 9, 2, 6], [6, 1, 5, 10], [8, 2, 5, 5], [8, 6, 6, 3], [8, 3, 8, 8], [2, 6, 9, 0], [7, 10, 9, 8], [5, 1, 2, 3], [9, 4, 7, 4], [3, 10, 1, 10],
[1, 5, 4, 8], [9, 9, 0, 6], [1, 7, 4, 1], [2, 2, 1, 8], [10, 10, 5, 2], [9, 5, 3, 7], [7, 0, 9, 0], [10, 9, 8, 10], [3, 10, 7, 1], [8, 5, 6, 9],
[1, 10, 10, 2], [10, 9, 10, 9], [8, 2, 9, 7], [8, 1, 1, 4], [1, 9, 2, 10], [7, 10, 9, 8], [8, 3, 9, 5], [8, 4, 4, 8], [1, 1, 10, 0], [0, 7, 7, 6],
[9, 5, 0, 4], [7, 2, 7, 6], [9, 7, 3, 5], [5, 1, 0, 2], [2, 7, 7, 0], [10, 9, 6, 0], [0, 3, 10, 9], [10, 6, 4, 6], [10, 3, 9, 4], [5, 5, 10, 1],
[10, 3, 4, 4], [2, 4, 6, 5], [0, 1, 3, 10], [10, 9, 9, 8], [1, 8, 6, 9], [1, 9, 2, 0], [1, 0, 4, 4], [3, 2, 3, 3]]
[1, 1, 0.333333, 0.333333, 0.333333, 0.333333, 0.333333, 0.333333, 0.111111, 0.111111,
0.111111, 0.111111, 0.111111, 0.111111, 0.037037, 0.037037, 0.037037, 0.037037, 0.037037, 0.037037,
0.0123457, 0.0123457, 0.0123457, 0.0123457, 0.0123457, 0.0123457, 0.00411523, 0.00411523, 0.00411523, 0.00411523,
0.00411523, 0.00411523, 0.00137174, 0.00137174, 0.00137174, 0.00137174, 0.00137174, 0.00137174, 0.000457247, 0.000457247,
0.000457247, 0.000457247, 0.000457247, 0.000457247, 0.000152416, 0.000152416, 0.000152416, 0.000152416, 0.000152416, 0.000152416,
5.08053e-05, 5.08053e-05, 5.08053e-05, 5.08053e-05, 5.08053e-05, 5.08053e-05, 1.69351e-05, 1.69351e-05, 1.69351e-05, 1.69351e-05,
1.69351e-05, 1.69351e-05, 5.64503e-06, 5.64503e-06, 5.64503e-06, 5.64503e-06, 5.64503e-06, 5.64503e-06]
[1, 13, 0, 3, 14, 17, 1, 21, 20, 20,
0, 19, 0, 9, 16, 0, 6, 4, 18, 7,
19, 13, 16, 13, 15, 0, 9, 10, 15, 5,
11, 3, 17, 21, 13, 0, 7, 4, 1, 13,
0, 7, 7, 16, 13, 7, 1, 17, 18, 5,
21, 16, 14, 6, 12, 6, 9, 18, 5, 14,
8, 18, 10, 1, 4, 12, 10, 6]
------------------------------------------------------- 
# stage = 12	# children c = 3	length of each stage p = 2	nodes = 67	# items I = 1
