[87, 98, 73, 51, 85, 95, 33, 58, 53, 55,
96, 72, 84, 18, 88, 95, 74, 25, 68, 80,
41, 42, 21, 71, 94, 11, 66, 12, 45, 97,
95, 99, 60, 67, 15, 44, 61, 14, 2, 13,
69, 64, 52, 18, 82, 39, 12, 22, 31, 81,
1, 72, 89, 89, 8, 82, 100, 74, 60, 10,
71, 21, 8, 30, 88, 90, 41, 15, 4, 9,
28, 73, 73, 46, 92, 54, 86, 70, 76, 16,
50, 43, 54, 4, 31, 62, 52, 30, 36, 79,
7, 73, 100, 82, 69, 87, 72, 9, 1, 76,
18, 97, 14, 91, 42, 5, 11, 94, 42, 53,
76, 58, 97, 96, 63, 27, 58, 81, 24, 60,
59, 31, 32, 58, 12, 0, 11, 84, 10, 12]
[[44, 407, 454], [1119, 24, 1606], [341, 1249, 954], [1511, 1065, 280], [1661, 479, 1495], [1436, 1641, 1753], [1411, 955, 205], [398, 510, 85], [141, 1644, 1448], [544, 813, 656],
[282, 857, 1396], [737, 379, 1420], [745, 1052, 1072], [101, 965, 207], [713, 697, 1018], [278, 203, 1061], [101, 1614, 86], [638, 415, 596], [723, 888, 643], [573, 1432, 1456],
[1562, 117, 384], [1028, 1186, 1095], [850, 1, 217], [324, 434, 1182], [532, 1148, 1879], [1882, 1758, 153], [1014, 1860, 169], [1432, 900, 916], [431, 26, 1804], [1074, 599, 1307],
[600, 563, 1756], [1316, 1591, 1012], [481, 844, 1345], [698, 1168, 1779], [1881, 102, 997], [232, 55, 826], [385, 1401, 1088], [887, 903, 390], [1803, 1666, 416], [1678, 810, 1348],
[1387, 1411, 1911], [1213, 1129, 1573], [627, 1611, 819], [374, 711, 57], [223, 994, 160], [1553, 1227, 547], [781, 14, 350], [271, 1233, 1253], [661, 1107, 1322], [1410, 1187, 202],
[828, 976, 15], [809, 259, 1145], [784, 1218, 1158], [1603, 1592, 271], [63, 217, 1598], [555, 1770, 895], [1102, 953, 1241], [1452, 1556, 877], [1107, 620, 386], [499, 100, 1573],
[1034, 928, 619], [1049, 139, 1210], [596, 1256, 830], [156, 1261, 492], [760, 1324, 1041], [428, 281, 1214], [1655, 1383, 237], [966, 1237, 1794], [245, 747, 484], [631, 1578, 916],
[606, 682, 246], [1225, 134, 385], [837, 1062, 43], [1667, 1551, 1305], [561, 381, 1031], [1603, 809, 1645], [887, 534, 1098], [1456, 1832, 738], [1652, 148, 1817], [538, 1111, 1465],
[1454, 1718, 550], [1700, 1345, 684], [488, 253, 148], [531, 322, 1699], [238, 1216, 482], [1602, 1221, 1291], [1317, 510, 227], [817, 36, 462], [1887, 91, 942], [1774, 629, 123],
[1310, 486, 1841], [262, 256, 1589], [946, 1076, 244], [1426, 10, 566], [1528, 580, 184], [80, 252, 1405], [1704, 1901, 1915], [1, 789, 354], [463, 746, 445], [1405, 923, 1074],
[1529, 635, 1560], [1772, 897, 219], [1763, 245, 1627], [77, 1671, 1637], [976, 1269, 288], [1160, 1682, 872], [636, 1456, 844], [953, 1457, 35], [1307, 323, 1113], [1752, 1728, 106],
[1229, 1659, 1073], [1191, 1834, 40], [1410, 1667, 617], [1440, 1745, 691], [1147, 791, 30], [1767, 353, 114], [1042, 1321, 1570], [288, 345, 1098], [323, 1652, 1753], [1768, 1807, 1551],
[277, 1106, 1613], [1350, 699, 1517], [1723, 512, 1586], [410, 22, 1733], [1101, 1501, 594], [1464, 1339, 1280], [1578, 783, 671], [1219, 1071, 1016], [719, 1394, 1071], [542, 1564, 1280]]
[[10, 1, 2, 3], [3, 7, 7, 3], [8, 3, 2, 7], [10, 8, 6, 8], [3, 2, 1, 7], [3, 6, 6, 5], [2, 0, 8, 3], [0, 1, 1, 8], [2, 1, 0, 3], [8, 6, 6, 6],
[9, 7, 0, 8], [4, 4, 3, 5], [7, 5, 10, 8], [9, 5, 3, 0], [6, 9, 2, 4], [8, 3, 1, 10], [4, 2, 3, 0], [8, 7, 4, 4], [1, 4, 0, 6], [6, 3, 9, 0],
[8, 9, 9, 6], [3, 1, 5, 7], [8, 7, 0, 5], [8, 2, 2, 10], [2, 3, 10, 8], [0, 1, 1, 10], [3, 1, 3, 10], [5, 2, 10, 2], [0, 8, 7, 1], [7, 1, 9, 2],
[6, 7, 7, 3], [7, 8, 0, 9], [0, 0, 6, 9], [10, 8, 9, 3], [9, 1, 2, 1], [1, 10, 4, 1], [8, 9, 1, 2], [8, 10, 5, 3], [6, 10, 4, 1], [7, 4, 10, 8],
[2, 6, 4, 2], [1, 2, 5, 10], [2, 5, 1, 3], [4, 3, 3, 10], [10, 4, 0, 7], [3, 5, 10, 7], [2, 1, 8, 10], [5, 6, 5, 8], [1, 9, 10, 2], [1, 2, 10, 3],
[7, 9, 4, 0], [10, 7, 9, 9], [0, 9, 3, 1], [1, 2, 7, 3], [1, 2, 2, 7], [8, 7, 4, 9], [6, 1, 9, 5], [1, 7, 6, 8], [3, 10, 6, 3], [7, 4, 10, 5],
[0, 3, 7, 1], [3, 1, 5, 5], [3, 5, 10, 1], [2, 3, 8, 6], [2, 5, 0, 3], [1, 6, 9, 2], [5, 4, 5, 10], [7, 3, 3, 7], [6, 10, 7, 7], [0, 1, 10, 3],
[6, 9, 2, 6], [1, 0, 1, 1], [5, 1, 2, 4], [5, 0, 6, 9], [3, 10, 6, 10], [2, 9, 4, 6], [8, 0, 2, 6], [10, 2, 8, 4], [0, 10, 8, 0], [8, 10, 10, 0],
[9, 2, 4, 2], [0, 9, 0, 3], [8, 6, 2, 8], [5, 5, 3, 0], [3, 3, 5, 1], [3, 2, 3, 2], [10, 0, 0, 8], [8, 8, 6, 5], [10, 9, 7, 0], [7, 5, 3, 2],
[0, 4, 10, 3], [7, 0, 2, 10], [1, 7, 9, 3], [9, 1, 3, 6], [0, 3, 1, 8], [0, 8, 2, 9], [6, 7, 7, 0], [1, 8, 2, 0], [1, 1, 3, 6], [10, 5, 4, 9],
[10, 2, 1, 6], [2, 4, 2, 2], [5, 3, 10, 6], [9, 0, 2, 2], [7, 9, 2, 7], [6, 4, 7, 6], [3, 8, 1, 0], [1, 3, 10, 0], [6, 0, 7, 6], [3, 7, 8, 8],
[8, 5, 1, 7], [3, 3, 9, 9], [1, 1, 5, 8], [3, 1, 1, 7], [7, 0, 7, 8], [4, 6, 9, 10], [5, 3, 3, 8], [10, 0, 3, 7], [3, 5, 3, 7], [8, 0, 5, 10],
[10, 8, 5, 2], [7, 4, 7, 3], [4, 2, 1, 8], [8, 8, 5, 0], [0, 8, 6, 10], [6, 10, 6, 10], [4, 8, 4, 1], [6, 7, 9, 5], [4, 3, 5, 0], [7, 2, 3, 10]]
[1, 1, 1, 1, 1, 0.2, 0.2, 0.2, 0.2, 0.2,
0.2, 0.2, 0.2, 0.2, 0.2, 0.2, 0.2, 0.2, 0.2, 0.2,
0.2, 0.2, 0.2, 0.2, 0.2, 0.2, 0.2, 0.2, 0.2, 0.2,
0.04, 0.04, 0.04, 0.04, 0.04, 0.04, 0.04, 0.04, 0.04, 0.04,
0.04, 0.04, 0.04, 0.04, 0.04, 0.04, 0.04, 0.04, 0.04, 0.04,
0.04, 0.04, 0.04, 0.04, 0.04, 0.008, 0.008, 0.008, 0.008, 0.008,
0.008, 0.008, 0.008, 0.008, 0.008, 0.008, 0.008, 0.008, 0.008, 0.008,
0.008, 0.008, 0.008, 0.008, 0.008, 0.008, 0.008, 0.008, 0.008, 0.008,
0.0016, 0.0016, 0.0016, 0.0016, 0.0016, 0.0016, 0.0016, 0.0016, 0.0016, 0.0016,
0.0016, 0.0016, 0.0016, 0.0016, 0.0016, 0.0016, 0.0016, 0.0016, 0.0016, 0.0016,
0.0016, 0.0016, 0.0016, 0.0016, 0.0016, 0.00032, 0.00032, 0.00032, 0.00032, 0.00032,
0.00032, 0.00032, 0.00032, 0.00032, 0.00032, 0.00032, 0.00032, 0.00032, 0.00032, 0.00032,
0.00032, 0.00032, 0.00032, 0.00032, 0.00032, 0.00032, 0.00032, 0.00032, 0.00032, 0.00032]
[1, 18, 7, 5, 6, 1, 19, 6, 16, 3,
19, 10, 15, 9, 0, 5, 19, 16, 5, 18,
0, 12, 16, 16, 6, 13, 16, 4, 9, 13,
6, 4, 6, 15, 13, 6, 17, 5, 17, 10,
5, 1, 7, 18, 10, 10, 2, 5, 6, 3,
6, 5, 19, 9, 15, 12, 14, 7, 11, 2,
8, 10, 11, 2, 8, 1, 6, 10, 0, 14,
2, 0, 4, 10, 4, 8, 9, 7, 18, 9,
7, 13, 0, 4, 7, 12, 9, 19, 4, 0,
6, 5, 11, 7, 3, 19, 11, 0, 1, 16,
7, 10, 4, 1, 11, 9, 13, 16, 7, 17,
3, 17, 14, 10, 14, 15, 6, 9, 15, 11,
15, 7, 6, 17, 18, 8, 7, 8, 7, 0]
------------------------------------------------------- 
# stage = 6	# children c = 5	length of each stage p = 5	nodes = 129	# items I = 1
