[68, 17, 92, 46, 2, 59, 57, 74, 95, 98,
97, 12, 71, 11, 61, 5, 66, 16, 82, 81,
99, 66, 86, 19, 37, 30, 67, 38, 28, 67,
100, 97, 50, 57, 8, 52, 15, 66, 93, 77,
29, 89, 89, 66, 100, 49, 71, 31, 31, 19,
78, 96, 51, 64, 14, 54, 60, 47, 92, 54,
80, 57, 50, 29, 81, 25, 81, 96, 91, 73,
72, 19, 28, 26, 52, 94, 41, 89, 25, 72]
[[515, 306, 421], [856, 382, 744], [117, 454, 235], [660, 659, 902], [315, 377, 509], [464, 346, 372], [488, 128, 370], [705, 37, 521], [223, 374, 424], [88, 781, 330],
[854, 280, 629], [260, 113, 1011], [1004, 230, 441], [216, 890, 85], [94, 181, 454], [595, 646, 792], [968, 110, 913], [322, 815, 950], [836, 22, 301], [244, 111, 66],
[566, 957, 338], [179, 201, 451], [167, 182, 673], [608, 390, 539], [685, 484, 721], [123, 55, 343], [908, 7, 445], [805, 322, 244], [739, 142, 258], [16, 378, 361],
[82, 944, 303], [413, 108, 496], [856, 267, 678], [514, 875, 44], [37, 537, 520], [750, 660, 576], [69, 544, 575], [514, 333, 889], [750, 49, 7], [1009, 65, 385],
[354, 140, 314], [649, 553, 414], [130, 393, 681], [800, 899, 532], [845, 937, 53], [349, 671, 706], [917, 733, 234], [477, 231, 560], [350, 982, 609], [350, 967, 666],
[735, 305, 806], [25, 947, 335], [431, 61, 721], [96, 861, 604], [621, 682, 525], [674, 16, 173], [356, 925, 906], [583, 386, 113], [127, 729, 79], [728, 63, 22],
[378, 790, 320], [161, 816, 251], [496, 231, 312], [201, 320, 149], [798, 933, 832], [307, 583, 848], [472, 940, 757], [354, 507, 120], [468, 626, 841], [539, 338, 896],
[562, 708, 670], [882, 869, 470], [117, 342, 694], [421, 543, 1006], [570, 325, 923], [386, 625, 490], [210, 73, 406], [960, 428, 905], [56, 896, 515], [897, 411, 853]]
[[10, 4, 4, 2], [8, 5, 4, 0], [10, 1, 1, 1], [7, 0, 6, 0], [1, 2, 2, 1], [7, 7, 2, 0], [10, 0, 2, 2], [0, 8, 8, 9], [10, 1, 0, 8], [5, 2, 8, 2],
[1, 7, 4, 9], [8, 8, 9, 7], [10, 0, 9, 7], [6, 9, 5, 3], [9, 5, 5, 7], [2, 0, 5, 0], [0, 3, 8, 3], [4, 3, 3, 5], [0, 7, 3, 6], [3, 0, 0, 2],
[9, 7, 7, 4], [5, 0, 5, 1], [5, 0, 9, 6], [9, 1, 6, 9], [3, 1, 1, 7], [4, 5, 1, 2], [10, 3, 6, 2], [3, 7, 3, 10], [1, 8, 2, 7], [8, 7, 6, 3],
[5, 2, 7, 4], [4, 2, 0, 7], [3, 0, 1, 5], [3, 0, 6, 2], [3, 10, 3, 4], [4, 4, 2, 6], [1, 4, 0, 10], [0, 6, 0, 4], [9, 7, 8, 0], [7, 6, 5, 10],
[6, 6, 2, 9], [4, 6, 10, 6], [6, 2, 10, 10], [4, 10, 5, 5], [3, 3, 2, 4], [10, 2, 6, 6], [7, 1, 6, 3], [7, 0, 0, 3], [4, 1, 10, 8], [7, 9, 3, 2],
[9, 1, 0, 2], [0, 3, 8, 2], [7, 8, 6, 4], [9, 10, 10, 5], [0, 3, 7, 7], [3, 7, 8, 5], [8, 8, 0, 3], [6, 2, 3, 5], [1, 3, 5, 1], [5, 2, 3, 1],
[9, 7, 5, 7], [6, 2, 10, 4], [5, 6, 1, 6], [1, 9, 9, 7], [6, 9, 10, 0], [0, 3, 3, 1], [4, 8, 1, 9], [9, 2, 8, 7], [8, 0, 1, 1], [2, 0, 6, 5],
[5, 5, 0, 6], [3, 9, 2, 8], [6, 0, 6, 4], [1, 9, 6, 3], [4, 5, 2, 2], [5, 8, 9, 2], [9, 8, 2, 9], [9, 6, 4, 3], [0, 2, 7, 3], [1, 9, 9, 5]]
[1, 1, 1, 1, 1, 0.333333, 0.333333, 0.333333, 0.333333, 0.333333,
0.333333, 0.333333, 0.333333, 0.333333, 0.333333, 0.333333, 0.333333, 0.333333, 0.333333, 0.333333,
0.111111, 0.111111, 0.111111, 0.111111, 0.111111, 0.111111, 0.111111, 0.111111, 0.111111, 0.111111,
0.111111, 0.111111, 0.111111, 0.111111, 0.111111, 0.037037, 0.037037, 0.037037, 0.037037, 0.037037,
0.037037, 0.037037, 0.037037, 0.037037, 0.037037, 0.037037, 0.037037, 0.037037, 0.037037, 0.037037,
0.0123457, 0.0123457, 0.0123457, 0.0123457, 0.0123457, 0.0123457, 0.0123457, 0.0123457, 0.0123457, 0.0123457,
0.0123457, 0.0123457, 0.0123457, 0.0123457, 0.0123457, 0.00411523, 0.00411523, 0.00411523, 0.00411523, 0.00411523,
0.00411523, 0.00411523, 0.00411523, 0.00411523, 0.00411523, 0.00411523, 0.00411523, 0.00411523, 0.00411523, 0.00411523]
[4, 16, 0, 9, 8, 2, 19, 12, 8, 0,
17, 7, 0, 12, 11, 10, 15, 2, 17, 1,
17, 7, 4, 16, 13, 3, 10, 18, 9, 10,
5, 14, 2, 11, 7, 18, 10, 17, 3, 2,
3, 2, 14, 17, 5, 0, 3, 6, 8, 20,
3, 17, 1, 3, 20, 17, 7, 10, 16, 19,
11, 9, 11, 17, 7, 10, 12, 2, 16, 15,
7, 15, 6, 12, 9, 0, 7, 11, 1, 15]
------------------------------------------------------- 
# stage = 6	# children c = 3	length of each stage p = 5	nodes = 79	# items I = 1
