[2, 32, 0, 97, 91, 85, 1, 49, 46, 8,
98, 92, 81, 61, 8, 94, 97, 31, 25, 29,
14, 94, 17, 23, 42, 40, 0, 51, 17, 92,
41, 19, 23, 41, 82, 81, 92, 49, 29, 37,
24, 93, 28, 4, 54, 2, 98, 50, 100, 89,
45, 80, 49, 62, 2, 91, 68, 70, 7, 85,
61, 48, 70, 51, 89, 17, 31, 80, 67, 26,
83, 91]
[[703, 198, 35], [887, 672, 1299], [681, 1845, 1019], [1219, 515, 1037], [1893, 1613, 138], [157, 1158, 1316], [1572, 1052, 461], [120, 1570, 1118], [1999, 2107, 1611], [36, 500, 1779],
[1705, 2114, 1977], [529, 1789, 1437], [616, 347, 2070], [1636, 355, 462], [550, 1036, 2075], [688, 2104, 2021], [792, 1553, 951], [1253, 462, 398], [1159, 338, 1294], [1558, 374, 582],
[1215, 868, 573], [1069, 185, 240], [1295, 801, 1498], [1242, 1225, 641], [493, 1775, 465], [1356, 1251, 446], [1255, 2043, 788], [994, 2084, 1250], [180, 1120, 376], [1474, 556, 1662],
[2056, 559, 407], [1418, 1628, 1503], [446, 1711, 181], [1944, 831, 1407], [1374, 112, 1970], [1839, 1468, 1099], [1074, 1511, 1930], [650, 382, 680], [1900, 563, 1800], [1064, 2037, 1144],
[603, 1971, 1703], [1921, 1266, 2120], [1301, 1712, 1708], [1483, 321, 1327], [1678, 483, 1439], [1525, 1111, 1696], [1412, 973, 1084], [8, 1623, 255], [688, 188, 818], [1276, 1252, 1643],
[1209, 1856, 279], [789, 1654, 333], [1697, 833, 833], [1283, 1104, 2066], [1398, 659, 426], [1626, 972, 1537], [2110, 262, 1298], [1071, 1181, 798], [1326, 1869, 986], [932, 1933, 1027],
[453, 1019, 760], [732, 597, 1202], [1977, 171, 2035], [687, 242, 1927], [630, 429, 463], [1057, 2055, 224], [1382, 2042, 1397], [558, 1901, 455], [144, 2016, 1112], [2042, 825, 922],
[946, 66, 730], [1706, 1710, 1327]]
[[0, 1, 8, 9], [10, 4, 9, 9], [3, 3, 10, 10], [9, 10, 0, 5], [0, 10, 5, 7], [5, 1, 7, 3], [6, 2, 3, 0], [5, 3, 2, 3], [5, 0, 0, 2], [2, 9, 1, 5],
[10, 9, 5, 7], [8, 3, 1, 7], [2, 6, 3, 5], [7, 10, 9, 1], [10, 10, 1, 4], [2, 4, 5, 5], [2, 5, 8, 2], [4, 7, 7, 1], [5, 1, 8, 0], [2, 9, 7, 5],
[3, 10, 8, 8], [7, 4, 9, 6], [1, 9, 8, 2], [0, 3, 7, 0], [8, 2, 2, 10], [9, 9, 10, 1], [9, 7, 2, 0], [4, 9, 3, 5], [7, 10, 2, 3], [3, 10, 8, 3],
[6, 5, 5, 4], [6, 10, 4, 2], [2, 6, 10, 9], [2, 9, 9, 9], [4, 0, 10, 6], [7, 0, 0, 3], [10, 0, 5, 1], [8, 2, 4, 1], [5, 9, 5, 1], [8, 9, 1, 8],
[4, 0, 5, 5], [8, 3, 3, 1], [1, 0, 7, 6], [1, 5, 8, 9], [5, 2, 10, 1], [4, 1, 2, 9], [8, 8, 8, 4], [6, 7, 1, 9], [8, 4, 3, 5], [7, 4, 4, 8],
[5, 0, 2, 4], [3, 10, 2, 6], [1, 0, 7, 5], [10, 10, 1, 8], [5, 8, 1, 0], [4, 0, 7, 1], [5, 8, 4, 10], [2, 8, 6, 7], [6, 8, 9, 9], [7, 0, 5, 8],
[9, 10, 0, 9], [7, 10, 4, 1], [7, 5, 0, 10], [3, 7, 9, 6], [5, 3, 6, 5], [9, 1, 10, 3], [9, 8, 10, 3], [6, 4, 9, 5], [2, 7, 1, 9], [6, 5, 0, 1],
[8, 0, 0, 9], [5, 9, 5, 8]]
[1, 1, 0.2, 0.2, 0.2, 0.2, 0.2, 0.2, 0.2, 0.2,
0.2, 0.2, 0.04, 0.04, 0.04, 0.04, 0.04, 0.04, 0.04, 0.04,
0.04, 0.04, 0.008, 0.008, 0.008, 0.008, 0.008, 0.008, 0.008, 0.008,
0.008, 0.008, 0.0016, 0.0016, 0.0016, 0.0016, 0.0016, 0.0016, 0.0016, 0.0016,
0.0016, 0.0016, 0.00032, 0.00032, 0.00032, 0.00032, 0.00032, 0.00032, 0.00032, 0.00032,
0.00032, 0.00032, 6.4e-05, 6.4e-05, 6.4e-05, 6.4e-05, 6.4e-05, 6.4e-05, 6.4e-05, 6.4e-05,
6.4e-05, 6.4e-05, 1.28e-05, 1.28e-05, 1.28e-05, 1.28e-05, 1.28e-05, 1.28e-05, 1.28e-05, 1.28e-05,
1.28e-05, 1.28e-05]
[2, 3, 10, 9, 5, 6, 4, 9, 9, 10,
1, 0, 6, 1, 3, 7, 5, 0, 1, 3,
4, 2, 9, 6, 7, 5, 9, 3, 3, 9,
9, 10, 1, 5, 4, 6, 2, 4, 2, 4,
2, 4, 3, 2, 10, 0, 1, 8, 4, 2,
7, 4, 3, 8, 3, 1, 8, 1, 0, 5,
10, 2, 10, 1, 10, 9, 10, 1, 7, 4,
7, 1]
------------------------------------------------------- 
# stage = 8	# children c = 5	length of each stage p = 2	nodes = 71	# items I = 1
