[0, 4, 52, 38, 65, 57, 76, 78, 70, 37,
33, 50, 85, 23, 19, 25, 65, 34, 51, 83,
3, 5, 67, 35, 61, 77, 67, 28, 11, 14,
98, 11, 85, 15, 16, 49, 73, 58, 27, 8,
95, 26, 59, 45, 50, 78, 36, 81, 78, 87,
30, 47, 93, 97, 82, 19, 39, 14, 47, 50,
96, 10, 62, 80, 26, 44, 29, 65, 1]
[[75, 361, 437], [464, 642, 1857], [1135, 587, 658], [1725, 819, 316], [892, 849, 88], [1012, 606, 678], [566, 1868, 753], [1303, 503, 284], [1087, 1085, 941], [1026, 60, 1288],
[664, 1693, 1265], [717, 1773, 1907], [631, 965, 551], [904, 747, 986], [836, 1255, 1835], [539, 1882, 498], [832, 120, 39], [1585, 1038, 157], [1484, 182, 857], [98, 1208, 533],
[1001, 1488, 283], [323, 262, 1671], [1845, 508, 694], [69, 1413, 1056], [1055, 1864, 1926], [562, 460, 1480], [675, 907, 1600], [714, 165, 695], [486, 1649, 492], [1344, 1362, 1701],
[1877, 36, 1246], [1775, 359, 1508], [1504, 262, 1631], [1813, 331, 1101], [541, 1001, 637], [140, 1563, 712], [1620, 295, 1620], [893, 625, 1785], [1588, 1111, 1106], [138, 127, 526],
[1454, 1619, 562], [372, 1452, 536], [1495, 628, 413], [1183, 113, 359], [1900, 654, 975], [594, 794, 595], [1307, 87, 506], [984, 980, 746], [826, 625, 1472], [1547, 378, 1600],
[130, 1832, 891], [307, 1819, 15], [459, 1371, 643], [487, 612, 756], [462, 569, 1026], [1437, 1163, 1820], [1648, 527, 1907], [211, 1126, 559], [572, 1567, 800], [101, 1172, 1178],
[1701, 917, 683], [265, 840, 559], [280, 1299, 1931], [539, 1401, 215], [1295, 1863, 784], [378, 973, 4], [1814, 678, 147], [1393, 504, 888], [10, 1076, 513]]
[[3, 7, 3, 5], [2, 4, 3, 10], [7, 4, 4, 10], [8, 4, 10, 1], [7, 6, 6, 8], [0, 4, 7, 5], [9, 1, 5, 8], [3, 5, 8, 6], [1, 9, 10, 2], [2, 2, 10, 7],
[6, 3, 7, 1], [5, 6, 0, 2], [10, 5, 10, 0], [9, 4, 3, 7], [5, 8, 4, 7], [0, 10, 0, 10], [8, 10, 1, 8], [2, 9, 3, 6], [2, 10, 6, 5], [3, 4, 7, 3],
[9, 4, 1, 5], [8, 4, 1, 1], [1, 3, 6, 1], [0, 6, 0, 6], [4, 0, 4, 4], [7, 7, 8, 9], [4, 1, 2, 5], [6, 9, 6, 2], [3, 7, 8, 9], [9, 7, 10, 10],
[0, 5, 9, 9], [10, 8, 5, 3], [6, 7, 5, 2], [3, 2, 10, 5], [4, 1, 10, 10], [10, 6, 1, 0], [0, 9, 10, 10], [6, 7, 7, 4], [0, 4, 2, 10], [1, 5, 0, 5],
[1, 5, 5, 2], [7, 4, 7, 9], [3, 5, 8, 1], [0, 8, 1, 9], [4, 0, 8, 8], [8, 5, 10, 8], [9, 2, 5, 8], [7, 3, 0, 7], [8, 5, 9, 2], [8, 6, 1, 9],
[0, 7, 10, 9], [2, 1, 5, 7], [10, 3, 2, 5], [6, 2, 0, 2], [2, 5, 8, 7], [6, 8, 3, 3], [0, 2, 4, 8], [8, 3, 7, 6], [10, 4, 2, 0], [3, 7, 7, 3],
[8, 7, 6, 3], [9, 7, 5, 0], [10, 2, 8, 6], [8, 0, 7, 9], [0, 0, 4, 6], [3, 9, 1, 1], [3, 1, 1, 6], [7, 6, 7, 4], [2, 3, 6, 10]]
[1, 1, 1, 0.5, 0.5, 0.5, 0.5, 0.5, 0.5, 0.25,
0.25, 0.25, 0.25, 0.25, 0.25, 0.125, 0.125, 0.125, 0.125, 0.125,
0.125, 0.0625, 0.0625, 0.0625, 0.0625, 0.0625, 0.0625, 0.03125, 0.03125, 0.03125,
0.03125, 0.03125, 0.03125, 0.015625, 0.015625, 0.015625, 0.015625, 0.015625, 0.015625, 0.0078125,
0.0078125, 0.0078125, 0.0078125, 0.0078125, 0.0078125, 0.00390625, 0.00390625, 0.00390625, 0.00390625, 0.00390625,
0.00390625, 0.00195312, 0.00195312, 0.00195312, 0.00195312, 0.00195312, 0.00195312, 0.000976562, 0.000976562, 0.000976562,
0.000976562, 0.000976562, 0.000976562, 0.000488281, 0.000488281, 0.000488281, 0.000488281, 0.000488281, 0.000488281]
[4, 6, 8, 15, 0, 8, 10, 17, 0, 19,
4, 3, 4, 18, 19, 2, 5, 11, 9, 3,
9, 16, 11, 15, 1, 15, 11, 13, 10, 14,
19, 18, 0, 13, 19, 18, 0, 12, 11, 15,
18, 10, 2, 16, 6, 6, 10, 5, 5, 0,
7, 17, 17, 2, 9, 13, 13, 8, 18, 19,
6, 13, 10, 6, 8, 12, 17, 6, 11]
------------------------------------------------------- 
# stage = 12	# children c = 2	length of each stage p = 3	nodes = 68	# items I = 1
