[39, 13, 28, 34, 23, 15, 91, 35, 87, 2,
79, 45, 65, 76, 43, 61, 30, 81, 54, 48,
26, 31, 7, 57, 23, 76, 6, 3, 27, 75,
96, 32]
[[688, 1626, 307], [1796, 1510, 592], [411, 1169, 1366], [241, 1589, 1369], [350, 939, 1985], [1750, 23, 1948], [80, 1630, 119], [188, 1277, 1924], [327, 1451, 1403], [1311, 1483, 332],
[1249, 183, 1958], [1557, 1655, 1481], [1825, 78, 338], [1204, 320, 1928], [585, 346, 879], [582, 1772, 902], [218, 1852, 544], [338, 52, 1497], [1938, 380, 636], [1030, 1367, 131],
[1362, 628, 1978], [1009, 1861, 1646], [178, 1699, 1724], [516, 915, 1720], [456, 1176, 1742], [1011, 1435, 1526], [1913, 1653, 1391], [145, 1667, 1119], [1318, 1618, 1175], [1955, 660, 554],
[98, 1698, 1183], [89, 719, 1056]]
[[3, 5, 7, 1], [3, 8, 8, 5], [3, 1, 1, 7], [9, 9, 4, 3], [4, 8, 9, 8], [2, 8, 7, 0], [4, 0, 4, 5], [7, 10, 5, 0], [5, 1, 1, 6], [8, 7, 0, 0],
[6, 0, 6, 4], [7, 10, 7, 0], [7, 3, 6, 8], [1, 3, 6, 3], [3, 0, 8, 0], [8, 0, 9, 2], [0, 8, 6, 8], [4, 7, 6, 10], [5, 1, 1, 1], [1, 8, 10, 6],
[0, 5, 3, 10], [8, 10, 0, 10], [8, 6, 8, 5], [7, 6, 6, 7], [3, 1, 4, 5], [6, 10, 2, 0], [10, 3, 1, 0], [9, 9, 4, 7], [4, 8, 5, 10], [5, 5, 7, 0],
[1, 4, 3, 8], [8, 9, 4, 9]]
[1, 1, 0.333333, 0.333333, 0.333333, 0.333333, 0.333333, 0.333333, 0.111111, 0.111111,
0.111111, 0.111111, 0.111111, 0.111111, 0.037037, 0.037037, 0.037037, 0.037037, 0.037037, 0.037037,
0.0123457, 0.0123457, 0.0123457, 0.0123457, 0.0123457, 0.0123457, 0.00411523, 0.00411523, 0.00411523, 0.00411523,
0.00411523, 0.00411523]
[13, 15, 18, 18, 18, 14, 3, 0, 3, 15,
3, 1, 5, 16, 11, 13, 12, 6, 12, 14,
11, 16, 11, 3, 3, 15, 17, 12, 0, 4,
5, 19]
------------------------------------------------------- 
# stage = 6	# children c = 3	length of each stage p = 2	nodes = 31	# items I = 1
