[59, 8, 73, 37, 0, 34, 26, 68, 0, 70,
75, 60, 38, 12, 77, 58, 87, 70, 47, 41,
40, 100, 73, 56, 82, 59, 64, 17, 96, 16,
0, 54, 24, 39, 58, 24, 74, 84, 59, 74,
53, 33, 100, 58, 12, 76, 82, 65, 46, 28,
72, 52, 94, 10, 7, 42, 70, 38, 25, 65,
54, 26, 85, 44, 31, 42, 69, 71, 26, 94,
10, 45]
[[701, 261, 701], [2081, 486, 2054], [1713, 1514, 1574], [1920, 171, 835], [2046, 932, 643], [2100, 1471, 947], [1208, 214, 180], [952, 336, 1479], [830, 1423, 843], [1934, 1383, 2064],
[2041, 2084, 1201], [1618, 940, 1687], [1572, 552, 1101], [1045, 372, 1272], [756, 1294, 1080], [1400, 169, 451], [246, 1378, 1642], [1403, 1206, 1979], [1758, 2037, 1301], [500, 1870, 583],
[1441, 1811, 1544], [541, 1328, 383], [1105, 1776, 1913], [105, 1698, 184], [253, 353, 1478], [1334, 1753, 523], [661, 876, 1901], [202, 1155, 1007], [1057, 813, 1920], [257, 189, 1689],
[1818, 1630, 275], [137, 1048, 1604], [520, 52, 155], [332, 1134, 1853], [1493, 1387, 106], [1847, 1597, 735], [270, 157, 487], [1047, 1337, 519], [930, 293, 1332], [749, 1528, 397],
[1315, 121, 2028], [1590, 258, 975], [1093, 1755, 1027], [125, 964, 60], [1978, 356, 323], [960, 1080, 1921], [572, 1350, 954], [1059, 1273, 1167], [1578, 103, 337], [1786, 1829, 1865],
[1060, 1043, 1986], [987, 533, 1120], [838, 502, 774], [741, 1604, 1738], [1778, 1482, 971], [0, 1318, 2051], [797, 1890, 176], [628, 1826, 1449], [671, 179, 428], [1008, 842, 1134],
[772, 1902, 1053], [1634, 1765, 462], [1630, 502, 1942], [304, 1243, 1445], [918, 1897, 826], [765, 773, 44], [1692, 447, 810], [1868, 1075, 1512], [93, 1746, 1692], [1498, 1631, 433],
[1508, 302, 1211], [461, 813, 875]]
[[9, 5, 4, 10], [1, 1, 1, 1], [1, 9, 7, 4], [3, 0, 3, 10], [7, 8, 8, 9], [10, 2, 6, 4], [3, 1, 7, 9], [6, 3, 1, 4], [9, 5, 2, 8], [7, 1, 7, 8],
[10, 3, 10, 1], [1, 1, 0, 7], [9, 7, 3, 6], [7, 9, 10, 10], [8, 4, 9, 3], [8, 8, 6, 4], [2, 6, 10, 9], [7, 6, 4, 5], [7, 4, 6, 6], [5, 4, 0, 1],
[0, 4, 7, 7], [0, 4, 5, 9], [9, 1, 10, 4], [9, 3, 8, 0], [9, 5, 8, 6], [9, 10, 9, 5], [3, 2, 9, 6], [6, 10, 7, 5], [3, 1, 10, 3], [6, 2, 1, 2],
[3, 10, 6, 10], [2, 1, 0, 1], [6, 6, 5, 4], [5, 3, 7, 7], [5, 5, 2, 9], [4, 8, 1, 7], [7, 10, 9, 2], [1, 8, 4, 3], [7, 8, 2, 10], [9, 0, 9, 2],
[6, 1, 6, 10], [2, 2, 6, 7], [8, 6, 3, 10], [3, 3, 7, 9], [2, 5, 0, 1], [2, 3, 4, 8], [9, 5, 5, 8], [5, 1, 10, 1], [2, 4, 0, 4], [6, 4, 9, 1],
[10, 10, 1, 1], [2, 6, 10, 2], [9, 8, 2, 0], [0, 6, 6, 10], [9, 0, 5, 4], [1, 2, 3, 3], [6, 1, 5, 0], [5, 3, 1, 4], [3, 0, 5, 3], [4, 2, 6, 2],
[0, 8, 1, 0], [1, 7, 8, 0], [6, 0, 2, 7], [3, 5, 9, 7], [6, 3, 7, 9], [5, 7, 2, 8], [7, 6, 0, 10], [8, 4, 1, 8], [10, 2, 7, 1], [8, 2, 10, 3],
[3, 1, 8, 4], [4, 6, 0, 10]]
[1, 1, 0.2, 0.2, 0.2, 0.2, 0.2, 0.2, 0.2, 0.2,
0.2, 0.2, 0.04, 0.04, 0.04, 0.04, 0.04, 0.04, 0.04, 0.04,
0.04, 0.04, 0.008, 0.008, 0.008, 0.008, 0.008, 0.008, 0.008, 0.008,
0.008, 0.008, 0.0016, 0.0016, 0.0016, 0.0016, 0.0016, 0.0016, 0.0016, 0.0016,
0.0016, 0.0016, 0.00032, 0.00032, 0.00032, 0.00032, 0.00032, 0.00032, 0.00032, 0.00032,
0.00032, 0.00032, 6.4e-05, 6.4e-05, 6.4e-05, 6.4e-05, 6.4e-05, 6.4e-05, 6.4e-05, 6.4e-05,
6.4e-05, 6.4e-05, 1.28e-05, 1.28e-05, 1.28e-05, 1.28e-05, 1.28e-05, 1.28e-05, 1.28e-05, 1.28e-05,
1.28e-05, 1.28e-05]
[12, 5, 0, 21, 20, 6, 15, 15, 19, 16,
5, 7, 18, 19, 20, 6, 3, 4, 19, 4,
7, 14, 2, 0, 2, 2, 21, 4, 8, 11,
14, 16, 2, 17, 20, 14, 10, 3, 10, 9,
16, 19, 18, 7, 1, 9, 9, 8, 20, 7,
3, 21, 4, 20, 3, 2, 14, 9, 19, 15,
10, 11, 2, 5, 21, 14, 10, 9, 15, 2,
13, 12]
------------------------------------------------------- 
# stage = 8	# children c = 5	length of each stage p = 2	nodes = 71	# items I = 1
