[50, 55, 17, 95, 12, 22, 64, 84, 93, 50,
75, 73, 94, 80, 53, 35, 70, 29, 18, 5,
39, 75, 56, 28, 62, 58, 72, 12, 67, 30,
40, 84, 51, 23, 44, 64, 46, 8, 47, 38,
58, 22, 10, 17, 68, 29]
[[162, 135, 18], [11, 889, 740], [1030, 343, 515], [380, 909, 802], [291, 889, 310], [270, 1057, 560], [130, 986, 873], [506, 680, 791], [813, 116, 619], [376, 400, 498],
[861, 494, 565], [812, 437, 317], [414, 398, 660], [929, 710, 431], [661, 934, 250], [972, 66, 237], [394, 129, 86], [129, 635, 698], [920, 310, 814], [402, 686, 76],
[832, 410, 570], [327, 152, 940], [576, 498, 268], [166, 357, 910], [597, 950, 706], [779, 784, 773], [1017, 109, 902], [1035, 238, 399], [663, 21, 710], [407, 423, 258],
[483, 185, 668], [985, 444, 752], [855, 1021, 180], [1055, 49, 469], [828, 579, 350], [464, 288, 64], [99, 167, 105], [1001, 132, 276], [263, 727, 297], [973, 64, 652],
[161, 479, 769], [762, 327, 75], [376, 44, 1028], [557, 1032, 8], [958, 790, 587], [238, 184, 807]]
[[0, 7, 10, 7], [2, 8, 4, 2], [0, 10, 2, 8], [4, 8, 5, 10], [10, 10, 9, 5], [3, 9, 3, 9], [6, 5, 8, 3], [0, 0, 1, 10], [7, 9, 6, 9], [5, 8, 9, 5],
[8, 0, 0, 10], [8, 5, 9, 5], [2, 7, 9, 3], [3, 1, 2, 9], [7, 10, 10, 7], [8, 1, 6, 4], [8, 10, 2, 2], [8, 9, 5, 3], [10, 3, 2, 5], [9, 9, 0, 9],
[6, 9, 2, 7], [8, 4, 4, 4], [1, 3, 10, 10], [2, 3, 1, 0], [3, 4, 0, 9], [0, 6, 10, 10], [9, 1, 5, 5], [10, 3, 4, 3], [1, 4, 9, 7], [8, 2, 10, 7],
[3, 9, 4, 6], [10, 6, 4, 0], [8, 4, 9, 8], [8, 8, 8, 5], [7, 0, 8, 5], [3, 10, 6, 2], [3, 4, 9, 0], [4, 8, 6, 8], [4, 10, 3, 4], [5, 7, 4, 0],
[9, 1, 9, 7], [7, 6, 1, 2], [4, 9, 7, 7], [9, 2, 7, 1], [5, 5, 0, 9], [1, 4, 6, 3]]
[1, 1, 0.5, 0.5, 0.5, 0.5, 0.25, 0.25, 0.25, 0.25,
0.125, 0.125, 0.125, 0.125, 0.0625, 0.0625, 0.0625, 0.0625, 0.03125, 0.03125,
0.03125, 0.03125, 0.015625, 0.015625, 0.015625, 0.015625, 0.0078125, 0.0078125, 0.0078125, 0.0078125,
0.00390625, 0.00390625, 0.00390625, 0.00390625, 0.00195312, 0.00195312, 0.00195312, 0.00195312, 0.000976562, 0.000976562,
0.000976562, 0.000976562, 0.000488281, 0.000488281, 0.000488281, 0.000488281]
[2, 0, 11, 8, 19, 13, 17, 16, 8, 5,
10, 6, 15, 21, 13, 16, 12, 0, 13, 4,
12, 4, 1, 0, 19, 7, 6, 18, 0, 21,
4, 4, 6, 16, 10, 7, 14, 6, 8, 20,
8, 7, 16, 10, 20, 4]
------------------------------------------------------- 
# stage = 12	# children c = 2	length of each stage p = 2	nodes = 45	# items I = 1
