[40, 20, 9, 88, 39, 84, 52, 82, 69, 20,
21, 74, 56, 28, 97, 72, 38, 2, 38, 0,
96, 79, 35, 22, 1, 25, 69, 70, 36, 35,
27, 76, 55, 2, 64, 60, 87, 82, 7, 21,
68, 29, 95, 23, 57, 57, 95, 61, 59, 99,
61, 55, 77, 62, 43, 45, 53, 78, 81, 89,
12, 74, 65, 33, 77, 95, 59, 63, 76, 67,
50, 43, 96, 44, 32, 18, 67, 26, 80, 93,
25, 6, 13, 68, 35, 56, 12, 88, 33, 59,
77, 11, 33, 7, 44, 9, 1, 69, 38, 43,
35, 88, 52, 30, 98, 84, 15, 30, 9, 61]
[[383, 333, 76], [440, 871, 838], [681, 783, 457], [259, 70, 790], [128, 20, 429], [769, 671, 597], [390, 836, 1007], [920, 45, 77], [563, 832, 196], [723, 890, 492],
[751, 243, 826], [828, 683, 667], [38, 767, 853], [495, 428, 325], [687, 556, 777], [87, 727, 419], [684, 88, 657], [63, 410, 104], [140, 973, 339], [336, 667, 199],
[231, 820, 875], [27, 20, 960], [96, 58, 697], [351, 986, 95], [677, 643, 53], [424, 730, 781], [245, 384, 271], [903, 879, 681], [409, 1019, 27], [748, 758, 96],
[350, 391, 916], [195, 418, 937], [125, 946, 995], [225, 268, 353], [752, 347, 997], [806, 771, 697], [989, 419, 484], [662, 724, 333], [745, 103, 755], [772, 254, 915],
[868, 604, 276], [755, 201, 96], [64, 326, 12], [461, 983, 712], [815, 706, 29], [782, 914, 203], [881, 873, 622], [767, 937, 316], [503, 652, 419], [228, 395, 75],
[545, 665, 679], [223, 390, 282], [319, 886, 609], [763, 318, 994], [446, 535, 670], [475, 287, 986], [678, 570, 231], [270, 308, 138], [1018, 811, 791], [840, 441, 588],
[915, 986, 223], [997, 179, 16], [249, 930, 902], [260, 663, 622], [225, 79, 127], [297, 987, 414], [254, 635, 985], [485, 308, 695], [26, 296, 476], [817, 106, 319],
[375, 424, 707], [598, 391, 886], [614, 640, 188], [919, 303, 851], [511, 528, 333], [639, 227, 290], [455, 913, 327], [842, 801, 635], [507, 827, 334], [385, 16, 872],
[704, 391, 266], [381, 391, 59], [669, 408, 102], [259, 729, 405], [81, 210, 335], [846, 251, 562], [106, 109, 878], [865, 951, 649], [903, 861, 446], [207, 216, 462],
[481, 323, 255], [150, 106, 48], [209, 178, 888], [743, 437, 587], [118, 950, 200], [885, 168, 883], [850, 706, 992], [698, 542, 914], [317, 415, 745], [165, 24, 363],
[29, 505, 88], [284, 655, 195], [764, 267, 805], [623, 1010, 212], [612, 531, 565], [812, 818, 733], [666, 638, 842], [30, 738, 354], [944, 25, 171], [61, 622, 195]]
[[5, 1, 9, 2], [4, 7, 4, 8], [8, 2, 6, 3], [7, 3, 5, 2], [6, 10, 6, 9], [6, 3, 1, 0], [0, 3, 1, 2], [1, 3, 6, 7], [5, 2, 7, 9], [10, 1, 4, 7],
[3, 8, 8, 9], [0, 0, 9, 6], [8, 2, 2, 3], [6, 1, 1, 6], [2, 2, 8, 4], [5, 1, 0, 8], [1, 5, 4, 0], [6, 7, 5, 8], [4, 0, 4, 5], [9, 2, 9, 6],
[3, 10, 9, 9], [0, 10, 2, 3], [10, 8, 7, 5], [7, 5, 0, 8], [10, 5, 7, 4], [10, 10, 1, 3], [0, 3, 6, 9], [3, 3, 3, 6], [2, 1, 2, 0], [10, 4, 3, 9],
[10, 8, 1, 6], [0, 2, 4, 9], [5, 9, 2, 4], [8, 1, 5, 6], [2, 10, 3, 5], [2, 6, 1, 4], [5, 1, 4, 2], [4, 6, 1, 3], [1, 0, 8, 0], [2, 10, 9, 5],
[8, 9, 7, 3], [8, 0, 10, 10], [10, 0, 2, 1], [4, 1, 3, 9], [3, 5, 1, 7], [9, 0, 8, 0], [0, 3, 9, 1], [2, 5, 4, 8], [3, 1, 1, 9], [1, 9, 6, 9],
[9, 8, 10, 0], [10, 0, 7, 2], [5, 8, 7, 4], [6, 2, 2, 5], [6, 0, 6, 8], [5, 10, 6, 6], [9, 5, 4, 8], [3, 10, 6, 10], [7, 5, 10, 6], [3, 6, 6, 9],
[2, 2, 0, 6], [5, 2, 0, 9], [0, 6, 6, 5], [4, 10, 9, 2], [4, 2, 0, 7], [10, 4, 4, 4], [8, 1, 9, 0], [8, 4, 9, 8], [5, 9, 3, 8], [9, 4, 6, 9],
[8, 10, 1, 1], [10, 10, 2, 3], [10, 0, 9, 9], [2, 0, 1, 10], [2, 10, 0, 8], [1, 9, 5, 4], [6, 6, 1, 4], [8, 5, 1, 6], [5, 2, 5, 2], [2, 5, 5, 1],
[3, 1, 9, 6], [2, 10, 5, 4], [7, 5, 1, 8], [2, 4, 2, 6], [10, 1, 8, 6], [7, 9, 1, 10], [1, 4, 1, 1], [8, 4, 0, 0], [6, 7, 6, 6], [4, 10, 8, 0],
[2, 9, 7, 4], [0, 9, 8, 8], [8, 6, 3, 4], [2, 4, 1, 1], [7, 2, 2, 4], [5, 1, 4, 0], [8, 9, 4, 2], [6, 1, 0, 8], [8, 7, 0, 8], [3, 8, 5, 1],
[1, 9, 3, 4], [0, 5, 5, 7], [5, 6, 9, 10], [7, 3, 8, 2], [10, 1, 2, 5], [2, 3, 2, 10], [8, 0, 5, 1], [9, 0, 2, 8], [7, 5, 1, 7], [8, 5, 2, 3]]
[1, 1, 1, 1, 1, 0.333333, 0.333333, 0.333333, 0.333333, 0.333333,
0.333333, 0.333333, 0.333333, 0.333333, 0.333333, 0.333333, 0.333333, 0.333333, 0.333333, 0.333333,
0.111111, 0.111111, 0.111111, 0.111111, 0.111111, 0.111111, 0.111111, 0.111111, 0.111111, 0.111111,
0.111111, 0.111111, 0.111111, 0.111111, 0.111111, 0.037037, 0.037037, 0.037037, 0.037037, 0.037037,
0.037037, 0.037037, 0.037037, 0.037037, 0.037037, 0.037037, 0.037037, 0.037037, 0.037037, 0.037037,
0.0123457, 0.0123457, 0.0123457, 0.0123457, 0.0123457, 0.0123457, 0.0123457, 0.0123457, 0.0123457, 0.0123457,
0.0123457, 0.0123457, 0.0123457, 0.0123457, 0.0123457, 0.00411523, 0.00411523, 0.00411523, 0.00411523, 0.00411523,
0.00411523, 0.00411523, 0.00411523, 0.00411523, 0.00411523, 0.00411523, 0.00411523, 0.00411523, 0.00411523, 0.00411523,
0.00137174, 0.00137174, 0.00137174, 0.00137174, 0.00137174, 0.00137174, 0.00137174, 0.00137174, 0.00137174, 0.00137174,
0.00137174, 0.00137174, 0.00137174, 0.00137174, 0.00137174, 0.000457247, 0.000457247, 0.000457247, 0.000457247, 0.000457247,
0.000457247, 0.000457247, 0.000457247, 0.000457247, 0.000457247, 0.000457247, 0.000457247, 0.000457247, 0.000457247, 0.000457247]
[3, 0, 7, 1, 4, 4, 0, 7, 3, 2,
2, 2, 0, 2, 3, 6, 3, 7, 3, 8,
5, 1, 1, 3, 9, 2, 5, 10, 4, 4,
6, 0, 3, 4, 2, 1, 1, 7, 6, 4,
3, 4, 7, 7, 1, 3, 0, 0, 9, 8,
4, 2, 8, 7, 6, 6, 1, 0, 10, 4,
8, 2, 8, 8, 6, 3, 10, 5, 1, 9,
7, 4, 0, 1, 1, 8, 8, 2, 1, 8,
0, 6, 3, 5, 9, 0, 4, 0, 5, 1,
4, 0, 5, 2, 0, 2, 8, 9, 5, 4,
3, 6, 5, 9, 5, 1, 5, 6, 2, 4]
------------------------------------------------------- 
# stage = 8	# children c = 3	length of each stage p = 5	nodes = 109	# items I = 1
