[29, 47, 93, 78, 93, 13, 0, 51, 81, 21,
9, 6, 90, 62, 53, 77, 88, 87, 14, 13,
1, 28, 80, 19, 70, 62, 29, 24, 13, 16,
10, 9]
[[749, 794, 784], [554, 720, 724], [294, 739, 558], [80, 519, 229], [319, 305, 942], [289, 19, 965], [248, 840, 533], [632, 598, 722], [93, 862, 713], [705, 762, 301],
[484, 83, 107], [280, 638, 827], [564, 492, 578], [683, 572, 658], [472, 451, 523], [427, 300, 102], [952, 109, 942], [58, 301, 113], [780, 394, 535], [65, 111, 309],
[366, 156, 392], [33, 984, 590], [860, 121, 94], [10, 804, 226], [228, 288, 677], [311, 275, 538], [414, 240, 647], [916, 298, 948], [41, 638, 903], [576, 703, 26],
[445, 629, 730], [398, 662, 287]]
[[10, 1, 4, 5], [3, 7, 4, 5], [0, 2, 3, 0], [1, 7, 5, 7], [9, 4, 3, 10], [1, 0, 5, 8], [6, 6, 6, 2], [10, 1, 2, 7], [0, 4, 2, 3], [0, 4, 8, 1],
[6, 10, 1, 6], [4, 5, 2, 2], [9, 5, 1, 10], [6, 5, 6, 10], [9, 10, 1, 8], [9, 4, 3, 9], [6, 5, 0, 7], [7, 6, 6, 0], [3, 5, 6, 7], [10, 6, 10, 6],
[1, 9, 6, 5], [3, 10, 4, 2], [7, 3, 8, 5], [5, 0, 3, 1], [3, 3, 6, 8], [8, 1, 9, 0], [4, 2, 8, 4], [9, 5, 10, 8], [3, 3, 2, 5], [0, 4, 7, 7],
[5, 2, 1, 0], [1, 3, 1, 2]]
[1, 1, 0.333333, 0.333333, 0.333333, 0.333333, 0.333333, 0.333333, 0.111111, 0.111111,
0.111111, 0.111111, 0.111111, 0.111111, 0.037037, 0.037037, 0.037037, 0.037037, 0.037037, 0.037037,
0.0123457, 0.0123457, 0.0123457, 0.0123457, 0.0123457, 0.0123457, 0.00411523, 0.00411523, 0.00411523, 0.00411523,
0.00411523, 0.00411523]
[18, 11, 8, 17, 15, 16, 2, 16, 10, 8,
15, 7, 6, 12, 6, 9, 7, 4, 1, 16,
14, 5, 12, 19, 6, 18, 17, 11, 1, 0,
3, 11]
------------------------------------------------------- 
# stage = 6	# children c = 3	length of each stage p = 2	nodes = 31	# items I = 1
