[55, 84, 89, 25, 65, 94, 77, 33, 13, 0,
99, 80, 81, 12, 82, 100, 39, 86, 73, 2,
10, 89, 93, 80, 76, 21, 4, 72, 41, 30,
35, 62, 13, 90, 88, 45, 83, 30, 44, 96,
30, 9, 41, 11, 88, 22, 77, 26, 7, 50,
28, 84, 4, 88, 64, 80, 75, 68, 18, 15,
98, 19, 78, 78, 8, 65, 22, 91, 95, 66,
52, 92, 41, 93, 69, 28, 15, 45, 55, 89,
61, 49, 73, 32, 2, 36, 78, 77, 3, 62,
93, 0, 81, 70, 44, 55, 0, 66, 11, 61,
99, 63]
[[1125, 1917, 274], [432, 1345, 1123], [706, 1583, 1380], [936, 1318, 1248], [1003, 616, 463], [1591, 402, 1047], [1840, 1900, 1775], [402, 1672, 792], [1593, 214, 770], [1414, 1772, 895],
[1341, 454, 811], [1615, 886, 1713], [294, 1150, 852], [1674, 85, 169], [478, 646, 342], [942, 236, 744], [1546, 75, 200], [1320, 34, 1873], [1670, 1184, 1644], [1997, 154, 972],
[891, 1495, 1426], [1259, 667, 312], [971, 961, 1019], [1824, 192, 1104], [1550, 670, 1307], [1893, 1169, 1543], [193, 715, 1175], [394, 1592, 766], [1824, 1261, 1950], [1024, 815, 104],
[1996, 1706, 1156], [1422, 965, 1823], [1291, 1493, 341], [309, 873, 90], [970, 423, 317], [277, 1873, 1487], [1377, 1623, 1759], [109, 16, 907], [875, 1397, 1726], [382, 420, 540],
[486, 1974, 1803], [1199, 1395, 324], [1022, 685, 1818], [920, 551, 690], [567, 1521, 670], [884, 1355, 542], [1928, 732, 1723], [1243, 841, 1296], [150, 1273, 693], [1876, 1655, 670],
[1973, 1698, 643], [1775, 897, 1595], [99, 1476, 279], [1917, 395, 387], [163, 962, 1909], [834, 1403, 1263], [933, 1331, 1552], [655, 573, 1950], [1509, 723, 1223], [201, 155, 434],
[428, 1685, 132], [1072, 1460, 1029], [223, 1116, 504], [60, 589, 456], [447, 752, 975], [355, 1143, 377], [1176, 1634, 1708], [284, 1846, 1839], [234, 1354, 118], [1014, 1555, 274],
[1448, 1541, 1516], [1580, 169, 975], [165, 392, 1648], [669, 452, 236], [1125, 900, 546], [99, 812, 1689], [34, 1988, 879], [1742, 272, 725], [1580, 63, 78], [1699, 1077, 1191],
[1530, 81, 731], [1045, 1219, 900], [1578, 1384, 849], [1225, 53, 1302], [1019, 735, 201], [1565, 392, 570], [810, 426, 558], [1247, 1725, 387], [1972, 862, 7], [49, 117, 1084],
[797, 1204, 722], [1085, 248, 1941], [1985, 1383, 1325], [391, 165, 935], [1693, 741, 1227], [1451, 1863, 1176], [20, 229, 1602], [135, 1476, 884], [79, 1447, 1746], [86, 1054, 1863],
[727, 1851, 623], [1450, 936, 871]]
[[2, 2, 6, 6], [5, 9, 5, 2], [6, 5, 8, 4], [10, 10, 10, 1], [10, 0, 10, 5], [5, 3, 1, 6], [10, 5, 3, 7], [1, 2, 8, 3], [2, 1, 8, 5], [10, 2, 7, 6],
[5, 3, 10, 5], [2, 8, 4, 10], [8, 1, 5, 0], [4, 4, 5, 2], [10, 8, 9, 9], [8, 4, 10, 8], [6, 7, 3, 3], [9, 10, 9, 4], [0, 7, 7, 0], [4, 0, 0, 10],
[1, 3, 0, 6], [7, 5, 6, 4], [2, 2, 0, 8], [6, 0, 5, 10], [7, 8, 3, 6], [6, 10, 8, 4], [6, 4, 5, 10], [2, 3, 10, 3], [4, 8, 7, 9], [2, 0, 1, 2],
[2, 1, 10, 7], [1, 4, 6, 7], [0, 7, 0, 4], [7, 8, 8, 2], [10, 0, 0, 10], [3, 10, 2, 5], [7, 8, 4, 7], [8, 5, 9, 9], [6, 6, 5, 6], [8, 9, 2, 8],
[6, 2, 10, 2], [8, 8, 2, 5], [8, 2, 4, 10], [10, 4, 4, 6], [1, 8, 0, 8], [0, 7, 6, 7], [2, 0, 2, 0], [7, 2, 6, 2], [2, 6, 4, 10], [1, 5, 2, 7],
[7, 6, 4, 7], [10, 9, 0, 10], [4, 1, 7, 5], [8, 0, 10, 0], [0, 10, 9, 7], [1, 2, 8, 3], [6, 10, 0, 5], [4, 0, 2, 1], [6, 6, 8, 3], [2, 8, 0, 5],
[7, 5, 10, 3], [5, 9, 3, 5], [6, 10, 0, 7], [1, 6, 8, 6], [5, 6, 0, 10], [6, 0, 9, 10], [7, 4, 0, 7], [10, 1, 1, 7], [6, 9, 10, 1], [5, 0, 4, 0],
[8, 2, 5, 7], [8, 2, 2, 1], [6, 3, 0, 10], [3, 7, 9, 8], [0, 8, 3, 10], [7, 4, 4, 2], [1, 3, 1, 6], [1, 4, 7, 9], [4, 1, 6, 0], [2, 8, 1, 8],
[9, 10, 8, 0], [6, 4, 6, 6], [1, 7, 3, 8], [1, 8, 9, 0], [9, 8, 6, 0], [10, 0, 9, 4], [2, 4, 4, 2], [0, 3, 8, 7], [2, 3, 5, 6], [8, 1, 10, 7],
[8, 2, 3, 7], [10, 10, 5, 9], [5, 1, 7, 5], [1, 5, 7, 1], [8, 9, 1, 6], [1, 10, 2, 3], [2, 8, 9, 8], [7, 6, 3, 2], [8, 4, 8, 6], [3, 2, 2, 6],
[3, 9, 0, 3], [3, 5, 2, 9]]
[1, 1, 1, 0.333333, 0.333333, 0.333333, 0.333333, 0.333333, 0.333333, 0.333333,
0.333333, 0.333333, 0.111111, 0.111111, 0.111111, 0.111111, 0.111111, 0.111111, 0.111111, 0.111111,
0.111111, 0.037037, 0.037037, 0.037037, 0.037037, 0.037037, 0.037037, 0.037037, 0.037037, 0.037037,
0.0123457, 0.0123457, 0.0123457, 0.0123457, 0.0123457, 0.0123457, 0.0123457, 0.0123457, 0.0123457, 0.00411523,
0.00411523, 0.00411523, 0.00411523, 0.00411523, 0.00411523, 0.00411523, 0.00411523, 0.00411523, 0.00137174, 0.00137174,
0.00137174, 0.00137174, 0.00137174, 0.00137174, 0.00137174, 0.00137174, 0.00137174, 0.000457247, 0.000457247, 0.000457247,
0.000457247, 0.000457247, 0.000457247, 0.000457247, 0.000457247, 0.000457247, 0.000152416, 0.000152416, 0.000152416, 0.000152416,
0.000152416, 0.000152416, 0.000152416, 0.000152416, 0.000152416, 5.08053e-05, 5.08053e-05, 5.08053e-05, 5.08053e-05, 5.08053e-05,
5.08053e-05, 5.08053e-05, 5.08053e-05, 5.08053e-05, 1.69351e-05, 1.69351e-05, 1.69351e-05, 1.69351e-05, 1.69351e-05, 1.69351e-05,
1.69351e-05, 1.69351e-05, 1.69351e-05, 5.64503e-06, 5.64503e-06, 5.64503e-06, 5.64503e-06, 5.64503e-06, 5.64503e-06, 5.64503e-06,
5.64503e-06, 5.64503e-06]
[9, 19, 10, 18, 0, 1, 3, 2, 0, 5,
14, 12, 13, 14, 3, 13, 14, 9, 9, 16,
4, 10, 14, 0, 0, 14, 6, 18, 2, 1,
16, 15, 1, 13, 6, 18, 3, 13, 15, 8,
17, 6, 6, 0, 10, 9, 13, 14, 3, 3,
13, 17, 4, 11, 20, 10, 18, 18, 16, 7,
15, 9, 15, 0, 7, 4, 20, 14, 5, 0,
0, 19, 1, 19, 10, 2, 17, 13, 12, 7,
12, 16, 8, 11, 13, 16, 17, 10, 9, 15,
9, 3, 5, 16, 4, 13, 10, 3, 17, 8,
0, 20]
------------------------------------------------------- 
# stage = 12	# children c = 3	length of each stage p = 3	nodes = 101	# items I = 1
