[56, 18, 85, 7, 68, 47, 13, 89, 84, 91,
29, 60, 65, 58, 72, 67, 95, 7, 45, 69,
31, 68, 53, 10, 65, 40, 92, 17, 44, 43,
32, 67]
[[161, 871, 618], [8, 619, 246], [20, 767, 507], [966, 35, 1067], [731, 662, 822], [114, 970, 271], [467, 1122, 1092], [819, 836, 84], [255, 429, 183], [932, 1078, 104],
[493, 114, 881], [1111, 28, 374], [232, 48, 1047], [645, 1014, 988], [492, 525, 430], [189, 545, 274], [366, 1012, 176], [239, 705, 1012], [323, 867, 222], [412, 579, 174],
[423, 1073, 194], [84, 1058, 222], [459, 164, 176], [286, 810, 1096], [55, 176, 495], [485, 271, 946], [666, 544, 833], [842, 783, 318], [635, 1012, 59], [857, 205, 639],
[937, 628, 586], [1038, 712, 424]]
[[6, 10, 10, 0], [5, 1, 7, 2], [9, 5, 0, 3], [4, 10, 6, 2], [5, 5, 3, 3], [9, 3, 9, 7], [7, 0, 2, 5], [7, 3, 9, 0], [2, 9, 1, 6], [8, 6, 8, 6],
[0, 6, 7, 3], [5, 3, 5, 9], [8, 8, 10, 4], [9, 8, 9, 3], [8, 0, 9, 3], [3, 7, 3, 4], [3, 2, 10, 0], [9, 5, 4, 7], [0, 1, 10, 4], [4, 2, 2, 10],
[9, 1, 1, 5], [7, 10, 9, 3], [8, 7, 6, 9], [1, 7, 2, 5], [10, 10, 3, 6], [4, 6, 0, 5], [7, 0, 9, 9], [0, 9, 6, 9], [8, 5, 2, 4], [2, 0, 7, 10],
[5, 0, 6, 6], [8, 7, 9, 5]]
[1, 1, 0.333333, 0.333333, 0.333333, 0.333333, 0.333333, 0.333333, 0.111111, 0.111111,
0.111111, 0.111111, 0.111111, 0.111111, 0.037037, 0.037037, 0.037037, 0.037037, 0.037037, 0.037037,
0.0123457, 0.0123457, 0.0123457, 0.0123457, 0.0123457, 0.0123457, 0.00411523, 0.00411523, 0.00411523, 0.00411523,
0.00411523, 0.00411523]
[5, 5, 11, 11, 1, 5, 6, 10, 10, 4,
0, 5, 8, 3, 8, 9, 7, 5, 7, 9,
5, 8, 9, 10, 5, 8, 3, 3, 11, 10,
9, 4]
------------------------------------------------------- 
# stage = 6	# children c = 3	length of each stage p = 2	nodes = 31	# items I = 1
