[50, 42, 62, 18, 3, 9, 13, 86, 76, 98,
35, 44, 5, 70, 52, 93, 81, 89, 22, 40,
76, 58, 27, 81, 49, 23, 55, 52, 98, 71,
74, 13, 12, 2, 31, 82, 11, 45, 67, 53,
8, 68, 63, 13, 3, 14, 5, 84, 69, 94,
23, 10, 51, 50, 91, 67, 39, 45, 18, 2,
83, 59, 16, 95, 61, 47, 77, 38, 58, 9,
57, 66]
[[814, 479, 118], [330, 707, 759], [942, 728, 733], [488, 132, 605], [96, 174, 229], [494, 834, 484], [238, 181, 505], [170, 560, 646], [317, 867, 459], [678, 873, 438],
[102, 725, 451], [716, 590, 692], [514, 570, 954], [285, 96, 125], [891, 688, 795], [654, 716, 667], [176, 954, 848], [215, 658, 942], [395, 509, 381], [854, 226, 788],
[826, 328, 86], [315, 83, 676], [542, 131, 284], [534, 416, 876], [659, 841, 136], [492, 533, 852], [694, 243, 378], [114, 458, 74], [591, 853, 584], [10, 746, 344],
[333, 610, 206], [419, 460, 785], [629, 40, 916], [447, 108, 371], [361, 302, 746], [31, 794, 318], [883, 526, 561], [795, 175, 554], [403, 766, 941], [25, 776, 259],
[865, 643, 404], [110, 596, 864], [895, 263, 438], [850, 244, 80], [755, 139, 382], [539, 170, 215], [857, 587, 275], [953, 420, 946], [79, 824, 750], [58, 383, 99],
[318, 287, 742], [722, 397, 873], [158, 330, 174], [596, 714, 419], [676, 507, 558], [97, 85, 263], [808, 476, 850], [617, 1, 805], [136, 80, 201], [886, 139, 584],
[23, 953, 405], [300, 713, 802], [211, 871, 667], [385, 39, 915], [338, 249, 461], [431, 842, 80], [228, 222, 90], [116, 374, 588], [455, 510, 668], [656, 434, 341],
[279, 458, 332], [684, 758, 579]]
[[5, 2, 0, 8], [6, 10, 10, 8], [5, 5, 0, 5], [2, 4, 1, 8], [5, 0, 3, 9], [2, 5, 6, 0], [7, 2, 6, 0], [4, 4, 2, 7], [6, 3, 2, 1], [2, 1, 8, 5],
[5, 8, 0, 5], [10, 1, 2, 4], [10, 3, 0, 1], [8, 5, 10, 5], [5, 5, 3, 9], [7, 3, 5, 3], [6, 8, 2, 7], [9, 8, 10, 1], [3, 10, 6, 3], [10, 9, 5, 9],
[1, 6, 0, 8], [9, 8, 0, 3], [3, 3, 0, 10], [6, 5, 0, 0], [0, 1, 5, 8], [7, 4, 9, 0], [2, 5, 3, 1], [1, 8, 10, 0], [1, 8, 8, 8], [6, 8, 10, 7],
[9, 10, 4, 3], [2, 3, 1, 3], [2, 4, 9, 9], [8, 7, 9, 8], [10, 10, 9, 0], [6, 9, 1, 5], [6, 7, 3, 10], [3, 0, 6, 10], [10, 9, 2, 10], [1, 3, 0, 3],
[7, 9, 1, 3], [6, 9, 9, 3], [6, 8, 4, 1], [6, 3, 5, 10], [8, 6, 8, 0], [6, 1, 0, 5], [10, 0, 2, 0], [2, 3, 1, 7], [1, 1, 8, 5], [8, 7, 9, 3],
[4, 0, 3, 8], [1, 8, 5, 9], [3, 2, 8, 9], [4, 6, 1, 1], [4, 3, 0, 6], [4, 1, 3, 4], [2, 0, 9, 10], [5, 5, 1, 9], [3, 4, 4, 4], [1, 10, 1, 2],
[10, 9, 0, 1], [2, 10, 3, 6], [0, 3, 2, 5], [2, 3, 9, 3], [1, 5, 2, 7], [0, 1, 3, 1], [5, 6, 6, 4], [5, 7, 6, 2], [3, 4, 4, 3], [1, 5, 9, 2],
[6, 9, 5, 8], [10, 3, 0, 1]]
[1, 1, 0.2, 0.2, 0.2, 0.2, 0.2, 0.2, 0.2, 0.2,
0.2, 0.2, 0.04, 0.04, 0.04, 0.04, 0.04, 0.04, 0.04, 0.04,
0.04, 0.04, 0.008, 0.008, 0.008, 0.008, 0.008, 0.008, 0.008, 0.008,
0.008, 0.008, 0.0016, 0.0016, 0.0016, 0.0016, 0.0016, 0.0016, 0.0016, 0.0016,
0.0016, 0.0016, 0.00032, 0.00032, 0.00032, 0.00032, 0.00032, 0.00032, 0.00032, 0.00032,
0.00032, 0.00032, 6.4e-05, 6.4e-05, 6.4e-05, 6.4e-05, 6.4e-05, 6.4e-05, 6.4e-05, 6.4e-05,
6.4e-05, 6.4e-05, 1.28e-05, 1.28e-05, 1.28e-05, 1.28e-05, 1.28e-05, 1.28e-05, 1.28e-05, 1.28e-05,
1.28e-05, 1.28e-05]
[13, 0, 3, 1, 12, 9, 10, 17, 12, 10,
5, 6, 3, 1, 6, 17, 11, 0, 0, 2,
19, 15, 13, 7, 9, 19, 16, 16, 0, 11,
18, 18, 17, 17, 15, 15, 14, 7, 15, 5,
4, 11, 15, 4, 9, 14, 16, 1, 7, 15,
9, 9, 1, 4, 4, 12, 18, 5, 15, 1,
8, 16, 4, 2, 8, 7, 8, 5, 17, 9,
3, 14]
------------------------------------------------------- 
# stage = 8	# children c = 5	length of each stage p = 2	nodes = 71	# items I = 1
