[67, 88, 4, 7, 8, 99, 59, 70, 12, 95,
8, 92, 28, 29, 22, 5, 32, 41, 23, 84,
93, 89, 11, 56, 58, 15, 32, 7, 85, 82,
66, 17]
[[1077, 1570, 918], [1044, 1509, 990], [66, 1217, 1543], [1017, 1208, 1158], [1080, 992, 1131], [163, 1599, 1203], [1181, 149, 553], [1097, 224, 1356], [806, 534, 682], [172, 1620, 623],
[927, 1071, 567], [787, 489, 1019], [151, 556, 610], [68, 515, 761], [168, 537, 127], [1299, 700, 669], [1444, 255, 818], [372, 294, 1610], [102, 1101, 518], [1353, 215, 513],
[350, 1142, 526], [1485, 872, 1016], [878, 1591, 514], [431, 602, 1597], [1192, 1338, 508], [261, 1580, 1208], [930, 1398, 405], [690, 712, 699], [674, 815, 742], [135, 1110, 958],
[1216, 1460, 1042], [116, 261, 288]]
[[7, 2, 0, 9], [10, 7, 7, 5], [5, 1, 1, 8], [7, 6, 1, 1], [2, 3, 4, 8], [8, 2, 4, 5], [0, 0, 5, 3], [3, 6, 5, 8], [8, 6, 7, 5], [0, 1, 10, 5],
[2, 0, 1, 7], [4, 2, 8, 4], [3, 0, 10, 0], [0, 4, 5, 0], [2, 9, 4, 6], [4, 9, 1, 10], [2, 8, 4, 2], [9, 2, 6, 9], [0, 5, 5, 5], [7, 1, 7, 8],
[1, 7, 8, 1], [9, 0, 10, 0], [7, 3, 4, 0], [0, 6, 10, 2], [1, 2, 3, 9], [4, 7, 7, 4], [1, 2, 7, 6], [3, 4, 3, 2], [9, 9, 1, 7], [7, 0, 5, 4],
[4, 8, 2, 4], [1, 2, 4, 2]]
[1, 1, 0.333333, 0.333333, 0.333333, 0.333333, 0.333333, 0.333333, 0.111111, 0.111111,
0.111111, 0.111111, 0.111111, 0.111111, 0.037037, 0.037037, 0.037037, 0.037037, 0.037037, 0.037037,
0.0123457, 0.0123457, 0.0123457, 0.0123457, 0.0123457, 0.0123457, 0.00411523, 0.00411523, 0.00411523, 0.00411523,
0.00411523, 0.00411523]
[3, 3, 0, 4, 5, 5, 4, 2, 5, 5,
8, 5, 1, 6, 0, 6, 7, 4, 3, 6,
8, 3, 7, 0, 2, 7, 6, 0, 3, 8,
2, 2]
------------------------------------------------------- 
# stage = 6	# children c = 3	length of each stage p = 2	nodes = 31	# items I = 1
