[43, 51, 32, 3, 26, 48, 83, 79, 63, 27,
79, 90, 14, 77, 34, 96, 99, 81, 82, 33,
100, 72, 88, 0, 82, 9, 76, 69, 76, 53,
12, 18, 70, 45]
[[250, 319, 45], [261, 780, 826], [122, 978, 695], [548, 445, 489], [558, 721, 387], [436, 179, 668], [912, 411, 925], [569, 155, 35], [404, 812, 86], [996, 641, 654],
[996, 891, 663], [731, 842, 443], [556, 964, 110], [941, 512, 245], [429, 69, 967], [817, 506, 836], [174, 417, 937], [789, 677, 91], [515, 771, 593], [601, 766, 233],
[254, 451, 814], [918, 182, 656], [50, 738, 619], [851, 679, 130], [96, 798, 891], [753, 304, 396], [588, 479, 503], [524, 267, 179], [615, 782, 641], [207, 382, 406],
[130, 327, 548], [944, 935, 730], [289, 675, 157], [909, 525, 836]]
[[9, 1, 5, 5], [3, 7, 7, 4], [7, 5, 2, 8], [6, 5, 10, 1], [1, 9, 2, 4], [9, 6, 0, 5], [8, 7, 1, 3], [10, 10, 5, 8], [10, 0, 1, 2], [5, 6, 6, 1],
[10, 9, 7, 5], [1, 7, 6, 2], [3, 6, 6, 1], [2, 7, 4, 8], [1, 3, 9, 1], [3, 4, 7, 2], [4, 6, 2, 9], [2, 9, 8, 1], [5, 5, 4, 6], [10, 9, 7, 0],
[4, 2, 1, 6], [7, 4, 1, 7], [7, 0, 8, 8], [4, 4, 8, 6], [9, 0, 4, 0], [7, 10, 10, 10], [2, 3, 3, 1], [1, 10, 1, 4], [0, 1, 10, 7], [5, 1, 1, 10],
[1, 9, 6, 3], [1, 3, 9, 10], [3, 0, 8, 8], [10, 7, 7, 2]]
[1, 0.333333, 0.333333, 0.333333, 0.111111, 0.111111, 0.111111, 0.037037, 0.037037, 0.037037,
0.0123457, 0.0123457, 0.0123457, 0.00411523, 0.00411523, 0.00411523, 0.00137174, 0.00137174, 0.00137174, 0.000457247,
0.000457247, 0.000457247, 0.000152416, 0.000152416, 0.000152416, 5.08053e-05, 5.08053e-05, 5.08053e-05, 1.69351e-05, 1.69351e-05,
1.69351e-05, 5.64503e-06, 5.64503e-06, 5.64503e-06]
[5, 1, 1, 2, 8, 9, 6, 1, 6, 9,
8, 1, 9, 2, 2, 5, 6, 3, 6, 2,
2, 1, 10, 9, 2, 6, 1, 7, 10, 3,
10, 6, 1, 0]
------------------------------------------------------- 
# stage = 12	# children c = 3	length of each stage p = 1	nodes = 33	# items I = 1
