[46, 41, 29, 98, 80, 88, 8, 26, 9, 25,
64, 8, 65, 18, 87, 11, 5, 15, 66, 53,
60, 47, 74, 24, 73, 27, 60, 74, 27, 57,
45, 74, 98, 41, 71, 43, 95, 45, 69, 3,
36, 100, 79, 67, 17, 65, 79, 90, 46, 10,
42, 6, 23, 82, 97, 62, 75, 56, 35, 2,
79, 47, 42, 43, 54, 79, 86, 48, 23, 21,
18, 25, 20, 97, 92, 3, 27, 36, 93, 73,
12, 0, 45, 2, 49, 42, 64, 23, 64, 100,
92, 9, 12, 33, 18, 66, 11, 3, 13, 0,
91, 98, 25, 77, 60, 84, 81, 87, 86, 39]
[[1215, 1297, 484], [650, 1390, 36], [1774, 277, 1321], [889, 159, 63], [262, 648, 45], [485, 1597, 1277], [1704, 1712, 752], [80, 1408, 1452], [470, 1595, 332], [1738, 1922, 843],
[1898, 1093, 96], [338, 1743, 1486], [358, 1473, 1747], [1679, 302, 1906], [1727, 548, 494], [1772, 1033, 32], [989, 678, 1744], [1726, 758, 1109], [1134, 1212, 644], [1450, 907, 522],
[249, 761, 1615], [345, 1083, 1298], [1816, 1441, 711], [1519, 1061, 1014], [1366, 744, 1562], [1860, 472, 536], [1876, 1446, 1214], [1577, 1112, 1956], [626, 202, 1124], [1254, 1636, 2031],
[1776, 1885, 732], [1331, 170, 1815], [569, 1970, 1197], [1280, 1446, 214], [234, 752, 958], [1781, 552, 1414], [257, 385, 800], [1471, 1946, 1912], [1383, 528, 54], [447, 1782, 1690],
[419, 1498, 1531], [1151, 769, 1686], [923, 1322, 1612], [60, 558, 998], [274, 777, 1750], [1216, 498, 243], [586, 755, 628], [1371, 182, 514], [1239, 1549, 1042], [1294, 1996, 764],
[924, 371, 202], [412, 1507, 971], [38, 370, 249], [1650, 430, 791], [589, 704, 1552], [279, 1920, 6], [522, 446, 761], [1134, 1817, 927], [1648, 997, 416], [630, 231, 369],
[1394, 1155, 724], [1596, 1551, 187], [507, 1589, 557], [740, 1180, 971], [1516, 1769, 1675], [1024, 4, 1535], [1015, 511, 1966], [1776, 1645, 1723], [644, 1234, 676], [1060, 1864, 891],
[1413, 1215, 3], [78, 751, 1538], [249, 1259, 1084], [807, 1983, 204], [1762, 1455, 1973], [1394, 420, 1961], [869, 1435, 428], [791, 1167, 14], [455, 1795, 1232], [1131, 812, 1052],
[2007, 181, 207], [2010, 259, 959], [1504, 509, 158], [528, 1300, 81], [716, 1002, 1537], [629, 352, 1941], [547, 1206, 1332], [959, 1981, 439], [957, 392, 191], [145, 1508, 1003],
[1198, 1471, 1168], [1389, 1437, 1412], [304, 881, 1905], [446, 1394, 1145], [528, 66, 103], [5, 696, 440], [1946, 1227, 1646], [1218, 126, 1567], [1657, 1084, 1960], [1848, 1213, 1424],
[791, 351, 851], [1944, 1741, 228], [1296, 2029, 1093], [1157, 416, 427], [242, 928, 478], [329, 933, 1174], [769, 819, 341], [355, 2037, 467], [1907, 1650, 1535], [1823, 1439, 705]]
[[10, 6, 4, 10], [9, 6, 3, 8], [0, 10, 10, 8], [10, 6, 7, 1], [6, 0, 10, 9], [4, 0, 3, 9], [6, 2, 10, 6], [0, 3, 9, 8], [9, 2, 8, 7], [6, 9, 5, 4],
[8, 2, 1, 7], [7, 9, 8, 2], [7, 8, 9, 0], [6, 2, 9, 10], [2, 6, 6, 2], [10, 4, 9, 8], [4, 6, 3, 10], [4, 6, 3, 2], [8, 5, 7, 4], [1, 3, 5, 6],
[9, 3, 4, 4], [3, 3, 3, 3], [7, 7, 4, 4], [0, 2, 0, 2], [8, 3, 1, 1], [9, 3, 1, 4], [6, 9, 7, 7], [1, 10, 0, 10], [0, 4, 1, 4], [5, 4, 5, 2],
[1, 9, 4, 10], [0, 4, 2, 8], [7, 1, 8, 3], [4, 9, 6, 8], [5, 2, 2, 4], [1, 2, 3, 1], [7, 2, 3, 1], [7, 9, 1, 6], [5, 6, 5, 6], [10, 5, 3, 5],
[5, 0, 6, 9], [8, 10, 7, 2], [1, 9, 7, 0], [10, 8, 0, 6], [0, 1, 5, 5], [10, 7, 0, 5], [0, 3, 9, 8], [7, 10, 0, 1], [9, 5, 8, 6], [4, 2, 6, 6],
[1, 2, 4, 9], [9, 4, 4, 9], [6, 7, 1, 3], [3, 10, 6, 1], [2, 2, 8, 7], [2, 8, 8, 0], [2, 6, 6, 5], [8, 1, 9, 7], [2, 2, 5, 9], [5, 7, 7, 9],
[4, 6, 1, 5], [5, 6, 7, 5], [8, 2, 2, 8], [10, 8, 8, 0], [3, 1, 5, 10], [1, 3, 4, 3], [3, 8, 1, 8], [2, 6, 6, 6], [10, 6, 10, 4], [10, 4, 9, 5],
[6, 0, 3, 5], [7, 0, 3, 8], [2, 6, 7, 3], [9, 10, 4, 0], [5, 3, 8, 7], [7, 2, 1, 6], [6, 0, 10, 5], [4, 6, 8, 8], [5, 0, 0, 1], [10, 4, 9, 10],
[10, 4, 0, 7], [1, 2, 7, 6], [5, 2, 0, 1], [2, 1, 5, 8], [10, 2, 2, 1], [8, 9, 9, 2], [9, 10, 3, 6], [1, 0, 5, 9], [4, 5, 3, 5], [7, 8, 9, 10],
[0, 9, 9, 2], [9, 3, 9, 8], [5, 9, 10, 1], [7, 6, 3, 6], [3, 5, 1, 2], [3, 5, 1, 7], [8, 2, 10, 3], [0, 8, 2, 0], [6, 10, 0, 4], [2, 9, 0, 6],
[8, 8, 5, 2], [1, 8, 8, 5], [0, 8, 5, 3], [0, 4, 8, 8], [7, 7, 0, 7], [4, 3, 7, 9], [2, 5, 0, 2], [2, 0, 6, 8], [8, 0, 10, 8], [7, 6, 2, 5]]
[1, 1, 1, 1, 1, 0.333333, 0.333333, 0.333333, 0.333333, 0.333333,
0.333333, 0.333333, 0.333333, 0.333333, 0.333333, 0.333333, 0.333333, 0.333333, 0.333333, 0.333333,
0.111111, 0.111111, 0.111111, 0.111111, 0.111111, 0.111111, 0.111111, 0.111111, 0.111111, 0.111111,
0.111111, 0.111111, 0.111111, 0.111111, 0.111111, 0.037037, 0.037037, 0.037037, 0.037037, 0.037037,
0.037037, 0.037037, 0.037037, 0.037037, 0.037037, 0.037037, 0.037037, 0.037037, 0.037037, 0.037037,
0.0123457, 0.0123457, 0.0123457, 0.0123457, 0.0123457, 0.0123457, 0.0123457, 0.0123457, 0.0123457, 0.0123457,
0.0123457, 0.0123457, 0.0123457, 0.0123457, 0.0123457, 0.00411523, 0.00411523, 0.00411523, 0.00411523, 0.00411523,
0.00411523, 0.00411523, 0.00411523, 0.00411523, 0.00411523, 0.00411523, 0.00411523, 0.00411523, 0.00411523, 0.00411523,
0.00137174, 0.00137174, 0.00137174, 0.00137174, 0.00137174, 0.00137174, 0.00137174, 0.00137174, 0.00137174, 0.00137174,
0.00137174, 0.00137174, 0.00137174, 0.00137174, 0.00137174, 0.000457247, 0.000457247, 0.000457247, 0.000457247, 0.000457247,
0.000457247, 0.000457247, 0.000457247, 0.000457247, 0.000457247, 0.000457247, 0.000457247, 0.000457247, 0.000457247, 0.000457247]
[2, 0, 10, 8, 6, 0, 7, 1, 9, 5,
5, 3, 5, 9, 1, 2, 5, 8, 3, 7,
4, 6, 8, 1, 6, 2, 5, 10, 2, 1,
4, 4, 3, 8, 5, 3, 7, 7, 4, 8,
1, 9, 2, 2, 1, 3, 7, 8, 8, 4,
8, 9, 4, 9, 0, 3, 2, 6, 5, 4,
0, 7, 3, 5, 0, 1, 2, 0, 2, 10,
0, 2, 0, 5, 2, 8, 3, 8, 8, 7,
8, 1, 6, 4, 8, 9, 3, 10, 4, 7,
10, 5, 8, 9, 1, 9, 10, 7, 8, 0,
1, 0, 7, 5, 1, 4, 3, 10, 10, 1]
------------------------------------------------------- 
# stage = 8	# children c = 3	length of each stage p = 5	nodes = 109	# items I = 1
