[86, 80, 48, 52, 69, 8, 46, 94, 41, 74,
44, 27, 50, 99, 21, 67, 53, 12, 18, 92,
5, 26, 71, 36, 41, 74, 16, 95, 98, 39,
27, 50, 18, 75]
[[576, 650, 302], [541, 425, 433], [585, 881, 341], [52, 74, 67], [542, 97, 602], [971, 362, 534], [211, 372, 61], [346, 556, 0], [617, 592, 845], [135, 357, 337],
[901, 623, 987], [203, 855, 102], [636, 129, 983], [667, 182, 747], [425, 414, 845], [26, 384, 897], [250, 286, 269], [1, 632, 515], [1, 939, 798], [537, 764, 154],
[874, 355, 468], [550, 248, 322], [652, 574, 451], [325, 241, 323], [71, 666, 737], [606, 382, 812], [503, 322, 97], [462, 323, 419], [977, 325, 357], [774, 552, 811],
[619, 425, 165], [777, 975, 413], [98, 317, 988], [239, 642, 919]]
[[8, 6, 4, 6], [10, 4, 10, 9], [6, 1, 10, 5], [6, 8, 5, 5], [0, 7, 5, 3], [7, 1, 0, 6], [5, 2, 0, 10], [7, 9, 6, 4], [4, 10, 8, 1], [4, 6, 10, 8],
[7, 10, 0, 0], [5, 5, 5, 3], [10, 9, 6, 5], [8, 6, 0, 2], [6, 1, 10, 0], [8, 5, 4, 2], [3, 0, 1, 5], [6, 1, 2, 2], [9, 0, 2, 3], [5, 5, 6, 2],
[1, 10, 7, 8], [3, 8, 8, 8], [7, 8, 8, 4], [0, 0, 4, 1], [0, 6, 6, 6], [5, 6, 6, 1], [6, 6, 4, 9], [0, 8, 1, 0], [5, 6, 8, 6], [1, 5, 3, 6],
[0, 1, 0, 1], [10, 2, 2, 10], [6, 9, 3, 9], [2, 9, 10, 9]]
[1, 0.333333, 0.333333, 0.333333, 0.111111, 0.111111, 0.111111, 0.037037, 0.037037, 0.037037,
0.0123457, 0.0123457, 0.0123457, 0.00411523, 0.00411523, 0.00411523, 0.00137174, 0.00137174, 0.00137174, 0.000457247,
0.000457247, 0.000457247, 0.000152416, 0.000152416, 0.000152416, 5.08053e-05, 5.08053e-05, 5.08053e-05, 1.69351e-05, 1.69351e-05,
1.69351e-05, 5.64503e-06, 5.64503e-06, 5.64503e-06]
[18, 3, 5, 1, 0, 4, 8, 20, 11, 7,
15, 8, 10, 13, 1, 10, 0, 12, 1, 20,
10, 1, 7, 16, 17, 17, 5, 9, 12, 10,
0, 9, 12, 3]
------------------------------------------------------- 
# stage = 12	# children c = 3	length of each stage p = 1	nodes = 33	# items I = 1
