[0, 24, 55, 76, 29, 2, 90, 46, 83, 55,
57, 6, 63, 63, 68, 34, 41, 10, 87, 47,
82, 20, 95]
[[85, 425, 214], [207, 932, 384], [425, 653, 925], [158, 547, 831], [653, 736, 69], [751, 945, 893], [80, 758, 293], [815, 719, 302], [124, 659, 773], [87, 677, 348],
[179, 233, 243], [393, 440, 646], [248, 335, 342], [216, 493, 889], [517, 190, 138], [57, 411, 127], [950, 918, 885], [286, 247, 117], [58, 371, 247], [831, 885, 394],
[649, 108, 627], [363, 928, 111], [52, 646, 873]]
[[6, 6, 5, 2], [6, 8, 6, 2], [5, 3, 8, 2], [2, 0, 7, 2], [1, 6, 4, 5], [6, 3, 9, 8], [0, 0, 0, 0], [3, 7, 9, 10], [2, 3, 1, 8], [9, 6, 9, 1],
[9, 4, 3, 9], [2, 9, 9, 3], [4, 3, 6, 10], [4, 2, 5, 2], [3, 4, 3, 6], [9, 10, 3, 1], [1, 3, 7, 10], [7, 3, 10, 5], [5, 0, 2, 8], [9, 0, 0, 0],
[1, 7, 0, 5], [9, 3, 8, 10], [7, 9, 4, 6]]
[1, 0.5, 0.5, 0.25, 0.25, 0.125, 0.125, 0.0625, 0.0625, 0.03125,
0.03125, 0.015625, 0.015625, 0.0078125, 0.0078125, 0.00390625, 0.00390625, 0.00195312, 0.00195312, 0.000976562,
0.000976562, 0.000488281, 0.000488281]
[9, 3, 7, 1, 8, 6, 2, 3, 3, 1,
0, 4, 4, 8, 2, 6, 2, 4, 7, 9,
7, 4, 1]
------------------------------------------------------- 
# stage = 12	# children c = 2	length of each stage p = 1	nodes = 22	# items I = 1
