[68, 25, 2, 32, 18, 72, 15, 83, 44, 24,
40, 40, 70, 52, 54, 63, 80, 40, 19, 18,
54, 32, 63, 43, 10, 19, 7, 93, 45, 58,
0, 80, 49, 2, 11, 34, 40, 93, 83, 84,
16, 22, 23, 87]
[[159, 1076, 691], [652, 1029, 206], [452, 2084, 1601], [734, 2034, 1070], [1605, 38, 1830], [2086, 1507, 1681], [1798, 1601, 1853], [274, 2044, 2051], [1870, 952, 1607], [1561, 317, 1617],
[581, 476, 1137], [1808, 1129, 75], [2014, 1581, 604], [1524, 759, 1082], [1038, 808, 1120], [777, 803, 537], [903, 1046, 47], [665, 1320, 0], [1160, 1635, 1487], [1211, 1105, 1804],
[737, 130, 190], [318, 1938, 1854], [394, 305, 1879], [998, 274, 547], [524, 1312, 1355], [1645, 534, 602], [91, 1437, 92], [673, 546, 1413], [1208, 1706, 957], [604, 1362, 506],
[318, 543, 636], [1043, 862, 1019], [806, 1256, 1324], [594, 698, 42], [1141, 1222, 1355], [940, 1311, 333], [2077, 1402, 214], [79, 2075, 760], [2027, 1192, 910], [1428, 1797, 181],
[1934, 24, 725], [1014, 1067, 1587], [477, 317, 1287], [1802, 911, 1985]]
[[2, 3, 0, 5], [2, 1, 5, 6], [8, 0, 4, 10], [6, 9, 10, 0], [8, 7, 1, 7], [10, 10, 1, 6], [3, 5, 0, 2], [4, 3, 8, 6], [6, 8, 9, 7], [9, 4, 0, 6],
[2, 4, 4, 7], [0, 3, 7, 8], [8, 6, 4, 5], [3, 5, 0, 6], [9, 10, 8, 2], [2, 5, 6, 6], [0, 5, 0, 10], [7, 0, 3, 7], [2, 7, 3, 2], [8, 10, 9, 5],
[3, 0, 0, 6], [4, 9, 0, 2], [6, 8, 4, 6], [1, 10, 0, 1], [2, 0, 0, 9], [1, 2, 6, 3], [9, 9, 4, 7], [7, 0, 10, 8], [0, 8, 4, 4], [7, 4, 6, 0],
[10, 8, 7, 9], [6, 5, 0, 8], [5, 9, 7, 6], [0, 0, 8, 8], [9, 10, 2, 3], [10, 1, 1, 10], [10, 3, 2, 4], [7, 8, 4, 4], [6, 9, 3, 1], [3, 1, 7, 9],
[10, 1, 2, 9], [1, 8, 6, 9], [7, 8, 1, 6], [7, 0, 4, 6]]
[1, 1, 0.333333, 0.333333, 0.333333, 0.333333, 0.333333, 0.333333, 0.111111, 0.111111,
0.111111, 0.111111, 0.111111, 0.111111, 0.037037, 0.037037, 0.037037, 0.037037, 0.037037, 0.037037,
0.0123457, 0.0123457, 0.0123457, 0.0123457, 0.0123457, 0.0123457, 0.00411523, 0.00411523, 0.00411523, 0.00411523,
0.00411523, 0.00411523, 0.00137174, 0.00137174, 0.00137174, 0.00137174, 0.00137174, 0.00137174, 0.000457247, 0.000457247,
0.000457247, 0.000457247, 0.000457247, 0.000457247]
[5, 0, 7, 7, 5, 1, 3, 7, 7, 2,
9, 7, 8, 2, 6, 8, 5, 3, 9, 8,
5, 6, 4, 6, 5, 3, 4, 4, 6, 1,
9, 0, 4, 2, 10, 4, 3, 8, 8, 8,
10, 4, 8, 3]
------------------------------------------------------- 
# stage = 8	# children c = 3	length of each stage p = 2	nodes = 43	# items I = 1
