[97, 0, 64, 16, 6, 95, 12, 96, 62, 65,
98, 12, 40, 31, 100, 44, 53, 82, 38, 46,
100, 96, 44, 94, 56, 89, 74, 62, 76, 73,
2, 72]
[[183, 86, 53], [132, 575, 419], [318, 768, 555], [413, 28, 817], [1074, 1035, 909], [733, 140, 634], [393, 139, 64], [654, 427, 949], [333, 262, 888], [945, 932, 821],
[871, 84, 907], [924, 278, 388], [312, 658, 125], [867, 1071, 153], [652, 19, 95], [468, 815, 297], [8, 114, 436], [134, 768, 925], [51, 69, 155], [940, 1015, 56],
[667, 854, 202], [543, 746, 480], [931, 1058, 44], [24, 893, 21], [240, 452, 102], [335, 920, 917], [694, 990, 1031], [98, 30, 767], [1086, 81, 837], [209, 1083, 820],
[265, 719, 580], [467, 168, 294]]
[[10, 6, 1, 2], [5, 1, 7, 1], [10, 8, 3, 2], [3, 8, 8, 6], [8, 9, 10, 0], [2, 7, 10, 0], [8, 10, 9, 8], [8, 6, 3, 7], [10, 2, 7, 2], [3, 3, 4, 1],
[9, 7, 1, 1], [2, 10, 7, 10], [8, 4, 9, 8], [1, 8, 8, 7], [7, 5, 4, 2], [0, 7, 9, 0], [9, 5, 2, 0], [6, 4, 1, 5], [9, 2, 4, 10], [10, 1, 9, 6],
[3, 7, 3, 4], [2, 10, 0, 7], [4, 4, 9, 2], [0, 5, 0, 8], [8, 3, 8, 4], [5, 7, 9, 2], [7, 0, 1, 5], [1, 8, 0, 5], [3, 1, 7, 5], [0, 8, 2, 2],
[10, 9, 5, 0], [4, 5, 6, 1]]
[1, 1, 0.333333, 0.333333, 0.333333, 0.333333, 0.333333, 0.333333, 0.111111, 0.111111,
0.111111, 0.111111, 0.111111, 0.111111, 0.037037, 0.037037, 0.037037, 0.037037, 0.037037, 0.037037,
0.0123457, 0.0123457, 0.0123457, 0.0123457, 0.0123457, 0.0123457, 0.00411523, 0.00411523, 0.00411523, 0.00411523,
0.00411523, 0.00411523]
[5, 13, 8, 14, 5, 2, 13, 14, 12, 19,
6, 9, 8, 0, 16, 15, 6, 18, 3, 15,
1, 5, 14, 3, 8, 14, 18, 21, 0, 20,
19, 15]
------------------------------------------------------- 
# stage = 6	# children c = 3	length of each stage p = 2	nodes = 31	# items I = 1
