[6, 84, 96, 54, 29, 54, 26, 67, 73, 82,
53, 64, 69, 74, 65, 92, 33, 85, 98, 59,
52, 78, 97, 65, 13, 83, 84, 62, 70, 71,
80, 76, 54, 42, 29, 49, 96, 22, 15, 34,
3, 68, 98, 38, 7, 28, 29, 7, 12, 93,
32, 31, 36, 28, 96, 15, 11, 45, 77, 47,
82, 23, 89, 36, 31, 85, 51, 26, 6, 67,
26, 76, 0, 24, 13, 75, 18, 8, 48, 98,
1, 80, 28, 37, 74, 90, 53, 85, 1, 96,
31, 83, 85, 20, 85, 15, 4, 36, 7, 77,
69, 34, 52, 35, 24, 65, 76, 42, 39, 90,
39, 6, 35, 67, 10, 9, 23, 29, 94, 24,
24, 92, 73, 76, 78, 58, 91, 48, 60, 99,
24, 95, 99, 42, 96, 22, 73, 38, 64, 11,
27, 70, 18, 29, 36, 28, 38, 25, 57, 98,
49, 47, 89, 89, 22, 32, 46, 80, 80, 72,
44, 70, 32, 42, 11, 27, 30, 84, 31, 60,
62, 25, 29, 80, 54, 32, 74, 58, 57, 97]
[[377, 664, 404], [521, 932, 536], [835, 166, 36], [591, 332, 312], [421, 877, 380], [71, 931, 614], [926, 477, 699], [54, 761, 827], [253, 190, 336], [857, 59, 304],
[528, 758, 968], [932, 309, 931], [820, 174, 449], [856, 118, 134], [520, 539, 41], [253, 933, 3], [867, 241, 802], [596, 295, 915], [775, 870, 458], [463, 757, 517],
[767, 637, 306], [118, 921, 937], [401, 771, 464], [850, 657, 582], [14, 530, 473], [378, 783, 436], [381, 680, 29], [535, 629, 325], [481, 434, 547], [939, 898, 335],
[808, 47, 324], [144, 165, 276], [434, 566, 77], [898, 769, 87], [510, 783, 617], [13, 191, 752], [772, 894, 784], [801, 460, 443], [478, 293, 878], [56, 262, 158],
[713, 100, 205], [67, 567, 693], [665, 353, 611], [743, 281, 410], [830, 143, 224], [799, 156, 737], [581, 280, 662], [395, 434, 152], [839, 264, 445], [99, 320, 59],
[579, 385, 481], [136, 775, 400], [829, 470, 753], [793, 565, 64], [233, 425, 207], [779, 254, 686], [547, 835, 318], [239, 583, 752], [713, 452, 47], [510, 873, 689],
[891, 482, 427], [402, 618, 232], [803, 800, 54], [586, 623, 620], [3, 856, 397], [532, 18, 652], [570, 887, 839], [889, 156, 452], [23, 221, 256], [392, 83, 159],
[112, 4, 963], [539, 728, 934], [123, 561, 764], [499, 500, 417], [471, 825, 625], [869, 387, 965], [873, 310, 882], [742, 229, 390], [547, 252, 611], [803, 645, 46],
[315, 109, 372], [308, 0, 131], [272, 445, 44], [388, 296, 866], [805, 768, 721], [783, 19, 461], [778, 892, 771], [43, 664, 30], [433, 241, 604], [397, 397, 601],
[443, 712, 62], [816, 372, 384], [299, 645, 829], [343, 63, 156], [240, 221, 276], [313, 356, 295], [774, 486, 217], [575, 529, 881], [927, 963, 475], [884, 390, 872],
[837, 185, 936], [252, 353, 338], [636, 652, 335], [496, 26, 399], [4, 588, 942], [280, 901, 650], [575, 58, 166], [792, 633, 48], [55, 913, 363], [530, 179, 105],
[754, 46, 290], [720, 298, 644], [89, 935, 648], [424, 783, 674], [175, 787, 614], [469, 97, 546], [471, 672, 926], [960, 494, 589], [38, 549, 854], [401, 432, 63],
[506, 538, 432], [148, 289, 730], [792, 700, 47], [471, 476, 830], [497, 652, 969], [464, 473, 96], [362, 945, 768], [318, 935, 614], [907, 325, 516], [144, 726, 948],
[529, 584, 516], [961, 732, 157], [74, 877, 857], [121, 700, 364], [304, 549, 368], [303, 43, 193], [722, 405, 168], [520, 723, 455], [487, 13, 780], [33, 157, 858],
[11, 38, 794], [849, 30, 557], [37, 104, 786], [246, 547, 838], [932, 203, 417], [652, 507, 783], [846, 581, 218], [366, 131, 294], [822, 618, 307], [954, 3, 786],
[195, 14, 824], [19, 216, 854], [898, 575, 310], [714, 821, 858], [904, 136, 91], [352, 788, 920], [165, 664, 531], [705, 383, 15], [29, 235, 955], [336, 541, 959],
[474, 736, 325], [329, 756, 541], [535, 684, 146], [198, 751, 320], [86, 685, 456], [499, 389, 596], [772, 876, 613], [655, 612, 26], [670, 641, 583], [8, 330, 154],
[319, 156, 243], [644, 807, 29], [538, 373, 65], [36, 893, 168], [678, 9, 206], [486, 830, 595], [113, 632, 824], [78, 640, 466], [104, 662, 459], [39, 670, 141]]
[[4, 5, 1, 1], [6, 7, 5, 10], [2, 1, 0, 7], [4, 3, 8, 4], [8, 5, 6, 3], [5, 1, 1, 5], [3, 10, 4, 2], [5, 7, 0, 7], [10, 2, 8, 5], [7, 1, 4, 7],
[0, 2, 3, 2], [5, 0, 6, 3], [3, 2, 6, 6], [1, 5, 0, 5], [2, 4, 5, 7], [10, 6, 3, 9], [8, 10, 4, 4], [0, 6, 9, 0], [9, 1, 2, 3], [10, 7, 4, 2],
[7, 8, 6, 8], [2, 7, 0, 4], [0, 6, 9, 8], [1, 2, 7, 7], [10, 9, 9, 10], [4, 7, 8, 0], [8, 8, 2, 5], [4, 6, 5, 0], [4, 0, 7, 4], [7, 7, 9, 6],
[2, 5, 3, 1], [7, 8, 8, 4], [6, 6, 3, 9], [2, 9, 7, 8], [7, 9, 2, 9], [5, 5, 8, 7], [6, 4, 0, 2], [9, 7, 6, 10], [2, 8, 0, 7], [5, 7, 1, 10],
[2, 2, 6, 3], [1, 2, 9, 6], [10, 1, 4, 4], [4, 1, 9, 10], [3, 9, 0, 2], [4, 6, 1, 6], [3, 10, 0, 7], [6, 1, 4, 7], [4, 10, 10, 5], [10, 8, 9, 9],
[7, 2, 0, 1], [2, 9, 9, 5], [6, 9, 5, 10], [3, 4, 3, 4], [4, 3, 0, 8], [5, 2, 4, 7], [1, 1, 10, 1], [10, 8, 8, 4], [8, 9, 3, 10], [7, 2, 3, 0],
[9, 8, 10, 1], [2, 2, 6, 4], [4, 4, 1, 9], [7, 6, 3, 6], [7, 2, 5, 4], [10, 3, 7, 7], [1, 10, 5, 6], [10, 8, 7, 9], [5, 4, 8, 5], [5, 1, 9, 9],
[4, 9, 5, 0], [4, 8, 4, 9], [8, 10, 3, 7], [0, 8, 1, 1], [7, 6, 5, 5], [3, 10, 1, 7], [2, 7, 1, 7], [9, 9, 3, 2], [7, 6, 0, 9], [1, 4, 7, 9],
[3, 8, 3, 3], [5, 4, 2, 0], [9, 6, 5, 1], [5, 4, 8, 7], [0, 8, 1, 9], [4, 2, 9, 0], [8, 9, 9, 7], [3, 3, 5, 4], [1, 6, 6, 4], [9, 8, 4, 7],
[1, 7, 8, 7], [9, 4, 1, 10], [10, 1, 6, 3], [3, 3, 3, 10], [1, 10, 6, 2], [0, 10, 7, 1], [3, 0, 4, 1], [8, 6, 8, 8], [1, 6, 2, 10], [8, 3, 7, 7],
[2, 3, 8, 4], [6, 9, 1, 5], [6, 5, 8, 6], [4, 2, 6, 6], [2, 10, 7, 8], [5, 5, 5, 6], [9, 7, 4, 6], [9, 0, 0, 0], [3, 6, 2, 7], [4, 3, 0, 10],
[9, 8, 5, 0], [8, 0, 6, 10], [8, 3, 5, 1], [8, 0, 5, 4], [5, 9, 8, 3], [10, 8, 2, 0], [1, 4, 6, 5], [6, 6, 4, 4], [3, 7, 2, 0], [6, 9, 8, 3],
[1, 2, 2, 7], [0, 8, 0, 6], [6, 6, 9, 5], [1, 9, 4, 2], [1, 10, 7, 7], [5, 9, 9, 6], [5, 0, 4, 9], [9, 1, 0, 8], [1, 2, 2, 2], [10, 0, 8, 4],
[6, 4, 9, 7], [1, 0, 9, 2], [10, 3, 7, 2], [1, 5, 8, 5], [3, 10, 3, 0], [0, 3, 8, 0], [4, 9, 2, 3], [9, 8, 7, 3], [10, 4, 8, 9], [4, 5, 0, 2],
[8, 5, 2, 8], [8, 0, 0, 1], [8, 1, 1, 7], [3, 7, 7, 7], [5, 7, 10, 2], [2, 5, 3, 10], [7, 0, 9, 9], [3, 9, 0, 10], [2, 1, 7, 10], [10, 5, 0, 7],
[6, 10, 3, 9], [7, 10, 5, 10], [4, 3, 10, 6], [6, 2, 6, 2], [1, 4, 0, 4], [0, 10, 3, 2], [0, 8, 0, 8], [2, 0, 4, 9], [9, 8, 5, 5], [5, 9, 2, 10],
[10, 2, 5, 5], [4, 9, 5, 5], [0, 5, 8, 1], [2, 0, 1, 0], [9, 1, 8, 0], [0, 0, 7, 7], [8, 2, 1, 0], [0, 1, 10, 10], [3, 3, 2, 8], [10, 7, 0, 0],
[10, 8, 10, 2], [7, 0, 0, 5], [0, 7, 3, 9], [7, 9, 5, 2], [0, 4, 2, 9], [5, 2, 6, 9], [3, 6, 4, 2], [2, 2, 2, 10], [0, 1, 10, 7], [0, 0, 10, 0]]
[1, 1, 1, 1, 1, 0.2, 0.2, 0.2, 0.2, 0.2,
0.2, 0.2, 0.2, 0.2, 0.2, 0.2, 0.2, 0.2, 0.2, 0.2,
0.2, 0.2, 0.2, 0.2, 0.2, 0.2, 0.2, 0.2, 0.2, 0.2,
0.04, 0.04, 0.04, 0.04, 0.04, 0.04, 0.04, 0.04, 0.04, 0.04,
0.04, 0.04, 0.04, 0.04, 0.04, 0.04, 0.04, 0.04, 0.04, 0.04,
0.04, 0.04, 0.04, 0.04, 0.04, 0.008, 0.008, 0.008, 0.008, 0.008,
0.008, 0.008, 0.008, 0.008, 0.008, 0.008, 0.008, 0.008, 0.008, 0.008,
0.008, 0.008, 0.008, 0.008, 0.008, 0.008, 0.008, 0.008, 0.008, 0.008,
0.0016, 0.0016, 0.0016, 0.0016, 0.0016, 0.0016, 0.0016, 0.0016, 0.0016, 0.0016,
0.0016, 0.0016, 0.0016, 0.0016, 0.0016, 0.0016, 0.0016, 0.0016, 0.0016, 0.0016,
0.0016, 0.0016, 0.0016, 0.0016, 0.0016, 0.00032, 0.00032, 0.00032, 0.00032, 0.00032,
0.00032, 0.00032, 0.00032, 0.00032, 0.00032, 0.00032, 0.00032, 0.00032, 0.00032, 0.00032,
0.00032, 0.00032, 0.00032, 0.00032, 0.00032, 0.00032, 0.00032, 0.00032, 0.00032, 0.00032,
6.4e-05, 6.4e-05, 6.4e-05, 6.4e-05, 6.4e-05, 6.4e-05, 6.4e-05, 6.4e-05, 6.4e-05, 6.4e-05,
6.4e-05, 6.4e-05, 6.4e-05, 6.4e-05, 6.4e-05, 6.4e-05, 6.4e-05, 6.4e-05, 6.4e-05, 6.4e-05,
6.4e-05, 6.4e-05, 6.4e-05, 6.4e-05, 6.4e-05, 1.28e-05, 1.28e-05, 1.28e-05, 1.28e-05, 1.28e-05,
1.28e-05, 1.28e-05, 1.28e-05, 1.28e-05, 1.28e-05, 1.28e-05, 1.28e-05, 1.28e-05, 1.28e-05, 1.28e-05,
1.28e-05, 1.28e-05, 1.28e-05, 1.28e-05, 1.28e-05, 1.28e-05, 1.28e-05, 1.28e-05, 1.28e-05, 1.28e-05]
[1, 8, 5, 6, 7, 3, 3, 3, 5, 4,
5, 9, 8, 2, 4, 5, 4, 4, 5, 2,
6, 1, 2, 1, 6, 8, 8, 6, 4, 6,
6, 6, 6, 4, 6, 9, 5, 4, 6, 8,
3, 7, 9, 9, 7, 3, 8, 8, 6, 2,
4, 8, 3, 9, 0, 7, 9, 6, 3, 3,
3, 6, 2, 0, 1, 4, 7, 6, 6, 5,
9, 1, 2, 8, 3, 5, 2, 1, 9, 7,
9, 6, 5, 2, 4, 0, 3, 2, 1, 0,
4, 4, 9, 4, 2, 1, 5, 1, 4, 7,
2, 1, 3, 2, 6, 3, 1, 8, 6, 3,
8, 1, 4, 9, 7, 8, 5, 6, 5, 8,
4, 1, 1, 2, 5, 9, 4, 0, 4, 0,
7, 2, 8, 5, 0, 6, 5, 4, 0, 6,
6, 1, 0, 1, 2, 0, 2, 6, 5, 7,
7, 4, 2, 2, 8, 0, 8, 6, 5, 4,
3, 1, 9, 8, 8, 3, 1, 1, 9, 0,
4, 3, 6, 0, 0, 2, 1, 0, 2, 0]
------------------------------------------------------- 
# stage = 8	# children c = 5	length of each stage p = 5	nodes = 179	# items I = 1
