[37, 32, 40, 82, 20, 22, 98, 7, 91, 89,
37, 26, 30, 11, 81, 32, 86, 32, 35, 30,
63, 48, 2, 25, 61, 95, 100, 40, 59, 17,
99, 96, 49, 38]
[[1002, 1827, 890], [563, 951, 205], [257, 1656, 1532], [1441, 1120, 1496], [188, 1715, 309], [529, 498, 512], [1621, 596, 505], [1265, 945, 408], [1016, 1148, 910], [754, 576, 1222],
[114, 1578, 473], [264, 1401, 1424], [469, 1658, 1244], [1262, 524, 528], [922, 1808, 407], [1231, 501, 166], [1003, 287, 762], [769, 812, 968], [437, 1088, 280], [1347, 7, 856],
[733, 1217, 598], [1206, 1482, 1259], [794, 1211, 342], [1299, 637, 866], [1827, 819, 838], [1495, 215, 599], [921, 1218, 146], [943, 1247, 959], [75, 1684, 211], [1452, 1196, 1314],
[472, 1189, 696], [331, 1656, 1438], [1590, 1710, 813], [96, 1173, 711]]
[[2, 9, 3, 9], [6, 5, 0, 6], [6, 2, 6, 1], [6, 1, 6, 3], [6, 0, 7, 9], [7, 2, 0, 2], [2, 6, 2, 1], [5, 3, 10, 6], [1, 2, 4, 5], [5, 4, 9, 9],
[6, 4, 8, 10], [3, 3, 2, 10], [3, 8, 6, 8], [10, 6, 10, 1], [10, 0, 2, 5], [1, 10, 0, 0], [10, 2, 5, 2], [7, 3, 0, 0], [5, 8, 0, 8], [9, 0, 5, 0],
[8, 0, 8, 5], [5, 6, 4, 4], [6, 7, 7, 5], [4, 5, 5, 4], [8, 10, 6, 2], [0, 5, 2, 5], [0, 0, 0, 10], [1, 6, 10, 7], [4, 7, 0, 9], [2, 4, 1, 6],
[0, 8, 0, 5], [1, 3, 7, 9], [2, 0, 0, 0], [5, 0, 3, 4]]
[1, 0.333333, 0.333333, 0.333333, 0.111111, 0.111111, 0.111111, 0.037037, 0.037037, 0.037037,
0.0123457, 0.0123457, 0.0123457, 0.00411523, 0.00411523, 0.00411523, 0.00137174, 0.00137174, 0.00137174, 0.000457247,
0.000457247, 0.000457247, 0.000152416, 0.000152416, 0.000152416, 5.08053e-05, 5.08053e-05, 5.08053e-05, 1.69351e-05, 1.69351e-05,
1.69351e-05, 5.64503e-06, 5.64503e-06, 5.64503e-06]
[9, 8, 5, 5, 8, 1, 4, 9, 6, 2,
3, 7, 4, 7, 7, 3, 4, 6, 1, 4,
2, 5, 7, 6, 8, 5, 2, 9, 4, 0,
2, 0, 7, 0]
------------------------------------------------------- 
# stage = 12	# children c = 3	length of each stage p = 1	nodes = 33	# items I = 1
