[19, 26, 13, 84, 6, 42, 31, 74, 20, 7,
94, 20, 90, 80, 100, 63, 60, 55, 76, 34,
79, 73, 46, 80, 2, 13, 25, 65, 24, 92,
94, 43, 17, 7, 94, 24, 49, 24, 64, 35,
98, 23, 55, 87, 3, 54, 15, 29, 75, 57,
29, 54, 29, 41, 100, 32, 54, 24, 63, 44,
15, 57, 53, 100, 64, 46, 90, 79, 36, 19,
14, 33, 42, 35, 86, 11, 56, 0, 40, 30,
23, 69, 50, 53, 9, 50, 51, 29, 40, 13,
39, 22, 36, 93, 21, 100, 38, 77, 79, 75,
96, 59]
[[13, 194, 667], [844, 699, 731], [376, 625, 807], [73, 597, 606], [765, 495, 524], [822, 91, 421], [135, 183, 792], [523, 842, 740], [523, 794, 786], [658, 586, 922],
[544, 600, 188], [283, 740, 184], [310, 412, 105], [413, 485, 702], [91, 546, 494], [840, 441, 585], [333, 800, 768], [421, 395, 906], [234, 215, 773], [316, 873, 655],
[310, 489, 551], [723, 68, 363], [907, 603, 72], [84, 88, 557], [82, 404, 176], [576, 316, 841], [233, 873, 713], [298, 366, 405], [276, 600, 620], [121, 213, 789],
[777, 523, 350], [400, 542, 642], [60, 521, 317], [132, 829, 630], [913, 912, 106], [385, 784, 422], [298, 90, 367], [308, 388, 29], [9, 888, 630], [629, 306, 139],
[490, 155, 662], [136, 779, 501], [74, 135, 94], [616, 267, 220], [318, 477, 428], [424, 862, 284], [142, 457, 374], [733, 61, 58], [762, 70, 243], [688, 699, 549],
[827, 485, 0], [786, 845, 75], [359, 215, 211], [677, 831, 702], [193, 221, 251], [621, 869, 410], [906, 83, 163], [576, 112, 224], [859, 875, 294], [174, 859, 289],
[723, 759, 70], [19, 841, 211], [94, 496, 426], [305, 245, 330], [80, 439, 775], [555, 356, 717], [37, 334, 96], [424, 911, 209], [648, 138, 380], [14, 312, 311],
[527, 331, 366], [597, 350, 279], [104, 668, 775], [531, 46, 317], [861, 350, 52], [708, 905, 408], [721, 239, 39], [818, 663, 22], [323, 608, 160], [703, 846, 696],
[86, 446, 323], [453, 339, 673], [732, 444, 413], [804, 47, 683], [417, 204, 105], [469, 208, 307], [173, 226, 770], [212, 116, 729], [234, 439, 409], [618, 438, 328],
[610, 524, 70], [5, 49, 409], [902, 78, 149], [388, 178, 420], [367, 595, 624], [473, 136, 129], [76, 309, 355], [846, 522, 695], [871, 52, 430], [353, 895, 868],
[905, 577, 464], [47, 807, 738]]
[[3, 10, 7, 10], [2, 5, 2, 9], [6, 8, 4, 5], [10, 9, 10, 4], [3, 6, 2, 8], [2, 3, 4, 10], [3, 9, 7, 3], [6, 7, 9, 7], [4, 6, 6, 4], [9, 7, 1, 4],
[4, 5, 8, 1], [1, 5, 5, 4], [0, 5, 2, 2], [8, 4, 1, 10], [0, 8, 0, 4], [2, 10, 1, 5], [3, 7, 7, 10], [3, 6, 2, 7], [9, 10, 8, 0], [4, 0, 4, 5],
[6, 4, 5, 1], [7, 5, 0, 7], [2, 1, 10, 3], [9, 0, 6, 1], [7, 0, 0, 0], [7, 2, 5, 5], [10, 1, 5, 4], [1, 8, 7, 5], [1, 1, 7, 6], [6, 5, 1, 7],
[6, 0, 8, 4], [0, 3, 3, 7], [3, 2, 5, 10], [4, 9, 3, 4], [10, 8, 6, 9], [5, 2, 2, 5], [1, 9, 0, 6], [3, 10, 2, 8], [10, 8, 10, 10], [0, 3, 5, 1],
[5, 8, 10, 7], [6, 2, 9, 5], [8, 2, 4, 1], [4, 6, 6, 4], [2, 4, 10, 3], [4, 1, 9, 3], [7, 9, 1, 7], [10, 6, 6, 2], [3, 3, 7, 8], [3, 4, 2, 1],
[6, 4, 2, 9], [8, 6, 2, 8], [10, 1, 10, 3], [0, 8, 5, 7], [4, 4, 1, 1], [10, 5, 1, 0], [9, 9, 6, 1], [0, 9, 0, 6], [0, 2, 4, 9], [8, 4, 4, 6],
[5, 3, 7, 3], [1, 1, 10, 3], [5, 9, 5, 2], [4, 6, 1, 2], [2, 7, 3, 2], [3, 2, 7, 4], [4, 0, 0, 0], [5, 4, 6, 8], [8, 0, 1, 7], [0, 9, 10, 5],
[8, 4, 6, 1], [9, 5, 3, 0], [10, 4, 1, 3], [4, 8, 5, 9], [6, 3, 7, 9], [5, 0, 7, 2], [0, 6, 7, 0], [4, 7, 4, 10], [9, 8, 0, 5], [2, 1, 6, 10],
[4, 5, 0, 8], [2, 5, 4, 8], [6, 0, 5, 1], [0, 1, 1, 10], [5, 9, 10, 7], [3, 3, 7, 10], [0, 5, 5, 0], [7, 9, 0, 9], [3, 9, 4, 3], [2, 9, 0, 8],
[7, 3, 9, 6], [4, 9, 5, 7], [7, 4, 4, 8], [6, 0, 7, 4], [3, 10, 5, 8], [8, 3, 6, 9], [1, 9, 1, 3], [7, 0, 1, 1], [3, 8, 7, 6], [6, 1, 2, 0],
[4, 6, 8, 10], [4, 3, 3, 8]]
[1, 1, 1, 0.333333, 0.333333, 0.333333, 0.333333, 0.333333, 0.333333, 0.333333,
0.333333, 0.333333, 0.111111, 0.111111, 0.111111, 0.111111, 0.111111, 0.111111, 0.111111, 0.111111,
0.111111, 0.037037, 0.037037, 0.037037, 0.037037, 0.037037, 0.037037, 0.037037, 0.037037, 0.037037,
0.0123457, 0.0123457, 0.0123457, 0.0123457, 0.0123457, 0.0123457, 0.0123457, 0.0123457, 0.0123457, 0.00411523,
0.00411523, 0.00411523, 0.00411523, 0.00411523, 0.00411523, 0.00411523, 0.00411523, 0.00411523, 0.00137174, 0.00137174,
0.00137174, 0.00137174, 0.00137174, 0.00137174, 0.00137174, 0.00137174, 0.00137174, 0.000457247, 0.000457247, 0.000457247,
0.000457247, 0.000457247, 0.000457247, 0.000457247, 0.000457247, 0.000457247, 0.000152416, 0.000152416, 0.000152416, 0.000152416,
0.000152416, 0.000152416, 0.000152416, 0.000152416, 0.000152416, 5.08053e-05, 5.08053e-05, 5.08053e-05, 5.08053e-05, 5.08053e-05,
5.08053e-05, 5.08053e-05, 5.08053e-05, 5.08053e-05, 1.69351e-05, 1.69351e-05, 1.69351e-05, 1.69351e-05, 1.69351e-05, 1.69351e-05,
1.69351e-05, 1.69351e-05, 1.69351e-05, 5.64503e-06, 5.64503e-06, 5.64503e-06, 5.64503e-06, 5.64503e-06, 5.64503e-06, 5.64503e-06,
5.64503e-06, 5.64503e-06]
[9, 2, 2, 9, 9, 5, 8, 5, 8, 7,
2, 0, 5, 4, 6, 5, 6, 9, 5, 1,
6, 4, 1, 2, 5, 6, 8, 9, 8, 2,
0, 2, 6, 9, 4, 0, 9, 7, 8, 0,
2, 3, 5, 8, 9, 9, 0, 2, 8, 3,
5, 5, 0, 7, 7, 5, 7, 1, 5, 9,
5, 8, 3, 6, 4, 5, 5, 6, 6, 6,
6, 4, 4, 2, 1, 6, 2, 4, 6, 0,
4, 4, 9, 6, 9, 2, 8, 3, 5, 2,
6, 5, 4, 8, 4, 7, 7, 7, 4, 5,
0, 1]
------------------------------------------------------- 
# stage = 12	# children c = 3	length of each stage p = 3	nodes = 101	# items I = 1
