[41, 53, 44, 72, 37, 67, 56, 66, 74, 82,
98, 96, 87, 43, 45, 63, 40, 9, 72, 16,
44, 54, 36, 91, 5, 53, 77, 53, 39, 76,
31, 46, 95, 42, 84, 98, 8, 39, 63, 49,
87, 27, 10, 39, 70, 56, 69, 77, 65, 40,
93, 75, 61, 95, 65, 32, 48, 7, 85, 53,
49, 83, 99, 9, 24, 48, 74, 99, 88, 36,
47, 40, 29, 58, 80, 100, 80, 48, 42, 10,
54, 0, 85, 14, 95, 15, 47, 42, 23, 98,
95, 72, 80, 59, 48, 3, 7, 21, 2, 61,
23, 15, 0, 53, 39, 80, 18, 18, 94, 60,
28, 48, 26, 79, 28, 20, 95, 75, 29, 84,
39, 23, 55, 18, 49, 69, 22, 22, 90, 91,
83, 13, 5, 49, 66, 11, 96, 50, 29, 89,
76, 24, 2, 1, 2, 31, 21, 63, 72, 50,
46, 10, 40, 68, 29, 55, 36, 17, 77, 26,
74, 25, 5, 45, 74, 37, 56, 35, 87, 86,
91, 62, 76, 93, 63, 78, 23, 50, 41, 62]
[[460, 1546, 1869], [494, 432, 1816], [1715, 41, 112], [1899, 1343, 1612], [126, 1798, 1328], [1424, 995, 1375], [1254, 1784, 1230], [1469, 1400, 516], [1648, 65, 490], [919, 218, 960],
[1292, 679, 457], [1113, 661, 378], [880, 327, 1956], [481, 1715, 738], [44, 1841, 488], [1372, 1216, 971], [698, 1958, 194], [1416, 1379, 1082], [1420, 466, 1147], [1910, 874, 1365],
[309, 117, 1532], [255, 718, 144], [633, 1599, 2009], [28, 31, 1163], [766, 1612, 443], [1254, 423, 1147], [176, 609, 1057], [1907, 2025, 1924], [940, 1396, 341], [38, 745, 703],
[892, 543, 309], [375, 798, 1027], [8, 1431, 577], [1505, 947, 96], [107, 1713, 1196], [550, 919, 1619], [1697, 583, 179], [193, 1979, 1692], [68, 870, 527], [1947, 909, 1273],
[601, 1801, 1816], [398, 1664, 565], [1426, 1160, 1484], [1491, 104, 382], [1588, 211, 1583], [223, 761, 453], [1843, 1947, 525], [2022, 91, 455], [1154, 160, 813], [1681, 58, 1210],
[393, 147, 450], [160, 546, 66], [213, 1460, 714], [1185, 902, 819], [1055, 1978, 1030], [590, 153, 1792], [531, 1996, 1178], [544, 1457, 1269], [487, 562, 917], [1301, 1732, 463],
[462, 76, 611], [913, 237, 645], [467, 1987, 56], [1181, 612, 446], [2000, 1667, 376], [470, 1745, 17], [1750, 1765, 2013], [879, 260, 909], [99, 748, 960], [505, 1537, 643],
[968, 1487, 719], [1067, 1888, 444], [1712, 306, 1920], [1256, 976, 2020], [1191, 415, 1126], [1567, 885, 823], [1072, 586, 539], [524, 953, 287], [1433, 541, 523], [1881, 1046, 1548],
[475, 2014, 987], [683, 1033, 826], [615, 184, 621], [2023, 929, 1085], [1994, 71, 1500], [1072, 1126, 1874], [1895, 149, 1948], [1922, 673, 853], [1697, 57, 1394], [172, 1427, 1928],
[1720, 1390, 1893], [146, 24, 365], [973, 128, 38], [1082, 102, 967], [118, 48, 1038], [1618, 1120, 115], [931, 454, 264], [831, 1864, 425], [1172, 1512, 2019], [5, 1684, 1397],
[1933, 844, 739], [1265, 990, 251], [1119, 1451, 379], [1157, 484, 2019], [75, 602, 18], [1113, 1709, 626], [716, 591, 1080], [468, 910, 383], [893, 33, 1895], [863, 38, 1019],
[1749, 1971, 1863], [439, 1188, 804], [690, 258, 1744], [558, 903, 179], [528, 978, 270], [34, 1579, 1979], [660, 1783, 9], [1228, 202, 920], [1611, 583, 953], [1457, 934, 992],
[427, 634, 402], [1778, 1073, 1078], [22, 1252, 824], [1766, 1298, 1727], [1945, 1826, 656], [1703, 1860, 186], [1121, 2008, 1969], [1131, 1187, 1659], [1539, 237, 193], [443, 1694, 1128],
[923, 1610, 1250], [1326, 827, 1812], [1892, 849, 1015], [668, 566, 1801], [346, 2000, 1578], [1003, 1142, 877], [677, 215, 836], [86, 1346, 2023], [1745, 324, 211], [1427, 767, 1393],
[2043, 1179, 442], [1244, 1993, 1270], [1007, 1836, 1607], [1510, 455, 1662], [1262, 802, 1101], [279, 1293, 194], [1156, 1970, 409], [1992, 7, 1243], [1454, 1241, 1567], [1153, 619, 1823],
[2035, 613, 441], [1965, 1857, 385], [1186, 304, 1709], [233, 1302, 1653], [1895, 4, 406], [947, 283, 1187], [1141, 1440, 1108], [1039, 871, 604], [233, 1814, 1845], [1801, 406, 415],
[1063, 392, 516], [1504, 309, 324], [1377, 983, 116], [1037, 1216, 907], [641, 550, 911], [535, 1497, 1194], [1722, 78, 73], [270, 1117, 433], [874, 838, 1735], [158, 78, 92],
[61, 1141, 485], [577, 596, 282], [389, 1973, 753], [506, 450, 1458], [901, 1091, 2008], [1812, 1115, 1457], [445, 788, 1023], [519, 546, 91], [440, 1420, 417], [126, 1066, 496]]
[[1, 3, 0, 2], [2, 3, 9, 4], [2, 3, 10, 0], [0, 4, 7, 1], [1, 1, 6, 1], [7, 9, 9, 3], [10, 2, 10, 3], [7, 2, 8, 8], [5, 8, 10, 6], [1, 6, 10, 1],
[9, 7, 2, 9], [0, 7, 9, 10], [6, 4, 9, 1], [2, 5, 4, 10], [5, 1, 2, 1], [1, 8, 8, 5], [6, 5, 0, 5], [1, 10, 6, 10], [6, 6, 7, 4], [0, 5, 1, 5],
[7, 10, 6, 7], [2, 8, 6, 7], [10, 7, 8, 9], [4, 5, 3, 8], [0, 1, 0, 10], [9, 7, 9, 2], [0, 5, 6, 1], [8, 5, 6, 4], [2, 10, 9, 4], [7, 3, 0, 4],
[10, 7, 3, 1], [10, 4, 8, 10], [6, 8, 9, 4], [4, 6, 7, 3], [9, 0, 2, 7], [4, 6, 9, 6], [5, 6, 9, 10], [9, 7, 4, 6], [3, 7, 7, 3], [0, 2, 0, 4],
[0, 8, 9, 2], [3, 3, 5, 10], [3, 7, 4, 7], [2, 3, 1, 5], [7, 10, 5, 5], [4, 9, 0, 8], [3, 5, 9, 1], [8, 9, 6, 6], [4, 4, 8, 5], [5, 3, 5, 6],
[8, 9, 1, 9], [10, 2, 3, 6], [10, 6, 9, 3], [4, 7, 9, 5], [0, 7, 7, 6], [4, 2, 1, 8], [4, 9, 3, 9], [10, 6, 2, 8], [2, 3, 6, 2], [5, 7, 6, 2],
[3, 3, 4, 5], [10, 2, 0, 10], [10, 5, 5, 3], [7, 6, 9, 9], [3, 10, 5, 2], [5, 7, 10, 6], [0, 3, 6, 3], [0, 1, 4, 3], [4, 8, 6, 2], [10, 6, 1, 7],
[0, 5, 10, 5], [0, 7, 1, 1], [4, 6, 4, 10], [1, 3, 3, 10], [5, 9, 0, 5], [10, 4, 6, 2], [10, 1, 4, 10], [8, 3, 6, 6], [8, 4, 10, 7], [9, 0, 8, 2],
[5, 1, 10, 4], [3, 2, 1, 8], [0, 1, 2, 9], [4, 6, 9, 3], [7, 0, 0, 2], [3, 5, 9, 1], [7, 6, 8, 5], [4, 3, 5, 7], [5, 5, 0, 6], [7, 1, 3, 6],
[1, 3, 2, 5], [9, 0, 6, 3], [0, 7, 6, 1], [10, 2, 2, 6], [8, 8, 9, 1], [1, 3, 7, 4], [8, 7, 10, 3], [7, 0, 7, 8], [1, 9, 0, 10], [7, 6, 2, 7],
[0, 6, 8, 10], [8, 9, 5, 5], [4, 1, 5, 3], [5, 1, 7, 2], [6, 4, 3, 2], [2, 10, 8, 3], [6, 8, 0, 2], [4, 1, 9, 2], [7, 5, 2, 5], [1, 5, 8, 5],
[7, 0, 7, 1], [1, 1, 1, 6], [6, 3, 6, 6], [2, 4, 10, 9], [1, 10, 9, 3], [9, 8, 4, 6], [0, 6, 9, 1], [9, 4, 4, 5], [5, 0, 4, 6], [2, 4, 10, 6],
[7, 6, 1, 7], [10, 0, 3, 9], [9, 2, 0, 5], [8, 4, 0, 8], [8, 7, 7, 6], [1, 9, 10, 6], [10, 3, 10, 10], [7, 10, 5, 3], [3, 4, 0, 0], [3, 3, 9, 1],
[3, 7, 6, 0], [9, 5, 8, 6], [10, 2, 0, 0], [1, 10, 4, 0], [2, 4, 8, 8], [1, 0, 0, 4], [4, 9, 4, 7], [0, 0, 6, 3], [8, 0, 4, 4], [3, 10, 9, 2],
[2, 9, 1, 3], [8, 5, 1, 8], [9, 9, 5, 10], [9, 6, 1, 0], [2, 5, 8, 0], [4, 1, 4, 10], [10, 6, 3, 2], [5, 1, 5, 7], [10, 6, 8, 5], [9, 9, 3, 8],
[5, 8, 5, 1], [1, 7, 2, 4], [10, 8, 4, 3], [7, 6, 2, 7], [1, 4, 9, 5], [5, 1, 10, 3], [5, 8, 8, 4], [4, 0, 1, 8], [9, 4, 9, 10], [9, 9, 1, 9],
[6, 4, 10, 3], [10, 2, 10, 10], [6, 6, 2, 9], [8, 1, 1, 2], [9, 10, 4, 1], [10, 3, 9, 6], [8, 7, 6, 6], [4, 5, 4, 10], [9, 2, 0, 7], [4, 8, 4, 8],
[4, 6, 6, 10], [7, 8, 10, 4], [5, 4, 3, 4], [7, 1, 0, 4], [6, 4, 9, 10], [9, 0, 8, 6], [2, 6, 0, 6], [2, 4, 1, 6], [8, 6, 3, 4], [1, 2, 6, 6]]
[1, 1, 1, 1, 1, 0.2, 0.2, 0.2, 0.2, 0.2,
0.2, 0.2, 0.2, 0.2, 0.2, 0.2, 0.2, 0.2, 0.2, 0.2,
0.2, 0.2, 0.2, 0.2, 0.2, 0.2, 0.2, 0.2, 0.2, 0.2,
0.04, 0.04, 0.04, 0.04, 0.04, 0.04, 0.04, 0.04, 0.04, 0.04,
0.04, 0.04, 0.04, 0.04, 0.04, 0.04, 0.04, 0.04, 0.04, 0.04,
0.04, 0.04, 0.04, 0.04, 0.04, 0.008, 0.008, 0.008, 0.008, 0.008,
0.008, 0.008, 0.008, 0.008, 0.008, 0.008, 0.008, 0.008, 0.008, 0.008,
0.008, 0.008, 0.008, 0.008, 0.008, 0.008, 0.008, 0.008, 0.008, 0.008,
0.0016, 0.0016, 0.0016, 0.0016, 0.0016, 0.0016, 0.0016, 0.0016, 0.0016, 0.0016,
0.0016, 0.0016, 0.0016, 0.0016, 0.0016, 0.0016, 0.0016, 0.0016, 0.0016, 0.0016,
0.0016, 0.0016, 0.0016, 0.0016, 0.0016, 0.00032, 0.00032, 0.00032, 0.00032, 0.00032,
0.00032, 0.00032, 0.00032, 0.00032, 0.00032, 0.00032, 0.00032, 0.00032, 0.00032, 0.00032,
0.00032, 0.00032, 0.00032, 0.00032, 0.00032, 0.00032, 0.00032, 0.00032, 0.00032, 0.00032,
6.4e-05, 6.4e-05, 6.4e-05, 6.4e-05, 6.4e-05, 6.4e-05, 6.4e-05, 6.4e-05, 6.4e-05, 6.4e-05,
6.4e-05, 6.4e-05, 6.4e-05, 6.4e-05, 6.4e-05, 6.4e-05, 6.4e-05, 6.4e-05, 6.4e-05, 6.4e-05,
6.4e-05, 6.4e-05, 6.4e-05, 6.4e-05, 6.4e-05, 1.28e-05, 1.28e-05, 1.28e-05, 1.28e-05, 1.28e-05,
1.28e-05, 1.28e-05, 1.28e-05, 1.28e-05, 1.28e-05, 1.28e-05, 1.28e-05, 1.28e-05, 1.28e-05, 1.28e-05,
1.28e-05, 1.28e-05, 1.28e-05, 1.28e-05, 1.28e-05, 1.28e-05, 1.28e-05, 1.28e-05, 1.28e-05, 1.28e-05]
[0, 4, 5, 5, 0, 0, 7, 5, 9, 8,
8, 9, 1, 10, 7, 9, 3, 8, 7, 9,
9, 7, 0, 10, 0, 8, 3, 3, 0, 0,
10, 2, 7, 7, 8, 6, 1, 9, 0, 9,
4, 4, 10, 8, 5, 3, 4, 5, 0, 2,
2, 10, 7, 1, 5, 3, 2, 2, 0, 9,
5, 10, 5, 6, 1, 8, 3, 0, 5, 2,
9, 3, 0, 2, 3, 5, 0, 3, 4, 4,
4, 4, 9, 3, 5, 9, 9, 3, 6, 7,
2, 5, 2, 3, 5, 10, 7, 3, 9, 6,
10, 6, 5, 5, 0, 7, 2, 1, 7, 9,
9, 7, 2, 0, 4, 1, 7, 10, 1, 10,
5, 1, 5, 7, 3, 9, 2, 5, 3, 0,
7, 7, 4, 3, 9, 3, 6, 6, 3, 1,
7, 4, 1, 0, 10, 8, 8, 8, 7, 4,
0, 5, 8, 6, 8, 3, 2, 0, 3, 5,
7, 6, 3, 3, 1, 2, 1, 7, 2, 6,
5, 2, 3, 7, 10, 4, 2, 7, 10, 4]
------------------------------------------------------- 
# stage = 8	# children c = 5	length of each stage p = 5	nodes = 179	# items I = 1
