[9, 44, 65, 46, 33, 74, 6, 48, 51, 66,
95, 53, 49, 92, 62, 100, 58, 69, 64, 64,
92, 26, 64, 46, 29, 7, 95, 23, 10, 7,
70, 19, 17, 34, 31, 17, 7, 37, 65, 58,
2, 25, 78, 17, 17, 39, 83, 41, 7, 46,
72, 65, 38, 35, 77, 68, 9, 71, 57, 19,
45, 26, 4, 28, 60, 35, 45, 33, 38, 76,
58, 6]
[[806, 1011, 802], [617, 389, 928], [796, 93, 1046], [973, 209, 931], [76, 933, 273], [128, 949, 799], [396, 28, 1006], [332, 891, 361], [759, 850, 605], [6, 613, 370],
[987, 355, 318], [1045, 228, 1027], [910, 1024, 56], [892, 190, 586], [15, 266, 455], [608, 394, 660], [343, 47, 689], [285, 379, 516], [967, 74, 622], [508, 400, 491],
[135, 324, 103], [453, 305, 331], [736, 151, 612], [48, 299, 802], [634, 634, 324], [346, 178, 1039], [1006, 842, 22], [631, 63, 401], [404, 286, 795], [282, 51, 132],
[774, 186, 456], [877, 959, 17], [464, 631, 489], [332, 999, 788], [70, 570, 359], [715, 172, 857], [690, 114, 635], [712, 2, 1019], [369, 406, 241], [100, 1008, 292],
[552, 718, 478], [264, 851, 373], [282, 252, 260], [771, 584, 196], [815, 975, 22], [430, 946, 194], [224, 572, 628], [115, 220, 630], [70, 909, 292], [632, 265, 237],
[924, 818, 211], [659, 338, 1063], [288, 940, 571], [869, 967, 411], [321, 719, 642], [343, 405, 524], [857, 949, 32], [421, 1, 572], [1052, 71, 417], [600, 1023, 1003],
[837, 884, 757], [1049, 799, 351], [304, 343, 228], [131, 148, 451], [542, 469, 426], [441, 68, 832], [965, 925, 717], [254, 283, 718], [82, 591, 46], [820, 127, 5],
[759, 221, 145], [772, 526, 200]]
[[9, 6, 6, 1], [6, 1, 7, 0], [1, 3, 7, 2], [7, 8, 5, 3], [6, 9, 6, 1], [0, 10, 5, 6], [9, 0, 6, 4], [3, 3, 9, 10], [9, 4, 0, 2], [3, 5, 2, 4],
[9, 8, 6, 3], [3, 0, 4, 9], [7, 10, 0, 7], [7, 5, 0, 3], [3, 7, 7, 4], [10, 5, 3, 7], [7, 1, 9, 10], [7, 10, 1, 3], [7, 6, 6, 10], [6, 10, 6, 1],
[7, 6, 8, 3], [9, 7, 6, 0], [3, 2, 4, 0], [7, 6, 7, 3], [5, 4, 0, 1], [1, 1, 2, 8], [7, 8, 5, 1], [5, 0, 2, 1], [5, 8, 2, 1], [4, 8, 1, 5],
[10, 4, 6, 4], [8, 2, 5, 2], [4, 5, 2, 5], [5, 4, 0, 1], [0, 3, 0, 5], [2, 2, 5, 5], [9, 7, 6, 2], [5, 8, 8, 2], [10, 1, 5, 7], [1, 8, 7, 6],
[1, 9, 9, 6], [3, 8, 5, 3], [9, 4, 6, 0], [6, 9, 5, 2], [6, 1, 3, 9], [7, 9, 9, 4], [10, 3, 0, 0], [10, 7, 4, 0], [6, 3, 4, 7], [9, 9, 8, 7],
[2, 1, 8, 7], [0, 0, 9, 6], [1, 10, 4, 6], [8, 0, 10, 7], [2, 8, 8, 1], [3, 1, 1, 7], [2, 5, 3, 0], [1, 9, 8, 2], [10, 3, 9, 10], [3, 5, 3, 3],
[3, 5, 7, 0], [6, 7, 8, 8], [2, 5, 9, 5], [4, 8, 10, 7], [2, 0, 5, 1], [9, 0, 3, 7], [3, 10, 6, 5], [3, 10, 8, 6], [2, 4, 6, 8], [9, 3, 5, 1],
[6, 1, 4, 9], [9, 4, 3, 0]]
[1, 1, 0.2, 0.2, 0.2, 0.2, 0.2, 0.2, 0.2, 0.2,
0.2, 0.2, 0.04, 0.04, 0.04, 0.04, 0.04, 0.04, 0.04, 0.04,
0.04, 0.04, 0.008, 0.008, 0.008, 0.008, 0.008, 0.008, 0.008, 0.008,
0.008, 0.008, 0.0016, 0.0016, 0.0016, 0.0016, 0.0016, 0.0016, 0.0016, 0.0016,
0.0016, 0.0016, 0.00032, 0.00032, 0.00032, 0.00032, 0.00032, 0.00032, 0.00032, 0.00032,
0.00032, 0.00032, 6.4e-05, 6.4e-05, 6.4e-05, 6.4e-05, 6.4e-05, 6.4e-05, 6.4e-05, 6.4e-05,
6.4e-05, 6.4e-05, 1.28e-05, 1.28e-05, 1.28e-05, 1.28e-05, 1.28e-05, 1.28e-05, 1.28e-05, 1.28e-05,
1.28e-05, 1.28e-05]
[8, 1, 4, 11, 15, 0, 14, 3, 19, 4,
7, 11, 9, 16, 4, 13, 3, 1, 21, 9,
17, 0, 12, 7, 1, 13, 10, 15, 15, 17,
17, 4, 21, 1, 14, 9, 19, 15, 7, 14,
11, 17, 3, 13, 16, 10, 15, 7, 17, 9,
16, 16, 0, 16, 10, 16, 9, 15, 20, 3,
13, 2, 3, 17, 16, 4, 17, 19, 8, 1,
19, 12]
------------------------------------------------------- 
# stage = 8	# children c = 5	length of each stage p = 2	nodes = 71	# items I = 1
