[93, 21, 72, 88, 94, 73, 1, 4, 41, 14,
85, 95, 38, 51, 36, 33, 5, 54, 62, 38,
24, 65, 16, 19, 22, 18, 2, 91, 98, 69,
80, 56, 90, 18, 9, 83, 91, 11, 53, 98,
92, 37, 92, 29]
[[743, 823, 549], [576, 365, 407], [705, 473, 721], [156, 582, 27], [230, 731, 577], [104, 312, 381], [971, 739, 520], [254, 580, 338], [636, 31, 95], [653, 463, 512],
[195, 769, 898], [307, 907, 253], [276, 602, 726], [997, 758, 871], [14, 988, 592], [592, 654, 466], [535, 178, 196], [46, 1004, 776], [956, 631, 369], [41, 846, 395],
[115, 32, 154], [3, 911, 51], [829, 177, 653], [107, 165, 973], [978, 751, 513], [123, 333, 157], [151, 431, 907], [347, 39, 902], [686, 995, 85], [617, 598, 931],
[2, 713, 525], [728, 279, 998], [779, 98, 166], [994, 777, 903], [957, 746, 644], [22, 431, 540], [180, 582, 971], [649, 492, 0], [103, 740, 557], [188, 347, 145],
[682, 922, 420], [769, 640, 261], [758, 982, 931], [924, 528, 699]]
[[7, 2, 5, 9], [0, 10, 3, 10], [9, 10, 5, 0], [10, 0, 5, 4], [6, 7, 7, 9], [7, 3, 7, 1], [0, 1, 6, 5], [5, 2, 2, 10], [5, 5, 8, 3], [4, 0, 2, 2],
[9, 5, 0, 6], [3, 5, 8, 9], [10, 3, 7, 5], [6, 3, 4, 6], [5, 8, 0, 8], [0, 0, 7, 3], [5, 2, 6, 7], [0, 6, 7, 9], [0, 5, 3, 4], [8, 0, 2, 8],
[3, 8, 0, 7], [0, 4, 2, 3], [2, 1, 9, 0], [10, 5, 3, 5], [5, 7, 10, 6], [0, 7, 4, 9], [1, 7, 2, 10], [6, 3, 5, 7], [0, 3, 4, 9], [7, 4, 0, 7],
[3, 9, 7, 3], [2, 8, 6, 7], [2, 3, 2, 2], [10, 5, 1, 10], [10, 1, 7, 5], [2, 1, 2, 2], [4, 4, 10, 9], [8, 10, 4, 10], [6, 9, 0, 8], [5, 4, 5, 7],
[7, 5, 10, 7], [10, 0, 4, 10], [10, 0, 2, 2], [10, 2, 2, 1]]
[1, 1, 0.333333, 0.333333, 0.333333, 0.333333, 0.333333, 0.333333, 0.111111, 0.111111,
0.111111, 0.111111, 0.111111, 0.111111, 0.037037, 0.037037, 0.037037, 0.037037, 0.037037, 0.037037,
0.0123457, 0.0123457, 0.0123457, 0.0123457, 0.0123457, 0.0123457, 0.00411523, 0.00411523, 0.00411523, 0.00411523,
0.00411523, 0.00411523, 0.00137174, 0.00137174, 0.00137174, 0.00137174, 0.00137174, 0.00137174, 0.000457247, 0.000457247,
0.000457247, 0.000457247, 0.000457247, 0.000457247]
[10, 3, 10, 10, 7, 2, 6, 2, 6, 4,
0, 9, 2, 0, 10, 7, 3, 10, 6, 1,
6, 9, 10, 9, 4, 9, 4, 3, 2, 7,
9, 8, 1, 8, 5, 7, 2, 10, 2, 3,
5, 9, 6, 3]
------------------------------------------------------- 
# stage = 8	# children c = 3	length of each stage p = 2	nodes = 43	# items I = 1
