[31, 26, 93, 44, 25, 46, 56, 25, 25, 20,
55, 100, 30, 5, 64, 40, 41, 12, 35, 61,
37, 12, 37, 69, 43, 96, 74, 91, 59, 68,
26, 57, 94, 19, 0, 86, 31, 56, 10, 56,
43, 32, 21, 39, 3, 86, 79, 44, 64, 13,
4, 1, 93, 7, 70, 1, 2, 43, 92, 28,
77, 18, 85, 37, 3, 85, 22, 34, 6, 99,
90, 49, 30, 78, 89, 34, 29, 33, 78, 93,
13, 49, 94, 5, 22, 29, 6, 25, 39, 99,
53, 15, 83, 3, 52, 86, 88, 74, 86, 94,
73, 41]
[[109, 45, 632], [363, 852, 308], [211, 557, 935], [628, 878, 938], [732, 485, 176], [319, 774, 534], [820, 419, 582], [452, 776, 676], [509, 392, 187], [233, 612, 863],
[50, 721, 908], [682, 151, 805], [57, 363, 430], [37, 58, 353], [43, 812, 838], [241, 177, 679], [798, 42, 143], [425, 517, 919], [169, 93, 378], [356, 326, 57],
[286, 399, 800], [240, 126, 19], [112, 206, 382], [542, 243, 462], [917, 286, 319], [822, 550, 496], [546, 393, 561], [711, 818, 123], [675, 54, 216], [121, 433, 564],
[178, 719, 8], [24, 4, 157], [43, 139, 363], [447, 681, 628], [931, 666, 937], [317, 533, 532], [836, 147, 925], [442, 858, 810], [565, 601, 887], [803, 722, 365],
[434, 922, 129], [465, 13, 156], [622, 78, 295], [52, 547, 43], [680, 523, 731], [684, 841, 332], [261, 722, 479], [253, 231, 404], [131, 818, 50], [63, 666, 794],
[450, 167, 762], [579, 632, 775], [757, 321, 876], [119, 373, 468], [163, 121, 37], [916, 805, 900], [293, 134, 689], [794, 387, 920], [266, 540, 783], [338, 603, 516],
[178, 98, 705], [7, 700, 383], [804, 524, 704], [725, 644, 145], [239, 829, 266], [298, 790, 138], [265, 129, 272], [954, 945, 682], [941, 256, 267], [791, 595, 893],
[374, 795, 58], [124, 802, 758], [529, 673, 350], [301, 444, 39], [446, 705, 868], [734, 70, 703], [872, 335, 854], [190, 356, 867], [872, 364, 168], [206, 200, 785],
[144, 596, 625], [203, 720, 494], [28, 317, 213], [378, 618, 679], [439, 131, 429], [352, 865, 521], [101, 782, 856], [22, 39, 279], [889, 933, 643], [125, 185, 843],
[910, 351, 484], [603, 576, 271], [142, 627, 588], [377, 50, 273], [101, 490, 404], [552, 864, 314], [140, 32, 164], [41, 55, 225], [320, 11, 226], [8, 136, 411],
[873, 92, 784], [424, 717, 406]]
[[5, 8, 6, 3], [10, 8, 7, 7], [1, 4, 2, 1], [8, 10, 7, 2], [10, 0, 1, 7], [8, 3, 7, 4], [5, 7, 2, 7], [0, 5, 6, 3], [1, 0, 6, 0], [8, 0, 7, 7],
[3, 7, 7, 9], [7, 3, 0, 4], [3, 1, 1, 0], [4, 6, 2, 7], [1, 5, 3, 10], [8, 10, 2, 9], [10, 8, 8, 5], [6, 4, 0, 9], [10, 7, 8, 4], [10, 8, 8, 0],
[10, 7, 9, 1], [1, 1, 7, 2], [4, 10, 10, 1], [7, 1, 9, 4], [7, 6, 8, 2], [8, 8, 1, 5], [4, 9, 9, 1], [6, 5, 1, 3], [10, 10, 3, 9], [9, 10, 9, 2],
[7, 8, 2, 4], [9, 9, 6, 5], [4, 3, 8, 10], [0, 7, 5, 2], [5, 1, 1, 9], [6, 2, 0, 4], [0, 1, 2, 9], [0, 1, 10, 5], [9, 10, 7, 6], [8, 3, 9, 10],
[6, 4, 9, 5], [0, 3, 5, 3], [5, 7, 0, 9], [7, 0, 0, 7], [1, 3, 4, 10], [2, 1, 2, 9], [0, 10, 4, 8], [0, 1, 5, 6], [5, 3, 9, 6], [7, 2, 7, 10],
[9, 7, 6, 5], [5, 7, 0, 4], [8, 4, 1, 10], [5, 4, 8, 5], [3, 0, 0, 3], [10, 3, 7, 4], [6, 4, 8, 0], [6, 5, 8, 4], [1, 4, 7, 7], [0, 7, 0, 8],
[0, 2, 5, 3], [4, 2, 6, 5], [0, 4, 6, 10], [7, 0, 2, 3], [4, 10, 1, 8], [4, 10, 10, 4], [3, 7, 9, 3], [1, 7, 9, 2], [9, 3, 3, 0], [3, 10, 5, 2],
[3, 0, 1, 9], [1, 1, 1, 3], [1, 2, 1, 3], [1, 0, 7, 2], [5, 3, 5, 7], [0, 1, 9, 7], [4, 10, 8, 8], [9, 2, 8, 0], [1, 9, 9, 2], [0, 8, 5, 10],
[8, 4, 2, 8], [5, 8, 10, 10], [0, 3, 6, 0], [4, 2, 8, 7], [0, 3, 2, 9], [3, 10, 7, 4], [8, 5, 4, 6], [0, 8, 3, 9], [1, 6, 6, 4], [1, 5, 2, 1],
[6, 6, 0, 0], [9, 6, 7, 7], [9, 9, 5, 1], [8, 0, 4, 3], [5, 8, 8, 4], [5, 0, 2, 5], [4, 6, 9, 3], [9, 0, 5, 5], [7, 3, 5, 3], [9, 10, 10, 5],
[6, 2, 6, 3], [2, 10, 4, 6]]
[1, 1, 1, 0.333333, 0.333333, 0.333333, 0.333333, 0.333333, 0.333333, 0.333333,
0.333333, 0.333333, 0.111111, 0.111111, 0.111111, 0.111111, 0.111111, 0.111111, 0.111111, 0.111111,
0.111111, 0.037037, 0.037037, 0.037037, 0.037037, 0.037037, 0.037037, 0.037037, 0.037037, 0.037037,
0.0123457, 0.0123457, 0.0123457, 0.0123457, 0.0123457, 0.0123457, 0.0123457, 0.0123457, 0.0123457, 0.00411523,
0.00411523, 0.00411523, 0.00411523, 0.00411523, 0.00411523, 0.00411523, 0.00411523, 0.00411523, 0.00137174, 0.00137174,
0.00137174, 0.00137174, 0.00137174, 0.00137174, 0.00137174, 0.00137174, 0.00137174, 0.000457247, 0.000457247, 0.000457247,
0.000457247, 0.000457247, 0.000457247, 0.000457247, 0.000457247, 0.000457247, 0.000152416, 0.000152416, 0.000152416, 0.000152416,
0.000152416, 0.000152416, 0.000152416, 0.000152416, 0.000152416, 5.08053e-05, 5.08053e-05, 5.08053e-05, 5.08053e-05, 5.08053e-05,
5.08053e-05, 5.08053e-05, 5.08053e-05, 5.08053e-05, 1.69351e-05, 1.69351e-05, 1.69351e-05, 1.69351e-05, 1.69351e-05, 1.69351e-05,
1.69351e-05, 1.69351e-05, 1.69351e-05, 5.64503e-06, 5.64503e-06, 5.64503e-06, 5.64503e-06, 5.64503e-06, 5.64503e-06, 5.64503e-06,
5.64503e-06, 5.64503e-06]
[1, 8, 5, 12, 8, 7, 17, 16, 16, 18,
2, 4, 12, 15, 7, 15, 6, 3, 12, 1,
4, 13, 9, 5, 10, 1, 2, 5, 11, 4,
15, 19, 6, 5, 10, 4, 14, 0, 6, 1,
1, 5, 12, 10, 15, 5, 17, 12, 19, 7,
15, 8, 0, 17, 18, 6, 13, 14, 15, 0,
3, 13, 2, 17, 7, 3, 7, 4, 16, 5,
12, 5, 15, 14, 8, 5, 3, 5, 8, 0,
18, 3, 11, 12, 13, 1, 0, 14, 1, 10,
18, 6, 18, 19, 17, 6, 19, 12, 1, 9,
5, 11]
------------------------------------------------------- 
# stage = 12	# children c = 3	length of each stage p = 3	nodes = 101	# items I = 1
