[47, 26, 29, 41, 24, 0, 67, 22, 83, 98,
30, 65, 92, 1, 21, 100, 12, 46, 76, 87,
83, 92, 2]
[[559, 256, 811], [546, 810, 204], [71, 53, 631], [109, 377, 773], [28, 416, 557], [793, 238, 658], [678, 158, 176], [852, 337, 799], [774, 730, 621], [851, 93, 337],
[198, 803, 593], [306, 496, 550], [510, 718, 603], [439, 827, 277], [359, 2, 843], [213, 92, 228], [19, 68, 536], [345, 67, 170], [291, 138, 197], [60, 136, 291],
[397, 334, 391], [287, 641, 184], [134, 298, 49]]
[[4, 6, 3, 6], [5, 5, 9, 4], [9, 10, 10, 0], [5, 10, 8, 0], [1, 9, 2, 6], [0, 0, 6, 0], [3, 2, 1, 8], [5, 6, 0, 7], [2, 1, 0, 5], [6, 10, 9, 4],
[7, 6, 2, 1], [3, 8, 10, 4], [6, 1, 10, 4], [1, 4, 5, 3], [4, 4, 0, 7], [8, 9, 3, 10], [8, 4, 2, 1], [1, 0, 3, 8], [4, 6, 7, 7], [3, 6, 10, 8],
[7, 7, 1, 6], [0, 4, 7, 5], [6, 5, 1, 2]]
[1, 0.5, 0.5, 0.25, 0.25, 0.125, 0.125, 0.0625, 0.0625, 0.03125,
0.03125, 0.015625, 0.015625, 0.0078125, 0.0078125, 0.00390625, 0.00390625, 0.00195312, 0.00195312, 0.000976562,
0.000976562, 0.000488281, 0.000488281]
[1, 0, 8, 7, 6, 7, 7, 8, 2, 5,
1, 1, 7, 7, 7, 2, 0, 8, 2, 4,
6, 0, 5]
------------------------------------------------------- 
# stage = 12	# children c = 2	length of each stage p = 1	nodes = 22	# items I = 1
