[53, 12, 98, 59, 4, 72, 88, 79, 74, 7,
29, 82, 49, 94, 8, 87, 18, 19, 2, 41,
1, 49, 45, 3, 97, 53, 76, 64, 54, 86,
96, 73, 99, 59]
[[493, 527, 423], [312, 9, 70], [208, 385, 21], [36, 741, 186], [527, 618, 252], [64, 171, 102], [668, 725, 57], [72, 303, 530], [485, 447, 839], [527, 752, 356],
[306, 505, 883], [730, 77, 892], [60, 463, 538], [81, 500, 539], [267, 287, 240], [698, 352, 589], [60, 280, 396], [295, 530, 877], [826, 97, 584], [7, 802, 597],
[364, 191, 184], [329, 181, 262], [482, 241, 725], [280, 500, 307], [819, 28, 773], [141, 904, 207], [730, 224, 665], [386, 519, 277], [523, 427, 553], [190, 435, 615],
[787, 59, 66], [53, 566, 247], [493, 130, 666], [479, 410, 427]]
[[1, 9, 9, 7], [0, 10, 5, 9], [9, 9, 1, 5], [3, 7, 6, 8], [6, 1, 1, 10], [1, 5, 0, 8], [6, 3, 4, 7], [5, 8, 5, 6], [6, 1, 0, 6], [0, 6, 5, 9],
[2, 4, 1, 3], [10, 5, 0, 5], [7, 0, 2, 8], [5, 3, 6, 10], [6, 8, 4, 9], [5, 7, 3, 0], [8, 3, 6, 7], [7, 9, 3, 8], [1, 5, 0, 0], [10, 1, 3, 6],
[1, 5, 4, 4], [8, 8, 1, 2], [3, 6, 9, 8], [0, 1, 6, 7], [5, 10, 3, 10], [7, 6, 7, 8], [0, 8, 6, 9], [7, 9, 2, 8], [1, 6, 10, 8], [1, 1, 8, 4],
[5, 6, 10, 3], [8, 5, 10, 0], [5, 2, 8, 1], [7, 5, 9, 5]]
[1, 0.333333, 0.333333, 0.333333, 0.111111, 0.111111, 0.111111, 0.037037, 0.037037, 0.037037,
0.0123457, 0.0123457, 0.0123457, 0.00411523, 0.00411523, 0.00411523, 0.00137174, 0.00137174, 0.00137174, 0.000457247,
0.000457247, 0.000457247, 0.000152416, 0.000152416, 0.000152416, 5.08053e-05, 5.08053e-05, 5.08053e-05, 1.69351e-05, 1.69351e-05,
1.69351e-05, 5.64503e-06, 5.64503e-06, 5.64503e-06]
[6, 7, 3, 4, 9, 4, 6, 8, 1, 7,
0, 6, 0, 2, 1, 1, 0, 7, 7, 0,
9, 0, 0, 7, 1, 1, 9, 3, 3, 2,
0, 4, 2, 5]
------------------------------------------------------- 
# stage = 12	# children c = 3	length of each stage p = 1	nodes = 33	# items I = 1
