[52, 8, 51, 46, 60, 36, 37, 88, 82, 73,
8, 34, 31, 64, 46, 22, 79, 5, 58, 29,
18, 40, 76, 37, 71, 74, 81, 73, 81, 84,
24, 99, 92, 75, 11, 17, 77, 48, 4, 59,
20, 13, 93, 17, 43, 4, 6, 22, 9, 64,
17, 95, 70, 93, 31, 7, 33, 78, 80, 13,
27, 3, 79, 18, 45, 90, 36, 21]
[[562, 176, 406], [454, 532, 786], [413, 916, 437], [600, 299, 744], [901, 42, 130], [977, 297, 210], [569, 403, 111], [30, 607, 828], [823, 700, 469], [117, 161, 389],
[519, 723, 566], [925, 153, 74], [687, 566, 991], [100, 143, 266], [845, 20, 309], [975, 997, 606], [161, 542, 1009], [272, 572, 593], [76, 371, 269], [545, 488, 430],
[935, 1007, 129], [477, 908, 282], [551, 572, 849], [518, 672, 992], [785, 493, 1012], [70, 444, 985], [676, 605, 504], [661, 877, 52], [230, 954, 424], [500, 475, 912],
[930, 386, 896], [36, 863, 780], [318, 391, 328], [143, 909, 1001], [111, 670, 470], [99, 740, 915], [61, 392, 496], [565, 30, 350], [617, 260, 280], [17, 760, 755],
[930, 667, 118], [802, 703, 981], [558, 1021, 348], [887, 141, 234], [864, 252, 904], [310, 352, 621], [201, 413, 1013], [698, 978, 19], [24, 571, 280], [304, 589, 16],
[35, 495, 683], [153, 273, 362], [111, 831, 360], [459, 694, 501], [693, 534, 753], [574, 845, 81], [171, 22, 494], [160, 720, 448], [180, 744, 1020], [460, 24, 585],
[476, 60, 56], [136, 213, 329], [498, 324, 136], [858, 784, 831], [335, 453, 341], [65, 3, 162], [146, 174, 185], [641, 335, 905]]
[[6, 10, 1, 6], [8, 2, 6, 8], [0, 6, 9, 9], [5, 1, 4, 6], [6, 1, 6, 7], [6, 3, 9, 5], [8, 9, 1, 1], [3, 0, 3, 7], [8, 5, 2, 4], [5, 8, 1, 3],
[1, 10, 2, 7], [0, 6, 2, 4], [6, 6, 10, 1], [9, 6, 6, 4], [4, 5, 5, 5], [5, 9, 1, 1], [1, 3, 5, 4], [10, 4, 8, 0], [3, 10, 5, 1], [3, 5, 3, 9],
[0, 2, 10, 10], [8, 6, 1, 1], [9, 7, 6, 4], [3, 5, 3, 2], [9, 8, 6, 8], [1, 3, 6, 2], [0, 10, 1, 4], [4, 4, 2, 5], [5, 0, 2, 2], [4, 1, 2, 2],
[8, 6, 4, 9], [1, 7, 0, 8], [2, 7, 3, 3], [10, 9, 3, 0], [8, 2, 2, 0], [7, 2, 5, 10], [2, 5, 10, 6], [6, 10, 9, 2], [6, 2, 0, 5], [8, 10, 2, 10],
[6, 5, 1, 3], [1, 4, 1, 8], [7, 3, 8, 1], [4, 0, 9, 6], [3, 8, 2, 7], [8, 9, 9, 1], [9, 8, 6, 6], [7, 6, 6, 0], [9, 7, 1, 8], [9, 3, 5, 3],
[4, 0, 2, 8], [9, 0, 2, 1], [9, 4, 7, 4], [0, 5, 5, 9], [0, 9, 5, 5], [4, 0, 3, 2], [5, 5, 10, 3], [6, 3, 5, 8], [3, 7, 6, 0], [6, 6, 1, 2],
[10, 8, 6, 8], [1, 0, 6, 10], [7, 9, 3, 0], [9, 6, 2, 1], [9, 10, 3, 4], [2, 8, 2, 4], [2, 6, 4, 8], [1, 3, 10, 9]]
[1, 1, 0.333333, 0.333333, 0.333333, 0.333333, 0.333333, 0.333333, 0.111111, 0.111111,
0.111111, 0.111111, 0.111111, 0.111111, 0.037037, 0.037037, 0.037037, 0.037037, 0.037037, 0.037037,
0.0123457, 0.0123457, 0.0123457, 0.0123457, 0.0123457, 0.0123457, 0.00411523, 0.00411523, 0.00411523, 0.00411523,
0.00411523, 0.00411523, 0.00137174, 0.00137174, 0.00137174, 0.00137174, 0.00137174, 0.00137174, 0.000457247, 0.000457247,
0.000457247, 0.000457247, 0.000457247, 0.000457247, 0.000152416, 0.000152416, 0.000152416, 0.000152416, 0.000152416, 0.000152416,
5.08053e-05, 5.08053e-05, 5.08053e-05, 5.08053e-05, 5.08053e-05, 5.08053e-05, 1.69351e-05, 1.69351e-05, 1.69351e-05, 1.69351e-05,
1.69351e-05, 1.69351e-05, 5.64503e-06, 5.64503e-06, 5.64503e-06, 5.64503e-06, 5.64503e-06, 5.64503e-06]
[7, 19, 4, 0, 0, 7, 11, 11, 1, 7,
5, 14, 12, 16, 11, 20, 20, 14, 19, 8,
11, 6, 6, 7, 6, 4, 0, 15, 11, 6,
9, 17, 20, 8, 20, 10, 9, 7, 10, 0,
8, 5, 19, 20, 8, 10, 9, 2, 14, 20,
5, 20, 3, 7, 1, 7, 9, 16, 7, 17,
19, 9, 9, 11, 0, 11, 17, 15]
------------------------------------------------------- 
# stage = 12	# children c = 3	length of each stage p = 2	nodes = 67	# items I = 1
