[85, 43, 99, 62, 9, 56, 32, 83, 81, 49,
71, 58, 8, 87, 9, 6, 100, 58, 19, 3,
87, 8, 73, 58, 97, 10, 83, 18, 24, 1,
82, 75, 44, 46, 36, 53, 68, 34, 1, 48,
83, 39, 6, 57]
[[229, 1929, 683], [307, 218, 2276], [1251, 2395, 1803], [2225, 1378, 288], [1779, 763, 177], [1327, 1283, 1919], [466, 2202, 1825], [998, 1870, 1771], [1248, 955, 1985], [1569, 2371, 1324],
[445, 716, 1370], [1128, 1023, 1588], [986, 2274, 2099], [370, 2081, 1059], [1193, 1441, 1822], [1905, 884, 686], [1405, 1885, 1004], [811, 465, 456], [699, 2248, 1946], [265, 1399, 14],
[1589, 2379, 730], [540, 1088, 1753], [245, 2074, 1609], [2344, 560, 1806], [984, 2289, 1363], [388, 1775, 2247], [1609, 762, 1714], [195, 1573, 295], [651, 2272, 124], [713, 118, 2058],
[727, 2243, 2018], [1457, 899, 1223], [1326, 1144, 1413], [516, 1070, 1974], [438, 2054, 1844], [1801, 558, 1200], [1630, 2168, 78], [1460, 479, 1652], [1755, 1130, 2040], [2414, 2378, 275],
[170, 686, 99], [304, 259, 998], [1527, 1585, 2143], [522, 218, 1329]]
[[0, 4, 5, 8], [2, 0, 4, 2], [5, 7, 3, 0], [4, 1, 4, 8], [10, 9, 0, 10], [2, 9, 0, 9], [10, 6, 5, 0], [6, 2, 0, 6], [7, 3, 2, 9], [4, 4, 10, 7],
[0, 0, 7, 3], [2, 0, 0, 1], [7, 9, 0, 8], [8, 9, 6, 5], [3, 9, 5, 9], [10, 3, 5, 6], [7, 5, 2, 9], [9, 1, 5, 8], [2, 10, 0, 2], [8, 0, 1, 5],
[8, 1, 2, 5], [9, 6, 8, 1], [2, 0, 8, 1], [4, 0, 7, 9], [5, 8, 7, 4], [7, 10, 10, 7], [9, 10, 9, 4], [8, 10, 9, 5], [10, 9, 8, 6], [4, 5, 5, 5],
[6, 2, 6, 10], [3, 1, 6, 8], [9, 2, 10, 3], [10, 9, 0, 6], [6, 9, 10, 4], [7, 9, 9, 4], [5, 7, 10, 8], [1, 4, 2, 5], [4, 8, 4, 7], [9, 10, 3, 5],
[10, 2, 9, 7], [10, 9, 2, 5], [5, 2, 7, 10], [9, 6, 3, 1]]
[1, 1, 0.333333, 0.333333, 0.333333, 0.333333, 0.333333, 0.333333, 0.111111, 0.111111,
0.111111, 0.111111, 0.111111, 0.111111, 0.037037, 0.037037, 0.037037, 0.037037, 0.037037, 0.037037,
0.0123457, 0.0123457, 0.0123457, 0.0123457, 0.0123457, 0.0123457, 0.00411523, 0.00411523, 0.00411523, 0.00411523,
0.00411523, 0.00411523, 0.00137174, 0.00137174, 0.00137174, 0.00137174, 0.00137174, 0.00137174, 0.000457247, 0.000457247,
0.000457247, 0.000457247, 0.000457247, 0.000457247]
[11, 8, 11, 0, 7, 12, 1, 0, 2, 6,
8, 11, 11, 11, 7, 5, 10, 6, 9, 12,
7, 10, 7, 3, 4, 12, 6, 11, 12, 8,
4, 3, 3, 1, 6, 6, 1, 12, 4, 9,
2, 10, 10, 1]
------------------------------------------------------- 
# stage = 8	# children c = 3	length of each stage p = 2	nodes = 43	# items I = 1
