[63, 58, 5, 59, 72, 99, 46, 96, 43, 40,
63, 25, 49, 6, 63, 95, 86, 37, 66, 75,
43, 36, 5, 91, 94, 47, 36, 97, 94, 71,
78, 56, 95, 49, 81, 66, 47, 26, 27, 57,
33, 90, 82, 48]
[[820, 684, 290], [328, 67, 1640], [1613, 318, 810], [441, 398, 636], [1504, 1283, 782], [558, 5, 737], [372, 1603, 1571], [202, 271, 1285], [1037, 356, 555], [957, 990, 1539],
[548, 1038, 1451], [66, 1367, 1518], [33, 535, 1065], [72, 977, 1463], [708, 36, 301], [718, 594, 1207], [1456, 194, 365], [1354, 1297, 636], [195, 661, 220], [1651, 846, 1211],
[1518, 1395, 1477], [524, 1461, 1171], [1271, 723, 34], [663, 795, 239], [1354, 731, 275], [883, 678, 97], [417, 461, 1192], [782, 1043, 816], [1418, 1238, 705], [866, 1217, 1552],
[1305, 290, 1274], [1110, 814, 1062], [608, 412, 1013], [642, 303, 135], [881, 1657, 95], [384, 867, 773], [1382, 512, 462], [901, 1294, 1505], [44, 267, 299], [750, 1134, 744],
[629, 766, 1034], [230, 203, 1076], [520, 812, 717], [1534, 682, 1020]]
[[3, 0, 0, 0], [4, 8, 3, 5], [1, 7, 8, 8], [7, 10, 6, 6], [5, 2, 0, 5], [4, 5, 2, 5], [4, 10, 9, 0], [5, 9, 7, 8], [8, 7, 7, 1], [2, 8, 4, 4],
[4, 1, 1, 9], [10, 5, 2, 4], [7, 3, 9, 0], [6, 10, 6, 8], [9, 2, 9, 1], [1, 5, 8, 9], [0, 2, 8, 2], [10, 1, 4, 1], [1, 3, 0, 0], [8, 0, 4, 5],
[3, 1, 5, 7], [0, 9, 3, 7], [1, 10, 6, 0], [4, 3, 7, 2], [5, 4, 3, 2], [5, 7, 4, 6], [0, 2, 4, 8], [2, 9, 0, 4], [8, 6, 0, 6], [4, 1, 0, 5],
[0, 6, 5, 3], [8, 10, 5, 2], [3, 6, 3, 9], [1, 7, 2, 10], [9, 7, 5, 0], [3, 6, 4, 9], [1, 3, 4, 3], [4, 2, 9, 5], [6, 1, 6, 3], [1, 0, 4, 2],
[5, 7, 0, 6], [1, 1, 5, 10], [8, 8, 8, 0], [3, 2, 7, 4]]
[1, 1, 0.333333, 0.333333, 0.333333, 0.333333, 0.333333, 0.333333, 0.111111, 0.111111,
0.111111, 0.111111, 0.111111, 0.111111, 0.037037, 0.037037, 0.037037, 0.037037, 0.037037, 0.037037,
0.0123457, 0.0123457, 0.0123457, 0.0123457, 0.0123457, 0.0123457, 0.00411523, 0.00411523, 0.00411523, 0.00411523,
0.00411523, 0.00411523, 0.00137174, 0.00137174, 0.00137174, 0.00137174, 0.00137174, 0.00137174, 0.000457247, 0.000457247,
0.000457247, 0.000457247, 0.000457247, 0.000457247]
[4, 7, 8, 7, 8, 7, 3, 4, 0, 3,
1, 4, 8, 5, 6, 2, 0, 2, 5, 3,
6, 3, 1, 6, 2, 6, 3, 4, 8, 1,
6, 5, 0, 4, 3, 7, 5, 8, 3, 3,
2, 0, 0, 7]
------------------------------------------------------- 
# stage = 8	# children c = 3	length of each stage p = 2	nodes = 43	# items I = 1
