[54, 22, 46, 36, 21, 36, 42, 87, 18, 40,
70, 24, 53, 92, 78, 97, 77, 2, 44, 58,
83, 57, 84, 25, 97, 5, 31, 12, 35, 86,
36, 89, 7, 48, 91, 95, 84, 33, 81, 68,
39, 50, 93, 59, 42, 36, 55, 85, 38, 65,
8, 21, 89, 92, 12, 85, 97, 9, 63, 31,
95, 99, 87, 68, 12, 77, 29, 96, 76, 9,
63, 82, 26, 21, 40, 34, 57, 61, 18, 62,
25, 26, 83, 13, 17, 61, 64, 13, 37, 26,
11, 31, 91, 98, 66, 2, 40, 95, 64, 83,
70, 27]
[[387, 509, 626], [637, 700, 843], [687, 591, 407], [906, 492, 574], [474, 902, 709], [827, 181, 175], [306, 565, 795], [927, 605, 103], [209, 73, 770], [228, 285, 130],
[274, 672, 250], [511, 920, 561], [2, 256, 764], [409, 199, 293], [594, 285, 232], [340, 149, 24], [126, 66, 589], [921, 30, 231], [61, 813, 878], [442, 652, 200],
[572, 926, 483], [434, 85, 52], [32, 87, 308], [407, 107, 118], [700, 701, 403], [543, 652, 552], [567, 778, 618], [767, 347, 259], [609, 19, 109], [525, 461, 761],
[336, 645, 335], [820, 116, 420], [872, 722, 118], [217, 167, 225], [909, 867, 537], [350, 59, 226], [902, 626, 615], [169, 42, 962], [428, 651, 592], [149, 787, 91],
[910, 161, 736], [857, 18, 463], [314, 501, 796], [433, 329, 0], [269, 275, 479], [807, 625, 538], [70, 176, 775], [297, 919, 817], [296, 384, 506], [889, 533, 330],
[591, 92, 102], [938, 560, 120], [438, 874, 232], [271, 918, 561], [846, 225, 837], [362, 69, 110], [511, 713, 860], [323, 47, 816], [752, 344, 812], [869, 844, 956],
[810, 83, 85], [913, 58, 645], [70, 496, 168], [303, 378, 123], [475, 261, 348], [923, 234, 28], [71, 356, 742], [542, 680, 789], [396, 80, 744], [245, 949, 236],
[812, 796, 319], [898, 746, 377], [191, 428, 484], [933, 342, 474], [668, 817, 735], [53, 778, 581], [656, 460, 937], [435, 613, 265], [835, 46, 345], [617, 865, 331],
[853, 715, 739], [210, 261, 522], [198, 63, 950], [683, 608, 903], [768, 313, 758], [540, 940, 184], [732, 633, 255], [707, 679, 868], [583, 552, 526], [929, 206, 39],
[871, 670, 365], [647, 491, 237], [781, 690, 875], [768, 21, 520], [709, 789, 833], [115, 940, 421], [873, 321, 92], [165, 639, 382], [644, 259, 934], [781, 799, 751],
[821, 708, 459], [797, 3, 950]]
[[6, 0, 6, 9], [9, 3, 8, 0], [1, 1, 4, 6], [2, 10, 6, 2], [0, 5, 6, 2], [1, 5, 4, 2], [7, 5, 5, 8], [1, 3, 2, 5], [4, 7, 1, 0], [8, 9, 1, 9],
[9, 3, 4, 0], [3, 8, 0, 1], [3, 6, 1, 4], [1, 5, 4, 6], [10, 7, 3, 10], [10, 4, 2, 1], [9, 4, 2, 6], [2, 1, 4, 9], [4, 6, 7, 5], [1, 8, 4, 4],
[3, 5, 6, 2], [8, 8, 6, 8], [4, 8, 5, 4], [10, 7, 5, 8], [9, 5, 1, 10], [4, 3, 8, 9], [9, 5, 1, 10], [0, 4, 2, 1], [9, 6, 4, 5], [4, 8, 0, 8],
[3, 5, 10, 2], [10, 3, 8, 9], [8, 9, 8, 2], [1, 3, 9, 8], [6, 8, 6, 6], [1, 6, 8, 9], [1, 10, 3, 3], [5, 3, 10, 9], [6, 9, 9, 5], [1, 5, 1, 8],
[3, 7, 8, 3], [0, 4, 9, 6], [1, 4, 2, 3], [10, 8, 10, 10], [7, 0, 2, 10], [3, 1, 8, 9], [0, 5, 1, 10], [10, 3, 5, 0], [8, 2, 1, 8], [6, 0, 2, 6],
[2, 2, 7, 2], [10, 6, 1, 4], [6, 1, 3, 7], [3, 10, 3, 1], [4, 4, 9, 3], [5, 4, 3, 3], [6, 3, 9, 0], [3, 0, 6, 5], [2, 2, 5, 10], [6, 4, 3, 10],
[6, 5, 6, 7], [4, 9, 8, 6], [0, 6, 9, 4], [8, 10, 5, 2], [2, 1, 2, 3], [0, 6, 7, 0], [6, 10, 0, 10], [4, 1, 9, 8], [4, 2, 4, 8], [9, 10, 3, 7],
[3, 10, 9, 1], [8, 3, 3, 8], [3, 3, 10, 3], [7, 6, 3, 0], [5, 1, 10, 7], [1, 6, 2, 5], [8, 4, 1, 6], [3, 2, 2, 5], [2, 1, 4, 8], [2, 7, 3, 3],
[8, 2, 6, 2], [6, 8, 2, 1], [7, 10, 6, 8], [5, 9, 1, 2], [2, 2, 8, 4], [4, 8, 9, 4], [9, 2, 1, 10], [7, 3, 2, 2], [5, 7, 4, 1], [2, 6, 0, 9],
[5, 6, 5, 10], [4, 6, 10, 5], [8, 7, 9, 1], [2, 7, 4, 10], [9, 3, 9, 3], [6, 9, 5, 1], [5, 9, 0, 5], [4, 0, 2, 7], [4, 7, 4, 9], [2, 3, 3, 8],
[8, 1, 7, 10], [6, 0, 9, 4]]
[1, 1, 1, 0.333333, 0.333333, 0.333333, 0.333333, 0.333333, 0.333333, 0.333333,
0.333333, 0.333333, 0.111111, 0.111111, 0.111111, 0.111111, 0.111111, 0.111111, 0.111111, 0.111111,
0.111111, 0.037037, 0.037037, 0.037037, 0.037037, 0.037037, 0.037037, 0.037037, 0.037037, 0.037037,
0.0123457, 0.0123457, 0.0123457, 0.0123457, 0.0123457, 0.0123457, 0.0123457, 0.0123457, 0.0123457, 0.00411523,
0.00411523, 0.00411523, 0.00411523, 0.00411523, 0.00411523, 0.00411523, 0.00411523, 0.00411523, 0.00137174, 0.00137174,
0.00137174, 0.00137174, 0.00137174, 0.00137174, 0.00137174, 0.00137174, 0.00137174, 0.000457247, 0.000457247, 0.000457247,
0.000457247, 0.000457247, 0.000457247, 0.000457247, 0.000457247, 0.000457247, 0.000152416, 0.000152416, 0.000152416, 0.000152416,
0.000152416, 0.000152416, 0.000152416, 0.000152416, 0.000152416, 5.08053e-05, 5.08053e-05, 5.08053e-05, 5.08053e-05, 5.08053e-05,
5.08053e-05, 5.08053e-05, 5.08053e-05, 5.08053e-05, 1.69351e-05, 1.69351e-05, 1.69351e-05, 1.69351e-05, 1.69351e-05, 1.69351e-05,
1.69351e-05, 1.69351e-05, 1.69351e-05, 5.64503e-06, 5.64503e-06, 5.64503e-06, 5.64503e-06, 5.64503e-06, 5.64503e-06, 5.64503e-06,
5.64503e-06, 5.64503e-06]
[4, 7, 2, 2, 1, 4, 3, 1, 0, 7,
0, 9, 1, 3, 5, 9, 7, 1, 2, 8,
0, 2, 5, 2, 5, 7, 3, 0, 2, 0,
9, 8, 0, 0, 6, 8, 0, 1, 9, 4,
4, 5, 4, 6, 0, 6, 6, 8, 7, 0,
6, 1, 2, 7, 7, 1, 8, 4, 3, 1,
7, 4, 4, 3, 2, 9, 6, 0, 7, 2,
0, 0, 3, 3, 9, 1, 4, 3, 2, 3,
5, 7, 9, 2, 5, 4, 2, 7, 3, 4,
9, 0, 5, 5, 5, 5, 5, 2, 2, 4,
5, 8]
------------------------------------------------------- 
# stage = 12	# children c = 3	length of each stage p = 3	nodes = 101	# items I = 1
