[3, 49, 69, 23, 14, 60, 10, 63, 43, 43,
22, 1, 33, 86, 84, 60, 41, 11, 37, 72,
89, 90, 62, 0, 45, 36, 12, 82, 3, 74,
45, 6, 23, 13, 29, 37, 39, 5, 66, 48,
14, 88, 15, 48, 39, 100, 74, 46, 10, 10,
84, 99]
[[71, 498, 231], [921, 662, 201], [730, 495, 360], [135, 53, 165], [336, 908, 367], [860, 646, 812], [479, 156, 77], [42, 663, 632], [610, 611, 316], [537, 410, 433],
[800, 481, 810], [911, 338, 409], [169, 125, 783], [408, 260, 836], [452, 475, 681], [820, 392, 384], [568, 872, 419], [645, 793, 18], [214, 460, 509], [409, 54, 919],
[842, 734, 336], [589, 702, 674], [55, 750, 800], [838, 215, 939], [610, 546, 472], [227, 423, 743], [612, 48, 672], [910, 573, 401], [929, 787, 862], [495, 253, 795],
[471, 31, 586], [686, 620, 345], [417, 554, 152], [153, 328, 246], [29, 818, 672], [501, 102, 152], [301, 714, 80], [853, 561, 653], [190, 547, 376], [109, 921, 629],
[784, 449, 660], [427, 192, 217], [652, 488, 771], [683, 642, 36], [809, 671, 854], [538, 108, 13], [569, 288, 607], [649, 77, 225], [238, 268, 651], [614, 256, 629],
[179, 97, 14], [719, 404, 85]]
[[9, 10, 7, 9], [10, 0, 0, 2], [0, 6, 2, 0], [6, 2, 2, 10], [0, 0, 4, 8], [4, 5, 9, 7], [2, 7, 6, 5], [3, 2, 10, 1], [1, 4, 8, 10], [4, 7, 1, 3],
[2, 1, 1, 8], [1, 2, 8, 2], [2, 10, 10, 6], [2, 6, 2, 5], [0, 7, 8, 3], [9, 6, 2, 8], [10, 10, 7, 2], [6, 6, 3, 9], [8, 4, 6, 9], [6, 1, 9, 6],
[9, 6, 2, 10], [1, 2, 4, 10], [9, 10, 0, 5], [5, 2, 3, 5], [2, 8, 5, 6], [4, 8, 4, 10], [10, 9, 8, 4], [8, 5, 10, 7], [0, 10, 6, 0], [2, 8, 10, 9],
[7, 0, 4, 0], [0, 5, 3, 2], [0, 8, 7, 4], [3, 9, 1, 0], [7, 8, 4, 3], [2, 2, 10, 2], [1, 3, 2, 1], [9, 0, 0, 5], [9, 2, 3, 9], [5, 6, 10, 5],
[3, 6, 8, 4], [4, 9, 5, 10], [6, 7, 2, 8], [9, 10, 9, 9], [0, 9, 8, 9], [9, 6, 1, 7], [8, 5, 4, 0], [0, 3, 6, 2], [7, 3, 6, 0], [10, 9, 8, 4],
[6, 8, 1, 2], [5, 8, 0, 5]]
[1, 1, 0.2, 0.2, 0.2, 0.2, 0.2, 0.2, 0.2, 0.2,
0.2, 0.2, 0.04, 0.04, 0.04, 0.04, 0.04, 0.04, 0.04, 0.04,
0.04, 0.04, 0.008, 0.008, 0.008, 0.008, 0.008, 0.008, 0.008, 0.008,
0.008, 0.008, 0.0016, 0.0016, 0.0016, 0.0016, 0.0016, 0.0016, 0.0016, 0.0016,
0.0016, 0.0016, 0.00032, 0.00032, 0.00032, 0.00032, 0.00032, 0.00032, 0.00032, 0.00032,
0.00032, 0.00032]
[4, 8, 2, 8, 6, 3, 4, 6, 6, 5,
7, 5, 5, 1, 2, 5, 1, 5, 4, 0,
1, 5, 1, 1, 2, 3, 8, 1, 0, 6,
5, 3, 8, 5, 6, 9, 3, 6, 8, 8,
6, 2, 1, 1, 0, 8, 4, 6, 4, 9,
9, 9]
------------------------------------------------------- 
# stage = 6	# children c = 5	length of each stage p = 2	nodes = 51	# items I = 1
