[80, 42, 92, 25, 29, 86, 21, 35, 26, 67,
22, 33, 32, 65, 92, 21, 95, 100, 34, 62,
9, 12, 93]
[[436, 242, 329], [202, 824, 727], [918, 644, 859], [149, 358, 245], [195, 675, 589], [898, 266, 114], [813, 371, 542], [911, 969, 838], [952, 71, 120], [773, 128, 120],
[485, 618, 362], [815, 875, 213], [515, 820, 912], [347, 969, 243], [646, 138, 972], [208, 9, 211], [376, 877, 637], [972, 815, 579], [783, 740, 704], [957, 486, 832],
[50, 1026, 478], [466, 814, 326], [734, 356, 119]]
[[8, 6, 8, 2], [7, 5, 6, 4], [5, 0, 9, 1], [5, 6, 8, 1], [6, 2, 6, 8], [10, 10, 4, 7], [3, 7, 10, 3], [8, 8, 3, 5], [3, 0, 6, 10], [6, 1, 1, 9],
[1, 9, 0, 6], [4, 6, 5, 8], [9, 9, 3, 6], [7, 7, 2, 8], [1, 10, 0, 9], [7, 3, 1, 9], [2, 7, 6, 8], [8, 6, 6, 7], [4, 4, 1, 6], [9, 6, 3, 7],
[3, 4, 2, 10], [0, 2, 7, 1], [2, 6, 8, 7]]
[1, 0.5, 0.5, 0.25, 0.25, 0.125, 0.125, 0.0625, 0.0625, 0.03125,
0.03125, 0.015625, 0.015625, 0.0078125, 0.0078125, 0.00390625, 0.00390625, 0.00195312, 0.00195312, 0.000976562,
0.000976562, 0.000488281, 0.000488281]
[2, 10, 8, 0, 3, 6, 10, 2, 7, 7,
6, 6, 8, 7, 4, 7, 1, 6, 6, 0,
1, 2, 6]
------------------------------------------------------- 
# stage = 12	# children c = 2	length of each stage p = 1	nodes = 22	# items I = 1
