[44, 3, 69, 74, 2, 12, 60, 41, 62, 25,
9, 15, 45, 28, 22, 50, 56, 0, 81, 23,
96, 50, 22]
[[1467, 1389, 198], [1000, 468, 873], [1982, 79, 1668], [754, 1360, 878], [1403, 1983, 46], [525, 1325, 517], [1534, 1647, 1690], [394, 117, 256], [623, 1737, 20], [490, 1900, 408],
[316, 791, 1465], [515, 1792, 1602], [1388, 1198, 1681], [480, 1620, 466], [1358, 447, 2117], [1073, 973, 1198], [1590, 263, 601], [1036, 657, 719], [960, 948, 2124], [980, 1106, 1449],
[1056, 1422, 2240], [2190, 1605, 1788], [1548, 417, 411]]
[[7, 3, 2, 10], [4, 5, 3, 5], [8, 5, 2, 7], [5, 2, 8, 5], [7, 0, 8, 10], [4, 5, 7, 8], [8, 0, 0, 4], [9, 2, 0, 5], [5, 2, 2, 7], [7, 6, 1, 2],
[9, 1, 7, 3], [1, 4, 6, 9], [5, 1, 8, 7], [6, 2, 5, 4], [1, 3, 8, 8], [5, 6, 0, 9], [8, 3, 5, 3], [9, 5, 5, 5], [4, 0, 8, 4], [4, 4, 0, 9],
[5, 6, 4, 1], [7, 9, 3, 8], [1, 9, 3, 4]]
[1, 0.5, 0.5, 0.25, 0.25, 0.125, 0.125, 0.0625, 0.0625, 0.03125,
0.03125, 0.015625, 0.015625, 0.0078125, 0.0078125, 0.00390625, 0.00390625, 0.00195312, 0.00195312, 0.000976562,
0.000976562, 0.000488281, 0.000488281]
[5, 14, 10, 21, 17, 3, 1, 11, 0, 5,
8, 16, 16, 11, 9, 9, 7, 0, 21, 17,
3, 4, 18]
------------------------------------------------------- 
# stage = 12	# children c = 2	length of each stage p = 1	nodes = 22	# items I = 1
