[68, 81, 35, 27, 50, 50, 69, 95, 95, 1,
88, 38, 29, 61, 15, 35, 52, 1, 79, 92,
41, 68, 85, 89, 93, 93, 39, 56, 4, 53,
7, 38, 100, 42, 31, 49, 93, 100, 9, 53,
1, 97, 91, 97, 23, 72, 98, 76, 73, 77,
67, 81, 10, 18, 69, 2, 77, 7, 25, 82,
60, 32, 19, 25, 40, 17, 75, 99]
[[521, 785, 902], [510, 365, 385], [953, 443, 189], [8, 818, 368], [1034, 241, 797], [551, 778, 510], [696, 324, 901], [453, 1019, 785], [135, 780, 911], [649, 71, 971],
[1026, 80, 688], [349, 78, 542], [734, 1032, 985], [412, 1040, 735], [780, 495, 464], [509, 1046, 730], [507, 162, 1055], [896, 615, 1006], [102, 238, 206], [1013, 887, 277],
[404, 333, 914], [581, 682, 992], [55, 905, 444], [1040, 805, 973], [195, 517, 400], [660, 514, 934], [878, 510, 28], [353, 338, 643], [291, 440, 369], [498, 941, 744],
[263, 834, 9], [665, 347, 180], [590, 958, 573], [1034, 418, 310], [939, 613, 315], [827, 761, 829], [693, 572, 827], [209, 413, 654], [340, 193, 582], [709, 179, 456],
[385, 442, 778], [951, 596, 613], [63, 118, 503], [636, 640, 409], [946, 0, 1022], [193, 315, 204], [510, 1009, 264], [270, 706, 677], [412, 1047, 870], [994, 688, 1049],
[938, 562, 980], [648, 445, 508], [193, 1064, 114], [184, 632, 242], [593, 1066, 242], [36, 747, 558], [240, 189, 1055], [504, 1015, 181], [669, 359, 160], [472, 842, 337],
[453, 712, 899], [921, 293, 832], [361, 1042, 828], [1031, 159, 948], [206, 752, 946], [1004, 788, 625], [1050, 516, 302], [1037, 1020, 806]]
[[0, 3, 6, 2], [10, 4, 1, 2], [6, 1, 3, 5], [10, 2, 4, 1], [8, 7, 9, 6], [3, 9, 9, 8], [9, 2, 10, 1], [9, 4, 0, 9], [8, 6, 10, 5], [9, 0, 5, 2],
[10, 9, 5, 8], [0, 9, 7, 8], [3, 5, 3, 7], [1, 2, 2, 10], [4, 10, 10, 0], [4, 8, 9, 10], [1, 6, 4, 8], [6, 9, 9, 4], [7, 3, 1, 7], [0, 8, 2, 3],
[1, 4, 8, 2], [4, 8, 0, 6], [8, 8, 6, 1], [3, 4, 0, 2], [9, 2, 0, 2], [0, 7, 6, 6], [10, 5, 0, 10], [1, 3, 1, 2], [7, 9, 2, 0], [7, 0, 6, 2],
[6, 10, 3, 9], [1, 1, 10, 10], [1, 10, 2, 10], [4, 8, 5, 3], [1, 6, 1, 2], [7, 0, 4, 1], [9, 4, 10, 3], [5, 3, 5, 9], [2, 6, 6, 3], [5, 5, 3, 6],
[2, 5, 6, 6], [0, 9, 9, 1], [2, 8, 3, 9], [8, 5, 8, 5], [10, 7, 8, 2], [10, 1, 9, 10], [5, 4, 3, 0], [9, 4, 4, 0], [9, 8, 6, 7], [7, 3, 9, 9],
[0, 10, 6, 7], [5, 3, 1, 2], [9, 7, 2, 6], [6, 0, 6, 1], [5, 7, 10, 1], [0, 3, 2, 7], [10, 6, 3, 6], [9, 10, 2, 8], [10, 8, 4, 2], [10, 3, 2, 8],
[8, 4, 3, 4], [2, 9, 5, 5], [5, 4, 7, 3], [5, 7, 10, 4], [2, 1, 8, 10], [0, 9, 7, 10], [6, 9, 10, 3], [10, 1, 0, 7]]
[1, 1, 0.333333, 0.333333, 0.333333, 0.333333, 0.333333, 0.333333, 0.111111, 0.111111,
0.111111, 0.111111, 0.111111, 0.111111, 0.037037, 0.037037, 0.037037, 0.037037, 0.037037, 0.037037,
0.0123457, 0.0123457, 0.0123457, 0.0123457, 0.0123457, 0.0123457, 0.00411523, 0.00411523, 0.00411523, 0.00411523,
0.00411523, 0.00411523, 0.00137174, 0.00137174, 0.00137174, 0.00137174, 0.00137174, 0.00137174, 0.000457247, 0.000457247,
0.000457247, 0.000457247, 0.000457247, 0.000457247, 0.000152416, 0.000152416, 0.000152416, 0.000152416, 0.000152416, 0.000152416,
5.08053e-05, 5.08053e-05, 5.08053e-05, 5.08053e-05, 5.08053e-05, 5.08053e-05, 1.69351e-05, 1.69351e-05, 1.69351e-05, 1.69351e-05,
1.69351e-05, 1.69351e-05, 5.64503e-06, 5.64503e-06, 5.64503e-06, 5.64503e-06, 5.64503e-06, 5.64503e-06]
[8, 5, 13, 9, 17, 13, 8, 21, 14, 12,
11, 15, 19, 3, 20, 1, 20, 4, 13, 2,
5, 12, 20, 3, 3, 14, 14, 21, 15, 17,
7, 16, 2, 18, 11, 20, 9, 7, 19, 16,
2, 11, 12, 3, 11, 15, 14, 3, 7, 5,
15, 10, 11, 5, 2, 4, 4, 19, 3, 20,
18, 11, 19, 2, 11, 18, 7, 0]
------------------------------------------------------- 
# stage = 12	# children c = 3	length of each stage p = 2	nodes = 67	# items I = 1
