[31, 56, 37, 63, 36, 48, 49, 25, 48, 32,
77, 53, 14, 71, 48, 59, 67, 88, 16, 14,
74, 92, 25, 46, 76, 9, 17, 1, 24, 53,
61, 56, 8, 99, 85, 10, 12, 34, 35, 60,
32, 78, 79, 12, 15, 27, 71, 82, 81, 54,
97, 54, 11, 21, 66, 87, 97, 50, 55, 20,
2, 15, 42, 77, 80, 27, 87, 93, 61]
[[567, 818, 810], [649, 384, 741], [247, 331, 755], [795, 253, 822], [14, 500, 17], [30, 714, 81], [941, 265, 904], [420, 548, 837], [235, 623, 479], [463, 500, 203],
[660, 3, 1021], [407, 973, 661], [84, 476, 992], [95, 207, 502], [173, 541, 1002], [510, 572, 972], [591, 769, 174], [432, 125, 1042], [525, 361, 601], [1004, 824, 357],
[464, 740, 361], [741, 403, 590], [339, 487, 2], [587, 902, 529], [25, 12, 7], [283, 842, 579], [192, 370, 604], [686, 58, 729], [664, 583, 346], [521, 844, 426],
[878, 244, 103], [495, 985, 506], [341, 580, 250], [343, 104, 408], [873, 449, 740], [880, 733, 519], [715, 181, 889], [255, 867, 947], [240, 787, 786], [587, 564, 566],
[1013, 698, 810], [52, 450, 1052], [879, 791, 568], [65, 71, 672], [473, 944, 58], [150, 16, 47], [669, 1051, 228], [814, 242, 351], [1017, 482, 74], [739, 5, 638],
[242, 275, 592], [308, 327, 1042], [296, 142, 770], [865, 527, 841], [793, 1001, 1041], [851, 407, 313], [154, 332, 300], [382, 82, 862], [1053, 355, 280], [63, 30, 606],
[1021, 592, 881], [550, 901, 464], [848, 133, 927], [554, 254, 390], [651, 1048, 647], [948, 91, 310], [197, 246, 642], [497, 948, 1044], [295, 938, 335]]
[[10, 7, 6, 0], [3, 5, 10, 7], [5, 5, 0, 3], [3, 10, 0, 7], [0, 4, 8, 3], [4, 8, 1, 10], [10, 8, 5, 8], [4, 10, 10, 1], [6, 5, 1, 7], [8, 10, 1, 3],
[2, 10, 4, 5], [9, 3, 1, 8], [7, 7, 0, 9], [4, 0, 6, 3], [6, 0, 0, 10], [10, 8, 9, 4], [3, 0, 0, 9], [8, 2, 10, 10], [1, 4, 4, 9], [7, 3, 6, 1],
[8, 4, 8, 1], [2, 3, 3, 9], [4, 1, 6, 3], [10, 5, 7, 0], [3, 6, 9, 9], [6, 9, 6, 5], [0, 10, 3, 5], [0, 7, 4, 8], [1, 1, 7, 1], [4, 10, 10, 8],
[1, 4, 10, 9], [7, 4, 9, 10], [8, 5, 6, 3], [3, 1, 9, 1], [9, 10, 6, 9], [7, 10, 4, 6], [9, 9, 7, 3], [9, 5, 9, 8], [9, 8, 6, 3], [0, 2, 2, 8],
[7, 6, 1, 9], [7, 8, 10, 5], [7, 4, 1, 3], [1, 3, 7, 0], [1, 4, 3, 8], [7, 10, 5, 5], [6, 9, 6, 6], [9, 6, 1, 6], [1, 0, 2, 8], [8, 1, 0, 5],
[3, 10, 6, 5], [2, 3, 5, 1], [5, 6, 10, 1], [3, 2, 4, 9], [10, 10, 4, 8], [5, 4, 1, 6], [4, 3, 1, 2], [3, 1, 5, 6], [9, 0, 9, 9], [1, 3, 10, 6],
[7, 7, 7, 0], [10, 0, 7, 7], [8, 10, 4, 2], [3, 6, 8, 7], [9, 7, 9, 10], [6, 3, 6, 4], [2, 4, 2, 3], [6, 2, 8, 0], [7, 4, 9, 4]]
[1, 1, 1, 0.5, 0.5, 0.5, 0.5, 0.5, 0.5, 0.25,
0.25, 0.25, 0.25, 0.25, 0.25, 0.125, 0.125, 0.125, 0.125, 0.125,
0.125, 0.0625, 0.0625, 0.0625, 0.0625, 0.0625, 0.0625, 0.03125, 0.03125, 0.03125,
0.03125, 0.03125, 0.03125, 0.015625, 0.015625, 0.015625, 0.015625, 0.015625, 0.015625, 0.0078125,
0.0078125, 0.0078125, 0.0078125, 0.0078125, 0.0078125, 0.00390625, 0.00390625, 0.00390625, 0.00390625, 0.00390625,
0.00390625, 0.00195312, 0.00195312, 0.00195312, 0.00195312, 0.00195312, 0.00195312, 0.000976562, 0.000976562, 0.000976562,
0.000976562, 0.000976562, 0.000976562, 0.000488281, 0.000488281, 0.000488281, 0.000488281, 0.000488281, 0.000488281]
[5, 4, 7, 1, 3, 6, 4, 8, 0, 8,
5, 7, 10, 1, 0, 7, 3, 6, 0, 8,
3, 7, 8, 5, 9, 0, 10, 8, 10, 7,
4, 3, 0, 5, 3, 4, 4, 10, 10, 6,
4, 7, 10, 9, 10, 4, 7, 9, 2, 5,
2, 9, 5, 4, 2, 0, 2, 4, 10, 6,
8, 0, 5, 9, 0, 1, 10, 7, 5]
------------------------------------------------------- 
# stage = 12	# children c = 2	length of each stage p = 3	nodes = 68	# items I = 1
