[36, 27, 0, 81, 6, 29, 15, 71, 60, 29,
23, 4, 86, 5, 75, 46, 70, 7, 10, 22,
16, 61, 77, 25, 50, 37, 90, 40, 67, 76,
85, 2, 69, 85, 84, 75, 14, 65, 45, 74,
60, 35, 44, 12, 40, 18, 58, 9, 92, 68,
98, 7, 95, 74, 100, 45, 77, 89, 51, 44,
30, 36, 46, 66, 87, 96, 40, 67, 27, 52,
6, 87, 87, 51, 99, 93, 35, 23, 68, 27,
91, 65, 0, 52, 4, 66, 63, 82, 21, 13,
25, 17, 15, 37, 83, 69, 33, 90, 35, 60,
41, 42, 12, 94, 59, 78, 52, 94, 0, 19]
[[241, 749, 389], [79, 440, 156], [830, 332, 781], [131, 733, 473], [873, 14, 517], [382, 156, 423], [765, 282, 267], [531, 86, 730], [713, 40, 117], [703, 698, 291],
[37, 38, 436], [426, 414, 876], [879, 343, 307], [156, 475, 139], [629, 744, 450], [245, 523, 3], [668, 387, 285], [34, 314, 371], [161, 126, 412], [575, 226, 506],
[866, 263, 544], [401, 86, 57], [673, 64, 698], [79, 220, 272], [516, 849, 412], [362, 194, 34], [365, 258, 718], [650, 590, 131], [418, 751, 555], [830, 425, 781],
[435, 687, 143], [375, 484, 526], [729, 256, 591], [526, 632, 207], [194, 544, 453], [607, 6, 43], [37, 371, 301], [756, 121, 287], [283, 539, 434], [234, 765, 255],
[114, 596, 41], [555, 367, 525], [180, 195, 177], [167, 118, 810], [375, 312, 453], [828, 315, 756], [871, 650, 227], [568, 802, 645], [252, 184, 580], [686, 419, 741],
[41, 830, 436], [379, 484, 199], [301, 61, 691], [478, 525, 809], [684, 900, 518], [534, 223, 833], [389, 490, 582], [12, 455, 780], [657, 707, 64], [336, 789, 780],
[176, 830, 105], [8, 606, 887], [207, 6, 47], [899, 781, 572], [807, 565, 869], [721, 495, 488], [50, 280, 78], [28, 293, 533], [809, 49, 636], [873, 386, 524],
[148, 562, 751], [253, 868, 456], [239, 174, 462], [583, 172, 639], [552, 376, 600], [520, 196, 194], [107, 246, 475], [482, 275, 768], [411, 183, 817], [146, 452, 599],
[671, 897, 558], [521, 249, 525], [76, 786, 699], [835, 765, 268], [573, 416, 40], [273, 35, 533], [764, 440, 780], [338, 21, 451], [502, 433, 30], [716, 876, 779],
[414, 646, 775], [71, 266, 420], [596, 639, 602], [692, 870, 467], [356, 543, 883], [396, 212, 315], [28, 372, 755], [204, 711, 172], [51, 609, 1], [378, 424, 878],
[256, 235, 19], [427, 306, 583], [244, 299, 321], [846, 387, 291], [709, 743, 230], [692, 535, 739], [403, 563, 210], [554, 164, 317], [726, 215, 26], [124, 594, 747]]
[[0, 2, 3, 8], [4, 3, 4, 4], [1, 2, 6, 3], [3, 10, 4, 10], [10, 10, 0, 3], [2, 10, 8, 6], [2, 6, 6, 6], [0, 5, 1, 10], [6, 4, 5, 8], [6, 9, 2, 5],
[1, 8, 9, 4], [5, 2, 1, 5], [10, 2, 6, 10], [10, 3, 5, 2], [7, 10, 6, 7], [2, 6, 4, 8], [8, 9, 6, 3], [8, 6, 9, 7], [3, 5, 9, 6], [7, 10, 9, 4],
[10, 4, 1, 10], [5, 6, 10, 1], [5, 3, 7, 8], [9, 0, 3, 7], [8, 9, 8, 3], [4, 4, 8, 5], [9, 6, 1, 3], [3, 8, 7, 3], [2, 8, 0, 7], [2, 8, 9, 5],
[0, 5, 2, 8], [3, 6, 2, 0], [2, 8, 3, 5], [2, 0, 8, 9], [4, 7, 2, 8], [5, 7, 9, 7], [3, 7, 1, 5], [4, 10, 10, 2], [2, 0, 8, 6], [4, 8, 6, 4],
[6, 8, 9, 6], [6, 5, 4, 9], [1, 6, 4, 6], [1, 2, 0, 4], [7, 2, 7, 9], [10, 6, 9, 2], [4, 7, 8, 8], [2, 1, 0, 6], [7, 7, 1, 1], [1, 6, 10, 3],
[10, 3, 7, 9], [3, 6, 2, 8], [6, 9, 6, 5], [3, 4, 7, 7], [9, 2, 3, 1], [2, 3, 7, 9], [10, 9, 10, 10], [2, 7, 0, 10], [8, 5, 9, 0], [0, 9, 8, 6],
[8, 1, 10, 0], [6, 4, 5, 4], [7, 6, 3, 7], [9, 0, 5, 7], [7, 3, 4, 7], [10, 4, 4, 8], [9, 2, 6, 10], [1, 2, 3, 7], [3, 0, 5, 7], [5, 10, 1, 10],
[6, 2, 6, 2], [0, 9, 7, 7], [1, 0, 1, 1], [4, 6, 9, 1], [6, 4, 9, 5], [4, 1, 10, 8], [0, 4, 4, 3], [2, 3, 0, 8], [6, 6, 8, 6], [2, 3, 1, 4],
[1, 0, 3, 4], [4, 1, 5, 0], [3, 3, 3, 8], [2, 3, 3, 2], [7, 7, 5, 9], [0, 5, 4, 4], [9, 0, 8, 1], [1, 7, 3, 2], [8, 6, 6, 10], [5, 0, 10, 8],
[1, 1, 3, 4], [4, 4, 6, 9], [1, 10, 6, 10], [2, 8, 1, 1], [8, 7, 0, 7], [4, 3, 10, 10], [9, 3, 9, 3], [2, 7, 9, 3], [8, 0, 7, 10], [2, 1, 6, 1],
[9, 1, 0, 0], [10, 10, 1, 5], [7, 10, 2, 9], [0, 10, 8, 9], [2, 4, 10, 4], [0, 7, 8, 6], [5, 2, 5, 7], [1, 1, 9, 10], [0, 7, 9, 10], [5, 8, 3, 1]]
[1, 1, 1, 1, 1, 0.333333, 0.333333, 0.333333, 0.333333, 0.333333,
0.333333, 0.333333, 0.333333, 0.333333, 0.333333, 0.333333, 0.333333, 0.333333, 0.333333, 0.333333,
0.111111, 0.111111, 0.111111, 0.111111, 0.111111, 0.111111, 0.111111, 0.111111, 0.111111, 0.111111,
0.111111, 0.111111, 0.111111, 0.111111, 0.111111, 0.037037, 0.037037, 0.037037, 0.037037, 0.037037,
0.037037, 0.037037, 0.037037, 0.037037, 0.037037, 0.037037, 0.037037, 0.037037, 0.037037, 0.037037,
0.0123457, 0.0123457, 0.0123457, 0.0123457, 0.0123457, 0.0123457, 0.0123457, 0.0123457, 0.0123457, 0.0123457,
0.0123457, 0.0123457, 0.0123457, 0.0123457, 0.0123457, 0.00411523, 0.00411523, 0.00411523, 0.00411523, 0.00411523,
0.00411523, 0.00411523, 0.00411523, 0.00411523, 0.00411523, 0.00411523, 0.00411523, 0.00411523, 0.00411523, 0.00411523,
0.00137174, 0.00137174, 0.00137174, 0.00137174, 0.00137174, 0.00137174, 0.00137174, 0.00137174, 0.00137174, 0.00137174,
0.00137174, 0.00137174, 0.00137174, 0.00137174, 0.00137174, 0.000457247, 0.000457247, 0.000457247, 0.000457247, 0.000457247,
0.000457247, 0.000457247, 0.000457247, 0.000457247, 0.000457247, 0.000457247, 0.000457247, 0.000457247, 0.000457247, 0.000457247]
[5, 8, 9, 5, 6, 8, 9, 1, 4, 3,
8, 8, 0, 1, 4, 8, 5, 9, 4, 2,
8, 3, 0, 2, 7, 1, 8, 0, 0, 4,
9, 7, 3, 0, 5, 2, 6, 4, 2, 2,
5, 0, 6, 6, 5, 2, 6, 3, 8, 2,
0, 9, 2, 5, 4, 1, 3, 7, 5, 5,
7, 8, 9, 8, 7, 1, 8, 5, 9, 2,
2, 7, 8, 9, 2, 7, 4, 8, 9, 2,
0, 5, 7, 1, 5, 1, 8, 8, 6, 1,
4, 2, 6, 5, 8, 3, 3, 9, 0, 8,
8, 8, 3, 7, 6, 9, 9, 2, 4, 2]
------------------------------------------------------- 
# stage = 8	# children c = 3	length of each stage p = 5	nodes = 109	# items I = 1
