[59, 1, 81, 37, 13, 78, 93, 73, 12, 1,
53, 22, 74, 6, 36, 23, 70, 83, 2, 31]
[[1138, 646, 828], [1118, 1687, 222], [1458, 316, 1041], [1170, 984, 458], [1994, 1445, 237], [1254, 340, 651], [1305, 1147, 2141], [85, 215, 470], [371, 1375, 350], [922, 53, 142],
[1841, 613, 210], [428, 1154, 1897], [650, 371, 1635], [1114, 964, 2041], [1572, 717, 1246], [1231, 1393, 1008], [1882, 457, 2155], [1783, 2206, 1793], [1675, 1999, 349], [1447, 102, 2065]]
[[2, 7, 5, 6], [8, 5, 9, 0], [8, 5, 9, 5], [1, 10, 7, 7], [2, 7, 6, 9], [4, 3, 5, 4], [7, 2, 4, 8], [10, 9, 4, 10], [3, 7, 5, 0], [1, 1, 0, 7],
[7, 7, 1, 6], [4, 9, 2, 6], [3, 6, 5, 8], [10, 8, 10, 6], [10, 1, 3, 7], [9, 5, 6, 1], [2, 10, 0, 1], [9, 0, 9, 3], [6, 10, 9, 10], [6, 10, 4, 8]]
[1, 1, 0.333333, 0.333333, 0.333333, 0.333333, 0.333333, 0.333333, 0.111111, 0.111111,
0.111111, 0.111111, 0.111111, 0.111111, 0.037037, 0.037037, 0.037037, 0.037037, 0.037037, 0.037037]
[3, 2, 7, 1, 6, 8, 6, 2, 4, 3,
5, 5, 7, 6, 8, 3, 2, 0, 3, 4]
------------------------------------------------------- 
# stage = 4	# children c = 3	length of each stage p = 2	nodes = 19	# items I = 1
