[90, 58, 5, 79, 26, 2, 5, 9, 20, 13,
94, 39, 12, 75, 44, 75, 100, 35, 43, 24,
44, 63, 7, 60, 42, 14, 42, 40, 80, 16,
34, 70, 41, 5, 48, 67, 75, 53, 42, 95,
66, 1, 33, 44, 42, 77, 18, 42, 78, 62,
32, 88, 24, 5, 13, 32, 86, 56, 73, 66,
38, 6, 35, 79, 78, 49, 12, 52]
[[1114, 1184, 1255], [73, 2048, 2092], [867, 1268, 1414], [90, 1621, 1930], [268, 1791, 467], [1115, 1263, 635], [726, 372, 672], [527, 981, 96], [209, 1261, 98], [2020, 1582, 87],
[598, 783, 1271], [2099, 856, 1407], [2033, 1969, 516], [1534, 147, 2137], [1305, 415, 2015], [2018, 1776, 1365], [741, 344, 1738], [1659, 871, 560], [1755, 1327, 2067], [2099, 1188, 1737],
[27, 2032, 361], [1544, 1973, 1464], [792, 1847, 1274], [1309, 1468, 1421], [1533, 614, 2082], [1390, 474, 1700], [842, 1461, 131], [421, 961, 1248], [1227, 557, 416], [1136, 497, 1851],
[960, 770, 1970], [1321, 155, 1784], [626, 948, 1718], [1901, 344, 1027], [1409, 1877, 1888], [1333, 1354, 449], [1120, 38, 1910], [1251, 705, 712], [586, 1933, 1515], [1249, 1156, 2012],
[1187, 2116, 623], [998, 1278, 1024], [624, 2151, 59], [183, 2139, 403], [1457, 1389, 368], [1186, 563, 1722], [1635, 1929, 2006], [1632, 1267, 799], [185, 1854, 573], [1700, 1190, 1729],
[1799, 218, 1932], [509, 1216, 1297], [1533, 1840, 1289], [1593, 111, 1269], [83, 1814, 746], [451, 841, 1555], [261, 563, 1326], [354, 36, 434], [1153, 467, 129], [1726, 254, 1565],
[1542, 2053, 1783], [1315, 403, 841], [454, 23, 768], [1989, 1862, 1125], [1346, 1946, 780], [2092, 238, 1621], [1488, 745, 271], [655, 1100, 553]]
[[4, 7, 0, 1], [10, 7, 9, 3], [8, 8, 10, 3], [10, 7, 0, 3], [10, 6, 4, 2], [7, 5, 5, 7], [10, 1, 8, 7], [4, 8, 4, 6], [2, 4, 7, 1], [9, 3, 3, 5],
[1, 0, 8, 0], [6, 8, 2, 5], [1, 6, 5, 8], [9, 10, 3, 6], [9, 0, 2, 0], [6, 4, 6, 8], [7, 1, 8, 5], [4, 9, 10, 3], [9, 5, 4, 2], [1, 4, 8, 2],
[8, 2, 9, 4], [0, 10, 10, 7], [10, 1, 8, 3], [4, 3, 0, 0], [2, 6, 5, 5], [4, 3, 8, 1], [8, 10, 3, 7], [3, 9, 8, 9], [10, 6, 2, 8], [5, 1, 4, 2],
[1, 1, 5, 3], [3, 3, 3, 5], [8, 6, 10, 1], [7, 6, 0, 3], [5, 2, 10, 7], [0, 7, 5, 10], [0, 6, 7, 5], [7, 10, 5, 6], [0, 8, 9, 1], [1, 1, 5, 7],
[6, 2, 8, 2], [8, 7, 5, 1], [9, 3, 8, 7], [10, 0, 5, 0], [6, 1, 3, 1], [9, 7, 7, 10], [4, 4, 9, 3], [3, 3, 10, 9], [6, 6, 10, 3], [2, 2, 2, 9],
[5, 10, 5, 5], [9, 10, 3, 4], [10, 6, 3, 8], [2, 9, 5, 5], [2, 4, 8, 3], [7, 8, 0, 2], [3, 8, 4, 3], [10, 4, 1, 5], [4, 4, 8, 0], [4, 0, 2, 3],
[4, 6, 9, 5], [4, 4, 10, 4], [8, 5, 5, 2], [2, 5, 3, 3], [0, 5, 4, 0], [9, 5, 5, 0], [8, 0, 0, 1], [0, 3, 2, 2]]
[1, 1, 0.333333, 0.333333, 0.333333, 0.333333, 0.333333, 0.333333, 0.111111, 0.111111,
0.111111, 0.111111, 0.111111, 0.111111, 0.037037, 0.037037, 0.037037, 0.037037, 0.037037, 0.037037,
0.0123457, 0.0123457, 0.0123457, 0.0123457, 0.0123457, 0.0123457, 0.00411523, 0.00411523, 0.00411523, 0.00411523,
0.00411523, 0.00411523, 0.00137174, 0.00137174, 0.00137174, 0.00137174, 0.00137174, 0.00137174, 0.000457247, 0.000457247,
0.000457247, 0.000457247, 0.000457247, 0.000457247, 0.000152416, 0.000152416, 0.000152416, 0.000152416, 0.000152416, 0.000152416,
5.08053e-05, 5.08053e-05, 5.08053e-05, 5.08053e-05, 5.08053e-05, 5.08053e-05, 1.69351e-05, 1.69351e-05, 1.69351e-05, 1.69351e-05,
1.69351e-05, 1.69351e-05, 5.64503e-06, 5.64503e-06, 5.64503e-06, 5.64503e-06, 5.64503e-06, 5.64503e-06]
[20, 18, 1, 21, 16, 11, 12, 17, 14, 17,
13, 4, 9, 18, 9, 20, 9, 14, 20, 16,
15, 0, 5, 18, 9, 9, 13, 19, 16, 2,
17, 7, 14, 13, 9, 4, 8, 6, 19, 8,
11, 3, 5, 20, 13, 20, 20, 11, 3, 0,
7, 13, 5, 4, 17, 5, 5, 7, 9, 5,
2, 4, 8, 8, 16, 20, 9, 13]
------------------------------------------------------- 
# stage = 12	# children c = 3	length of each stage p = 2	nodes = 67	# items I = 1
