[86, 55, 59, 16, 50, 21, 6, 29, 46, 18,
51, 80, 66, 87, 46, 7, 47, 35, 64, 20,
35, 32, 31, 57, 97, 51, 58, 60, 36, 41,
70, 88, 63, 29, 71, 12, 16, 77, 7, 62,
95, 24, 7, 27, 11, 20, 34, 58, 21, 98,
45, 56, 96, 42, 80, 93, 93, 37, 18, 28,
78, 89, 83, 40, 84, 19, 18, 100, 96, 92,
27, 57, 16, 35, 84, 27, 21, 84, 51, 42,
82, 62, 99, 43, 3, 78, 1, 97, 14, 20,
91, 58, 75, 73, 99, 24, 92, 83, 23, 54,
75, 16]
[[1687, 1430, 76], [1010, 140, 1328], [1622, 1197, 1895], [1233, 1967, 829], [1584, 2025, 1538], [1728, 318, 408], [256, 1485, 902], [1912, 1303, 2056], [466, 959, 1707], [571, 1097, 326],
[251, 627, 1756], [328, 1306, 1896], [1324, 771, 604], [1062, 2004, 82], [1559, 1432, 2108], [609, 1003, 269], [1017, 928, 1422], [1919, 351, 568], [1818, 817, 1195], [1036, 1057, 136],
[1362, 1308, 763], [962, 1304, 1737], [369, 472, 351], [642, 1202, 199], [724, 605, 1299], [343, 1214, 1970], [612, 1899, 741], [2035, 1329, 1093], [114, 659, 1578], [1310, 1695, 478],
[1114, 901, 1455], [1545, 1531, 270], [1126, 1568, 742], [1477, 53, 1945], [1344, 446, 61], [486, 789, 943], [2125, 1070, 685], [377, 616, 1682], [1138, 730, 184], [560, 1708, 1880],
[706, 665, 292], [1829, 54, 1491], [2100, 1180, 570], [353, 168, 292], [141, 1513, 738], [2027, 1667, 1527], [813, 1635, 440], [1166, 2013, 1056], [692, 994, 1455], [876, 1222, 1006],
[267, 1929, 1672], [227, 1601, 1394], [1386, 1212, 85], [1957, 1566, 253], [92, 1375, 1766], [830, 1246, 1277], [2025, 1727, 423], [309, 737, 279], [1033, 1097, 942], [331, 1641, 7],
[1006, 1577, 1604], [189, 1804, 717], [1583, 702, 1929], [1668, 502, 1006], [1921, 262, 225], [1199, 760, 1139], [2144, 628, 709], [410, 605, 1114], [690, 1307, 54], [1632, 1638, 1364],
[1307, 155, 784], [755, 344, 99], [1472, 1927, 801], [1244, 1106, 971], [94, 871, 1233], [2144, 1738, 1993], [1126, 1725, 133], [1835, 2135, 738], [461, 668, 2045], [515, 1968, 1195],
[1879, 1119, 1018], [174, 1542, 1363], [274, 857, 1133], [1075, 1769, 1908], [2047, 1863, 290], [1123, 1850, 2028], [628, 487, 1596], [761, 1991, 1574], [1167, 295, 1911], [724, 478, 1390],
[1587, 2026, 20], [448, 43, 1562], [1811, 317, 262], [456, 1061, 2032], [207, 951, 1406], [497, 1742, 768], [36, 2038, 1255], [1632, 642, 1089], [717, 1478, 1384], [139, 45, 1531],
[1198, 1632, 1400], [1218, 2080, 1443]]
[[6, 0, 7, 6], [8, 10, 8, 3], [1, 0, 2, 6], [10, 3, 5, 7], [4, 6, 2, 7], [4, 1, 3, 2], [4, 4, 5, 6], [10, 6, 5, 5], [4, 10, 9, 10], [8, 4, 2, 9],
[5, 2, 2, 2], [6, 5, 7, 8], [0, 10, 2, 4], [9, 4, 5, 1], [8, 8, 7, 5], [3, 10, 8, 5], [8, 6, 4, 3], [10, 6, 10, 2], [7, 10, 4, 0], [4, 10, 8, 4],
[7, 0, 6, 3], [4, 9, 4, 10], [6, 10, 2, 7], [7, 10, 1, 4], [5, 5, 7, 4], [10, 4, 5, 6], [3, 7, 6, 7], [6, 1, 9, 2], [1, 3, 4, 3], [1, 8, 2, 6],
[7, 2, 2, 4], [1, 2, 6, 6], [7, 1, 9, 4], [5, 3, 8, 7], [10, 3, 1, 4], [3, 0, 4, 4], [1, 8, 6, 0], [4, 6, 6, 9], [9, 9, 0, 10], [9, 7, 6, 3],
[6, 2, 8, 9], [5, 5, 5, 2], [7, 7, 6, 10], [5, 9, 1, 4], [6, 7, 4, 10], [3, 0, 9, 1], [7, 7, 0, 5], [3, 4, 8, 7], [4, 3, 6, 7], [9, 0, 10, 3],
[5, 3, 2, 8], [1, 3, 1, 6], [9, 6, 3, 1], [4, 10, 0, 0], [7, 9, 3, 10], [3, 9, 7, 7], [2, 0, 2, 9], [0, 10, 1, 4], [2, 1, 1, 2], [2, 1, 8, 0],
[7, 9, 1, 9], [9, 10, 7, 5], [9, 10, 2, 1], [6, 7, 6, 8], [7, 6, 6, 6], [5, 5, 10, 8], [6, 9, 8, 9], [10, 3, 9, 4], [1, 9, 2, 10], [8, 9, 4, 4],
[6, 5, 3, 2], [1, 10, 8, 9], [3, 4, 4, 9], [7, 1, 6, 3], [10, 1, 10, 10], [4, 6, 1, 3], [2, 4, 3, 9], [0, 5, 2, 7], [10, 6, 7, 10], [3, 4, 8, 6],
[6, 10, 4, 3], [0, 8, 4, 10], [9, 3, 7, 0], [7, 9, 4, 10], [0, 5, 8, 9], [10, 10, 5, 8], [3, 10, 7, 6], [4, 2, 2, 10], [10, 4, 0, 10], [2, 2, 7, 9],
[5, 2, 10, 0], [9, 3, 10, 9], [8, 7, 7, 5], [4, 0, 0, 8], [10, 7, 1, 1], [7, 1, 10, 6], [6, 8, 3, 8], [0, 0, 4, 3], [0, 3, 3, 9], [4, 2, 5, 1],
[7, 1, 5, 10], [10, 5, 5, 8]]
[1, 1, 1, 0.333333, 0.333333, 0.333333, 0.333333, 0.333333, 0.333333, 0.333333,
0.333333, 0.333333, 0.111111, 0.111111, 0.111111, 0.111111, 0.111111, 0.111111, 0.111111, 0.111111,
0.111111, 0.037037, 0.037037, 0.037037, 0.037037, 0.037037, 0.037037, 0.037037, 0.037037, 0.037037,
0.0123457, 0.0123457, 0.0123457, 0.0123457, 0.0123457, 0.0123457, 0.0123457, 0.0123457, 0.0123457, 0.00411523,
0.00411523, 0.00411523, 0.00411523, 0.00411523, 0.00411523, 0.00411523, 0.00411523, 0.00411523, 0.00137174, 0.00137174,
0.00137174, 0.00137174, 0.00137174, 0.00137174, 0.00137174, 0.00137174, 0.00137174, 0.000457247, 0.000457247, 0.000457247,
0.000457247, 0.000457247, 0.000457247, 0.000457247, 0.000457247, 0.000457247, 0.000152416, 0.000152416, 0.000152416, 0.000152416,
0.000152416, 0.000152416, 0.000152416, 0.000152416, 0.000152416, 5.08053e-05, 5.08053e-05, 5.08053e-05, 5.08053e-05, 5.08053e-05,
5.08053e-05, 5.08053e-05, 5.08053e-05, 5.08053e-05, 1.69351e-05, 1.69351e-05, 1.69351e-05, 1.69351e-05, 1.69351e-05, 1.69351e-05,
1.69351e-05, 1.69351e-05, 1.69351e-05, 5.64503e-06, 5.64503e-06, 5.64503e-06, 5.64503e-06, 5.64503e-06, 5.64503e-06, 5.64503e-06,
5.64503e-06, 5.64503e-06]
[21, 12, 12, 0, 16, 21, 6, 13, 18, 11,
18, 19, 20, 19, 3, 4, 20, 7, 11, 16,
5, 4, 19, 3, 17, 12, 4, 16, 14, 10,
3, 15, 7, 7, 5, 0, 17, 21, 19, 6,
15, 3, 3, 20, 9, 11, 20, 12, 1, 1,
19, 15, 4, 2, 15, 13, 2, 3, 10, 20,
7, 8, 10, 8, 13, 13, 10, 18, 17, 12,
6, 14, 15, 11, 15, 19, 19, 2, 21, 14,
17, 17, 10, 17, 10, 11, 9, 2, 18, 4,
1, 8, 4, 1, 19, 9, 18, 18, 16, 7,
19, 21]
------------------------------------------------------- 
# stage = 12	# children c = 3	length of each stage p = 3	nodes = 101	# items I = 1
