[82, 8, 75, 15, 0, 52, 82, 67, 13, 65,
17, 55, 34, 2, 0, 23, 59, 57, 49, 9,
38, 68, 59, 34, 17, 31, 81, 76, 86, 60,
87, 34, 68, 61, 49, 68, 80, 97, 0, 93,
61, 17, 13, 61, 19, 81, 51, 45, 37, 66,
54, 75, 100, 80, 75, 83, 77, 21, 58, 63,
82, 10, 63, 49, 38, 78, 84, 17, 74]
[[256, 127, 347], [183, 173, 706], [936, 408, 1044], [937, 674, 589], [589, 214, 292], [489, 907, 141], [306, 284, 9], [561, 272, 650], [357, 290, 772], [542, 397, 865],
[305, 653, 992], [652, 837, 173], [367, 781, 582], [419, 727, 264], [1009, 260, 478], [245, 813, 394], [451, 63, 742], [524, 624, 23], [119, 1045, 313], [955, 531, 710],
[764, 901, 372], [765, 561, 153], [938, 928, 998], [528, 292, 669], [856, 309, 993], [343, 618, 750], [737, 13, 814], [487, 602, 382], [510, 721, 436], [823, 620, 967],
[542, 392, 876], [914, 101, 382], [75, 1040, 254], [17, 576, 610], [687, 377, 983], [624, 784, 546], [319, 465, 623], [77, 952, 169], [523, 471, 954], [1023, 238, 582],
[999, 780, 975], [819, 702, 20], [145, 777, 68], [464, 795, 709], [82, 426, 94], [10, 58, 878], [620, 377, 351], [251, 518, 247], [421, 50, 718], [383, 17, 1021],
[966, 24, 809], [949, 844, 456], [1033, 1053, 241], [110, 525, 1036], [819, 608, 470], [977, 682, 529], [799, 246, 970], [94, 497, 497], [405, 982, 547], [132, 374, 628],
[161, 348, 653], [970, 241, 505], [434, 282, 502], [740, 392, 36], [784, 219, 644], [199, 140, 270], [792, 1003, 580], [770, 105, 85], [211, 575, 76]]
[[4, 7, 9, 9], [2, 1, 3, 6], [9, 1, 8, 4], [3, 3, 4, 1], [9, 7, 0, 10], [9, 8, 0, 5], [9, 4, 9, 6], [3, 7, 5, 6], [1, 1, 4, 3], [2, 7, 8, 1],
[7, 5, 3, 10], [8, 5, 9, 5], [10, 7, 4, 9], [3, 2, 1, 10], [4, 8, 4, 6], [4, 9, 1, 3], [10, 3, 6, 10], [10, 3, 0, 4], [7, 1, 1, 2], [7, 10, 7, 4],
[5, 0, 0, 6], [0, 1, 5, 5], [7, 7, 0, 0], [5, 1, 1, 2], [2, 8, 2, 1], [9, 0, 4, 5], [2, 5, 6, 7], [3, 2, 0, 6], [1, 10, 1, 1], [0, 4, 6, 8],
[1, 4, 6, 6], [3, 8, 7, 5], [3, 9, 5, 10], [9, 9, 3, 9], [3, 9, 5, 6], [0, 4, 1, 10], [3, 0, 1, 1], [5, 5, 7, 6], [10, 1, 10, 0], [7, 6, 6, 10],
[2, 0, 7, 1], [9, 10, 8, 10], [6, 1, 6, 5], [5, 5, 4, 6], [6, 3, 5, 0], [9, 0, 4, 6], [1, 1, 6, 8], [8, 10, 5, 10], [10, 1, 9, 6], [10, 7, 6, 5],
[8, 10, 10, 0], [2, 2, 4, 8], [5, 7, 6, 1], [7, 8, 7, 6], [10, 1, 1, 5], [0, 6, 2, 9], [6, 1, 4, 5], [6, 8, 8, 1], [5, 6, 1, 8], [6, 3, 3, 0],
[10, 8, 0, 5], [5, 5, 0, 2], [6, 2, 7, 5], [6, 10, 1, 1], [9, 5, 4, 2], [1, 0, 3, 6], [4, 2, 1, 10], [3, 5, 8, 2], [0, 8, 7, 5]]
[1, 1, 1, 0.5, 0.5, 0.5, 0.5, 0.5, 0.5, 0.25,
0.25, 0.25, 0.25, 0.25, 0.25, 0.125, 0.125, 0.125, 0.125, 0.125,
0.125, 0.0625, 0.0625, 0.0625, 0.0625, 0.0625, 0.0625, 0.03125, 0.03125, 0.03125,
0.03125, 0.03125, 0.03125, 0.015625, 0.015625, 0.015625, 0.015625, 0.015625, 0.015625, 0.0078125,
0.0078125, 0.0078125, 0.0078125, 0.0078125, 0.0078125, 0.00390625, 0.00390625, 0.00390625, 0.00390625, 0.00390625,
0.00390625, 0.00195312, 0.00195312, 0.00195312, 0.00195312, 0.00195312, 0.00195312, 0.000976562, 0.000976562, 0.000976562,
0.000976562, 0.000976562, 0.000976562, 0.000488281, 0.000488281, 0.000488281, 0.000488281, 0.000488281, 0.000488281]
[3, 19, 6, 10, 7, 21, 15, 15, 15, 8,
3, 13, 5, 7, 10, 3, 3, 21, 8, 12,
8, 16, 5, 9, 7, 19, 20, 18, 17, 19,
18, 16, 18, 6, 19, 17, 4, 3, 20, 6,
1, 14, 12, 0, 12, 9, 16, 4, 15, 13,
1, 13, 19, 15, 2, 18, 21, 1, 20, 16,
18, 13, 5, 19, 1, 6, 20, 8, 10]
------------------------------------------------------- 
# stage = 12	# children c = 2	length of each stage p = 3	nodes = 68	# items I = 1
