[2, 35, 35, 42, 28, 28, 61, 68, 3, 34,
52, 65, 90, 65, 39, 65, 3, 61, 60, 72,
94, 59, 77, 1, 28, 36, 86, 12, 34, 3,
3, 37]
[[37, 537, 695], [4, 549, 485], [713, 572, 454], [250, 383, 736], [235, 816, 623], [898, 713, 66], [644, 620, 579], [352, 334, 736], [497, 504, 896], [636, 105, 615],
[214, 142, 227], [157, 321, 24], [642, 282, 597], [171, 532, 228], [155, 16, 118], [779, 914, 79], [93, 632, 873], [672, 232, 455], [656, 729, 33], [626, 614, 139],
[490, 828, 455], [717, 60, 24], [741, 702, 307], [586, 121, 87], [814, 277, 103], [180, 304, 265], [260, 397, 146], [381, 317, 378], [837, 48, 356], [870, 674, 44],
[257, 412, 872], [713, 203, 180]]
[[1, 8, 2, 6], [8, 8, 4, 0], [2, 5, 8, 4], [2, 4, 7, 4], [5, 6, 1, 10], [10, 0, 2, 5], [6, 1, 5, 9], [3, 4, 2, 4], [1, 2, 9, 9], [10, 2, 8, 1],
[7, 5, 6, 7], [8, 0, 1, 2], [7, 0, 0, 6], [0, 2, 0, 6], [3, 3, 3, 4], [5, 3, 9, 6], [6, 7, 3, 5], [7, 9, 7, 2], [3, 0, 9, 9], [0, 8, 1, 7],
[9, 1, 0, 7], [1, 10, 1, 2], [2, 4, 6, 6], [7, 2, 10, 0], [9, 2, 6, 4], [0, 0, 6, 2], [0, 2, 0, 9], [0, 10, 6, 7], [9, 4, 3, 10], [3, 4, 10, 4],
[6, 6, 10, 1], [8, 9, 1, 5]]
[1, 1, 0.333333, 0.333333, 0.333333, 0.333333, 0.333333, 0.333333, 0.111111, 0.111111,
0.111111, 0.111111, 0.111111, 0.111111, 0.037037, 0.037037, 0.037037, 0.037037, 0.037037, 0.037037,
0.0123457, 0.0123457, 0.0123457, 0.0123457, 0.0123457, 0.0123457, 0.00411523, 0.00411523, 0.00411523, 0.00411523,
0.00411523, 0.00411523]
[5, 6, 2, 2, 9, 1, 0, 7, 2, 9,
5, 0, 7, 6, 0, 1, 7, 9, 2, 9,
7, 2, 9, 0, 3, 1, 8, 2, 3, 9,
0, 5]
------------------------------------------------------- 
# stage = 6	# children c = 3	length of each stage p = 2	nodes = 31	# items I = 1
