[41, 51, 50, 63, 86, 36, 12, 86, 44, 78,
13, 24, 90, 27, 18, 84, 42, 87, 25, 4,
0, 33, 38, 89, 81, 63, 70, 100, 23, 74,
79, 64, 91, 95, 27, 76, 97, 39, 27, 41,
83, 40, 31, 72, 67, 49, 56, 75, 35, 47,
46, 35, 46, 50, 91, 27, 12, 26, 93, 36,
66, 71, 66, 56, 31, 93, 98, 95, 98, 24,
35, 46, 64, 66, 18, 98, 81, 40, 72, 83,
53, 84, 84, 66, 34, 40, 93, 46, 67, 85,
48, 32, 21, 14, 55, 18, 73, 52, 12, 37,
43, 13, 83, 6, 79, 0, 70, 26, 6, 42,
8, 60, 25, 92, 92, 59, 99, 84, 72, 65,
34, 19, 63, 21, 100, 84, 39, 73, 2, 18,
9, 45, 31, 92, 17, 77, 59, 88, 2, 31,
96, 77, 57, 87, 34, 48, 12, 32, 31, 84,
63, 31, 69, 93, 52, 69, 76, 58, 7, 78,
42, 83, 89, 39, 40, 6, 15, 99, 60, 84,
30, 55, 60, 87, 7, 61, 35, 19, 93, 32]
[[959, 630, 787], [997, 271, 1649], [187, 609, 1536], [798, 205, 827], [208, 1011, 1844], [1706, 1638, 1801], [565, 57, 882], [1729, 1789, 1928], [1259, 878, 1055], [113, 180, 1795],
[1684, 1776, 1042], [1087, 753, 1950], [715, 940, 538], [867, 354, 1380], [310, 1199, 370], [770, 885, 625], [551, 66, 1319], [49, 1795, 1088], [593, 1033, 582], [1648, 1784, 1399],
[39, 1447, 1792], [1081, 1151, 524], [1647, 1866, 80], [164, 713, 1071], [1544, 1660, 887], [531, 410, 1772], [1793, 961, 1838], [1728, 1647, 228], [795, 219, 1899], [2015, 1867, 1662],
[9, 522, 1725], [1801, 1603, 855], [941, 1229, 1338], [1658, 9, 667], [709, 170, 306], [212, 1338, 716], [1984, 1110, 293], [417, 817, 1940], [645, 229, 138], [1160, 860, 622],
[801, 1506, 1144], [1143, 1924, 727], [614, 844, 572], [1952, 1119, 1219], [598, 444, 1389], [905, 656, 1343], [237, 619, 1069], [531, 1673, 1886], [450, 934, 731], [589, 74, 207],
[1211, 875, 1714], [334, 634, 233], [1698, 1249, 1714], [887, 1180, 812], [85, 395, 1256], [1474, 1937, 1912], [1433, 153, 1147], [481, 684, 799], [983, 1772, 350], [1715, 977, 424],
[538, 167, 1936], [868, 1138, 550], [1101, 1453, 1799], [795, 319, 1595], [223, 404, 1990], [1480, 494, 522], [2008, 1927, 676], [1135, 1024, 1997], [550, 2007, 364], [900, 317, 1341],
[1961, 856, 124], [1877, 1724, 1900], [406, 1442, 1332], [821, 853, 267], [395, 1076, 671], [1002, 535, 1802], [1524, 1160, 324], [816, 274, 1348], [1430, 1461, 1971], [1794, 978, 268],
[1115, 918, 1124], [1239, 774, 1464], [1118, 1817, 1522], [1066, 617, 354], [1333, 1650, 1431], [620, 631, 582], [1038, 771, 1742], [1362, 204, 632], [1326, 1634, 73], [1277, 1407, 1051],
[161, 501, 585], [1285, 357, 1360], [1365, 91, 1156], [867, 1158, 390], [1858, 470, 19], [1268, 1091, 1287], [467, 108, 37], [188, 87, 241], [821, 29, 491], [1531, 1943, 1899],
[1198, 83, 1016], [1783, 1368, 2010], [1759, 1350, 81], [895, 833, 1239], [1922, 670, 325], [1941, 1939, 1416], [1207, 385, 141], [1881, 1210, 865], [739, 647, 894], [1867, 157, 817],
[1745, 1355, 900], [1378, 1755, 885], [1367, 1493, 851], [1448, 367, 1684], [1303, 905, 333], [1629, 825, 888], [1661, 648, 1910], [1802, 1146, 1100], [646, 501, 1747], [157, 347, 1905],
[974, 72, 1876], [490, 66, 1610], [1375, 1433, 1720], [205, 1498, 66], [1889, 1417, 1609], [839, 1025, 413], [1727, 666, 1699], [1617, 1084, 824], [1333, 1731, 1325], [1059, 1888, 1672],
[1580, 1478, 360], [52, 1968, 1063], [1662, 1960, 476], [1361, 781, 590], [44, 650, 2007], [269, 105, 1649], [682, 1832, 294], [997, 44, 1378], [1821, 1377, 1725], [1762, 1053, 208],
[30, 612, 302], [390, 664, 250], [1454, 943, 189], [546, 920, 1607], [1773, 1601, 873], [375, 1870, 978], [3, 1169, 1427], [297, 145, 1471], [292, 1967, 1465], [633, 324, 497],
[842, 354, 1109], [1144, 1382, 390], [10, 1452, 1970], [836, 1998, 869], [423, 366, 1087], [1296, 741, 936], [254, 745, 84], [1681, 1679, 867], [1768, 587, 1450], [1212, 1221, 1774],
[325, 679, 108], [1435, 1823, 1490], [441, 450, 921], [390, 1286, 1535], [1896, 325, 517], [962, 1622, 1258], [1899, 492, 619], [599, 789, 915], [82, 536, 1502], [1532, 365, 1339],
[1286, 690, 2018], [10, 741, 437], [116, 1819, 1524], [1674, 188, 789], [1825, 64, 1752], [321, 1663, 1353], [195, 157, 461], [815, 1394, 1250], [346, 1476, 402], [464, 988, 1404]]
[[0, 1, 1, 10], [5, 1, 3, 5], [2, 1, 3, 1], [4, 9, 9, 3], [5, 6, 1, 9], [7, 1, 10, 2], [1, 0, 6, 3], [8, 9, 4, 7], [10, 3, 4, 4], [2, 7, 9, 3],
[6, 1, 4, 8], [9, 2, 0, 3], [7, 10, 2, 3], [0, 10, 5, 0], [10, 1, 3, 6], [8, 5, 2, 7], [6, 6, 0, 7], [0, 7, 10, 6], [7, 3, 3, 5], [4, 1, 6, 0],
[10, 6, 3, 10], [6, 6, 10, 5], [5, 1, 9, 2], [4, 0, 9, 0], [6, 7, 7, 4], [4, 6, 10, 9], [7, 0, 1, 0], [0, 7, 9, 10], [3, 10, 9, 7], [6, 7, 10, 0],
[8, 9, 1, 1], [9, 8, 10, 3], [5, 6, 7, 7], [10, 5, 5, 5], [5, 6, 3, 5], [0, 2, 4, 1], [1, 1, 8, 5], [8, 8, 4, 3], [6, 5, 2, 2], [2, 2, 5, 5],
[6, 0, 1, 4], [5, 6, 7, 10], [10, 10, 5, 0], [10, 7, 1, 10], [8, 8, 4, 3], [5, 6, 6, 9], [9, 7, 0, 1], [7, 4, 4, 0], [4, 6, 4, 7], [10, 9, 6, 8],
[9, 9, 8, 6], [4, 7, 5, 1], [4, 8, 5, 7], [3, 9, 5, 2], [5, 4, 1, 10], [8, 5, 0, 10], [9, 2, 4, 9], [1, 10, 6, 8], [7, 1, 3, 0], [8, 9, 10, 0],
[6, 2, 7, 9], [10, 0, 9, 2], [4, 10, 2, 10], [3, 2, 7, 1], [2, 0, 8, 3], [8, 3, 0, 2], [2, 2, 0, 9], [0, 0, 9, 4], [0, 3, 2, 10], [1, 10, 0, 5],
[9, 2, 2, 1], [2, 7, 1, 4], [5, 9, 6, 3], [0, 6, 5, 2], [6, 4, 0, 6], [2, 7, 10, 2], [9, 0, 0, 10], [10, 0, 3, 6], [0, 3, 6, 2], [0, 7, 4, 5],
[3, 10, 6, 3], [4, 10, 6, 10], [3, 4, 4, 5], [10, 3, 7, 8], [1, 5, 7, 0], [5, 8, 5, 3], [1, 0, 5, 1], [5, 8, 4, 8], [5, 0, 1, 9], [10, 7, 7, 2],
[9, 0, 5, 8], [1, 10, 5, 3], [5, 0, 1, 8], [6, 6, 1, 7], [4, 4, 6, 9], [1, 9, 7, 7], [9, 8, 3, 6], [2, 10, 6, 9], [8, 0, 7, 10], [10, 10, 0, 2],
[8, 1, 0, 4], [6, 1, 9, 10], [5, 5, 9, 5], [1, 3, 1, 10], [9, 4, 3, 9], [2, 9, 7, 10], [7, 1, 7, 4], [1, 7, 7, 9], [9, 7, 0, 2], [6, 10, 1, 9],
[2, 8, 3, 3], [9, 4, 0, 7], [7, 3, 5, 7], [10, 0, 6, 6], [1, 3, 8, 2], [10, 4, 10, 6], [9, 8, 8, 4], [5, 8, 1, 7], [3, 4, 8, 2], [7, 6, 7, 1],
[9, 2, 8, 6], [0, 3, 10, 1], [4, 8, 2, 4], [1, 10, 8, 9], [7, 4, 0, 2], [1, 1, 7, 4], [6, 5, 4, 2], [9, 1, 3, 6], [1, 9, 1, 1], [1, 1, 2, 6],
[9, 4, 8, 8], [3, 3, 6, 9], [7, 7, 0, 6], [6, 5, 0, 1], [8, 2, 1, 7], [3, 2, 2, 4], [0, 1, 3, 0], [2, 6, 4, 9], [8, 10, 5, 10], [2, 9, 6, 10],
[3, 4, 5, 10], [9, 3, 9, 7], [4, 9, 1, 7], [0, 3, 10, 10], [2, 0, 8, 3], [4, 1, 1, 2], [0, 4, 10, 0], [1, 5, 8, 4], [7, 3, 1, 5], [4, 0, 10, 8],
[7, 0, 3, 7], [1, 0, 4, 2], [0, 1, 5, 5], [0, 4, 5, 0], [9, 2, 10, 10], [5, 7, 1, 1], [8, 3, 6, 2], [1, 4, 8, 8], [2, 9, 2, 4], [7, 5, 6, 8],
[6, 9, 0, 5], [2, 3, 3, 0], [5, 2, 8, 10], [10, 8, 0, 7], [0, 4, 7, 10], [8, 3, 7, 0], [10, 7, 2, 7], [1, 6, 2, 6], [4, 2, 0, 6], [5, 3, 5, 8],
[6, 0, 7, 5], [8, 5, 10, 6], [7, 5, 5, 5], [8, 10, 3, 7], [7, 3, 3, 8], [7, 5, 3, 0], [5, 3, 4, 8], [5, 7, 5, 0], [6, 10, 3, 3], [2, 0, 8, 10]]
[1, 1, 1, 1, 1, 0.2, 0.2, 0.2, 0.2, 0.2,
0.2, 0.2, 0.2, 0.2, 0.2, 0.2, 0.2, 0.2, 0.2, 0.2,
0.2, 0.2, 0.2, 0.2, 0.2, 0.2, 0.2, 0.2, 0.2, 0.2,
0.04, 0.04, 0.04, 0.04, 0.04, 0.04, 0.04, 0.04, 0.04, 0.04,
0.04, 0.04, 0.04, 0.04, 0.04, 0.04, 0.04, 0.04, 0.04, 0.04,
0.04, 0.04, 0.04, 0.04, 0.04, 0.008, 0.008, 0.008, 0.008, 0.008,
0.008, 0.008, 0.008, 0.008, 0.008, 0.008, 0.008, 0.008, 0.008, 0.008,
0.008, 0.008, 0.008, 0.008, 0.008, 0.008, 0.008, 0.008, 0.008, 0.008,
0.0016, 0.0016, 0.0016, 0.0016, 0.0016, 0.0016, 0.0016, 0.0016, 0.0016, 0.0016,
0.0016, 0.0016, 0.0016, 0.0016, 0.0016, 0.0016, 0.0016, 0.0016, 0.0016, 0.0016,
0.0016, 0.0016, 0.0016, 0.0016, 0.0016, 0.00032, 0.00032, 0.00032, 0.00032, 0.00032,
0.00032, 0.00032, 0.00032, 0.00032, 0.00032, 0.00032, 0.00032, 0.00032, 0.00032, 0.00032,
0.00032, 0.00032, 0.00032, 0.00032, 0.00032, 0.00032, 0.00032, 0.00032, 0.00032, 0.00032,
6.4e-05, 6.4e-05, 6.4e-05, 6.4e-05, 6.4e-05, 6.4e-05, 6.4e-05, 6.4e-05, 6.4e-05, 6.4e-05,
6.4e-05, 6.4e-05, 6.4e-05, 6.4e-05, 6.4e-05, 6.4e-05, 6.4e-05, 6.4e-05, 6.4e-05, 6.4e-05,
6.4e-05, 6.4e-05, 6.4e-05, 6.4e-05, 6.4e-05, 1.28e-05, 1.28e-05, 1.28e-05, 1.28e-05, 1.28e-05,
1.28e-05, 1.28e-05, 1.28e-05, 1.28e-05, 1.28e-05, 1.28e-05, 1.28e-05, 1.28e-05, 1.28e-05, 1.28e-05,
1.28e-05, 1.28e-05, 1.28e-05, 1.28e-05, 1.28e-05, 1.28e-05, 1.28e-05, 1.28e-05, 1.28e-05, 1.28e-05]
[16, 9, 13, 5, 19, 0, 19, 13, 0, 1,
19, 10, 2, 2, 8, 18, 6, 20, 7, 10,
16, 14, 13, 1, 14, 17, 18, 17, 11, 0,
20, 20, 0, 1, 19, 8, 0, 5, 4, 4,
7, 6, 2, 20, 0, 10, 16, 0, 4, 19,
11, 15, 5, 0, 2, 3, 0, 9, 11, 14,
7, 6, 12, 13, 5, 19, 14, 3, 10, 4,
5, 20, 15, 6, 13, 12, 3, 19, 3, 9,
18, 1, 17, 6, 6, 19, 14, 15, 1, 10,
18, 12, 18, 14, 17, 5, 6, 2, 7, 9,
17, 18, 0, 14, 10, 14, 3, 7, 10, 17,
18, 18, 6, 5, 5, 20, 15, 7, 7, 13,
2, 1, 8, 1, 2, 3, 0, 2, 18, 14,
16, 0, 8, 3, 6, 7, 0, 10, 12, 2,
8, 12, 1, 8, 18, 18, 11, 0, 4, 10,
16, 16, 2, 20, 15, 6, 5, 6, 9, 1,
14, 17, 16, 1, 16, 5, 8, 4, 3, 2,
2, 17, 5, 10, 16, 17, 10, 14, 5, 0]
------------------------------------------------------- 
# stage = 8	# children c = 5	length of each stage p = 5	nodes = 179	# items I = 1
