[75, 19, 72, 43, 26, 31, 17, 44, 3, 34,
12, 83, 32, 21, 11, 1, 50, 50, 4, 9]
[[502, 269, 745], [665, 186, 379], [969, 91, 201], [216, 399, 74], [821, 933, 139], [741, 350, 529], [174, 893, 136], [60, 598, 538], [126, 974, 120], [661, 709, 506],
[705, 200, 776], [90, 515, 612], [119, 473, 703], [320, 340, 92], [395, 811, 675], [184, 191, 15], [364, 365, 908], [500, 75, 145], [688, 863, 108], [808, 513, 817]]
[[6, 8, 1, 1], [3, 4, 6, 0], [3, 2, 7, 7], [9, 9, 5, 1], [5, 0, 3, 0], [2, 1, 9, 0], [0, 5, 7, 6], [7, 2, 1, 2], [9, 0, 4, 1], [5, 8, 10, 8],
[0, 6, 2, 7], [4, 7, 8, 7], [8, 9, 5, 8], [10, 4, 8, 0], [9, 4, 4, 3], [5, 5, 6, 3], [4, 8, 2, 9], [5, 10, 4, 3], [4, 7, 10, 6], [3, 6, 1, 9]]
[1, 1, 0.333333, 0.333333, 0.333333, 0.333333, 0.333333, 0.333333, 0.111111, 0.111111,
0.111111, 0.111111, 0.111111, 0.111111, 0.037037, 0.037037, 0.037037, 0.037037, 0.037037, 0.037037]
[8, 6, 2, 1, 8, 8, 6, 9, 4, 9,
3, 9, 2, 1, 10, 9, 7, 3, 3, 10]
------------------------------------------------------- 
# stage = 4	# children c = 3	length of each stage p = 2	nodes = 19	# items I = 1
