[1, 10, 51, 51, 97, 88, 53, 98, 11, 49,
28, 20, 33, 16, 31, 64, 35, 28, 57, 10,
48, 67, 15, 86, 79, 26, 24, 88, 79, 10,
23, 81, 20, 40, 98, 83, 28, 50, 80, 5,
99, 7, 26, 98, 90, 57, 62, 24, 51, 18,
34, 100, 86, 15, 51, 30, 41, 75, 84, 19,
51, 7, 66, 71, 47, 63, 19, 41, 80, 99,
13, 44, 5, 39, 42, 95, 62, 3, 18, 13]
[[782, 1309, 157], [1133, 952, 1250], [1032, 416, 844], [916, 545, 1570], [1769, 572, 530], [1732, 1166, 139], [763, 1543, 362], [950, 226, 1720], [421, 699, 108], [128, 1407, 1423],
[52, 1457, 817], [210, 675, 1770], [1460, 974, 1453], [1571, 1890, 83], [493, 1011, 1837], [1024, 829, 1088], [430, 1592, 716], [793, 1809, 210], [1780, 315, 176], [1888, 1625, 1584],
[1396, 1677, 1126], [1481, 1887, 1068], [603, 699, 128], [141, 356, 103], [1406, 116, 382], [1328, 1140, 1211], [1683, 1571, 888], [1667, 1631, 782], [1144, 1496, 364], [1320, 1469, 74],
[989, 218, 1751], [1382, 1699, 991], [536, 387, 957], [1846, 1710, 580], [1216, 1201, 697], [1598, 1796, 1837], [894, 831, 760], [1049, 583, 476], [1098, 994, 1239], [1462, 1582, 61],
[803, 1838, 279], [1822, 1306, 1245], [165, 1109, 899], [1122, 1040, 694], [1703, 341, 1162], [1667, 25, 310], [856, 919, 1141], [1617, 1236, 992], [1360, 419, 71], [685, 1149, 920],
[13, 37, 844], [292, 1126, 235], [804, 1291, 1344], [1703, 499, 469], [1664, 1469, 77], [178, 488, 102], [488, 1344, 289], [896, 1046, 1525], [1888, 1674, 29], [1227, 444, 445],
[232, 457, 483], [1076, 16, 1609], [578, 87, 986], [7, 1790, 752], [1658, 806, 1488], [1736, 984, 61], [1105, 739, 1405], [1394, 1635, 1719], [271, 1609, 1478], [1483, 188, 1189],
[13, 420, 913], [496, 764, 196], [1373, 1342, 283], [1626, 617, 1340], [463, 1542, 231], [1218, 630, 482], [1279, 1736, 1221], [36, 482, 941], [1022, 754, 1817], [1767, 322, 90]]
[[8, 4, 3, 3], [3, 3, 4, 9], [6, 5, 5, 6], [7, 5, 10, 5], [7, 8, 3, 10], [9, 3, 4, 5], [8, 8, 6, 2], [9, 1, 3, 5], [6, 4, 6, 7], [7, 10, 6, 2],
[5, 9, 9, 1], [3, 6, 4, 8], [3, 8, 7, 1], [0, 1, 5, 7], [7, 9, 9, 4], [10, 10, 7, 3], [3, 2, 0, 10], [2, 6, 0, 7], [2, 9, 6, 5], [4, 0, 3, 5],
[6, 8, 5, 6], [7, 8, 2, 4], [6, 9, 8, 5], [8, 4, 9, 9], [4, 9, 9, 6], [2, 9, 0, 4], [5, 7, 7, 7], [5, 8, 1, 0], [6, 4, 4, 2], [1, 5, 6, 7],
[3, 1, 0, 10], [3, 9, 8, 8], [5, 6, 1, 5], [2, 2, 7, 5], [7, 3, 1, 1], [1, 1, 10, 5], [3, 3, 7, 5], [8, 1, 10, 10], [2, 10, 9, 4], [8, 6, 10, 0],
[0, 0, 5, 0], [0, 10, 6, 7], [1, 5, 6, 0], [4, 5, 5, 8], [7, 1, 2, 4], [0, 10, 1, 1], [10, 10, 5, 5], [4, 2, 6, 2], [0, 9, 2, 1], [9, 6, 6, 8],
[10, 2, 8, 3], [5, 2, 9, 1], [1, 9, 4, 0], [9, 5, 1, 8], [3, 4, 2, 7], [6, 8, 9, 6], [5, 9, 5, 1], [5, 1, 9, 4], [1, 4, 5, 6], [4, 4, 6, 5],
[2, 8, 3, 0], [0, 4, 8, 3], [6, 9, 8, 1], [4, 4, 6, 9], [3, 0, 10, 6], [1, 6, 8, 2], [10, 2, 7, 3], [4, 0, 7, 5], [8, 10, 5, 6], [2, 1, 8, 8],
[8, 5, 8, 1], [8, 1, 0, 9], [1, 8, 4, 1], [2, 10, 1, 10], [10, 6, 3, 4], [6, 8, 7, 1], [5, 1, 8, 5], [0, 5, 3, 8], [8, 9, 8, 5], [10, 6, 3, 9]]
[1, 1, 1, 1, 1, 0.333333, 0.333333, 0.333333, 0.333333, 0.333333,
0.333333, 0.333333, 0.333333, 0.333333, 0.333333, 0.333333, 0.333333, 0.333333, 0.333333, 0.333333,
0.111111, 0.111111, 0.111111, 0.111111, 0.111111, 0.111111, 0.111111, 0.111111, 0.111111, 0.111111,
0.111111, 0.111111, 0.111111, 0.111111, 0.111111, 0.037037, 0.037037, 0.037037, 0.037037, 0.037037,
0.037037, 0.037037, 0.037037, 0.037037, 0.037037, 0.037037, 0.037037, 0.037037, 0.037037, 0.037037,
0.0123457, 0.0123457, 0.0123457, 0.0123457, 0.0123457, 0.0123457, 0.0123457, 0.0123457, 0.0123457, 0.0123457,
0.0123457, 0.0123457, 0.0123457, 0.0123457, 0.0123457, 0.00411523, 0.00411523, 0.00411523, 0.00411523, 0.00411523,
0.00411523, 0.00411523, 0.00411523, 0.00411523, 0.00411523, 0.00411523, 0.00411523, 0.00411523, 0.00411523, 0.00411523]
[2, 6, 7, 4, 2, 5, 5, 0, 0, 4,
0, 1, 5, 4, 4, 6, 5, 2, 9, 8,
6, 8, 9, 9, 3, 3, 8, 4, 1, 7,
1, 3, 8, 0, 4, 0, 6, 4, 9, 9,
1, 9, 6, 4, 5, 4, 7, 6, 5, 4,
0, 3, 7, 6, 3, 2, 7, 8, 0, 4,
9, 7, 0, 6, 3, 9, 9, 2, 2, 5,
4, 4, 4, 9, 0, 3, 8, 7, 7, 8]
------------------------------------------------------- 
# stage = 6	# children c = 3	length of each stage p = 5	nodes = 79	# items I = 1
