[52, 53, 45, 52, 58, 74, 78, 81, 75, 39,
86, 25, 73, 4, 14, 11, 42, 90, 99, 92,
75, 64, 79, 50, 65, 94, 65, 47, 41, 1,
63, 94, 54, 74, 45, 79, 47, 22, 25, 88,
27, 77, 12, 66, 81, 94, 44, 90, 83, 42,
81, 24, 5, 25, 74, 36, 18, 4, 83, 26,
73, 45, 19, 93, 19, 30, 71, 32, 19, 62,
20, 12, 39, 99, 79, 86, 92, 22, 75, 41,
30, 22, 31, 1, 47, 71, 37, 66, 75, 86,
92, 47, 31, 77, 40, 16, 73, 77, 14, 58,
5, 34, 71, 10, 100, 15, 96, 57, 3, 37,
98, 33, 59, 95, 0, 5, 65, 37, 37, 40,
22, 95, 53, 19, 37, 59, 1, 10, 2, 16,
68, 7, 16, 4, 84, 15, 86, 45, 73, 89,
48, 36, 88, 6, 31, 88, 79, 96, 91, 82,
1, 80, 77, 21, 65, 13, 46, 67, 90, 48,
83, 24, 21, 99, 95, 4, 81, 81, 16, 19,
35, 64, 21, 23, 37, 18, 77, 15, 81, 34]
[[1091, 782, 1840], [1269, 1959, 1365], [719, 1531, 1161], [43, 159, 1874], [682, 363, 666], [1211, 1851, 240], [771, 1256, 1027], [1665, 180, 1492], [1920, 893, 590], [934, 204, 520],
[1602, 1349, 1303], [1443, 618, 1262], [754, 1391, 794], [1969, 1434, 1007], [1843, 62, 1424], [510, 1327, 1221], [750, 44, 423], [1831, 1764, 657], [1269, 1630, 1550], [1914, 564, 1808],
[380, 166, 1103], [1737, 1609, 1721], [1000, 363, 1058], [1794, 278, 492], [747, 122, 608], [171, 632, 1935], [1392, 1382, 2034], [1869, 1160, 1744], [526, 429, 1374], [23, 289, 1938],
[1831, 724, 104], [935, 461, 1768], [656, 1461, 77], [1769, 1255, 410], [207, 2, 532], [870, 173, 1218], [751, 1619, 600], [731, 1488, 1814], [475, 2015, 190], [1849, 38, 533],
[1787, 1923, 1257], [1892, 804, 1773], [1606, 1515, 1180], [1737, 1230, 382], [147, 1491, 438], [733, 307, 612], [1951, 1059, 177], [498, 1844, 1666], [258, 266, 1627], [502, 115, 1665],
[1036, 1903, 1588], [293, 1741, 339], [12, 1347, 1854], [1247, 1084, 1084], [1629, 1232, 521], [13, 1965, 883], [679, 1917, 1942], [857, 361, 1786], [523, 673, 2052], [96, 1176, 114],
[1815, 212, 17], [1403, 505, 1812], [1742, 572, 1159], [1596, 1819, 189], [680, 1448, 1475], [1202, 1515, 1387], [31, 141, 1304], [2027, 1052, 1665], [1813, 1575, 338], [1866, 1725, 1568],
[2034, 1540, 1780], [2051, 889, 286], [1809, 632, 858], [914, 174, 677], [1157, 855, 71], [579, 57, 1586], [2020, 142, 1781], [1270, 169, 779], [935, 1982, 300], [1273, 1794, 25],
[788, 1828, 1565], [568, 1825, 401], [908, 1634, 1033], [1766, 548, 1261], [443, 1706, 116], [514, 285, 227], [101, 251, 369], [1936, 1521, 592], [662, 456, 521], [1016, 1729, 315],
[1096, 517, 90], [607, 1140, 1969], [1062, 2048, 1550], [95, 1815, 44], [1357, 204, 1804], [1527, 773, 35], [1755, 928, 340], [70, 810, 1861], [663, 1526, 317], [1238, 543, 2047],
[1607, 1639, 564], [1697, 246, 1704], [1613, 1309, 1753], [1163, 1458, 1514], [1261, 761, 1772], [1012, 235, 491], [1101, 2044, 1473], [1442, 60, 284], [1303, 777, 1810], [1621, 15, 353],
[1668, 1623, 2046], [232, 1320, 239], [1991, 879, 1602], [1690, 42, 1006], [1204, 1304, 1822], [922, 316, 57], [1468, 1471, 47], [941, 859, 161], [1225, 163, 993], [982, 1784, 1008],
[1389, 1452, 577], [1382, 1684, 1898], [1621, 1621, 777], [1223, 1311, 874], [229, 461, 178], [2051, 1438, 494], [108, 906, 1965], [209, 1847, 825], [425, 1019, 988], [1418, 1, 772],
[372, 1390, 170], [1004, 718, 1908], [902, 339, 1476], [1679, 1562, 733], [553, 1792, 1249], [731, 1843, 633], [1279, 2006, 1539], [1245, 161, 1332], [16, 586, 351], [1058, 4, 352],
[1830, 431, 1743], [0, 1435, 407], [1908, 337, 747], [1384, 16, 309], [118, 570, 47], [1421, 1301, 1945], [0, 527, 1951], [1593, 1772, 58], [925, 1842, 699], [1277, 900, 757],
[1683, 730, 1188], [1372, 730, 623], [1834, 638, 960], [527, 23, 977], [890, 195, 1547], [992, 1616, 848], [883, 1670, 1429], [780, 1209, 1201], [892, 134, 989], [1645, 1465, 1943],
[403, 1095, 619], [1591, 413, 1403], [215, 193, 42], [1175, 774, 65], [98, 1719, 260], [1699, 657, 1930], [494, 1540, 1546], [1923, 320, 755], [1125, 1266, 889], [60, 912, 355],
[4, 1315, 1450], [623, 906, 1917], [2027, 1121, 111], [15, 243, 885], [134, 395, 550], [448, 95, 1261], [324, 589, 747], [1870, 512, 1121], [625, 1691, 388], [1568, 1806, 1300]]
[[2, 3, 3, 8], [9, 10, 3, 8], [2, 2, 3, 10], [5, 7, 2, 10], [3, 6, 7, 7], [10, 8, 10, 1], [1, 6, 8, 9], [4, 3, 0, 4], [4, 3, 2, 3], [2, 3, 9, 3],
[3, 10, 0, 9], [6, 0, 6, 10], [6, 2, 4, 3], [10, 1, 5, 10], [7, 0, 8, 9], [3, 8, 3, 5], [0, 5, 6, 0], [6, 4, 1, 9], [4, 2, 7, 8], [2, 2, 7, 9],
[2, 10, 10, 2], [0, 4, 1, 6], [4, 9, 4, 5], [6, 7, 0, 4], [10, 6, 2, 3], [9, 4, 2, 2], [6, 7, 10, 6], [8, 5, 4, 10], [2, 4, 10, 2], [6, 0, 8, 9],
[7, 0, 3, 2], [5, 1, 4, 5], [6, 7, 6, 4], [9, 8, 4, 2], [3, 3, 8, 0], [6, 2, 8, 8], [4, 8, 9, 8], [6, 4, 6, 3], [2, 8, 5, 8], [9, 8, 0, 2],
[2, 6, 6, 0], [2, 10, 2, 5], [1, 8, 3, 5], [8, 9, 1, 10], [4, 8, 8, 0], [1, 3, 3, 2], [9, 6, 10, 6], [3, 10, 8, 5], [3, 4, 3, 5], [1, 3, 8, 2],
[1, 0, 6, 7], [8, 7, 7, 1], [4, 4, 1, 3], [5, 4, 5, 4], [9, 4, 10, 1], [1, 5, 5, 5], [9, 6, 10, 9], [10, 8, 9, 9], [6, 4, 5, 1], [9, 1, 3, 2],
[5, 4, 4, 0], [7, 7, 2, 5], [1, 10, 4, 0], [4, 7, 3, 1], [3, 1, 10, 2], [7, 8, 9, 2], [0, 3, 4, 9], [5, 5, 10, 8], [7, 3, 6, 3], [10, 8, 6, 9],
[7, 9, 8, 1], [5, 0, 0, 8], [1, 10, 8, 8], [5, 6, 9, 5], [10, 0, 2, 2], [5, 1, 8, 1], [4, 4, 3, 1], [10, 7, 9, 5], [5, 6, 4, 9], [6, 4, 6, 6],
[3, 2, 3, 8], [8, 1, 1, 5], [1, 3, 5, 4], [4, 3, 4, 6], [7, 5, 5, 6], [1, 3, 0, 5], [7, 4, 1, 1], [6, 5, 7, 9], [7, 10, 5, 3], [10, 6, 8, 9],
[7, 3, 1, 9], [6, 5, 4, 0], [10, 7, 4, 9], [0, 5, 1, 5], [7, 2, 6, 3], [8, 2, 10, 2], [0, 2, 5, 10], [6, 1, 6, 2], [4, 7, 0, 8], [1, 2, 8, 9],
[10, 1, 6, 8], [4, 7, 2, 10], [8, 9, 0, 3], [9, 10, 5, 9], [2, 9, 6, 6], [10, 2, 9, 3], [9, 9, 9, 9], [10, 6, 7, 9], [7, 2, 4, 1], [8, 6, 9, 5],
[2, 9, 6, 1], [6, 9, 8, 6], [5, 4, 2, 4], [6, 0, 5, 4], [7, 3, 2, 6], [9, 8, 2, 4], [10, 6, 3, 5], [0, 1, 8, 0], [10, 3, 10, 5], [0, 8, 10, 5],
[1, 1, 10, 7], [1, 2, 9, 8], [4, 10, 2, 2], [7, 2, 4, 4], [9, 5, 10, 7], [6, 5, 5, 3], [7, 5, 7, 7], [2, 6, 10, 1], [7, 9, 8, 6], [10, 4, 1, 3],
[3, 3, 3, 10], [6, 8, 2, 2], [0, 1, 7, 7], [4, 1, 8, 0], [6, 2, 7, 6], [6, 7, 7, 2], [3, 2, 6, 0], [5, 8, 3, 8], [0, 5, 6, 4], [2, 8, 4, 0],
[7, 0, 7, 0], [0, 3, 1, 4], [5, 6, 0, 1], [0, 5, 1, 4], [6, 8, 2, 0], [5, 6, 6, 3], [0, 1, 8, 0], [7, 1, 0, 3], [0, 6, 4, 0], [7, 3, 4, 1],
[9, 2, 0, 10], [8, 0, 1, 1], [8, 3, 10, 0], [7, 5, 3, 5], [5, 9, 3, 1], [9, 2, 5, 9], [8, 7, 7, 2], [10, 0, 3, 8], [3, 2, 5, 9], [2, 6, 8, 8],
[8, 7, 8, 4], [10, 9, 10, 4], [6, 0, 6, 2], [2, 9, 9, 8], [5, 5, 10, 4], [3, 1, 10, 4], [3, 5, 0, 3], [0, 8, 0, 8], [2, 6, 0, 2], [2, 8, 6, 6],
[8, 10, 8, 0], [8, 6, 8, 0], [9, 8, 4, 2], [9, 4, 6, 10], [9, 7, 2, 7], [2, 0, 5, 5], [4, 3, 7, 4], [0, 0, 0, 8], [0, 8, 8, 6], [2, 4, 7, 0]]
[1, 1, 1, 1, 1, 0.2, 0.2, 0.2, 0.2, 0.2,
0.2, 0.2, 0.2, 0.2, 0.2, 0.2, 0.2, 0.2, 0.2, 0.2,
0.2, 0.2, 0.2, 0.2, 0.2, 0.2, 0.2, 0.2, 0.2, 0.2,
0.04, 0.04, 0.04, 0.04, 0.04, 0.04, 0.04, 0.04, 0.04, 0.04,
0.04, 0.04, 0.04, 0.04, 0.04, 0.04, 0.04, 0.04, 0.04, 0.04,
0.04, 0.04, 0.04, 0.04, 0.04, 0.008, 0.008, 0.008, 0.008, 0.008,
0.008, 0.008, 0.008, 0.008, 0.008, 0.008, 0.008, 0.008, 0.008, 0.008,
0.008, 0.008, 0.008, 0.008, 0.008, 0.008, 0.008, 0.008, 0.008, 0.008,
0.0016, 0.0016, 0.0016, 0.0016, 0.0016, 0.0016, 0.0016, 0.0016, 0.0016, 0.0016,
0.0016, 0.0016, 0.0016, 0.0016, 0.0016, 0.0016, 0.0016, 0.0016, 0.0016, 0.0016,
0.0016, 0.0016, 0.0016, 0.0016, 0.0016, 0.00032, 0.00032, 0.00032, 0.00032, 0.00032,
0.00032, 0.00032, 0.00032, 0.00032, 0.00032, 0.00032, 0.00032, 0.00032, 0.00032, 0.00032,
0.00032, 0.00032, 0.00032, 0.00032, 0.00032, 0.00032, 0.00032, 0.00032, 0.00032, 0.00032,
6.4e-05, 6.4e-05, 6.4e-05, 6.4e-05, 6.4e-05, 6.4e-05, 6.4e-05, 6.4e-05, 6.4e-05, 6.4e-05,
6.4e-05, 6.4e-05, 6.4e-05, 6.4e-05, 6.4e-05, 6.4e-05, 6.4e-05, 6.4e-05, 6.4e-05, 6.4e-05,
6.4e-05, 6.4e-05, 6.4e-05, 6.4e-05, 6.4e-05, 1.28e-05, 1.28e-05, 1.28e-05, 1.28e-05, 1.28e-05,
1.28e-05, 1.28e-05, 1.28e-05, 1.28e-05, 1.28e-05, 1.28e-05, 1.28e-05, 1.28e-05, 1.28e-05, 1.28e-05,
1.28e-05, 1.28e-05, 1.28e-05, 1.28e-05, 1.28e-05, 1.28e-05, 1.28e-05, 1.28e-05, 1.28e-05, 1.28e-05]
[1, 1, 19, 2, 0, 14, 14, 12, 15, 17,
6, 7, 18, 20, 2, 12, 0, 17, 18, 16,
0, 10, 3, 8, 13, 15, 13, 17, 5, 19,
15, 7, 0, 11, 18, 11, 11, 6, 0, 6,
14, 11, 19, 13, 20, 5, 20, 4, 11, 15,
19, 2, 4, 19, 18, 17, 4, 16, 10, 2,
17, 19, 17, 12, 17, 13, 10, 20, 19, 14,
0, 7, 13, 3, 8, 9, 10, 17, 7, 9,
14, 12, 13, 14, 6, 5, 16, 7, 12, 9,
13, 1, 0, 4, 5, 6, 11, 20, 6, 10,
19, 14, 4, 20, 9, 13, 4, 2, 7, 10,
16, 8, 12, 3, 19, 5, 6, 6, 17, 2,
14, 7, 5, 3, 13, 1, 7, 10, 15, 14,
6, 3, 15, 18, 12, 15, 13, 2, 8, 6,
14, 5, 13, 17, 8, 16, 4, 1, 5, 7,
15, 0, 0, 0, 5, 5, 10, 17, 4, 7,
0, 3, 19, 0, 20, 18, 7, 19, 0, 12,
3, 1, 2, 13, 10, 17, 20, 12, 0, 19]
------------------------------------------------------- 
# stage = 8	# children c = 5	length of each stage p = 5	nodes = 179	# items I = 1
