[59, 26, 23, 81, 86, 75, 3, 54, 44, 67,
94, 81, 88, 80, 1, 34, 80, 86, 64, 94,
0, 52, 45, 61, 93, 9, 58, 5, 7, 92,
23, 66, 17, 12, 46, 69, 88, 15, 23, 98,
83, 83, 79, 70, 63, 46, 3, 8, 31, 33,
1, 98, 52, 46, 58, 44, 21, 15, 16, 28,
6, 39, 94, 91, 51, 6, 25, 38, 21, 48,
36, 3, 31, 81, 40, 60, 26, 43, 68, 24,
43, 69, 21, 95, 82, 46, 38, 2, 61, 54,
98, 34, 59, 91, 91, 10, 63, 15, 14, 85,
30, 16, 54, 27, 97, 94, 87, 90, 3, 54,
80, 46, 89, 0, 40, 70, 46, 44, 39, 74,
65, 36, 7, 23, 93, 64, 100, 56, 79, 14]
[[619, 816, 531], [624, 904, 73], [827, 165, 41], [309, 441, 833], [19, 716, 909], [240, 279, 314], [672, 71, 715], [406, 27, 684], [130, 398, 595], [860, 948, 563],
[790, 912, 723], [347, 562, 972], [738, 415, 163], [779, 68, 923], [956, 405, 665], [892, 646, 288], [232, 662, 677], [291, 94, 704], [1, 543, 446], [914, 429, 421],
[822, 245, 359], [571, 911, 265], [569, 675, 24], [77, 481, 410], [344, 781, 816], [353, 699, 806], [641, 276, 812], [344, 885, 251], [393, 887, 794], [183, 171, 567],
[922, 19, 157], [625, 909, 94], [890, 822, 769], [258, 899, 594], [669, 587, 402], [829, 284, 445], [661, 269, 65], [817, 614, 951], [94, 351, 208], [888, 534, 379],
[482, 483, 717], [957, 452, 652], [77, 369, 500], [190, 945, 744], [129, 640, 357], [849, 495, 960], [638, 500, 255], [704, 344, 213], [25, 438, 564], [233, 671, 443],
[930, 497, 270], [673, 480, 722], [351, 875, 435], [852, 91, 407], [940, 538, 391], [641, 413, 887], [627, 78, 731], [883, 126, 419], [122, 151, 202], [31, 702, 217],
[792, 658, 714], [88, 358, 220], [154, 53, 439], [590, 249, 530], [341, 215, 413], [732, 857, 826], [963, 828, 248], [65, 737, 692], [484, 204, 843], [30, 235, 571],
[247, 53, 256], [961, 459, 932], [525, 613, 11], [964, 547, 579], [839, 888, 794], [278, 965, 21], [448, 954, 850], [41, 45, 613], [733, 848, 817], [603, 878, 396],
[518, 152, 449], [118, 457, 908], [394, 9, 866], [724, 317, 757], [329, 182, 672], [467, 778, 7], [489, 571, 305], [365, 612, 351], [322, 371, 543], [484, 318, 447],
[224, 181, 917], [674, 617, 719], [926, 38, 728], [162, 762, 389], [920, 117, 890], [936, 584, 694], [943, 417, 609], [274, 126, 247], [943, 767, 937], [512, 277, 599],
[304, 501, 780], [565, 519, 424], [310, 790, 780], [382, 952, 568], [772, 242, 29], [688, 204, 931], [726, 173, 375], [362, 766, 501], [609, 735, 612], [890, 592, 889],
[834, 240, 735], [640, 805, 598], [408, 142, 414], [532, 842, 711], [126, 640, 953], [473, 672, 502], [431, 425, 19], [150, 787, 785], [651, 740, 865], [290, 1, 801],
[523, 835, 67], [602, 819, 216], [227, 572, 676], [959, 130, 545], [40, 575, 529], [338, 74, 228], [840, 505, 653], [859, 655, 784], [15, 651, 868], [224, 285, 213]]
[[5, 9, 2, 3], [5, 10, 0, 2], [1, 8, 4, 4], [2, 5, 1, 8], [10, 2, 10, 7], [5, 0, 9, 2], [1, 2, 7, 0], [4, 5, 5, 7], [2, 8, 10, 5], [5, 8, 8, 6],
[5, 1, 8, 5], [4, 9, 2, 2], [0, 2, 7, 3], [0, 6, 5, 10], [8, 10, 9, 10], [5, 3, 6, 7], [9, 5, 1, 3], [1, 7, 7, 6], [7, 4, 1, 0], [1, 1, 0, 10],
[1, 8, 3, 0], [3, 6, 10, 9], [6, 8, 8, 9], [10, 3, 5, 8], [6, 4, 1, 5], [1, 8, 1, 8], [0, 0, 6, 1], [10, 5, 0, 10], [2, 1, 10, 3], [6, 7, 1, 1],
[3, 9, 10, 2], [10, 2, 8, 3], [4, 9, 9, 3], [5, 8, 9, 5], [8, 5, 6, 5], [8, 4, 4, 10], [4, 1, 0, 10], [7, 1, 9, 10], [8, 6, 10, 7], [8, 7, 10, 10],
[4, 8, 3, 9], [3, 1, 1, 9], [4, 7, 4, 1], [9, 6, 9, 0], [8, 9, 10, 4], [8, 8, 1, 5], [3, 0, 10, 9], [5, 10, 9, 9], [5, 1, 7, 9], [2, 8, 7, 5],
[2, 9, 6, 10], [5, 3, 10, 0], [1, 8, 2, 8], [5, 1, 2, 7], [1, 2, 5, 6], [10, 1, 5, 2], [0, 10, 9, 3], [6, 4, 6, 6], [2, 1, 5, 5], [4, 3, 3, 4],
[0, 3, 1, 3], [4, 1, 10, 5], [3, 3, 10, 0], [2, 2, 3, 3], [10, 1, 4, 5], [5, 10, 1, 6], [9, 4, 0, 3], [7, 2, 5, 7], [5, 4, 9, 10], [5, 6, 2, 7],
[7, 1, 7, 10], [1, 8, 2, 1], [8, 6, 4, 0], [3, 3, 6, 1], [8, 5, 2, 4], [7, 7, 10, 10], [9, 6, 9, 2], [1, 1, 9, 9], [0, 3, 8, 2], [10, 8, 1, 7],
[1, 5, 7, 4], [7, 1, 3, 4], [4, 6, 6, 9], [0, 3, 8, 10], [9, 5, 1, 0], [6, 8, 7, 4], [9, 2, 4, 8], [8, 3, 4, 9], [7, 10, 0, 3], [9, 1, 7, 2],
[7, 2, 0, 6], [4, 6, 3, 2], [0, 2, 0, 4], [10, 5, 7, 6], [7, 0, 4, 4], [4, 8, 0, 0], [5, 9, 3, 3], [0, 8, 3, 5], [8, 1, 9, 1], [8, 1, 2, 6],
[1, 2, 0, 9], [6, 5, 5, 2], [5, 9, 5, 7], [4, 3, 5, 10], [2, 6, 0, 0], [3, 4, 3, 1], [5, 2, 0, 2], [1, 2, 7, 3], [3, 5, 1, 9], [10, 6, 9, 2],
[4, 3, 10, 9], [5, 4, 6, 5], [0, 6, 5, 1], [10, 6, 0, 5], [8, 1, 5, 8], [1, 1, 0, 4], [4, 10, 0, 3], [6, 10, 6, 8], [0, 3, 4, 5], [7, 10, 8, 5],
[6, 2, 7, 3], [7, 5, 8, 2], [6, 1, 10, 8], [0, 8, 10, 5], [8, 0, 6, 1], [8, 10, 7, 6], [2, 1, 10, 8], [9, 7, 2, 4], [8, 7, 6, 4], [0, 1, 6, 6]]
[1, 1, 1, 1, 1, 0.2, 0.2, 0.2, 0.2, 0.2,
0.2, 0.2, 0.2, 0.2, 0.2, 0.2, 0.2, 0.2, 0.2, 0.2,
0.2, 0.2, 0.2, 0.2, 0.2, 0.2, 0.2, 0.2, 0.2, 0.2,
0.04, 0.04, 0.04, 0.04, 0.04, 0.04, 0.04, 0.04, 0.04, 0.04,
0.04, 0.04, 0.04, 0.04, 0.04, 0.04, 0.04, 0.04, 0.04, 0.04,
0.04, 0.04, 0.04, 0.04, 0.04, 0.008, 0.008, 0.008, 0.008, 0.008,
0.008, 0.008, 0.008, 0.008, 0.008, 0.008, 0.008, 0.008, 0.008, 0.008,
0.008, 0.008, 0.008, 0.008, 0.008, 0.008, 0.008, 0.008, 0.008, 0.008,
0.0016, 0.0016, 0.0016, 0.0016, 0.0016, 0.0016, 0.0016, 0.0016, 0.0016, 0.0016,
0.0016, 0.0016, 0.0016, 0.0016, 0.0016, 0.0016, 0.0016, 0.0016, 0.0016, 0.0016,
0.0016, 0.0016, 0.0016, 0.0016, 0.0016, 0.00032, 0.00032, 0.00032, 0.00032, 0.00032,
0.00032, 0.00032, 0.00032, 0.00032, 0.00032, 0.00032, 0.00032, 0.00032, 0.00032, 0.00032,
0.00032, 0.00032, 0.00032, 0.00032, 0.00032, 0.00032, 0.00032, 0.00032, 0.00032, 0.00032]
[4, 2, 2, 8, 7, 2, 4, 7, 8, 4,
4, 7, 8, 5, 5, 5, 7, 8, 6, 7,
2, 9, 5, 0, 2, 4, 9, 7, 7, 8,
4, 6, 5, 2, 5, 6, 3, 7, 4, 5,
5, 6, 3, 4, 7, 7, 1, 5, 9, 0,
1, 5, 4, 6, 3, 6, 5, 5, 8, 2,
6, 9, 4, 8, 7, 2, 6, 7, 6, 0,
9, 0, 3, 4, 9, 8, 8, 7, 5, 8,
5, 2, 5, 4, 7, 1, 3, 2, 9, 9,
6, 6, 7, 9, 2, 6, 4, 0, 0, 3,
1, 5, 0, 4, 7, 2, 2, 0, 5, 2,
1, 6, 0, 7, 5, 0, 8, 4, 7, 3,
3, 2, 8, 8, 6, 5, 1, 7, 2, 6]
------------------------------------------------------- 
# stage = 6	# children c = 5	length of each stage p = 5	nodes = 129	# items I = 1
