[18, 18, 84, 55, 32, 76, 65, 56, 10, 47,
93, 31, 92, 2, 72, 9, 62, 15, 23, 30,
63, 46, 65, 62, 95, 55, 97, 32, 20, 14,
84, 4, 32, 68, 59, 30, 9, 90, 86, 87,
37, 44, 17, 28, 46, 55, 3, 7, 36, 26,
3, 99, 72, 69, 61, 66, 23, 23, 65, 9,
37, 48, 13, 35, 82, 72, 66, 58, 28]
[[816, 942, 699], [576, 440, 565], [880, 437, 765], [16, 707, 158], [472, 309, 273], [700, 86, 979], [925, 9, 171], [663, 660, 529], [927, 368, 614], [769, 374, 314],
[178, 190, 946], [567, 766, 75], [131, 335, 513], [586, 351, 910], [435, 824, 219], [708, 523, 996], [376, 137, 5], [548, 800, 355], [76, 416, 723], [381, 184, 97],
[385, 362, 287], [330, 930, 52], [95, 751, 77], [608, 337, 428], [208, 772, 942], [117, 169, 465], [112, 545, 292], [808, 783, 92], [162, 550, 508], [886, 931, 383],
[673, 5, 745], [650, 25, 364], [392, 120, 115], [469, 419, 142], [897, 627, 604], [839, 744, 773], [994, 856, 7], [285, 354, 791], [67, 516, 340], [266, 91, 961],
[649, 454, 966], [83, 103, 991], [448, 495, 801], [253, 964, 219], [395, 551, 846], [689, 79, 279], [461, 72, 826], [468, 47, 179], [949, 806, 385], [288, 762, 477],
[939, 410, 931], [904, 183, 34], [584, 631, 219], [385, 574, 183], [294, 969, 734], [140, 657, 813], [419, 808, 575], [244, 967, 312], [113, 915, 117], [499, 894, 879],
[666, 832, 979], [596, 426, 162], [320, 9, 483], [540, 84, 57], [413, 379, 716], [837, 209, 63], [649, 318, 561], [914, 253, 527], [916, 366, 442]]
[[7, 10, 8, 9], [0, 8, 10, 6], [9, 0, 10, 5], [8, 9, 0, 3], [1, 5, 9, 5], [6, 5, 8, 3], [8, 2, 7, 5], [6, 7, 7, 1], [4, 4, 8, 4], [1, 5, 10, 8],
[5, 7, 0, 3], [3, 0, 4, 2], [5, 1, 7, 0], [6, 4, 4, 2], [5, 9, 7, 9], [3, 3, 10, 7], [5, 5, 0, 6], [0, 8, 3, 5], [4, 1, 6, 8], [1, 9, 10, 7],
[10, 5, 5, 3], [7, 7, 5, 1], [5, 10, 0, 8], [2, 8, 4, 7], [3, 2, 0, 3], [10, 1, 6, 2], [2, 2, 8, 4], [0, 5, 9, 8], [10, 1, 0, 7], [9, 4, 6, 1],
[3, 4, 8, 4], [0, 1, 0, 3], [4, 10, 4, 1], [0, 10, 3, 1], [1, 0, 3, 10], [6, 10, 5, 5], [0, 4, 10, 7], [8, 4, 9, 9], [6, 6, 2, 6], [5, 1, 9, 7],
[9, 0, 9, 7], [0, 1, 8, 10], [2, 0, 8, 8], [10, 2, 0, 9], [6, 9, 5, 1], [0, 1, 0, 6], [7, 0, 2, 2], [10, 9, 7, 8], [10, 5, 5, 8], [7, 0, 7, 7],
[1, 2, 4, 9], [5, 2, 7, 9], [0, 0, 0, 0], [1, 9, 7, 9], [9, 7, 9, 7], [5, 5, 4, 2], [9, 7, 10, 5], [8, 5, 1, 9], [7, 3, 5, 10], [5, 2, 9, 4],
[0, 9, 2, 1], [7, 7, 8, 3], [3, 6, 10, 7], [10, 2, 7, 6], [9, 5, 0, 6], [10, 10, 2, 4], [0, 8, 4, 3], [8, 0, 5, 8], [9, 8, 9, 3]]
[1, 1, 1, 0.5, 0.5, 0.5, 0.5, 0.5, 0.5, 0.25,
0.25, 0.25, 0.25, 0.25, 0.25, 0.125, 0.125, 0.125, 0.125, 0.125,
0.125, 0.0625, 0.0625, 0.0625, 0.0625, 0.0625, 0.0625, 0.03125, 0.03125, 0.03125,
0.03125, 0.03125, 0.03125, 0.015625, 0.015625, 0.015625, 0.015625, 0.015625, 0.015625, 0.0078125,
0.0078125, 0.0078125, 0.0078125, 0.0078125, 0.0078125, 0.00390625, 0.00390625, 0.00390625, 0.00390625, 0.00390625,
0.00390625, 0.00195312, 0.00195312, 0.00195312, 0.00195312, 0.00195312, 0.00195312, 0.000976562, 0.000976562, 0.000976562,
0.000976562, 0.000976562, 0.000976562, 0.000488281, 0.000488281, 0.000488281, 0.000488281, 0.000488281, 0.000488281]
[18, 0, 5, 19, 11, 5, 2, 10, 2, 4,
11, 12, 11, 6, 15, 7, 11, 14, 15, 17,
0, 8, 0, 8, 13, 11, 6, 5, 13, 12,
9, 17, 0, 9, 2, 0, 0, 0, 20, 4,
19, 12, 16, 19, 3, 14, 3, 5, 0, 19,
16, 19, 2, 18, 5, 12, 14, 5, 15, 16,
8, 6, 16, 15, 4, 14, 7, 16, 8]
------------------------------------------------------- 
# stage = 12	# children c = 2	length of each stage p = 3	nodes = 68	# items I = 1
