[78, 30, 79, 3, 40, 33, 82, 10, 8, 1,
87, 34, 7, 33, 20, 68, 83, 14, 72, 94,
11, 38, 3, 93, 55, 70, 16, 3, 35, 8,
30, 12, 4, 9, 16, 44, 8, 64, 54, 16,
65, 6, 17, 72, 5, 3, 5, 88, 17, 43,
47, 96, 81, 50, 54, 1, 20, 70, 5, 55,
44, 1, 34, 48, 77, 50, 58, 52, 13, 79,
34, 44]
[[1630, 1009, 1322], [1265, 384, 1638], [1600, 1204, 1708], [778, 116, 1707], [992, 894, 489], [1751, 717, 216], [1386, 1634, 1417], [535, 254, 1003], [196, 359, 366], [522, 1533, 605],
[1533, 1252, 1798], [943, 789, 270], [854, 662, 1658], [650, 1440, 1775], [629, 704, 941], [1118, 727, 1658], [1518, 201, 1381], [1207, 920, 1819], [299, 1300, 450], [849, 94, 72],
[1638, 1627, 1324], [1524, 843, 385], [1795, 1697, 1047], [1725, 619, 759], [1772, 1248, 1463], [802, 638, 278], [548, 244, 663], [201, 1636, 1768], [108, 23, 1156], [559, 1056, 1435],
[631, 782, 1150], [227, 394, 81], [612, 461, 1778], [1844, 275, 669], [691, 135, 189], [427, 937, 827], [889, 1670, 1256], [1737, 1871, 980], [1593, 68, 1187], [1021, 627, 331],
[544, 1442, 1113], [1695, 1669, 1507], [48, 553, 241], [99, 485, 516], [768, 1361, 835], [958, 1788, 45], [57, 765, 1715], [1313, 590, 1674], [565, 455, 14], [1752, 1477, 825],
[171, 109, 355], [1468, 76, 112], [1064, 125, 666], [1489, 224, 1335], [93, 1176, 784], [1112, 222, 660], [1157, 280, 1610], [1144, 1777, 472], [1091, 431, 928], [1105, 271, 677],
[19, 627, 786], [374, 183, 863], [671, 1431, 1172], [1521, 1008, 1580], [944, 1285, 844], [1729, 486, 1251], [661, 1827, 1715], [543, 1060, 1580], [1200, 239, 283], [400, 1528, 739],
[1077, 1547, 1366], [135, 194, 1549]]
[[9, 10, 3, 7], [8, 1, 2, 10], [3, 0, 10, 6], [0, 9, 6, 1], [5, 5, 2, 5], [1, 8, 6, 7], [0, 5, 2, 2], [9, 0, 0, 6], [8, 3, 2, 6], [4, 2, 5, 5],
[2, 4, 0, 1], [0, 4, 0, 5], [10, 2, 8, 9], [8, 3, 3, 8], [6, 6, 10, 3], [4, 8, 9, 1], [0, 9, 5, 2], [0, 10, 7, 3], [1, 5, 2, 1], [10, 2, 4, 7],
[5, 10, 5, 0], [0, 8, 7, 7], [1, 6, 8, 3], [2, 6, 5, 2], [4, 10, 3, 2], [8, 10, 3, 9], [3, 5, 9, 2], [8, 0, 9, 0], [0, 1, 0, 0], [7, 7, 5, 9],
[1, 0, 1, 3], [6, 4, 3, 8], [2, 6, 9, 10], [6, 1, 6, 9], [7, 4, 9, 4], [5, 5, 4, 3], [6, 4, 1, 0], [10, 5, 9, 0], [5, 9, 3, 1], [2, 4, 7, 2],
[0, 5, 10, 4], [5, 6, 2, 1], [10, 9, 3, 2], [1, 7, 3, 5], [9, 5, 5, 6], [10, 4, 6, 4], [0, 7, 3, 2], [1, 9, 3, 10], [1, 2, 3, 6], [8, 3, 5, 6],
[1, 8, 6, 0], [2, 10, 5, 1], [2, 10, 7, 1], [1, 1, 3, 1], [6, 5, 2, 7], [3, 5, 6, 2], [5, 7, 9, 3], [10, 1, 7, 0], [10, 2, 9, 1], [1, 3, 0, 1],
[3, 6, 2, 4], [7, 4, 4, 2], [9, 6, 8, 10], [9, 1, 1, 3], [9, 8, 4, 8], [10, 0, 7, 7], [3, 5, 8, 2], [9, 7, 4, 10], [2, 4, 1, 9], [6, 5, 9, 4],
[9, 4, 1, 5], [6, 1, 9, 2]]
[1, 1, 0.2, 0.2, 0.2, 0.2, 0.2, 0.2, 0.2, 0.2,
0.2, 0.2, 0.04, 0.04, 0.04, 0.04, 0.04, 0.04, 0.04, 0.04,
0.04, 0.04, 0.008, 0.008, 0.008, 0.008, 0.008, 0.008, 0.008, 0.008,
0.008, 0.008, 0.0016, 0.0016, 0.0016, 0.0016, 0.0016, 0.0016, 0.0016, 0.0016,
0.0016, 0.0016, 0.00032, 0.00032, 0.00032, 0.00032, 0.00032, 0.00032, 0.00032, 0.00032,
0.00032, 0.00032, 6.4e-05, 6.4e-05, 6.4e-05, 6.4e-05, 6.4e-05, 6.4e-05, 6.4e-05, 6.4e-05,
6.4e-05, 6.4e-05, 1.28e-05, 1.28e-05, 1.28e-05, 1.28e-05, 1.28e-05, 1.28e-05, 1.28e-05, 1.28e-05,
1.28e-05, 1.28e-05]
[1, 2, 1, 14, 15, 5, 1, 17, 4, 4,
5, 12, 17, 2, 17, 19, 16, 12, 8, 13,
10, 5, 2, 16, 16, 18, 17, 9, 10, 7,
18, 2, 5, 17, 5, 1, 12, 19, 13, 5,
0, 10, 6, 11, 14, 0, 2, 19, 8, 4,
18, 2, 16, 9, 13, 18, 2, 10, 11, 1,
16, 9, 3, 17, 9, 10, 19, 14, 17, 16,
2, 15]
------------------------------------------------------- 
# stage = 8	# children c = 5	length of each stage p = 2	nodes = 71	# items I = 1
