[39, 65, 69, 22, 67, 13, 91, 23, 6, 95,
61, 58, 9, 53, 65, 97, 84, 17, 10, 86,
76, 72, 90, 74, 67, 94, 93, 21, 13, 27,
25, 52, 59, 94, 40, 25, 74, 30, 48, 46,
91, 75, 3, 100, 94, 69, 62, 78, 52, 38,
29, 27, 10, 18, 67, 77, 78, 60, 65, 91,
53, 90, 8, 11, 84, 48, 2, 23, 44, 16,
69, 0, 92, 73, 100, 85, 7, 28, 28, 59,
66, 57, 52, 42, 76, 19, 86, 19, 45, 50,
10, 64, 39, 18, 42, 89, 33, 44, 11, 43,
61, 47, 44, 18, 86, 9, 2, 93, 37, 31,
17, 70, 54, 69, 78, 96, 54, 63, 15, 99,
12, 92, 63, 52, 76, 4, 40, 8, 48, 18]
[[1424, 2171, 1986], [1482, 762, 907], [1917, 347, 102], [85, 762, 1089], [654, 2078, 473], [1168, 1347, 279], [203, 1820, 793], [691, 156, 446], [1279, 2098, 907], [492, 1742, 1296],
[353, 944, 1245], [1699, 1786, 2007], [1967, 1481, 1714], [1429, 926, 254], [296, 1581, 1693], [769, 2109, 178], [408, 90, 1998], [1202, 781, 1514], [1008, 1421, 1390], [1275, 1913, 270],
[349, 1626, 1214], [1594, 463, 138], [740, 208, 979], [232, 1638, 1906], [2069, 1934, 625], [900, 2064, 512], [1078, 1832, 602], [214, 812, 744], [1728, 1180, 2165], [256, 233, 1216],
[526, 582, 2202], [1740, 1537, 443], [1238, 55, 12], [2217, 1869, 1650], [1261, 1076, 722], [1886, 1976, 2146], [1758, 192, 1757], [1721, 406, 1929], [243, 1494, 888], [1768, 1750, 1121],
[762, 54, 1064], [742, 1154, 379], [545, 170, 2016], [557, 1748, 1663], [1567, 787, 518], [1650, 2034, 1854], [1574, 1570, 2047], [469, 1069, 1813], [177, 1312, 1086], [425, 218, 614],
[906, 980, 29], [1970, 1082, 1183], [1709, 1628, 714], [1503, 1545, 240], [305, 251, 387], [183, 1901, 1781], [2037, 613, 1130], [1222, 1083, 1559], [814, 620, 10], [1900, 1045, 228],
[1874, 1311, 1209], [1263, 1060, 1651], [225, 2129, 417], [939, 1411, 1963], [539, 1076, 1574], [286, 1259, 1253], [2068, 434, 1866], [336, 1657, 87], [1895, 1831, 707], [1905, 869, 1112],
[2134, 2103, 202], [481, 1145, 622], [1492, 1370, 529], [1910, 1669, 1940], [1011, 1568, 794], [363, 1854, 1413], [1616, 1060, 1208], [620, 1396, 3], [708, 1070, 1834], [775, 113, 481],
[1888, 1607, 1944], [2090, 1448, 867], [490, 719, 1597], [1019, 407, 1044], [98, 778, 1972], [252, 1141, 965], [1026, 2117, 2025], [12, 515, 560], [15, 1223, 990], [1209, 1999, 1103],
[1050, 1025, 2071], [772, 253, 1297], [1640, 103, 1376], [1015, 482, 1143], [1420, 580, 1921], [1170, 193, 840], [1495, 1219, 735], [659, 591, 1251], [1219, 2188, 1834], [1569, 1175, 971],
[450, 3, 1996], [1881, 775, 27], [317, 193, 1712], [1693, 569, 2195], [615, 1989, 553], [314, 297, 106], [515, 1793, 685], [1250, 1812, 1276], [1861, 809, 1242], [834, 156, 1777],
[1805, 2188, 1780], [940, 1208, 1916], [327, 1525, 2109], [2040, 356, 2038], [2013, 331, 1805], [1926, 6, 1463], [2033, 521, 394], [496, 1131, 2206], [1133, 771, 153], [1735, 965, 1891],
[1291, 548, 1217], [209, 848, 203], [2125, 536, 1088], [1373, 354, 1445], [1189, 1727, 1776], [133, 1431, 1782], [1596, 602, 1663], [1990, 459, 573], [1974, 952, 704], [1487, 465, 1669]]
[[0, 5, 9, 6], [3, 6, 1, 6], [0, 4, 0, 7], [10, 4, 6, 7], [2, 9, 7, 1], [4, 0, 2, 2], [2, 7, 0, 1], [10, 8, 8, 8], [2, 6, 3, 4], [1, 4, 10, 10],
[6, 8, 6, 3], [1, 10, 9, 3], [8, 5, 2, 0], [3, 4, 2, 6], [10, 3, 5, 9], [9, 2, 4, 0], [8, 7, 2, 7], [9, 1, 6, 5], [9, 10, 8, 0], [9, 6, 1, 5],
[9, 2, 5, 2], [4, 7, 8, 3], [8, 0, 10, 6], [2, 3, 5, 8], [8, 7, 2, 7], [9, 6, 10, 7], [5, 5, 5, 1], [10, 5, 6, 8], [7, 0, 10, 9], [6, 5, 2, 3],
[5, 10, 10, 5], [3, 4, 0, 0], [0, 2, 5, 9], [8, 4, 4, 0], [10, 9, 2, 7], [1, 6, 4, 8], [5, 4, 5, 0], [7, 5, 3, 0], [4, 2, 5, 5], [6, 6, 6, 5],
[8, 9, 1, 4], [3, 5, 2, 0], [2, 2, 7, 3], [9, 9, 10, 3], [0, 2, 3, 8], [7, 4, 8, 0], [7, 2, 6, 0], [6, 10, 3, 2], [8, 5, 4, 9], [8, 6, 7, 8],
[9, 1, 10, 7], [9, 9, 8, 9], [9, 9, 6, 5], [2, 3, 3, 7], [4, 7, 8, 8], [4, 9, 10, 0], [3, 3, 7, 1], [8, 4, 9, 6], [3, 8, 0, 1], [4, 8, 0, 2],
[6, 4, 5, 6], [6, 9, 3, 8], [3, 9, 5, 8], [7, 3, 8, 0], [4, 4, 10, 1], [6, 6, 7, 8], [2, 7, 7, 4], [2, 5, 7, 8], [10, 10, 2, 5], [6, 5, 0, 10],
[3, 5, 5, 10], [8, 2, 8, 0], [4, 5, 1, 9], [1, 9, 4, 3], [3, 0, 7, 6], [6, 1, 1, 3], [10, 3, 6, 5], [6, 6, 4, 7], [9, 7, 7, 7], [7, 2, 5, 1],
[8, 6, 8, 9], [2, 1, 10, 6], [10, 4, 10, 3], [4, 9, 6, 3], [0, 10, 8, 6], [5, 0, 3, 4], [7, 8, 9, 2], [10, 3, 3, 5], [9, 9, 1, 10], [8, 0, 3, 7],
[5, 2, 0, 7], [9, 4, 10, 9], [4, 5, 5, 7], [3, 6, 0, 9], [1, 7, 0, 0], [8, 1, 4, 7], [10, 5, 4, 7], [6, 7, 1, 9], [7, 10, 5, 5], [2, 2, 4, 4],
[5, 7, 0, 9], [0, 10, 7, 1], [6, 7, 10, 4], [8, 3, 9, 5], [9, 0, 10, 2], [7, 0, 0, 3], [9, 3, 6, 0], [3, 8, 4, 8], [4, 4, 6, 2], [3, 0, 3, 8],
[5, 1, 10, 2], [4, 6, 5, 0], [6, 4, 2, 0], [3, 0, 3, 1], [1, 7, 1, 4], [5, 3, 0, 7], [7, 6, 10, 9], [5, 2, 4, 10], [1, 1, 0, 6], [7, 5, 6, 2],
[8, 7, 2, 0], [7, 3, 1, 7], [10, 0, 0, 2], [3, 9, 10, 8], [3, 9, 4, 8], [9, 8, 7, 0], [9, 7, 6, 5], [2, 10, 5, 8], [4, 5, 8, 10], [6, 7, 6, 4]]
[1, 1, 1, 1, 1, 0.2, 0.2, 0.2, 0.2, 0.2,
0.2, 0.2, 0.2, 0.2, 0.2, 0.2, 0.2, 0.2, 0.2, 0.2,
0.2, 0.2, 0.2, 0.2, 0.2, 0.2, 0.2, 0.2, 0.2, 0.2,
0.04, 0.04, 0.04, 0.04, 0.04, 0.04, 0.04, 0.04, 0.04, 0.04,
0.04, 0.04, 0.04, 0.04, 0.04, 0.04, 0.04, 0.04, 0.04, 0.04,
0.04, 0.04, 0.04, 0.04, 0.04, 0.008, 0.008, 0.008, 0.008, 0.008,
0.008, 0.008, 0.008, 0.008, 0.008, 0.008, 0.008, 0.008, 0.008, 0.008,
0.008, 0.008, 0.008, 0.008, 0.008, 0.008, 0.008, 0.008, 0.008, 0.008,
0.0016, 0.0016, 0.0016, 0.0016, 0.0016, 0.0016, 0.0016, 0.0016, 0.0016, 0.0016,
0.0016, 0.0016, 0.0016, 0.0016, 0.0016, 0.0016, 0.0016, 0.0016, 0.0016, 0.0016,
0.0016, 0.0016, 0.0016, 0.0016, 0.0016, 0.00032, 0.00032, 0.00032, 0.00032, 0.00032,
0.00032, 0.00032, 0.00032, 0.00032, 0.00032, 0.00032, 0.00032, 0.00032, 0.00032, 0.00032,
0.00032, 0.00032, 0.00032, 0.00032, 0.00032, 0.00032, 0.00032, 0.00032, 0.00032, 0.00032]
[22, 10, 19, 9, 10, 12, 21, 0, 16, 12,
14, 15, 18, 15, 5, 20, 4, 10, 9, 1,
16, 8, 2, 15, 4, 17, 1, 5, 14, 21,
21, 18, 13, 14, 19, 2, 17, 14, 19, 3,
21, 18, 6, 12, 2, 5, 16, 13, 6, 17,
14, 2, 1, 15, 10, 20, 10, 7, 3, 2,
0, 22, 2, 10, 11, 21, 12, 21, 4, 10,
20, 22, 10, 19, 19, 12, 0, 0, 12, 4,
20, 13, 13, 17, 12, 2, 0, 12, 18, 12,
0, 21, 18, 13, 13, 18, 7, 15, 7, 2,
2, 1, 22, 2, 15, 19, 21, 21, 20, 12,
0, 16, 10, 16, 5, 3, 17, 22, 5, 22,
3, 17, 1, 1, 21, 9, 15, 16, 21, 9]
------------------------------------------------------- 
# stage = 6	# children c = 5	length of each stage p = 5	nodes = 129	# items I = 1
