[53, 22, 92, 98, 25, 15, 77, 97, 59, 26,
6, 61, 76, 68, 14, 69, 87, 13, 35, 97,
53, 45, 65, 6, 50, 98, 36, 0, 93, 62,
50, 11, 85, 41, 9, 76, 22, 52, 38, 81,
78, 10, 8, 19, 78, 89, 54, 31, 1, 89,
27, 20, 33, 58, 93, 50, 55, 29, 50, 13,
91, 66, 25, 41, 73, 34, 83, 95, 86, 20,
42, 30, 30, 50, 49, 75, 38, 70, 5, 5]
[[936, 898, 758], [2, 0, 131], [410, 481, 56], [361, 718, 352], [138, 502, 301], [557, 416, 466], [351, 608, 334], [397, 434, 804], [955, 288, 751], [956, 645, 444],
[908, 595, 58], [382, 598, 58], [513, 710, 539], [570, 773, 272], [624, 614, 476], [628, 185, 594], [108, 239, 904], [144, 636, 352], [651, 605, 342], [416, 278, 1],
[860, 200, 299], [620, 284, 599], [678, 798, 323], [231, 84, 798], [205, 410, 426], [681, 740, 612], [977, 849, 851], [895, 695, 203], [262, 360, 510], [604, 776, 788],
[308, 352, 690], [309, 972, 975], [908, 664, 489], [245, 598, 573], [57, 505, 685], [186, 889, 440], [798, 880, 5], [365, 492, 700], [270, 754, 75], [482, 74, 553],
[973, 84, 906], [677, 393, 594], [368, 315, 961], [857, 262, 275], [146, 22, 780], [534, 208, 385], [974, 708, 968], [681, 87, 474], [395, 59, 930], [172, 541, 706],
[726, 528, 791], [348, 908, 886], [644, 290, 216], [619, 850, 180], [596, 698, 202], [93, 246, 112], [478, 922, 820], [460, 617, 609], [934, 27, 668], [580, 887, 224],
[301, 329, 454], [106, 379, 376], [6, 38, 369], [910, 359, 921], [105, 956, 335], [9, 63, 582], [810, 243, 220], [644, 704, 838], [268, 354, 567], [638, 935, 468],
[862, 938, 500], [33, 746, 879], [409, 752, 917], [480, 379, 979], [117, 186, 949], [453, 883, 714], [737, 707, 957], [957, 366, 377], [809, 336, 434], [92, 974, 85]]
[[7, 3, 1, 6], [7, 9, 7, 10], [3, 2, 9, 3], [2, 4, 9, 9], [9, 1, 1, 10], [9, 10, 4, 7], [8, 5, 8, 7], [9, 1, 10, 4], [2, 9, 8, 9], [7, 4, 6, 9],
[4, 5, 1, 6], [9, 10, 4, 6], [9, 3, 5, 6], [1, 7, 2, 9], [1, 10, 4, 0], [9, 3, 4, 0], [10, 1, 7, 6], [3, 3, 4, 5], [8, 3, 0, 4], [1, 2, 10, 10],
[5, 2, 5, 6], [7, 5, 3, 9], [2, 7, 7, 0], [8, 9, 9, 7], [8, 6, 0, 0], [7, 5, 3, 4], [8, 3, 6, 9], [5, 4, 7, 8], [4, 1, 4, 1], [7, 5, 10, 7],
[10, 4, 8, 7], [2, 4, 1, 10], [10, 1, 8, 6], [4, 0, 8, 0], [1, 2, 7, 4], [4, 3, 1, 8], [5, 3, 7, 10], [8, 6, 6, 7], [8, 1, 1, 10], [4, 2, 7, 1],
[2, 2, 8, 6], [0, 3, 6, 1], [3, 3, 3, 7], [6, 5, 3, 9], [6, 10, 6, 2], [4, 0, 7, 1], [10, 9, 10, 3], [9, 6, 5, 9], [7, 0, 5, 7], [1, 9, 7, 5],
[1, 10, 10, 6], [2, 2, 2, 9], [0, 9, 0, 4], [7, 5, 3, 6], [3, 2, 10, 0], [7, 2, 9, 3], [2, 1, 8, 1], [0, 2, 4, 10], [2, 4, 5, 4], [4, 6, 0, 4],
[2, 9, 6, 9], [4, 10, 4, 5], [1, 1, 5, 6], [3, 2, 7, 3], [3, 5, 3, 3], [5, 7, 3, 7], [0, 6, 10, 3], [1, 8, 5, 3], [7, 1, 10, 9], [0, 4, 3, 10],
[3, 7, 4, 7], [9, 0, 8, 1], [3, 0, 3, 9], [8, 4, 3, 6], [10, 0, 9, 10], [9, 2, 0, 3], [3, 9, 1, 1], [2, 2, 9, 5], [9, 2, 10, 5], [1, 6, 5, 4]]
[1, 1, 1, 1, 1, 0.333333, 0.333333, 0.333333, 0.333333, 0.333333,
0.333333, 0.333333, 0.333333, 0.333333, 0.333333, 0.333333, 0.333333, 0.333333, 0.333333, 0.333333,
0.111111, 0.111111, 0.111111, 0.111111, 0.111111, 0.111111, 0.111111, 0.111111, 0.111111, 0.111111,
0.111111, 0.111111, 0.111111, 0.111111, 0.111111, 0.037037, 0.037037, 0.037037, 0.037037, 0.037037,
0.037037, 0.037037, 0.037037, 0.037037, 0.037037, 0.037037, 0.037037, 0.037037, 0.037037, 0.037037,
0.0123457, 0.0123457, 0.0123457, 0.0123457, 0.0123457, 0.0123457, 0.0123457, 0.0123457, 0.0123457, 0.0123457,
0.0123457, 0.0123457, 0.0123457, 0.0123457, 0.0123457, 0.00411523, 0.00411523, 0.00411523, 0.00411523, 0.00411523,
0.00411523, 0.00411523, 0.00411523, 0.00411523, 0.00411523, 0.00411523, 0.00411523, 0.00411523, 0.00411523, 0.00411523]
[1, 9, 9, 3, 0, 4, 9, 4, 0, 7,
3, 9, 0, 3, 4, 8, 1, 7, 1, 9,
8, 4, 2, 4, 0, 4, 7, 9, 3, 2,
2, 2, 1, 7, 3, 6, 4, 4, 3, 5,
2, 2, 5, 1, 5, 5, 6, 6, 0, 4,
3, 9, 6, 1, 4, 7, 6, 0, 2, 9,
4, 8, 5, 2, 9, 2, 9, 5, 7, 9,
4, 2, 0, 3, 5, 6, 0, 4, 1, 6]
------------------------------------------------------- 
# stage = 6	# children c = 3	length of each stage p = 5	nodes = 79	# items I = 1
