[88, 53, 62, 42, 33, 93, 36, 71, 35, 68,
64, 20, 3, 60, 11, 16, 32, 95, 17, 56,
46, 54, 33, 76, 84, 44, 69, 5, 73, 4,
85, 60, 57, 13, 68, 56, 5, 71, 93, 40,
38, 56, 26, 7, 82, 38, 23, 14, 32, 7,
36, 78, 61, 69, 19, 10, 80, 55, 16, 18,
25, 67, 79, 48, 80, 12, 3, 51, 83, 63,
92, 88, 85, 17, 95, 67, 55, 85, 81, 53,
92, 16, 97, 18, 52, 16, 96, 98, 37, 11,
15, 62, 44, 94, 9, 91, 73, 79, 41, 55,
41, 99, 42, 93, 16, 3, 59, 37, 88, 39]
[[1829, 1845, 91], [1383, 1131, 1473], [104, 1594, 1682], [728, 495, 294], [1386, 1495, 427], [112, 1572, 378], [1470, 1393, 804], [1271, 902, 1728], [270, 146, 1043], [990, 944, 798],
[909, 922, 1069], [1277, 732, 350], [1176, 836, 93], [1285, 1841, 588], [1579, 1653, 510], [432, 1766, 231], [810, 1662, 51], [40, 1082, 953], [1769, 1353, 1376], [1238, 769, 470],
[185, 104, 1669], [1255, 1658, 550], [1605, 983, 1663], [1698, 694, 80], [712, 423, 1733], [1222, 1132, 1648], [1731, 369, 1460], [208, 409, 968], [1438, 327, 470], [963, 1843, 1516],
[1710, 177, 1620], [1529, 1709, 1704], [505, 1740, 1114], [595, 13, 1808], [675, 1003, 657], [557, 374, 1790], [355, 531, 308], [241, 739, 994], [1209, 603, 1599], [106, 1567, 1591],
[1622, 1703, 1768], [1669, 1381, 53], [1522, 313, 219], [1062, 908, 233], [1020, 1583, 1236], [1677, 289, 36], [42, 921, 845], [627, 1162, 1584], [1622, 798, 614], [1370, 1181, 330],
[1110, 1229, 182], [1304, 1324, 1841], [1634, 1273, 303], [3, 484, 1488], [513, 1504, 1220], [1749, 1608, 1786], [211, 1650, 857], [1056, 427, 445], [1067, 475, 1520], [1681, 1845, 850],
[437, 1381, 506], [619, 834, 1830], [886, 618, 1252], [1466, 898, 1737], [1103, 1411, 1667], [472, 1586, 1424], [685, 1797, 1501], [1542, 1003, 77], [413, 496, 829], [83, 326, 823],
[1210, 763, 353], [142, 1659, 1464], [122, 695, 508], [1651, 310, 1406], [1537, 1691, 966], [1631, 589, 701], [1204, 1274, 925], [1131, 965, 77], [1485, 1656, 573], [463, 165, 1176],
[1286, 1375, 88], [65, 1518, 173], [1530, 66, 1145], [464, 1717, 1733], [20, 1681, 1573], [1263, 1461, 311], [391, 1091, 1586], [1316, 372, 977], [1670, 6, 782], [392, 470, 947],
[1845, 182, 749], [359, 248, 416], [532, 204, 759], [1678, 668, 625], [1560, 965, 455], [1559, 378, 342], [19, 769, 1434], [31, 234, 232], [1009, 53, 238], [217, 722, 985],
[1165, 993, 1168], [63, 1352, 1693], [756, 310, 46], [1515, 137, 991], [566, 123, 106], [1022, 108, 484], [1364, 128, 1530], [1224, 436, 190], [1456, 1445, 243], [121, 1663, 1242]]
[[0, 2, 8, 2], [0, 2, 1, 10], [7, 0, 3, 4], [2, 4, 3, 9], [4, 0, 5, 1], [4, 4, 3, 10], [6, 5, 7, 10], [2, 8, 2, 2], [8, 0, 3, 9], [0, 4, 8, 8],
[3, 10, 10, 5], [3, 2, 2, 7], [3, 7, 6, 5], [9, 9, 2, 5], [1, 8, 4, 4], [5, 7, 4, 1], [5, 7, 10, 3], [1, 7, 9, 4], [4, 8, 7, 7], [0, 9, 1, 1],
[5, 8, 4, 2], [6, 6, 7, 8], [1, 9, 10, 5], [3, 3, 6, 8], [0, 5, 10, 1], [10, 8, 3, 4], [6, 8, 0, 4], [7, 0, 3, 10], [8, 7, 1, 1], [0, 8, 9, 2],
[5, 6, 7, 8], [10, 2, 6, 10], [5, 5, 9, 4], [0, 10, 6, 6], [7, 7, 8, 1], [5, 9, 1, 2], [3, 0, 3, 4], [7, 0, 4, 1], [6, 9, 9, 5], [9, 2, 2, 3],
[7, 9, 5, 6], [8, 1, 1, 3], [6, 8, 4, 0], [6, 3, 2, 10], [4, 3, 1, 0], [1, 3, 10, 8], [1, 8, 0, 8], [0, 1, 9, 5], [10, 3, 0, 6], [4, 0, 9, 8],
[8, 0, 8, 1], [4, 8, 9, 6], [1, 10, 4, 0], [2, 3, 8, 1], [0, 7, 7, 9], [8, 5, 4, 7], [9, 2, 0, 0], [2, 9, 9, 8], [8, 6, 8, 10], [2, 6, 5, 1],
[4, 7, 1, 4], [10, 10, 6, 8], [4, 2, 5, 1], [8, 9, 6, 4], [9, 7, 4, 1], [3, 2, 7, 0], [7, 4, 10, 9], [0, 2, 8, 4], [9, 9, 8, 6], [6, 1, 2, 10],
[2, 7, 0, 8], [5, 7, 1, 1], [1, 3, 2, 4], [4, 10, 3, 9], [1, 2, 5, 10], [3, 2, 3, 10], [0, 10, 6, 7], [0, 8, 4, 0], [2, 5, 8, 5], [10, 7, 6, 0],
[0, 9, 2, 4], [6, 5, 2, 5], [6, 7, 5, 9], [7, 8, 8, 7], [5, 1, 1, 4], [7, 6, 4, 9], [9, 2, 3, 8], [9, 10, 6, 7], [6, 8, 9, 10], [1, 9, 4, 7],
[5, 9, 5, 10], [5, 0, 7, 10], [0, 6, 1, 7], [1, 6, 4, 8], [6, 7, 5, 2], [4, 9, 10, 8], [5, 8, 5, 6], [7, 10, 2, 10], [6, 7, 10, 9], [5, 4, 7, 5],
[8, 8, 2, 10], [3, 4, 5, 9], [9, 0, 10, 3], [7, 9, 9, 1], [6, 4, 7, 0], [1, 9, 9, 7], [3, 8, 4, 7], [10, 0, 1, 7], [8, 1, 4, 10], [5, 10, 6, 2]]
[1, 1, 1, 1, 1, 0.333333, 0.333333, 0.333333, 0.333333, 0.333333,
0.333333, 0.333333, 0.333333, 0.333333, 0.333333, 0.333333, 0.333333, 0.333333, 0.333333, 0.333333,
0.111111, 0.111111, 0.111111, 0.111111, 0.111111, 0.111111, 0.111111, 0.111111, 0.111111, 0.111111,
0.111111, 0.111111, 0.111111, 0.111111, 0.111111, 0.037037, 0.037037, 0.037037, 0.037037, 0.037037,
0.037037, 0.037037, 0.037037, 0.037037, 0.037037, 0.037037, 0.037037, 0.037037, 0.037037, 0.037037,
0.0123457, 0.0123457, 0.0123457, 0.0123457, 0.0123457, 0.0123457, 0.0123457, 0.0123457, 0.0123457, 0.0123457,
0.0123457, 0.0123457, 0.0123457, 0.0123457, 0.0123457, 0.00411523, 0.00411523, 0.00411523, 0.00411523, 0.00411523,
0.00411523, 0.00411523, 0.00411523, 0.00411523, 0.00411523, 0.00411523, 0.00411523, 0.00411523, 0.00411523, 0.00411523,
0.00137174, 0.00137174, 0.00137174, 0.00137174, 0.00137174, 0.00137174, 0.00137174, 0.00137174, 0.00137174, 0.00137174,
0.00137174, 0.00137174, 0.00137174, 0.00137174, 0.00137174, 0.000457247, 0.000457247, 0.000457247, 0.000457247, 0.000457247,
0.000457247, 0.000457247, 0.000457247, 0.000457247, 0.000457247, 0.000457247, 0.000457247, 0.000457247, 0.000457247, 0.000457247]
[3, 1, 0, 7, 0, 6, 9, 2, 7, 7,
5, 6, 7, 2, 3, 4, 7, 7, 0, 8,
9, 2, 9, 1, 9, 8, 4, 3, 6, 3,
4, 5, 8, 2, 8, 3, 5, 8, 1, 2,
1, 8, 6, 1, 0, 4, 6, 9, 6, 7,
4, 4, 0, 5, 3, 6, 1, 4, 0, 2,
3, 7, 9, 0, 0, 2, 2, 5, 1, 7,
3, 3, 0, 1, 8, 4, 3, 8, 2, 9,
8, 8, 1, 6, 9, 9, 9, 6, 6, 1,
5, 9, 1, 4, 7, 7, 8, 7, 4, 1,
9, 5, 8, 7, 2, 1, 9, 0, 1, 5]
------------------------------------------------------- 
# stage = 8	# children c = 3	length of each stage p = 5	nodes = 109	# items I = 1
