[51, 24, 42, 22, 41, 42, 11, 17, 57, 51,
83, 70, 40, 80, 82, 53, 69, 29, 33, 65,
29, 58, 17, 1, 28, 7, 42, 36, 33, 47,
52, 84, 37, 60, 6, 78, 1, 17, 62, 24,
68, 10, 61, 74, 56, 42, 26, 91, 38, 25,
55, 33, 83, 73, 34, 77, 46, 42, 12, 80,
55, 30, 63, 93, 90, 35, 70, 57, 18, 98,
48, 86]
[[676, 1783, 256], [1825, 1638, 671], [1832, 131, 214], [794, 237, 796], [1503, 747, 1520], [1750, 1801, 588], [1438, 1719, 1805], [659, 1436, 25], [1499, 339, 1533], [937, 1493, 1212],
[1573, 314, 1139], [1126, 283, 217], [1797, 1411, 1500], [155, 350, 1737], [247, 1149, 1780], [1767, 1044, 1725], [1652, 1778, 884], [897, 581, 1617], [922, 1376, 100], [1752, 1609, 1593],
[1108, 1327, 51], [391, 597, 334], [608, 1690, 1042], [252, 1845, 1392], [1285, 1389, 685], [506, 1300, 1025], [375, 392, 244], [556, 586, 825], [317, 804, 1498], [417, 700, 1251],
[154, 1808, 18], [1358, 1495, 1767], [988, 1399, 1601], [174, 947, 887], [862, 377, 420], [1548, 883, 1016], [13, 554, 705], [257, 406, 1291], [379, 723, 239], [1173, 436, 236],
[1720, 591, 188], [1739, 1245, 980], [946, 377, 523], [692, 552, 1471], [875, 1414, 1144], [591, 402, 1323], [1607, 1568, 1173], [1608, 1825, 1580], [339, 1500, 1599], [579, 817, 180],
[111, 682, 771], [299, 1717, 160], [1279, 807, 1689], [1099, 795, 385], [10, 966, 1096], [1154, 1557, 794], [1773, 605, 506], [1090, 357, 476], [110, 697, 1272], [1710, 572, 234],
[34, 683, 212], [101, 278, 1225], [1413, 854, 176], [1246, 97, 268], [928, 107, 1234], [1320, 557, 936], [258, 1626, 837], [765, 156, 1194], [537, 267, 1187], [1809, 1273, 1055],
[1339, 1307, 1034], [847, 704, 609]]
[[9, 2, 3, 8], [6, 0, 9, 10], [8, 10, 5, 6], [7, 6, 1, 0], [9, 10, 8, 7], [8, 2, 7, 5], [5, 0, 0, 4], [0, 5, 3, 7], [5, 7, 5, 0], [5, 1, 0, 1],
[9, 3, 5, 5], [9, 7, 4, 6], [4, 10, 2, 0], [1, 7, 5, 7], [5, 3, 0, 5], [8, 1, 0, 2], [6, 5, 1, 1], [4, 1, 0, 3], [2, 5, 6, 1], [10, 10, 7, 4],
[8, 7, 2, 9], [1, 7, 5, 4], [9, 3, 8, 4], [5, 8, 7, 0], [0, 6, 10, 4], [5, 10, 7, 7], [5, 3, 8, 2], [0, 2, 4, 8], [7, 6, 7, 8], [1, 10, 0, 10],
[3, 8, 3, 6], [5, 8, 6, 3], [3, 6, 7, 8], [3, 2, 5, 6], [3, 0, 9, 3], [1, 2, 10, 8], [9, 4, 6, 8], [1, 6, 7, 2], [1, 10, 8, 6], [6, 2, 9, 9],
[6, 3, 5, 9], [5, 8, 5, 8], [6, 1, 10, 7], [1, 7, 5, 8], [0, 9, 5, 10], [2, 1, 2, 3], [10, 10, 7, 3], [1, 3, 10, 7], [6, 4, 4, 10], [10, 9, 5, 6],
[8, 4, 2, 9], [9, 5, 7, 7], [3, 1, 7, 3], [1, 9, 6, 0], [8, 0, 1, 8], [3, 0, 2, 8], [5, 6, 5, 2], [2, 10, 8, 8], [2, 9, 7, 0], [3, 3, 8, 5],
[2, 4, 8, 3], [2, 4, 1, 8], [2, 2, 3, 4], [3, 6, 1, 6], [10, 6, 8, 0], [3, 4, 8, 5], [2, 4, 6, 5], [5, 3, 10, 8], [7, 8, 9, 7], [10, 0, 4, 10],
[0, 8, 3, 1], [1, 2, 7, 0]]
[1, 1, 0.2, 0.2, 0.2, 0.2, 0.2, 0.2, 0.2, 0.2,
0.2, 0.2, 0.04, 0.04, 0.04, 0.04, 0.04, 0.04, 0.04, 0.04,
0.04, 0.04, 0.008, 0.008, 0.008, 0.008, 0.008, 0.008, 0.008, 0.008,
0.008, 0.008, 0.0016, 0.0016, 0.0016, 0.0016, 0.0016, 0.0016, 0.0016, 0.0016,
0.0016, 0.0016, 0.00032, 0.00032, 0.00032, 0.00032, 0.00032, 0.00032, 0.00032, 0.00032,
0.00032, 0.00032, 6.4e-05, 6.4e-05, 6.4e-05, 6.4e-05, 6.4e-05, 6.4e-05, 6.4e-05, 6.4e-05,
6.4e-05, 6.4e-05, 1.28e-05, 1.28e-05, 1.28e-05, 1.28e-05, 1.28e-05, 1.28e-05, 1.28e-05, 1.28e-05,
1.28e-05, 1.28e-05]
[5, 5, 2, 9, 7, 6, 2, 2, 4, 2,
6, 4, 3, 8, 7, 1, 8, 8, 5, 5,
9, 0, 1, 6, 3, 3, 3, 6, 7, 3,
6, 9, 2, 9, 9, 3, 0, 1, 8, 3,
7, 5, 9, 9, 8, 3, 0, 0, 4, 3,
8, 3, 2, 5, 3, 3, 0, 5, 2, 7,
8, 6, 0, 2, 0, 0, 3, 0, 0, 7,
9, 0]
------------------------------------------------------- 
# stage = 8	# children c = 5	length of each stage p = 2	nodes = 71	# items I = 1
