[16, 15, 45, 25, 16, 44, 59, 83, 37, 26,
43, 84, 91, 17, 28, 94, 5, 100, 8, 79,
88, 35, 96, 51, 29, 98, 11, 82, 94, 34,
83, 10, 49, 95, 1, 65, 38, 26, 13, 41,
19, 23, 91, 9, 6, 19]
[[640, 1451, 1892], [1581, 453, 1020], [390, 1898, 1557], [326, 72, 823], [835, 491, 1830], [158, 41, 309], [640, 321, 1863], [358, 1464, 1085], [569, 1345, 434], [352, 1546, 1580],
[893, 1656, 1117], [342, 1324, 1040], [832, 1184, 1025], [475, 1510, 567], [768, 1815, 1058], [685, 1444, 570], [994, 170, 361], [413, 528, 1825], [968, 1098, 726], [872, 920, 1742],
[538, 1813, 1485], [1125, 1625, 895], [1636, 543, 165], [747, 489, 1145], [1314, 1257, 1046], [1842, 28, 576], [1882, 492, 746], [329, 375, 745], [241, 813, 1313], [967, 1156, 319],
[796, 1694, 1602], [1751, 376, 1314], [732, 98, 1327], [367, 315, 1816], [1512, 1099, 630], [114, 1027, 128], [161, 466, 91], [377, 795, 1850], [1122, 506, 750], [1905, 944, 1906],
[1694, 1210, 1156], [1383, 1047, 1002], [253, 1249, 1100], [1050, 1616, 885], [953, 684, 70], [1053, 798, 568]]
[[6, 1, 0, 9], [5, 2, 5, 4], [9, 5, 5, 5], [4, 7, 10, 3], [3, 5, 1, 7], [6, 10, 7, 4], [1, 10, 0, 4], [6, 5, 10, 2], [6, 10, 9, 0], [10, 3, 4, 8],
[8, 8, 1, 10], [2, 9, 1, 3], [3, 2, 8, 8], [1, 4, 1, 1], [1, 1, 5, 6], [6, 2, 6, 10], [1, 2, 10, 1], [3, 2, 9, 9], [8, 10, 9, 10], [9, 10, 2, 10],
[10, 10, 7, 1], [2, 6, 0, 1], [5, 5, 7, 9], [7, 0, 8, 6], [2, 6, 5, 5], [8, 2, 2, 5], [1, 0, 2, 8], [8, 4, 6, 7], [1, 2, 6, 3], [7, 6, 5, 1],
[9, 10, 0, 3], [0, 6, 8, 0], [1, 2, 4, 7], [4, 6, 1, 4], [4, 3, 10, 1], [5, 5, 6, 7], [6, 2, 8, 2], [6, 2, 3, 5], [0, 1, 6, 9], [6, 3, 7, 7],
[6, 0, 4, 10], [4, 3, 3, 8], [5, 1, 7, 10], [6, 3, 4, 1], [5, 2, 1, 0], [4, 3, 3, 2]]
[1, 1, 0.5, 0.5, 0.5, 0.5, 0.25, 0.25, 0.25, 0.25,
0.125, 0.125, 0.125, 0.125, 0.0625, 0.0625, 0.0625, 0.0625, 0.03125, 0.03125,
0.03125, 0.03125, 0.015625, 0.015625, 0.015625, 0.015625, 0.0078125, 0.0078125, 0.0078125, 0.0078125,
0.00390625, 0.00390625, 0.00390625, 0.00390625, 0.00195312, 0.00195312, 0.00195312, 0.00195312, 0.000976562, 0.000976562,
0.000976562, 0.000976562, 0.000488281, 0.000488281, 0.000488281, 0.000488281]
[5, 18, 17, 3, 11, 18, 13, 5, 15, 19,
10, 16, 9, 16, 4, 3, 18, 13, 1, 4,
5, 11, 10, 11, 0, 11, 1, 1, 15, 12,
2, 13, 1, 12, 15, 18, 10, 3, 10, 9,
18, 13, 11, 5, 4, 18]
------------------------------------------------------- 
# stage = 12	# children c = 2	length of each stage p = 2	nodes = 45	# items I = 1
