[63, 54, 10, 75, 77, 34, 71, 36, 19, 20,
10, 5, 46, 73, 100, 80, 63, 70, 88, 71,
33, 78, 15, 15, 11, 50, 6, 58, 48, 39,
82, 77, 59, 92, 17, 35, 93, 89, 72, 11,
8, 82, 16, 20, 20, 15, 0, 84, 51, 54,
20, 50, 32, 2, 65, 9, 52, 37, 67, 100,
76, 14, 76, 0, 6, 93, 36, 65, 81]
[[12, 175, 854], [855, 301, 454], [720, 54, 483], [105, 509, 425], [321, 832, 628], [504, 659, 194], [519, 348, 222], [847, 464, 285], [952, 751, 157], [313, 247, 102],
[475, 259, 851], [940, 726, 763], [431, 94, 818], [525, 199, 938], [951, 131, 807], [227, 636, 503], [421, 766, 462], [644, 651, 927], [540, 640, 326], [308, 564, 184],
[410, 76, 55], [299, 628, 781], [99, 670, 875], [528, 233, 685], [503, 221, 816], [922, 448, 489], [462, 481, 293], [925, 736, 944], [500, 887, 232], [826, 233, 796],
[48, 254, 484], [103, 553, 149], [495, 264, 819], [407, 403, 89], [129, 518, 884], [945, 477, 944], [83, 939, 73], [376, 512, 809], [931, 49, 344], [200, 487, 577],
[33, 146, 832], [128, 249, 33], [277, 355, 871], [708, 373, 886], [797, 502, 441], [330, 95, 529], [885, 752, 505], [958, 165, 629], [415, 707, 289], [759, 907, 776],
[948, 552, 922], [428, 680, 782], [461, 569, 174], [944, 314, 547], [867, 722, 660], [919, 89, 367], [485, 585, 156], [601, 191, 896], [841, 606, 251], [168, 14, 196],
[944, 962, 359], [515, 427, 76], [908, 499, 256], [120, 91, 570], [278, 569, 330], [550, 136, 30], [528, 621, 616], [295, 834, 807], [802, 712, 62]]
[[4, 8, 0, 1], [6, 4, 4, 3], [5, 10, 7, 10], [4, 6, 10, 8], [0, 2, 2, 5], [1, 3, 3, 6], [10, 2, 7, 9], [3, 9, 10, 5], [4, 8, 4, 8], [0, 6, 0, 3],
[3, 6, 2, 8], [1, 10, 3, 10], [0, 4, 4, 1], [7, 6, 5, 5], [8, 2, 1, 9], [9, 9, 1, 3], [7, 5, 0, 5], [10, 10, 8, 2], [5, 9, 8, 6], [8, 1, 3, 8],
[3, 8, 7, 8], [3, 2, 2, 9], [2, 3, 7, 0], [2, 6, 3, 7], [0, 2, 1, 8], [1, 9, 0, 6], [7, 8, 10, 3], [7, 2, 0, 10], [8, 8, 8, 9], [8, 10, 7, 10],
[1, 1, 10, 3], [7, 1, 10, 6], [3, 9, 3, 4], [5, 3, 8, 2], [1, 5, 3, 8], [7, 3, 6, 3], [9, 3, 1, 6], [2, 7, 5, 3], [8, 3, 4, 5], [4, 1, 9, 7],
[10, 1, 9, 5], [5, 6, 5, 4], [0, 8, 10, 5], [9, 5, 8, 8], [8, 8, 1, 9], [4, 5, 10, 1], [8, 2, 4, 10], [3, 2, 6, 1], [4, 2, 4, 7], [8, 7, 9, 6],
[2, 8, 0, 0], [3, 7, 6, 9], [4, 8, 5, 8], [0, 5, 7, 8], [7, 10, 7, 8], [1, 0, 9, 3], [2, 2, 8, 8], [7, 6, 3, 9], [4, 1, 10, 5], [6, 3, 1, 8],
[0, 7, 3, 9], [10, 0, 4, 4], [8, 9, 1, 7], [9, 9, 0, 9], [9, 6, 6, 6], [2, 7, 4, 4], [7, 3, 7, 0], [7, 8, 9, 5], [2, 1, 4, 1]]
[1, 1, 1, 0.5, 0.5, 0.5, 0.5, 0.5, 0.5, 0.25,
0.25, 0.25, 0.25, 0.25, 0.25, 0.125, 0.125, 0.125, 0.125, 0.125,
0.125, 0.0625, 0.0625, 0.0625, 0.0625, 0.0625, 0.0625, 0.03125, 0.03125, 0.03125,
0.03125, 0.03125, 0.03125, 0.015625, 0.015625, 0.015625, 0.015625, 0.015625, 0.015625, 0.0078125,
0.0078125, 0.0078125, 0.0078125, 0.0078125, 0.0078125, 0.00390625, 0.00390625, 0.00390625, 0.00390625, 0.00390625,
0.00390625, 0.00195312, 0.00195312, 0.00195312, 0.00195312, 0.00195312, 0.00195312, 0.000976562, 0.000976562, 0.000976562,
0.000976562, 0.000976562, 0.000976562, 0.000488281, 0.000488281, 0.000488281, 0.000488281, 0.000488281, 0.000488281]
[17, 15, 3, 16, 12, 1, 7, 16, 9, 9,
2, 4, 9, 12, 10, 13, 3, 5, 7, 18,
15, 14, 11, 7, 6, 10, 0, 17, 12, 19,
6, 14, 16, 12, 13, 18, 11, 2, 8, 18,
18, 15, 8, 13, 6, 7, 8, 7, 12, 11,
10, 5, 14, 19, 10, 9, 11, 19, 0, 11,
16, 4, 11, 12, 2, 1, 5, 10, 7]
------------------------------------------------------- 
# stage = 12	# children c = 2	length of each stage p = 3	nodes = 68	# items I = 1
