[4, 55, 9, 98, 98, 87, 34, 44, 95, 37,
35, 55, 0, 55, 55, 54, 38, 36, 67, 93,
44, 20, 87, 71, 92, 58, 4, 78, 89, 63,
21, 94, 17, 31, 91, 81, 17, 24, 92, 78,
27, 93, 99, 94, 47, 53, 13, 51, 55, 80,
44, 65, 66, 97, 35, 23, 20, 40, 1, 9,
69, 22, 69, 86, 19, 59, 33, 2, 49, 24,
80, 42, 83, 78, 35, 30, 97, 48, 47, 51,
94, 91, 83, 26, 53, 17, 15, 74, 23, 16,
83, 92, 5, 51, 44, 24, 76, 77, 27, 91,
67, 6]
[[1772, 905, 516], [1596, 39, 1212], [189, 785, 1331], [1096, 1665, 1308], [1658, 911, 710], [1591, 1310, 310], [213, 1192, 301], [636, 1022, 1003], [1133, 121, 1496], [566, 1299, 819],
[620, 1243, 1724], [1136, 1011, 1763], [88, 1201, 289], [987, 469, 126], [467, 1695, 605], [745, 1458, 87], [1056, 1672, 847], [925, 48, 1437], [1496, 749, 1126], [1165, 1315, 598],
[156, 1503, 13], [1448, 811, 593], [1384, 467, 1362], [1241, 1454, 3], [935, 1490, 1266], [1540, 407, 464], [1196, 1031, 1704], [1611, 128, 1752], [789, 1625, 242], [87, 530, 1125],
[685, 254, 801], [267, 1702, 1612], [860, 826, 1648], [394, 239, 1274], [1793, 1174, 936], [799, 455, 912], [1263, 1219, 115], [1140, 1002, 1640], [632, 1791, 1005], [442, 1447, 1103],
[1568, 304, 1357], [541, 571, 799], [1721, 999, 1626], [1541, 961, 1433], [556, 926, 348], [1492, 1725, 371], [144, 1161, 1590], [1656, 41, 332], [1468, 241, 1692], [213, 684, 1311],
[1316, 424, 1183], [413, 533, 1323], [1212, 426, 62], [578, 1536, 1024], [1580, 264, 122], [1496, 1756, 1416], [39, 1469, 317], [1197, 1297, 1754], [1097, 937, 167], [529, 718, 419],
[1408, 206, 411], [764, 187, 944], [1655, 1399, 939], [1717, 1546, 647], [913, 1298, 911], [604, 966, 407], [192, 573, 48], [509, 1770, 1345], [435, 1039, 22], [170, 1137, 740],
[590, 717, 514], [1001, 1481, 269], [1514, 876, 1237], [625, 766, 955], [1272, 1247, 425], [1751, 23, 959], [330, 215, 1532], [1775, 292, 1474], [860, 295, 253], [883, 466, 1390],
[1191, 1056, 1676], [1274, 1625, 897], [1543, 1311, 1774], [952, 108, 280], [1475, 948, 1527], [1468, 871, 1119], [599, 770, 902], [303, 717, 1195], [1345, 1577, 1490], [1167, 200, 1524],
[297, 960, 320], [145, 406, 118], [1043, 1517, 997], [557, 210, 674], [837, 1253, 1622], [536, 894, 234], [1655, 1493, 1004], [730, 1365, 1289], [1493, 882, 606], [723, 221, 807],
[420, 87, 1767], [740, 232, 1741]]
[[7, 3, 0, 1], [10, 2, 8, 0], [8, 0, 8, 1], [8, 5, 7, 1], [10, 4, 2, 1], [5, 5, 0, 2], [7, 3, 6, 10], [7, 1, 8, 1], [5, 6, 2, 2], [9, 8, 2, 4],
[8, 9, 3, 4], [1, 8, 5, 0], [1, 7, 1, 5], [0, 1, 5, 7], [2, 1, 4, 9], [2, 10, 8, 5], [4, 10, 8, 2], [5, 8, 4, 2], [6, 7, 6, 7], [2, 9, 7, 2],
[4, 6, 7, 4], [5, 1, 9, 7], [0, 0, 3, 1], [10, 0, 6, 1], [8, 3, 3, 2], [1, 5, 3, 5], [10, 9, 2, 2], [6, 7, 4, 10], [1, 9, 1, 6], [8, 10, 1, 9],
[8, 2, 10, 5], [3, 3, 7, 9], [7, 8, 1, 6], [3, 2, 0, 0], [9, 0, 2, 4], [6, 4, 3, 5], [2, 4, 0, 9], [1, 10, 7, 7], [2, 4, 2, 3], [7, 9, 1, 1],
[6, 0, 5, 7], [2, 4, 8, 1], [2, 8, 3, 8], [2, 5, 2, 2], [7, 1, 0, 9], [0, 5, 5, 0], [9, 5, 3, 4], [3, 5, 3, 8], [3, 9, 2, 6], [2, 10, 5, 4],
[6, 8, 0, 8], [0, 0, 8, 8], [1, 7, 6, 0], [1, 9, 0, 9], [4, 4, 0, 5], [7, 3, 2, 8], [1, 3, 3, 1], [2, 6, 4, 8], [2, 4, 3, 2], [4, 10, 10, 4],
[6, 3, 2, 5], [0, 0, 1, 2], [2, 1, 7, 9], [3, 8, 7, 4], [0, 8, 4, 0], [2, 8, 7, 2], [1, 10, 4, 3], [7, 2, 5, 2], [3, 7, 6, 1], [6, 7, 3, 8],
[7, 0, 5, 10], [8, 10, 1, 6], [5, 5, 6, 7], [2, 2, 9, 1], [0, 1, 3, 7], [1, 8, 8, 2], [3, 3, 4, 9], [8, 7, 4, 4], [5, 9, 3, 2], [8, 5, 6, 3],
[8, 2, 8, 0], [2, 5, 10, 2], [4, 2, 8, 5], [0, 5, 5, 1], [6, 9, 8, 1], [6, 1, 6, 0], [0, 7, 1, 6], [10, 7, 7, 8], [7, 5, 8, 10], [10, 5, 1, 3],
[8, 7, 6, 6], [1, 0, 7, 5], [10, 4, 5, 3], [3, 0, 1, 3], [5, 2, 8, 5], [8, 4, 0, 2], [7, 6, 1, 6], [0, 1, 7, 8], [8, 0, 1, 8], [1, 8, 0, 9],
[10, 5, 10, 3], [3, 0, 4, 9]]
[1, 1, 1, 0.333333, 0.333333, 0.333333, 0.333333, 0.333333, 0.333333, 0.333333,
0.333333, 0.333333, 0.111111, 0.111111, 0.111111, 0.111111, 0.111111, 0.111111, 0.111111, 0.111111,
0.111111, 0.037037, 0.037037, 0.037037, 0.037037, 0.037037, 0.037037, 0.037037, 0.037037, 0.037037,
0.0123457, 0.0123457, 0.0123457, 0.0123457, 0.0123457, 0.0123457, 0.0123457, 0.0123457, 0.0123457, 0.00411523,
0.00411523, 0.00411523, 0.00411523, 0.00411523, 0.00411523, 0.00411523, 0.00411523, 0.00411523, 0.00137174, 0.00137174,
0.00137174, 0.00137174, 0.00137174, 0.00137174, 0.00137174, 0.00137174, 0.00137174, 0.000457247, 0.000457247, 0.000457247,
0.000457247, 0.000457247, 0.000457247, 0.000457247, 0.000457247, 0.000457247, 0.000152416, 0.000152416, 0.000152416, 0.000152416,
0.000152416, 0.000152416, 0.000152416, 0.000152416, 0.000152416, 5.08053e-05, 5.08053e-05, 5.08053e-05, 5.08053e-05, 5.08053e-05,
5.08053e-05, 5.08053e-05, 5.08053e-05, 5.08053e-05, 1.69351e-05, 1.69351e-05, 1.69351e-05, 1.69351e-05, 1.69351e-05, 1.69351e-05,
1.69351e-05, 1.69351e-05, 1.69351e-05, 5.64503e-06, 5.64503e-06, 5.64503e-06, 5.64503e-06, 5.64503e-06, 5.64503e-06, 5.64503e-06,
5.64503e-06, 5.64503e-06]
[0, 8, 11, 7, 10, 11, 9, 3, 16, 10,
0, 11, 16, 3, 0, 18, 12, 0, 1, 7,
16, 6, 9, 17, 18, 3, 8, 16, 1, 13,
1, 1, 13, 15, 0, 1, 2, 17, 13, 10,
0, 5, 2, 10, 2, 4, 8, 11, 17, 11,
8, 9, 0, 13, 17, 4, 11, 3, 6, 17,
9, 3, 3, 13, 15, 13, 17, 9, 7, 6,
5, 1, 13, 11, 9, 3, 10, 10, 17, 8,
10, 15, 2, 1, 5, 13, 14, 2, 10, 3,
1, 16, 9, 15, 10, 15, 4, 7, 10, 11,
13, 17]
------------------------------------------------------- 
# stage = 12	# children c = 3	length of each stage p = 3	nodes = 101	# items I = 1
