[15, 92, 10, 35, 25, 32, 28, 91, 7, 86,
100, 74, 9, 11, 88, 100, 73, 49, 52, 49,
98, 48, 36, 89, 33, 88, 26, 33, 39, 4,
66, 21, 63, 76, 56, 88, 74, 84, 78, 47,
35, 77, 20, 10, 88, 74, 10, 27, 89, 28,
76, 86]
[[1196, 222, 528], [1717, 1017, 506], [1824, 1486, 1349], [1746, 1165, 15], [1625, 847, 1155], [1316, 784, 62], [1765, 958, 1065], [765, 1092, 776], [1525, 1126, 1354], [649, 104, 15],
[1506, 1300, 1277], [203, 395, 1504], [1750, 1429, 368], [1268, 1344, 1534], [1283, 1138, 1590], [607, 1664, 543], [1709, 1598, 1501], [944, 1572, 1803], [1720, 1266, 1098], [1243, 1124, 1202],
[467, 799, 1711], [954, 212, 276], [1667, 131, 1705], [204, 1399, 1218], [947, 60, 1565], [706, 667, 1398], [458, 1586, 374], [1169, 699, 115], [1141, 1628, 591], [1448, 249, 1715],
[820, 1757, 1724], [1740, 89, 105], [1225, 1756, 1276], [1099, 129, 844], [1526, 1077, 113], [1261, 992, 780], [37, 1451, 1575], [412, 789, 1483], [1567, 99, 1280], [1367, 1547, 739],
[461, 1576, 665], [1394, 695, 754], [1499, 89, 679], [153, 398, 17], [206, 93, 1094], [319, 563, 256], [308, 1641, 1707], [53, 1262, 1705], [1536, 998, 1804], [986, 1575, 729],
[1725, 1245, 1515], [1599, 808, 379]]
[[10, 6, 3, 8], [9, 0, 6, 9], [0, 0, 2, 4], [4, 10, 10, 9], [4, 6, 8, 10], [3, 10, 5, 7], [1, 5, 10, 3], [0, 1, 9, 10], [7, 10, 5, 3], [10, 0, 1, 8],
[10, 1, 10, 3], [9, 9, 1, 2], [2, 9, 2, 4], [9, 5, 9, 8], [8, 8, 9, 8], [7, 7, 7, 1], [4, 1, 4, 4], [10, 4, 10, 9], [5, 10, 1, 4], [8, 3, 4, 9],
[10, 6, 2, 6], [0, 9, 1, 8], [6, 0, 5, 2], [5, 10, 3, 10], [0, 7, 1, 0], [0, 0, 7, 4], [8, 9, 8, 6], [10, 1, 2, 7], [6, 2, 1, 6], [0, 2, 2, 6],
[0, 5, 6, 4], [5, 9, 3, 3], [3, 2, 1, 2], [2, 9, 6, 0], [5, 1, 4, 4], [0, 4, 9, 6], [6, 8, 0, 6], [9, 2, 10, 9], [5, 5, 2, 10], [3, 3, 3, 4],
[3, 2, 6, 4], [0, 1, 4, 5], [2, 6, 7, 3], [8, 6, 7, 3], [3, 7, 7, 1], [7, 6, 9, 2], [0, 9, 10, 1], [0, 0, 5, 3], [3, 1, 7, 3], [0, 9, 7, 1],
[2, 3, 4, 10], [7, 0, 2, 9]]
[1, 1, 0.2, 0.2, 0.2, 0.2, 0.2, 0.2, 0.2, 0.2,
0.2, 0.2, 0.04, 0.04, 0.04, 0.04, 0.04, 0.04, 0.04, 0.04,
0.04, 0.04, 0.008, 0.008, 0.008, 0.008, 0.008, 0.008, 0.008, 0.008,
0.008, 0.008, 0.0016, 0.0016, 0.0016, 0.0016, 0.0016, 0.0016, 0.0016, 0.0016,
0.0016, 0.0016, 0.00032, 0.00032, 0.00032, 0.00032, 0.00032, 0.00032, 0.00032, 0.00032,
0.00032, 0.00032]
[11, 12, 14, 3, 9, 9, 2, 10, 17, 7,
7, 4, 10, 10, 6, 3, 2, 8, 15, 8,
8, 5, 17, 2, 11, 6, 16, 9, 4, 18,
1, 8, 11, 16, 18, 13, 2, 14, 9, 7,
3, 14, 1, 7, 17, 12, 2, 18, 8, 18,
16, 11]
------------------------------------------------------- 
# stage = 6	# children c = 5	length of each stage p = 2	nodes = 51	# items I = 1
