[87, 50, 52, 28, 93, 9, 79, 94, 91, 79,
24, 70, 50, 49, 54, 31, 16, 34, 32, 65,
4, 98, 9, 77, 95, 71, 22, 85, 19, 89,
42, 72, 38, 61, 66, 97, 36, 11, 56, 26,
90, 81, 63, 40, 96, 16, 37, 11, 50, 35,
43, 21, 99, 52, 64, 93, 89, 52, 78, 75,
40, 86, 12, 44, 46, 79, 40, 49, 90, 63,
41, 45, 9, 3, 85, 4, 20, 89, 15, 36]
[[1181, 1434, 724], [1416, 1924, 1294], [1545, 736, 1713], [880, 389, 1267], [42, 1871, 721], [1267, 686, 702], [1396, 1417, 155], [1390, 756, 225], [1888, 821, 1286], [1743, 1767, 768],
[26, 1012, 266], [750, 492, 1374], [1228, 1221, 175], [1005, 1286, 1684], [1456, 1328, 1619], [241, 1780, 1490], [127, 1240, 155], [282, 1814, 911], [1628, 1767, 916], [978, 758, 747],
[1747, 1904, 944], [1197, 718, 620], [636, 1130, 1026], [811, 1320, 376], [1679, 840, 888], [1362, 266, 732], [100, 393, 1156], [255, 676, 1035], [350, 1488, 50], [450, 530, 808],
[382, 341, 776], [1326, 1539, 678], [1130, 1359, 992], [1340, 234, 376], [1716, 1913, 1217], [669, 523, 667], [585, 1744, 1060], [1742, 63, 920], [25, 1534, 472], [1195, 48, 1003],
[1187, 430, 528], [1147, 940, 1251], [1825, 135, 674], [65, 1475, 92], [442, 440, 1189], [843, 293, 1713], [1510, 878, 705], [1754, 1804, 768], [739, 1013, 366], [395, 272, 1535],
[1398, 1459, 29], [1111, 670, 970], [426, 1679, 289], [1101, 1745, 1764], [377, 1371, 1388], [1567, 278, 1681], [528, 972, 624], [1233, 790, 1612], [1185, 713, 690], [736, 1109, 146],
[335, 1691, 790], [364, 866, 644], [518, 477, 388], [807, 762, 1317], [1756, 1139, 1872], [1208, 770, 1334], [954, 482, 370], [762, 1715, 344], [438, 149, 1058], [312, 885, 1351],
[1579, 1220, 1106], [433, 768, 1157], [1077, 1287, 1634], [649, 158, 460], [1150, 1914, 783], [270, 1187, 1554], [1604, 1325, 1220], [1158, 151, 1000], [1503, 1709, 1149], [1745, 1206, 1218]]
[[10, 9, 8, 0], [4, 6, 6, 10], [1, 2, 6, 8], [6, 0, 4, 6], [10, 5, 7, 10], [10, 4, 6, 0], [0, 8, 0, 3], [9, 5, 4, 6], [2, 1, 6, 4], [6, 0, 3, 7],
[2, 8, 5, 6], [6, 7, 2, 5], [1, 7, 2, 0], [9, 8, 0, 10], [3, 0, 2, 1], [4, 4, 8, 4], [6, 1, 8, 1], [1, 9, 6, 4], [4, 9, 8, 10], [6, 10, 4, 7],
[5, 6, 6, 1], [2, 6, 0, 5], [5, 1, 5, 7], [5, 0, 9, 9], [1, 4, 8, 3], [2, 4, 5, 7], [0, 2, 4, 4], [0, 7, 10, 3], [0, 5, 4, 2], [9, 3, 6, 1],
[2, 9, 8, 5], [9, 4, 4, 10], [8, 10, 0, 9], [1, 3, 3, 2], [4, 7, 6, 2], [3, 3, 5, 4], [8, 7, 4, 7], [10, 8, 6, 10], [6, 4, 5, 4], [6, 7, 2, 4],
[6, 0, 2, 8], [4, 3, 8, 8], [10, 1, 10, 1], [5, 2, 3, 2], [9, 5, 7, 7], [3, 3, 6, 7], [5, 0, 1, 0], [5, 1, 2, 1], [1, 2, 7, 5], [5, 4, 0, 3],
[5, 8, 2, 8], [10, 5, 0, 9], [8, 5, 3, 0], [6, 9, 8, 0], [8, 7, 10, 2], [8, 10, 3, 7], [2, 8, 0, 5], [1, 0, 6, 5], [9, 8, 2, 6], [2, 0, 2, 0],
[4, 5, 9, 10], [4, 4, 9, 10], [0, 6, 1, 6], [5, 3, 3, 5], [0, 3, 9, 2], [1, 4, 5, 8], [2, 5, 4, 2], [4, 6, 0, 8], [10, 10, 5, 1], [1, 1, 0, 2],
[7, 1, 6, 0], [4, 9, 3, 5], [10, 1, 5, 1], [6, 8, 9, 8], [0, 2, 8, 4], [7, 9, 10, 4], [6, 3, 5, 7], [4, 5, 7, 1], [4, 3, 10, 7], [10, 2, 10, 10]]
[1, 1, 1, 1, 1, 0.333333, 0.333333, 0.333333, 0.333333, 0.333333,
0.333333, 0.333333, 0.333333, 0.333333, 0.333333, 0.333333, 0.333333, 0.333333, 0.333333, 0.333333,
0.111111, 0.111111, 0.111111, 0.111111, 0.111111, 0.111111, 0.111111, 0.111111, 0.111111, 0.111111,
0.111111, 0.111111, 0.111111, 0.111111, 0.111111, 0.037037, 0.037037, 0.037037, 0.037037, 0.037037,
0.037037, 0.037037, 0.037037, 0.037037, 0.037037, 0.037037, 0.037037, 0.037037, 0.037037, 0.037037,
0.0123457, 0.0123457, 0.0123457, 0.0123457, 0.0123457, 0.0123457, 0.0123457, 0.0123457, 0.0123457, 0.0123457,
0.0123457, 0.0123457, 0.0123457, 0.0123457, 0.0123457, 0.00411523, 0.00411523, 0.00411523, 0.00411523, 0.00411523,
0.00411523, 0.00411523, 0.00411523, 0.00411523, 0.00411523, 0.00411523, 0.00411523, 0.00411523, 0.00411523, 0.00411523]
[1, 10, 2, 19, 13, 0, 7, 5, 9, 14,
3, 13, 8, 8, 13, 5, 8, 12, 19, 16,
0, 18, 11, 10, 18, 7, 1, 17, 3, 2,
0, 2, 3, 11, 10, 18, 16, 10, 15, 0,
17, 19, 19, 12, 5, 3, 14, 6, 12, 3,
9, 5, 2, 17, 0, 15, 8, 19, 14, 15,
10, 9, 4, 1, 16, 15, 17, 8, 0, 9,
7, 9, 10, 15, 4, 15, 9, 10, 3, 6]
------------------------------------------------------- 
# stage = 6	# children c = 3	length of each stage p = 5	nodes = 79	# items I = 1
