[7, 53, 66, 81, 55, 88, 18, 35, 69, 70,
3, 74, 49, 38, 23, 1, 21, 34, 28, 39]
[[516, 871, 722], [904, 480, 1051], [768, 1239, 620], [1121, 224, 963], [883, 1144, 36], [1247, 318, 957], [407, 1239, 249], [118, 386, 70], [460, 1046, 158], [829, 645, 463],
[389, 153, 327], [1111, 1058, 807], [1155, 525, 746], [767, 638, 1263], [429, 220, 1106], [758, 166, 416], [707, 574, 354], [956, 985, 740], [1026, 437, 778], [177, 1267, 415]]
[[2, 8, 0, 10], [1, 3, 5, 4], [5, 10, 1, 10], [5, 9, 3, 4], [6, 4, 4, 3], [7, 9, 6, 3], [8, 7, 5, 5], [6, 2, 8, 8], [9, 9, 6, 10], [10, 0, 3, 2],
[10, 2, 1, 4], [0, 2, 6, 5], [7, 10, 6, 1], [6, 2, 4, 1], [7, 7, 7, 2], [8, 2, 0, 6], [9, 6, 5, 8], [6, 6, 8, 5], [8, 9, 7, 7], [10, 2, 1, 4]]
[1, 1, 0.333333, 0.333333, 0.333333, 0.333333, 0.333333, 0.333333, 0.111111, 0.111111,
0.111111, 0.111111, 0.111111, 0.111111, 0.037037, 0.037037, 0.037037, 0.037037, 0.037037, 0.037037]
[8, 10, 9, 8, 11, 3, 0, 1, 11, 12,
9, 7, 13, 2, 12, 8, 2, 6, 3, 1]
------------------------------------------------------- 
# stage = 4	# children c = 3	length of each stage p = 2	nodes = 19	# items I = 1
