[65, 96, 57, 50, 77, 88, 15, 60, 70, 6,
0, 79, 34, 63, 89, 97, 30, 98, 99, 21,
68, 25, 40, 95, 57, 6, 4, 10, 95, 12,
86, 59, 7, 8, 76, 50, 96, 57, 10, 31,
30, 10, 77, 30, 39, 31, 26, 35, 95, 25,
57, 63, 16, 63, 57, 39, 36, 61, 15, 30,
73, 0, 56, 46, 8, 98, 97, 70, 20, 73,
68, 50]
[[952, 687, 128], [621, 970, 274], [365, 243, 445], [487, 723, 734], [382, 97, 30], [370, 659, 750], [170, 650, 733], [471, 828, 507], [271, 514, 983], [155, 945, 547],
[336, 212, 245], [757, 834, 519], [335, 503, 763], [84, 1, 790], [818, 676, 192], [849, 57, 851], [903, 521, 805], [647, 296, 644], [458, 568, 462], [452, 27, 418],
[11, 363, 923], [549, 424, 768], [373, 759, 282], [147, 843, 284], [241, 966, 264], [433, 130, 322], [588, 44, 147], [697, 691, 443], [645, 453, 315], [118, 209, 342],
[829, 220, 9], [764, 74, 433], [836, 447, 496], [423, 887, 644], [11, 432, 914], [275, 170, 55], [597, 62, 99], [48, 760, 94], [785, 416, 547], [111, 828, 756],
[747, 668, 281], [756, 736, 648], [494, 877, 106], [294, 311, 297], [242, 322, 729], [167, 597, 899], [222, 499, 962], [614, 547, 37], [708, 343, 746], [559, 748, 585],
[327, 506, 558], [901, 566, 598], [560, 364, 486], [959, 952, 797], [267, 205, 130], [300, 373, 728], [504, 888, 238], [770, 514, 89], [807, 233, 433], [564, 793, 485],
[454, 424, 295], [23, 629, 861], [914, 493, 530], [412, 463, 493], [220, 34, 698], [644, 627, 375], [383, 142, 568], [914, 912, 93], [307, 34, 619], [44, 892, 716],
[529, 357, 444], [824, 673, 84]]
[[4, 0, 10, 6], [9, 10, 9, 8], [0, 2, 3, 5], [3, 2, 6, 3], [5, 3, 7, 5], [0, 1, 6, 3], [3, 10, 5, 1], [8, 5, 0, 1], [5, 8, 8, 1], [5, 4, 10, 5],
[6, 2, 8, 9], [2, 3, 0, 8], [6, 7, 0, 4], [6, 4, 5, 7], [4, 0, 8, 1], [5, 6, 1, 9], [4, 7, 10, 7], [0, 9, 0, 6], [10, 8, 2, 1], [1, 2, 7, 5],
[7, 5, 10, 2], [10, 2, 7, 3], [2, 3, 2, 8], [9, 3, 4, 0], [10, 3, 8, 8], [0, 8, 3, 10], [3, 4, 9, 4], [4, 6, 8, 1], [9, 5, 1, 8], [7, 9, 9, 10],
[1, 1, 5, 8], [2, 9, 9, 0], [10, 4, 8, 10], [10, 1, 9, 2], [3, 6, 7, 7], [10, 2, 8, 8], [7, 8, 4, 3], [4, 2, 0, 3], [1, 5, 0, 4], [1, 7, 4, 1],
[0, 1, 0, 10], [0, 8, 2, 1], [3, 7, 9, 2], [7, 4, 8, 3], [10, 1, 4, 3], [4, 5, 6, 5], [10, 7, 7, 10], [3, 9, 0, 2], [9, 9, 10, 9], [6, 10, 9, 7],
[4, 7, 7, 0], [9, 5, 3, 9], [6, 8, 1, 8], [0, 8, 3, 8], [2, 8, 7, 3], [7, 7, 3, 5], [6, 3, 1, 10], [2, 10, 7, 5], [4, 1, 5, 3], [6, 7, 1, 2],
[2, 0, 10, 2], [6, 0, 10, 8], [7, 7, 10, 3], [1, 2, 6, 5], [3, 5, 5, 4], [5, 10, 9, 7], [0, 3, 10, 5], [10, 9, 5, 1], [10, 4, 1, 3], [3, 1, 10, 8],
[6, 9, 0, 7], [9, 4, 2, 2]]
[1, 1, 0.2, 0.2, 0.2, 0.2, 0.2, 0.2, 0.2, 0.2,
0.2, 0.2, 0.04, 0.04, 0.04, 0.04, 0.04, 0.04, 0.04, 0.04,
0.04, 0.04, 0.008, 0.008, 0.008, 0.008, 0.008, 0.008, 0.008, 0.008,
0.008, 0.008, 0.0016, 0.0016, 0.0016, 0.0016, 0.0016, 0.0016, 0.0016, 0.0016,
0.0016, 0.0016, 0.00032, 0.00032, 0.00032, 0.00032, 0.00032, 0.00032, 0.00032, 0.00032,
0.00032, 0.00032, 6.4e-05, 6.4e-05, 6.4e-05, 6.4e-05, 6.4e-05, 6.4e-05, 6.4e-05, 6.4e-05,
6.4e-05, 6.4e-05, 1.28e-05, 1.28e-05, 1.28e-05, 1.28e-05, 1.28e-05, 1.28e-05, 1.28e-05, 1.28e-05,
1.28e-05, 1.28e-05]
[10, 14, 6, 8, 16, 14, 11, 3, 0, 17,
0, 6, 11, 11, 19, 16, 16, 10, 2, 2,
7, 10, 13, 14, 1, 8, 11, 3, 0, 12,
14, 14, 2, 6, 3, 15, 9, 1, 11, 19,
19, 18, 6, 5, 16, 11, 10, 5, 1, 9,
12, 19, 1, 19, 19, 17, 9, 1, 9, 7,
8, 19, 15, 2, 8, 17, 19, 17, 0, 5,
6, 10]
------------------------------------------------------- 
# stage = 8	# children c = 5	length of each stage p = 2	nodes = 71	# items I = 1
