[0, 20, 65, 77, 57, 33, 31, 28, 9, 90,
94, 86, 46, 65, 27, 63, 97, 53, 50, 68,
52, 63, 100, 35, 50, 42, 33, 69, 84, 46,
71, 84, 32, 35, 27, 89, 34, 58, 84, 9,
13, 43, 95, 25, 7, 88, 88, 70, 41, 38,
38, 59, 67, 37, 94, 84, 45, 93, 52, 28,
38, 22, 79, 36, 24, 5, 92, 24, 63, 75,
34, 43, 17, 95, 68, 92, 83, 56, 61, 90,
60, 65, 48, 26, 69, 7, 9, 13, 100, 62,
8, 4, 50, 87, 40, 40, 58, 31, 65, 87,
72, 99, 29, 56, 93, 98, 13, 41, 19, 40]
[[13, 529, 136], [609, 453, 973], [116, 846, 923], [871, 921, 559], [746, 871, 728], [724, 631, 584], [607, 855, 3], [94, 422, 989], [696, 259, 784], [175, 981, 590],
[199, 994, 109], [996, 592, 212], [958, 358, 708], [520, 218, 619], [729, 614, 479], [96, 328, 760], [681, 585, 254], [684, 680, 676], [312, 365, 585], [85, 190, 205],
[675, 389, 189], [434, 24, 431], [646, 632, 440], [344, 141, 658], [963, 870, 262], [81, 617, 240], [492, 287, 825], [396, 621, 144], [62, 583, 509], [297, 668, 350],
[503, 993, 739], [342, 417, 764], [423, 713, 385], [863, 46, 177], [511, 659, 697], [423, 391, 303], [313, 883, 240], [127, 268, 861], [272, 991, 83], [431, 939, 751],
[431, 431, 734], [160, 423, 801], [574, 846, 503], [609, 699, 200], [436, 860, 859], [123, 933, 900], [426, 235, 772], [667, 12, 691], [167, 945, 321], [251, 16, 249],
[652, 447, 330], [25, 607, 753], [826, 831, 239], [980, 80, 588], [169, 516, 437], [678, 289, 9], [568, 716, 905], [990, 22, 917], [320, 850, 852], [642, 90, 868],
[541, 393, 304], [522, 418, 562], [925, 234, 32], [153, 203, 112], [741, 22, 279], [828, 700, 568], [487, 918, 934], [381, 898, 956], [288, 868, 446], [790, 499, 536],
[647, 691, 579], [601, 202, 998], [152, 116, 221], [846, 931, 74], [608, 311, 96], [887, 790, 446], [95, 266, 354], [679, 648, 902], [275, 586, 759], [721, 365, 909],
[907, 662, 589], [476, 252, 791], [463, 55, 557], [334, 551, 477], [408, 148, 789], [154, 686, 218], [600, 781, 484], [954, 99, 782], [495, 374, 357], [244, 84, 372],
[142, 642, 684], [731, 107, 587], [161, 220, 292], [368, 554, 843], [846, 962, 991], [274, 105, 666], [492, 705, 86], [626, 299, 186], [398, 794, 560], [405, 688, 295],
[428, 480, 937], [762, 200, 694], [338, 11, 914], [630, 30, 457], [462, 526, 58], [443, 800, 163], [98, 942, 518], [846, 207, 467], [21, 255, 912], [231, 311, 239]]
[[7, 1, 2, 7], [5, 1, 3, 9], [3, 2, 3, 9], [1, 8, 10, 0], [6, 1, 4, 7], [8, 10, 2, 0], [5, 0, 5, 4], [4, 10, 10, 9], [0, 10, 6, 6], [9, 9, 2, 1],
[9, 3, 9, 8], [0, 8, 9, 6], [8, 0, 0, 3], [10, 2, 3, 3], [1, 9, 7, 5], [8, 4, 1, 7], [3, 7, 2, 1], [4, 2, 1, 0], [5, 10, 9, 3], [7, 5, 8, 4],
[5, 8, 5, 4], [9, 9, 7, 10], [5, 2, 2, 2], [4, 3, 9, 8], [9, 9, 7, 0], [0, 6, 9, 5], [5, 5, 7, 0], [10, 4, 4, 2], [1, 8, 7, 8], [6, 1, 7, 0],
[1, 7, 0, 6], [9, 8, 1, 5], [4, 8, 3, 5], [4, 1, 8, 7], [5, 4, 7, 2], [6, 10, 5, 8], [7, 10, 3, 2], [0, 0, 0, 0], [5, 9, 6, 3], [4, 7, 8, 9],
[2, 0, 1, 4], [0, 7, 1, 5], [10, 6, 5, 5], [5, 10, 0, 1], [9, 4, 1, 8], [4, 10, 6, 7], [9, 1, 0, 2], [6, 6, 9, 8], [5, 10, 0, 3], [7, 10, 6, 4],
[5, 0, 9, 0], [0, 10, 10, 7], [3, 1, 2, 5], [0, 8, 1, 7], [7, 10, 8, 2], [6, 6, 0, 9], [6, 0, 1, 0], [8, 7, 4, 2], [7, 2, 2, 5], [10, 0, 0, 2],
[1, 2, 5, 10], [9, 7, 5, 5], [4, 2, 8, 8], [8, 6, 6, 1], [4, 7, 10, 1], [3, 3, 3, 9], [4, 4, 3, 3], [4, 3, 4, 3], [4, 7, 2, 2], [1, 5, 5, 6],
[7, 0, 3, 5], [6, 10, 4, 10], [4, 4, 9, 6], [7, 2, 4, 9], [4, 5, 0, 8], [9, 2, 9, 0], [9, 0, 0, 0], [6, 5, 4, 0], [6, 7, 3, 10], [4, 8, 8, 9],
[1, 6, 2, 6], [6, 6, 3, 10], [0, 3, 5, 7], [3, 3, 7, 1], [2, 7, 10, 6], [0, 3, 6, 4], [9, 10, 3, 2], [5, 0, 9, 4], [5, 0, 10, 0], [4, 2, 9, 5],
[3, 3, 10, 6], [5, 7, 6, 7], [1, 3, 0, 10], [5, 4, 3, 3], [1, 7, 3, 6], [5, 0, 10, 10], [9, 8, 0, 3], [10, 9, 6, 1], [10, 5, 5, 4], [10, 9, 9, 10],
[2, 9, 9, 7], [3, 0, 8, 4], [5, 9, 0, 10], [9, 8, 10, 6], [5, 8, 9, 3], [4, 2, 4, 3], [5, 7, 6, 3], [6, 4, 2, 6], [1, 9, 0, 4], [7, 8, 6, 1]]
[1, 1, 1, 1, 1, 0.333333, 0.333333, 0.333333, 0.333333, 0.333333,
0.333333, 0.333333, 0.333333, 0.333333, 0.333333, 0.333333, 0.333333, 0.333333, 0.333333, 0.333333,
0.111111, 0.111111, 0.111111, 0.111111, 0.111111, 0.111111, 0.111111, 0.111111, 0.111111, 0.111111,
0.111111, 0.111111, 0.111111, 0.111111, 0.111111, 0.037037, 0.037037, 0.037037, 0.037037, 0.037037,
0.037037, 0.037037, 0.037037, 0.037037, 0.037037, 0.037037, 0.037037, 0.037037, 0.037037, 0.037037,
0.0123457, 0.0123457, 0.0123457, 0.0123457, 0.0123457, 0.0123457, 0.0123457, 0.0123457, 0.0123457, 0.0123457,
0.0123457, 0.0123457, 0.0123457, 0.0123457, 0.0123457, 0.00411523, 0.00411523, 0.00411523, 0.00411523, 0.00411523,
0.00411523, 0.00411523, 0.00411523, 0.00411523, 0.00411523, 0.00411523, 0.00411523, 0.00411523, 0.00411523, 0.00411523,
0.00137174, 0.00137174, 0.00137174, 0.00137174, 0.00137174, 0.00137174, 0.00137174, 0.00137174, 0.00137174, 0.00137174,
0.00137174, 0.00137174, 0.00137174, 0.00137174, 0.00137174, 0.000457247, 0.000457247, 0.000457247, 0.000457247, 0.000457247,
0.000457247, 0.000457247, 0.000457247, 0.000457247, 0.000457247, 0.000457247, 0.000457247, 0.000457247, 0.000457247, 0.000457247]
[19, 4, 6, 5, 20, 16, 15, 17, 1, 18,
8, 6, 6, 11, 18, 10, 3, 7, 15, 4,
9, 1, 19, 13, 17, 0, 5, 7, 14, 6,
4, 2, 11, 17, 1, 18, 19, 9, 16, 13,
7, 15, 20, 18, 15, 1, 20, 6, 11, 12,
20, 18, 6, 12, 3, 12, 18, 19, 5, 6,
19, 17, 9, 4, 20, 9, 1, 14, 8, 7,
6, 17, 2, 17, 8, 2, 7, 1, 19, 13,
18, 13, 1, 5, 8, 16, 8, 16, 1, 15,
14, 13, 13, 15, 17, 4, 3, 10, 20, 12,
3, 20, 17, 20, 5, 5, 8, 19, 9, 9]
------------------------------------------------------- 
# stage = 8	# children c = 3	length of each stage p = 5	nodes = 109	# items I = 1
