[86, 61, 21, 46, 68, 62, 88, 18, 98, 28,
78, 91, 33, 23, 53, 37, 77, 79, 9, 80,
7, 84, 73, 53, 22, 62, 39, 16, 17, 33,
92, 69, 94, 79, 15, 27, 41, 69, 11, 4,
63, 89, 61, 97, 78, 13, 100, 55, 58, 76,
34, 31, 25, 6, 84, 48, 34, 90, 64, 52,
22, 22, 20, 83, 0, 1, 9, 41, 37]
[[407, 595, 502], [316, 740, 610], [444, 134, 518], [765, 815, 20], [480, 730, 619], [258, 626, 331], [727, 825, 582], [254, 392, 270], [549, 294, 79], [604, 77, 381],
[308, 735, 344], [178, 169, 452], [788, 863, 836], [674, 747, 770], [694, 595, 618], [681, 853, 612], [380, 67, 555], [80, 321, 315], [351, 238, 610], [680, 210, 687],
[179, 518, 790], [773, 696, 78], [344, 852, 309], [298, 644, 174], [436, 706, 138], [422, 505, 359], [152, 3, 426], [75, 333, 115], [641, 684, 353], [619, 733, 813],
[424, 30, 699], [583, 172, 763], [29, 516, 733], [338, 182, 745], [513, 619, 569], [651, 159, 192], [128, 562, 445], [805, 5, 779], [38, 646, 831], [642, 383, 682],
[573, 176, 81], [391, 759, 253], [272, 788, 137], [374, 244, 319], [237, 125, 56], [807, 144, 466], [367, 523, 146], [181, 446, 401], [78, 734, 166], [277, 494, 549],
[78, 436, 93], [409, 195, 852], [30, 467, 126], [167, 209, 621], [486, 447, 746], [793, 622, 9], [627, 357, 532], [141, 538, 346], [542, 866, 198], [708, 512, 61],
[626, 840, 497], [87, 367, 692], [58, 397, 527], [434, 564, 737], [173, 418, 552], [38, 579, 542], [297, 574, 17], [829, 715, 806], [543, 376, 158]]
[[5, 0, 8, 1], [3, 4, 2, 10], [3, 8, 6, 10], [8, 5, 10, 3], [7, 7, 5, 6], [2, 5, 5, 0], [0, 4, 4, 7], [5, 1, 4, 10], [1, 2, 0, 3], [4, 2, 2, 5],
[10, 6, 4, 5], [1, 2, 8, 8], [7, 1, 1, 9], [6, 4, 9, 4], [9, 1, 10, 3], [2, 1, 2, 1], [3, 2, 4, 6], [3, 5, 0, 0], [0, 3, 6, 10], [5, 1, 7, 1],
[2, 6, 9, 7], [0, 7, 9, 9], [6, 8, 10, 8], [10, 1, 8, 0], [1, 1, 4, 4], [4, 5, 3, 3], [6, 9, 2, 0], [10, 8, 1, 0], [1, 10, 5, 1], [5, 3, 8, 0],
[10, 7, 9, 7], [6, 4, 5, 6], [3, 10, 8, 8], [2, 0, 9, 8], [9, 9, 8, 7], [6, 7, 7, 6], [7, 10, 7, 1], [0, 3, 10, 10], [10, 6, 4, 4], [10, 10, 10, 3],
[7, 7, 9, 9], [8, 7, 4, 4], [5, 10, 0, 10], [6, 5, 5, 0], [2, 10, 10, 3], [2, 10, 2, 2], [5, 5, 6, 3], [4, 3, 6, 9], [10, 4, 5, 5], [9, 9, 10, 3],
[6, 8, 0, 1], [1, 5, 0, 3], [3, 10, 6, 5], [7, 7, 5, 0], [1, 0, 1, 3], [3, 7, 1, 1], [9, 6, 6, 7], [2, 3, 8, 8], [1, 9, 7, 0], [1, 5, 3, 4],
[3, 8, 10, 8], [2, 4, 8, 1], [3, 9, 2, 4], [3, 1, 3, 1], [5, 10, 6, 7], [2, 4, 2, 1], [0, 7, 1, 1], [2, 5, 4, 3], [0, 1, 0, 2]]
[1, 1, 1, 0.5, 0.5, 0.5, 0.5, 0.5, 0.5, 0.25,
0.25, 0.25, 0.25, 0.25, 0.25, 0.125, 0.125, 0.125, 0.125, 0.125,
0.125, 0.0625, 0.0625, 0.0625, 0.0625, 0.0625, 0.0625, 0.03125, 0.03125, 0.03125,
0.03125, 0.03125, 0.03125, 0.015625, 0.015625, 0.015625, 0.015625, 0.015625, 0.015625, 0.0078125,
0.0078125, 0.0078125, 0.0078125, 0.0078125, 0.0078125, 0.00390625, 0.00390625, 0.00390625, 0.00390625, 0.00390625,
0.00390625, 0.00195312, 0.00195312, 0.00195312, 0.00195312, 0.00195312, 0.00195312, 0.000976562, 0.000976562, 0.000976562,
0.000976562, 0.000976562, 0.000976562, 0.000488281, 0.000488281, 0.000488281, 0.000488281, 0.000488281, 0.000488281]
[2, 1, 5, 3, 0, 4, 7, 1, 2, 1,
4, 2, 7, 6, 2, 4, 3, 8, 7, 3,
5, 8, 3, 1, 2, 5, 8, 5, 0, 5,
2, 4, 4, 3, 0, 5, 0, 5, 4, 3,
4, 8, 4, 5, 3, 3, 0, 7, 5, 3,
4, 1, 3, 2, 2, 7, 4, 6, 7, 8,
4, 5, 8, 5, 2, 0, 6, 5, 5]
------------------------------------------------------- 
# stage = 12	# children c = 2	length of each stage p = 3	nodes = 68	# items I = 1
