[11, 78, 12, 69, 46, 68, 91, 34, 61, 19,
47, 47, 3, 37, 14, 73, 11, 15, 35, 59,
68, 95, 95, 36, 17, 56, 8, 22, 91, 44,
41, 1, 22, 54, 36, 34, 88, 93, 68, 14,
78, 81, 61, 81, 84, 76, 19, 95, 57, 21,
19, 24, 82, 14, 26, 100, 70, 35, 88, 26,
79, 28, 27, 67, 48, 30, 0, 1]
[[1470, 1641, 2020], [472, 260, 361], [233, 901, 254], [130, 18, 2006], [641, 354, 869], [32, 657, 1776], [382, 1273, 1754], [1331, 388, 1696], [1048, 681, 1523], [918, 1467, 71],
[77, 825, 1777], [2097, 1361, 2037], [347, 1594, 827], [665, 1788, 845], [623, 381, 1263], [1493, 414, 1984], [1157, 796, 1209], [799, 79, 1598], [447, 1127, 231], [2034, 2110, 1762],
[2106, 139, 539], [1771, 125, 1900], [1760, 536, 1446], [475, 1265, 1123], [1384, 1888, 1504], [599, 1269, 1982], [471, 378, 731], [1681, 1241, 810], [1231, 1688, 2002], [1462, 1611, 2000],
[1177, 1669, 27], [1716, 1328, 216], [1569, 1040, 816], [903, 1516, 2081], [2090, 852, 1858], [1483, 1452, 1079], [1417, 1923, 1458], [36, 1556, 651], [847, 675, 228], [801, 90, 1903],
[689, 1267, 1524], [780, 935, 740], [1061, 392, 1780], [1877, 1360, 1248], [1847, 1338, 2101], [1657, 773, 1505], [624, 143, 1316], [34, 179, 825], [686, 1090, 1564], [978, 1891, 1654],
[833, 532, 873], [245, 1377, 1873], [1049, 326, 217], [781, 91, 1577], [2094, 2002, 868], [2083, 1611, 1705], [1540, 188, 1848], [744, 286, 2092], [1633, 972, 1134], [1086, 2014, 978],
[628, 799, 1510], [1566, 1044, 775], [1327, 45, 1165], [1608, 827, 1321], [1138, 809, 1275], [2070, 844, 775], [1663, 272, 1027], [1464, 1080, 1313]]
[[3, 0, 8, 6], [9, 2, 10, 6], [6, 7, 5, 7], [10, 4, 2, 8], [2, 5, 5, 0], [8, 8, 7, 4], [9, 4, 10, 10], [5, 5, 7, 8], [5, 4, 3, 3], [4, 3, 10, 10],
[8, 2, 4, 7], [6, 6, 2, 7], [1, 6, 5, 7], [3, 2, 0, 10], [4, 9, 10, 7], [3, 6, 4, 6], [8, 6, 8, 2], [7, 5, 1, 4], [7, 6, 0, 0], [10, 0, 5, 9],
[6, 9, 6, 8], [9, 4, 7, 0], [0, 6, 7, 3], [1, 0, 8, 10], [6, 5, 1, 2], [10, 0, 6, 4], [4, 4, 2, 4], [3, 6, 2, 9], [4, 6, 6, 0], [9, 3, 0, 9],
[9, 7, 0, 9], [5, 8, 8, 1], [0, 7, 1, 8], [5, 6, 10, 10], [8, 1, 3, 0], [7, 3, 10, 9], [8, 3, 9, 6], [4, 9, 2, 1], [3, 2, 10, 9], [8, 5, 8, 6],
[10, 7, 3, 4], [2, 2, 3, 0], [2, 4, 9, 9], [6, 6, 6, 3], [10, 4, 9, 3], [1, 9, 4, 4], [1, 1, 2, 7], [6, 8, 3, 3], [5, 4, 8, 5], [5, 9, 3, 7],
[3, 2, 3, 9], [8, 9, 1, 5], [3, 8, 9, 4], [6, 0, 8, 5], [2, 9, 0, 6], [4, 1, 8, 9], [5, 5, 2, 10], [3, 5, 6, 4], [7, 10, 0, 3], [6, 10, 8, 9],
[7, 4, 0, 1], [3, 7, 4, 3], [5, 2, 7, 7], [3, 4, 6, 9], [9, 8, 6, 0], [0, 0, 2, 6], [8, 3, 9, 3], [2, 4, 2, 8]]
[1, 1, 0.333333, 0.333333, 0.333333, 0.333333, 0.333333, 0.333333, 0.111111, 0.111111,
0.111111, 0.111111, 0.111111, 0.111111, 0.037037, 0.037037, 0.037037, 0.037037, 0.037037, 0.037037,
0.0123457, 0.0123457, 0.0123457, 0.0123457, 0.0123457, 0.0123457, 0.00411523, 0.00411523, 0.00411523, 0.00411523,
0.00411523, 0.00411523, 0.00137174, 0.00137174, 0.00137174, 0.00137174, 0.00137174, 0.00137174, 0.000457247, 0.000457247,
0.000457247, 0.000457247, 0.000457247, 0.000457247, 0.000152416, 0.000152416, 0.000152416, 0.000152416, 0.000152416, 0.000152416,
5.08053e-05, 5.08053e-05, 5.08053e-05, 5.08053e-05, 5.08053e-05, 5.08053e-05, 1.69351e-05, 1.69351e-05, 1.69351e-05, 1.69351e-05,
1.69351e-05, 1.69351e-05, 5.64503e-06, 5.64503e-06, 5.64503e-06, 5.64503e-06, 5.64503e-06, 5.64503e-06]
[8, 2, 8, 4, 3, 2, 11, 6, 15, 8,
4, 16, 21, 0, 2, 21, 10, 2, 12, 8,
11, 20, 13, 15, 7, 14, 9, 17, 8, 18,
7, 17, 17, 12, 0, 21, 7, 11, 19, 2,
1, 12, 0, 14, 0, 15, 4, 1, 5, 5,
10, 14, 20, 14, 3, 18, 9, 10, 11, 16,
9, 18, 15, 10, 7, 0, 15, 10]
------------------------------------------------------- 
# stage = 12	# children c = 3	length of each stage p = 2	nodes = 67	# items I = 1
