[6, 75, 39, 28, 66, 73, 88, 63, 52, 7,
85, 81, 9, 34, 24, 18, 54, 66, 99, 31,
37, 53, 97, 37, 57, 72, 53, 54, 8, 13,
77, 14, 55, 15, 43, 20, 54, 30, 83, 73,
3, 68, 19, 79, 1, 43, 98, 21, 9, 62,
52, 46, 81, 15, 49, 38, 87, 1, 58, 96,
82, 34, 76, 36, 16, 18, 22, 36, 14, 4,
8, 84, 38, 94, 63, 5, 37, 26, 27, 46,
54, 45, 58, 34, 60, 6, 38, 13, 75, 96,
75, 22, 97, 50, 24, 12, 35, 46, 14, 49,
16, 23]
[[592, 670, 503], [603, 553, 305], [740, 624, 154], [333, 520, 822], [286, 841, 193], [442, 252, 696], [31, 843, 495], [887, 128, 671], [227, 140, 818], [478, 571, 211],
[29, 91, 762], [532, 695, 244], [837, 363, 868], [872, 696, 436], [741, 29, 205], [815, 352, 338], [558, 384, 229], [100, 318, 238], [652, 427, 378], [398, 905, 830],
[491, 934, 922], [300, 394, 545], [544, 159, 908], [341, 78, 532], [658, 819, 442], [863, 562, 794], [249, 167, 106], [359, 148, 425], [478, 681, 852], [857, 8, 804],
[615, 499, 666], [584, 799, 941], [57, 272, 147], [12, 613, 106], [425, 318, 925], [748, 109, 534], [471, 239, 582], [577, 479, 611], [49, 5, 220], [782, 862, 228],
[633, 405, 727], [227, 37, 455], [215, 94, 608], [243, 941, 149], [349, 294, 348], [202, 90, 457], [617, 561, 578], [246, 185, 104], [738, 116, 109], [6, 898, 852],
[234, 460, 305], [843, 687, 223], [226, 784, 198], [715, 74, 67], [864, 305, 362], [259, 507, 333], [597, 172, 775], [222, 299, 841], [327, 85, 4], [317, 91, 903],
[217, 206, 291], [403, 930, 25], [626, 84, 690], [705, 799, 646], [773, 591, 951], [63, 731, 505], [277, 376, 677], [99, 479, 24], [940, 687, 943], [826, 52, 915],
[657, 150, 168], [948, 553, 27], [854, 107, 111], [592, 812, 792], [166, 513, 430], [164, 576, 209], [550, 853, 585], [156, 833, 945], [61, 702, 680], [51, 575, 613],
[13, 160, 763], [62, 155, 244], [89, 56, 232], [82, 529, 925], [874, 576, 367], [351, 740, 824], [560, 219, 606], [73, 375, 486], [66, 317, 235], [627, 368, 691],
[287, 262, 851], [931, 324, 887], [103, 295, 944], [216, 377, 401], [188, 298, 25], [555, 649, 646], [427, 138, 865], [80, 211, 168], [447, 158, 485], [564, 785, 734],
[302, 0, 877], [82, 931, 130]]
[[0, 8, 10, 9], [8, 2, 8, 5], [1, 2, 10, 3], [2, 10, 6, 5], [10, 2, 0, 3], [6, 1, 3, 9], [6, 0, 5, 10], [0, 4, 3, 9], [1, 2, 5, 8], [5, 2, 2, 6],
[4, 10, 10, 5], [8, 5, 8, 5], [5, 6, 9, 0], [8, 1, 7, 3], [1, 1, 2, 10], [3, 5, 7, 5], [6, 1, 0, 0], [2, 2, 6, 6], [0, 3, 9, 8], [6, 4, 2, 9],
[0, 0, 9, 8], [10, 3, 9, 0], [4, 10, 9, 8], [4, 3, 0, 10], [4, 0, 8, 6], [0, 2, 0, 0], [3, 7, 8, 10], [1, 9, 8, 1], [9, 5, 7, 7], [6, 5, 7, 9],
[4, 3, 6, 7], [6, 4, 4, 9], [2, 2, 2, 2], [2, 0, 1, 5], [8, 7, 4, 9], [5, 0, 8, 2], [3, 4, 9, 9], [9, 3, 7, 1], [5, 0, 8, 0], [2, 1, 7, 4],
[1, 10, 5, 3], [10, 6, 9, 7], [0, 0, 3, 6], [9, 0, 6, 10], [2, 4, 9, 1], [5, 3, 2, 10], [2, 8, 0, 2], [7, 5, 5, 9], [4, 10, 10, 2], [3, 6, 7, 1],
[7, 0, 7, 3], [9, 0, 3, 1], [4, 10, 0, 8], [0, 2, 7, 2], [8, 5, 3, 4], [0, 8, 2, 2], [5, 0, 4, 6], [6, 1, 7, 0], [1, 4, 4, 8], [4, 7, 9, 7],
[6, 9, 4, 6], [9, 9, 7, 6], [4, 10, 9, 2], [5, 9, 4, 10], [9, 9, 5, 3], [10, 1, 3, 9], [3, 5, 6, 6], [10, 3, 0, 3], [10, 2, 10, 7], [0, 4, 0, 2],
[1, 9, 4, 6], [8, 9, 3, 6], [5, 8, 7, 2], [7, 0, 0, 0], [3, 4, 4, 3], [5, 2, 6, 3], [4, 3, 10, 4], [5, 10, 5, 6], [9, 9, 10, 4], [5, 2, 8, 8],
[10, 5, 10, 5], [3, 8, 3, 6], [0, 7, 7, 5], [9, 3, 8, 0], [4, 5, 4, 10], [5, 7, 3, 1], [4, 3, 5, 7], [3, 0, 5, 1], [5, 4, 6, 6], [0, 9, 2, 0],
[3, 7, 5, 10], [10, 1, 10, 2], [6, 1, 1, 9], [9, 4, 8, 2], [5, 0, 9, 9], [1, 3, 10, 4], [6, 5, 0, 6], [1, 0, 4, 4], [7, 7, 3, 7], [8, 2, 9, 2],
[3, 8, 9, 10], [10, 7, 1, 3]]
[1, 1, 1, 0.333333, 0.333333, 0.333333, 0.333333, 0.333333, 0.333333, 0.333333,
0.333333, 0.333333, 0.111111, 0.111111, 0.111111, 0.111111, 0.111111, 0.111111, 0.111111, 0.111111,
0.111111, 0.037037, 0.037037, 0.037037, 0.037037, 0.037037, 0.037037, 0.037037, 0.037037, 0.037037,
0.0123457, 0.0123457, 0.0123457, 0.0123457, 0.0123457, 0.0123457, 0.0123457, 0.0123457, 0.0123457, 0.00411523,
0.00411523, 0.00411523, 0.00411523, 0.00411523, 0.00411523, 0.00411523, 0.00411523, 0.00411523, 0.00137174, 0.00137174,
0.00137174, 0.00137174, 0.00137174, 0.00137174, 0.00137174, 0.00137174, 0.00137174, 0.000457247, 0.000457247, 0.000457247,
0.000457247, 0.000457247, 0.000457247, 0.000457247, 0.000457247, 0.000457247, 0.000152416, 0.000152416, 0.000152416, 0.000152416,
0.000152416, 0.000152416, 0.000152416, 0.000152416, 0.000152416, 5.08053e-05, 5.08053e-05, 5.08053e-05, 5.08053e-05, 5.08053e-05,
5.08053e-05, 5.08053e-05, 5.08053e-05, 5.08053e-05, 1.69351e-05, 1.69351e-05, 1.69351e-05, 1.69351e-05, 1.69351e-05, 1.69351e-05,
1.69351e-05, 1.69351e-05, 1.69351e-05, 5.64503e-06, 5.64503e-06, 5.64503e-06, 5.64503e-06, 5.64503e-06, 5.64503e-06, 5.64503e-06,
5.64503e-06, 5.64503e-06]
[5, 6, 8, 5, 2, 9, 9, 0, 2, 0,
5, 8, 8, 3, 5, 4, 7, 1, 9, 6,
3, 1, 7, 4, 9, 6, 0, 2, 9, 2,
4, 8, 9, 8, 9, 2, 3, 8, 8, 3,
1, 4, 6, 2, 3, 5, 3, 2, 5, 3,
6, 0, 2, 4, 4, 7, 3, 9, 9, 9,
0, 3, 9, 8, 7, 3, 8, 7, 5, 0,
4, 9, 3, 8, 4, 9, 4, 8, 0, 2,
0, 3, 3, 1, 5, 0, 4, 0, 0, 6,
9, 1, 3, 1, 0, 5, 3, 2, 3, 6,
7, 3]
------------------------------------------------------- 
# stage = 12	# children c = 3	length of each stage p = 3	nodes = 101	# items I = 1
