[98, 12, 76, 2, 69, 21, 43, 37, 33, 97,
20, 72, 79, 44, 91, 56, 3, 90, 35, 95,
56, 13, 31, 90, 83, 57, 70, 26, 28, 24,
98, 25, 36, 39]
[[35, 470, 1988], [1427, 1873, 1860], [1862, 2165, 40], [2277, 1367, 2002], [1868, 557, 411], [928, 320, 1339], [1206, 634, 2274], [413, 480, 1831], [1131, 548, 885], [2304, 743, 627],
[1871, 778, 1097], [1159, 2206, 270], [713, 1368, 2042], [753, 1340, 709], [450, 902, 873], [861, 1831, 1193], [1806, 337, 1433], [1775, 750, 1914], [1300, 1488, 2068], [1792, 1486, 505],
[113, 657, 890], [816, 1816, 396], [1087, 223, 1764], [429, 582, 798], [1138, 1032, 1307], [2011, 1499, 438], [505, 1000, 775], [1938, 469, 1131], [1152, 1375, 313], [914, 467, 1405],
[1026, 580, 1668], [1522, 1397, 1178], [1918, 2090, 1007], [982, 213, 1590]]
[[2, 10, 6, 6], [8, 2, 0, 0], [5, 7, 5, 3], [5, 4, 7, 5], [6, 1, 4, 2], [0, 3, 10, 5], [1, 7, 3, 6], [5, 0, 5, 7], [9, 10, 1, 6], [1, 1, 4, 4],
[7, 7, 8, 1], [1, 2, 6, 5], [3, 8, 5, 1], [9, 4, 7, 0], [9, 10, 6, 4], [8, 9, 9, 4], [8, 10, 8, 7], [10, 2, 1, 4], [9, 7, 5, 8], [9, 10, 0, 0],
[7, 6, 1, 4], [8, 8, 4, 7], [5, 8, 9, 1], [6, 5, 5, 2], [5, 3, 7, 2], [3, 8, 6, 10], [2, 0, 6, 1], [8, 6, 1, 5], [10, 0, 7, 6], [9, 0, 0, 1],
[6, 9, 2, 10], [3, 6, 10, 6], [7, 7, 8, 8], [2, 1, 7, 5]]
[1, 0.333333, 0.333333, 0.333333, 0.111111, 0.111111, 0.111111, 0.037037, 0.037037, 0.037037,
0.0123457, 0.0123457, 0.0123457, 0.00411523, 0.00411523, 0.00411523, 0.00137174, 0.00137174, 0.00137174, 0.000457247,
0.000457247, 0.000457247, 0.000152416, 0.000152416, 0.000152416, 5.08053e-05, 5.08053e-05, 5.08053e-05, 1.69351e-05, 1.69351e-05,
1.69351e-05, 5.64503e-06, 5.64503e-06, 5.64503e-06]
[5, 2, 4, 2, 5, 7, 5, 2, 4, 1,
2, 3, 3, 6, 10, 3, 0, 5, 7, 0,
11, 10, 8, 8, 10, 8, 1, 4, 7, 0,
10, 6, 0, 3]
------------------------------------------------------- 
# stage = 12	# children c = 3	length of each stage p = 1	nodes = 33	# items I = 1
