[35, 94, 65, 17, 33, 26, 9, 58, 51, 57,
4, 51, 33, 1, 67, 44, 66, 74, 2, 100,
92, 89, 98, 68, 50, 80, 32, 64, 54, 91,
57, 89, 84, 21, 72, 84, 13, 47, 7, 65,
70, 11, 15, 3, 79, 82, 47, 44, 21, 15,
9, 12, 70, 7, 46, 87, 87, 44, 16, 40,
35, 73, 96, 85, 61, 33, 34, 74, 81, 41,
38, 50, 19, 19, 19, 98, 67, 32, 8, 88,
13, 17, 66, 84, 24, 12, 70, 10, 56, 52,
17, 57, 25, 12, 8, 86, 45, 42, 59, 92,
50, 64, 8, 69, 83, 27, 66, 50, 26, 74]
[[743, 1866, 442], [1177, 1745, 2041], [842, 641, 75], [1844, 2005, 317], [1338, 253, 247], [2111, 458, 387], [622, 1327, 1223], [1335, 1769, 108], [869, 2004, 381], [932, 41, 259],
[682, 272, 2125], [612, 1450, 1150], [445, 1780, 1280], [8, 1417, 1077], [326, 35, 1330], [573, 1634, 1276], [448, 1744, 396], [1672, 871, 2165], [1780, 1229, 1449], [1650, 2161, 1490],
[1909, 635, 1763], [1314, 1248, 1005], [1953, 1181, 65], [1025, 1190, 1482], [1590, 1516, 1006], [713, 2089, 432], [1989, 329, 2177], [1873, 1489, 328], [1318, 550, 1557], [560, 2200, 999],
[2050, 1389, 1634], [1093, 2191, 162], [1586, 1936, 832], [1652, 241, 2022], [414, 1832, 1330], [1420, 2033, 699], [1341, 1814, 516], [1310, 968, 2006], [1126, 78, 348], [2172, 638, 2036],
[963, 2177, 1217], [2085, 1062, 1200], [1736, 2137, 417], [360, 1581, 658], [174, 1483, 282], [992, 696, 107], [1179, 2037, 1410], [1695, 627, 1866], [981, 1753, 1944], [817, 1205, 375],
[645, 2168, 2040], [1350, 2046, 382], [343, 1574, 311], [248, 1422, 1380], [394, 1084, 656], [165, 2076, 1352], [272, 535, 669], [1170, 22, 1296], [828, 492, 329], [53, 1309, 1535],
[2124, 1955, 1495], [1956, 1097, 821], [130, 928, 1883], [2138, 664, 1097], [1310, 1059, 2181], [1966, 1224, 1537], [598, 984, 2072], [1267, 1643, 1583], [355, 263, 1563], [173, 2012, 664],
[1708, 1928, 2107], [483, 1676, 485], [793, 1295, 1413], [468, 1225, 1566], [1054, 327, 417], [515, 86, 1641], [2053, 172, 417], [1405, 1440, 2060], [268, 1283, 1812], [1831, 1456, 1616],
[288, 956, 1337], [187, 928, 293], [672, 1721, 1588], [1574, 1677, 605], [932, 523, 421], [837, 1039, 2203], [270, 372, 167], [175, 1777, 1607], [1724, 1534, 683], [816, 1157, 1627],
[1920, 1445, 376], [537, 1121, 792], [831, 1281, 305], [1907, 647, 1470], [305, 1067, 1994], [214, 1904, 313], [209, 1662, 173], [376, 1838, 1438], [1472, 842, 764], [2155, 1658, 1922],
[1574, 1370, 647], [1438, 1908, 1768], [22, 19, 330], [2023, 1926, 465], [1286, 1719, 1533], [560, 1933, 717], [361, 1630, 172], [534, 2007, 1498], [1972, 1271, 1828], [17, 706, 1278]]
[[6, 3, 6, 10], [3, 7, 9, 9], [4, 6, 9, 0], [4, 3, 0, 3], [4, 8, 2, 9], [10, 5, 6, 3], [7, 5, 5, 7], [9, 10, 3, 4], [3, 7, 1, 4], [2, 10, 3, 6],
[4, 10, 4, 6], [0, 2, 7, 4], [10, 9, 0, 9], [2, 5, 10, 9], [10, 5, 5, 8], [2, 7, 10, 5], [3, 10, 8, 5], [7, 9, 9, 0], [8, 0, 4, 6], [2, 0, 8, 2],
[10, 8, 9, 1], [2, 7, 8, 10], [10, 1, 7, 1], [6, 5, 5, 9], [4, 2, 2, 0], [0, 9, 10, 6], [8, 3, 1, 10], [2, 9, 10, 10], [6, 9, 9, 7], [5, 6, 6, 4],
[5, 1, 3, 0], [6, 8, 8, 8], [8, 8, 6, 6], [4, 3, 1, 1], [5, 2, 1, 7], [9, 0, 6, 3], [7, 4, 10, 10], [8, 5, 1, 3], [4, 5, 1, 8], [0, 9, 3, 9],
[4, 10, 2, 9], [0, 4, 10, 5], [4, 0, 1, 3], [10, 5, 4, 6], [7, 3, 4, 5], [6, 5, 6, 0], [8, 7, 6, 9], [4, 10, 5, 8], [9, 7, 6, 9], [9, 6, 2, 3],
[4, 1, 4, 1], [5, 8, 6, 1], [9, 10, 4, 2], [4, 10, 0, 0], [5, 7, 9, 7], [6, 1, 4, 2], [6, 9, 9, 5], [4, 0, 6, 6], [0, 8, 8, 5], [3, 3, 6, 1],
[0, 0, 3, 2], [8, 2, 2, 0], [9, 9, 7, 2], [8, 10, 4, 4], [8, 0, 7, 10], [10, 2, 5, 10], [8, 0, 4, 0], [1, 10, 1, 10], [8, 2, 2, 4], [4, 2, 2, 0],
[1, 10, 2, 9], [7, 4, 0, 4], [5, 7, 3, 4], [7, 6, 3, 4], [5, 7, 4, 4], [4, 3, 4, 0], [4, 4, 2, 8], [6, 4, 7, 7], [1, 9, 4, 8], [3, 4, 1, 8],
[1, 2, 10, 6], [9, 2, 0, 1], [7, 2, 5, 0], [6, 7, 9, 8], [0, 0, 5, 7], [5, 10, 1, 6], [9, 5, 2, 1], [8, 3, 7, 9], [6, 6, 2, 2], [6, 0, 1, 2],
[3, 6, 0, 7], [3, 10, 4, 1], [10, 7, 8, 2], [7, 10, 7, 5], [2, 9, 4, 10], [10, 9, 6, 3], [4, 9, 5, 10], [9, 6, 10, 1], [0, 10, 6, 1], [9, 10, 2, 7],
[5, 9, 7, 1], [6, 1, 4, 8], [10, 6, 8, 8], [4, 3, 0, 6], [10, 4, 3, 9], [8, 2, 8, 6], [1, 2, 7, 9], [10, 8, 3, 4], [6, 8, 3, 1], [10, 5, 7, 7]]
[1, 1, 1, 1, 1, 0.333333, 0.333333, 0.333333, 0.333333, 0.333333,
0.333333, 0.333333, 0.333333, 0.333333, 0.333333, 0.333333, 0.333333, 0.333333, 0.333333, 0.333333,
0.111111, 0.111111, 0.111111, 0.111111, 0.111111, 0.111111, 0.111111, 0.111111, 0.111111, 0.111111,
0.111111, 0.111111, 0.111111, 0.111111, 0.111111, 0.037037, 0.037037, 0.037037, 0.037037, 0.037037,
0.037037, 0.037037, 0.037037, 0.037037, 0.037037, 0.037037, 0.037037, 0.037037, 0.037037, 0.037037,
0.0123457, 0.0123457, 0.0123457, 0.0123457, 0.0123457, 0.0123457, 0.0123457, 0.0123457, 0.0123457, 0.0123457,
0.0123457, 0.0123457, 0.0123457, 0.0123457, 0.0123457, 0.00411523, 0.00411523, 0.00411523, 0.00411523, 0.00411523,
0.00411523, 0.00411523, 0.00411523, 0.00411523, 0.00411523, 0.00411523, 0.00411523, 0.00411523, 0.00411523, 0.00411523,
0.00137174, 0.00137174, 0.00137174, 0.00137174, 0.00137174, 0.00137174, 0.00137174, 0.00137174, 0.00137174, 0.00137174,
0.00137174, 0.00137174, 0.00137174, 0.00137174, 0.00137174, 0.000457247, 0.000457247, 0.000457247, 0.000457247, 0.000457247,
0.000457247, 0.000457247, 0.000457247, 0.000457247, 0.000457247, 0.000457247, 0.000457247, 0.000457247, 0.000457247, 0.000457247]
[4, 6, 4, 5, 9, 2, 11, 7, 11, 0,
1, 4, 6, 7, 5, 6, 9, 5, 8, 9,
11, 7, 9, 9, 0, 9, 11, 0, 1, 9,
4, 9, 1, 11, 8, 10, 4, 10, 0, 5,
1, 9, 1, 3, 8, 1, 8, 6, 4, 10,
10, 1, 6, 8, 3, 11, 9, 2, 10, 4,
9, 7, 8, 7, 2, 10, 10, 8, 6, 3,
10, 7, 2, 9, 6, 11, 0, 5, 3, 1,
3, 6, 6, 6, 3, 3, 7, 5, 11, 6,
0, 4, 3, 5, 7, 11, 10, 7, 0, 9,
2, 1, 2, 3, 0, 6, 2, 9, 1, 7]
------------------------------------------------------- 
# stage = 8	# children c = 3	length of each stage p = 5	nodes = 109	# items I = 1
