[2, 81, 46, 65, 28, 90, 57, 53, 82, 67,
54, 53, 83, 3, 26, 20, 57, 67, 73, 84,
73, 31, 31, 39, 61, 92, 14, 67, 94, 40,
69, 96, 88, 81, 60, 82, 36, 83, 0, 18,
15, 54, 37, 98, 23, 63, 85, 81, 29, 23,
30, 69, 20, 61, 7, 82, 19, 88, 14, 12,
95, 83, 75, 82, 30, 34, 29, 66, 84, 30,
50, 99, 50, 87, 97, 74, 16, 47, 20, 11,
36, 50, 80, 57, 11, 54, 38, 30, 41, 18,
8, 35, 67, 83, 83, 97, 84, 12, 63, 67,
8, 79, 65, 58, 66, 27, 98, 82, 40, 17,
59, 77, 68, 39, 33, 79, 59, 37, 75, 100,
55, 83, 1, 21, 66, 84, 85, 49, 62, 47]
[[775, 1558, 1704], [1223, 291, 342], [705, 1865, 1512], [1123, 1745, 419], [1109, 899, 683], [298, 1446, 1869], [635, 222, 759], [326, 1124, 488], [142, 771, 8], [707, 640, 579],
[216, 1415, 113], [1920, 1115, 906], [739, 297, 746], [728, 1922, 969], [1147, 1007, 1868], [307, 1305, 1791], [654, 1940, 491], [1915, 242, 1615], [378, 886, 863], [386, 70, 1503],
[1468, 286, 1395], [58, 683, 485], [964, 1924, 1285], [188, 627, 1182], [1157, 252, 164], [1502, 559, 1971], [1268, 1715, 364], [1759, 1606, 1108], [1852, 1984, 1994], [690, 848, 39],
[671, 291, 326], [41, 349, 1009], [1029, 1815, 909], [289, 2003, 1536], [1973, 1637, 265], [615, 1114, 825], [561, 358, 515], [1427, 594, 96], [510, 421, 558], [479, 1112, 1406],
[1021, 1783, 1697], [1347, 301, 523], [833, 1330, 313], [219, 96, 292], [233, 45, 406], [498, 660, 1521], [1323, 1723, 356], [316, 1126, 1452], [914, 1636, 1874], [1472, 593, 1463],
[1355, 1614, 1723], [1529, 936, 2024], [27, 246, 1832], [341, 466, 1928], [1135, 699, 450], [18, 1699, 1110], [16, 1500, 1311], [874, 1816, 412], [302, 1207, 525], [653, 1157, 1118],
[91, 487, 707], [291, 2017, 120], [792, 521, 367], [599, 1364, 1335], [1005, 474, 511], [1957, 995, 185], [1043, 1011, 1685], [831, 1886, 1978], [1243, 163, 1161], [1768, 1318, 795],
[862, 1409, 1282], [46, 177, 1776], [167, 969, 273], [1036, 46, 1637], [346, 1553, 589], [857, 1485, 61], [1544, 1005, 1072], [1205, 1836, 1435], [1660, 1556, 75], [1298, 1300, 1393],
[68, 639, 1279], [1853, 685, 1456], [1604, 1354, 903], [354, 365, 949], [469, 1213, 979], [1560, 547, 439], [1621, 67, 1947], [668, 1774, 235], [79, 1409, 1792], [154, 1185, 1569],
[1548, 1253, 183], [1304, 1081, 1370], [736, 1163, 1202], [1639, 1517, 1567], [1065, 1986, 1258], [19, 2023, 1805], [960, 1619, 1872], [1384, 765, 1621], [1620, 844, 1508], [1387, 1500, 668],
[1433, 1525, 1921], [93, 805, 1480], [1463, 18, 618], [1142, 1657, 612], [685, 1199, 1076], [1943, 1218, 1074], [1723, 655, 669], [48, 15, 1434], [1669, 1635, 755], [1152, 1499, 230],
[297, 907, 233], [194, 1502, 1540], [151, 940, 1558], [769, 58, 1190], [1381, 1245, 866], [432, 1665, 59], [1507, 1865, 1216], [653, 1913, 1231], [62, 35, 1343], [1319, 1689, 1319],
[26, 1987, 703], [259, 658, 180], [1799, 809, 1623], [1332, 55, 158], [999, 1436, 1403], [342, 346, 1545], [401, 330, 1887], [95, 983, 253], [1326, 1547, 288], [1147, 841, 454]]
[[7, 3, 10, 2], [9, 5, 9, 10], [7, 1, 9, 1], [7, 9, 5, 3], [9, 9, 0, 6], [3, 6, 5, 8], [4, 4, 1, 7], [9, 3, 10, 3], [7, 7, 4, 3], [2, 2, 0, 7],
[1, 9, 8, 9], [7, 2, 10, 5], [0, 0, 9, 2], [6, 4, 8, 8], [6, 7, 4, 3], [0, 3, 6, 5], [9, 10, 8, 9], [10, 8, 5, 1], [7, 3, 8, 1], [3, 7, 5, 2],
[7, 3, 2, 1], [5, 10, 9, 10], [5, 3, 2, 5], [4, 6, 10, 0], [4, 5, 9, 3], [2, 4, 4, 9], [5, 1, 0, 8], [9, 5, 10, 3], [6, 1, 2, 1], [10, 10, 0, 4],
[0, 0, 7, 2], [4, 4, 3, 8], [9, 1, 1, 0], [3, 3, 8, 8], [3, 8, 6, 1], [0, 3, 2, 6], [3, 3, 5, 2], [2, 3, 4, 2], [1, 9, 2, 6], [2, 5, 3, 0],
[7, 4, 9, 10], [6, 6, 6, 9], [3, 1, 8, 1], [2, 10, 8, 5], [0, 0, 5, 2], [4, 7, 2, 5], [5, 5, 0, 7], [10, 4, 5, 4], [6, 4, 2, 10], [10, 8, 8, 1],
[7, 5, 2, 9], [3, 10, 2, 3], [0, 7, 4, 2], [2, 4, 7, 7], [9, 6, 2, 7], [8, 7, 9, 1], [0, 0, 1, 9], [6, 7, 10, 2], [2, 1, 1, 3], [10, 1, 4, 8],
[8, 8, 10, 8], [2, 4, 5, 9], [10, 7, 5, 5], [1, 4, 7, 0], [2, 6, 9, 9], [2, 8, 9, 2], [9, 8, 5, 6], [9, 10, 3, 5], [5, 2, 2, 7], [5, 5, 6, 2],
[10, 9, 8, 1], [0, 2, 1, 3], [8, 10, 10, 8], [5, 6, 0, 1], [4, 3, 8, 2], [2, 0, 7, 6], [1, 8, 2, 6], [2, 6, 8, 2], [3, 3, 1, 3], [5, 2, 4, 0],
[10, 1, 9, 2], [8, 7, 3, 1], [10, 0, 1, 0], [1, 7, 6, 2], [4, 6, 6, 4], [2, 1, 6, 3], [5, 5, 6, 8], [5, 9, 7, 2], [10, 3, 4, 7], [10, 8, 6, 7],
[8, 8, 7, 7], [4, 2, 9, 8], [7, 2, 10, 9], [4, 4, 10, 7], [9, 5, 2, 4], [3, 9, 6, 1], [1, 0, 6, 9], [8, 2, 6, 3], [10, 0, 0, 1], [1, 7, 7, 8],
[10, 6, 4, 1], [10, 3, 6, 9], [6, 8, 0, 10], [5, 4, 9, 4], [2, 4, 3, 10], [6, 7, 1, 3], [5, 1, 4, 6], [6, 9, 3, 3], [5, 5, 4, 2], [8, 10, 9, 4],
[6, 9, 1, 0], [1, 10, 2, 3], [3, 5, 1, 8], [10, 2, 0, 5], [1, 3, 9, 7], [1, 0, 0, 4], [5, 2, 5, 3], [0, 3, 5, 4], [0, 6, 4, 1], [3, 4, 4, 4],
[8, 5, 1, 7], [5, 0, 10, 6], [1, 9, 1, 0], [9, 10, 3, 1], [10, 8, 4, 10], [0, 7, 3, 0], [0, 5, 10, 3], [10, 4, 6, 7], [7, 7, 1, 2], [5, 10, 6, 4]]
[1, 1, 1, 1, 1, 0.2, 0.2, 0.2, 0.2, 0.2,
0.2, 0.2, 0.2, 0.2, 0.2, 0.2, 0.2, 0.2, 0.2, 0.2,
0.2, 0.2, 0.2, 0.2, 0.2, 0.2, 0.2, 0.2, 0.2, 0.2,
0.04, 0.04, 0.04, 0.04, 0.04, 0.04, 0.04, 0.04, 0.04, 0.04,
0.04, 0.04, 0.04, 0.04, 0.04, 0.04, 0.04, 0.04, 0.04, 0.04,
0.04, 0.04, 0.04, 0.04, 0.04, 0.008, 0.008, 0.008, 0.008, 0.008,
0.008, 0.008, 0.008, 0.008, 0.008, 0.008, 0.008, 0.008, 0.008, 0.008,
0.008, 0.008, 0.008, 0.008, 0.008, 0.008, 0.008, 0.008, 0.008, 0.008,
0.0016, 0.0016, 0.0016, 0.0016, 0.0016, 0.0016, 0.0016, 0.0016, 0.0016, 0.0016,
0.0016, 0.0016, 0.0016, 0.0016, 0.0016, 0.0016, 0.0016, 0.0016, 0.0016, 0.0016,
0.0016, 0.0016, 0.0016, 0.0016, 0.0016, 0.00032, 0.00032, 0.00032, 0.00032, 0.00032,
0.00032, 0.00032, 0.00032, 0.00032, 0.00032, 0.00032, 0.00032, 0.00032, 0.00032, 0.00032,
0.00032, 0.00032, 0.00032, 0.00032, 0.00032, 0.00032, 0.00032, 0.00032, 0.00032, 0.00032]
[6, 14, 13, 17, 8, 20, 5, 10, 13, 6,
9, 7, 7, 11, 8, 18, 16, 18, 18, 20,
14, 15, 16, 6, 5, 2, 7, 10, 20, 0,
3, 20, 5, 3, 9, 2, 0, 16, 19, 19,
12, 15, 6, 7, 4, 11, 2, 4, 3, 6,
7, 9, 4, 0, 3, 4, 16, 11, 1, 6,
1, 11, 3, 9, 19, 14, 2, 12, 4, 4,
4, 1, 3, 0, 5, 9, 19, 8, 12, 3,
9, 14, 18, 11, 11, 10, 20, 14, 19, 4,
16, 8, 10, 12, 11, 7, 10, 7, 2, 8,
12, 7, 6, 14, 10, 5, 9, 17, 8, 18,
1, 17, 4, 19, 0, 18, 1, 2, 0, 7,
10, 15, 2, 14, 16, 4, 12, 6, 1, 19]
------------------------------------------------------- 
# stage = 6	# children c = 5	length of each stage p = 5	nodes = 129	# items I = 1
