[55, 28, 67, 82, 70, 88, 72, 45, 90, 24,
24, 49, 83, 43, 92, 64, 74, 15, 19, 1,
42, 57, 29, 3, 15, 41, 49, 80, 62, 92,
21, 17, 86, 55, 99, 21, 42, 36, 66, 98,
27, 90, 46, 76, 99, 3]
[[38, 632, 567], [167, 127, 804], [430, 805, 41], [131, 843, 33], [385, 906, 15], [308, 773, 806], [758, 606, 170], [252, 470, 854], [729, 831, 171], [296, 84, 580],
[406, 300, 473], [233, 468, 600], [297, 158, 666], [338, 289, 591], [549, 852, 579], [743, 421, 612], [631, 261, 301], [61, 513, 771], [175, 325, 862], [346, 799, 207],
[9, 287, 507], [660, 520, 235], [342, 817, 394], [90, 416, 861], [859, 47, 796], [521, 790, 299], [215, 681, 560], [694, 742, 333], [726, 0, 836], [670, 346, 717],
[137, 533, 86], [645, 275, 784], [880, 796, 862], [534, 146, 538], [478, 88, 763], [356, 787, 636], [655, 262, 577], [475, 39, 580], [808, 765, 580], [727, 695, 186],
[526, 833, 898], [791, 738, 433], [835, 878, 489], [39, 495, 636], [577, 55, 902], [423, 589, 771]]
[[1, 8, 7, 7], [1, 1, 5, 1], [0, 7, 3, 5], [2, 9, 8, 2], [6, 9, 9, 0], [3, 10, 9, 0], [4, 9, 1, 8], [6, 8, 9, 6], [4, 5, 0, 5], [7, 5, 4, 5],
[10, 7, 8, 1], [4, 5, 2, 8], [1, 0, 9, 4], [8, 5, 5, 2], [1, 6, 8, 7], [1, 6, 0, 3], [10, 9, 7, 4], [3, 0, 7, 1], [6, 5, 2, 8], [8, 2, 5, 10],
[3, 1, 1, 9], [6, 4, 0, 7], [8, 6, 2, 10], [0, 0, 0, 10], [10, 7, 1, 0], [6, 8, 1, 1], [2, 2, 9, 0], [4, 1, 10, 5], [3, 9, 4, 7], [3, 2, 4, 0],
[9, 4, 8, 7], [4, 7, 6, 3], [3, 5, 2, 7], [2, 3, 8, 5], [3, 4, 3, 8], [6, 0, 0, 9], [9, 4, 5, 1], [5, 7, 0, 1], [9, 8, 8, 3], [4, 1, 4, 6],
[6, 6, 2, 6], [8, 9, 0, 0], [2, 1, 6, 6], [1, 5, 2, 9], [7, 6, 8, 1], [2, 8, 2, 1]]
[1, 1, 0.5, 0.5, 0.5, 0.5, 0.25, 0.25, 0.25, 0.25,
0.125, 0.125, 0.125, 0.125, 0.0625, 0.0625, 0.0625, 0.0625, 0.03125, 0.03125,
0.03125, 0.03125, 0.015625, 0.015625, 0.015625, 0.015625, 0.0078125, 0.0078125, 0.0078125, 0.0078125,
0.00390625, 0.00390625, 0.00390625, 0.00390625, 0.00195312, 0.00195312, 0.00195312, 0.00195312, 0.000976562, 0.000976562,
0.000976562, 0.000976562, 0.000488281, 0.000488281, 0.000488281, 0.000488281]
[3, 18, 12, 10, 12, 14, 8, 8, 0, 2,
12, 7, 13, 9, 12, 18, 5, 4, 10, 3,
15, 5, 17, 11, 6, 8, 14, 5, 15, 5,
0, 18, 16, 18, 12, 3, 14, 7, 15, 8,
14, 2, 9, 14, 0, 8]
------------------------------------------------------- 
# stage = 12	# children c = 2	length of each stage p = 2	nodes = 45	# items I = 1
