[83, 44, 91, 47, 82, 54, 39, 67, 84, 36,
69, 34, 70, 2, 66, 16, 43, 95, 73, 45,
70, 12, 39, 5, 89, 1, 39, 7, 94, 53,
4, 76, 97, 95, 89, 44, 15, 28, 10, 65,
64, 45, 65, 0, 47, 30, 83, 56, 91, 55,
0, 27, 33, 39, 32, 88, 7, 37, 95, 0,
56, 65, 42, 53, 26, 30, 63, 41, 58, 74,
72, 89, 85, 36, 55, 32, 33, 37, 54, 90,
92, 55, 16, 25, 60, 14, 12, 67, 51, 74,
33, 7, 38, 75, 26, 64, 5, 89, 71, 29,
28, 42, 84, 13, 45, 38, 11, 78, 75, 65]
[[4, 224, 351], [210, 928, 834], [712, 333, 342], [656, 296, 741], [206, 994, 670], [914, 736, 890], [736, 398, 481], [975, 1, 926], [727, 368, 309], [167, 401, 997],
[572, 277, 214], [923, 359, 6], [621, 63, 340], [963, 591, 636], [569, 670, 622], [231, 576, 223], [113, 176, 621], [466, 15, 495], [257, 743, 863], [566, 910, 128],
[427, 474, 405], [641, 262, 764], [648, 883, 700], [860, 711, 155], [488, 144, 825], [982, 375, 265], [197, 360, 314], [691, 699, 329], [178, 956, 944], [913, 386, 847],
[34, 813, 185], [311, 319, 319], [948, 839, 67], [640, 691, 778], [667, 43, 794], [357, 17, 161], [494, 87, 393], [808, 778, 84], [2, 828, 912], [946, 733, 162],
[657, 639, 976], [715, 951, 287], [906, 891, 118], [973, 395, 681], [615, 934, 724], [401, 283, 613], [562, 778, 700], [828, 450, 470], [784, 452, 162], [561, 263, 896],
[723, 792, 399], [691, 371, 342], [850, 270, 97], [840, 235, 364], [513, 851, 291], [101, 244, 446], [715, 679, 216], [407, 499, 539], [750, 147, 991], [912, 708, 118],
[672, 424, 911], [64, 987, 274], [278, 830, 416], [248, 534, 652], [484, 920, 367], [775, 13, 611], [86, 728, 154], [174, 0, 525], [713, 750, 673], [569, 526, 373],
[687, 191, 669], [462, 127, 649], [609, 405, 343], [17, 525, 877], [669, 2, 661], [908, 649, 675], [512, 735, 267], [538, 910, 267], [56, 487, 9], [601, 48, 408],
[846, 736, 599], [508, 190, 598], [149, 671, 875], [364, 689, 393], [105, 222, 395], [767, 123, 36], [434, 507, 644], [701, 917, 418], [841, 845, 905], [722, 438, 954],
[122, 277, 554], [721, 657, 616], [311, 678, 280], [179, 34, 841], [444, 139, 55], [839, 778, 50], [747, 204, 429], [255, 778, 339], [673, 611, 176], [443, 325, 615],
[261, 448, 764], [815, 33, 285], [423, 217, 963], [575, 268, 869], [408, 712, 880], [336, 415, 651], [386, 26, 855], [816, 282, 497], [147, 827, 980], [323, 262, 298]]
[[7, 3, 5, 4], [2, 3, 1, 2], [0, 3, 9, 9], [4, 1, 6, 0], [5, 4, 9, 0], [9, 10, 6, 5], [2, 2, 9, 4], [1, 3, 10, 9], [4, 5, 0, 6], [6, 10, 7, 4],
[2, 3, 2, 4], [4, 9, 2, 8], [0, 1, 8, 7], [0, 1, 0, 0], [4, 9, 2, 3], [10, 1, 10, 4], [4, 10, 8, 10], [8, 4, 4, 10], [8, 4, 2, 10], [0, 4, 5, 10],
[3, 0, 6, 1], [2, 6, 10, 4], [2, 1, 7, 2], [3, 7, 6, 7], [4, 1, 5, 1], [6, 7, 10, 1], [9, 10, 9, 10], [3, 4, 9, 5], [4, 2, 4, 6], [7, 4, 10, 9],
[5, 5, 0, 6], [1, 4, 1, 3], [6, 6, 5, 10], [2, 4, 9, 9], [1, 7, 8, 4], [9, 4, 7, 3], [5, 1, 7, 1], [5, 5, 10, 8], [8, 0, 4, 9], [2, 3, 1, 8],
[9, 4, 5, 9], [6, 3, 7, 7], [9, 3, 10, 7], [5, 6, 8, 10], [5, 5, 0, 8], [8, 9, 4, 5], [7, 6, 1, 9], [9, 0, 5, 7], [5, 10, 3, 9], [3, 10, 6, 10],
[0, 3, 6, 6], [7, 4, 5, 2], [7, 4, 8, 2], [2, 1, 7, 9], [7, 6, 7, 5], [6, 10, 1, 9], [10, 4, 8, 0], [2, 1, 10, 2], [4, 5, 8, 9], [7, 1, 0, 3],
[3, 7, 5, 5], [8, 10, 1, 5], [5, 6, 10, 10], [6, 10, 8, 3], [1, 3, 3, 1], [4, 0, 4, 6], [3, 10, 3, 9], [9, 1, 1, 1], [8, 5, 4, 6], [4, 5, 9, 8],
[1, 6, 7, 7], [5, 2, 8, 5], [6, 9, 6, 8], [9, 8, 2, 10], [6, 5, 8, 4], [6, 8, 4, 4], [2, 8, 8, 4], [3, 6, 10, 2], [10, 6, 7, 3], [7, 4, 8, 2],
[2, 1, 8, 9], [10, 8, 6, 5], [0, 4, 7, 7], [10, 0, 9, 10], [9, 4, 3, 10], [8, 3, 1, 7], [7, 8, 10, 1], [10, 7, 1, 1], [7, 10, 8, 6], [5, 3, 9, 6],
[5, 3, 0, 4], [2, 9, 3, 9], [0, 5, 8, 8], [6, 7, 4, 0], [2, 2, 2, 1], [9, 3, 0, 3], [2, 8, 9, 6], [9, 5, 1, 4], [7, 1, 8, 9], [8, 10, 7, 8],
[4, 4, 5, 10], [9, 7, 10, 0], [9, 1, 10, 6], [5, 8, 9, 5], [3, 6, 0, 1], [9, 1, 5, 5], [0, 1, 3, 8], [0, 10, 5, 2], [1, 8, 1, 10], [5, 0, 8, 1]]
[1, 1, 1, 1, 1, 0.333333, 0.333333, 0.333333, 0.333333, 0.333333,
0.333333, 0.333333, 0.333333, 0.333333, 0.333333, 0.333333, 0.333333, 0.333333, 0.333333, 0.333333,
0.111111, 0.111111, 0.111111, 0.111111, 0.111111, 0.111111, 0.111111, 0.111111, 0.111111, 0.111111,
0.111111, 0.111111, 0.111111, 0.111111, 0.111111, 0.037037, 0.037037, 0.037037, 0.037037, 0.037037,
0.037037, 0.037037, 0.037037, 0.037037, 0.037037, 0.037037, 0.037037, 0.037037, 0.037037, 0.037037,
0.0123457, 0.0123457, 0.0123457, 0.0123457, 0.0123457, 0.0123457, 0.0123457, 0.0123457, 0.0123457, 0.0123457,
0.0123457, 0.0123457, 0.0123457, 0.0123457, 0.0123457, 0.00411523, 0.00411523, 0.00411523, 0.00411523, 0.00411523,
0.00411523, 0.00411523, 0.00411523, 0.00411523, 0.00411523, 0.00411523, 0.00411523, 0.00411523, 0.00411523, 0.00411523,
0.00137174, 0.00137174, 0.00137174, 0.00137174, 0.00137174, 0.00137174, 0.00137174, 0.00137174, 0.00137174, 0.00137174,
0.00137174, 0.00137174, 0.00137174, 0.00137174, 0.00137174, 0.000457247, 0.000457247, 0.000457247, 0.000457247, 0.000457247,
0.000457247, 0.000457247, 0.000457247, 0.000457247, 0.000457247, 0.000457247, 0.000457247, 0.000457247, 0.000457247, 0.000457247]
[9, 9, 10, 8, 9, 5, 9, 5, 10, 2,
2, 8, 10, 4, 5, 1, 6, 0, 10, 7,
0, 4, 1, 10, 8, 5, 10, 7, 9, 2,
8, 5, 1, 9, 9, 6, 6, 6, 7, 6,
5, 2, 9, 2, 6, 7, 5, 6, 2, 6,
7, 8, 7, 7, 6, 6, 10, 4, 5, 2,
8, 1, 9, 5, 10, 1, 8, 6, 10, 6,
4, 6, 8, 10, 3, 9, 9, 8, 4, 5,
10, 6, 2, 8, 1, 5, 1, 6, 7, 7,
3, 7, 9, 6, 2, 3, 5, 5, 5, 5,
2, 9, 7, 9, 7, 9, 7, 1, 5, 7]
------------------------------------------------------- 
# stage = 8	# children c = 3	length of each stage p = 5	nodes = 109	# items I = 1
