[55, 94, 76, 2, 47, 62, 36, 69, 79, 36,
23, 15, 98, 52, 78, 9, 38, 34, 5, 63,
4, 89, 99, 46, 24, 55, 77, 65, 45, 51,
14, 67, 44, 57]
[[873, 636, 138], [155, 224, 148], [919, 679, 425], [409, 827, 221], [648, 975, 1010], [491, 1002, 726], [54, 405, 91], [144, 1054, 135], [963, 325, 741], [314, 849, 595],
[67, 958, 468], [543, 349, 692], [691, 504, 270], [353, 913, 333], [574, 798, 208], [820, 188, 446], [782, 243, 87], [873, 724, 40], [244, 586, 702], [985, 136, 787],
[480, 203, 645], [184, 746, 230], [876, 674, 735], [382, 1027, 884], [716, 837, 581], [160, 556, 6], [943, 237, 249], [1030, 347, 209], [306, 591, 31], [1009, 476, 167],
[695, 192, 370], [576, 376, 353], [43, 488, 263], [778, 870, 189]]
[[6, 2, 9, 8], [0, 4, 8, 6], [1, 4, 10, 6], [7, 5, 2, 9], [10, 1, 8, 4], [9, 2, 4, 7], [8, 3, 9, 9], [5, 9, 1, 0], [0, 9, 6, 10], [2, 3, 3, 3],
[8, 2, 8, 2], [5, 8, 1, 2], [9, 9, 6, 8], [9, 9, 4, 6], [10, 3, 5, 4], [1, 4, 4, 10], [2, 0, 7, 3], [1, 10, 4, 7], [10, 1, 10, 4], [9, 9, 6, 6],
[5, 0, 3, 4], [7, 5, 10, 6], [6, 2, 10, 5], [7, 1, 5, 9], [10, 10, 1, 10], [10, 6, 6, 7], [5, 5, 1, 2], [3, 5, 8, 9], [3, 9, 0, 10], [1, 10, 3, 8],
[2, 0, 2, 9], [2, 5, 5, 10], [5, 5, 9, 2], [9, 3, 9, 1]]
[1, 0.333333, 0.333333, 0.333333, 0.111111, 0.111111, 0.111111, 0.037037, 0.037037, 0.037037,
0.0123457, 0.0123457, 0.0123457, 0.00411523, 0.00411523, 0.00411523, 0.00137174, 0.00137174, 0.00137174, 0.000457247,
0.000457247, 0.000457247, 0.000152416, 0.000152416, 0.000152416, 5.08053e-05, 5.08053e-05, 5.08053e-05, 1.69351e-05, 1.69351e-05,
1.69351e-05, 5.64503e-06, 5.64503e-06, 5.64503e-06]
[16, 6, 21, 18, 6, 14, 13, 7, 6, 6,
14, 15, 5, 5, 18, 6, 1, 21, 10, 17,
12, 17, 12, 15, 21, 11, 0, 15, 15, 4,
18, 11, 17, 7]
------------------------------------------------------- 
# stage = 12	# children c = 3	length of each stage p = 1	nodes = 33	# items I = 1
