[29, 35, 13, 37, 85, 57, 47, 77, 13, 93,
84, 17, 51, 57, 67, 65, 2, 52, 99, 5]
[[344, 789, 1746], [539, 1518, 958], [1389, 1452, 561], [516, 1277, 787], [18, 1397, 1272], [362, 1255, 1047], [1606, 831, 426], [1058, 1492, 39], [311, 687, 58], [1864, 1095, 1265],
[84, 1439, 173], [1334, 1481, 1692], [1795, 492, 1263], [475, 511, 162], [1263, 33, 1559], [654, 395, 437], [1204, 1504, 771], [1133, 681, 382], [1172, 993, 1070], [733, 976, 1668]]
[[8, 3, 5, 2], [9, 5, 6, 9], [1, 3, 5, 4], [2, 7, 9, 2], [0, 10, 1, 2], [8, 8, 5, 10], [8, 7, 9, 4], [4, 4, 1, 1], [7, 7, 1, 5], [1, 5, 2, 0],
[8, 5, 2, 0], [1, 0, 2, 10], [0, 2, 0, 6], [8, 5, 5, 5], [10, 1, 9, 1], [6, 8, 0, 2], [4, 1, 6, 3], [5, 6, 1, 2], [0, 3, 0, 10], [4, 1, 10, 2]]
[1, 1, 0.333333, 0.333333, 0.333333, 0.333333, 0.333333, 0.333333, 0.111111, 0.111111,
0.111111, 0.111111, 0.111111, 0.111111, 0.037037, 0.037037, 0.037037, 0.037037, 0.037037, 0.037037]
[8, 9, 3, 3, 5, 4, 8, 1, 8, 8,
6, 4, 0, 4, 9, 4, 0, 5, 1, 5]
------------------------------------------------------- 
# stage = 4	# children c = 3	length of each stage p = 2	nodes = 19	# items I = 1
