[45, 91, 61, 95, 41, 12, 54, 37, 62, 12,
82, 84, 37, 83, 16, 50, 35, 44, 38, 36,
54, 6, 96, 31, 88, 12, 87, 8, 27, 56,
79, 73, 46, 39, 33, 87, 18, 88, 23, 46,
66, 71, 29, 2, 54, 46, 52, 55, 90, 91,
58, 9, 63, 53, 6, 16, 31, 59, 91, 58,
15, 70, 97, 61, 75, 30, 14, 59, 84, 3,
5, 49, 75, 0, 17, 95, 46, 35, 15, 1]
[[149, 464, 288], [897, 279, 713], [732, 461, 462], [928, 168, 608], [229, 276, 425], [558, 4, 348], [914, 506, 807], [761, 113, 491], [332, 970, 497], [903, 417, 969],
[53, 217, 423], [341, 103, 702], [705, 835, 152], [156, 753, 982], [414, 632, 908], [840, 180, 912], [177, 83, 57], [634, 844, 170], [775, 827, 790], [261, 719, 858],
[220, 423, 64], [293, 764, 167], [995, 108, 653], [797, 925, 45], [418, 329, 677], [315, 819, 857], [878, 996, 590], [935, 270, 74], [756, 34, 901], [535, 296, 259],
[32, 166, 682], [96, 459, 86], [925, 93, 194], [567, 540, 770], [612, 959, 88], [278, 924, 907], [786, 791, 542], [15, 366, 812], [89, 772, 497], [990, 957, 793],
[900, 990, 959], [571, 75, 57], [307, 650, 150], [152, 206, 340], [922, 468, 949], [660, 397, 863], [206, 172, 293], [748, 848, 309], [200, 938, 70], [697, 567, 17],
[129, 456, 1007], [738, 678, 732], [795, 985, 372], [595, 126, 578], [935, 37, 697], [874, 697, 83], [376, 553, 916], [669, 952, 753], [979, 141, 330], [699, 488, 898],
[716, 617, 1004], [712, 344, 671], [84, 789, 646], [456, 373, 422], [684, 958, 460], [370, 471, 807], [453, 847, 0], [358, 156, 952], [762, 124, 82], [81, 823, 220],
[979, 179, 837], [623, 541, 831], [283, 625, 609], [579, 70, 632], [652, 755, 229], [101, 775, 701], [558, 218, 187], [558, 226, 343], [499, 988, 117], [231, 59, 591]]
[[10, 10, 3, 0], [2, 0, 4, 0], [10, 9, 4, 10], [5, 1, 10, 7], [7, 4, 1, 3], [5, 10, 1, 9], [1, 9, 4, 0], [4, 1, 9, 1], [1, 1, 2, 1], [0, 4, 2, 10],
[0, 4, 7, 6], [5, 6, 0, 0], [9, 1, 3, 1], [10, 3, 10, 0], [1, 3, 9, 3], [2, 7, 5, 3], [7, 5, 5, 5], [7, 5, 4, 7], [7, 0, 0, 10], [4, 0, 8, 2],
[2, 1, 3, 10], [2, 0, 10, 1], [1, 6, 5, 4], [3, 8, 5, 8], [2, 8, 2, 9], [0, 4, 3, 7], [2, 4, 5, 6], [4, 2, 7, 4], [3, 8, 3, 3], [9, 0, 5, 8],
[7, 10, 10, 8], [7, 5, 3, 7], [2, 5, 3, 3], [7, 6, 8, 9], [10, 2, 2, 2], [5, 7, 4, 6], [5, 6, 10, 1], [6, 2, 7, 0], [1, 7, 8, 6], [10, 0, 2, 10],
[3, 5, 0, 10], [9, 9, 6, 9], [9, 7, 9, 3], [1, 2, 8, 4], [8, 5, 3, 2], [7, 0, 2, 6], [5, 9, 1, 4], [7, 1, 3, 0], [4, 4, 8, 2], [0, 2, 9, 9],
[7, 7, 0, 8], [10, 6, 2, 5], [0, 5, 7, 5], [3, 10, 0, 8], [6, 10, 10, 2], [9, 1, 2, 2], [5, 9, 4, 3], [0, 3, 1, 5], [10, 10, 2, 7], [5, 2, 2, 3],
[8, 7, 6, 9], [4, 6, 7, 10], [3, 6, 2, 1], [7, 2, 3, 10], [0, 6, 0, 9], [9, 0, 3, 6], [10, 4, 1, 3], [6, 1, 6, 1], [8, 2, 0, 2], [6, 5, 10, 8],
[9, 1, 9, 6], [2, 0, 3, 0], [6, 2, 8, 2], [2, 0, 6, 1], [2, 7, 2, 9], [8, 7, 10, 4], [9, 8, 6, 2], [2, 5, 8, 1], [5, 7, 5, 7], [5, 6, 5, 9]]
[1, 1, 1, 1, 1, 0.333333, 0.333333, 0.333333, 0.333333, 0.333333,
0.333333, 0.333333, 0.333333, 0.333333, 0.333333, 0.333333, 0.333333, 0.333333, 0.333333, 0.333333,
0.111111, 0.111111, 0.111111, 0.111111, 0.111111, 0.111111, 0.111111, 0.111111, 0.111111, 0.111111,
0.111111, 0.111111, 0.111111, 0.111111, 0.111111, 0.037037, 0.037037, 0.037037, 0.037037, 0.037037,
0.037037, 0.037037, 0.037037, 0.037037, 0.037037, 0.037037, 0.037037, 0.037037, 0.037037, 0.037037,
0.0123457, 0.0123457, 0.0123457, 0.0123457, 0.0123457, 0.0123457, 0.0123457, 0.0123457, 0.0123457, 0.0123457,
0.0123457, 0.0123457, 0.0123457, 0.0123457, 0.0123457, 0.00411523, 0.00411523, 0.00411523, 0.00411523, 0.00411523,
0.00411523, 0.00411523, 0.00411523, 0.00411523, 0.00411523, 0.00411523, 0.00411523, 0.00411523, 0.00411523, 0.00411523]
[19, 17, 9, 0, 18, 10, 2, 5, 9, 10,
0, 16, 4, 6, 0, 14, 18, 0, 7, 4,
20, 0, 11, 8, 17, 20, 12, 14, 7, 1,
1, 6, 3, 4, 4, 10, 18, 3, 11, 5,
7, 2, 18, 10, 14, 10, 2, 13, 18, 13,
2, 0, 9, 6, 12, 7, 16, 14, 3, 13,
13, 8, 16, 0, 15, 10, 15, 13, 13, 1,
9, 19, 14, 13, 16, 10, 6, 20, 17, 11]
------------------------------------------------------- 
# stage = 6	# children c = 3	length of each stage p = 5	nodes = 79	# items I = 1
