[25, 92, 15, 86, 98, 21, 50, 46, 0, 11,
61, 84, 30, 7, 100, 22, 51, 13, 22, 36,
42, 48, 61]
[[112, 298, 426], [1181, 833, 497], [252, 495, 686], [583, 340, 1172], [770, 553, 489], [496, 1098, 621], [1061, 1087, 119], [53, 740, 710], [754, 508, 23], [1115, 254, 981],
[1043, 366, 97], [1159, 365, 620], [474, 307, 805], [850, 890, 835], [839, 167, 206], [1018, 664, 121], [147, 232, 25], [266, 285, 455], [667, 1039, 964], [690, 661, 908],
[488, 211, 91], [275, 188, 456], [895, 352, 763]]
[[0, 8, 5, 5], [4, 4, 7, 3], [10, 4, 10, 5], [5, 2, 7, 3], [8, 6, 9, 7], [5, 6, 9, 10], [1, 8, 9, 8], [5, 1, 2, 4], [10, 6, 9, 3], [10, 3, 4, 9],
[7, 3, 1, 10], [5, 6, 2, 0], [10, 0, 5, 4], [4, 4, 4, 5], [10, 2, 2, 5], [2, 3, 7, 1], [7, 5, 2, 4], [9, 6, 1, 3], [7, 2, 3, 0], [7, 3, 9, 6],
[2, 4, 0, 6], [6, 2, 1, 3], [2, 1, 6, 4]]
[1, 0.5, 0.5, 0.25, 0.25, 0.125, 0.125, 0.0625, 0.0625, 0.03125,
0.03125, 0.015625, 0.015625, 0.0078125, 0.0078125, 0.00390625, 0.00390625, 0.00195312, 0.00195312, 0.000976562,
0.000976562, 0.000488281, 0.000488281]
[5, 4, 21, 9, 23, 12, 3, 9, 7, 21,
0, 8, 13, 9, 22, 5, 21, 10, 19, 16,
11, 14, 21]
------------------------------------------------------- 
# stage = 12	# children c = 2	length of each stage p = 1	nodes = 22	# items I = 1
