[90, 94, 84, 51, 42, 86, 79, 55, 5, 28,
83, 75, 23, 53, 10, 18, 46, 36, 45, 36,
95, 79, 8, 17, 75, 8, 86, 36, 0, 49,
48, 91, 8, 98]
[[1979, 842, 1538], [552, 1271, 1378], [1153, 243, 1831], [718, 1208, 1967], [247, 1069, 1826], [766, 794, 1099], [1191, 1196, 1517], [1032, 1952, 1555], [588, 1026, 596], [1633, 1523, 1139],
[520, 1058, 1538], [1615, 1168, 808], [992, 320, 1052], [379, 595, 259], [1903, 843, 1328], [1729, 1609, 1679], [384, 799, 874], [1901, 1389, 382], [1455, 1977, 1408], [50, 1609, 487],
[746, 1687, 1103], [284, 1301, 270], [1092, 1851, 590], [1701, 1787, 743], [1960, 1690, 1586], [844, 975, 751], [522, 1359, 1107], [953, 816, 495], [1336, 270, 472], [300, 1878, 1638],
[788, 180, 1324], [1891, 21, 182], [160, 1114, 32], [307, 371, 1376]]
[[9, 9, 7, 9], [4, 1, 9, 8], [7, 6, 2, 9], [3, 10, 9, 6], [1, 4, 0, 10], [4, 6, 7, 6], [5, 8, 5, 9], [2, 0, 3, 9], [7, 8, 7, 0], [10, 4, 8, 4],
[10, 8, 0, 0], [7, 7, 4, 8], [0, 4, 6, 4], [8, 0, 9, 2], [8, 1, 1, 10], [1, 2, 9, 6], [10, 3, 6, 7], [7, 2, 9, 4], [8, 9, 3, 5], [5, 7, 0, 5],
[1, 4, 10, 7], [5, 6, 10, 2], [7, 9, 0, 7], [0, 7, 2, 8], [10, 7, 5, 5], [7, 3, 7, 4], [2, 10, 7, 7], [7, 8, 0, 6], [1, 8, 2, 4], [3, 10, 7, 10],
[8, 5, 4, 8], [1, 7, 6, 9], [1, 9, 3, 8], [1, 9, 1, 1]]
[1, 0.333333, 0.333333, 0.333333, 0.111111, 0.111111, 0.111111, 0.037037, 0.037037, 0.037037,
0.0123457, 0.0123457, 0.0123457, 0.00411523, 0.00411523, 0.00411523, 0.00137174, 0.00137174, 0.00137174, 0.000457247,
0.000457247, 0.000457247, 0.000152416, 0.000152416, 0.000152416, 5.08053e-05, 5.08053e-05, 5.08053e-05, 1.69351e-05, 1.69351e-05,
1.69351e-05, 5.64503e-06, 5.64503e-06, 5.64503e-06]
[6, 10, 8, 7, 10, 0, 9, 10, 3, 8,
4, 4, 5, 1, 10, 3, 4, 6, 6, 0,
3, 8, 7, 9, 6, 0, 0, 5, 3, 3,
7, 5, 4, 10]
------------------------------------------------------- 
# stage = 12	# children c = 3	length of each stage p = 1	nodes = 33	# items I = 1
