[7, 0, 41, 19, 74, 2, 79, 22, 84, 27,
77, 56, 22, 18, 91, 51, 54, 20, 96, 70,
13, 24, 23, 61, 93, 51, 33, 20, 6, 27,
56, 14, 27, 63, 100, 67, 31, 45, 56, 14,
72, 99, 36, 60, 16, 93, 77, 37, 12, 73,
73, 92, 63, 63, 19, 55, 80, 52, 75, 86,
45, 97, 66, 38, 59, 66, 5, 91, 10]
[[120, 773, 502], [325, 530, 429], [135, 1002, 308], [879, 547, 790], [104, 30, 337], [2, 882, 619], [516, 659, 409], [934, 906, 416], [278, 858, 1011], [669, 871, 138],
[143, 992, 491], [226, 897, 10], [655, 20, 0], [963, 899, 547], [321, 1003, 157], [659, 586, 27], [858, 90, 266], [256, 604, 752], [672, 882, 599], [251, 119, 458],
[389, 855, 18], [460, 69, 915], [470, 724, 935], [50, 256, 403], [597, 577, 986], [334, 816, 560], [361, 663, 230], [207, 499, 414], [540, 751, 284], [127, 1002, 404],
[165, 971, 247], [184, 419, 908], [87, 470, 620], [603, 520, 456], [1006, 106, 614], [980, 440, 418], [109, 382, 661], [339, 169, 148], [754, 709, 899], [618, 416, 469],
[602, 582, 8], [429, 766, 428], [325, 433, 478], [526, 24, 998], [562, 18, 684], [164, 579, 705], [163, 688, 667], [824, 15, 836], [553, 349, 114], [20, 548, 530],
[490, 138, 100], [498, 568, 446], [506, 473, 880], [984, 579, 904], [551, 130, 503], [223, 294, 70], [928, 37, 758], [583, 862, 353], [1000, 995, 703], [102, 3, 239],
[632, 493, 969], [313, 572, 105], [759, 658, 579], [627, 211, 738], [100, 762, 868], [603, 565, 743], [673, 482, 780], [419, 645, 210], [352, 633, 193]]
[[9, 10, 2, 6], [3, 6, 5, 8], [9, 6, 9, 0], [10, 9, 2, 1], [6, 1, 1, 7], [8, 6, 8, 2], [5, 5, 3, 8], [8, 9, 7, 6], [8, 7, 10, 0], [0, 2, 9, 9],
[7, 5, 7, 6], [1, 7, 7, 6], [9, 6, 2, 4], [1, 0, 6, 4], [3, 9, 1, 0], [5, 6, 4, 3], [0, 1, 1, 1], [3, 8, 10, 10], [0, 7, 3, 2], [3, 8, 8, 10],
[1, 10, 3, 3], [8, 8, 5, 0], [4, 7, 9, 10], [2, 2, 0, 3], [3, 1, 4, 5], [10, 1, 2, 10], [8, 6, 1, 10], [1, 7, 7, 3], [5, 0, 4, 0], [6, 9, 1, 10],
[5, 8, 7, 6], [9, 7, 7, 1], [9, 0, 4, 6], [10, 7, 5, 6], [0, 5, 3, 10], [10, 10, 2, 4], [8, 6, 5, 3], [5, 4, 1, 8], [1, 6, 3, 10], [3, 10, 10, 10],
[8, 1, 5, 6], [6, 8, 1, 4], [0, 4, 4, 0], [1, 6, 4, 10], [0, 7, 0, 5], [0, 10, 0, 0], [6, 4, 8, 7], [1, 5, 6, 8], [7, 9, 3, 0], [6, 4, 5, 7],
[6, 9, 5, 7], [4, 9, 6, 4], [4, 7, 7, 4], [4, 8, 2, 10], [10, 0, 6, 0], [3, 10, 8, 10], [8, 9, 0, 4], [2, 3, 9, 8], [1, 3, 5, 3], [10, 9, 6, 3],
[3, 2, 6, 8], [8, 8, 7, 5], [6, 1, 6, 10], [0, 1, 7, 9], [9, 5, 0, 0], [8, 7, 7, 9], [8, 10, 0, 7], [8, 6, 9, 1], [6, 4, 9, 2]]
[1, 1, 1, 0.5, 0.5, 0.5, 0.5, 0.5, 0.5, 0.25,
0.25, 0.25, 0.25, 0.25, 0.25, 0.125, 0.125, 0.125, 0.125, 0.125,
0.125, 0.0625, 0.0625, 0.0625, 0.0625, 0.0625, 0.0625, 0.03125, 0.03125, 0.03125,
0.03125, 0.03125, 0.03125, 0.015625, 0.015625, 0.015625, 0.015625, 0.015625, 0.015625, 0.0078125,
0.0078125, 0.0078125, 0.0078125, 0.0078125, 0.0078125, 0.00390625, 0.00390625, 0.00390625, 0.00390625, 0.00390625,
0.00390625, 0.00195312, 0.00195312, 0.00195312, 0.00195312, 0.00195312, 0.00195312, 0.000976562, 0.000976562, 0.000976562,
0.000976562, 0.000976562, 0.000976562, 0.000488281, 0.000488281, 0.000488281, 0.000488281, 0.000488281, 0.000488281]
[11, 12, 16, 17, 4, 17, 13, 7, 14, 6,
9, 12, 11, 11, 3, 6, 11, 4, 8, 0,
8, 19, 4, 18, 17, 11, 3, 14, 11, 7,
0, 6, 8, 13, 8, 5, 3, 15, 7, 4,
10, 2, 17, 5, 1, 19, 2, 6, 11, 5,
8, 12, 11, 17, 13, 17, 12, 13, 16, 11,
8, 14, 11, 17, 16, 17, 9, 11, 11]
------------------------------------------------------- 
# stage = 12	# children c = 2	length of each stage p = 3	nodes = 68	# items I = 1
