[18, 91, 91, 11, 42, 24, 88, 18, 99, 93,
25, 52, 0, 91, 76, 84, 36, 27, 26, 15,
32, 20, 83, 44, 82, 53, 91, 54, 27, 96,
45, 45, 53, 36, 56, 95, 26, 9, 79, 24,
69, 3, 77, 69, 60, 18, 19, 63, 45, 45,
78, 44, 32, 26, 88, 13, 45, 44, 67, 72,
40, 11, 17, 59, 13, 39, 53, 40, 15, 31,
30, 84, 0, 73, 18, 60, 91, 37, 22, 2,
49, 66, 46, 81, 58, 100, 94, 2, 43, 26,
75, 49, 3, 58, 7, 17, 63, 26, 23, 78,
57, 53, 27, 23, 26, 46, 84, 16, 49, 72,
85, 98, 4, 30, 44, 28, 96, 3, 31, 39,
29, 72, 88, 33, 96, 62, 16, 24, 88, 39]
[[24, 383, 455], [840, 784, 323], [981, 920, 213], [258, 809, 233], [954, 110, 235], [655, 318, 94], [754, 375, 585], [716, 216, 411], [719, 432, 530], [359, 143, 581],
[525, 87, 884], [900, 927, 593], [147, 912, 437], [361, 174, 170], [514, 52, 201], [670, 707, 439], [764, 465, 734], [274, 106, 950], [685, 745, 306], [139, 108, 449],
[720, 633, 456], [529, 457, 387], [46, 604, 303], [483, 885, 397], [574, 404, 449], [775, 994, 80], [218, 762, 546], [872, 956, 572], [747, 645, 321], [57, 785, 429],
[427, 429, 982], [883, 878, 443], [275, 924, 967], [578, 412, 857], [896, 906, 185], [349, 685, 183], [430, 823, 865], [896, 699, 826], [392, 450, 475], [713, 428, 184],
[66, 855, 534], [52, 742, 416], [415, 21, 265], [386, 520, 597], [247, 420, 507], [432, 689, 196], [535, 43, 939], [405, 939, 562], [235, 255, 933], [630, 888, 365],
[735, 954, 224], [193, 926, 886], [529, 345, 828], [794, 652, 272], [395, 899, 692], [902, 256, 305], [22, 711, 349], [961, 120, 212], [448, 275, 468], [385, 826, 280],
[750, 565, 159], [894, 758, 89], [784, 211, 355], [536, 10, 927], [808, 405, 830], [424, 232, 10], [730, 254, 722], [83, 140, 762], [215, 588, 42], [603, 893, 868],
[884, 567, 357], [47, 465, 39], [56, 173, 250], [331, 710, 260], [262, 522, 586], [17, 867, 818], [27, 601, 992], [669, 604, 56], [436, 819, 564], [398, 347, 461],
[190, 235, 32], [467, 202, 417], [506, 178, 591], [676, 510, 225], [857, 772, 667], [447, 789, 538], [189, 737, 63], [105, 330, 667], [162, 686, 411], [646, 8, 758],
[112, 198, 913], [64, 665, 119], [482, 95, 297], [993, 772, 727], [142, 553, 504], [729, 920, 217], [272, 113, 874], [335, 138, 129], [923, 300, 815], [338, 947, 824],
[20, 979, 942], [933, 963, 612], [972, 369, 627], [193, 286, 323], [921, 428, 876], [349, 162, 800], [486, 354, 833], [285, 609, 972], [414, 456, 276], [233, 794, 147],
[977, 814, 50], [924, 671, 18], [460, 647, 387], [11, 761, 674], [335, 686, 26], [135, 955, 108], [936, 445, 462], [773, 650, 992], [749, 68, 452], [946, 222, 171],
[17, 203, 985], [68, 51, 581], [6, 431, 232], [393, 443, 993], [987, 698, 603], [18, 833, 482], [126, 773, 848], [509, 471, 502], [425, 144, 571], [877, 94, 793]]
[[4, 3, 2, 3], [7, 4, 3, 5], [8, 4, 5, 3], [8, 7, 10, 6], [9, 0, 2, 6], [10, 3, 5, 8], [5, 8, 3, 3], [5, 3, 7, 9], [4, 7, 10, 1], [1, 3, 6, 7],
[7, 9, 10, 2], [5, 9, 8, 2], [8, 0, 8, 5], [1, 1, 2, 6], [7, 5, 7, 10], [7, 1, 8, 0], [8, 6, 10, 9], [9, 4, 5, 3], [2, 5, 5, 6], [1, 1, 8, 7],
[1, 3, 2, 0], [2, 4, 4, 8], [8, 0, 7, 4], [1, 3, 2, 7], [9, 2, 6, 5], [4, 9, 6, 6], [3, 9, 1, 3], [10, 7, 10, 9], [9, 10, 9, 9], [2, 2, 6, 10],
[0, 3, 1, 10], [4, 1, 7, 2], [3, 0, 5, 5], [9, 0, 1, 2], [9, 0, 3, 9], [8, 0, 7, 4], [0, 4, 2, 2], [4, 9, 10, 5], [10, 0, 2, 3], [1, 9, 3, 3],
[9, 8, 8, 8], [6, 7, 8, 4], [8, 9, 0, 3], [9, 8, 7, 9], [1, 7, 9, 5], [3, 8, 8, 0], [6, 0, 3, 6], [7, 4, 7, 4], [1, 2, 10, 5], [10, 5, 10, 5],
[3, 10, 8, 1], [5, 2, 9, 4], [9, 5, 8, 0], [1, 3, 0, 7], [1, 4, 2, 9], [6, 7, 2, 6], [10, 10, 0, 7], [4, 8, 1, 7], [6, 9, 6, 0], [9, 4, 3, 7],
[8, 9, 5, 9], [1, 6, 5, 3], [8, 6, 1, 3], [2, 1, 9, 10], [0, 10, 6, 2], [5, 7, 9, 0], [3, 2, 1, 1], [5, 2, 7, 2], [0, 1, 0, 1], [7, 3, 4, 2],
[9, 3, 6, 10], [2, 2, 7, 0], [1, 3, 2, 7], [8, 9, 5, 1], [1, 6, 0, 4], [6, 5, 6, 6], [7, 6, 6, 1], [7, 8, 4, 6], [1, 8, 3, 1], [10, 8, 2, 10],
[0, 2, 4, 7], [10, 9, 6, 9], [3, 6, 2, 9], [1, 8, 3, 6], [1, 9, 5, 8], [4, 7, 1, 3], [4, 2, 5, 2], [0, 5, 1, 9], [5, 3, 3, 4], [1, 9, 2, 4],
[5, 2, 1, 4], [10, 4, 8, 9], [0, 0, 5, 4], [8, 4, 8, 10], [7, 2, 10, 5], [5, 0, 1, 10], [3, 5, 4, 3], [3, 4, 7, 6], [7, 8, 8, 4], [10, 5, 3, 10],
[6, 6, 4, 1], [10, 1, 9, 4], [1, 9, 9, 6], [9, 9, 3, 0], [3, 7, 3, 4], [10, 8, 9, 6], [4, 6, 10, 3], [10, 0, 3, 3], [4, 5, 4, 4], [4, 2, 8, 5],
[9, 5, 9, 6], [3, 1, 6, 4], [7, 7, 6, 6], [2, 4, 10, 6], [0, 7, 10, 8], [6, 0, 0, 10], [3, 2, 1, 7], [4, 8, 10, 1], [2, 6, 7, 3], [5, 2, 5, 1],
[7, 0, 5, 9], [5, 2, 3, 3], [10, 0, 0, 3], [0, 9, 0, 1], [0, 2, 8, 4], [10, 7, 5, 10], [2, 10, 0, 7], [1, 5, 7, 6], [3, 10, 3, 6], [2, 6, 7, 10]]
[1, 1, 1, 1, 1, 0.2, 0.2, 0.2, 0.2, 0.2,
0.2, 0.2, 0.2, 0.2, 0.2, 0.2, 0.2, 0.2, 0.2, 0.2,
0.2, 0.2, 0.2, 0.2, 0.2, 0.2, 0.2, 0.2, 0.2, 0.2,
0.04, 0.04, 0.04, 0.04, 0.04, 0.04, 0.04, 0.04, 0.04, 0.04,
0.04, 0.04, 0.04, 0.04, 0.04, 0.04, 0.04, 0.04, 0.04, 0.04,
0.04, 0.04, 0.04, 0.04, 0.04, 0.008, 0.008, 0.008, 0.008, 0.008,
0.008, 0.008, 0.008, 0.008, 0.008, 0.008, 0.008, 0.008, 0.008, 0.008,
0.008, 0.008, 0.008, 0.008, 0.008, 0.008, 0.008, 0.008, 0.008, 0.008,
0.0016, 0.0016, 0.0016, 0.0016, 0.0016, 0.0016, 0.0016, 0.0016, 0.0016, 0.0016,
0.0016, 0.0016, 0.0016, 0.0016, 0.0016, 0.0016, 0.0016, 0.0016, 0.0016, 0.0016,
0.0016, 0.0016, 0.0016, 0.0016, 0.0016, 0.00032, 0.00032, 0.00032, 0.00032, 0.00032,
0.00032, 0.00032, 0.00032, 0.00032, 0.00032, 0.00032, 0.00032, 0.00032, 0.00032, 0.00032,
0.00032, 0.00032, 0.00032, 0.00032, 0.00032, 0.00032, 0.00032, 0.00032, 0.00032, 0.00032]
[12, 18, 12, 10, 11, 18, 11, 8, 14, 7,
15, 2, 5, 12, 5, 15, 14, 9, 16, 17,
7, 1, 0, 3, 0, 18, 7, 1, 15, 15,
15, 10, 16, 7, 11, 13, 16, 0, 15, 3,
14, 3, 6, 17, 2, 2, 16, 18, 5, 9,
5, 7, 0, 11, 3, 16, 0, 14, 8, 7,
16, 11, 15, 17, 10, 8, 1, 9, 7, 1,
19, 11, 9, 17, 8, 3, 18, 9, 15, 17,
5, 12, 5, 11, 6, 14, 2, 0, 14, 12,
6, 0, 1, 2, 8, 5, 17, 15, 4, 15,
3, 12, 19, 1, 2, 1, 13, 4, 2, 15,
6, 7, 3, 18, 13, 1, 8, 6, 18, 5,
18, 8, 19, 10, 11, 4, 11, 4, 18, 5]
------------------------------------------------------- 
# stage = 6	# children c = 5	length of each stage p = 5	nodes = 129	# items I = 1
