[37, 16, 56, 63, 62, 97, 17, 22, 72, 21,
9, 61, 33, 29, 74, 43, 35, 100, 10, 20,
66, 44, 94, 34, 45, 7, 65, 8, 89, 20,
5, 25, 36, 27, 89, 65, 90, 5, 53, 61,
93, 62, 88, 25]
[[1874, 2006, 363], [1869, 320, 550], [1594, 1749, 633], [53, 469, 1510], [120, 1183, 1480], [1609, 299, 34], [1751, 329, 983], [2064, 996, 1237], [1157, 527, 2018], [1949, 499, 1935],
[816, 300, 1868], [422, 1412, 115], [972, 175, 1864], [1605, 1543, 260], [285, 1663, 685], [1007, 1200, 985], [1041, 120, 1314], [1266, 1426, 238], [1745, 511, 765], [1690, 1702, 507],
[1553, 445, 49], [1348, 109, 1461], [706, 324, 879], [497, 1929, 349], [0, 1456, 2013], [685, 390, 382], [1670, 674, 502], [154, 1182, 1171], [392, 97, 1682], [399, 1787, 1311],
[148, 509, 998], [198, 1100, 350], [1659, 1806, 674], [1780, 1545, 1845], [57, 1545, 1229], [2070, 158, 861], [1694, 1070, 777], [1438, 1224, 1960], [536, 858, 2057], [145, 500, 1013],
[698, 648, 765], [939, 88, 1865], [531, 990, 840], [1205, 697, 1627]]
[[1, 10, 3, 10], [7, 0, 3, 1], [6, 9, 10, 0], [10, 7, 2, 2], [1, 6, 8, 9], [1, 0, 5, 4], [7, 7, 2, 3], [9, 9, 4, 8], [8, 8, 7, 4], [6, 8, 3, 1],
[7, 3, 10, 6], [8, 10, 6, 9], [4, 1, 6, 5], [0, 9, 10, 7], [6, 10, 8, 4], [8, 0, 10, 4], [8, 7, 6, 1], [2, 10, 0, 9], [0, 10, 2, 6], [7, 6, 5, 0],
[6, 9, 6, 6], [7, 5, 0, 0], [2, 9, 2, 10], [9, 2, 1, 4], [7, 8, 5, 9], [5, 3, 6, 5], [0, 6, 0, 7], [0, 3, 8, 6], [10, 1, 10, 5], [4, 10, 3, 6],
[6, 6, 3, 2], [6, 5, 6, 0], [0, 9, 7, 5], [1, 0, 10, 10], [7, 8, 7, 5], [10, 2, 9, 9], [3, 8, 1, 5], [5, 5, 0, 1], [0, 3, 3, 4], [6, 8, 4, 6],
[4, 0, 9, 4], [10, 6, 3, 6], [4, 8, 9, 1], [10, 7, 10, 0]]
[1, 1, 0.333333, 0.333333, 0.333333, 0.333333, 0.333333, 0.333333, 0.111111, 0.111111,
0.111111, 0.111111, 0.111111, 0.111111, 0.037037, 0.037037, 0.037037, 0.037037, 0.037037, 0.037037,
0.0123457, 0.0123457, 0.0123457, 0.0123457, 0.0123457, 0.0123457, 0.00411523, 0.00411523, 0.00411523, 0.00411523,
0.00411523, 0.00411523, 0.00137174, 0.00137174, 0.00137174, 0.00137174, 0.00137174, 0.00137174, 0.000457247, 0.000457247,
0.000457247, 0.000457247, 0.000457247, 0.000457247]
[1, 17, 2, 16, 7, 19, 20, 12, 1, 5,
1, 10, 6, 4, 18, 13, 2, 8, 14, 17,
16, 5, 2, 4, 7, 14, 20, 3, 13, 1,
5, 4, 0, 8, 14, 12, 17, 2, 10, 20,
12, 2, 10, 10]
------------------------------------------------------- 
# stage = 8	# children c = 3	length of each stage p = 2	nodes = 43	# items I = 1
