[79, 35, 13, 31, 67, 53, 63, 9, 20, 67,
11, 93, 98, 63, 63, 63, 42, 44, 53, 58,
13, 56, 79, 65, 18, 10, 5, 82, 10, 83,
52, 89, 18, 66, 20, 51, 85, 49, 61, 5,
83, 38, 64, 80, 0, 26, 43, 8, 70, 96,
32, 49]
[[521, 261, 1107], [1028, 531, 1858], [283, 1040, 1485], [1407, 1515, 831], [1894, 1920, 1589], [223, 518, 1511], [370, 1397, 170], [310, 1837, 333], [471, 1831, 1913], [804, 513, 729],
[1757, 1034, 1960], [887, 1056, 514], [1738, 332, 1554], [1247, 1740, 1092], [1071, 1657, 28], [684, 873, 1516], [1188, 1243, 936], [1358, 547, 796], [1692, 11, 1621], [1628, 1785, 157],
[1350, 1566, 184], [1333, 1446, 1240], [1847, 1208, 1573], [417, 1448, 329], [502, 1512, 979], [530, 219, 1852], [70, 1407, 112], [1006, 1759, 1629], [796, 1474, 633], [440, 118, 441],
[1567, 461, 30], [1751, 1794, 470], [8, 657, 1678], [574, 1074, 142], [903, 1576, 1654], [1882, 1099, 867], [1757, 1169, 1267], [862, 1169, 1049], [1484, 1965, 1516], [140, 1398, 627],
[582, 988, 1088], [1582, 762, 1875], [75, 1740, 555], [746, 337, 1629], [1858, 1240, 221], [1536, 1145, 1321], [426, 1896, 1483], [686, 1751, 675], [1736, 1259, 1633], [268, 1399, 1054],
[896, 974, 1035], [7, 1550, 791]]
[[1, 7, 2, 3], [4, 2, 2, 4], [4, 10, 7, 9], [8, 4, 7, 7], [0, 0, 6, 0], [3, 9, 6, 0], [1, 2, 6, 5], [0, 6, 1, 1], [0, 2, 2, 4], [4, 5, 6, 6],
[2, 2, 4, 8], [5, 10, 4, 5], [10, 0, 3, 3], [7, 7, 1, 9], [10, 5, 1, 10], [0, 0, 1, 0], [2, 3, 2, 5], [6, 8, 0, 8], [9, 5, 5, 3], [4, 8, 6, 1],
[6, 9, 2, 2], [5, 3, 9, 2], [9, 10, 2, 7], [9, 1, 6, 9], [2, 8, 3, 9], [4, 4, 4, 2], [7, 8, 5, 9], [5, 0, 8, 0], [7, 0, 0, 1], [3, 10, 2, 10],
[7, 4, 5, 5], [3, 0, 4, 5], [6, 5, 1, 10], [7, 4, 1, 3], [1, 4, 10, 4], [4, 8, 2, 0], [8, 2, 0, 9], [1, 2, 7, 7], [4, 1, 1, 5], [10, 3, 8, 3],
[9, 10, 3, 5], [3, 2, 7, 2], [7, 6, 6, 9], [1, 8, 8, 9], [10, 6, 8, 10], [6, 4, 6, 8], [3, 5, 2, 2], [7, 10, 3, 5], [7, 4, 8, 8], [7, 2, 10, 1],
[9, 3, 8, 8], [0, 5, 7, 9]]
[1, 1, 0.2, 0.2, 0.2, 0.2, 0.2, 0.2, 0.2, 0.2,
0.2, 0.2, 0.04, 0.04, 0.04, 0.04, 0.04, 0.04, 0.04, 0.04,
0.04, 0.04, 0.008, 0.008, 0.008, 0.008, 0.008, 0.008, 0.008, 0.008,
0.008, 0.008, 0.0016, 0.0016, 0.0016, 0.0016, 0.0016, 0.0016, 0.0016, 0.0016,
0.0016, 0.0016, 0.00032, 0.00032, 0.00032, 0.00032, 0.00032, 0.00032, 0.00032, 0.00032,
0.00032, 0.00032]
[7, 8, 1, 9, 8, 5, 1, 8, 8, 3,
2, 5, 5, 7, 7, 1, 3, 0, 6, 4,
4, 8, 8, 7, 6, 0, 5, 4, 7, 9,
4, 4, 2, 6, 3, 5, 3, 5, 4, 2,
9, 0, 9, 8, 8, 5, 0, 7, 3, 5,
8, 8]
------------------------------------------------------- 
# stage = 6	# children c = 5	length of each stage p = 2	nodes = 51	# items I = 1
