[9, 29, 75, 84, 17, 55, 65, 96, 15, 17,
27, 43, 85, 15, 25, 51, 56, 33, 1, 24,
86, 46, 86, 1, 92, 69, 78, 94, 71, 11,
74, 47, 40, 14, 30, 23, 69, 95, 86, 50,
78, 12, 60, 28, 27, 51, 45, 50, 85, 12,
74, 70, 25, 25, 38, 16, 95, 15, 76, 31,
26, 49, 78, 66, 63, 74, 55, 98, 34, 40,
14, 78, 53, 74, 6, 46, 24, 51, 96, 75]
[[490, 1145, 657], [431, 441, 769], [1459, 2054, 452], [21, 242, 909], [36, 1961, 517], [768, 1681, 541], [1704, 682, 1729], [2120, 1881, 1255], [1574, 28, 1578], [663, 1716, 68],
[828, 21, 1213], [517, 1670, 686], [319, 944, 555], [771, 2183, 2015], [712, 34, 1790], [1229, 2020, 318], [1770, 570, 1000], [345, 504, 695], [1600, 1111, 1941], [24, 1774, 1472],
[93, 1634, 1493], [338, 2152, 9], [1025, 285, 2171], [612, 1056, 2169], [441, 1768, 1235], [1264, 2029, 1069], [1582, 646, 671], [396, 991, 1175], [123, 1624, 100], [2064, 1648, 906],
[382, 773, 355], [1875, 1112, 1539], [917, 1169, 1824], [902, 1781, 1912], [885, 1254, 526], [1152, 332, 369], [35, 1914, 1015], [706, 1342, 2007], [914, 497, 1445], [46, 376, 2125],
[2171, 758, 713], [340, 1666, 857], [911, 1615, 2026], [549, 331, 1621], [1493, 249, 1907], [2019, 1401, 54], [1420, 469, 1000], [250, 207, 1375], [1289, 1121, 1872], [1766, 200, 62],
[1705, 185, 2039], [1450, 1743, 551], [121, 468, 2166], [2147, 49, 1529], [614, 1542, 1778], [1554, 407, 994], [1608, 1827, 495], [1640, 2077, 702], [829, 212, 856], [516, 1010, 1056],
[1796, 530, 273], [681, 1012, 1048], [1232, 1134, 548], [244, 127, 597], [1774, 1960, 1171], [1366, 1328, 1578], [1392, 1968, 1219], [1887, 454, 143], [1622, 1284, 1573], [292, 832, 398],
[380, 1660, 2146], [653, 156, 972], [1701, 420, 1138], [1281, 665, 298], [1878, 253, 1290], [863, 651, 432], [1473, 1076, 1432], [1724, 777, 1886], [1867, 1431, 16], [1255, 1723, 848]]
[[6, 4, 1, 0], [9, 9, 10, 8], [2, 10, 3, 1], [7, 7, 5, 8], [1, 4, 5, 3], [7, 5, 2, 9], [5, 4, 1, 7], [1, 7, 4, 7], [9, 3, 5, 5], [1, 5, 3, 3],
[2, 4, 2, 7], [9, 7, 4, 8], [10, 10, 1, 6], [2, 3, 4, 8], [7, 3, 2, 6], [10, 6, 1, 6], [8, 6, 1, 9], [9, 2, 0, 0], [6, 2, 6, 2], [8, 10, 0, 7],
[7, 1, 2, 10], [4, 6, 5, 9], [9, 7, 2, 7], [0, 3, 0, 8], [10, 1, 5, 8], [3, 3, 7, 7], [5, 2, 8, 0], [10, 8, 7, 7], [7, 7, 6, 9], [0, 9, 5, 10],
[5, 7, 4, 5], [9, 4, 1, 6], [4, 6, 1, 5], [9, 6, 0, 1], [8, 8, 2, 6], [3, 7, 2, 8], [4, 6, 6, 4], [4, 0, 1, 9], [5, 3, 1, 3], [6, 2, 9, 10],
[6, 0, 4, 2], [4, 2, 4, 2], [10, 4, 6, 0], [0, 8, 8, 2], [3, 3, 7, 5], [1, 6, 1, 5], [10, 2, 8, 3], [3, 5, 2, 9], [3, 4, 1, 7], [7, 3, 7, 4],
[7, 2, 3, 5], [8, 0, 8, 9], [2, 2, 3, 1], [6, 4, 6, 3], [5, 2, 6, 8], [7, 8, 6, 8], [0, 5, 2, 5], [8, 10, 7, 2], [10, 10, 8, 8], [9, 3, 4, 9],
[5, 6, 10, 0], [8, 4, 4, 2], [6, 8, 10, 0], [6, 4, 8, 4], [7, 10, 9, 3], [7, 3, 5, 7], [3, 0, 2, 10], [3, 4, 8, 6], [10, 7, 5, 8], [0, 7, 10, 4],
[4, 8, 4, 8], [10, 10, 1, 6], [10, 8, 7, 4], [1, 2, 9, 2], [2, 9, 1, 4], [3, 9, 10, 0], [3, 4, 8, 2], [0, 6, 6, 3], [1, 0, 0, 0], [8, 2, 4, 5]]
[1, 1, 1, 1, 1, 0.333333, 0.333333, 0.333333, 0.333333, 0.333333,
0.333333, 0.333333, 0.333333, 0.333333, 0.333333, 0.333333, 0.333333, 0.333333, 0.333333, 0.333333,
0.111111, 0.111111, 0.111111, 0.111111, 0.111111, 0.111111, 0.111111, 0.111111, 0.111111, 0.111111,
0.111111, 0.111111, 0.111111, 0.111111, 0.111111, 0.037037, 0.037037, 0.037037, 0.037037, 0.037037,
0.037037, 0.037037, 0.037037, 0.037037, 0.037037, 0.037037, 0.037037, 0.037037, 0.037037, 0.037037,
0.0123457, 0.0123457, 0.0123457, 0.0123457, 0.0123457, 0.0123457, 0.0123457, 0.0123457, 0.0123457, 0.0123457,
0.0123457, 0.0123457, 0.0123457, 0.0123457, 0.0123457, 0.00411523, 0.00411523, 0.00411523, 0.00411523, 0.00411523,
0.00411523, 0.00411523, 0.00411523, 0.00411523, 0.00411523, 0.00411523, 0.00411523, 0.00411523, 0.00411523, 0.00411523]
[8, 1, 10, 4, 5, 8, 4, 0, 2, 8,
4, 0, 0, 8, 8, 7, 4, 0, 2, 9,
6, 9, 10, 2, 2, 3, 0, 2, 9, 10,
9, 9, 2, 2, 10, 7, 2, 4, 1, 9,
4, 5, 3, 3, 5, 6, 4, 1, 8, 6,
10, 2, 5, 10, 0, 5, 6, 7, 3, 9,
8, 7, 3, 6, 8, 7, 2, 7, 3, 1,
10, 6, 0, 2, 8, 7, 2, 6, 7, 5]
------------------------------------------------------- 
# stage = 6	# children c = 3	length of each stage p = 5	nodes = 79	# items I = 1
