[33, 91, 98, 66, 97, 98, 95, 21, 17, 12,
32, 50, 100, 58, 19, 50, 23, 21, 89, 26,
99, 63, 40, 5, 6, 54, 98, 16, 85, 23,
70, 17, 14, 33, 49, 77, 30, 10, 98, 14,
89, 96, 30, 88, 54, 49, 37, 43, 70, 93,
69, 69, 55, 8, 74, 27, 63, 37, 9, 13,
61, 79, 98, 75, 12, 46, 17, 8, 22, 81,
22, 11, 77, 53, 99, 97, 1, 2, 39, 38,
61, 8, 73, 15, 83, 12, 42, 11, 49, 51,
25, 9, 97, 22, 50, 75, 34, 67, 83, 23,
48, 72, 34, 91, 24, 99, 87, 92, 67, 25,
29, 27, 100, 68, 42, 83, 80, 50, 94, 29,
68, 85, 4, 30, 73, 55, 4, 7, 88, 53]
[[1075, 1168, 1301], [1014, 238, 178], [898, 1147, 315], [1605, 1347, 1389], [66, 1753, 1543], [272, 406, 839], [1285, 1583, 1696], [761, 1537, 1770], [977, 638, 395], [1741, 726, 89],
[1029, 1738, 1193], [529, 887, 1367], [643, 1721, 713], [894, 1461, 260], [483, 1528, 148], [161, 1736, 490], [1000, 1221, 272], [895, 117, 1746], [800, 1094, 519], [1195, 970, 1181],
[1221, 198, 1054], [549, 663, 140], [116, 1307, 1797], [829, 400, 1458], [1025, 819, 1121], [1173, 980, 1056], [1664, 115, 412], [71, 946, 530], [1753, 1746, 1560], [471, 1077, 730],
[1653, 433, 864], [906, 982, 1528], [983, 1098, 970], [915, 63, 1306], [572, 1088, 325], [1629, 397, 1305], [885, 196, 1357], [1297, 267, 502], [1763, 220, 384], [1523, 627, 1461],
[388, 415, 29], [1188, 1322, 1011], [851, 440, 245], [20, 1355, 308], [1263, 63, 1332], [1588, 1692, 1665], [1028, 712, 60], [584, 145, 328], [1023, 107, 484], [1407, 1566, 1047],
[1003, 89, 1463], [1032, 1278, 920], [178, 264, 1360], [423, 221, 850], [731, 1484, 913], [199, 1271, 741], [63, 434, 1453], [124, 955, 1598], [388, 177, 1706], [808, 1584, 1407],
[54, 722, 1497], [1453, 1754, 910], [572, 131, 1174], [67, 491, 1331], [918, 1158, 1014], [1767, 1357, 420], [707, 1357, 855], [360, 1481, 1746], [157, 4, 122], [1799, 748, 1642],
[1406, 802, 563], [1038, 455, 452], [147, 963, 519], [1257, 1031, 1010], [724, 84, 304], [1738, 50, 1661], [294, 758, 1153], [1149, 1054, 769], [1094, 1211, 773], [1152, 1146, 1521],
[993, 751, 459], [1492, 1725, 850], [79, 7, 1749], [534, 1200, 979], [1481, 123, 1063], [1785, 61, 1050], [1581, 355, 7], [934, 1440, 1061], [1703, 669, 407], [676, 1757, 1553],
[332, 949, 439], [727, 576, 363], [1513, 655, 306], [1462, 1125, 1507], [640, 805, 1630], [1640, 789, 1627], [889, 570, 117], [832, 1504, 1557], [92, 1406, 361], [435, 217, 317],
[188, 486, 1202], [563, 1213, 1714], [927, 926, 568], [1169, 587, 1630], [875, 1163, 634], [641, 1002, 1424], [467, 26, 129], [585, 858, 1569], [277, 950, 1174], [575, 1322, 1328],
[892, 1510, 1750], [230, 272, 1098], [143, 1135, 159], [648, 440, 746], [477, 1315, 45], [1111, 155, 983], [670, 559, 1010], [799, 1080, 67], [567, 1357, 954], [1678, 67, 475],
[1141, 960, 120], [1026, 1126, 328], [323, 1269, 1400], [483, 116, 39], [1165, 529, 1354], [1210, 1577, 1446], [393, 446, 140], [1339, 1182, 1220], [1342, 1685, 712], [431, 1498, 780]]
[[4, 8, 2, 5], [5, 8, 6, 3], [3, 6, 10, 5], [2, 9, 3, 10], [5, 5, 7, 10], [2, 8, 8, 2], [1, 5, 3, 0], [1, 2, 9, 5], [9, 0, 8, 3], [7, 3, 5, 10],
[7, 4, 2, 10], [0, 5, 9, 6], [0, 3, 3, 0], [1, 9, 2, 0], [3, 3, 10, 4], [6, 6, 7, 2], [6, 4, 5, 0], [6, 10, 8, 2], [1, 0, 1, 2], [5, 8, 6, 3],
[1, 9, 4, 0], [7, 4, 9, 9], [8, 8, 2, 1], [3, 10, 3, 8], [1, 6, 6, 7], [6, 4, 10, 5], [4, 9, 5, 7], [5, 9, 0, 6], [7, 2, 4, 2], [6, 2, 0, 1],
[0, 0, 2, 1], [10, 3, 7, 1], [10, 3, 6, 3], [7, 3, 8, 9], [0, 1, 5, 5], [10, 5, 9, 5], [7, 2, 7, 1], [4, 5, 2, 2], [5, 3, 2, 3], [4, 9, 2, 3],
[10, 8, 6, 4], [1, 2, 2, 1], [3, 8, 4, 0], [0, 2, 5, 8], [2, 1, 7, 6], [4, 7, 7, 10], [10, 9, 2, 4], [5, 2, 5, 3], [10, 10, 7, 9], [1, 10, 8, 2],
[5, 1, 2, 5], [1, 8, 0, 3], [7, 5, 8, 1], [2, 4, 9, 10], [0, 9, 1, 5], [0, 7, 6, 8], [4, 3, 7, 3], [0, 4, 5, 5], [4, 5, 8, 3], [0, 7, 7, 6],
[1, 4, 5, 3], [6, 3, 3, 6], [10, 2, 9, 10], [9, 5, 5, 0], [8, 1, 3, 6], [4, 8, 9, 6], [1, 6, 9, 10], [2, 3, 5, 2], [7, 8, 3, 0], [0, 6, 6, 8],
[7, 5, 5, 3], [8, 0, 4, 3], [1, 7, 9, 3], [3, 7, 7, 2], [0, 6, 1, 1], [9, 5, 3, 4], [2, 6, 4, 1], [0, 9, 7, 7], [1, 2, 10, 9], [2, 1, 1, 1],
[9, 10, 5, 1], [4, 1, 3, 4], [5, 2, 5, 2], [5, 8, 4, 6], [4, 6, 5, 2], [4, 1, 9, 5], [3, 6, 3, 3], [8, 2, 5, 4], [10, 8, 3, 3], [7, 4, 8, 0],
[6, 2, 2, 10], [0, 6, 5, 2], [1, 10, 2, 4], [9, 0, 9, 0], [4, 0, 3, 10], [0, 6, 3, 0], [1, 6, 3, 7], [10, 0, 7, 4], [1, 7, 3, 10], [0, 6, 10, 10],
[3, 1, 3, 1], [10, 0, 10, 3], [9, 3, 1, 9], [7, 4, 7, 9], [9, 0, 5, 6], [9, 10, 10, 8], [6, 0, 7, 6], [6, 6, 5, 9], [7, 9, 9, 4], [7, 8, 6, 5],
[9, 7, 1, 4], [9, 9, 0, 7], [7, 3, 1, 3], [2, 0, 1, 8], [10, 6, 3, 3], [0, 6, 0, 7], [2, 9, 10, 9], [4, 5, 1, 1], [1, 3, 3, 10], [10, 3, 5, 6],
[6, 6, 7, 8], [4, 6, 5, 1], [2, 6, 5, 2], [1, 5, 7, 2], [1, 6, 0, 5], [0, 2, 4, 10], [3, 7, 10, 2], [8, 2, 6, 3], [6, 0, 9, 8], [7, 1, 10, 7]]
[1, 1, 1, 1, 1, 0.2, 0.2, 0.2, 0.2, 0.2,
0.2, 0.2, 0.2, 0.2, 0.2, 0.2, 0.2, 0.2, 0.2, 0.2,
0.2, 0.2, 0.2, 0.2, 0.2, 0.2, 0.2, 0.2, 0.2, 0.2,
0.04, 0.04, 0.04, 0.04, 0.04, 0.04, 0.04, 0.04, 0.04, 0.04,
0.04, 0.04, 0.04, 0.04, 0.04, 0.04, 0.04, 0.04, 0.04, 0.04,
0.04, 0.04, 0.04, 0.04, 0.04, 0.008, 0.008, 0.008, 0.008, 0.008,
0.008, 0.008, 0.008, 0.008, 0.008, 0.008, 0.008, 0.008, 0.008, 0.008,
0.008, 0.008, 0.008, 0.008, 0.008, 0.008, 0.008, 0.008, 0.008, 0.008,
0.0016, 0.0016, 0.0016, 0.0016, 0.0016, 0.0016, 0.0016, 0.0016, 0.0016, 0.0016,
0.0016, 0.0016, 0.0016, 0.0016, 0.0016, 0.0016, 0.0016, 0.0016, 0.0016, 0.0016,
0.0016, 0.0016, 0.0016, 0.0016, 0.0016, 0.00032, 0.00032, 0.00032, 0.00032, 0.00032,
0.00032, 0.00032, 0.00032, 0.00032, 0.00032, 0.00032, 0.00032, 0.00032, 0.00032, 0.00032,
0.00032, 0.00032, 0.00032, 0.00032, 0.00032, 0.00032, 0.00032, 0.00032, 0.00032, 0.00032]
[8, 7, 9, 5, 3, 6, 5, 6, 9, 9,
1, 6, 4, 7, 9, 5, 5, 4, 4, 0,
8, 8, 0, 3, 9, 9, 6, 9, 6, 1,
0, 4, 5, 1, 1, 8, 2, 9, 5, 3,
7, 0, 2, 6, 7, 7, 8, 6, 4, 3,
3, 9, 2, 9, 3, 5, 9, 5, 7, 2,
1, 6, 4, 3, 4, 6, 1, 6, 6, 2,
9, 9, 5, 3, 9, 0, 9, 2, 3, 4,
7, 8, 8, 4, 1, 4, 8, 3, 3, 7,
6, 6, 6, 9, 9, 0, 5, 7, 6, 1,
1, 1, 3, 4, 3, 2, 1, 5, 3, 0,
1, 1, 4, 2, 5, 9, 1, 8, 7, 3,
6, 0, 6, 8, 1, 5, 2, 1, 1, 8]
------------------------------------------------------- 
# stage = 6	# children c = 5	length of each stage p = 5	nodes = 129	# items I = 1
