[29, 23, 92, 82, 57, 36, 76, 96, 77, 19,
35, 48, 45, 18, 9, 49, 39, 30, 29, 63,
21, 64, 57, 88, 100, 33, 64, 53, 29, 54,
90, 24, 43, 47, 6, 67, 49, 82, 28, 25,
67, 63, 74, 78, 48, 49, 93, 53, 79, 21,
15, 0, 85, 72, 88, 50, 5, 17, 69, 0,
37, 58, 92, 81, 5, 98, 47, 54, 45, 75,
46, 78]
[[892, 33, 255], [587, 643, 275], [677, 994, 258], [804, 298, 163], [545, 932, 398], [331, 3, 0], [715, 243, 678], [732, 616, 727], [607, 291, 248], [89, 197, 946],
[44, 868, 979], [299, 457, 625], [352, 136, 621], [610, 718, 697], [551, 265, 409], [950, 596, 190], [950, 91, 434], [408, 824, 828], [137, 211, 121], [163, 300, 319],
[112, 344, 965], [869, 421, 202], [496, 551, 338], [896, 163, 835], [373, 715, 102], [561, 445, 477], [751, 397, 568], [963, 805, 172], [572, 721, 384], [693, 884, 462],
[790, 774, 585], [757, 646, 8], [959, 920, 560], [78, 596, 501], [913, 970, 994], [793, 311, 441], [50, 840, 838], [397, 806, 424], [569, 380, 923], [731, 851, 587],
[972, 644, 364], [559, 181, 12], [345, 919, 710], [905, 997, 309], [187, 690, 59], [183, 263, 370], [625, 92, 212], [243, 489, 796], [445, 836, 954], [370, 348, 808],
[958, 322, 232], [102, 881, 413], [890, 228, 334], [602, 912, 111], [689, 877, 579], [748, 62, 843], [896, 465, 935], [887, 487, 204], [685, 710, 42], [420, 859, 390],
[230, 597, 490], [462, 699, 373], [653, 591, 380], [988, 971, 72], [877, 663, 727], [459, 191, 567], [82, 90, 35], [19, 977, 300], [223, 442, 788], [43, 862, 649],
[212, 870, 248], [702, 112, 725]]
[[10, 3, 7, 1], [2, 6, 4, 4], [10, 10, 4, 6], [5, 4, 2, 0], [0, 10, 9, 8], [8, 0, 0, 9], [6, 4, 3, 1], [0, 10, 10, 10], [0, 7, 10, 0], [2, 3, 4, 10],
[0, 9, 3, 3], [0, 6, 3, 9], [3, 2, 6, 9], [0, 6, 8, 5], [8, 0, 6, 6], [8, 6, 4, 8], [0, 3, 8, 0], [4, 1, 10, 4], [8, 1, 6, 6], [5, 7, 5, 8],
[9, 9, 6, 8], [5, 1, 2, 0], [10, 8, 5, 7], [1, 9, 4, 1], [10, 10, 10, 3], [10, 8, 5, 5], [9, 0, 1, 3], [8, 4, 9, 4], [2, 4, 1, 5], [6, 3, 6, 3],
[10, 9, 0, 9], [7, 2, 9, 6], [2, 8, 7, 1], [5, 1, 4, 1], [0, 5, 4, 6], [9, 0, 10, 1], [5, 10, 4, 9], [0, 10, 1, 10], [6, 10, 7, 2], [2, 5, 6, 4],
[0, 2, 3, 6], [2, 7, 5, 0], [0, 8, 6, 7], [8, 5, 6, 2], [2, 0, 9, 3], [8, 0, 0, 4], [10, 5, 6, 10], [10, 0, 3, 9], [0, 4, 4, 0], [10, 7, 0, 10],
[4, 6, 6, 2], [10, 2, 4, 10], [2, 1, 2, 8], [1, 1, 1, 9], [6, 6, 7, 4], [6, 10, 2, 4], [2, 4, 5, 1], [0, 5, 0, 5], [10, 4, 7, 7], [4, 9, 6, 4],
[10, 7, 2, 9], [8, 3, 6, 3], [9, 2, 5, 2], [10, 7, 7, 1], [0, 10, 0, 1], [2, 9, 4, 1], [3, 0, 6, 7], [7, 2, 1, 7], [9, 1, 3, 4], [4, 9, 5, 1],
[0, 0, 3, 9], [7, 8, 10, 6]]
[1, 1, 0.2, 0.2, 0.2, 0.2, 0.2, 0.2, 0.2, 0.2,
0.2, 0.2, 0.04, 0.04, 0.04, 0.04, 0.04, 0.04, 0.04, 0.04,
0.04, 0.04, 0.008, 0.008, 0.008, 0.008, 0.008, 0.008, 0.008, 0.008,
0.008, 0.008, 0.0016, 0.0016, 0.0016, 0.0016, 0.0016, 0.0016, 0.0016, 0.0016,
0.0016, 0.0016, 0.00032, 0.00032, 0.00032, 0.00032, 0.00032, 0.00032, 0.00032, 0.00032,
0.00032, 0.00032, 6.4e-05, 6.4e-05, 6.4e-05, 6.4e-05, 6.4e-05, 6.4e-05, 6.4e-05, 6.4e-05,
6.4e-05, 6.4e-05, 1.28e-05, 1.28e-05, 1.28e-05, 1.28e-05, 1.28e-05, 1.28e-05, 1.28e-05, 1.28e-05,
1.28e-05, 1.28e-05]
[6, 12, 18, 5, 17, 4, 8, 17, 3, 2,
16, 12, 16, 2, 9, 0, 10, 9, 2, 11,
13, 18, 14, 7, 9, 15, 16, 18, 13, 8,
0, 14, 13, 2, 10, 7, 0, 18, 13, 16,
19, 11, 11, 19, 14, 3, 9, 0, 0, 10,
7, 7, 15, 14, 14, 6, 13, 13, 11, 5,
13, 15, 5, 8, 9, 1, 1, 15, 17, 9,
3, 17]
------------------------------------------------------- 
# stage = 8	# children c = 5	length of each stage p = 2	nodes = 71	# items I = 1
