[20, 67, 11, 43, 98, 16, 79, 37, 30, 90,
23, 62, 6, 30, 8, 62, 95, 85, 1, 26,
75, 34, 15, 25, 3, 60, 75, 82, 64, 63,
29, 50, 29, 40, 93, 27, 22, 38, 64, 19,
94, 53, 81, 100, 83, 55, 27, 43, 5, 28,
36, 80]
[[1741, 2263, 1502], [1927, 1784, 2009], [2162, 1431, 1225], [1138, 1459, 1402], [901, 1723, 532], [743, 1190, 2037], [490, 284, 217], [687, 701, 2156], [1833, 2163, 377], [1155, 601, 495],
[1410, 1599, 434], [2169, 1202, 2218], [1854, 296, 581], [756, 1434, 1296], [2158, 1591, 695], [1946, 11, 1141], [1659, 2081, 682], [1133, 2024, 1383], [965, 789, 1222], [598, 1944, 1080],
[1093, 287, 355], [783, 132, 813], [2258, 1986, 1109], [515, 1998, 1799], [1068, 1832, 323], [1763, 711, 334], [2161, 46, 1671], [519, 1179, 628], [1158, 1401, 1417], [1637, 1999, 294],
[393, 25, 581], [4, 808, 713], [73, 2322, 1955], [438, 514, 1630], [2237, 838, 394], [236, 1857, 1105], [2150, 1694, 1152], [754, 1469, 1587], [1382, 304, 664], [2055, 1941, 340],
[25, 1590, 1945], [2186, 850, 2009], [2155, 923, 2008], [1787, 1361, 1778], [349, 530, 292], [743, 23, 2149], [1849, 2173, 776], [2257, 2183, 2245], [1520, 497, 225], [2185, 229, 1422],
[1781, 1834, 2268], [1402, 1697, 794]]
[[10, 3, 5, 9], [2, 9, 6, 10], [9, 6, 6, 10], [8, 3, 0, 9], [5, 10, 8, 5], [6, 7, 3, 1], [7, 10, 3, 3], [10, 8, 8, 8], [9, 3, 6, 9], [1, 1, 6, 0],
[6, 10, 8, 1], [3, 8, 10, 6], [5, 6, 1, 0], [2, 2, 2, 9], [0, 3, 10, 8], [9, 8, 5, 5], [9, 9, 2, 10], [9, 8, 8, 4], [8, 5, 5, 9], [2, 2, 2, 8],
[8, 1, 8, 8], [4, 8, 7, 2], [9, 4, 10, 5], [10, 3, 0, 8], [1, 0, 8, 10], [6, 3, 1, 1], [9, 6, 10, 0], [9, 0, 6, 4], [1, 2, 2, 3], [10, 7, 5, 7],
[0, 3, 1, 0], [6, 10, 8, 7], [10, 3, 5, 6], [7, 6, 7, 3], [2, 5, 3, 9], [3, 8, 0, 4], [10, 2, 8, 9], [9, 0, 5, 8], [3, 5, 6, 9], [4, 1, 4, 2],
[5, 9, 6, 10], [4, 0, 2, 6], [5, 3, 2, 8], [0, 3, 0, 10], [3, 6, 7, 0], [6, 10, 8, 10], [4, 3, 6, 7], [4, 10, 9, 7], [8, 4, 4, 2], [4, 6, 6, 8],
[10, 7, 3, 8], [8, 3, 8, 0]]
[1, 1, 0.2, 0.2, 0.2, 0.2, 0.2, 0.2, 0.2, 0.2,
0.2, 0.2, 0.04, 0.04, 0.04, 0.04, 0.04, 0.04, 0.04, 0.04,
0.04, 0.04, 0.008, 0.008, 0.008, 0.008, 0.008, 0.008, 0.008, 0.008,
0.008, 0.008, 0.0016, 0.0016, 0.0016, 0.0016, 0.0016, 0.0016, 0.0016, 0.0016,
0.0016, 0.0016, 0.00032, 0.00032, 0.00032, 0.00032, 0.00032, 0.00032, 0.00032, 0.00032,
0.00032, 0.00032]
[4, 7, 2, 0, 1, 8, 9, 3, 9, 2,
2, 3, 4, 1, 11, 2, 5, 3, 7, 4,
7, 3, 10, 10, 11, 1, 8, 5, 3, 7,
2, 1, 3, 2, 4, 2, 3, 0, 8, 0,
3, 4, 3, 9, 8, 4, 10, 5, 6, 7,
7, 1]
------------------------------------------------------- 
# stage = 6	# children c = 5	length of each stage p = 2	nodes = 51	# items I = 1
