[92, 98, 81, 91, 51, 4, 77, 52, 42, 45,
16, 83, 81, 56, 10, 100, 58, 63, 34, 52,
86, 91, 65, 75, 84, 47, 90, 13, 61, 24,
65, 52, 21, 45, 43, 39, 16, 86, 91, 58,
97, 74, 6, 43, 29, 17, 42, 53, 80, 42,
71, 31, 33, 36, 6, 83, 83, 62, 96, 43,
87, 61, 96, 74, 72, 4, 12, 88, 56, 70,
12, 52, 43, 18, 96, 38, 1, 3, 91, 82,
12, 61, 79, 11, 97, 51, 94, 45, 80, 55,
89, 66, 82, 50, 5, 20, 20, 18, 74, 76,
88, 86, 94, 97, 71, 89, 34, 72, 59, 91,
19, 71, 17, 65, 82, 14, 15, 41, 25, 61,
62, 13, 26, 10, 29, 99, 30, 49, 16, 3]
[[588, 729, 378], [36, 79, 628], [447, 952, 668], [670, 203, 562], [791, 940, 853], [540, 463, 652], [914, 288, 591], [299, 769, 329], [619, 709, 114], [1035, 44, 261],
[374, 84, 443], [752, 120, 522], [833, 19, 926], [953, 689, 79], [465, 933, 471], [770, 423, 934], [875, 789, 674], [416, 39, 394], [745, 658, 53], [859, 95, 599],
[572, 470, 683], [1015, 172, 255], [989, 457, 274], [317, 360, 416], [397, 278, 801], [320, 500, 174], [707, 325, 416], [331, 193, 957], [725, 390, 17], [778, 701, 113],
[327, 224, 583], [462, 691, 207], [717, 83, 665], [444, 400, 477], [312, 249, 755], [63, 570, 206], [739, 227, 1033], [607, 558, 679], [514, 736, 19], [532, 966, 173],
[645, 244, 899], [680, 158, 540], [887, 328, 623], [1004, 224, 476], [432, 1038, 725], [639, 553, 245], [297, 744, 974], [783, 302, 985], [412, 816, 671], [933, 800, 587],
[56, 395, 283], [955, 25, 944], [948, 365, 222], [1023, 319, 948], [449, 203, 936], [125, 295, 439], [872, 592, 133], [797, 827, 435], [184, 189, 704], [855, 73, 454],
[894, 631, 302], [630, 1039, 829], [524, 937, 144], [198, 362, 966], [96, 812, 621], [1032, 389, 916], [923, 713, 961], [508, 460, 738], [396, 96, 380], [50, 951, 955],
[1006, 248, 536], [258, 878, 1027], [540, 352, 366], [136, 550, 729], [52, 646, 993], [126, 80, 834], [494, 455, 497], [907, 963, 410], [48, 309, 506], [428, 359, 910],
[835, 818, 108], [823, 528, 986], [801, 18, 790], [117, 155, 792], [298, 709, 388], [241, 835, 970], [527, 782, 375], [1025, 639, 790], [385, 139, 50], [343, 567, 911],
[203, 352, 679], [813, 126, 158], [201, 379, 176], [991, 496, 833], [733, 247, 493], [573, 990, 780], [493, 468, 512], [320, 443, 604], [61, 280, 195], [613, 623, 763],
[474, 279, 567], [606, 42, 145], [216, 244, 1026], [894, 687, 975], [678, 371, 172], [121, 396, 112], [353, 342, 32], [318, 662, 475], [374, 175, 207], [569, 788, 283],
[784, 715, 14], [804, 773, 56], [949, 989, 802], [378, 833, 440], [303, 963, 263], [475, 536, 659], [39, 890, 1001], [72, 158, 66], [1049, 1034, 241], [709, 553, 482],
[992, 288, 649], [1006, 42, 372], [514, 443, 813], [769, 821, 596], [159, 576, 510], [422, 1, 1046], [533, 543, 338], [485, 615, 998], [3, 614, 982], [746, 273, 486]]
[[5, 3, 0, 6], [10, 8, 0, 3], [2, 2, 10, 3], [6, 5, 6, 5], [8, 0, 4, 1], [4, 3, 1, 0], [10, 6, 6, 4], [9, 7, 5, 4], [8, 3, 8, 7], [0, 8, 8, 3],
[9, 7, 6, 4], [2, 10, 8, 10], [10, 1, 9, 1], [4, 0, 2, 3], [6, 6, 5, 2], [1, 9, 4, 9], [1, 1, 6, 2], [8, 3, 3, 6], [0, 7, 8, 0], [6, 5, 10, 3],
[7, 9, 3, 9], [7, 3, 2, 0], [9, 5, 2, 10], [1, 7, 7, 3], [6, 2, 3, 1], [3, 6, 7, 1], [2, 3, 1, 6], [8, 10, 7, 2], [6, 10, 1, 2], [2, 1, 2, 1],
[4, 2, 9, 6], [9, 3, 9, 3], [3, 1, 4, 7], [5, 10, 6, 7], [2, 8, 0, 8], [5, 7, 9, 0], [7, 10, 0, 9], [9, 2, 8, 2], [4, 5, 8, 1], [8, 4, 2, 1],
[3, 4, 6, 6], [3, 1, 0, 3], [7, 0, 10, 1], [8, 8, 10, 2], [7, 10, 9, 3], [10, 5, 5, 2], [8, 1, 1, 3], [3, 1, 2, 7], [5, 8, 0, 7], [8, 1, 10, 4],
[1, 9, 4, 7], [6, 1, 7, 0], [10, 6, 1, 9], [9, 7, 9, 6], [6, 8, 7, 9], [9, 10, 3, 4], [5, 4, 9, 2], [5, 8, 5, 6], [5, 7, 1, 9], [8, 8, 8, 7],
[1, 9, 4, 8], [5, 2, 3, 0], [0, 0, 8, 7], [8, 0, 9, 2], [4, 7, 5, 7], [5, 8, 3, 8], [4, 2, 6, 1], [10, 3, 9, 10], [0, 0, 7, 5], [2, 9, 4, 0],
[7, 10, 8, 4], [10, 6, 6, 2], [3, 0, 9, 6], [6, 10, 3, 10], [1, 7, 1, 10], [9, 8, 7, 9], [8, 3, 1, 8], [10, 3, 9, 6], [2, 4, 10, 2], [8, 6, 2, 0],
[4, 9, 4, 0], [9, 5, 8, 8], [2, 9, 5, 0], [4, 1, 9, 10], [3, 10, 8, 2], [1, 4, 9, 3], [6, 8, 3, 3], [1, 5, 2, 4], [4, 6, 2, 0], [1, 10, 8, 1],
[7, 3, 10, 0], [4, 6, 0, 7], [3, 6, 10, 4], [8, 6, 8, 3], [3, 0, 6, 3], [4, 8, 7, 8], [2, 7, 8, 1], [6, 3, 2, 2], [6, 1, 3, 9], [7, 1, 3, 8],
[5, 0, 2, 2], [6, 10, 5, 8], [10, 9, 9, 1], [5, 3, 9, 7], [10, 4, 8, 5], [6, 8, 6, 10], [7, 7, 8, 1], [6, 10, 9, 0], [10, 0, 0, 4], [10, 3, 1, 8],
[1, 8, 9, 6], [0, 6, 0, 10], [8, 6, 2, 3], [3, 8, 3, 10], [4, 9, 0, 8], [8, 8, 8, 6], [8, 8, 10, 6], [0, 9, 1, 0], [6, 8, 4, 6], [1, 5, 3, 10],
[0, 5, 0, 2], [1, 1, 1, 3], [9, 0, 1, 4], [8, 9, 10, 3], [5, 7, 9, 3], [5, 10, 3, 9], [6, 8, 4, 7], [0, 5, 6, 0], [0, 5, 2, 10], [4, 2, 2, 2]]
[1, 1, 1, 1, 1, 0.2, 0.2, 0.2, 0.2, 0.2,
0.2, 0.2, 0.2, 0.2, 0.2, 0.2, 0.2, 0.2, 0.2, 0.2,
0.2, 0.2, 0.2, 0.2, 0.2, 0.2, 0.2, 0.2, 0.2, 0.2,
0.04, 0.04, 0.04, 0.04, 0.04, 0.04, 0.04, 0.04, 0.04, 0.04,
0.04, 0.04, 0.04, 0.04, 0.04, 0.04, 0.04, 0.04, 0.04, 0.04,
0.04, 0.04, 0.04, 0.04, 0.04, 0.008, 0.008, 0.008, 0.008, 0.008,
0.008, 0.008, 0.008, 0.008, 0.008, 0.008, 0.008, 0.008, 0.008, 0.008,
0.008, 0.008, 0.008, 0.008, 0.008, 0.008, 0.008, 0.008, 0.008, 0.008,
0.0016, 0.0016, 0.0016, 0.0016, 0.0016, 0.0016, 0.0016, 0.0016, 0.0016, 0.0016,
0.0016, 0.0016, 0.0016, 0.0016, 0.0016, 0.0016, 0.0016, 0.0016, 0.0016, 0.0016,
0.0016, 0.0016, 0.0016, 0.0016, 0.0016, 0.00032, 0.00032, 0.00032, 0.00032, 0.00032,
0.00032, 0.00032, 0.00032, 0.00032, 0.00032, 0.00032, 0.00032, 0.00032, 0.00032, 0.00032,
0.00032, 0.00032, 0.00032, 0.00032, 0.00032, 0.00032, 0.00032, 0.00032, 0.00032, 0.00032]
[8, 5, 6, 7, 9, 8, 7, 9, 5, 4,
8, 4, 2, 5, 0, 9, 6, 6, 1, 2,
8, 5, 7, 2, 1, 7, 0, 8, 9, 2,
8, 3, 3, 0, 9, 0, 0, 6, 6, 4,
1, 2, 9, 2, 10, 2, 5, 4, 1, 9,
7, 3, 2, 10, 4, 1, 10, 5, 10, 0,
0, 2, 5, 1, 0, 5, 7, 8, 4, 4,
6, 1, 8, 0, 2, 4, 1, 6, 10, 0,
3, 3, 10, 6, 6, 8, 4, 5, 0, 6,
4, 1, 3, 9, 0, 10, 9, 10, 10, 7,
6, 4, 10, 9, 4, 9, 9, 10, 4, 10,
3, 3, 8, 8, 8, 10, 7, 9, 0, 1,
8, 7, 7, 4, 2, 2, 0, 6, 5, 3]
------------------------------------------------------- 
# stage = 6	# children c = 5	length of each stage p = 5	nodes = 129	# items I = 1
