[70, 80, 71, 13, 11, 5, 45, 56, 64, 2,
48, 5, 61, 76, 62, 43, 34, 78, 53, 53,
4, 39, 85, 0, 27, 19, 100, 71, 98, 0,
45, 67, 80, 83, 80, 57, 88, 92, 79, 17,
60, 26, 22, 87, 68, 85, 96, 2, 28, 48,
21, 32, 87, 5, 32, 80, 92, 98, 16, 89,
64, 62, 55, 9, 10, 1, 66, 64, 59, 44,
81, 18]
[[372, 250, 574], [746, 616, 897], [785, 971, 42], [423, 115, 699], [264, 639, 314], [127, 572, 671], [953, 800, 583], [634, 548, 599], [985, 428, 140], [428, 806, 938],
[337, 170, 179], [911, 916, 795], [103, 692, 61], [145, 106, 489], [148, 683, 433], [776, 115, 309], [751, 59, 100], [325, 1007, 649], [228, 287, 381], [369, 715, 179],
[298, 43, 349], [790, 258, 256], [889, 362, 252], [255, 820, 672], [744, 969, 346], [481, 40, 774], [791, 791, 834], [891, 108, 832], [844, 649, 423], [530, 9, 129],
[13, 620, 485], [362, 401, 743], [931, 595, 96], [487, 850, 221], [150, 585, 181], [810, 371, 534], [575, 153, 316], [713, 348, 737], [849, 497, 378], [263, 18, 700],
[392, 31, 312], [877, 706, 17], [612, 941, 612], [12, 419, 453], [233, 570, 343], [727, 684, 714], [252, 250, 867], [882, 964, 519], [610, 804, 7], [988, 59, 338],
[680, 764, 369], [296, 633, 379], [313, 549, 311], [926, 874, 35], [370, 412, 918], [17, 130, 593], [731, 696, 843], [902, 569, 798], [413, 483, 594], [733, 463, 966],
[63, 447, 721], [745, 47, 658], [429, 360, 198], [740, 277, 64], [79, 961, 789], [997, 282, 919], [581, 5, 919], [416, 211, 479], [518, 937, 963], [103, 662, 730],
[373, 29, 481], [86, 78, 528]]
[[1, 1, 10, 8], [9, 1, 3, 3], [9, 6, 9, 0], [6, 7, 4, 2], [4, 10, 10, 4], [2, 1, 9, 4], [3, 6, 7, 3], [9, 8, 2, 10], [7, 1, 5, 5], [2, 8, 6, 9],
[4, 4, 10, 8], [0, 1, 10, 2], [0, 7, 5, 1], [8, 3, 3, 10], [9, 0, 2, 7], [8, 2, 5, 4], [3, 10, 7, 4], [8, 2, 2, 10], [4, 10, 7, 2], [0, 4, 5, 10],
[0, 10, 0, 6], [0, 3, 5, 7], [3, 6, 4, 9], [8, 7, 0, 10], [6, 7, 3, 1], [9, 3, 9, 0], [1, 5, 3, 1], [9, 6, 0, 7], [5, 9, 3, 3], [2, 6, 10, 3],
[1, 1, 0, 10], [8, 0, 7, 4], [8, 8, 3, 4], [0, 2, 3, 10], [5, 6, 1, 2], [1, 10, 9, 4], [9, 10, 7, 9], [6, 6, 10, 5], [8, 10, 4, 3], [9, 9, 5, 4],
[6, 9, 8, 7], [9, 0, 4, 3], [4, 5, 5, 5], [3, 2, 7, 10], [1, 3, 8, 5], [8, 5, 0, 3], [3, 2, 6, 1], [1, 1, 5, 7], [8, 0, 1, 6], [10, 6, 9, 3],
[9, 2, 7, 1], [4, 3, 9, 3], [5, 6, 9, 0], [10, 7, 1, 2], [9, 7, 1, 8], [6, 6, 3, 1], [4, 4, 7, 3], [8, 4, 5, 5], [6, 1, 4, 8], [2, 3, 9, 5],
[7, 7, 5, 6], [1, 6, 6, 9], [1, 7, 6, 5], [0, 9, 7, 3], [1, 1, 6, 7], [3, 0, 1, 7], [10, 6, 4, 2], [9, 3, 5, 5], [8, 0, 10, 10], [4, 5, 8, 3],
[0, 1, 7, 0], [9, 1, 3, 8]]
[1, 1, 0.2, 0.2, 0.2, 0.2, 0.2, 0.2, 0.2, 0.2,
0.2, 0.2, 0.04, 0.04, 0.04, 0.04, 0.04, 0.04, 0.04, 0.04,
0.04, 0.04, 0.008, 0.008, 0.008, 0.008, 0.008, 0.008, 0.008, 0.008,
0.008, 0.008, 0.0016, 0.0016, 0.0016, 0.0016, 0.0016, 0.0016, 0.0016, 0.0016,
0.0016, 0.0016, 0.00032, 0.00032, 0.00032, 0.00032, 0.00032, 0.00032, 0.00032, 0.00032,
0.00032, 0.00032, 6.4e-05, 6.4e-05, 6.4e-05, 6.4e-05, 6.4e-05, 6.4e-05, 6.4e-05, 6.4e-05,
6.4e-05, 6.4e-05, 1.28e-05, 1.28e-05, 1.28e-05, 1.28e-05, 1.28e-05, 1.28e-05, 1.28e-05, 1.28e-05,
1.28e-05, 1.28e-05]
[6, 1, 11, 7, 1, 9, 12, 13, 14, 8,
8, 17, 16, 11, 14, 10, 8, 13, 10, 13,
11, 15, 3, 7, 3, 14, 12, 15, 10, 11,
1, 20, 8, 3, 10, 7, 12, 1, 4, 7,
19, 18, 9, 12, 16, 19, 1, 2, 8, 6,
16, 15, 13, 20, 1, 2, 3, 5, 10, 7,
18, 19, 20, 6, 3, 3, 3, 6, 11, 8,
8, 7]
------------------------------------------------------- 
# stage = 8	# children c = 5	length of each stage p = 2	nodes = 71	# items I = 1
