[70, 58, 32, 53, 24, 95, 60, 17, 98, 31,
76, 26, 31, 44, 18, 14, 46, 37, 60, 49,
19, 76, 89, 14, 29, 4, 85, 51, 60, 87,
58, 96, 10, 56, 14, 34, 50, 75, 52, 47,
72, 94, 40, 2, 3, 58, 84, 49, 95, 43,
64, 81, 19, 52, 95, 14, 56, 45, 65, 82,
98, 22, 78, 7, 78, 92, 8, 95]
[[655, 78, 69], [538, 917, 613], [914, 829, 833], [129, 376, 833], [818, 446, 671], [817, 221, 30], [467, 3, 762], [532, 617, 675], [670, 117, 423], [276, 813, 887],
[788, 477, 965], [858, 951, 826], [415, 810, 663], [192, 875, 976], [33, 702, 430], [704, 463, 587], [670, 930, 590], [441, 406, 151], [60, 85, 269], [483, 361, 26],
[378, 158, 439], [287, 24, 335], [121, 375, 153], [721, 568, 36], [705, 601, 674], [143, 250, 145], [667, 920, 20], [265, 305, 426], [353, 301, 511], [622, 785, 809],
[584, 107, 967], [32, 395, 927], [367, 452, 310], [456, 181, 814], [428, 822, 424], [47, 902, 610], [128, 577, 474], [148, 778, 716], [511, 139, 25], [958, 697, 746],
[775, 290, 854], [686, 258, 193], [621, 561, 645], [868, 25, 763], [690, 453, 593], [58, 436, 503], [604, 565, 88], [87, 649, 867], [739, 168, 14], [700, 71, 712],
[455, 782, 938], [317, 477, 204], [446, 42, 701], [99, 846, 726], [862, 545, 123], [464, 539, 560], [903, 88, 69], [0, 111, 718], [867, 850, 823], [817, 558, 894],
[473, 949, 684], [355, 210, 105], [495, 656, 84], [204, 756, 930], [866, 562, 419], [990, 962, 959], [494, 874, 55], [563, 810, 166]]
[[2, 3, 7, 10], [2, 3, 1, 10], [2, 2, 10, 1], [1, 8, 1, 10], [5, 4, 2, 10], [7, 8, 4, 1], [0, 4, 6, 1], [8, 7, 4, 10], [10, 1, 9, 1], [4, 9, 9, 5],
[0, 8, 6, 10], [3, 7, 9, 7], [9, 9, 6, 3], [6, 10, 2, 4], [2, 8, 6, 10], [3, 10, 7, 0], [9, 4, 0, 3], [2, 9, 8, 0], [5, 1, 0, 8], [6, 7, 4, 2],
[6, 8, 5, 10], [6, 5, 4, 8], [0, 8, 5, 3], [5, 1, 2, 4], [3, 0, 5, 5], [9, 0, 6, 1], [1, 4, 8, 5], [9, 1, 7, 2], [8, 1, 2, 3], [4, 4, 9, 4],
[10, 1, 8, 2], [0, 8, 4, 4], [8, 9, 7, 4], [7, 2, 6, 6], [4, 3, 0, 3], [2, 7, 5, 10], [6, 5, 0, 10], [7, 7, 4, 4], [8, 10, 7, 9], [7, 0, 0, 2],
[8, 7, 6, 4], [8, 10, 0, 1], [2, 9, 2, 3], [6, 8, 0, 10], [0, 1, 10, 6], [6, 1, 10, 4], [0, 6, 0, 5], [5, 0, 7, 2], [7, 0, 4, 4], [0, 2, 4, 0],
[1, 6, 3, 5], [1, 4, 4, 2], [3, 3, 8, 9], [4, 5, 0, 2], [1, 0, 7, 4], [0, 3, 4, 6], [4, 6, 8, 2], [9, 1, 2, 8], [8, 4, 2, 9], [6, 6, 9, 9],
[10, 4, 5, 1], [10, 6, 4, 9], [4, 0, 0, 3], [2, 4, 9, 4], [10, 6, 6, 6], [6, 6, 3, 3], [10, 5, 10, 5], [10, 7, 1, 9]]
[1, 1, 0.333333, 0.333333, 0.333333, 0.333333, 0.333333, 0.333333, 0.111111, 0.111111,
0.111111, 0.111111, 0.111111, 0.111111, 0.037037, 0.037037, 0.037037, 0.037037, 0.037037, 0.037037,
0.0123457, 0.0123457, 0.0123457, 0.0123457, 0.0123457, 0.0123457, 0.00411523, 0.00411523, 0.00411523, 0.00411523,
0.00411523, 0.00411523, 0.00137174, 0.00137174, 0.00137174, 0.00137174, 0.00137174, 0.00137174, 0.000457247, 0.000457247,
0.000457247, 0.000457247, 0.000457247, 0.000457247, 0.000152416, 0.000152416, 0.000152416, 0.000152416, 0.000152416, 0.000152416,
5.08053e-05, 5.08053e-05, 5.08053e-05, 5.08053e-05, 5.08053e-05, 5.08053e-05, 1.69351e-05, 1.69351e-05, 1.69351e-05, 1.69351e-05,
1.69351e-05, 1.69351e-05, 5.64503e-06, 5.64503e-06, 5.64503e-06, 5.64503e-06, 5.64503e-06, 5.64503e-06]
[7, 0, 2, 4, 7, 0, 7, 6, 3, 6,
4, 0, 2, 8, 2, 0, 0, 3, 9, 5,
9, 3, 2, 3, 0, 7, 1, 6, 5, 4,
5, 0, 8, 3, 5, 8, 5, 2, 4, 7,
1, 4, 7, 8, 7, 3, 1, 1, 1, 1,
4, 2, 2, 1, 5, 5, 7, 1, 2, 9,
5, 4, 0, 0, 3, 7, 2, 3]
------------------------------------------------------- 
# stage = 12	# children c = 3	length of each stage p = 2	nodes = 67	# items I = 1
