[98, 1, 46, 65, 36, 26, 99, 89, 87, 36,
47, 42, 25, 81, 88, 43, 52, 29, 23, 100,
5, 13, 7, 69, 88, 14, 39, 74, 75, 80,
10, 38, 81, 23, 3, 83, 49, 1, 37, 1,
3, 84, 43, 28, 31, 30, 71, 49, 59, 60,
48, 64, 73, 55, 99, 61, 36, 3, 0, 10,
83, 11, 49, 29, 34, 18, 79, 49, 86, 15,
50, 89, 66, 93, 16, 63, 90, 53, 11, 14,
79, 60, 45, 52, 81, 43, 79, 16, 13, 79,
94, 96, 56, 8, 92, 56, 26, 70, 4, 11,
51, 20, 100, 83, 80, 82, 45, 69, 0, 23,
83, 79, 83, 27, 97, 29, 37, 75, 46, 50,
54, 5, 45, 9, 13, 2, 66, 5, 38, 36]
[[297, 203, 959], [376, 129, 539], [556, 409, 973], [490, 130, 377], [564, 0, 875], [588, 66, 700], [230, 217, 829], [877, 326, 591], [640, 480, 609], [69, 544, 496],
[912, 841, 63], [222, 204, 569], [125, 125, 979], [85, 615, 473], [462, 166, 473], [325, 119, 916], [389, 349, 498], [582, 214, 188], [160, 218, 669], [769, 287, 200],
[629, 563, 28], [693, 786, 610], [249, 275, 735], [592, 361, 337], [53, 823, 504], [903, 512, 623], [807, 265, 336], [292, 848, 927], [480, 1008, 133], [513, 129, 797],
[713, 758, 725], [742, 438, 875], [339, 52, 137], [438, 644, 498], [775, 61, 686], [643, 965, 185], [253, 123, 451], [967, 792, 286], [881, 259, 658], [1, 137, 787],
[163, 850, 533], [888, 956, 335], [114, 659, 387], [251, 84, 396], [750, 860, 457], [800, 490, 786], [985, 108, 909], [800, 62, 688], [450, 943, 312], [96, 309, 449],
[883, 849, 663], [780, 724, 607], [103, 202, 253], [867, 453, 715], [250, 567, 562], [72, 354, 416], [858, 704, 524], [119, 491, 586], [171, 942, 894], [860, 25, 190],
[673, 272, 26], [324, 40, 114], [295, 520, 316], [925, 751, 133], [627, 1002, 701], [553, 438, 419], [970, 660, 110], [481, 779, 602], [432, 315, 908], [313, 162, 297],
[880, 200, 569], [270, 901, 986], [761, 183, 870], [441, 472, 609], [574, 87, 975], [639, 640, 400], [46, 974, 424], [156, 443, 191], [758, 239, 883], [17, 929, 409],
[314, 160, 609], [248, 430, 497], [598, 178, 44], [456, 619, 517], [429, 557, 981], [391, 184, 985], [155, 230, 947], [579, 386, 377], [134, 509, 993], [4, 526, 909],
[791, 205, 56], [764, 453, 863], [626, 415, 405], [670, 235, 388], [551, 664, 945], [519, 42, 493], [869, 574, 723], [803, 141, 474], [544, 652, 347], [524, 21, 237],
[797, 812, 442], [217, 563, 259], [67, 176, 675], [472, 211, 910], [860, 762, 939], [156, 646, 345], [650, 502, 920], [737, 292, 425], [198, 200, 64], [545, 724, 85],
[783, 885, 897], [589, 89, 825], [849, 156, 1001], [888, 1005, 576], [149, 216, 326], [75, 372, 336], [421, 386, 202], [705, 111, 871], [117, 686, 58], [558, 596, 146],
[644, 366, 18], [905, 319, 107], [717, 532, 640], [70, 407, 1009], [646, 934, 212], [336, 1009, 961], [36, 794, 712], [238, 486, 823], [96, 980, 873], [154, 526, 456]]
[[4, 2, 10, 2], [6, 5, 8, 7], [4, 1, 9, 5], [9, 0, 5, 8], [6, 7, 7, 3], [3, 0, 9, 9], [6, 7, 5, 5], [6, 0, 1, 8], [2, 0, 10, 7], [3, 5, 3, 5],
[6, 1, 0, 3], [10, 3, 0, 5], [8, 5, 7, 0], [6, 5, 9, 10], [0, 1, 2, 4], [2, 3, 2, 2], [2, 10, 9, 5], [3, 10, 0, 9], [9, 9, 1, 8], [10, 10, 1, 7],
[5, 6, 5, 9], [9, 1, 8, 9], [3, 10, 1, 3], [0, 1, 5, 2], [9, 2, 8, 1], [1, 6, 9, 0], [2, 8, 6, 1], [8, 5, 6, 2], [0, 0, 9, 10], [1, 4, 6, 2],
[1, 5, 5, 1], [6, 9, 4, 5], [0, 10, 6, 1], [5, 4, 10, 5], [2, 6, 6, 8], [0, 10, 8, 10], [10, 6, 7, 9], [10, 2, 10, 0], [6, 4, 1, 1], [2, 3, 4, 0],
[2, 0, 0, 5], [2, 10, 10, 2], [3, 3, 10, 2], [0, 7, 1, 10], [0, 8, 7, 8], [8, 4, 8, 3], [6, 8, 5, 9], [9, 7, 7, 10], [7, 7, 4, 8], [7, 2, 10, 8],
[3, 8, 10, 4], [2, 0, 1, 3], [6, 6, 9, 4], [10, 7, 7, 6], [2, 10, 2, 0], [7, 9, 10, 1], [6, 2, 9, 0], [2, 7, 6, 5], [2, 6, 7, 2], [4, 9, 5, 0],
[2, 2, 4, 2], [9, 9, 6, 9], [9, 8, 7, 3], [4, 7, 4, 8], [7, 1, 6, 9], [6, 2, 1, 6], [8, 9, 8, 10], [5, 1, 10, 7], [3, 3, 7, 10], [2, 2, 8, 9],
[8, 4, 10, 0], [9, 1, 8, 5], [0, 2, 1, 6], [4, 3, 1, 10], [10, 8, 9, 4], [9, 9, 0, 1], [10, 8, 0, 10], [8, 6, 6, 6], [10, 5, 6, 9], [7, 1, 1, 7],
[3, 1, 1, 7], [2, 0, 4, 1], [8, 1, 5, 6], [8, 3, 5, 7], [9, 3, 5, 7], [9, 0, 2, 9], [4, 6, 5, 9], [7, 4, 5, 0], [5, 4, 5, 7], [5, 8, 6, 0],
[9, 0, 5, 6], [2, 10, 0, 0], [3, 5, 7, 10], [4, 7, 8, 8], [2, 0, 6, 8], [3, 9, 6, 8], [3, 9, 3, 6], [6, 9, 6, 2], [8, 9, 6, 10], [9, 7, 10, 10],
[10, 5, 9, 3], [1, 5, 9, 2], [3, 2, 10, 6], [1, 3, 2, 2], [1, 3, 6, 6], [1, 10, 8, 7], [9, 2, 6, 5], [9, 4, 4, 8], [9, 0, 10, 8], [3, 6, 10, 5],
[9, 7, 0, 8], [10, 0, 8, 10], [3, 3, 3, 3], [2, 9, 10, 9], [0, 4, 3, 9], [6, 5, 5, 2], [4, 4, 10, 7], [10, 8, 10, 6], [4, 0, 3, 2], [9, 0, 10, 2],
[1, 2, 3, 2], [0, 2, 0, 1], [4, 2, 10, 8], [7, 4, 10, 0], [6, 8, 6, 4], [5, 5, 10, 7], [3, 3, 9, 2], [1, 8, 2, 3], [10, 5, 3, 0], [5, 3, 10, 8]]
[1, 1, 1, 1, 1, 0.2, 0.2, 0.2, 0.2, 0.2,
0.2, 0.2, 0.2, 0.2, 0.2, 0.2, 0.2, 0.2, 0.2, 0.2,
0.2, 0.2, 0.2, 0.2, 0.2, 0.2, 0.2, 0.2, 0.2, 0.2,
0.04, 0.04, 0.04, 0.04, 0.04, 0.04, 0.04, 0.04, 0.04, 0.04,
0.04, 0.04, 0.04, 0.04, 0.04, 0.04, 0.04, 0.04, 0.04, 0.04,
0.04, 0.04, 0.04, 0.04, 0.04, 0.008, 0.008, 0.008, 0.008, 0.008,
0.008, 0.008, 0.008, 0.008, 0.008, 0.008, 0.008, 0.008, 0.008, 0.008,
0.008, 0.008, 0.008, 0.008, 0.008, 0.008, 0.008, 0.008, 0.008, 0.008,
0.0016, 0.0016, 0.0016, 0.0016, 0.0016, 0.0016, 0.0016, 0.0016, 0.0016, 0.0016,
0.0016, 0.0016, 0.0016, 0.0016, 0.0016, 0.0016, 0.0016, 0.0016, 0.0016, 0.0016,
0.0016, 0.0016, 0.0016, 0.0016, 0.0016, 0.00032, 0.00032, 0.00032, 0.00032, 0.00032,
0.00032, 0.00032, 0.00032, 0.00032, 0.00032, 0.00032, 0.00032, 0.00032, 0.00032, 0.00032,
0.00032, 0.00032, 0.00032, 0.00032, 0.00032, 0.00032, 0.00032, 0.00032, 0.00032, 0.00032]
[8, 6, 6, 3, 3, 6, 8, 9, 6, 1,
8, 5, 2, 8, 4, 5, 9, 6, 6, 9,
7, 5, 8, 10, 3, 7, 1, 6, 2, 4,
2, 5, 6, 3, 8, 10, 1, 5, 6, 9,
5, 7, 3, 6, 2, 7, 9, 3, 9, 4,
6, 4, 6, 2, 1, 9, 4, 9, 4, 7,
4, 8, 1, 0, 6, 1, 6, 5, 2, 1,
6, 6, 9, 1, 7, 6, 9, 7, 10, 5,
10, 2, 10, 5, 3, 1, 10, 5, 10, 0,
1, 4, 5, 8, 6, 7, 7, 0, 2, 3,
8, 2, 9, 4, 9, 4, 7, 9, 5, 1,
7, 3, 3, 7, 6, 0, 0, 7, 5, 5,
3, 0, 2, 8, 1, 3, 5, 0, 7, 0]
------------------------------------------------------- 
# stage = 6	# children c = 5	length of each stage p = 5	nodes = 129	# items I = 1
