[21, 6, 75, 27, 38, 20, 51, 77, 47, 9,
38, 82, 28, 4, 21, 20, 61, 46, 34, 99,
48, 83, 53, 1, 54, 61, 4, 62, 70, 5,
56, 91, 78, 30, 84, 15, 17, 0, 92, 64,
10, 97, 12, 4, 0, 33]
[[2068, 2357, 840], [500, 111, 1127], [611, 2117, 324], [2197, 853, 1797], [1600, 221, 1367], [335, 1448, 1818], [331, 1238, 1122], [2164, 490, 1415], [555, 1426, 66], [791, 422, 2344],
[1941, 73, 2284], [547, 757, 161], [1858, 1553, 2278], [2183, 1332, 714], [1562, 514, 1119], [695, 1033, 149], [280, 1364, 1388], [1402, 1294, 2062], [584, 2033, 1254], [834, 406, 1677],
[760, 113, 1934], [626, 845, 273], [971, 285, 2010], [832, 50, 924], [1730, 1613, 1622], [431, 2308, 237], [581, 170, 1785], [2153, 1757, 661], [1981, 107, 461], [817, 941, 1051],
[76, 1701, 1165], [2194, 94, 2010], [50, 1065, 2295], [2244, 2081, 112], [751, 1393, 1725], [2373, 2009, 1799], [377, 356, 1970], [2162, 91, 1493], [590, 2072, 1600], [1051, 655, 123],
[2286, 916, 2008], [1033, 692, 2102], [809, 926, 934], [871, 753, 597], [983, 1504, 1991], [474, 1643, 1766]]
[[5, 7, 0, 7], [8, 7, 6, 6], [5, 4, 6, 1], [10, 4, 2, 10], [0, 6, 7, 4], [8, 7, 2, 0], [10, 5, 3, 5], [3, 7, 2, 8], [2, 2, 3, 10], [8, 9, 3, 2],
[0, 9, 1, 0], [1, 1, 8, 10], [5, 4, 3, 2], [10, 3, 2, 7], [8, 3, 1, 1], [9, 1, 7, 0], [4, 10, 8, 10], [7, 0, 1, 5], [7, 0, 5, 8], [1, 0, 5, 6],
[3, 7, 8, 2], [10, 9, 7, 6], [10, 8, 7, 6], [7, 1, 4, 0], [10, 1, 10, 6], [10, 9, 0, 7], [9, 4, 2, 8], [2, 8, 3, 5], [4, 10, 5, 1], [6, 1, 7, 3],
[7, 1, 10, 4], [1, 3, 2, 0], [3, 0, 4, 2], [9, 4, 7, 6], [6, 10, 3, 9], [5, 5, 3, 7], [2, 7, 8, 8], [8, 3, 0, 5], [2, 8, 7, 3], [10, 9, 1, 2],
[9, 5, 2, 6], [8, 10, 10, 3], [7, 2, 10, 1], [5, 3, 8, 7], [10, 3, 2, 5], [4, 1, 8, 5]]
[1, 1, 0.5, 0.5, 0.5, 0.5, 0.25, 0.25, 0.25, 0.25,
0.125, 0.125, 0.125, 0.125, 0.0625, 0.0625, 0.0625, 0.0625, 0.03125, 0.03125,
0.03125, 0.03125, 0.015625, 0.015625, 0.015625, 0.015625, 0.0078125, 0.0078125, 0.0078125, 0.0078125,
0.00390625, 0.00390625, 0.00390625, 0.00390625, 0.00195312, 0.00195312, 0.00195312, 0.00195312, 0.000976562, 0.000976562,
0.000976562, 0.000976562, 0.000488281, 0.000488281, 0.000488281, 0.000488281]
[5, 7, 5, 6, 6, 4, 4, 10, 1, 5,
4, 5, 2, 10, 9, 9, 11, 4, 11, 2,
5, 10, 6, 12, 0, 2, 12, 0, 0, 12,
7, 2, 2, 10, 6, 7, 9, 12, 11, 2,
5, 9, 4, 5, 10, 3]
------------------------------------------------------- 
# stage = 12	# children c = 2	length of each stage p = 2	nodes = 45	# items I = 1
