[96, 6, 100, 70, 3, 30, 95, 17, 96, 33,
66, 63, 88, 38, 96, 18, 100, 29, 87, 61,
25, 13, 84, 30, 50, 32, 61, 34, 89, 59,
13, 50, 31, 79, 19, 0, 9, 14, 17, 4,
13, 49, 33, 1, 53, 95, 86, 19, 23, 72,
80, 14, 51, 63, 11, 0, 62, 72, 1, 16,
97, 14, 33, 27, 93, 52, 27, 1, 32, 10,
72, 46]
[[290, 425, 849], [581, 1, 382], [828, 216, 437], [342, 665, 209], [704, 384, 467], [94, 299, 811], [144, 590, 190], [729, 166, 426], [253, 345, 464], [702, 563, 369],
[829, 0, 91], [826, 732, 92], [505, 707, 308], [90, 346, 271], [449, 197, 655], [63, 442, 101], [22, 586, 842], [362, 612, 305], [788, 12, 650], [549, 12, 360],
[215, 841, 510], [456, 111, 389], [548, 617, 393], [154, 4, 739], [575, 603, 234], [377, 816, 826], [479, 135, 559], [618, 497, 469], [70, 582, 631], [720, 428, 643],
[227, 643, 782], [737, 246, 40], [424, 92, 657], [817, 396, 811], [1, 118, 561], [385, 645, 525], [358, 421, 810], [64, 186, 605], [683, 256, 334], [462, 123, 763],
[252, 500, 703], [181, 385, 247], [372, 106, 489], [326, 220, 32], [285, 221, 300], [143, 606, 92], [818, 261, 514], [776, 476, 850], [528, 306, 254], [9, 768, 527],
[69, 318, 175], [70, 649, 710], [317, 168, 816], [806, 495, 183], [135, 77, 555], [585, 220, 458], [827, 186, 720], [638, 109, 343], [636, 787, 649], [37, 796, 565],
[564, 163, 30], [36, 383, 829], [746, 700, 145], [709, 803, 790], [190, 235, 14], [745, 820, 384], [350, 794, 720], [217, 580, 126], [560, 513, 60], [507, 550, 154],
[219, 411, 467], [399, 448, 850]]
[[10, 9, 5, 10], [8, 7, 4, 8], [5, 8, 7, 7], [10, 6, 6, 8], [0, 1, 2, 9], [1, 1, 9, 9], [8, 4, 2, 3], [1, 4, 6, 0], [0, 0, 9, 8], [5, 2, 6, 8],
[0, 0, 4, 10], [6, 0, 5, 6], [10, 5, 2, 10], [5, 10, 8, 2], [3, 10, 3, 4], [1, 10, 3, 2], [8, 1, 8, 3], [3, 1, 0, 1], [1, 3, 9, 5], [1, 1, 10, 0],
[7, 1, 8, 1], [0, 5, 1, 1], [3, 4, 6, 2], [1, 7, 4, 10], [8, 0, 0, 9], [1, 9, 0, 3], [1, 7, 8, 0], [9, 7, 10, 5], [7, 7, 4, 7], [2, 5, 9, 3],
[7, 2, 5, 9], [9, 8, 8, 4], [8, 6, 0, 9], [4, 9, 10, 4], [6, 8, 4, 4], [2, 3, 7, 9], [0, 0, 4, 0], [3, 0, 1, 10], [2, 6, 6, 9], [3, 3, 0, 9],
[9, 9, 6, 1], [8, 5, 5, 1], [0, 9, 3, 1], [0, 10, 10, 9], [8, 1, 9, 0], [1, 8, 8, 1], [3, 4, 8, 5], [5, 6, 1, 2], [5, 7, 3, 0], [2, 8, 10, 2],
[4, 2, 3, 4], [10, 1, 2, 7], [0, 9, 5, 2], [6, 0, 1, 8], [4, 8, 2, 8], [1, 3, 10, 4], [0, 2, 2, 0], [8, 1, 2, 1], [3, 4, 6, 0], [3, 8, 7, 3],
[5, 10, 5, 0], [0, 5, 8, 2], [0, 8, 10, 1], [10, 7, 6, 8], [9, 8, 8, 4], [10, 8, 6, 0], [1, 10, 10, 4], [5, 6, 6, 10], [4, 0, 0, 2], [3, 6, 4, 3],
[2, 2, 3, 1], [9, 7, 7, 6]]
[1, 1, 0.2, 0.2, 0.2, 0.2, 0.2, 0.2, 0.2, 0.2,
0.2, 0.2, 0.04, 0.04, 0.04, 0.04, 0.04, 0.04, 0.04, 0.04,
0.04, 0.04, 0.008, 0.008, 0.008, 0.008, 0.008, 0.008, 0.008, 0.008,
0.008, 0.008, 0.0016, 0.0016, 0.0016, 0.0016, 0.0016, 0.0016, 0.0016, 0.0016,
0.0016, 0.0016, 0.00032, 0.00032, 0.00032, 0.00032, 0.00032, 0.00032, 0.00032, 0.00032,
0.00032, 0.00032, 6.4e-05, 6.4e-05, 6.4e-05, 6.4e-05, 6.4e-05, 6.4e-05, 6.4e-05, 6.4e-05,
6.4e-05, 6.4e-05, 1.28e-05, 1.28e-05, 1.28e-05, 1.28e-05, 1.28e-05, 1.28e-05, 1.28e-05, 1.28e-05,
1.28e-05, 1.28e-05]
[5, 8, 2, 5, 4, 8, 7, 4, 5, 1,
3, 2, 8, 0, 5, 1, 4, 8, 3, 2,
0, 0, 7, 6, 0, 6, 4, 0, 6, 4,
0, 2, 3, 7, 2, 3, 0, 6, 4, 1,
7, 4, 3, 3, 2, 3, 1, 5, 4, 0,
3, 5, 3, 1, 4, 8, 6, 0, 7, 8,
0, 1, 5, 4, 0, 3, 6, 5, 8, 6,
5, 1]
------------------------------------------------------- 
# stage = 8	# children c = 5	length of each stage p = 2	nodes = 71	# items I = 1
