[26, 58, 88, 69, 84, 44, 83, 9, 82, 100,
34, 53, 19, 15, 57, 35, 23, 83, 48, 58,
85, 74, 94, 84, 62, 8, 21, 5, 7, 47,
62, 0, 72, 15, 69, 55, 59, 17, 30, 7,
16, 65, 60, 1, 46, 84, 36, 69, 66, 85,
93, 50, 24, 86, 100, 86, 94, 87, 57, 67,
0, 85, 67, 72, 0, 35, 93, 25, 52]
[[1221, 1140, 99], [728, 1084, 541], [1519, 447, 1476], [682, 372, 313], [1650, 59, 1742], [1115, 1785, 1349], [1770, 1352, 1004], [1213, 394, 449], [680, 1650, 1192], [1599, 66, 796],
[495, 247, 897], [1618, 975, 1981], [95, 1455, 364], [531, 73, 1760], [845, 1723, 1819], [523, 1798, 501], [833, 465, 1853], [1837, 1678, 183], [1246, 1318, 793], [374, 854, 1883],
[131, 309, 66], [1028, 1927, 2], [945, 983, 1457], [270, 1514, 490], [2030, 1319, 1173], [746, 1843, 1932], [1247, 612, 333], [1036, 1409, 971], [180, 592, 226], [1997, 1990, 40],
[1817, 57, 349], [843, 45, 1236], [1869, 2015, 155], [222, 221, 630], [712, 1211, 1949], [1886, 1957, 688], [714, 100, 260], [1047, 97, 1670], [2018, 277, 1222], [1204, 210, 1148],
[1244, 987, 166], [553, 791, 211], [750, 596, 162], [1929, 819, 1407], [495, 491, 1579], [381, 1337, 432], [1069, 2051, 533], [1330, 2058, 630], [1960, 973, 1931], [1118, 113, 1101],
[1226, 318, 25], [1392, 871, 816], [564, 581, 372], [1750, 447, 151], [54, 942, 1667], [1633, 283, 940], [1, 313, 1952], [534, 1643, 1946], [124, 499, 855], [2055, 577, 969],
[1093, 1803, 247], [78, 92, 78], [1918, 1680, 660], [1250, 1366, 1107], [1402, 380, 1009], [1005, 2013, 1293], [905, 2015, 1606], [793, 1509, 145], [676, 1634, 1668]]
[[0, 6, 10, 3], [8, 2, 0, 3], [0, 1, 8, 5], [0, 8, 6, 1], [2, 10, 9, 2], [10, 1, 8, 9], [0, 9, 9, 3], [10, 4, 5, 10], [9, 4, 2, 6], [4, 0, 9, 3],
[10, 4, 8, 10], [1, 2, 0, 3], [1, 7, 3, 9], [9, 0, 7, 7], [7, 5, 10, 7], [10, 4, 4, 8], [7, 5, 1, 9], [5, 8, 1, 3], [1, 10, 2, 2], [10, 1, 3, 0],
[8, 7, 9, 4], [5, 6, 0, 2], [9, 0, 7, 8], [2, 9, 3, 7], [1, 2, 6, 5], [10, 7, 8, 0], [4, 10, 2, 3], [9, 4, 3, 5], [0, 0, 9, 5], [6, 10, 5, 4],
[10, 10, 0, 10], [7, 1, 7, 8], [4, 2, 2, 1], [7, 8, 2, 1], [6, 2, 2, 4], [6, 4, 9, 4], [4, 8, 8, 8], [5, 0, 10, 4], [0, 8, 1, 5], [10, 8, 2, 1],
[10, 3, 2, 5], [0, 2, 6, 4], [5, 6, 9, 9], [10, 7, 3, 1], [2, 9, 9, 7], [9, 7, 9, 7], [4, 0, 1, 1], [8, 2, 2, 6], [3, 3, 0, 1], [5, 4, 6, 8],
[10, 4, 5, 8], [9, 8, 9, 10], [6, 6, 4, 2], [2, 3, 10, 4], [1, 0, 6, 7], [0, 6, 0, 3], [7, 9, 5, 2], [2, 9, 8, 0], [2, 2, 6, 9], [8, 2, 8, 1],
[8, 2, 4, 8], [3, 3, 2, 4], [1, 8, 9, 2], [1, 10, 3, 9], [8, 6, 9, 9], [4, 4, 9, 4], [7, 2, 3, 2], [4, 9, 4, 0], [0, 8, 8, 1]]
[1, 1, 1, 0.5, 0.5, 0.5, 0.5, 0.5, 0.5, 0.25,
0.25, 0.25, 0.25, 0.25, 0.25, 0.125, 0.125, 0.125, 0.125, 0.125,
0.125, 0.0625, 0.0625, 0.0625, 0.0625, 0.0625, 0.0625, 0.03125, 0.03125, 0.03125,
0.03125, 0.03125, 0.03125, 0.015625, 0.015625, 0.015625, 0.015625, 0.015625, 0.015625, 0.0078125,
0.0078125, 0.0078125, 0.0078125, 0.0078125, 0.0078125, 0.00390625, 0.00390625, 0.00390625, 0.00390625, 0.00390625,
0.00390625, 0.00195312, 0.00195312, 0.00195312, 0.00195312, 0.00195312, 0.00195312, 0.000976562, 0.000976562, 0.000976562,
0.000976562, 0.000976562, 0.000976562, 0.000488281, 0.000488281, 0.000488281, 0.000488281, 0.000488281, 0.000488281]
[6, 18, 10, 20, 20, 13, 4, 9, 15, 3,
14, 10, 2, 9, 6, 12, 13, 7, 17, 2,
9, 19, 14, 20, 2, 15, 6, 1, 13, 18,
20, 7, 17, 11, 18, 7, 9, 18, 9, 8,
16, 3, 3, 5, 14, 11, 7, 1, 10, 16,
5, 12, 4, 14, 1, 0, 1, 14, 5, 19,
17, 8, 4, 8, 20, 20, 1, 15, 18]
------------------------------------------------------- 
# stage = 12	# children c = 2	length of each stage p = 3	nodes = 68	# items I = 1
