[15, 98, 95, 69, 25, 15, 77, 79, 79, 67,
96, 86, 57, 17, 9, 10, 65, 68, 84, 84,
67, 90, 53, 64, 84, 64, 3, 85, 86, 79,
23, 0, 76, 17, 69, 68, 99, 12, 46, 43,
45, 7, 28, 1, 92, 3, 79, 22, 37, 62,
5, 4, 17, 59, 34, 1, 89, 37, 86, 40,
82, 76, 40, 24, 59, 75, 58, 24, 53, 3,
67, 98, 77, 62, 66, 68, 65, 44, 56, 2,
5, 62, 73, 90, 87, 6, 91, 41, 9, 42,
81, 57, 17, 87, 81, 43, 61, 38, 67, 81,
7, 33, 78, 85, 95, 9, 18, 26, 53, 41]
[[911, 919, 1292], [1451, 157, 1781], [1069, 301, 1750], [1252, 1586, 1381], [1683, 615, 1486], [1691, 1193, 938], [1288, 63, 1892], [316, 1844, 1174], [1843, 1106, 1041], [650, 952, 1638],
[1005, 1863, 655], [396, 1296, 696], [159, 463, 997], [7, 1600, 565], [1272, 1265, 1064], [856, 939, 240], [1678, 325, 303], [1668, 525, 129], [825, 467, 1236], [1750, 1001, 286],
[1486, 104, 247], [239, 500, 1427], [935, 660, 1890], [1816, 551, 1472], [479, 1708, 836], [1428, 662, 1659], [1668, 323, 1868], [69, 1875, 375], [198, 798, 842], [1318, 647, 1727],
[1488, 231, 1832], [1619, 355, 314], [1144, 1290, 974], [1017, 1089, 1410], [471, 1452, 1216], [1191, 978, 1762], [948, 744, 183], [914, 697, 157], [1290, 780, 839], [114, 80, 1486],
[1842, 1569, 1602], [1772, 1286, 55], [184, 413, 1229], [1043, 1430, 300], [435, 1901, 1753], [1535, 1191, 713], [1395, 121, 1342], [1463, 1036, 21], [1504, 308, 801], [325, 422, 882],
[1812, 246, 433], [1396, 116, 1603], [1335, 185, 114], [662, 1112, 1428], [847, 1431, 1312], [582, 1064, 485], [1295, 441, 606], [619, 1788, 1642], [641, 1390, 48], [1326, 1600, 355],
[190, 1394, 601], [623, 888, 602], [209, 321, 671], [323, 867, 1783], [1636, 1714, 1312], [930, 278, 358], [1415, 1458, 799], [119, 175, 686], [1646, 816, 58], [1578, 241, 1658],
[31, 431, 1150], [517, 939, 20], [1119, 1148, 341], [1790, 1355, 1093], [1555, 973, 789], [849, 1, 1068], [1091, 1416, 624], [1890, 1536, 683], [558, 1164, 1500], [501, 840, 1625],
[141, 756, 38], [1176, 1273, 861], [1196, 374, 107], [1422, 146, 1347], [613, 1585, 418], [1286, 416, 420], [452, 1507, 1836], [960, 1379, 1354], [1644, 36, 500], [1126, 421, 1225],
[733, 562, 79], [771, 1622, 1236], [1517, 917, 1610], [1624, 437, 1640], [953, 934, 1323], [1372, 318, 1739], [1676, 655, 1228], [1610, 1615, 705], [947, 1357, 625], [1447, 581, 1046],
[654, 1198, 1493], [733, 68, 1213], [1853, 1469, 112], [1561, 1191, 549], [1183, 127, 1367], [604, 1499, 1570], [325, 1273, 323], [1553, 865, 36], [357, 1696, 1278], [866, 1126, 1743]]
[[4, 4, 4, 4], [4, 3, 3, 7], [3, 4, 8, 4], [6, 2, 6, 6], [8, 4, 8, 6], [0, 8, 1, 7], [10, 8, 2, 6], [8, 3, 7, 10], [7, 9, 1, 9], [1, 4, 5, 2],
[6, 0, 6, 10], [2, 10, 3, 8], [2, 1, 3, 0], [7, 3, 7, 4], [9, 8, 10, 4], [0, 5, 3, 5], [3, 2, 3, 5], [4, 6, 7, 10], [6, 1, 7, 7], [0, 0, 2, 2],
[10, 4, 3, 6], [7, 8, 10, 5], [3, 7, 9, 3], [1, 10, 6, 3], [1, 9, 6, 5], [2, 0, 2, 7], [1, 7, 3, 0], [5, 3, 2, 4], [7, 3, 8, 3], [10, 7, 6, 2],
[2, 2, 4, 1], [1, 10, 4, 0], [7, 10, 3, 9], [0, 3, 5, 10], [0, 6, 10, 5], [10, 2, 10, 4], [3, 5, 6, 0], [2, 1, 1, 2], [4, 5, 3, 3], [2, 8, 2, 9],
[5, 5, 6, 5], [9, 9, 5, 7], [5, 4, 10, 2], [4, 7, 4, 6], [2, 10, 6, 2], [1, 5, 4, 3], [10, 7, 4, 0], [2, 6, 7, 8], [1, 2, 0, 8], [1, 5, 2, 4],
[8, 1, 4, 10], [9, 8, 5, 0], [8, 10, 2, 7], [4, 4, 10, 2], [0, 3, 2, 1], [8, 7, 9, 9], [10, 9, 4, 9], [2, 4, 0, 10], [5, 2, 9, 3], [10, 2, 1, 5],
[10, 1, 1, 1], [5, 9, 1, 6], [0, 1, 7, 8], [9, 3, 4, 6], [1, 6, 4, 3], [10, 2, 0, 4], [4, 8, 6, 3], [8, 7, 7, 5], [9, 6, 6, 3], [5, 6, 7, 3],
[7, 1, 0, 3], [4, 2, 9, 4], [8, 0, 5, 5], [2, 6, 9, 6], [1, 2, 8, 9], [8, 2, 3, 4], [8, 7, 5, 2], [2, 2, 3, 10], [1, 3, 0, 4], [3, 10, 8, 0],
[10, 2, 5, 0], [6, 2, 6, 7], [2, 1, 3, 10], [3, 6, 3, 1], [1, 9, 1, 3], [9, 3, 0, 10], [6, 1, 3, 8], [9, 9, 6, 8], [1, 10, 8, 5], [1, 2, 2, 3],
[1, 3, 3, 5], [8, 4, 4, 9], [2, 3, 1, 0], [6, 0, 9, 0], [10, 1, 8, 8], [0, 3, 5, 10], [2, 1, 4, 1], [3, 4, 3, 2], [6, 4, 7, 3], [8, 9, 1, 9],
[0, 0, 9, 6], [0, 5, 4, 10], [7, 1, 5, 5], [3, 0, 2, 3], [10, 4, 3, 0], [9, 6, 2, 4], [8, 8, 7, 5], [6, 6, 1, 6], [6, 9, 0, 5], [3, 4, 2, 10]]
[1, 1, 1, 1, 1, 0.333333, 0.333333, 0.333333, 0.333333, 0.333333,
0.333333, 0.333333, 0.333333, 0.333333, 0.333333, 0.333333, 0.333333, 0.333333, 0.333333, 0.333333,
0.111111, 0.111111, 0.111111, 0.111111, 0.111111, 0.111111, 0.111111, 0.111111, 0.111111, 0.111111,
0.111111, 0.111111, 0.111111, 0.111111, 0.111111, 0.037037, 0.037037, 0.037037, 0.037037, 0.037037,
0.037037, 0.037037, 0.037037, 0.037037, 0.037037, 0.037037, 0.037037, 0.037037, 0.037037, 0.037037,
0.0123457, 0.0123457, 0.0123457, 0.0123457, 0.0123457, 0.0123457, 0.0123457, 0.0123457, 0.0123457, 0.0123457,
0.0123457, 0.0123457, 0.0123457, 0.0123457, 0.0123457, 0.00411523, 0.00411523, 0.00411523, 0.00411523, 0.00411523,
0.00411523, 0.00411523, 0.00411523, 0.00411523, 0.00411523, 0.00411523, 0.00411523, 0.00411523, 0.00411523, 0.00411523,
0.00137174, 0.00137174, 0.00137174, 0.00137174, 0.00137174, 0.00137174, 0.00137174, 0.00137174, 0.00137174, 0.00137174,
0.00137174, 0.00137174, 0.00137174, 0.00137174, 0.00137174, 0.000457247, 0.000457247, 0.000457247, 0.000457247, 0.000457247,
0.000457247, 0.000457247, 0.000457247, 0.000457247, 0.000457247, 0.000457247, 0.000457247, 0.000457247, 0.000457247, 0.000457247]
[18, 18, 16, 19, 4, 12, 4, 3, 8, 2,
6, 5, 13, 4, 11, 2, 12, 8, 8, 13,
14, 9, 13, 2, 3, 17, 12, 2, 13, 17,
0, 7, 12, 4, 18, 4, 7, 4, 10, 13,
2, 15, 8, 4, 15, 11, 13, 0, 17, 5,
6, 0, 6, 17, 10, 14, 17, 0, 10, 0,
18, 13, 13, 16, 3, 9, 6, 19, 18, 1,
11, 14, 8, 7, 2, 15, 2, 3, 7, 1,
4, 15, 4, 15, 3, 4, 15, 15, 8, 5,
13, 3, 13, 14, 18, 14, 10, 17, 4, 9,
4, 14, 7, 6, 4, 18, 3, 5, 19, 9]
------------------------------------------------------- 
# stage = 8	# children c = 3	length of each stage p = 5	nodes = 109	# items I = 1
