[73, 2, 92, 38, 87, 82, 96, 9, 3, 56,
65, 26, 33, 15, 32, 35, 34, 22, 19, 74,
86, 77, 41, 9, 70, 17, 34, 38, 95, 51,
0, 33, 20, 92, 71, 73, 73, 66, 82, 42,
88, 12, 34, 21, 27, 66, 22, 62, 89, 7,
35, 74, 85, 42, 83, 20, 60, 83, 59, 20,
100, 59, 53, 19, 16, 23, 59, 55, 55, 40,
97, 43, 19, 98, 30, 46, 63, 18, 74, 51,
26, 75, 24, 77, 17, 73, 97, 43, 21, 21,
63, 21, 46, 15, 6, 62, 4, 65, 83, 59,
72, 46, 1, 91, 43, 98, 2, 5, 16, 77,
23, 42, 51, 13, 18, 34, 53, 81, 77, 74,
2, 5, 61, 48, 20, 68, 77, 91, 32, 59]
[[601, 303, 867], [715, 480, 208], [1040, 304, 463], [725, 970, 89], [216, 1030, 26], [968, 246, 600], [486, 633, 589], [115, 361, 393], [1, 1028, 534], [89, 637, 534],
[314, 173, 838], [116, 280, 253], [782, 255, 1014], [180, 372, 920], [726, 1046, 885], [753, 341, 524], [288, 827, 92], [877, 942, 453], [662, 943, 873], [589, 424, 445],
[58, 738, 10], [288, 854, 290], [542, 571, 1003], [491, 144, 310], [803, 870, 291], [16, 1015, 632], [540, 238, 394], [632, 508, 728], [477, 562, 606], [286, 543, 422],
[123, 1059, 95], [134, 282, 342], [881, 216, 913], [819, 100, 449], [65, 903, 712], [813, 311, 662], [838, 851, 293], [624, 418, 801], [288, 896, 755], [286, 574, 691],
[709, 697, 685], [804, 223, 359], [81, 40, 576], [387, 251, 676], [228, 773, 971], [940, 979, 218], [538, 752, 4], [831, 768, 880], [1024, 1056, 103], [714, 278, 677],
[340, 379, 766], [417, 118, 382], [777, 657, 879], [288, 436, 65], [356, 664, 231], [262, 540, 145], [480, 470, 897], [485, 236, 600], [757, 195, 1049], [860, 301, 719],
[929, 34, 33], [22, 451, 608], [404, 163, 200], [218, 908, 28], [741, 199, 693], [972, 462, 625], [52, 334, 30], [341, 211, 723], [333, 968, 918], [317, 155, 611],
[1036, 19, 645], [4, 499, 32], [613, 903, 652], [205, 514, 496], [234, 647, 87], [319, 554, 1006], [336, 1063, 276], [366, 339, 487], [24, 64, 848], [334, 382, 1003],
[945, 353, 415], [526, 815, 914], [1015, 363, 144], [602, 1025, 50], [490, 651, 697], [578, 362, 643], [976, 698, 33], [187, 456, 829], [67, 480, 894], [307, 206, 211],
[702, 87, 1021], [52, 5, 771], [358, 1020, 526], [503, 1014, 944], [553, 440, 530], [643, 410, 893], [221, 321, 526], [255, 966, 983], [19, 425, 855], [305, 732, 454],
[516, 369, 541], [473, 422, 1003], [636, 172, 350], [555, 675, 299], [434, 621, 739], [964, 656, 541], [792, 269, 863], [711, 524, 156], [21, 1001, 581], [876, 241, 248],
[265, 150, 617], [198, 15, 431], [593, 651, 604], [943, 598, 671], [178, 1032, 684], [309, 932, 275], [851, 51, 545], [649, 154, 461], [805, 175, 854], [321, 444, 488],
[1026, 709, 638], [1035, 300, 653], [402, 893, 696], [398, 772, 230], [461, 950, 654], [81, 651, 978], [813, 437, 1030], [293, 478, 119], [755, 675, 752], [1001, 388, 131]]
[[7, 4, 8, 6], [9, 2, 3, 8], [8, 3, 9, 6], [9, 10, 7, 0], [5, 5, 7, 9], [6, 5, 5, 9], [5, 10, 5, 10], [7, 1, 4, 1], [3, 0, 7, 0], [2, 8, 8, 8],
[0, 4, 1, 7], [1, 9, 7, 4], [1, 2, 3, 7], [7, 8, 4, 1], [5, 9, 9, 1], [8, 1, 2, 10], [1, 8, 10, 1], [5, 5, 10, 4], [7, 0, 0, 8], [7, 8, 0, 9],
[8, 3, 3, 4], [9, 5, 4, 3], [2, 0, 3, 10], [10, 3, 7, 9], [0, 4, 0, 4], [9, 8, 8, 3], [8, 6, 10, 5], [3, 10, 1, 0], [2, 2, 3, 9], [8, 5, 10, 10],
[5, 2, 7, 5], [4, 4, 3, 2], [8, 1, 6, 5], [9, 1, 8, 7], [8, 7, 10, 9], [6, 9, 8, 6], [0, 0, 2, 8], [5, 2, 5, 8], [2, 2, 0, 6], [6, 4, 9, 1],
[3, 2, 6, 2], [4, 4, 7, 1], [9, 4, 8, 3], [2, 5, 9, 2], [5, 1, 9, 8], [3, 3, 4, 3], [5, 4, 8, 9], [6, 4, 0, 10], [6, 6, 10, 8], [8, 6, 7, 5],
[10, 5, 8, 1], [10, 6, 1, 3], [5, 10, 9, 6], [3, 2, 10, 6], [7, 7, 5, 0], [0, 3, 10, 4], [7, 9, 2, 5], [2, 9, 8, 1], [3, 5, 0, 3], [0, 2, 4, 4],
[10, 2, 10, 0], [5, 7, 5, 10], [3, 10, 8, 1], [0, 6, 6, 7], [4, 6, 10, 5], [4, 7, 4, 6], [1, 5, 7, 0], [5, 0, 4, 2], [0, 1, 3, 5], [9, 8, 2, 10],
[5, 0, 10, 5], [6, 3, 10, 8], [9, 10, 2, 0], [6, 7, 4, 6], [10, 0, 6, 4], [9, 8, 4, 10], [9, 7, 2, 5], [2, 5, 3, 5], [3, 2, 8, 9], [5, 8, 4, 1],
[5, 5, 1, 0], [10, 6, 4, 9], [4, 8, 0, 1], [5, 4, 0, 2], [10, 0, 5, 10], [5, 8, 5, 6], [10, 2, 2, 4], [8, 7, 5, 2], [1, 5, 1, 9], [9, 5, 7, 0],
[1, 5, 1, 6], [7, 10, 6, 6], [0, 1, 6, 3], [9, 9, 10, 9], [0, 1, 0, 7], [6, 4, 9, 5], [7, 8, 3, 5], [1, 8, 5, 2], [2, 5, 8, 10], [4, 2, 3, 4],
[3, 7, 8, 10], [5, 7, 6, 4], [6, 5, 0, 2], [9, 7, 7, 5], [5, 0, 8, 6], [8, 2, 8, 0], [7, 3, 8, 10], [5, 0, 3, 6], [8, 0, 6, 0], [5, 1, 4, 1],
[6, 4, 3, 2], [1, 10, 5, 4], [8, 2, 10, 6], [3, 5, 4, 8], [8, 10, 7, 1], [10, 0, 7, 5], [9, 2, 6, 2], [2, 8, 3, 6], [2, 4, 9, 1], [1, 1, 3, 10],
[4, 0, 3, 7], [5, 7, 2, 2], [6, 10, 1, 3], [8, 9, 7, 4], [9, 0, 6, 0], [8, 7, 5, 8], [0, 3, 7, 0], [4, 10, 8, 6], [10, 0, 0, 2], [5, 3, 3, 9]]
[1, 1, 1, 1, 1, 0.2, 0.2, 0.2, 0.2, 0.2,
0.2, 0.2, 0.2, 0.2, 0.2, 0.2, 0.2, 0.2, 0.2, 0.2,
0.2, 0.2, 0.2, 0.2, 0.2, 0.2, 0.2, 0.2, 0.2, 0.2,
0.04, 0.04, 0.04, 0.04, 0.04, 0.04, 0.04, 0.04, 0.04, 0.04,
0.04, 0.04, 0.04, 0.04, 0.04, 0.04, 0.04, 0.04, 0.04, 0.04,
0.04, 0.04, 0.04, 0.04, 0.04, 0.008, 0.008, 0.008, 0.008, 0.008,
0.008, 0.008, 0.008, 0.008, 0.008, 0.008, 0.008, 0.008, 0.008, 0.008,
0.008, 0.008, 0.008, 0.008, 0.008, 0.008, 0.008, 0.008, 0.008, 0.008,
0.0016, 0.0016, 0.0016, 0.0016, 0.0016, 0.0016, 0.0016, 0.0016, 0.0016, 0.0016,
0.0016, 0.0016, 0.0016, 0.0016, 0.0016, 0.0016, 0.0016, 0.0016, 0.0016, 0.0016,
0.0016, 0.0016, 0.0016, 0.0016, 0.0016, 0.00032, 0.00032, 0.00032, 0.00032, 0.00032,
0.00032, 0.00032, 0.00032, 0.00032, 0.00032, 0.00032, 0.00032, 0.00032, 0.00032, 0.00032,
0.00032, 0.00032, 0.00032, 0.00032, 0.00032, 0.00032, 0.00032, 0.00032, 0.00032, 0.00032]
[0, 9, 6, 1, 7, 8, 8, 1, 4, 8,
2, 10, 8, 0, 8, 7, 6, 5, 5, 4,
3, 0, 10, 4, 2, 9, 5, 6, 10, 7,
10, 4, 5, 5, 2, 8, 9, 1, 0, 10,
0, 6, 4, 7, 6, 0, 2, 9, 0, 4,
2, 3, 10, 6, 4, 8, 1, 9, 1, 9,
6, 9, 10, 1, 0, 9, 5, 0, 0, 0,
0, 6, 8, 7, 7, 1, 10, 6, 8, 5,
0, 9, 0, 6, 1, 2, 10, 3, 10, 1,
0, 4, 3, 5, 3, 6, 0, 5, 10, 6,
2, 2, 3, 7, 2, 4, 10, 10, 6, 0,
3, 0, 9, 9, 4, 6, 2, 7, 9, 4,
8, 0, 6, 9, 2, 8, 3, 3, 2, 5]
------------------------------------------------------- 
# stage = 6	# children c = 5	length of each stage p = 5	nodes = 129	# items I = 1
