[34, 64, 49, 55, 2, 95, 34, 90, 73, 100,
54, 79, 24, 35, 54, 20, 100, 35, 28, 77,
79, 15, 75]
[[70, 31, 881], [169, 503, 494], [89, 163, 54], [422, 774, 261], [198, 728, 735], [245, 642, 122], [521, 195, 608], [385, 251, 147], [400, 278, 336], [581, 677, 670],
[859, 747, 701], [844, 20, 180], [315, 109, 343], [241, 403, 94], [374, 601, 822], [85, 719, 440], [208, 216, 507], [816, 601, 758], [835, 105, 140], [148, 558, 818],
[818, 394, 541], [624, 214, 434], [804, 529, 415]]
[[7, 5, 9, 1], [5, 6, 9, 10], [4, 10, 2, 3], [4, 9, 1, 3], [5, 0, 3, 3], [1, 8, 5, 9], [2, 1, 9, 7], [9, 0, 2, 5], [6, 9, 5, 0], [3, 1, 8, 5],
[0, 10, 8, 4], [6, 7, 5, 9], [7, 6, 1, 6], [2, 6, 4, 4], [6, 3, 9, 4], [3, 0, 8, 7], [10, 0, 7, 2], [1, 5, 7, 10], [2, 2, 2, 7], [7, 5, 5, 2],
[1, 5, 8, 3], [9, 2, 5, 4], [3, 3, 7, 6]]
[1, 0.5, 0.5, 0.25, 0.25, 0.125, 0.125, 0.0625, 0.0625, 0.03125,
0.03125, 0.015625, 0.015625, 0.0078125, 0.0078125, 0.00390625, 0.00390625, 0.00195312, 0.00195312, 0.000976562,
0.000976562, 0.000488281, 0.000488281]
[5, 6, 8, 5, 1, 0, 17, 3, 5, 15,
3, 5, 9, 11, 11, 6, 15, 14, 6, 9,
0, 2, 9]
------------------------------------------------------- 
# stage = 12	# children c = 2	length of each stage p = 1	nodes = 22	# items I = 1
