[8, 16, 17, 83, 24, 28, 89, 76, 4, 55,
21, 73, 40, 35, 17, 68, 19, 44, 84, 99,
54, 34, 97]
[[432, 511, 72], [806, 240, 537], [314, 132, 617], [857, 240, 721], [338, 721, 668], [209, 233, 877], [336, 599, 176], [638, 609, 306], [12, 653, 15], [65, 564, 819],
[590, 75, 409], [690, 909, 677], [306, 330, 809], [29, 293, 155], [750, 631, 905], [525, 841, 216], [480, 255, 844], [684, 921, 559], [69, 39, 290], [112, 133, 882],
[10, 723, 63], [419, 491, 51], [202, 825, 381]]
[[8, 6, 8, 9], [0, 0, 9, 4], [0, 7, 7, 8], [3, 7, 9, 6], [4, 6, 6, 7], [6, 1, 1, 6], [4, 1, 7, 7], [3, 4, 7, 0], [9, 3, 9, 7], [1, 5, 0, 1],
[1, 8, 10, 2], [2, 8, 8, 7], [2, 2, 1, 6], [3, 3, 1, 5], [2, 8, 1, 6], [0, 7, 6, 9], [10, 3, 5, 0], [8, 3, 10, 10], [9, 7, 1, 1], [5, 8, 8, 5],
[10, 7, 0, 2], [8, 0, 6, 0], [8, 7, 6, 6]]
[1, 0.5, 0.5, 0.25, 0.25, 0.125, 0.125, 0.0625, 0.0625, 0.03125,
0.03125, 0.015625, 0.015625, 0.0078125, 0.0078125, 0.00390625, 0.00390625, 0.00195312, 0.00195312, 0.000976562,
0.000976562, 0.000488281, 0.000488281]
[8, 7, 9, 2, 5, 2, 9, 4, 9, 0,
8, 7, 3, 3, 0, 8, 0, 1, 4, 4,
0, 2, 1]
------------------------------------------------------- 
# stage = 12	# children c = 2	length of each stage p = 1	nodes = 22	# items I = 1
