[59, 81, 44, 50, 100, 2, 33, 31, 54, 77,
67, 70, 73, 2, 12, 43, 75, 73, 4, 22,
68, 98, 9, 94, 72, 83, 5, 78, 47, 9,
16, 5, 57, 60, 21, 56, 28, 54, 53, 48,
97, 19, 17, 36, 21, 30, 79, 63, 69, 49,
51, 36]
[[405, 760, 929], [1897, 1360, 1025], [1234, 643, 280], [426, 1060, 1115], [583, 1150, 392], [1870, 1642, 844], [129, 1856, 1775], [563, 1030, 1598], [1276, 1405, 1886], [1304, 1667, 1960],
[274, 1308, 627], [438, 1112, 1222], [699, 254, 1865], [214, 680, 833], [1329, 498, 1983], [1722, 1603, 767], [473, 1733, 530], [1484, 1531, 796], [989, 715, 108], [17, 2019, 1010],
[1977, 1528, 225], [512, 1201, 1338], [1734, 1900, 827], [742, 21, 1507], [1575, 586, 1241], [700, 1543, 751], [702, 1251, 1719], [467, 642, 1158], [498, 1632, 1108], [606, 884, 269],
[852, 769, 1797], [1077, 516, 905], [1650, 1485, 2041], [1712, 134, 1297], [1127, 944, 1883], [275, 879, 568], [261, 1581, 1820], [1981, 1284, 369], [281, 1782, 1236], [1389, 1624, 28],
[1658, 383, 32], [597, 695, 548], [1502, 1581, 2033], [685, 1200, 1403], [1983, 234, 254], [1008, 1837, 1134], [1577, 1334, 1950], [539, 1222, 376], [908, 1503, 66], [1380, 799, 1690],
[643, 1692, 1308], [675, 196, 2003]]
[[4, 1, 2, 5], [10, 8, 4, 5], [2, 6, 7, 6], [3, 10, 5, 9], [7, 8, 4, 0], [6, 2, 8, 1], [4, 3, 0, 8], [6, 6, 6, 10], [5, 6, 4, 3], [1, 6, 8, 3],
[10, 3, 7, 0], [2, 0, 7, 7], [8, 1, 7, 1], [1, 4, 2, 5], [5, 0, 2, 0], [4, 6, 9, 10], [10, 0, 2, 0], [7, 8, 2, 4], [9, 7, 5, 9], [7, 1, 6, 2],
[2, 2, 4, 1], [5, 4, 6, 10], [5, 6, 9, 9], [10, 7, 6, 7], [7, 8, 8, 1], [4, 8, 4, 2], [4, 9, 1, 10], [8, 5, 1, 0], [5, 5, 10, 10], [8, 6, 8, 2],
[10, 6, 9, 8], [0, 5, 4, 5], [2, 10, 7, 4], [7, 0, 7, 10], [7, 6, 7, 4], [9, 8, 2, 3], [1, 2, 3, 9], [6, 0, 9, 3], [4, 7, 0, 4], [1, 3, 9, 2],
[2, 3, 6, 8], [1, 0, 7, 6], [4, 3, 0, 2], [9, 0, 6, 8], [0, 7, 6, 6], [5, 2, 8, 7], [10, 6, 0, 9], [9, 7, 0, 1], [9, 5, 9, 8], [3, 3, 4, 8],
[4, 2, 8, 2], [0, 1, 0, 1]]
[1, 1, 0.2, 0.2, 0.2, 0.2, 0.2, 0.2, 0.2, 0.2,
0.2, 0.2, 0.04, 0.04, 0.04, 0.04, 0.04, 0.04, 0.04, 0.04,
0.04, 0.04, 0.008, 0.008, 0.008, 0.008, 0.008, 0.008, 0.008, 0.008,
0.008, 0.008, 0.0016, 0.0016, 0.0016, 0.0016, 0.0016, 0.0016, 0.0016, 0.0016,
0.0016, 0.0016, 0.00032, 0.00032, 0.00032, 0.00032, 0.00032, 0.00032, 0.00032, 0.00032,
0.00032, 0.00032]
[16, 20, 16, 2, 3, 19, 9, 5, 6, 4,
5, 15, 18, 5, 13, 15, 17, 15, 15, 20,
16, 5, 20, 10, 19, 17, 5, 14, 17, 10,
13, 14, 16, 17, 1, 7, 12, 19, 19, 13,
1, 17, 19, 2, 7, 0, 16, 6, 18, 20,
16, 13]
------------------------------------------------------- 
# stage = 6	# children c = 5	length of each stage p = 2	nodes = 51	# items I = 1
