[31, 71, 80, 32, 48, 59, 93, 15, 51, 91,
60, 65, 54, 78, 11, 48, 50, 34, 53, 74,
36, 45, 23, 95, 26, 34, 99, 45, 14, 44,
48, 45, 81, 95, 44, 28, 53, 2, 10, 70,
94, 70, 34, 13, 47, 11, 61, 98, 46, 13,
71, 82]
[[744, 447, 409], [725, 896, 533], [459, 383, 976], [723, 713, 748], [677, 533, 252], [20, 445, 652], [684, 874, 500], [8, 268, 309], [68, 793, 11], [107, 953, 504],
[961, 703, 949], [378, 435, 850], [911, 894, 241], [893, 622, 952], [646, 307, 493], [898, 325, 936], [557, 16, 817], [63, 24, 91], [372, 91, 884], [382, 198, 843],
[884, 167, 553], [840, 543, 986], [695, 459, 885], [934, 357, 514], [894, 9, 819], [392, 905, 149], [335, 470, 166], [157, 531, 188], [248, 901, 279], [140, 290, 476],
[981, 181, 641], [541, 26, 189], [534, 720, 646], [426, 661, 11], [938, 562, 18], [763, 952, 923], [912, 292, 398], [83, 450, 929], [272, 698, 838], [551, 836, 133],
[32, 824, 313], [673, 370, 337], [862, 904, 64], [514, 335, 726], [525, 279, 293], [543, 49, 253], [471, 959, 545], [870, 50, 2], [806, 322, 699], [649, 871, 540],
[781, 904, 372], [101, 582, 742]]
[[3, 2, 3, 3], [7, 2, 1, 2], [7, 9, 10, 0], [0, 10, 4, 3], [10, 5, 2, 9], [0, 10, 8, 0], [4, 0, 6, 0], [10, 7, 2, 0], [7, 3, 4, 4], [6, 3, 4, 0],
[1, 1, 0, 1], [0, 2, 4, 9], [7, 7, 7, 8], [6, 2, 8, 8], [1, 1, 9, 9], [6, 9, 9, 0], [2, 0, 4, 8], [4, 7, 8, 5], [8, 6, 5, 7], [9, 9, 3, 5],
[5, 8, 0, 9], [0, 6, 7, 1], [5, 3, 10, 9], [1, 6, 10, 1], [7, 3, 9, 9], [8, 4, 1, 6], [0, 6, 0, 7], [5, 3, 1, 8], [0, 0, 7, 0], [4, 1, 10, 10],
[2, 7, 8, 3], [3, 7, 5, 8], [9, 1, 6, 6], [6, 5, 10, 4], [1, 10, 0, 6], [0, 10, 1, 1], [10, 8, 10, 4], [7, 10, 1, 9], [6, 9, 0, 7], [6, 3, 4, 2],
[2, 8, 6, 8], [3, 6, 1, 2], [3, 10, 8, 4], [10, 9, 3, 7], [5, 2, 0, 10], [10, 1, 7, 4], [9, 7, 0, 2], [8, 3, 4, 10], [9, 10, 8, 1], [3, 7, 3, 7],
[7, 9, 9, 4], [6, 1, 0, 9]]
[1, 1, 0.2, 0.2, 0.2, 0.2, 0.2, 0.2, 0.2, 0.2,
0.2, 0.2, 0.04, 0.04, 0.04, 0.04, 0.04, 0.04, 0.04, 0.04,
0.04, 0.04, 0.008, 0.008, 0.008, 0.008, 0.008, 0.008, 0.008, 0.008,
0.008, 0.008, 0.0016, 0.0016, 0.0016, 0.0016, 0.0016, 0.0016, 0.0016, 0.0016,
0.0016, 0.0016, 0.00032, 0.00032, 0.00032, 0.00032, 0.00032, 0.00032, 0.00032, 0.00032,
0.00032, 0.00032]
[1, 9, 6, 5, 16, 11, 13, 11, 17, 17,
19, 9, 16, 15, 2, 13, 9, 5, 12, 14,
2, 14, 6, 7, 10, 11, 4, 4, 0, 16,
11, 9, 7, 13, 8, 12, 5, 9, 15, 6,
4, 19, 10, 14, 14, 8, 4, 3, 3, 15,
3, 5]
------------------------------------------------------- 
# stage = 6	# children c = 5	length of each stage p = 2	nodes = 51	# items I = 1
