[71, 55, 85, 71, 50, 10, 91, 3, 59, 21,
96, 45, 70, 80, 57, 71, 19, 67, 2, 53]
[[587, 795, 909], [47, 1579, 142], [1094, 329, 1003], [420, 2078, 2089], [1207, 1594, 675], [192, 589, 287], [1444, 1028, 579], [1234, 2098, 2056], [194, 781, 1747], [1094, 1588, 1394],
[363, 34, 48], [572, 1522, 928], [15, 1916, 1257], [1018, 196, 494], [267, 703, 1388], [942, 895, 1978], [1229, 1640, 165], [1108, 733, 122], [1024, 227, 903], [2071, 1321, 350]]
[[5, 2, 10, 2], [3, 4, 7, 0], [5, 9, 7, 4], [7, 2, 2, 5], [9, 1, 2, 5], [8, 7, 1, 3], [7, 5, 8, 0], [8, 9, 9, 0], [0, 6, 2, 2], [0, 7, 2, 3],
[5, 7, 7, 10], [7, 7, 3, 3], [9, 5, 8, 6], [10, 9, 8, 5], [1, 5, 5, 10], [1, 2, 8, 10], [8, 9, 1, 6], [5, 1, 10, 9], [6, 6, 6, 2], [3, 9, 5, 10]]
[1, 1, 0.333333, 0.333333, 0.333333, 0.333333, 0.333333, 0.333333, 0.111111, 0.111111,
0.111111, 0.111111, 0.111111, 0.111111, 0.037037, 0.037037, 0.037037, 0.037037, 0.037037, 0.037037]
[4, 1, 8, 0, 9, 2, 9, 10, 5, 9,
6, 4, 5, 10, 7, 5, 5, 0, 4, 10]
------------------------------------------------------- 
# stage = 4	# children c = 3	length of each stage p = 2	nodes = 19	# items I = 1
