[100, 84, 88, 91, 77, 31, 29, 44, 100, 23,
20, 80, 17, 92, 26, 71, 13, 17, 98, 92,
20, 71, 85, 67, 41, 100, 19, 100, 27, 91,
72, 93, 74, 60, 84, 16, 57, 79, 27, 56,
1, 13, 35, 86, 5, 28, 56, 18, 11, 19,
76, 31, 91, 60, 98, 98, 25, 83, 97, 52,
74, 69, 11, 13, 95, 61, 30, 51, 39, 57,
74, 7, 36, 8, 93, 41, 2, 14, 26, 13]
[[1335, 1008, 1039], [1696, 1190, 976], [1374, 132, 879], [122, 778, 864], [1916, 682, 348], [1400, 725, 1200], [603, 1923, 776], [1865, 1491, 337], [265, 1142, 755], [367, 1566, 922],
[1646, 975, 579], [1333, 1319, 1769], [384, 768, 549], [1263, 1464, 1327], [775, 1455, 657], [1124, 1503, 30], [972, 180, 27], [1748, 694, 167], [160, 1533, 1309], [1489, 1901, 949],
[1059, 269, 572], [1638, 1602, 1892], [129, 634, 1308], [1252, 1897, 1420], [1228, 747, 949], [1885, 519, 527], [1916, 1491, 1281], [591, 1888, 623], [758, 122, 805], [142, 259, 780],
[1665, 1318, 1623], [886, 1031, 1299], [852, 1734, 8], [808, 1061, 553], [302, 363, 1874], [1826, 896, 1041], [1001, 1460, 1181], [930, 126, 1143], [1554, 1458, 1839], [1007, 248, 172],
[1787, 1914, 1490], [1484, 1448, 595], [1431, 374, 404], [87, 1756, 113], [1215, 706, 476], [1737, 606, 1372], [853, 255, 907], [108, 1186, 1607], [1825, 1388, 1713], [1738, 469, 36],
[1910, 904, 598], [1474, 1036, 120], [718, 1115, 1068], [1696, 1203, 1472], [1809, 1066, 252], [359, 877, 1433], [379, 378, 1688], [1860, 1060, 1522], [189, 959, 984], [1903, 771, 101],
[13, 755, 1005], [1185, 878, 689], [1305, 1596, 1805], [1021, 1366, 1656], [567, 1823, 796], [1393, 256, 321], [900, 1209, 700], [1237, 1718, 1760], [833, 1907, 1368], [466, 532, 213],
[1141, 1119, 1543], [795, 378, 495], [1484, 331, 165], [1363, 1352, 179], [1667, 567, 76], [1111, 35, 906], [1433, 935, 763], [781, 820, 555], [1189, 302, 1111], [631, 768, 1643]]
[[8, 5, 10, 9], [10, 10, 9, 1], [2, 8, 3, 4], [1, 8, 2, 3], [3, 0, 2, 3], [3, 9, 1, 4], [1, 4, 4, 0], [4, 6, 6, 0], [0, 3, 9, 8], [2, 6, 8, 3],
[3, 9, 7, 2], [6, 7, 3, 7], [5, 5, 8, 6], [2, 8, 0, 1], [1, 2, 1, 4], [8, 7, 4, 6], [0, 0, 4, 0], [6, 10, 3, 7], [8, 9, 9, 1], [3, 10, 6, 9],
[3, 1, 4, 5], [9, 2, 4, 9], [2, 5, 2, 8], [0, 4, 4, 9], [4, 6, 7, 0], [3, 0, 7, 0], [7, 4, 10, 10], [1, 3, 6, 4], [4, 9, 7, 1], [9, 0, 10, 1],
[4, 10, 9, 2], [3, 0, 0, 5], [4, 7, 5, 7], [5, 0, 7, 1], [2, 4, 10, 3], [7, 3, 6, 10], [10, 2, 9, 9], [1, 8, 8, 5], [5, 6, 7, 6], [5, 5, 0, 9],
[10, 4, 6, 5], [2, 0, 4, 2], [3, 1, 3, 10], [5, 9, 7, 4], [1, 5, 0, 2], [0, 8, 5, 3], [4, 10, 9, 7], [4, 8, 5, 3], [1, 9, 6, 1], [10, 9, 3, 2],
[10, 6, 10, 2], [5, 5, 5, 4], [8, 5, 4, 7], [3, 7, 10, 5], [6, 7, 1, 10], [4, 4, 0, 3], [3, 5, 4, 0], [1, 5, 0, 9], [0, 8, 1, 3], [2, 4, 7, 9],
[9, 9, 5, 1], [5, 2, 4, 0], [9, 3, 8, 0], [8, 7, 1, 9], [10, 3, 7, 0], [8, 7, 9, 7], [4, 8, 10, 5], [1, 5, 3, 9], [3, 8, 8, 7], [10, 2, 5, 7],
[5, 3, 5, 0], [8, 7, 7, 7], [10, 3, 5, 6], [10, 3, 2, 2], [10, 1, 7, 9], [4, 10, 7, 6], [5, 5, 2, 2], [5, 7, 7, 8], [8, 2, 7, 5], [7, 3, 10, 4]]
[1, 1, 1, 1, 1, 0.333333, 0.333333, 0.333333, 0.333333, 0.333333,
0.333333, 0.333333, 0.333333, 0.333333, 0.333333, 0.333333, 0.333333, 0.333333, 0.333333, 0.333333,
0.111111, 0.111111, 0.111111, 0.111111, 0.111111, 0.111111, 0.111111, 0.111111, 0.111111, 0.111111,
0.111111, 0.111111, 0.111111, 0.111111, 0.111111, 0.037037, 0.037037, 0.037037, 0.037037, 0.037037,
0.037037, 0.037037, 0.037037, 0.037037, 0.037037, 0.037037, 0.037037, 0.037037, 0.037037, 0.037037,
0.0123457, 0.0123457, 0.0123457, 0.0123457, 0.0123457, 0.0123457, 0.0123457, 0.0123457, 0.0123457, 0.0123457,
0.0123457, 0.0123457, 0.0123457, 0.0123457, 0.0123457, 0.00411523, 0.00411523, 0.00411523, 0.00411523, 0.00411523,
0.00411523, 0.00411523, 0.00411523, 0.00411523, 0.00411523, 0.00411523, 0.00411523, 0.00411523, 0.00411523, 0.00411523]
[15, 2, 5, 7, 8, 7, 16, 7, 12, 6,
6, 14, 17, 19, 18, 11, 11, 8, 14, 16,
3, 1, 10, 7, 9, 14, 11, 10, 18, 16,
11, 13, 13, 12, 0, 2, 11, 15, 4, 8,
0, 14, 2, 3, 5, 0, 7, 11, 7, 1,
11, 4, 19, 9, 14, 14, 0, 9, 4, 7,
11, 9, 13, 4, 16, 13, 12, 15, 0, 12,
13, 0, 6, 12, 13, 11, 6, 8, 13, 17]
------------------------------------------------------- 
# stage = 6	# children c = 3	length of each stage p = 5	nodes = 79	# items I = 1
