[1, 92, 79, 43, 45, 65, 90, 98, 1, 15,
7, 11, 97, 24, 28, 10, 35, 3, 67, 83,
68, 99, 13, 89, 57, 100, 84, 30, 79, 80,
24, 46, 71, 69, 89, 82, 100, 45, 80, 67,
26, 87, 79, 22, 77, 73]
[[345, 920, 171], [1322, 708, 1497], [881, 1209, 38], [821, 1069, 1278], [615, 151, 1264], [766, 1640, 1459], [1873, 1709, 1144], [708, 1041, 729], [1870, 1263, 641], [84, 898, 146],
[782, 1243, 623], [510, 122, 1331], [1565, 1003, 97], [1603, 1382, 1166], [437, 1997, 874], [1701, 319, 513], [1159, 1749, 1779], [1860, 456, 819], [146, 1883, 81], [787, 1525, 979],
[490, 1864, 1780], [670, 1931, 1902], [1559, 1495, 461], [1656, 1097, 1843], [378, 1091, 1396], [810, 791, 1272], [880, 1507, 1021], [659, 1367, 1034], [1478, 1070, 474], [1560, 1857, 1999],
[95, 1904, 1862], [1875, 130, 1349], [1776, 1689, 844], [1795, 901, 1498], [1637, 837, 589], [590, 1647, 1380], [1862, 526, 887], [439, 1185, 1811], [1031, 663, 880], [1505, 1780, 293],
[1060, 1875, 1754], [478, 1750, 1441], [1827, 1082, 1130], [670, 876, 1588], [168, 70, 424], [757, 660, 70]]
[[9, 0, 0, 4], [2, 6, 6, 1], [1, 0, 9, 8], [7, 8, 4, 2], [2, 8, 5, 10], [5, 5, 5, 2], [6, 2, 10, 10], [6, 7, 8, 3], [6, 8, 7, 6], [3, 1, 7, 2],
[1, 3, 0, 6], [0, 2, 8, 0], [8, 2, 8, 3], [5, 2, 5, 0], [4, 5, 9, 0], [10, 4, 3, 5], [1, 10, 0, 2], [9, 5, 4, 10], [8, 2, 3, 6], [5, 0, 7, 2],
[0, 4, 5, 3], [7, 9, 4, 0], [1, 0, 9, 0], [4, 1, 4, 3], [10, 4, 5, 8], [8, 7, 6, 5], [10, 9, 1, 2], [8, 6, 4, 6], [8, 8, 10, 4], [6, 1, 3, 5],
[10, 1, 5, 3], [1, 9, 4, 0], [1, 9, 6, 9], [3, 10, 1, 2], [7, 2, 4, 2], [6, 7, 8, 4], [2, 5, 8, 6], [4, 9, 0, 3], [9, 5, 4, 10], [2, 8, 8, 1],
[4, 1, 8, 8], [1, 9, 10, 8], [10, 2, 10, 5], [7, 5, 9, 9], [0, 5, 2, 4], [3, 2, 6, 10]]
[1, 1, 0.5, 0.5, 0.5, 0.5, 0.25, 0.25, 0.25, 0.25,
0.125, 0.125, 0.125, 0.125, 0.0625, 0.0625, 0.0625, 0.0625, 0.03125, 0.03125,
0.03125, 0.03125, 0.015625, 0.015625, 0.015625, 0.015625, 0.0078125, 0.0078125, 0.0078125, 0.0078125,
0.00390625, 0.00390625, 0.00390625, 0.00390625, 0.00195312, 0.00195312, 0.00195312, 0.00195312, 0.000976562, 0.000976562,
0.000976562, 0.000976562, 0.000488281, 0.000488281, 0.000488281, 0.000488281]
[4, 7, 8, 1, 4, 6, 1, 6, 1, 5,
6, 4, 4, 0, 6, 7, 6, 5, 9, 9,
5, 2, 0, 2, 7, 3, 4, 7, 10, 5,
3, 3, 1, 0, 9, 3, 2, 8, 10, 1,
3, 4, 6, 2, 6, 9]
------------------------------------------------------- 
# stage = 12	# children c = 2	length of each stage p = 2	nodes = 45	# items I = 1
