[19, 47, 62, 78, 15, 51, 93, 55, 21, 37,
22, 24, 98, 41, 56, 17, 58, 22, 91, 87,
54, 7, 94, 52, 41, 74, 9, 87, 70, 5,
16, 55, 52, 78, 99, 33, 95, 91, 54, 16,
27, 77, 6, 91, 84, 28, 8, 42, 51, 65,
95, 71, 72, 88, 22, 80, 61, 32, 32, 97,
3, 48, 17, 21, 92, 15, 20, 87, 6, 75,
69, 100, 17, 41, 91, 0, 69, 65, 8, 19,
29, 3, 90, 1, 91, 79, 81, 18, 77, 79,
14, 80, 26, 32, 67, 17, 13, 87, 70, 19,
61, 4, 86, 44, 45, 42, 45, 81, 6, 53,
66, 35, 56, 56, 2, 13, 0, 49, 31, 77,
27, 45, 22, 19, 43, 89, 3, 57, 41, 73]
[[288, 1195, 126], [1797, 53, 743], [374, 131, 666], [1226, 1729, 519], [210, 1165, 1136], [1562, 1186, 413], [772, 1620, 879], [598, 201, 69], [281, 1072, 675], [813, 1284, 1338],
[845, 1573, 626], [1852, 434, 1559], [687, 808, 1690], [326, 1006, 484], [1725, 188, 621], [1833, 1751, 1807], [339, 1495, 492], [1218, 1065, 693], [260, 1346, 1765], [935, 1131, 113],
[366, 949, 658], [1872, 893, 64], [1523, 552, 1752], [278, 1758, 851], [762, 548, 11], [1383, 473, 734], [255, 1692, 321], [747, 1883, 359], [412, 235, 677], [269, 1170, 1809],
[1262, 508, 850], [13, 1352, 715], [77, 968, 1267], [1830, 1246, 90], [1653, 980, 638], [1664, 1335, 83], [491, 1590, 1776], [1692, 1309, 1751], [1023, 1721, 78], [1701, 962, 220],
[574, 317, 1609], [396, 1210, 1053], [1111, 1287, 113], [1350, 181, 331], [412, 806, 283], [1050, 563, 1619], [1134, 26, 273], [1882, 690, 1583], [1725, 686, 368], [775, 479, 1331],
[1875, 25, 1648], [1576, 421, 950], [722, 504, 1209], [1715, 826, 363], [139, 211, 1169], [1302, 1261, 704], [1013, 1367, 1610], [1287, 313, 1273], [1842, 130, 51], [302, 1785, 530],
[1633, 1753, 1435], [345, 1421, 828], [267, 235, 1332], [449, 923, 1130], [812, 34, 1341], [953, 1336, 1575], [1658, 1322, 6], [332, 701, 320], [1605, 1515, 1330], [1656, 789, 1208],
[1158, 1395, 25], [685, 1740, 1446], [1513, 980, 654], [1817, 1429, 1577], [12, 1213, 1611], [325, 258, 1039], [872, 888, 453], [879, 193, 126], [171, 1798, 613], [1501, 519, 1403],
[1681, 1677, 890], [1706, 1335, 1602], [217, 1820, 1554], [871, 702, 1075], [1420, 714, 1260], [1123, 11, 491], [1134, 884, 1379], [560, 1763, 1572], [1566, 906, 435], [272, 499, 954],
[647, 1153, 1603], [509, 1831, 1030], [203, 140, 943], [1758, 1891, 1645], [1805, 1403, 1331], [1158, 1498, 1342], [1649, 725, 318], [92, 257, 1053], [637, 1823, 51], [44, 1067, 1431],
[998, 1714, 1556], [693, 315, 1479], [696, 1399, 592], [1639, 221, 575], [348, 118, 951], [651, 248, 541], [965, 869, 238], [256, 962, 495], [1309, 571, 1291], [333, 615, 1330],
[1764, 585, 1137], [1412, 1278, 424], [1863, 946, 1823], [547, 677, 136], [95, 1905, 1135], [1046, 1528, 1383], [559, 586, 345], [798, 842, 279], [265, 1123, 1730], [528, 1456, 1317],
[1859, 284, 1902], [1088, 668, 244], [484, 624, 1191], [1280, 143, 840], [388, 238, 1718], [1523, 256, 1338], [1879, 816, 896], [1196, 1614, 1738], [447, 851, 1834], [1149, 1380, 1382]]
[[4, 4, 10, 9], [1, 2, 10, 3], [5, 1, 5, 6], [6, 2, 5, 1], [7, 6, 6, 10], [8, 6, 2, 1], [6, 1, 7, 2], [10, 7, 6, 2], [9, 3, 0, 0], [6, 9, 1, 9],
[10, 6, 2, 5], [7, 5, 5, 1], [0, 0, 1, 8], [4, 3, 7, 10], [2, 3, 10, 2], [0, 4, 4, 9], [7, 2, 9, 2], [9, 0, 10, 9], [4, 1, 1, 0], [7, 6, 2, 5],
[4, 1, 3, 9], [2, 10, 6, 4], [1, 4, 4, 1], [8, 6, 8, 2], [9, 7, 5, 7], [5, 2, 3, 7], [3, 5, 6, 8], [9, 6, 3, 3], [7, 4, 10, 9], [1, 3, 2, 2],
[7, 5, 1, 2], [0, 10, 5, 7], [6, 8, 4, 9], [10, 5, 3, 0], [10, 9, 7, 9], [2, 8, 10, 9], [1, 9, 5, 0], [1, 6, 3, 7], [0, 4, 7, 0], [1, 1, 8, 5],
[7, 10, 3, 6], [4, 5, 5, 2], [3, 1, 9, 4], [9, 8, 0, 8], [4, 6, 8, 3], [1, 9, 10, 10], [1, 7, 8, 2], [6, 3, 8, 3], [2, 9, 7, 5], [3, 1, 7, 5],
[2, 3, 9, 9], [0, 9, 6, 4], [2, 2, 7, 3], [0, 5, 0, 10], [1, 9, 2, 5], [1, 10, 8, 2], [6, 3, 7, 10], [4, 1, 2, 5], [4, 0, 3, 2], [7, 8, 6, 10],
[10, 0, 0, 8], [5, 1, 8, 4], [8, 8, 10, 9], [5, 5, 0, 0], [8, 5, 8, 2], [4, 10, 5, 6], [8, 8, 8, 5], [3, 3, 2, 0], [4, 2, 7, 7], [3, 4, 1, 0],
[1, 0, 8, 6], [5, 6, 4, 3], [1, 2, 3, 3], [10, 8, 10, 8], [3, 7, 0, 5], [9, 2, 5, 0], [4, 1, 7, 6], [3, 8, 4, 2], [6, 1, 6, 1], [6, 0, 2, 5],
[2, 3, 8, 1], [9, 7, 7, 1], [2, 7, 6, 9], [9, 10, 9, 3], [9, 3, 7, 2], [1, 0, 4, 5], [0, 0, 6, 6], [0, 6, 0, 0], [9, 8, 10, 5], [3, 5, 7, 3],
[1, 0, 1, 0], [8, 8, 1, 7], [0, 8, 9, 10], [6, 0, 5, 6], [9, 9, 10, 7], [5, 10, 7, 1], [6, 5, 7, 7], [10, 1, 10, 9], [10, 9, 7, 8], [6, 6, 2, 6],
[1, 9, 4, 8], [9, 7, 1, 6], [5, 1, 2, 8], [9, 10, 8, 4], [2, 2, 0, 10], [3, 8, 6, 0], [6, 3, 6, 1], [9, 8, 6, 0], [4, 8, 6, 1], [4, 7, 7, 9],
[8, 9, 7, 7], [6, 2, 9, 8], [4, 8, 5, 5], [5, 1, 5, 10], [4, 10, 0, 0], [5, 4, 9, 10], [1, 4, 0, 5], [1, 7, 2, 7], [5, 9, 1, 10], [0, 9, 7, 2],
[6, 0, 7, 9], [1, 10, 8, 3], [9, 7, 1, 4], [0, 0, 3, 0], [4, 1, 5, 3], [8, 7, 9, 0], [3, 10, 10, 1], [8, 5, 3, 1], [3, 10, 0, 2], [10, 8, 5, 6]]
[1, 1, 1, 1, 1, 0.2, 0.2, 0.2, 0.2, 0.2,
0.2, 0.2, 0.2, 0.2, 0.2, 0.2, 0.2, 0.2, 0.2, 0.2,
0.2, 0.2, 0.2, 0.2, 0.2, 0.2, 0.2, 0.2, 0.2, 0.2,
0.04, 0.04, 0.04, 0.04, 0.04, 0.04, 0.04, 0.04, 0.04, 0.04,
0.04, 0.04, 0.04, 0.04, 0.04, 0.04, 0.04, 0.04, 0.04, 0.04,
0.04, 0.04, 0.04, 0.04, 0.04, 0.008, 0.008, 0.008, 0.008, 0.008,
0.008, 0.008, 0.008, 0.008, 0.008, 0.008, 0.008, 0.008, 0.008, 0.008,
0.008, 0.008, 0.008, 0.008, 0.008, 0.008, 0.008, 0.008, 0.008, 0.008,
0.0016, 0.0016, 0.0016, 0.0016, 0.0016, 0.0016, 0.0016, 0.0016, 0.0016, 0.0016,
0.0016, 0.0016, 0.0016, 0.0016, 0.0016, 0.0016, 0.0016, 0.0016, 0.0016, 0.0016,
0.0016, 0.0016, 0.0016, 0.0016, 0.0016, 0.00032, 0.00032, 0.00032, 0.00032, 0.00032,
0.00032, 0.00032, 0.00032, 0.00032, 0.00032, 0.00032, 0.00032, 0.00032, 0.00032, 0.00032,
0.00032, 0.00032, 0.00032, 0.00032, 0.00032, 0.00032, 0.00032, 0.00032, 0.00032, 0.00032]
[15, 16, 11, 15, 7, 15, 8, 18, 10, 2,
9, 8, 13, 1, 11, 8, 19, 13, 9, 6,
4, 4, 10, 16, 7, 14, 1, 11, 2, 17,
13, 4, 14, 6, 18, 11, 17, 15, 2, 0,
2, 9, 1, 1, 18, 1, 8, 15, 14, 17,
18, 8, 8, 15, 19, 4, 15, 8, 19, 4,
0, 0, 2, 14, 0, 1, 3, 6, 17, 15,
1, 9, 5, 17, 18, 13, 6, 10, 12, 8,
7, 3, 3, 15, 7, 8, 13, 9, 18, 7,
7, 19, 18, 5, 6, 8, 15, 17, 5, 3,
6, 4, 13, 10, 11, 13, 3, 15, 6, 4,
6, 19, 16, 4, 0, 17, 12, 17, 7, 9,
10, 17, 19, 6, 5, 10, 7, 4, 17, 8]
------------------------------------------------------- 
# stage = 6	# children c = 5	length of each stage p = 5	nodes = 129	# items I = 1
