[46, 62, 36, 81, 38, 94, 32, 35, 13, 48,
13, 48, 11, 11, 3, 7, 43, 88, 65, 44,
61, 49, 86, 76, 24, 15, 58, 100, 36, 72,
60, 82, 34, 62]
[[325, 821, 201], [632, 1399, 355], [78, 359, 541], [1551, 202, 1560], [1355, 1377, 1708], [351, 828, 439], [11, 1680, 1818], [502, 114, 837], [388, 746, 1107], [439, 963, 606],
[147, 1288, 1427], [348, 25, 1398], [1170, 104, 1757], [284, 1655, 64], [1844, 1583, 13], [229, 506, 1308], [668, 518, 1094], [592, 1487, 1675], [1, 447, 526], [1575, 1353, 1490],
[286, 1500, 1350], [285, 420, 1376], [1683, 1590, 52], [117, 446, 279], [181, 395, 1862], [661, 1092, 474], [74, 1760, 1459], [1168, 924, 1518], [1416, 925, 70], [47, 1072, 1423],
[109, 1825, 1028], [1460, 215, 20], [941, 470, 182], [993, 587, 629]]
[[3, 3, 7, 9], [6, 9, 2, 0], [0, 0, 1, 5], [4, 8, 5, 5], [9, 6, 2, 2], [0, 3, 6, 1], [10, 0, 9, 7], [6, 1, 7, 7], [5, 3, 5, 9], [10, 6, 7, 10],
[4, 9, 2, 8], [6, 8, 2, 3], [1, 2, 3, 2], [3, 9, 1, 2], [7, 8, 8, 2], [10, 4, 10, 2], [7, 2, 0, 7], [6, 7, 4, 10], [3, 7, 5, 10], [2, 5, 0, 1],
[7, 3, 1, 10], [1, 0, 2, 8], [9, 10, 8, 8], [3, 5, 8, 8], [8, 8, 2, 1], [2, 7, 1, 6], [1, 6, 3, 1], [1, 3, 2, 6], [6, 4, 6, 5], [4, 6, 2, 2],
[3, 10, 8, 4], [5, 5, 1, 0], [0, 2, 1, 3], [9, 0, 7, 8]]
[1, 0.333333, 0.333333, 0.333333, 0.111111, 0.111111, 0.111111, 0.037037, 0.037037, 0.037037,
0.0123457, 0.0123457, 0.0123457, 0.00411523, 0.00411523, 0.00411523, 0.00137174, 0.00137174, 0.00137174, 0.000457247,
0.000457247, 0.000457247, 0.000152416, 0.000152416, 0.000152416, 5.08053e-05, 5.08053e-05, 5.08053e-05, 1.69351e-05, 1.69351e-05,
1.69351e-05, 5.64503e-06, 5.64503e-06, 5.64503e-06]
[5, 9, 3, 8, 4, 3, 4, 9, 8, 1,
7, 3, 4, 9, 8, 4, 7, 9, 5, 4,
8, 0, 1, 1, 8, 7, 3, 9, 7, 4,
6, 3, 5, 3]
------------------------------------------------------- 
# stage = 12	# children c = 3	length of each stage p = 1	nodes = 33	# items I = 1
