[96, 45, 9, 21, 83, 54, 37, 20, 87, 12,
66, 28, 71, 33, 99, 65, 41, 79, 6, 85]
[[900, 171, 954], [613, 791, 422], [178, 1203, 671], [1609, 724, 394], [1598, 1353, 1184], [688, 1435, 1663], [646, 671, 643], [944, 405, 1710], [1626, 672, 1274], [74, 668, 21],
[116, 1568, 192], [1070, 441, 975], [1484, 619, 430], [416, 480, 1154], [802, 338, 759], [238, 1018, 454], [162, 1665, 1117], [797, 861, 1523], [767, 747, 447], [293, 814, 1115]]
[[2, 1, 8, 6], [1, 8, 0, 4], [10, 9, 5, 2], [4, 0, 8, 7], [2, 4, 5, 4], [2, 7, 7, 7], [7, 0, 8, 5], [10, 6, 2, 1], [5, 8, 5, 7], [5, 6, 9, 2],
[4, 3, 4, 6], [1, 0, 0, 3], [4, 6, 8, 4], [2, 2, 0, 8], [0, 9, 2, 10], [2, 2, 9, 7], [10, 3, 3, 2], [7, 10, 3, 9], [2, 7, 3, 3], [7, 3, 5, 9]]
[1, 1, 0.333333, 0.333333, 0.333333, 0.333333, 0.333333, 0.333333, 0.111111, 0.111111,
0.111111, 0.111111, 0.111111, 0.111111, 0.037037, 0.037037, 0.037037, 0.037037, 0.037037, 0.037037]
[6, 6, 3, 6, 11, 7, 11, 16, 14, 15,
6, 11, 10, 13, 10, 10, 8, 8, 10, 13]
------------------------------------------------------- 
# stage = 4	# children c = 3	length of each stage p = 2	nodes = 19	# items I = 1
