[46, 7, 8, 50, 36, 53, 4, 54, 16, 24,
12, 62, 42, 3, 85, 23, 97, 43, 49, 27,
26, 80, 56]
[[1980, 1099, 1963], [1386, 390, 1998], [1245, 1711, 1], [1743, 630, 901], [1950, 76, 785], [1977, 842, 1271], [181, 283, 1130], [1106, 1253, 360], [327, 1209, 424], [796, 1392, 183],
[84, 1372, 1282], [1604, 314, 1672], [1158, 1116, 940], [1159, 858, 1570], [1618, 365, 1203], [402, 341, 45], [1673, 522, 1886], [359, 1628, 1139], [277, 1956, 1905], [701, 308, 1297],
[884, 1950, 225], [1723, 1554, 539], [951, 268, 1655]]
[[2, 1, 3, 10], [7, 6, 1, 5], [7, 6, 8, 8], [3, 9, 4, 1], [6, 5, 3, 8], [8, 8, 2, 5], [3, 8, 2, 1], [9, 0, 4, 0], [10, 8, 10, 6], [1, 9, 0, 6],
[4, 8, 3, 6], [5, 7, 7, 9], [1, 9, 6, 7], [6, 8, 1, 7], [3, 4, 8, 1], [2, 1, 2, 2], [9, 10, 8, 8], [9, 7, 3, 0], [2, 6, 6, 7], [0, 1, 6, 0],
[10, 1, 7, 3], [8, 9, 10, 0], [0, 7, 2, 2]]
[1, 0.5, 0.5, 0.25, 0.25, 0.125, 0.125, 0.0625, 0.0625, 0.03125,
0.03125, 0.015625, 0.015625, 0.0078125, 0.0078125, 0.00390625, 0.00390625, 0.00195312, 0.00195312, 0.000976562,
0.000976562, 0.000488281, 0.000488281]
[13, 18, 9, 9, 9, 2, 8, 12, 15, 9,
8, 0, 4, 18, 9, 4, 12, 7, 9, 9,
13, 4, 8]
------------------------------------------------------- 
# stage = 12	# children c = 2	length of each stage p = 1	nodes = 22	# items I = 1
