[37, 0, 71, 22, 64, 64, 20, 21, 22, 94,
72, 83, 87, 7, 97, 86, 96, 96, 17, 78,
5, 17, 65, 56, 92, 36, 82, 25, 62, 1,
74, 65, 1, 11, 53, 65, 41, 74, 52, 29,
67, 23, 12, 19, 98, 75, 4, 59, 71, 89,
36, 42]
[[254, 828, 284], [9, 675, 409], [602, 959, 771], [518, 186, 352], [267, 490, 482], [376, 826, 72], [470, 349, 715], [240, 74, 269], [707, 599, 885], [789, 846, 343],
[69, 972, 35], [353, 981, 583], [634, 447, 534], [270, 837, 592], [622, 977, 75], [976, 217, 901], [921, 687, 114], [500, 927, 188], [769, 627, 787], [647, 280, 497],
[862, 221, 333], [898, 446, 179], [473, 73, 626], [879, 343, 328], [336, 965, 297], [411, 805, 514], [176, 718, 66], [162, 211, 865], [350, 980, 484], [2, 619, 636],
[371, 474, 857], [577, 236, 296], [756, 581, 369], [246, 324, 584], [574, 660, 413], [743, 943, 210], [122, 991, 929], [188, 145, 4], [45, 368, 984], [402, 242, 468],
[910, 485, 942], [760, 54, 42], [928, 682, 623], [161, 801, 947], [745, 239, 600], [150, 983, 407], [232, 977, 391], [25, 29, 536], [29, 954, 904], [886, 348, 10],
[346, 123, 496], [280, 883, 422]]
[[7, 9, 4, 9], [8, 9, 4, 10], [5, 10, 7, 4], [10, 1, 4, 7], [6, 3, 10, 8], [7, 2, 9, 4], [7, 9, 8, 9], [1, 5, 9, 9], [1, 0, 5, 9], [10, 7, 6, 2],
[6, 3, 7, 4], [2, 9, 0, 6], [2, 8, 3, 9], [9, 10, 0, 3], [9, 6, 1, 10], [0, 8, 8, 1], [9, 0, 8, 6], [7, 4, 8, 3], [5, 4, 5, 5], [1, 5, 0, 3],
[2, 1, 10, 9], [1, 8, 1, 10], [3, 0, 9, 1], [9, 5, 2, 5], [5, 8, 0, 2], [1, 6, 3, 4], [0, 8, 9, 10], [0, 7, 2, 0], [9, 10, 10, 10], [7, 9, 9, 8],
[10, 5, 9, 6], [8, 9, 0, 1], [6, 9, 1, 6], [4, 2, 8, 2], [10, 5, 1, 8], [1, 1, 6, 10], [0, 5, 9, 5], [2, 5, 0, 1], [9, 9, 7, 6], [5, 7, 7, 10],
[3, 8, 3, 7], [10, 0, 10, 7], [3, 0, 2, 5], [2, 9, 4, 0], [1, 1, 4, 3], [4, 2, 4, 2], [10, 9, 7, 4], [3, 3, 1, 6], [10, 4, 3, 7], [3, 0, 2, 6],
[9, 2, 0, 9], [0, 3, 10, 2]]
[1, 1, 0.2, 0.2, 0.2, 0.2, 0.2, 0.2, 0.2, 0.2,
0.2, 0.2, 0.04, 0.04, 0.04, 0.04, 0.04, 0.04, 0.04, 0.04,
0.04, 0.04, 0.008, 0.008, 0.008, 0.008, 0.008, 0.008, 0.008, 0.008,
0.008, 0.008, 0.0016, 0.0016, 0.0016, 0.0016, 0.0016, 0.0016, 0.0016, 0.0016,
0.0016, 0.0016, 0.00032, 0.00032, 0.00032, 0.00032, 0.00032, 0.00032, 0.00032, 0.00032,
0.00032, 0.00032]
[7, 3, 0, 1, 8, 4, 9, 0, 5, 7,
3, 3, 3, 3, 9, 7, 3, 3, 4, 2,
10, 1, 2, 2, 2, 8, 0, 9, 1, 8,
6, 10, 2, 8, 5, 3, 4, 9, 4, 0,
8, 9, 8, 0, 8, 3, 0, 10, 0, 4,
4, 6]
------------------------------------------------------- 
# stage = 6	# children c = 5	length of each stage p = 2	nodes = 51	# items I = 1
