[71, 80, 32, 80, 70, 51, 84, 86, 51, 21,
33, 18, 76, 51, 91, 21, 94, 4, 11, 2,
93, 1, 58, 77, 18, 78, 29, 75, 64, 6,
33, 34, 86, 65, 13, 55, 82, 64, 7, 32,
51, 40, 50, 26]
[[919, 693, 261], [426, 665, 135], [104, 471, 525], [966, 651, 109], [680, 997, 338], [1016, 403, 479], [251, 557, 570], [592, 957, 645], [781, 319, 915], [1030, 811, 581],
[183, 643, 261], [518, 56, 927], [728, 160, 385], [166, 114, 1036], [276, 868, 1020], [688, 797, 410], [154, 1048, 967], [724, 627, 838], [282, 321, 144], [184, 339, 1029],
[765, 596, 659], [1027, 27, 716], [941, 755, 950], [239, 922, 51], [262, 185, 919], [269, 947, 630], [679, 14, 665], [633, 738, 206], [458, 8, 601], [677, 192, 940],
[619, 958, 449], [192, 972, 551], [982, 826, 293], [919, 52, 128], [1045, 388, 387], [951, 657, 247], [568, 323, 261], [147, 956, 1074], [353, 402, 69], [1028, 1079, 335],
[882, 611, 280], [318, 877, 165], [943, 772, 991], [150, 679, 1043]]
[[4, 4, 6, 9], [7, 1, 6, 1], [1, 0, 1, 7], [1, 9, 10, 6], [3, 2, 6, 8], [6, 4, 7, 9], [5, 1, 1, 8], [6, 2, 3, 8], [7, 9, 6, 1], [8, 0, 3, 9],
[0, 4, 3, 10], [2, 0, 5, 3], [3, 0, 1, 7], [2, 8, 5, 5], [9, 6, 3, 2], [9, 6, 10, 3], [4, 3, 4, 1], [1, 5, 8, 10], [10, 9, 9, 10], [10, 3, 3, 2],
[2, 4, 9, 4], [10, 1, 10, 8], [6, 0, 8, 2], [6, 7, 5, 8], [8, 7, 9, 10], [2, 4, 9, 10], [2, 8, 9, 10], [9, 1, 1, 9], [3, 8, 1, 2], [10, 9, 8, 5],
[9, 5, 7, 4], [10, 10, 1, 8], [6, 8, 5, 6], [10, 1, 3, 10], [9, 2, 10, 6], [1, 0, 4, 3], [7, 3, 3, 6], [1, 1, 0, 10], [4, 5, 3, 2], [4, 2, 8, 8],
[10, 2, 2, 7], [3, 5, 7, 0], [5, 6, 4, 5], [4, 6, 8, 9]]
[1, 1, 0.333333, 0.333333, 0.333333, 0.333333, 0.333333, 0.333333, 0.111111, 0.111111,
0.111111, 0.111111, 0.111111, 0.111111, 0.037037, 0.037037, 0.037037, 0.037037, 0.037037, 0.037037,
0.0123457, 0.0123457, 0.0123457, 0.0123457, 0.0123457, 0.0123457, 0.00411523, 0.00411523, 0.00411523, 0.00411523,
0.00411523, 0.00411523, 0.00137174, 0.00137174, 0.00137174, 0.00137174, 0.00137174, 0.00137174, 0.000457247, 0.000457247,
0.000457247, 0.000457247, 0.000457247, 0.000457247]
[4, 2, 7, 1, 2, 1, 0, 6, 0, 8,
3, 7, 6, 9, 0, 6, 8, 10, 9, 5,
9, 7, 1, 7, 10, 8, 8, 9, 3, 9,
6, 4, 1, 5, 8, 9, 10, 4, 2, 8,
1, 1, 8, 2]
------------------------------------------------------- 
# stage = 8	# children c = 3	length of each stage p = 2	nodes = 43	# items I = 1
