[68, 59, 44, 94, 94, 75, 25, 81, 80, 66,
17, 39, 25, 36, 16, 46, 44, 0, 49, 53,
59, 67, 75, 58, 51, 71, 64, 21, 47, 77,
71, 14, 35, 81, 75, 28, 56, 66, 76, 35,
98, 59, 41, 23, 95, 57]
[[1215, 543, 1796], [795, 761, 1168], [1220, 318, 1895], [1717, 1027, 626], [1010, 1252, 1793], [469, 36, 511], [264, 1366, 356], [1001, 78, 19], [339, 1549, 1911], [1104, 1700, 540],
[474, 949, 1084], [305, 1522, 1845], [1251, 776, 1941], [1180, 305, 781], [1585, 1316, 67], [1412, 1563, 1847], [1701, 1827, 1247], [91, 641, 1103], [1854, 980, 686], [1799, 118, 198],
[374, 370, 1147], [1458, 453, 703], [1115, 1704, 1258], [869, 697, 1563], [1650, 316, 691], [1717, 1506, 288], [1376, 1019, 1894], [657, 1110, 569], [1538, 777, 1327], [36, 610, 1445],
[234, 762, 1593], [1159, 32, 81], [1640, 1148, 1785], [932, 51, 516], [530, 1479, 610], [999, 1008, 150], [1066, 418, 1169], [994, 1075, 92], [1341, 425, 869], [702, 461, 1257],
[1925, 695, 54], [1552, 1854, 1830], [1411, 1528, 1012], [1009, 495, 841], [1303, 803, 132], [1914, 1580, 1140]]
[[7, 5, 4, 4], [7, 10, 7, 8], [7, 0, 7, 3], [2, 6, 4, 7], [8, 2, 9, 2], [1, 2, 8, 8], [8, 6, 2, 7], [3, 10, 2, 10], [4, 5, 2, 0], [4, 7, 7, 0],
[7, 1, 1, 7], [8, 6, 1, 5], [6, 0, 5, 7], [2, 2, 2, 10], [6, 5, 4, 10], [4, 7, 7, 6], [1, 7, 7, 3], [1, 1, 1, 7], [2, 2, 3, 10], [6, 5, 2, 2],
[5, 7, 9, 5], [7, 1, 5, 3], [4, 7, 0, 8], [3, 5, 3, 2], [2, 8, 5, 3], [9, 6, 10, 1], [9, 1, 9, 2], [6, 1, 4, 0], [6, 1, 3, 3], [2, 8, 4, 6],
[5, 2, 1, 6], [7, 2, 9, 7], [0, 3, 9, 7], [8, 8, 6, 6], [7, 5, 6, 2], [6, 0, 0, 10], [1, 4, 0, 1], [10, 2, 7, 2], [4, 6, 9, 10], [8, 7, 6, 6],
[8, 4, 3, 5], [0, 9, 9, 7], [1, 5, 10, 5], [5, 8, 5, 4], [1, 5, 5, 1], [8, 10, 3, 10]]
[1, 1, 0.5, 0.5, 0.5, 0.5, 0.25, 0.25, 0.25, 0.25,
0.125, 0.125, 0.125, 0.125, 0.0625, 0.0625, 0.0625, 0.0625, 0.03125, 0.03125,
0.03125, 0.03125, 0.015625, 0.015625, 0.015625, 0.015625, 0.0078125, 0.0078125, 0.0078125, 0.0078125,
0.00390625, 0.00390625, 0.00390625, 0.00390625, 0.00195312, 0.00195312, 0.00195312, 0.00195312, 0.000976562, 0.000976562,
0.000976562, 0.000976562, 0.000488281, 0.000488281, 0.000488281, 0.000488281]
[6, 0, 1, 1, 3, 9, 4, 2, 8, 2,
1, 8, 7, 7, 5, 7, 2, 8, 9, 0,
3, 5, 6, 7, 4, 2, 5, 3, 9, 1,
6, 8, 8, 5, 9, 2, 9, 2, 8, 5,
9, 3, 9, 8, 0, 6]
------------------------------------------------------- 
# stage = 12	# children c = 2	length of each stage p = 2	nodes = 45	# items I = 1
