[16, 68, 83, 90, 5, 27, 3, 20, 20, 17,
22, 6, 73, 50, 15, 13, 65, 62, 54, 23,
88, 19, 8, 20, 33, 64, 25, 54, 28, 19,
69, 44, 53, 17, 33, 24, 10, 2, 45, 98,
19, 67, 70, 59, 83, 52, 72, 48, 13, 25,
37, 67, 11, 12, 87, 10, 42, 11, 31, 70,
97, 66, 80, 49, 50, 79, 74, 60, 81, 85,
57, 67, 51, 27, 25, 100, 79, 63, 47, 58,
55, 51, 25, 32, 63, 78, 42, 4, 56, 39,
41, 52, 5, 87, 68, 55, 66, 41, 81, 12,
25, 38, 45, 42, 31, 36, 41, 76, 100, 55]
[[845, 404, 522], [798, 730, 464], [441, 829, 267], [526, 611, 450], [834, 274, 516], [104, 118, 441], [108, 327, 476], [703, 521, 475], [318, 82, 514], [409, 141, 625],
[705, 354, 147], [345, 520, 245], [177, 79, 442], [444, 856, 422], [262, 808, 696], [146, 280, 182], [588, 388, 510], [182, 459, 149], [26, 778, 481], [540, 555, 872],
[284, 378, 345], [681, 91, 865], [295, 269, 313], [737, 81, 287], [277, 594, 463], [342, 740, 111], [524, 446, 749], [152, 879, 326], [552, 273, 472], [401, 813, 146],
[392, 465, 524], [737, 515, 616], [88, 810, 253], [401, 33, 584], [56, 561, 296], [769, 21, 155], [880, 795, 851], [115, 316, 216], [442, 868, 489], [32, 387, 671],
[178, 147, 254], [71, 2, 769], [687, 341, 65], [308, 110, 99], [10, 417, 28], [307, 554, 49], [712, 803, 212], [681, 36, 528], [16, 478, 764], [755, 761, 520],
[544, 307, 667], [799, 378, 38], [54, 433, 379], [370, 741, 739], [719, 120, 274], [747, 427, 829], [164, 507, 750], [376, 306, 154], [273, 572, 633], [155, 446, 762],
[675, 108, 187], [711, 275, 566], [749, 580, 367], [496, 68, 227], [603, 155, 597], [878, 20, 392], [193, 434, 17], [311, 810, 573], [465, 451, 264], [466, 857, 78],
[346, 18, 186], [534, 729, 712], [468, 846, 410], [835, 710, 728], [430, 432, 1], [145, 428, 271], [537, 871, 705], [804, 300, 1], [496, 133, 453], [760, 600, 428],
[838, 64, 446], [392, 848, 544], [222, 434, 508], [0, 388, 337], [728, 186, 769], [97, 332, 565], [368, 237, 554], [191, 160, 222], [443, 656, 355], [264, 784, 323],
[692, 740, 388], [506, 500, 354], [168, 91, 157], [45, 91, 795], [632, 188, 99], [519, 285, 431], [452, 22, 37], [374, 463, 197], [596, 24, 853], [319, 288, 123],
[643, 348, 231], [399, 223, 731], [121, 391, 822], [528, 686, 282], [441, 436, 470], [541, 323, 123], [340, 775, 145], [377, 267, 609], [824, 231, 1], [163, 801, 290]]
[[0, 5, 5, 8], [0, 9, 2, 2], [10, 7, 4, 5], [5, 3, 0, 0], [5, 10, 6, 5], [1, 4, 2, 5], [3, 0, 4, 10], [10, 2, 4, 9], [7, 7, 4, 5], [5, 6, 8, 2],
[2, 10, 8, 6], [0, 6, 4, 5], [5, 0, 10, 4], [2, 2, 9, 6], [0, 3, 5, 9], [5, 9, 7, 0], [5, 9, 3, 8], [5, 0, 10, 5], [8, 5, 0, 8], [9, 5, 2, 3],
[3, 0, 6, 5], [0, 2, 9, 9], [5, 3, 7, 9], [10, 1, 7, 2], [0, 10, 10, 5], [9, 8, 8, 4], [0, 7, 2, 10], [10, 2, 0, 2], [0, 4, 5, 0], [7, 4, 8, 1],
[5, 4, 8, 5], [6, 2, 5, 4], [2, 3, 7, 9], [9, 4, 2, 9], [0, 2, 6, 8], [3, 5, 10, 3], [9, 5, 2, 5], [7, 10, 5, 1], [1, 0, 4, 5], [3, 10, 9, 3],
[2, 5, 1, 9], [8, 1, 7, 6], [4, 1, 4, 7], [6, 1, 8, 2], [6, 10, 8, 0], [7, 0, 2, 9], [0, 6, 3, 1], [3, 0, 4, 3], [3, 3, 1, 0], [5, 7, 5, 9],
[8, 9, 3, 1], [10, 0, 3, 4], [9, 9, 4, 5], [9, 4, 1, 10], [0, 3, 0, 1], [3, 3, 5, 6], [6, 6, 5, 0], [2, 10, 7, 8], [8, 10, 9, 5], [9, 0, 7, 7],
[9, 1, 10, 8], [3, 10, 5, 1], [2, 3, 3, 5], [6, 8, 9, 2], [3, 1, 0, 4], [0, 6, 1, 6], [5, 9, 10, 1], [9, 6, 6, 7], [5, 4, 2, 9], [3, 7, 10, 5],
[0, 2, 8, 4], [8, 4, 6, 10], [6, 5, 3, 4], [0, 2, 9, 3], [0, 8, 5, 7], [3, 9, 2, 7], [2, 4, 5, 5], [10, 2, 10, 8], [5, 5, 1, 0], [10, 6, 10, 3],
[0, 0, 7, 9], [3, 5, 1, 1], [0, 4, 7, 2], [3, 9, 9, 5], [0, 3, 0, 10], [3, 8, 5, 8], [3, 7, 9, 0], [0, 6, 3, 0], [7, 10, 9, 8], [3, 8, 7, 3],
[2, 3, 5, 5], [1, 1, 8, 0], [4, 8, 10, 8], [4, 3, 3, 7], [10, 10, 5, 10], [4, 8, 8, 0], [5, 4, 6, 8], [1, 2, 10, 1], [6, 4, 4, 5], [6, 2, 5, 8],
[8, 3, 3, 1], [6, 5, 6, 3], [2, 0, 0, 6], [6, 8, 4, 1], [10, 10, 9, 9], [2, 8, 0, 6], [0, 2, 9, 4], [4, 2, 10, 0], [3, 3, 10, 7], [6, 6, 10, 8]]
[1, 1, 1, 1, 1, 0.333333, 0.333333, 0.333333, 0.333333, 0.333333,
0.333333, 0.333333, 0.333333, 0.333333, 0.333333, 0.333333, 0.333333, 0.333333, 0.333333, 0.333333,
0.111111, 0.111111, 0.111111, 0.111111, 0.111111, 0.111111, 0.111111, 0.111111, 0.111111, 0.111111,
0.111111, 0.111111, 0.111111, 0.111111, 0.111111, 0.037037, 0.037037, 0.037037, 0.037037, 0.037037,
0.037037, 0.037037, 0.037037, 0.037037, 0.037037, 0.037037, 0.037037, 0.037037, 0.037037, 0.037037,
0.0123457, 0.0123457, 0.0123457, 0.0123457, 0.0123457, 0.0123457, 0.0123457, 0.0123457, 0.0123457, 0.0123457,
0.0123457, 0.0123457, 0.0123457, 0.0123457, 0.0123457, 0.00411523, 0.00411523, 0.00411523, 0.00411523, 0.00411523,
0.00411523, 0.00411523, 0.00411523, 0.00411523, 0.00411523, 0.00411523, 0.00411523, 0.00411523, 0.00411523, 0.00411523,
0.00137174, 0.00137174, 0.00137174, 0.00137174, 0.00137174, 0.00137174, 0.00137174, 0.00137174, 0.00137174, 0.00137174,
0.00137174, 0.00137174, 0.00137174, 0.00137174, 0.00137174, 0.000457247, 0.000457247, 0.000457247, 0.000457247, 0.000457247,
0.000457247, 0.000457247, 0.000457247, 0.000457247, 0.000457247, 0.000457247, 0.000457247, 0.000457247, 0.000457247, 0.000457247]
[4, 13, 13, 16, 17, 9, 14, 13, 11, 12,
10, 8, 6, 7, 15, 4, 13, 2, 4, 14,
3, 15, 13, 11, 0, 0, 13, 14, 12, 6,
8, 4, 8, 8, 5, 16, 6, 6, 1, 8,
3, 7, 13, 13, 4, 13, 8, 14, 6, 9,
7, 17, 17, 12, 6, 15, 7, 6, 4, 8,
1, 17, 0, 6, 16, 13, 3, 16, 17, 17,
9, 12, 15, 15, 16, 9, 4, 5, 2, 5,
7, 3, 12, 9, 7, 14, 2, 10, 3, 2,
7, 14, 17, 12, 10, 17, 17, 6, 17, 2,
3, 0, 0, 3, 13, 2, 12, 12, 15, 11]
------------------------------------------------------- 
# stage = 8	# children c = 3	length of each stage p = 5	nodes = 109	# items I = 1
