[16, 78, 42, 40, 55, 16, 62, 25, 29, 100,
82, 61, 88, 97, 52, 53, 3, 22, 42, 57,
67, 33, 10, 31, 24, 80, 16, 6, 51, 67,
77, 67, 11, 19, 74, 32, 1, 1, 57, 97,
0, 38, 57, 89, 0, 8, 7, 71, 97, 49,
27, 30, 48, 4, 61, 72, 84, 44, 45, 0,
10, 21, 34, 88, 6, 74, 19, 74, 75, 77,
36, 42]
[[1230, 464, 2006], [765, 1556, 1291], [1334, 659, 447], [837, 1416, 578], [971, 1426, 1507], [1060, 1235, 969], [457, 1482, 1166], [1412, 951, 1528], [1773, 160, 1200], [164, 1609, 1110],
[207, 839, 1575], [185, 1632, 1131], [1505, 938, 1790], [1952, 1775, 1178], [530, 718, 604], [10, 1807, 1840], [979, 264, 1322], [145, 1676, 245], [1702, 1421, 433], [902, 1585, 42],
[2012, 1793, 909], [1587, 1978, 513], [690, 1483, 1479], [452, 1407, 1255], [1659, 1966, 2001], [235, 1976, 1780], [75, 955, 45], [1397, 1128, 1721], [1643, 830, 1143], [48, 1732, 700],
[91, 1745, 493], [1000, 1304, 472], [1542, 2023, 1955], [993, 475, 1363], [248, 106, 1301], [222, 370, 1277], [2, 445, 232], [47, 1843, 1360], [1797, 1458, 163], [912, 1534, 1923],
[1612, 1653, 1640], [106, 654, 917], [578, 168, 940], [533, 1189, 1415], [1896, 1438, 1522], [1197, 1688, 1920], [446, 1690, 337], [678, 1766, 180], [11, 1535, 1638], [202, 419, 1173],
[97, 3, 798], [1766, 137, 1452], [683, 743, 1648], [1623, 1277, 838], [1010, 1173, 276], [532, 343, 1964], [424, 789, 1654], [790, 1496, 1392], [970, 1535, 899], [609, 1737, 1318],
[1782, 1862, 1350], [580, 1600, 1487], [5, 255, 203], [1681, 1906, 1508], [491, 889, 681], [795, 1449, 1024], [731, 1902, 1842], [386, 664, 1310], [1778, 1634, 845], [650, 215, 582],
[1968, 2025, 416], [1318, 578, 17]]
[[5, 5, 5, 10], [2, 0, 5, 8], [6, 4, 2, 9], [9, 1, 1, 10], [6, 7, 0, 9], [1, 0, 4, 5], [8, 9, 3, 8], [7, 3, 7, 10], [6, 10, 9, 7], [8, 1, 4, 1],
[6, 4, 10, 2], [3, 10, 10, 8], [6, 0, 6, 5], [0, 8, 9, 9], [6, 1, 4, 0], [4, 9, 0, 0], [6, 7, 5, 1], [9, 7, 2, 2], [0, 2, 4, 1], [1, 2, 9, 5],
[2, 2, 0, 0], [0, 7, 7, 4], [8, 0, 5, 10], [7, 3, 8, 2], [10, 2, 1, 6], [9, 4, 6, 7], [4, 0, 9, 3], [0, 7, 8, 2], [10, 6, 2, 8], [2, 8, 1, 8],
[8, 6, 8, 3], [7, 5, 3, 7], [8, 5, 0, 4], [9, 7, 1, 0], [5, 10, 3, 5], [4, 9, 5, 1], [5, 5, 9, 5], [2, 9, 1, 9], [2, 9, 1, 10], [1, 4, 4, 7],
[9, 2, 1, 5], [9, 2, 3, 1], [10, 6, 6, 1], [5, 9, 3, 8], [4, 10, 0, 6], [6, 1, 4, 9], [10, 5, 6, 10], [8, 10, 6, 4], [1, 7, 8, 9], [7, 0, 10, 6],
[7, 4, 6, 10], [2, 9, 5, 4], [6, 5, 0, 2], [7, 2, 9, 4], [6, 4, 3, 3], [1, 10, 7, 0], [4, 4, 9, 1], [5, 7, 5, 10], [9, 0, 9, 9], [7, 3, 3, 1],
[6, 3, 1, 0], [5, 10, 5, 9], [1, 6, 1, 0], [3, 7, 0, 6], [0, 10, 7, 3], [4, 10, 2, 2], [0, 9, 0, 5], [10, 3, 6, 6], [4, 5, 6, 8], [2, 9, 6, 3],
[3, 6, 3, 6], [2, 4, 10, 2]]
[1, 1, 0.2, 0.2, 0.2, 0.2, 0.2, 0.2, 0.2, 0.2,
0.2, 0.2, 0.04, 0.04, 0.04, 0.04, 0.04, 0.04, 0.04, 0.04,
0.04, 0.04, 0.008, 0.008, 0.008, 0.008, 0.008, 0.008, 0.008, 0.008,
0.008, 0.008, 0.0016, 0.0016, 0.0016, 0.0016, 0.0016, 0.0016, 0.0016, 0.0016,
0.0016, 0.0016, 0.00032, 0.00032, 0.00032, 0.00032, 0.00032, 0.00032, 0.00032, 0.00032,
0.00032, 0.00032, 6.4e-05, 6.4e-05, 6.4e-05, 6.4e-05, 6.4e-05, 6.4e-05, 6.4e-05, 6.4e-05,
6.4e-05, 6.4e-05, 1.28e-05, 1.28e-05, 1.28e-05, 1.28e-05, 1.28e-05, 1.28e-05, 1.28e-05, 1.28e-05,
1.28e-05, 1.28e-05]
[3, 2, 9, 10, 8, 0, 0, 0, 5, 3,
6, 7, 3, 3, 2, 6, 1, 9, 2, 2,
8, 6, 7, 9, 6, 4, 8, 10, 9, 3,
4, 1, 3, 2, 4, 4, 4, 5, 5, 9,
2, 8, 1, 8, 5, 6, 7, 1, 5, 3,
5, 8, 6, 6, 3, 7, 7, 1, 7, 4,
6, 7, 5, 9, 1, 6, 7, 4, 1, 10,
4, 3]
------------------------------------------------------- 
# stage = 8	# children c = 5	length of each stage p = 2	nodes = 71	# items I = 1
