[93, 46, 32, 13, 19, 36, 68, 30, 23, 28,
40, 80, 64, 70, 20, 25, 65, 84, 20, 11,
78, 8, 15]
[[544, 682, 774], [365, 1488, 539], [107, 1001, 1841], [1667, 53, 1301], [466, 1362, 745], [1840, 635, 1471], [138, 1412, 1742], [160, 1715, 410], [404, 1487, 768], [176, 1357, 1694],
[299, 57, 560], [1073, 450, 232], [1641, 557, 1233], [1666, 381, 1287], [1123, 875, 833], [52, 871, 1496], [1552, 1010, 1064], [1450, 1170, 963], [17, 1602, 634], [785, 1779, 147],
[635, 262, 204], [1195, 1336, 655], [1427, 1161, 1240]]
[[3, 10, 8, 10], [2, 10, 6, 0], [6, 3, 3, 8], [6, 8, 10, 9], [4, 1, 0, 2], [6, 7, 0, 8], [4, 5, 2, 7], [2, 7, 10, 4], [4, 5, 3, 4], [5, 7, 5, 0],
[8, 6, 8, 3], [1, 5, 1, 5], [7, 0, 5, 0], [7, 4, 8, 10], [9, 0, 4, 9], [5, 4, 2, 10], [9, 6, 3, 3], [0, 6, 3, 9], [1, 10, 1, 2], [2, 1, 5, 9],
[10, 9, 8, 6], [2, 5, 3, 0], [3, 8, 7, 9]]
[1, 0.5, 0.5, 0.25, 0.25, 0.125, 0.125, 0.0625, 0.0625, 0.03125,
0.03125, 0.015625, 0.015625, 0.0078125, 0.0078125, 0.00390625, 0.00390625, 0.00195312, 0.00195312, 0.000976562,
0.000976562, 0.000488281, 0.000488281]
[3, 8, 9, 9, 5, 6, 7, 2, 5, 8,
0, 5, 1, 2, 2, 7, 6, 1, 4, 1,
5, 2, 5]
------------------------------------------------------- 
# stage = 12	# children c = 2	length of each stage p = 1	nodes = 22	# items I = 1
