[13, 49, 30, 58, 13, 39, 82, 34, 58, 65,
46, 56, 92, 70, 94, 47, 32, 46, 74, 39,
90, 79, 96, 57, 10, 47, 1, 10, 53, 64,
39, 67]
[[936, 545, 568], [312, 590, 315], [582, 191, 172], [851, 553, 817], [547, 913, 15], [617, 556, 260], [629, 962, 620], [261, 757, 818], [456, 936, 204], [490, 105, 744],
[1073, 463, 712], [428, 197, 89], [743, 780, 280], [337, 1053, 255], [1154, 387, 590], [592, 427, 1146], [852, 478, 317], [894, 739, 1075], [1134, 1195, 220], [125, 1107, 960],
[292, 967, 845], [1004, 182, 1042], [1093, 348, 609], [795, 685, 1084], [1051, 49, 259], [1063, 641, 108], [419, 915, 586], [736, 18, 747], [598, 1152, 151], [240, 700, 46],
[1200, 992, 435], [254, 783, 618]]
[[8, 2, 8, 7], [5, 9, 6, 4], [3, 10, 10, 7], [8, 7, 9, 4], [7, 0, 2, 1], [4, 7, 4, 2], [9, 3, 3, 2], [10, 8, 2, 7], [10, 8, 2, 4], [5, 8, 6, 8],
[5, 3, 2, 2], [10, 1, 4, 4], [1, 5, 5, 5], [1, 8, 6, 10], [0, 7, 0, 8], [4, 0, 2, 1], [7, 4, 3, 1], [10, 7, 7, 4], [8, 10, 5, 7], [0, 9, 10, 1],
[3, 2, 5, 3], [10, 9, 0, 8], [5, 9, 5, 8], [8, 8, 9, 4], [10, 2, 3, 10], [7, 10, 1, 5], [9, 6, 10, 7], [3, 9, 7, 6], [1, 1, 7, 0], [10, 8, 9, 2],
[6, 1, 10, 1], [7, 9, 5, 7]]
[1, 1, 0.333333, 0.333333, 0.333333, 0.333333, 0.333333, 0.333333, 0.111111, 0.111111,
0.111111, 0.111111, 0.111111, 0.111111, 0.037037, 0.037037, 0.037037, 0.037037, 0.037037, 0.037037,
0.0123457, 0.0123457, 0.0123457, 0.0123457, 0.0123457, 0.0123457, 0.00411523, 0.00411523, 0.00411523, 0.00411523,
0.00411523, 0.00411523]
[6, 11, 4, 8, 10, 0, 4, 10, 9, 5,
12, 5, 12, 12, 1, 9, 2, 10, 10, 11,
6, 10, 12, 4, 4, 2, 0, 11, 9, 8,
1, 8]
------------------------------------------------------- 
# stage = 6	# children c = 3	length of each stage p = 2	nodes = 31	# items I = 1
