[43, 89, 61, 72, 28, 30, 90, 97, 83, 55,
73, 17, 73, 3, 35, 73, 63, 27, 64, 3,
58, 42, 79, 68, 73, 2, 57, 97, 38, 60,
25, 47, 14, 52, 19, 8, 82, 75, 4, 30,
29, 44, 47, 1, 47, 82, 40, 76, 75, 4,
79, 33, 12, 23, 67, 85, 25, 24, 48, 30,
50, 73, 77, 30, 24, 62, 39, 72, 36, 9,
2, 65, 53, 15, 33, 100, 64, 73, 41, 38,
43, 19, 37, 22, 43, 4, 6, 68, 95, 54,
64, 10, 93, 41, 40, 83, 2, 45, 55, 5,
55, 23, 70, 7, 4, 69, 74, 68, 8, 14,
73, 51, 0, 76, 73, 43, 46, 46, 77, 40,
66, 41, 16, 59, 48, 23, 7, 16, 68, 62,
21, 22, 51, 58, 97, 56, 93, 36, 90, 0,
16, 28, 18, 16, 4, 57, 59, 16, 2, 36,
57, 35, 43, 39, 60, 57, 62, 67, 73, 30,
96, 61, 18, 46, 85, 81, 68, 77, 16, 58,
44, 33, 52, 62, 15, 22, 18, 75, 39, 88]
[[316, 597, 25], [303, 579, 564], [455, 564, 641], [560, 20, 15], [727, 246, 195], [444, 983, 320], [135, 817, 385], [779, 647, 730], [84, 764, 580], [674, 322, 1008],
[935, 638, 919], [960, 941, 481], [507, 711, 359], [462, 254, 380], [808, 295, 957], [1004, 739, 924], [638, 874, 724], [338, 636, 685], [51, 34, 763], [963, 23, 69],
[954, 958, 707], [170, 216, 963], [651, 37, 657], [324, 500, 225], [704, 622, 520], [645, 940, 242], [883, 562, 99], [921, 900, 49], [590, 265, 84], [336, 211, 107],
[736, 479, 379], [427, 649, 595], [704, 614, 964], [675, 939, 778], [900, 626, 383], [734, 585, 307], [976, 451, 183], [389, 356, 397], [438, 946, 662], [853, 596, 188],
[274, 316, 667], [654, 57, 631], [563, 75, 228], [510, 750, 150], [271, 964, 91], [986, 681, 676], [607, 971, 111], [790, 343, 798], [501, 95, 41], [477, 263, 637],
[665, 537, 267], [647, 505, 655], [261, 383, 730], [489, 893, 794], [971, 479, 55], [45, 779, 50], [721, 369, 4], [146, 473, 678], [944, 974, 88], [985, 434, 351],
[937, 414, 202], [518, 44, 22], [157, 636, 405], [201, 108, 612], [310, 62, 74], [365, 107, 853], [747, 143, 536], [751, 289, 1009], [744, 548, 280], [832, 847, 715],
[166, 81, 443], [699, 600, 818], [721, 71, 437], [109, 603, 876], [722, 913, 939], [110, 593, 360], [278, 323, 834], [814, 57, 438], [121, 115, 986], [401, 947, 130],
[430, 427, 212], [873, 110, 126], [674, 145, 528], [425, 586, 114], [285, 622, 11], [538, 732, 604], [898, 324, 927], [30, 453, 298], [468, 574, 414], [768, 289, 675],
[898, 720, 417], [424, 907, 858], [550, 896, 1003], [61, 304, 572], [507, 920, 177], [518, 441, 224], [436, 654, 548], [677, 684, 315], [975, 135, 889], [703, 903, 493],
[693, 98, 196], [93, 523, 417], [951, 387, 627], [251, 780, 932], [138, 270, 835], [315, 102, 591], [870, 538, 228], [733, 198, 912], [31, 487, 361], [235, 505, 578],
[728, 181, 1007], [238, 605, 513], [655, 870, 215], [266, 104, 309], [512, 242, 910], [661, 889, 1012], [235, 742, 864], [794, 458, 376], [3, 821, 863], [364, 39, 682],
[256, 767, 177], [247, 1005, 96], [74, 974, 966], [620, 554, 54], [929, 380, 627], [822, 25, 499], [131, 591, 556], [995, 700, 328], [685, 703, 132], [532, 382, 171],
[528, 638, 252], [706, 199, 571], [802, 274, 529], [66, 894, 397], [120, 121, 778], [61, 257, 117], [892, 389, 22], [431, 698, 722], [73, 367, 740], [206, 213, 105],
[377, 741, 57], [630, 761, 588], [184, 878, 862], [27, 944, 53], [425, 378, 505], [517, 439, 763], [634, 645, 466], [656, 59, 147], [693, 133, 845], [416, 670, 41],
[852, 30, 97], [223, 991, 858], [811, 490, 719], [987, 848, 646], [24, 587, 338], [860, 87, 778], [606, 721, 737], [386, 692, 797], [534, 699, 244], [362, 429, 914],
[735, 264, 258], [832, 487, 564], [673, 282, 368], [707, 252, 199], [667, 607, 787], [1006, 782, 188], [81, 702, 224], [818, 72, 916], [929, 937, 929], [487, 282, 341],
[384, 331, 936], [974, 146, 737], [852, 134, 2], [203, 841, 586], [733, 491, 507], [503, 811, 272], [692, 206, 289], [230, 8, 361], [460, 251, 281], [372, 739, 894]]
[[9, 8, 6, 9], [2, 8, 2, 5], [3, 2, 2, 9], [8, 6, 6, 7], [6, 5, 10, 5], [0, 8, 7, 3], [3, 5, 3, 4], [10, 7, 8, 8], [4, 3, 4, 5], [0, 4, 8, 2],
[4, 10, 0, 2], [3, 4, 9, 9], [10, 6, 2, 10], [3, 7, 0, 4], [1, 2, 9, 0], [9, 6, 6, 1], [8, 10, 6, 6], [1, 3, 8, 6], [0, 7, 8, 3], [0, 4, 0, 8],
[0, 0, 8, 1], [7, 6, 6, 9], [8, 2, 9, 5], [6, 3, 6, 3], [2, 1, 10, 4], [2, 5, 8, 2], [10, 5, 3, 0], [7, 3, 8, 5], [3, 3, 5, 9], [10, 9, 7, 5],
[0, 3, 10, 4], [6, 3, 8, 7], [2, 5, 9, 4], [8, 6, 4, 8], [9, 6, 8, 5], [9, 3, 9, 0], [5, 3, 9, 2], [1, 3, 7, 10], [4, 5, 3, 0], [6, 9, 7, 9],
[1, 3, 0, 10], [9, 3, 7, 7], [9, 2, 10, 5], [3, 8, 3, 8], [9, 1, 10, 8], [2, 5, 7, 7], [8, 9, 5, 1], [7, 10, 8, 9], [2, 9, 6, 0], [10, 2, 5, 8],
[4, 4, 2, 7], [0, 6, 3, 9], [5, 0, 5, 6], [3, 1, 2, 9], [10, 5, 0, 5], [4, 8, 1, 6], [4, 7, 6, 3], [9, 9, 9, 0], [2, 10, 5, 0], [3, 6, 8, 8],
[7, 2, 1, 8], [3, 1, 7, 1], [6, 5, 4, 10], [0, 5, 5, 5], [1, 9, 6, 8], [7, 5, 6, 8], [2, 0, 8, 5], [5, 5, 0, 1], [7, 2, 7, 9], [3, 3, 8, 10],
[6, 1, 9, 7], [6, 4, 1, 5], [0, 5, 2, 8], [8, 6, 5, 10], [4, 0, 4, 9], [6, 5, 10, 0], [7, 7, 7, 8], [8, 4, 7, 4], [5, 6, 9, 9], [8, 8, 3, 8],
[2, 3, 3, 0], [9, 8, 8, 3], [9, 2, 10, 2], [5, 10, 2, 10], [4, 10, 7, 10], [1, 4, 1, 7], [8, 10, 3, 5], [7, 7, 0, 8], [8, 4, 8, 5], [10, 3, 6, 6],
[5, 5, 8, 8], [2, 9, 7, 4], [6, 4, 4, 7], [6, 5, 1, 3], [3, 5, 6, 10], [10, 4, 7, 7], [8, 2, 10, 6], [6, 5, 1, 9], [9, 10, 7, 9], [6, 3, 3, 1],
[5, 7, 8, 9], [10, 10, 1, 2], [4, 5, 0, 3], [10, 7, 8, 5], [8, 8, 9, 1], [0, 0, 10, 7], [8, 6, 6, 3], [8, 9, 2, 0], [3, 10, 10, 2], [7, 9, 3, 0],
[2, 1, 1, 1], [6, 8, 4, 3], [3, 3, 4, 1], [1, 4, 9, 7], [8, 2, 8, 3], [0, 10, 2, 1], [9, 10, 1, 6], [8, 4, 4, 10], [3, 4, 9, 10], [1, 1, 2, 4],
[2, 5, 3, 3], [7, 1, 10, 2], [1, 5, 4, 1], [4, 6, 0, 2], [3, 2, 6, 0], [4, 9, 9, 8], [2, 5, 7, 1], [6, 7, 3, 8], [1, 6, 9, 8], [6, 6, 9, 7],
[0, 2, 7, 4], [6, 7, 5, 9], [9, 0, 9, 1], [9, 5, 9, 9], [0, 3, 10, 4], [10, 2, 2, 1], [9, 0, 7, 4], [5, 5, 0, 5], [5, 5, 8, 0], [2, 2, 9, 9],
[2, 6, 10, 10], [0, 8, 8, 9], [0, 8, 3, 9], [10, 5, 8, 8], [3, 4, 10, 6], [8, 9, 1, 2], [3, 9, 3, 3], [9, 1, 2, 0], [7, 1, 8, 6], [8, 6, 4, 6],
[1, 7, 4, 0], [10, 10, 7, 1], [4, 4, 7, 10], [2, 6, 10, 4], [2, 2, 7, 0], [2, 9, 10, 7], [9, 7, 2, 4], [0, 5, 8, 1], [10, 0, 0, 8], [10, 7, 9, 1],
[9, 3, 0, 1], [8, 0, 5, 8], [0, 10, 7, 2], [7, 6, 10, 3], [0, 10, 7, 1], [4, 4, 0, 4], [4, 0, 1, 2], [5, 8, 3, 4], [9, 2, 5, 4], [2, 8, 2, 2],
[5, 9, 3, 1], [4, 0, 4, 2], [10, 9, 3, 2], [3, 4, 4, 5], [2, 3, 5, 8], [9, 9, 1, 7], [0, 4, 1, 0], [10, 1, 0, 4], [10, 3, 4, 1], [3, 6, 3, 1]]
[1, 1, 1, 1, 1, 0.2, 0.2, 0.2, 0.2, 0.2,
0.2, 0.2, 0.2, 0.2, 0.2, 0.2, 0.2, 0.2, 0.2, 0.2,
0.2, 0.2, 0.2, 0.2, 0.2, 0.2, 0.2, 0.2, 0.2, 0.2,
0.04, 0.04, 0.04, 0.04, 0.04, 0.04, 0.04, 0.04, 0.04, 0.04,
0.04, 0.04, 0.04, 0.04, 0.04, 0.04, 0.04, 0.04, 0.04, 0.04,
0.04, 0.04, 0.04, 0.04, 0.04, 0.008, 0.008, 0.008, 0.008, 0.008,
0.008, 0.008, 0.008, 0.008, 0.008, 0.008, 0.008, 0.008, 0.008, 0.008,
0.008, 0.008, 0.008, 0.008, 0.008, 0.008, 0.008, 0.008, 0.008, 0.008,
0.0016, 0.0016, 0.0016, 0.0016, 0.0016, 0.0016, 0.0016, 0.0016, 0.0016, 0.0016,
0.0016, 0.0016, 0.0016, 0.0016, 0.0016, 0.0016, 0.0016, 0.0016, 0.0016, 0.0016,
0.0016, 0.0016, 0.0016, 0.0016, 0.0016, 0.00032, 0.00032, 0.00032, 0.00032, 0.00032,
0.00032, 0.00032, 0.00032, 0.00032, 0.00032, 0.00032, 0.00032, 0.00032, 0.00032, 0.00032,
0.00032, 0.00032, 0.00032, 0.00032, 0.00032, 0.00032, 0.00032, 0.00032, 0.00032, 0.00032,
6.4e-05, 6.4e-05, 6.4e-05, 6.4e-05, 6.4e-05, 6.4e-05, 6.4e-05, 6.4e-05, 6.4e-05, 6.4e-05,
6.4e-05, 6.4e-05, 6.4e-05, 6.4e-05, 6.4e-05, 6.4e-05, 6.4e-05, 6.4e-05, 6.4e-05, 6.4e-05,
6.4e-05, 6.4e-05, 6.4e-05, 6.4e-05, 6.4e-05, 1.28e-05, 1.28e-05, 1.28e-05, 1.28e-05, 1.28e-05,
1.28e-05, 1.28e-05, 1.28e-05, 1.28e-05, 1.28e-05, 1.28e-05, 1.28e-05, 1.28e-05, 1.28e-05, 1.28e-05,
1.28e-05, 1.28e-05, 1.28e-05, 1.28e-05, 1.28e-05, 1.28e-05, 1.28e-05, 1.28e-05, 1.28e-05, 1.28e-05]
[8, 7, 4, 0, 8, 2, 7, 1, 5, 4,
8, 1, 2, 1, 4, 10, 6, 8, 3, 7,
2, 2, 8, 4, 5, 2, 8, 10, 8, 2,
6, 10, 6, 8, 4, 7, 2, 10, 6, 10,
0, 1, 3, 4, 10, 9, 5, 5, 3, 7,
7, 8, 6, 4, 10, 1, 4, 2, 1, 8,
10, 4, 1, 3, 10, 6, 10, 1, 10, 7,
5, 3, 9, 6, 0, 7, 5, 10, 8, 7,
0, 1, 4, 4, 1, 9, 5, 5, 4, 10,
10, 10, 5, 7, 8, 10, 4, 5, 7, 9,
7, 5, 5, 1, 7, 1, 4, 7, 6, 2,
4, 10, 7, 3, 0, 1, 6, 4, 2, 8,
5, 2, 5, 7, 8, 1, 6, 7, 1, 6,
9, 4, 10, 1, 1, 6, 3, 2, 3, 5,
5, 0, 3, 1, 2, 4, 10, 10, 2, 4,
7, 7, 6, 5, 5, 7, 4, 8, 0, 10,
3, 8, 5, 6, 5, 10, 10, 9, 2, 10,
0, 4, 2, 8, 0, 10, 6, 2, 4, 8]
------------------------------------------------------- 
# stage = 8	# children c = 5	length of each stage p = 5	nodes = 179	# items I = 1
