[40, 60, 30, 51, 74, 3, 33, 58, 26, 36,
58, 17, 56, 50, 82, 48, 73, 72, 37, 67,
98, 23, 85, 29, 25, 15, 55, 51, 89, 55,
19, 95, 15, 49, 11, 89, 19, 44, 12, 45,
46, 37, 63, 2, 53, 10, 50, 25, 82, 88,
93, 79, 10, 77, 74, 2, 59, 95, 19, 13,
50, 38, 7, 65, 54, 18, 19, 73, 62, 98,
17, 8]
[[820, 348, 1421], [1120, 1594, 759], [1148, 615, 77], [890, 1731, 1124], [684, 1189, 1397], [1533, 882, 1465], [345, 859, 1051], [1117, 250, 1733], [753, 959, 1975], [944, 899, 1579],
[1849, 1719, 1927], [596, 165, 1543], [1355, 1313, 1462], [1432, 1507, 519], [1860, 1496, 1708], [1280, 355, 612], [71, 700, 776], [1122, 1121, 1026], [181, 1874, 1289], [1461, 840, 210],
[1062, 15, 1234], [315, 1894, 1399], [1162, 1271, 39], [1929, 30, 850], [470, 1890, 368], [1483, 496, 27], [117, 1849, 727], [197, 994, 1848], [528, 479, 1048], [1817, 1940, 1193],
[50, 328, 1208], [588, 643, 428], [1291, 1110, 1700], [1330, 365, 1034], [1485, 139, 946], [1157, 1622, 747], [1185, 1044, 618], [1912, 1241, 916], [1087, 1769, 1396], [1439, 913, 1358],
[654, 267, 991], [1167, 855, 938], [1595, 168, 70], [1317, 803, 1717], [373, 310, 1857], [624, 1467, 1501], [675, 674, 1849], [597, 1891, 1113], [1514, 304, 208], [236, 1743, 425],
[898, 420, 692], [1889, 1587, 851], [850, 1204, 324], [224, 1826, 1127], [1942, 1503, 741], [1821, 1431, 1512], [648, 128, 209], [520, 30, 1404], [937, 1544, 1708], [1145, 1084, 1473],
[1571, 4, 1893], [1567, 1198, 806], [441, 70, 33], [69, 1576, 1163], [1196, 1540, 1970], [1241, 687, 1424], [775, 1336, 856], [288, 1160, 886], [1692, 119, 1734], [1422, 1264, 840],
[918, 161, 149], [137, 1033, 1347]]
[[6, 6, 4, 6], [1, 1, 4, 9], [1, 10, 6, 4], [5, 1, 8, 10], [7, 0, 0, 1], [6, 8, 2, 3], [9, 3, 5, 0], [4, 10, 1, 9], [3, 5, 2, 4], [7, 4, 1, 6],
[4, 5, 8, 9], [6, 5, 8, 0], [5, 6, 10, 1], [3, 1, 2, 1], [2, 8, 10, 7], [5, 1, 3, 6], [6, 5, 9, 0], [9, 10, 7, 0], [2, 2, 9, 6], [8, 4, 7, 0],
[10, 6, 10, 0], [6, 2, 10, 8], [8, 10, 2, 2], [0, 3, 8, 4], [8, 6, 5, 5], [3, 10, 5, 3], [1, 2, 10, 7], [4, 4, 6, 4], [8, 5, 4, 3], [5, 4, 10, 2],
[1, 10, 4, 1], [3, 0, 3, 9], [4, 8, 1, 6], [7, 7, 9, 7], [7, 6, 1, 0], [10, 7, 2, 8], [2, 5, 9, 5], [7, 6, 8, 8], [6, 10, 7, 9], [8, 10, 7, 2],
[6, 9, 8, 2], [3, 4, 7, 8], [0, 9, 6, 10], [3, 9, 5, 3], [1, 2, 9, 8], [8, 6, 3, 3], [3, 10, 10, 1], [7, 5, 3, 2], [1, 9, 3, 2], [2, 10, 10, 2],
[6, 3, 0, 10], [10, 3, 0, 0], [5, 9, 6, 3], [4, 9, 4, 8], [6, 4, 7, 3], [9, 10, 5, 10], [8, 8, 1, 10], [6, 9, 0, 10], [1, 0, 7, 1], [3, 8, 10, 7],
[6, 6, 10, 9], [2, 3, 4, 9], [5, 0, 10, 1], [8, 2, 0, 5], [0, 10, 2, 4], [6, 0, 3, 6], [0, 0, 5, 2], [8, 4, 9, 1], [8, 6, 10, 9], [7, 1, 5, 2],
[1, 4, 3, 9], [6, 2, 1, 4]]
[1, 1, 0.2, 0.2, 0.2, 0.2, 0.2, 0.2, 0.2, 0.2,
0.2, 0.2, 0.04, 0.04, 0.04, 0.04, 0.04, 0.04, 0.04, 0.04,
0.04, 0.04, 0.008, 0.008, 0.008, 0.008, 0.008, 0.008, 0.008, 0.008,
0.008, 0.008, 0.0016, 0.0016, 0.0016, 0.0016, 0.0016, 0.0016, 0.0016, 0.0016,
0.0016, 0.0016, 0.00032, 0.00032, 0.00032, 0.00032, 0.00032, 0.00032, 0.00032, 0.00032,
0.00032, 0.00032, 6.4e-05, 6.4e-05, 6.4e-05, 6.4e-05, 6.4e-05, 6.4e-05, 6.4e-05, 6.4e-05,
6.4e-05, 6.4e-05, 1.28e-05, 1.28e-05, 1.28e-05, 1.28e-05, 1.28e-05, 1.28e-05, 1.28e-05, 1.28e-05,
1.28e-05, 1.28e-05]
[10, 13, 5, 11, 12, 7, 15, 13, 15, 14,
12, 1, 17, 9, 19, 2, 5, 4, 19, 13,
1, 12, 6, 7, 15, 6, 4, 5, 5, 2,
3, 6, 12, 4, 10, 7, 1, 13, 5, 13,
5, 11, 10, 11, 16, 4, 2, 12, 6, 9,
9, 12, 9, 10, 17, 19, 6, 5, 3, 4,
14, 3, 11, 14, 8, 18, 4, 0, 0, 12,
18, 4]
------------------------------------------------------- 
# stage = 8	# children c = 5	length of each stage p = 2	nodes = 71	# items I = 1
