[26, 59, 3, 86, 71, 4, 61, 7, 33, 3,
3, 79, 63, 18, 68, 18, 24, 53, 90, 24,
11, 88, 25, 77, 8, 32, 76, 8, 76, 54,
34, 68, 12, 4, 20, 83, 75, 81, 56, 7,
84, 25, 52, 12]
[[769, 213, 801], [344, 766, 638], [245, 47, 241], [458, 561, 609], [509, 183, 633], [908, 969, 83], [734, 102, 308], [481, 888, 788], [130, 706, 385], [941, 270, 476],
[46, 52, 58], [215, 751, 824], [853, 9, 239], [107, 822, 168], [84, 344, 352], [718, 621, 689], [169, 368, 791], [832, 217, 693], [1, 347, 767], [386, 656, 50],
[862, 70, 457], [920, 285, 221], [125, 507, 586], [720, 969, 421], [888, 67, 134], [608, 153, 755], [311, 322, 491], [115, 522, 709], [808, 523, 424], [589, 909, 449],
[7, 152, 519], [465, 441, 173], [686, 566, 48], [285, 654, 30], [75, 911, 452], [564, 532, 960], [687, 843, 650], [191, 327, 185], [268, 148, 708], [61, 105, 985],
[510, 113, 151], [397, 578, 592], [570, 632, 526], [973, 918, 194]]
[[5, 1, 3, 1], [6, 7, 8, 10], [9, 7, 10, 2], [3, 10, 6, 4], [1, 1, 9, 6], [1, 3, 1, 3], [9, 3, 4, 10], [6, 0, 4, 1], [0, 7, 2, 4], [1, 8, 4, 8],
[3, 1, 0, 6], [1, 6, 8, 0], [7, 6, 7, 9], [9, 6, 10, 5], [10, 3, 2, 5], [2, 6, 4, 0], [1, 7, 4, 0], [2, 6, 9, 5], [8, 9, 0, 7], [2, 9, 7, 9],
[2, 3, 5, 1], [10, 5, 4, 7], [6, 5, 10, 8], [9, 4, 8, 10], [9, 0, 9, 0], [6, 7, 4, 3], [3, 4, 8, 5], [0, 5, 1, 3], [8, 7, 2, 5], [10, 4, 1, 5],
[9, 1, 1, 8], [5, 7, 5, 1], [7, 3, 10, 3], [10, 3, 4, 2], [6, 2, 5, 6], [5, 7, 7, 0], [1, 7, 6, 0], [1, 7, 5, 10], [8, 6, 7, 0], [3, 2, 1, 8],
[5, 10, 9, 3], [2, 1, 3, 8], [3, 9, 2, 6], [3, 7, 6, 4]]
[1, 1, 0.333333, 0.333333, 0.333333, 0.333333, 0.333333, 0.333333, 0.111111, 0.111111,
0.111111, 0.111111, 0.111111, 0.111111, 0.037037, 0.037037, 0.037037, 0.037037, 0.037037, 0.037037,
0.0123457, 0.0123457, 0.0123457, 0.0123457, 0.0123457, 0.0123457, 0.00411523, 0.00411523, 0.00411523, 0.00411523,
0.00411523, 0.00411523, 0.00137174, 0.00137174, 0.00137174, 0.00137174, 0.00137174, 0.00137174, 0.000457247, 0.000457247,
0.000457247, 0.000457247, 0.000457247, 0.000457247]
[14, 7, 2, 18, 2, 6, 13, 5, 12, 9,
13, 16, 10, 6, 8, 6, 6, 16, 0, 13,
1, 3, 4, 8, 13, 0, 18, 14, 9, 5,
15, 12, 1, 6, 15, 8, 10, 14, 4, 15,
11, 3, 16, 10]
------------------------------------------------------- 
# stage = 8	# children c = 3	length of each stage p = 2	nodes = 43	# items I = 1
