[73, 57, 21, 66, 46, 11, 10, 10, 27, 70,
12, 37, 48, 37, 11, 62, 78, 68, 24, 8,
48, 25, 5, 12, 60, 6, 33, 97, 28, 32,
52, 67, 89, 74, 100, 0, 85, 9, 77, 79,
79, 90, 15, 93, 26, 94, 20, 71, 61, 45,
45, 76, 70, 50, 54, 29, 23, 54, 26, 51,
86, 78, 85, 40, 51, 84, 40, 2, 93, 83,
47, 37]
[[919, 247, 664], [244, 907, 411], [265, 683, 799], [193, 161, 390], [917, 588, 770], [224, 742, 544], [276, 499, 124], [620, 636, 407], [938, 160, 439], [4, 0, 489],
[719, 919, 712], [417, 171, 627], [803, 411, 343], [610, 604, 505], [34, 555, 101], [779, 754, 818], [356, 64, 325], [455, 684, 961], [837, 630, 154], [310, 610, 154],
[774, 362, 81], [494, 754, 227], [154, 591, 639], [473, 234, 251], [953, 243, 781], [62, 55, 569], [856, 386, 633], [214, 842, 325], [209, 712, 955], [338, 55, 573],
[468, 805, 936], [549, 332, 698], [777, 462, 297], [424, 910, 507], [675, 896, 750], [490, 958, 781], [92, 847, 200], [725, 70, 75], [58, 279, 788], [21, 592, 818],
[595, 93, 631], [539, 643, 939], [270, 428, 434], [543, 852, 377], [83, 560, 281], [808, 58, 272], [622, 150, 128], [823, 850, 198], [873, 908, 452], [669, 905, 77],
[496, 533, 171], [160, 80, 789], [132, 325, 225], [541, 868, 110], [893, 951, 645], [207, 793, 679], [455, 448, 829], [558, 279, 688], [756, 161, 629], [216, 830, 542],
[268, 359, 83], [414, 495, 163], [236, 627, 489], [461, 177, 365], [546, 103, 350], [200, 311, 151], [879, 766, 599], [716, 357, 854], [437, 121, 23], [75, 312, 828],
[617, 580, 196], [701, 28, 691]]
[[10, 3, 3, 2], [6, 10, 7, 10], [4, 10, 10, 2], [3, 0, 4, 10], [7, 0, 4, 4], [3, 7, 7, 9], [3, 10, 4, 2], [6, 9, 3, 3], [1, 6, 3, 6], [4, 8, 3, 8],
[7, 0, 0, 0], [0, 2, 10, 8], [2, 1, 1, 3], [6, 7, 1, 9], [6, 5, 0, 10], [3, 2, 3, 3], [6, 6, 9, 10], [4, 1, 8, 0], [1, 6, 9, 1], [8, 7, 7, 8],
[8, 9, 0, 2], [5, 2, 9, 0], [5, 10, 9, 7], [10, 10, 10, 5], [5, 8, 5, 7], [7, 0, 6, 6], [4, 2, 7, 10], [9, 4, 7, 7], [0, 5, 9, 5], [5, 5, 3, 0],
[4, 1, 7, 1], [0, 4, 7, 4], [10, 10, 9, 6], [8, 2, 1, 1], [5, 6, 0, 3], [8, 5, 10, 8], [10, 6, 0, 3], [1, 4, 3, 3], [3, 8, 3, 2], [1, 10, 6, 9],
[7, 2, 4, 4], [5, 3, 3, 10], [7, 1, 0, 5], [6, 9, 0, 3], [2, 1, 6, 3], [3, 7, 5, 6], [4, 8, 8, 3], [5, 1, 1, 10], [2, 3, 1, 7], [4, 4, 4, 1],
[5, 2, 4, 0], [0, 2, 1, 3], [3, 8, 4, 4], [4, 7, 0, 9], [4, 6, 10, 7], [6, 10, 6, 8], [0, 7, 2, 5], [9, 4, 4, 3], [6, 6, 1, 7], [8, 3, 10, 10],
[9, 1, 3, 2], [9, 1, 9, 0], [8, 9, 8, 1], [6, 1, 9, 4], [7, 9, 7, 5], [2, 0, 7, 6], [4, 6, 2, 0], [7, 10, 10, 5], [1, 0, 6, 8], [2, 4, 8, 10],
[0, 5, 9, 6], [5, 7, 0, 1]]
[1, 1, 0.2, 0.2, 0.2, 0.2, 0.2, 0.2, 0.2, 0.2,
0.2, 0.2, 0.04, 0.04, 0.04, 0.04, 0.04, 0.04, 0.04, 0.04,
0.04, 0.04, 0.008, 0.008, 0.008, 0.008, 0.008, 0.008, 0.008, 0.008,
0.008, 0.008, 0.0016, 0.0016, 0.0016, 0.0016, 0.0016, 0.0016, 0.0016, 0.0016,
0.0016, 0.0016, 0.00032, 0.00032, 0.00032, 0.00032, 0.00032, 0.00032, 0.00032, 0.00032,
0.00032, 0.00032, 6.4e-05, 6.4e-05, 6.4e-05, 6.4e-05, 6.4e-05, 6.4e-05, 6.4e-05, 6.4e-05,
6.4e-05, 6.4e-05, 1.28e-05, 1.28e-05, 1.28e-05, 1.28e-05, 1.28e-05, 1.28e-05, 1.28e-05, 1.28e-05,
1.28e-05, 1.28e-05]
[5, 1, 4, 7, 7, 5, 3, 3, 4, 6,
5, 5, 9, 9, 6, 1, 0, 2, 8, 6,
5, 8, 9, 8, 7, 9, 2, 7, 8, 4,
9, 1, 9, 5, 2, 6, 6, 0, 9, 0,
7, 3, 5, 5, 1, 4, 8, 0, 8, 6,
0, 2, 0, 3, 5, 0, 4, 8, 5, 7,
6, 9, 9, 3, 9, 2, 7, 8, 1, 8,
7, 3]
------------------------------------------------------- 
# stage = 8	# children c = 5	length of each stage p = 2	nodes = 71	# items I = 1
