[48, 66, 96, 96, 97, 14, 33, 94, 27, 53,
13, 8, 40, 62, 80, 92, 39, 5, 93, 14,
89, 44, 59, 93, 49, 11, 57, 92, 84, 81,
78, 31]
[[1721, 332, 1379], [2257, 1465, 597], [1140, 12, 1651], [612, 1561, 146], [325, 722, 206], [437, 369, 1629], [597, 258, 1300], [262, 2409, 1267], [1340, 1347, 1109], [804, 1770, 717],
[1420, 562, 533], [386, 2303, 1999], [468, 1030, 2011], [2119, 1642, 1159], [1749, 1452, 1365], [1439, 1373, 1219], [140, 1970, 1477], [1440, 2232, 957], [294, 643, 2305], [887, 932, 1662],
[1605, 2352, 2224], [2138, 2223, 1598], [1208, 278, 215], [806, 1881, 1341], [1450, 1218, 2277], [402, 2141, 1237], [1105, 2281, 795], [170, 1309, 98], [1127, 1087, 226], [503, 1975, 1158],
[2165, 651, 1097], [1460, 376, 391]]
[[10, 8, 2, 4], [7, 6, 3, 1], [5, 6, 0, 2], [4, 5, 2, 8], [9, 5, 5, 0], [10, 0, 8, 9], [9, 10, 3, 5], [3, 0, 10, 0], [8, 1, 5, 2], [5, 8, 4, 10],
[2, 2, 10, 6], [7, 1, 1, 6], [6, 6, 4, 5], [6, 1, 1, 4], [10, 5, 7, 0], [5, 4, 1, 1], [3, 4, 3, 8], [10, 7, 5, 1], [8, 4, 5, 4], [5, 6, 8, 9],
[10, 1, 1, 3], [1, 2, 7, 9], [5, 1, 7, 9], [5, 8, 10, 8], [10, 2, 3, 10], [8, 8, 9, 5], [1, 2, 7, 4], [8, 5, 0, 6], [4, 10, 9, 3], [0, 4, 1, 5],
[5, 9, 3, 0], [4, 0, 6, 4]]
[1, 1, 0.333333, 0.333333, 0.333333, 0.333333, 0.333333, 0.333333, 0.111111, 0.111111,
0.111111, 0.111111, 0.111111, 0.111111, 0.037037, 0.037037, 0.037037, 0.037037, 0.037037, 0.037037,
0.0123457, 0.0123457, 0.0123457, 0.0123457, 0.0123457, 0.0123457, 0.00411523, 0.00411523, 0.00411523, 0.00411523,
0.00411523, 0.00411523]
[1, 13, 14, 24, 10, 24, 10, 23, 11, 7,
0, 23, 13, 11, 17, 15, 24, 10, 10, 18,
15, 1, 3, 1, 7, 4, 11, 8, 7, 19,
11, 21]
------------------------------------------------------- 
# stage = 6	# children c = 3	length of each stage p = 2	nodes = 31	# items I = 1
