[95, 85, 66, 71, 79, 75, 30, 10, 80, 71,
32, 13, 77, 4, 49, 31, 36, 8, 31, 35,
20, 36, 6, 84, 0, 93, 84, 58, 55, 36,
100, 16]
[[861, 911, 315], [1082, 351, 1336], [563, 1007, 168], [168, 171, 1638], [1685, 87, 1220], [576, 753, 481], [458, 1158, 1467], [256, 1071, 1002], [1384, 1249, 459], [12, 491, 1501],
[1666, 469, 1528], [193, 1551, 92], [646, 1230, 215], [814, 1398, 1290], [1568, 411, 1377], [1000, 103, 1246], [1481, 562, 1520], [277, 1722, 803], [1279, 1319, 264], [855, 447, 1660],
[1472, 1229, 341], [1212, 1423, 1008], [1304, 1185, 450], [635, 1115, 964], [137, 896, 1375], [631, 1012, 1479], [89, 1610, 1157], [726, 99, 1091], [1529, 494, 1526], [910, 465, 1090],
[782, 149, 531], [239, 1362, 1070]]
[[7, 9, 10, 5], [6, 6, 5, 1], [5, 1, 5, 2], [9, 8, 4, 5], [10, 1, 7, 5], [3, 9, 5, 0], [1, 6, 1, 0], [0, 8, 2, 5], [4, 2, 10, 0], [8, 5, 1, 0],
[4, 4, 2, 3], [10, 7, 6, 9], [8, 3, 1, 9], [1, 7, 7, 0], [0, 8, 10, 9], [4, 1, 4, 8], [1, 1, 8, 7], [6, 7, 8, 9], [0, 8, 1, 0], [2, 5, 7, 10],
[8, 9, 7, 8], [3, 1, 6, 3], [10, 5, 2, 1], [5, 4, 9, 6], [5, 7, 1, 10], [3, 9, 8, 2], [4, 7, 0, 7], [1, 5, 4, 8], [1, 9, 5, 4], [0, 9, 6, 8],
[4, 8, 9, 7], [10, 7, 0, 4]]
[1, 1, 0.333333, 0.333333, 0.333333, 0.333333, 0.333333, 0.333333, 0.111111, 0.111111,
0.111111, 0.111111, 0.111111, 0.111111, 0.037037, 0.037037, 0.037037, 0.037037, 0.037037, 0.037037,
0.0123457, 0.0123457, 0.0123457, 0.0123457, 0.0123457, 0.0123457, 0.00411523, 0.00411523, 0.00411523, 0.00411523,
0.00411523, 0.00411523]
[12, 15, 3, 9, 2, 11, 0, 14, 2, 9,
2, 12, 13, 14, 4, 5, 6, 0, 13, 16,
10, 1, 3, 16, 2, 0, 1, 13, 15, 13,
3, 13]
------------------------------------------------------- 
# stage = 6	# children c = 3	length of each stage p = 2	nodes = 31	# items I = 1
