[34, 49, 36, 70, 96, 33, 36, 54, 4, 31,
58, 68, 82, 79, 49, 60, 91, 71, 41, 19,
1, 14, 44, 68, 27, 98, 14, 73, 96, 40,
39, 29, 55, 75, 65, 51, 74, 1, 4, 45,
99, 63, 12, 80, 7, 27, 5, 64, 64, 12,
84, 65, 26, 27, 100, 19, 25, 80, 92, 87,
19, 30, 83, 75, 5, 47, 25, 45, 14, 29,
90, 79]
[[1555, 488, 1256], [1729, 1234, 2101], [1668, 2142, 1449], [504, 1635, 289], [72, 1724, 2022], [489, 1346, 252], [2004, 1240, 567], [602, 2172, 1431], [1690, 293, 1041], [1650, 1362, 1814],
[318, 1909, 108], [567, 1444, 1342], [473, 917, 1289], [914, 414, 1916], [195, 1673, 1446], [1209, 1154, 1784], [1462, 964, 830], [2029, 558, 807], [1266, 53, 1100], [1299, 696, 1454],
[918, 6, 1169], [18, 573, 1605], [352, 38, 1514], [633, 2139, 920], [355, 139, 399], [793, 341, 545], [382, 1803, 1509], [204, 1637, 1060], [4, 1895, 1113], [96, 999, 801],
[1551, 910, 808], [1712, 928, 373], [114, 273, 1599], [1628, 906, 535], [1541, 1261, 1862], [1940, 1046, 8], [1477, 421, 1811], [792, 1812, 245], [1852, 1816, 1133], [1957, 1913, 2132],
[1751, 261, 2034], [364, 965, 1955], [737, 1079, 33], [1328, 1699, 2126], [1864, 37, 185], [1531, 969, 1231], [1539, 252, 1652], [1155, 36, 1270], [392, 880, 2078], [1525, 642, 788],
[455, 1385, 1049], [294, 1749, 1006], [1241, 1479, 1077], [1274, 612, 1769], [198, 281, 1806], [383, 804, 581], [606, 148, 833], [1251, 295, 869], [1513, 688, 741], [1396, 18, 1383],
[1177, 473, 1761], [1218, 1955, 1315], [30, 1001, 599], [99, 1268, 204], [1868, 1466, 1672], [1480, 841, 282], [1053, 1447, 430], [878, 503, 1913], [739, 1008, 406], [1480, 210, 424],
[1855, 1387, 2085], [1421, 410, 1845]]
[[2, 7, 7, 10], [5, 6, 2, 4], [8, 1, 9, 0], [9, 5, 0, 4], [7, 2, 8, 7], [4, 10, 4, 9], [7, 1, 2, 2], [4, 5, 3, 5], [1, 0, 2, 5], [6, 4, 9, 4],
[3, 7, 2, 2], [0, 1, 4, 5], [3, 1, 10, 5], [0, 3, 3, 6], [2, 4, 8, 5], [9, 0, 10, 10], [0, 1, 4, 7], [4, 0, 9, 7], [6, 9, 7, 6], [8, 1, 9, 10],
[0, 9, 4, 10], [10, 6, 5, 2], [10, 2, 7, 8], [2, 4, 7, 1], [5, 10, 6, 7], [8, 2, 4, 3], [9, 9, 7, 7], [8, 6, 4, 9], [2, 6, 8, 1], [1, 0, 1, 0],
[2, 6, 8, 2], [10, 3, 1, 3], [0, 7, 10, 8], [7, 1, 10, 6], [0, 4, 0, 6], [8, 4, 2, 10], [10, 8, 10, 1], [8, 0, 10, 8], [7, 8, 9, 4], [9, 10, 7, 9],
[5, 5, 4, 1], [6, 1, 5, 4], [6, 5, 0, 3], [7, 2, 1, 7], [0, 0, 6, 6], [9, 3, 4, 3], [9, 0, 8, 7], [8, 2, 3, 2], [7, 6, 2, 1], [7, 5, 5, 2],
[0, 5, 6, 7], [6, 7, 1, 4], [5, 5, 10, 3], [9, 1, 7, 7], [10, 2, 2, 8], [4, 5, 8, 10], [0, 10, 0, 8], [5, 5, 10, 3], [9, 3, 8, 4], [8, 10, 6, 2],
[2, 3, 4, 0], [3, 0, 8, 2], [0, 8, 10, 2], [2, 8, 1, 3], [5, 10, 9, 8], [3, 6, 0, 1], [10, 9, 3, 5], [6, 9, 8, 8], [10, 1, 7, 2], [10, 2, 5, 10],
[10, 2, 10, 1], [10, 1, 2, 5]]
[1, 1, 0.2, 0.2, 0.2, 0.2, 0.2, 0.2, 0.2, 0.2,
0.2, 0.2, 0.04, 0.04, 0.04, 0.04, 0.04, 0.04, 0.04, 0.04,
0.04, 0.04, 0.008, 0.008, 0.008, 0.008, 0.008, 0.008, 0.008, 0.008,
0.008, 0.008, 0.0016, 0.0016, 0.0016, 0.0016, 0.0016, 0.0016, 0.0016, 0.0016,
0.0016, 0.0016, 0.00032, 0.00032, 0.00032, 0.00032, 0.00032, 0.00032, 0.00032, 0.00032,
0.00032, 0.00032, 6.4e-05, 6.4e-05, 6.4e-05, 6.4e-05, 6.4e-05, 6.4e-05, 6.4e-05, 6.4e-05,
6.4e-05, 6.4e-05, 1.28e-05, 1.28e-05, 1.28e-05, 1.28e-05, 1.28e-05, 1.28e-05, 1.28e-05, 1.28e-05,
1.28e-05, 1.28e-05]
[7, 8, 2, 4, 10, 10, 3, 10, 8, 7,
0, 0, 5, 2, 2, 5, 4, 2, 2, 3,
4, 8, 3, 8, 1, 10, 4, 6, 8, 9,
6, 8, 3, 4, 1, 5, 7, 0, 8, 6,
6, 10, 1, 6, 0, 8, 7, 5, 0, 2,
5, 3, 8, 9, 5, 0, 6, 0, 2, 5,
9, 6, 3, 0, 7, 2, 8, 9, 4, 7,
7, 10]
------------------------------------------------------- 
# stage = 8	# children c = 5	length of each stage p = 2	nodes = 71	# items I = 1
