[92, 48, 81, 90, 9, 39, 0, 47, 91, 41,
66, 13, 40, 2, 19, 22, 47, 35, 74, 1,
90, 48, 90, 87, 73, 85, 14, 65, 26, 100,
16, 17, 47, 63, 6, 22, 1, 73, 70, 58,
13, 1, 72, 20, 3, 91, 42, 50, 92, 82,
17, 47, 96, 6, 33, 69, 57, 47, 33, 83,
46, 15, 66, 93, 78, 72, 15, 46, 45, 51,
3, 24, 52, 41, 44, 21, 98, 53, 71, 89]
[[686, 241, 874], [800, 547, 107], [932, 709, 1052], [580, 810, 166], [511, 748, 777], [411, 496, 554], [207, 1021, 674], [796, 459, 463], [1026, 619, 661], [66, 176, 735],
[860, 862, 426], [123, 51, 973], [230, 983, 71], [733, 503, 882], [899, 1014, 569], [66, 364, 4], [620, 21, 475], [744, 267, 935], [657, 743, 1004], [257, 260, 119],
[442, 570, 431], [869, 693, 483], [231, 374, 405], [303, 46, 908], [124, 945, 311], [693, 461, 125], [147, 531, 146], [72, 214, 925], [457, 871, 607], [401, 579, 317],
[1031, 1021, 887], [402, 279, 520], [885, 1022, 344], [740, 264, 390], [588, 388, 785], [899, 531, 186], [1025, 128, 717], [621, 711, 382], [996, 108, 192], [1054, 1020, 221],
[310, 990, 693], [648, 842, 422], [618, 116, 383], [962, 857, 647], [291, 895, 485], [15, 183, 466], [712, 658, 594], [880, 219, 245], [201, 154, 864], [904, 658, 823],
[65, 969, 202], [758, 556, 1045], [119, 113, 611], [503, 525, 918], [600, 816, 752], [25, 281, 936], [1002, 444, 533], [1047, 263, 202], [742, 464, 868], [545, 307, 465],
[307, 883, 373], [1020, 30, 379], [1004, 150, 1003], [5, 103, 467], [923, 153, 733], [65, 689, 1015], [1001, 631, 398], [984, 617, 661], [126, 298, 575], [444, 843, 332],
[909, 600, 666], [733, 559, 696], [562, 1014, 296], [505, 469, 399], [972, 331, 3], [645, 396, 692], [49, 847, 262], [958, 771, 879], [8, 347, 627], [583, 791, 920]]
[[0, 2, 2, 4], [9, 7, 8, 1], [9, 0, 0, 10], [4, 8, 10, 9], [0, 5, 1, 0], [10, 8, 6, 9], [8, 4, 7, 10], [5, 5, 4, 6], [5, 5, 8, 3], [1, 5, 2, 10],
[5, 0, 8, 7], [8, 5, 5, 8], [10, 7, 9, 7], [4, 2, 3, 10], [4, 10, 9, 10], [2, 3, 3, 7], [6, 0, 8, 7], [5, 8, 5, 8], [8, 0, 4, 3], [5, 7, 9, 2],
[3, 5, 7, 5], [7, 10, 5, 1], [7, 1, 9, 9], [2, 1, 3, 8], [1, 9, 3, 6], [4, 8, 1, 10], [8, 3, 2, 0], [10, 0, 2, 1], [6, 7, 6, 0], [4, 9, 10, 0],
[9, 8, 7, 0], [9, 8, 9, 10], [6, 10, 3, 8], [7, 4, 7, 2], [5, 7, 2, 5], [5, 2, 6, 0], [9, 10, 10, 2], [9, 9, 0, 7], [7, 7, 5, 5], [2, 1, 5, 6],
[0, 6, 3, 5], [0, 10, 7, 5], [6, 7, 8, 9], [9, 3, 10, 5], [1, 7, 5, 10], [5, 5, 4, 10], [10, 7, 5, 1], [9, 8, 7, 7], [3, 8, 2, 1], [7, 9, 5, 0],
[6, 2, 10, 2], [4, 7, 8, 5], [1, 0, 2, 6], [6, 4, 4, 3], [0, 9, 3, 7], [4, 8, 4, 5], [6, 4, 5, 0], [2, 10, 1, 6], [10, 9, 7, 3], [3, 2, 6, 4],
[2, 8, 8, 6], [10, 1, 10, 9], [8, 0, 5, 10], [8, 7, 5, 3], [0, 10, 4, 1], [7, 3, 5, 4], [10, 1, 8, 2], [1, 1, 4, 4], [10, 10, 8, 7], [1, 7, 5, 7],
[5, 0, 7, 3], [5, 10, 6, 6], [7, 8, 5, 1], [0, 10, 5, 10], [10, 0, 10, 0], [2, 3, 2, 10], [3, 0, 6, 2], [5, 1, 7, 0], [10, 1, 3, 4], [0, 7, 10, 5]]
[1, 1, 1, 1, 1, 0.333333, 0.333333, 0.333333, 0.333333, 0.333333,
0.333333, 0.333333, 0.333333, 0.333333, 0.333333, 0.333333, 0.333333, 0.333333, 0.333333, 0.333333,
0.111111, 0.111111, 0.111111, 0.111111, 0.111111, 0.111111, 0.111111, 0.111111, 0.111111, 0.111111,
0.111111, 0.111111, 0.111111, 0.111111, 0.111111, 0.037037, 0.037037, 0.037037, 0.037037, 0.037037,
0.037037, 0.037037, 0.037037, 0.037037, 0.037037, 0.037037, 0.037037, 0.037037, 0.037037, 0.037037,
0.0123457, 0.0123457, 0.0123457, 0.0123457, 0.0123457, 0.0123457, 0.0123457, 0.0123457, 0.0123457, 0.0123457,
0.0123457, 0.0123457, 0.0123457, 0.0123457, 0.0123457, 0.00411523, 0.00411523, 0.00411523, 0.00411523, 0.00411523,
0.00411523, 0.00411523, 0.00411523, 0.00411523, 0.00411523, 0.00411523, 0.00411523, 0.00411523, 0.00411523, 0.00411523]
[21, 19, 14, 9, 19, 14, 7, 14, 15, 1,
12, 14, 4, 3, 21, 5, 10, 3, 9, 12,
13, 1, 19, 10, 1, 7, 0, 3, 6, 7,
3, 2, 11, 9, 14, 1, 1, 3, 13, 11,
1, 2, 16, 5, 7, 3, 21, 20, 8, 6,
5, 2, 6, 6, 19, 11, 12, 18, 17, 4,
10, 9, 11, 17, 12, 18, 3, 0, 2, 4,
20, 15, 4, 12, 7, 20, 19, 0, 11, 2]
------------------------------------------------------- 
# stage = 6	# children c = 3	length of each stage p = 5	nodes = 79	# items I = 1
