[4, 95, 0, 74, 62, 13, 8, 95, 67, 71,
6, 87, 5, 86, 15, 32, 68, 47, 97, 82,
19, 72, 6, 86, 29, 69, 91, 90, 14, 79,
54, 86, 40, 21, 59, 1, 0, 68, 96, 67,
4, 68, 53, 76, 19, 34, 75, 54, 81, 71,
35, 67]
[[1384, 1720, 1743], [816, 104, 403], [674, 599, 865], [1613, 224, 1395], [775, 465, 1533], [1669, 917, 888], [7, 1681, 1772], [890, 827, 175], [1849, 333, 825], [1188, 211, 1203],
[1474, 1595, 992], [117, 480, 1858], [1282, 1155, 526], [979, 1599, 1513], [443, 1205, 809], [807, 943, 1726], [526, 951, 307], [368, 1841, 1134], [1305, 590, 1467], [200, 609, 1678],
[234, 152, 1343], [57, 1031, 654], [1915, 1145, 640], [1273, 193, 309], [1617, 1398, 1514], [495, 275, 527], [290, 1563, 1478], [598, 762, 219], [563, 137, 1571], [100, 1099, 250],
[1778, 164, 1164], [21, 221, 1027], [676, 967, 241], [1316, 1071, 434], [456, 1519, 663], [40, 83, 1700], [1329, 1136, 1333], [876, 565, 164], [1857, 1128, 1063], [328, 59, 231],
[578, 1838, 395], [574, 690, 1378], [1601, 1366, 415], [1842, 1514, 317], [1107, 39, 1837], [601, 841, 751], [371, 239, 718], [1704, 1877, 1283], [699, 634, 1243], [1763, 963, 1302],
[825, 372, 40], [1221, 946, 731]]
[[1, 10, 1, 5], [2, 1, 8, 1], [4, 0, 4, 1], [8, 1, 4, 4], [2, 1, 3, 9], [6, 4, 1, 9], [8, 5, 2, 5], [9, 1, 6, 8], [9, 7, 3, 1], [7, 9, 0, 0],
[7, 2, 10, 2], [3, 1, 6, 4], [2, 9, 2, 7], [1, 1, 3, 9], [7, 3, 3, 3], [4, 10, 1, 1], [4, 2, 0, 0], [0, 9, 9, 8], [0, 8, 10, 1], [10, 4, 5, 10],
[0, 5, 4, 1], [7, 7, 10, 1], [10, 1, 4, 2], [0, 3, 3, 2], [5, 1, 3, 6], [10, 10, 1, 10], [8, 9, 0, 5], [2, 4, 2, 3], [9, 7, 4, 3], [1, 2, 4, 1],
[3, 7, 1, 1], [10, 4, 3, 5], [3, 4, 9, 2], [4, 10, 10, 10], [8, 8, 2, 9], [1, 4, 10, 9], [9, 1, 10, 0], [3, 2, 10, 4], [9, 0, 5, 6], [4, 7, 9, 5],
[0, 7, 7, 2], [4, 6, 10, 2], [1, 1, 9, 1], [4, 8, 10, 2], [9, 9, 0, 0], [0, 10, 4, 7], [10, 8, 3, 1], [4, 1, 6, 2], [7, 2, 3, 0], [6, 2, 0, 6],
[2, 9, 7, 4], [4, 6, 6, 1]]
[1, 1, 0.2, 0.2, 0.2, 0.2, 0.2, 0.2, 0.2, 0.2,
0.2, 0.2, 0.04, 0.04, 0.04, 0.04, 0.04, 0.04, 0.04, 0.04,
0.04, 0.04, 0.008, 0.008, 0.008, 0.008, 0.008, 0.008, 0.008, 0.008,
0.008, 0.008, 0.0016, 0.0016, 0.0016, 0.0016, 0.0016, 0.0016, 0.0016, 0.0016,
0.0016, 0.0016, 0.00032, 0.00032, 0.00032, 0.00032, 0.00032, 0.00032, 0.00032, 0.00032,
0.00032, 0.00032]
[0, 6, 4, 6, 8, 8, 0, 4, 5, 2,
2, 8, 4, 8, 9, 7, 9, 9, 6, 1,
7, 0, 7, 2, 8, 9, 5, 8, 7, 2,
0, 1, 8, 7, 0, 0, 0, 7, 9, 4,
6, 9, 5, 3, 7, 4, 0, 7, 8, 4,
4, 5]
------------------------------------------------------- 
# stage = 6	# children c = 5	length of each stage p = 2	nodes = 51	# items I = 1
