[14, 87, 36, 86, 10, 7, 15, 36, 34, 33,
40, 79, 52, 53, 3, 78, 14, 41, 33, 60,
50, 25, 45, 44, 54, 74, 55, 99, 24, 41,
93, 4, 27, 28, 56, 3, 35, 72, 40, 35,
71, 46, 80, 90, 66, 84, 67, 46, 91, 67,
6, 40, 92, 51, 50, 45, 91, 4, 9, 81,
11, 1, 51, 38, 29, 6, 8, 30, 44, 14,
32, 15, 26, 11, 4, 58, 61, 37, 4, 51]
[[1445, 1353, 1169], [287, 1655, 602], [274, 1521, 1934], [962, 1702, 1639], [1382, 1225, 743], [1891, 2177, 1619], [928, 138, 10], [268, 2242, 978], [1947, 1190, 1096], [274, 2096, 786],
[1014, 1210, 2140], [2184, 550, 1464], [1839, 824, 2039], [1442, 840, 463], [750, 2222, 1688], [1494, 835, 588], [2166, 816, 726], [2176, 137, 2022], [2207, 2084, 881], [25, 1412, 2031],
[812, 95, 2294], [2005, 1332, 514], [191, 840, 391], [2230, 1335, 1231], [363, 2086, 176], [2051, 302, 64], [1692, 137, 2265], [1472, 1366, 71], [1163, 295, 2156], [1097, 321, 290],
[797, 186, 1769], [761, 2191, 771], [328, 51, 664], [719, 1335, 2000], [1004, 751, 808], [1180, 1855, 1110], [297, 1217, 300], [231, 358, 719], [1687, 1521, 1014], [1512, 287, 1335],
[855, 138, 1521], [293, 899, 434], [117, 1227, 486], [782, 999, 874], [1835, 2003, 1625], [312, 2236, 1149], [475, 203, 35], [775, 1818, 393], [1494, 1174, 967], [177, 1739, 308],
[566, 263, 446], [1140, 1941, 398], [1575, 2058, 678], [1114, 1893, 1677], [1988, 1397, 1350], [1282, 1709, 1255], [1484, 1237, 511], [1520, 2012, 1383], [966, 228, 226], [987, 1790, 1966],
[1295, 25, 1282], [794, 1165, 892], [1192, 409, 2004], [1870, 576, 1566], [269, 233, 2017], [672, 568, 448], [1928, 2053, 1686], [1492, 295, 420], [544, 314, 649], [2155, 1301, 1492],
[843, 1649, 570], [2125, 112, 1735], [2071, 357, 1198], [797, 1280, 1774], [1416, 1550, 1061], [1102, 2222, 1629], [604, 872, 1351], [2290, 1418, 699], [1763, 1962, 1014], [1465, 1786, 2315]]
[[1, 2, 5, 2], [8, 0, 6, 8], [10, 0, 1, 8], [5, 7, 1, 2], [7, 4, 4, 10], [6, 5, 2, 6], [4, 6, 3, 10], [10, 10, 10, 10], [10, 2, 1, 7], [3, 7, 4, 0],
[5, 3, 6, 0], [8, 5, 2, 4], [9, 4, 1, 4], [10, 3, 9, 3], [7, 1, 0, 7], [9, 8, 6, 8], [0, 5, 4, 1], [10, 6, 10, 5], [9, 5, 3, 6], [0, 5, 8, 7],
[7, 10, 1, 6], [2, 8, 7, 10], [7, 6, 4, 5], [3, 8, 0, 3], [2, 2, 2, 10], [8, 1, 2, 4], [5, 5, 8, 5], [8, 5, 10, 5], [2, 9, 9, 5], [6, 4, 2, 2],
[10, 6, 7, 2], [1, 7, 4, 3], [7, 6, 0, 4], [6, 3, 6, 0], [8, 3, 3, 4], [7, 2, 9, 9], [1, 5, 1, 7], [9, 3, 10, 8], [7, 4, 0, 8], [10, 2, 9, 6],
[8, 10, 9, 1], [2, 4, 1, 8], [6, 4, 1, 2], [7, 8, 9, 6], [3, 0, 2, 1], [3, 10, 8, 9], [4, 6, 6, 1], [8, 5, 5, 3], [2, 3, 5, 4], [6, 4, 10, 10],
[9, 1, 1, 3], [7, 8, 9, 10], [8, 9, 10, 1], [9, 5, 8, 0], [0, 3, 1, 6], [6, 4, 9, 8], [6, 1, 10, 1], [4, 10, 0, 0], [9, 10, 1, 5], [7, 10, 3, 5],
[8, 0, 4, 4], [5, 1, 4, 5], [2, 3, 9, 9], [6, 5, 6, 1], [7, 4, 2, 9], [3, 0, 9, 10], [8, 10, 2, 4], [7, 5, 7, 2], [5, 9, 7, 10], [8, 9, 2, 0],
[0, 0, 9, 6], [6, 2, 7, 0], [6, 7, 9, 7], [5, 5, 4, 2], [2, 7, 4, 9], [10, 1, 9, 5], [10, 5, 2, 8], [2, 3, 6, 0], [1, 4, 4, 7], [4, 9, 5, 9]]
[1, 1, 1, 1, 1, 0.333333, 0.333333, 0.333333, 0.333333, 0.333333,
0.333333, 0.333333, 0.333333, 0.333333, 0.333333, 0.333333, 0.333333, 0.333333, 0.333333, 0.333333,
0.111111, 0.111111, 0.111111, 0.111111, 0.111111, 0.111111, 0.111111, 0.111111, 0.111111, 0.111111,
0.111111, 0.111111, 0.111111, 0.111111, 0.111111, 0.037037, 0.037037, 0.037037, 0.037037, 0.037037,
0.037037, 0.037037, 0.037037, 0.037037, 0.037037, 0.037037, 0.037037, 0.037037, 0.037037, 0.037037,
0.0123457, 0.0123457, 0.0123457, 0.0123457, 0.0123457, 0.0123457, 0.0123457, 0.0123457, 0.0123457, 0.0123457,
0.0123457, 0.0123457, 0.0123457, 0.0123457, 0.0123457, 0.00411523, 0.00411523, 0.00411523, 0.00411523, 0.00411523,
0.00411523, 0.00411523, 0.00411523, 0.00411523, 0.00411523, 0.00411523, 0.00411523, 0.00411523, 0.00411523, 0.00411523]
[10, 14, 7, 11, 19, 17, 14, 11, 2, 11,
11, 22, 1, 13, 7, 21, 4, 23, 12, 10,
5, 10, 1, 9, 15, 20, 7, 1, 2, 10,
11, 11, 11, 11, 20, 6, 1, 21, 23, 5,
19, 0, 4, 19, 0, 0, 5, 11, 6, 16,
20, 20, 23, 23, 15, 20, 13, 13, 7, 8,
22, 3, 12, 11, 20, 20, 10, 13, 17, 16,
8, 3, 17, 0, 17, 8, 9, 10, 17, 15]
------------------------------------------------------- 
# stage = 6	# children c = 3	length of each stage p = 5	nodes = 79	# items I = 1
