[26, 47, 62, 88, 70, 83, 63, 89, 94, 88,
96, 100, 95, 30, 93, 90, 87, 55, 17, 54]
[[788, 9, 732], [279, 385, 443], [940, 900, 253], [26, 367, 982], [125, 139, 108], [744, 455, 931], [784, 773, 17], [968, 265, 859], [100, 227, 37], [118, 869, 421],
[973, 656, 430], [704, 625, 815], [147, 255, 405], [90, 972, 462], [71, 96, 601], [870, 530, 55], [800, 313, 519], [818, 971, 784], [366, 71, 10], [403, 880, 569]]
[[0, 8, 10, 9], [2, 4, 10, 7], [6, 7, 8, 7], [2, 3, 10, 0], [0, 1, 7, 3], [4, 6, 4, 3], [5, 8, 1, 8], [9, 8, 2, 9], [3, 1, 5, 4], [6, 4, 0, 1],
[9, 8, 6, 9], [9, 3, 9, 9], [5, 3, 10, 7], [9, 3, 8, 1], [9, 7, 10, 6], [5, 1, 4, 6], [3, 10, 10, 9], [1, 10, 8, 9], [6, 3, 7, 4], [7, 4, 1, 10]]
[1, 1, 0.333333, 0.333333, 0.333333, 0.333333, 0.333333, 0.333333, 0.111111, 0.111111,
0.111111, 0.111111, 0.111111, 0.111111, 0.037037, 0.037037, 0.037037, 0.037037, 0.037037, 0.037037]
[6, 10, 1, 8, 7, 8, 2, 2, 6, 1,
3, 2, 7, 4, 3, 10, 4, 1, 5, 5]
------------------------------------------------------- 
# stage = 4	# children c = 3	length of each stage p = 2	nodes = 19	# items I = 1
