[97, 44, 26, 56, 37, 33, 92, 32, 2, 46,
34, 47, 28, 47, 70, 91, 42, 27, 9, 46,
40, 72, 64, 93, 30, 79, 28, 50, 79, 6,
69, 42, 51, 96, 98, 54, 95, 55, 86, 97,
1, 19, 9, 96, 32, 79, 52, 74, 73, 62,
19, 79, 100, 49, 72, 29, 28, 66, 79, 73,
73, 47, 14, 23, 8, 78, 43, 3, 100, 28,
66, 0, 13, 76, 62, 45, 20, 14, 85, 93,
42, 4, 38, 41, 53, 9, 36, 47, 41, 14,
87, 13, 27, 0, 2, 36, 45, 11, 5, 44,
39, 71]
[[528, 731, 628], [448, 290, 776], [504, 573, 854], [394, 755, 749], [887, 205, 296], [928, 188, 103], [940, 582, 72], [753, 546, 888], [20, 793, 599], [806, 903, 322],
[94, 798, 88], [722, 613, 378], [533, 153, 952], [755, 547, 109], [539, 801, 647], [202, 764, 835], [305, 740, 785], [710, 860, 366], [0, 247, 194], [932, 88, 464],
[289, 514, 297], [709, 272, 910], [122, 172, 430], [441, 294, 344], [883, 833, 181], [897, 403, 945], [134, 75, 87], [919, 152, 315], [652, 153, 562], [846, 452, 651],
[677, 741, 200], [9, 485, 804], [287, 939, 344], [717, 748, 638], [429, 33, 839], [610, 930, 609], [590, 431, 684], [45, 718, 204], [360, 405, 357], [922, 619, 176],
[940, 331, 284], [508, 673, 136], [347, 960, 110], [58, 79, 225], [697, 508, 590], [903, 485, 887], [547, 111, 354], [598, 488, 107], [802, 848, 512], [526, 172, 166],
[702, 148, 498], [21, 23, 538], [157, 370, 533], [600, 761, 944], [825, 493, 820], [783, 763, 340], [705, 345, 783], [94, 943, 306], [533, 148, 521], [413, 674, 61],
[579, 412, 541], [444, 433, 564], [17, 591, 301], [882, 558, 97], [229, 418, 922], [84, 568, 720], [756, 309, 432], [575, 735, 743], [248, 304, 891], [137, 717, 600],
[198, 663, 47], [106, 475, 813], [670, 824, 771], [338, 109, 364], [436, 338, 149], [725, 754, 718], [481, 545, 62], [280, 487, 164], [58, 736, 468], [949, 873, 552],
[917, 438, 583], [964, 544, 425], [179, 581, 284], [950, 919, 393], [349, 722, 98], [831, 483, 852], [584, 331, 765], [13, 611, 287], [177, 670, 58], [13, 21, 298],
[897, 938, 103], [515, 305, 14], [940, 484, 595], [592, 470, 882], [20, 186, 639], [119, 52, 157], [338, 3, 820], [138, 16, 467], [426, 194, 504], [816, 207, 525],
[482, 139, 499], [585, 22, 171]]
[[0, 2, 1, 8], [0, 7, 0, 0], [3, 9, 1, 4], [7, 7, 5, 9], [3, 3, 2, 10], [6, 4, 8, 7], [3, 10, 10, 8], [3, 4, 6, 3], [4, 6, 10, 5], [2, 10, 3, 5],
[7, 4, 10, 1], [0, 2, 0, 1], [5, 0, 0, 10], [4, 7, 4, 5], [4, 1, 2, 8], [3, 7, 9, 8], [0, 6, 0, 0], [4, 3, 5, 0], [7, 2, 1, 5], [3, 10, 7, 6],
[9, 5, 3, 0], [1, 7, 6, 4], [7, 6, 10, 10], [0, 8, 5, 0], [2, 5, 0, 6], [8, 4, 6, 4], [4, 5, 8, 7], [3, 4, 3, 1], [7, 6, 1, 7], [1, 5, 0, 8],
[10, 10, 5, 10], [5, 0, 9, 7], [5, 7, 2, 3], [0, 6, 5, 5], [10, 2, 1, 2], [4, 2, 1, 1], [7, 0, 8, 8], [4, 6, 3, 3], [5, 6, 2, 10], [6, 9, 5, 10],
[6, 7, 0, 6], [3, 3, 9, 2], [6, 9, 2, 8], [0, 3, 7, 5], [1, 2, 2, 5], [8, 3, 8, 0], [8, 9, 9, 1], [5, 3, 0, 0], [10, 9, 5, 0], [2, 3, 2, 6],
[10, 4, 3, 9], [5, 9, 3, 5], [0, 4, 10, 9], [7, 6, 7, 2], [2, 5, 4, 7], [8, 2, 8, 6], [1, 0, 6, 1], [3, 9, 7, 1], [0, 8, 10, 4], [6, 2, 9, 7],
[6, 6, 3, 1], [1, 10, 3, 1], [5, 5, 9, 0], [8, 4, 6, 7], [4, 0, 8, 7], [7, 4, 6, 7], [1, 5, 9, 8], [6, 7, 4, 1], [1, 7, 0, 2], [4, 2, 2, 7],
[7, 0, 8, 2], [4, 1, 9, 8], [10, 6, 2, 6], [8, 9, 3, 10], [1, 10, 5, 7], [7, 7, 9, 6], [1, 7, 8, 5], [7, 10, 2, 4], [8, 8, 4, 1], [7, 1, 7, 7],
[7, 8, 2, 3], [6, 3, 0, 5], [3, 5, 2, 8], [1, 9, 3, 2], [5, 9, 5, 2], [7, 7, 4, 4], [2, 6, 4, 10], [7, 9, 6, 2], [6, 6, 5, 10], [10, 5, 5, 2],
[8, 7, 8, 9], [5, 0, 9, 8], [9, 3, 8, 5], [9, 1, 8, 0], [6, 1, 10, 2], [8, 3, 4, 4], [10, 7, 3, 9], [10, 8, 9, 7], [4, 6, 3, 7], [4, 1, 5, 2],
[3, 0, 6, 1], [2, 3, 1, 8]]
[1, 1, 1, 0.333333, 0.333333, 0.333333, 0.333333, 0.333333, 0.333333, 0.333333,
0.333333, 0.333333, 0.111111, 0.111111, 0.111111, 0.111111, 0.111111, 0.111111, 0.111111, 0.111111,
0.111111, 0.037037, 0.037037, 0.037037, 0.037037, 0.037037, 0.037037, 0.037037, 0.037037, 0.037037,
0.0123457, 0.0123457, 0.0123457, 0.0123457, 0.0123457, 0.0123457, 0.0123457, 0.0123457, 0.0123457, 0.00411523,
0.00411523, 0.00411523, 0.00411523, 0.00411523, 0.00411523, 0.00411523, 0.00411523, 0.00411523, 0.00137174, 0.00137174,
0.00137174, 0.00137174, 0.00137174, 0.00137174, 0.00137174, 0.00137174, 0.00137174, 0.000457247, 0.000457247, 0.000457247,
0.000457247, 0.000457247, 0.000457247, 0.000457247, 0.000457247, 0.000457247, 0.000152416, 0.000152416, 0.000152416, 0.000152416,
0.000152416, 0.000152416, 0.000152416, 0.000152416, 0.000152416, 5.08053e-05, 5.08053e-05, 5.08053e-05, 5.08053e-05, 5.08053e-05,
5.08053e-05, 5.08053e-05, 5.08053e-05, 5.08053e-05, 1.69351e-05, 1.69351e-05, 1.69351e-05, 1.69351e-05, 1.69351e-05, 1.69351e-05,
1.69351e-05, 1.69351e-05, 1.69351e-05, 5.64503e-06, 5.64503e-06, 5.64503e-06, 5.64503e-06, 5.64503e-06, 5.64503e-06, 5.64503e-06,
5.64503e-06, 5.64503e-06]
[4, 2, 7, 9, 6, 3, 8, 1, 0, 3,
9, 3, 8, 0, 4, 8, 9, 7, 9, 2,
3, 7, 2, 8, 5, 9, 5, 6, 9, 6,
5, 4, 9, 2, 1, 5, 3, 7, 7, 9,
1, 9, 5, 4, 5, 0, 9, 8, 1, 8,
8, 8, 1, 0, 3, 3, 2, 3, 1, 3,
0, 3, 1, 9, 4, 6, 4, 5, 4, 4,
9, 6, 1, 0, 9, 4, 9, 2, 9, 5,
0, 8, 0, 0, 5, 5, 3, 7, 4, 0,
4, 7, 2, 0, 3, 0, 0, 0, 6, 8,
6, 7]
------------------------------------------------------- 
# stage = 12	# children c = 3	length of each stage p = 3	nodes = 101	# items I = 1
