[43, 81, 79, 68, 71, 93, 36, 23, 3, 15,
100, 87, 23, 79, 89, 35, 72, 35, 80, 12,
43, 43, 84, 84, 33, 98, 22, 38, 63, 3,
47, 72, 85, 25, 39, 21, 84, 41, 11, 53,
57, 10, 40, 80, 55, 28, 81, 93, 30, 61,
4, 73, 70, 54, 22, 69, 17, 10, 74, 47,
13, 20, 18, 64, 11, 58, 52, 95]
[[465, 827, 214], [80, 563, 621], [410, 687, 328], [334, 531, 136], [507, 568, 709], [109, 530, 170], [804, 516, 435], [460, 459, 352], [23, 195, 617], [730, 280, 708],
[473, 522, 473], [464, 603, 814], [23, 174, 662], [128, 509, 131], [42, 793, 700], [751, 679, 168], [82, 644, 461], [518, 43, 697], [647, 682, 669], [425, 573, 727],
[295, 823, 410], [768, 448, 790], [520, 248, 742], [344, 377, 189], [252, 419, 143], [113, 331, 600], [59, 190, 182], [297, 485, 225], [156, 293, 68], [825, 719, 419],
[713, 791, 403], [62, 497, 629], [13, 179, 38], [532, 300, 192], [721, 552, 611], [26, 443, 719], [403, 502, 71], [585, 799, 333], [811, 732, 627], [656, 496, 284],
[13, 370, 236], [417, 209, 510], [823, 0, 689], [638, 532, 766], [831, 415, 480], [380, 218, 84], [261, 621, 363], [109, 367, 100], [442, 116, 610], [7, 550, 267],
[291, 563, 414], [527, 757, 624], [815, 741, 624], [665, 318, 94], [593, 310, 509], [11, 467, 504], [711, 728, 286], [12, 614, 431], [728, 834, 547], [499, 2, 35],
[766, 294, 599], [119, 598, 517], [743, 574, 197], [305, 178, 292], [399, 548, 379], [686, 559, 7], [351, 208, 513], [638, 220, 288]]
[[3, 2, 9, 10], [5, 4, 8, 2], [3, 0, 8, 6], [0, 1, 3, 3], [1, 9, 1, 7], [10, 1, 1, 5], [0, 7, 5, 3], [1, 7, 1, 5], [7, 10, 4, 1], [2, 1, 1, 5],
[0, 10, 9, 0], [9, 1, 4, 10], [8, 3, 6, 7], [4, 5, 10, 2], [2, 2, 3, 1], [7, 2, 6, 3], [10, 0, 5, 1], [10, 4, 6, 8], [3, 4, 9, 1], [3, 0, 10, 9],
[3, 3, 3, 5], [9, 3, 5, 9], [5, 6, 10, 2], [6, 4, 3, 5], [2, 6, 7, 1], [0, 0, 10, 3], [3, 6, 3, 4], [4, 2, 3, 5], [5, 6, 10, 1], [7, 2, 10, 0],
[6, 8, 2, 1], [1, 3, 4, 3], [10, 0, 2, 10], [1, 10, 0, 2], [5, 1, 6, 9], [1, 7, 3, 7], [1, 0, 6, 8], [0, 4, 8, 4], [1, 8, 3, 0], [1, 8, 1, 0],
[8, 3, 8, 7], [3, 6, 7, 6], [6, 1, 3, 7], [8, 4, 3, 9], [5, 10, 7, 3], [1, 2, 8, 2], [0, 9, 0, 1], [6, 1, 10, 2], [2, 5, 7, 5], [0, 4, 10, 4],
[5, 2, 1, 0], [6, 4, 10, 9], [1, 4, 0, 2], [6, 6, 2, 6], [4, 0, 5, 9], [1, 4, 0, 4], [7, 5, 7, 6], [7, 4, 10, 10], [6, 0, 0, 0], [3, 8, 7, 2],
[1, 7, 3, 5], [2, 5, 1, 7], [6, 4, 5, 5], [7, 3, 7, 3], [6, 4, 9, 3], [6, 7, 0, 0], [7, 0, 0, 10], [6, 5, 2, 7]]
[1, 1, 0.333333, 0.333333, 0.333333, 0.333333, 0.333333, 0.333333, 0.111111, 0.111111,
0.111111, 0.111111, 0.111111, 0.111111, 0.037037, 0.037037, 0.037037, 0.037037, 0.037037, 0.037037,
0.0123457, 0.0123457, 0.0123457, 0.0123457, 0.0123457, 0.0123457, 0.00411523, 0.00411523, 0.00411523, 0.00411523,
0.00411523, 0.00411523, 0.00137174, 0.00137174, 0.00137174, 0.00137174, 0.00137174, 0.00137174, 0.000457247, 0.000457247,
0.000457247, 0.000457247, 0.000457247, 0.000457247, 0.000152416, 0.000152416, 0.000152416, 0.000152416, 0.000152416, 0.000152416,
5.08053e-05, 5.08053e-05, 5.08053e-05, 5.08053e-05, 5.08053e-05, 5.08053e-05, 1.69351e-05, 1.69351e-05, 1.69351e-05, 1.69351e-05,
1.69351e-05, 1.69351e-05, 5.64503e-06, 5.64503e-06, 5.64503e-06, 5.64503e-06, 5.64503e-06, 5.64503e-06]
[8, 8, 4, 5, 8, 7, 2, 3, 3, 3,
7, 3, 2, 0, 7, 1, 1, 3, 2, 2,
7, 8, 4, 1, 2, 1, 4, 2, 4, 3,
6, 7, 6, 8, 8, 5, 0, 4, 3, 8,
8, 1, 3, 8, 3, 8, 6, 4, 7, 7,
1, 3, 5, 1, 1, 0, 8, 2, 4, 0,
2, 5, 3, 0, 0, 5, 8, 7]
------------------------------------------------------- 
# stage = 12	# children c = 3	length of each stage p = 2	nodes = 67	# items I = 1
