[11, 82, 13, 76, 62, 86, 52, 99, 16, 75,
52, 5, 90, 59, 54, 9, 21, 24, 30, 11,
51, 18, 43, 92, 40, 91, 48, 54, 2, 100,
70, 13, 82, 49]
[[634, 21, 241], [347, 958, 672], [874, 289, 38], [220, 927, 75], [38, 1023, 1004], [478, 682, 766], [836, 420, 212], [652, 216, 526], [924, 839, 977], [804, 553, 33],
[1009, 145, 256], [208, 695, 172], [880, 527, 663], [79, 748, 548], [356, 786, 530], [520, 424, 372], [446, 420, 792], [658, 31, 1008], [345, 115, 805], [280, 919, 317],
[515, 46, 664], [771, 254, 519], [103, 295, 207], [767, 576, 115], [273, 92, 61], [1005, 612, 485], [336, 218, 906], [86, 37, 97], [255, 382, 414], [18, 662, 493],
[537, 338, 540], [362, 67, 794], [41, 171, 249], [450, 938, 825]]
[[4, 10, 1, 6], [8, 1, 5, 5], [7, 6, 2, 9], [2, 7, 5, 8], [4, 7, 3, 5], [4, 6, 6, 8], [5, 3, 2, 8], [10, 6, 1, 1], [5, 3, 6, 2], [2, 0, 5, 7],
[5, 5, 3, 7], [2, 8, 3, 4], [2, 6, 10, 6], [10, 5, 2, 4], [7, 4, 10, 4], [8, 1, 6, 2], [2, 1, 3, 2], [10, 8, 9, 4], [3, 10, 10, 3], [7, 2, 5, 8],
[6, 4, 1, 6], [8, 1, 8, 2], [5, 8, 6, 2], [9, 1, 3, 9], [0, 6, 0, 0], [1, 7, 2, 2], [6, 10, 3, 0], [1, 9, 8, 6], [2, 8, 1, 8], [9, 7, 10, 4],
[4, 4, 4, 0], [5, 5, 9, 4], [9, 9, 2, 0], [5, 4, 0, 0]]
[1, 0.333333, 0.333333, 0.333333, 0.111111, 0.111111, 0.111111, 0.037037, 0.037037, 0.037037,
0.0123457, 0.0123457, 0.0123457, 0.00411523, 0.00411523, 0.00411523, 0.00137174, 0.00137174, 0.00137174, 0.000457247,
0.000457247, 0.000457247, 0.000152416, 0.000152416, 0.000152416, 5.08053e-05, 5.08053e-05, 5.08053e-05, 1.69351e-05, 1.69351e-05,
1.69351e-05, 5.64503e-06, 5.64503e-06, 5.64503e-06]
[5, 0, 7, 3, 6, 2, 6, 1, 6, 8,
6, 2, 9, 4, 5, 9, 1, 6, 4, 1,
0, 7, 9, 10, 3, 6, 7, 2, 5, 4,
8, 9, 9, 5]
------------------------------------------------------- 
# stage = 12	# children c = 3	length of each stage p = 1	nodes = 33	# items I = 1
