[32, 100, 22, 12, 93, 96, 8, 28, 56, 99,
18, 17, 14, 76, 9, 46, 53, 94, 29, 25,
94, 84, 16, 35, 94, 21, 93, 22, 64, 11,
22, 96, 10, 11, 7, 2, 6, 83, 98, 28,
47, 15, 46, 61, 91, 21]
[[700, 262, 757], [270, 385, 313], [859, 294, 549], [279, 894, 763], [639, 477, 107], [36, 464, 870], [801, 908, 428], [857, 628, 87], [898, 19, 840], [455, 38, 360],
[544, 780, 622], [409, 116, 115], [722, 82, 451], [378, 361, 410], [207, 107, 929], [356, 185, 458], [292, 51, 474], [762, 909, 209], [891, 872, 270], [796, 434, 351],
[221, 44, 238], [886, 495, 396], [66, 282, 479], [517, 661, 882], [34, 910, 55], [28, 373, 240], [529, 665, 334], [110, 534, 350], [361, 490, 329], [674, 394, 764],
[132, 657, 850], [370, 608, 410], [809, 716, 734], [395, 298, 502], [342, 374, 519], [439, 445, 893], [680, 81, 665], [121, 191, 307], [471, 594, 797], [800, 375, 256],
[629, 507, 21], [586, 920, 629], [61, 794, 411], [838, 254, 751], [405, 596, 191], [32, 143, 678]]
[[3, 9, 2, 1], [8, 1, 4, 1], [1, 2, 8, 1], [7, 1, 7, 3], [9, 6, 0, 0], [2, 7, 4, 5], [9, 4, 7, 1], [6, 10, 9, 7], [9, 9, 8, 4], [0, 0, 5, 10],
[2, 0, 0, 8], [1, 5, 0, 9], [1, 9, 9, 1], [3, 2, 6, 1], [4, 2, 2, 10], [1, 10, 7, 8], [8, 2, 2, 6], [2, 5, 5, 3], [4, 4, 0, 3], [7, 9, 1, 8],
[7, 10, 9, 8], [1, 4, 10, 4], [4, 10, 3, 4], [7, 8, 1, 5], [9, 1, 0, 9], [5, 4, 1, 9], [8, 1, 1, 2], [10, 3, 0, 4], [0, 7, 2, 2], [10, 10, 6, 3],
[9, 7, 5, 6], [3, 5, 9, 1], [6, 7, 10, 9], [0, 1, 5, 6], [0, 5, 9, 0], [6, 7, 4, 6], [3, 6, 6, 2], [3, 10, 4, 0], [7, 7, 4, 8], [1, 2, 7, 6],
[9, 6, 4, 8], [5, 8, 1, 6], [2, 10, 4, 8], [4, 8, 3, 6], [2, 10, 8, 5], [7, 10, 5, 1]]
[1, 1, 0.5, 0.5, 0.5, 0.5, 0.25, 0.25, 0.25, 0.25,
0.125, 0.125, 0.125, 0.125, 0.0625, 0.0625, 0.0625, 0.0625, 0.03125, 0.03125,
0.03125, 0.03125, 0.015625, 0.015625, 0.015625, 0.015625, 0.0078125, 0.0078125, 0.0078125, 0.0078125,
0.00390625, 0.00390625, 0.00390625, 0.00390625, 0.00195312, 0.00195312, 0.00195312, 0.00195312, 0.000976562, 0.000976562,
0.000976562, 0.000976562, 0.000488281, 0.000488281, 0.000488281, 0.000488281]
[0, 14, 4, 17, 7, 15, 12, 16, 10, 5,
2, 13, 1, 4, 7, 6, 7, 5, 15, 11,
7, 3, 4, 11, 18, 5, 8, 15, 12, 6,
11, 4, 11, 5, 6, 8, 17, 8, 9, 14,
10, 7, 17, 5, 3, 4]
------------------------------------------------------- 
# stage = 12	# children c = 2	length of each stage p = 2	nodes = 45	# items I = 1
