[85, 98, 39, 53, 36, 60, 1, 42, 30, 97,
100, 13, 16, 77, 39, 86, 31, 58, 77, 37,
63, 61, 70, 31, 18, 35, 85, 51, 62, 10,
27, 12, 8, 67, 65, 44, 26, 66, 86, 23,
63, 52, 2, 79, 95, 42, 30, 92, 66, 74,
28, 29, 34, 65, 60, 52, 66, 10, 70, 27,
21, 97, 39, 29, 63, 71, 39, 90, 36, 91,
79, 65]
[[673, 346, 258], [331, 396, 463], [977, 512, 193], [560, 165, 112], [302, 604, 234], [95, 847, 909], [420, 457, 203], [846, 41, 81], [594, 919, 600], [245, 73, 290],
[506, 746, 701], [764, 85, 105], [235, 71, 618], [429, 631, 783], [541, 933, 395], [839, 37, 250], [692, 457, 707], [959, 311, 813], [48, 905, 676], [713, 158, 750],
[11, 664, 504], [712, 436, 654], [818, 672, 725], [444, 109, 364], [171, 714, 241], [631, 561, 278], [881, 262, 799], [533, 229, 55], [290, 278, 1024], [1030, 1055, 191],
[788, 10, 919], [301, 787, 300], [955, 613, 1036], [688, 1, 153], [1052, 236, 931], [301, 867, 436], [644, 757, 762], [451, 234, 992], [506, 588, 278], [539, 626, 277],
[730, 359, 351], [657, 660, 146], [957, 623, 759], [1001, 319, 824], [162, 315, 69], [101, 680, 1000], [602, 268, 701], [308, 720, 999], [244, 234, 595], [522, 837, 166],
[799, 575, 525], [159, 177, 193], [305, 142, 816], [73, 152, 79], [897, 314, 458], [966, 416, 146], [911, 1018, 415], [620, 270, 143], [564, 579, 441], [103, 45, 223],
[269, 909, 862], [858, 76, 1039], [1051, 381, 126], [811, 454, 278], [954, 360, 656], [356, 334, 16], [503, 189, 42], [982, 874, 377], [133, 382, 956], [638, 485, 9],
[925, 819, 982], [732, 621, 2]]
[[4, 7, 4, 2], [6, 2, 1, 4], [9, 3, 3, 6], [1, 0, 2, 10], [1, 7, 7, 1], [7, 6, 3, 5], [8, 10, 9, 6], [6, 0, 6, 0], [6, 10, 2, 1], [0, 4, 5, 9],
[7, 8, 2, 6], [7, 3, 3, 8], [10, 8, 7, 4], [3, 8, 8, 10], [7, 6, 5, 2], [5, 0, 2, 0], [9, 3, 1, 7], [5, 5, 3, 10], [0, 4, 5, 7], [7, 6, 2, 4],
[3, 9, 9, 4], [4, 6, 3, 0], [10, 6, 1, 2], [5, 1, 2, 1], [4, 2, 8, 9], [5, 0, 8, 5], [4, 0, 0, 9], [6, 2, 1, 7], [10, 8, 1, 3], [1, 4, 2, 9],
[9, 3, 1, 3], [2, 3, 4, 5], [3, 1, 3, 8], [10, 10, 1, 2], [8, 1, 9, 2], [3, 8, 9, 0], [5, 10, 4, 6], [2, 6, 5, 0], [7, 6, 1, 9], [7, 5, 3, 9],
[4, 5, 4, 1], [2, 5, 1, 8], [6, 0, 10, 8], [8, 7, 6, 1], [4, 10, 5, 6], [3, 10, 4, 8], [3, 5, 5, 9], [8, 6, 5, 10], [9, 9, 1, 0], [4, 2, 7, 8],
[0, 6, 3, 7], [0, 10, 8, 5], [7, 2, 0, 9], [0, 3, 6, 1], [6, 9, 10, 2], [5, 4, 1, 3], [1, 2, 2, 3], [3, 9, 9, 1], [2, 2, 8, 3], [10, 3, 8, 6],
[6, 6, 2, 4], [7, 7, 5, 1], [5, 3, 3, 10], [5, 4, 1, 6], [5, 3, 7, 8], [10, 6, 9, 10], [8, 5, 0, 5], [8, 8, 9, 1], [2, 1, 5, 7], [8, 9, 8, 2],
[10, 0, 0, 4], [5, 1, 9, 10]]
[1, 1, 0.2, 0.2, 0.2, 0.2, 0.2, 0.2, 0.2, 0.2,
0.2, 0.2, 0.04, 0.04, 0.04, 0.04, 0.04, 0.04, 0.04, 0.04,
0.04, 0.04, 0.008, 0.008, 0.008, 0.008, 0.008, 0.008, 0.008, 0.008,
0.008, 0.008, 0.0016, 0.0016, 0.0016, 0.0016, 0.0016, 0.0016, 0.0016, 0.0016,
0.0016, 0.0016, 0.00032, 0.00032, 0.00032, 0.00032, 0.00032, 0.00032, 0.00032, 0.00032,
0.00032, 0.00032, 6.4e-05, 6.4e-05, 6.4e-05, 6.4e-05, 6.4e-05, 6.4e-05, 6.4e-05, 6.4e-05,
6.4e-05, 6.4e-05, 1.28e-05, 1.28e-05, 1.28e-05, 1.28e-05, 1.28e-05, 1.28e-05, 1.28e-05, 1.28e-05,
1.28e-05, 1.28e-05]
[1, 5, 0, 5, 3, 2, 2, 5, 7, 4,
3, 4, 4, 3, 1, 9, 2, 10, 8, 0,
9, 4, 1, 4, 2, 0, 10, 5, 9, 1,
0, 0, 9, 6, 8, 4, 3, 5, 5, 1,
2, 0, 10, 0, 9, 6, 9, 0, 10, 1,
8, 9, 4, 2, 10, 4, 1, 0, 6, 7,
0, 0, 2, 2, 2, 4, 10, 9, 7, 8,
2, 5]
------------------------------------------------------- 
# stage = 8	# children c = 5	length of each stage p = 2	nodes = 71	# items I = 1
