[22, 25, 86, 2, 2, 77, 38, 76, 31, 78,
56, 41, 66, 42, 34, 2, 66, 79, 3, 17,
74, 26, 98, 57, 87, 88, 51, 83, 70, 81,
4, 92, 6, 90, 60, 75, 33, 98, 16, 64,
41, 39, 71, 6, 81, 4, 75, 47, 49, 79,
64, 22]
[[1331, 1441, 560], [518, 150, 1643], [1756, 229, 1732], [551, 914, 1886], [918, 509, 733], [1923, 1772, 1921], [490, 1604, 109], [1747, 1867, 39], [1436, 437, 1574], [1665, 608, 1096],
[948, 770, 606], [1508, 1288, 757], [52, 1114, 986], [1784, 1665, 731], [570, 1414, 1240], [134, 1407, 1844], [124, 1897, 348], [996, 544, 1047], [1035, 49, 1484], [679, 545, 923],
[606, 1494, 1693], [1213, 1833, 1051], [801, 716, 996], [618, 569, 1492], [1350, 1901, 975], [1421, 104, 451], [165, 991, 1179], [514, 818, 1723], [1561, 1853, 603], [1876, 1363, 1149],
[1631, 39, 1474], [1393, 83, 1376], [1275, 884, 162], [340, 333, 1493], [1832, 1683, 295], [877, 5, 399], [159, 170, 221], [1339, 684, 1039], [1893, 1076, 962], [566, 1784, 1156],
[1715, 1484, 1195], [1258, 1708, 109], [1465, 1053, 993], [458, 224, 158], [783, 888, 1841], [1078, 596, 1846], [1477, 1517, 848], [530, 925, 363], [1569, 888, 1440], [1362, 1454, 124],
[588, 69, 439], [614, 1327, 216]]
[[4, 1, 1, 3], [2, 3, 2, 4], [6, 6, 5, 1], [7, 10, 4, 6], [2, 7, 4, 9], [9, 8, 9, 4], [5, 4, 4, 1], [1, 5, 6, 6], [6, 7, 7, 8], [8, 7, 0, 4],
[3, 5, 3, 10], [2, 7, 3, 2], [2, 5, 1, 0], [2, 8, 2, 7], [1, 6, 6, 1], [10, 2, 7, 5], [7, 1, 1, 5], [8, 1, 9, 9], [4, 10, 6, 6], [7, 9, 9, 9],
[1, 8, 7, 3], [5, 10, 9, 6], [3, 4, 7, 2], [4, 1, 8, 1], [2, 9, 4, 9], [8, 0, 7, 1], [10, 3, 5, 4], [10, 1, 0, 1], [9, 8, 4, 3], [7, 2, 8, 10],
[5, 4, 0, 9], [4, 8, 8, 4], [4, 10, 2, 10], [10, 8, 9, 8], [0, 1, 1, 8], [3, 2, 9, 1], [8, 3, 3, 2], [3, 0, 10, 6], [2, 10, 3, 6], [5, 0, 9, 7],
[9, 0, 6, 8], [6, 2, 3, 6], [4, 5, 4, 7], [5, 0, 6, 2], [1, 9, 2, 5], [7, 1, 9, 8], [1, 1, 3, 4], [0, 10, 1, 9], [9, 5, 6, 4], [8, 10, 9, 10],
[2, 2, 4, 5], [0, 10, 5, 2]]
[1, 1, 0.2, 0.2, 0.2, 0.2, 0.2, 0.2, 0.2, 0.2,
0.2, 0.2, 0.04, 0.04, 0.04, 0.04, 0.04, 0.04, 0.04, 0.04,
0.04, 0.04, 0.008, 0.008, 0.008, 0.008, 0.008, 0.008, 0.008, 0.008,
0.008, 0.008, 0.0016, 0.0016, 0.0016, 0.0016, 0.0016, 0.0016, 0.0016, 0.0016,
0.0016, 0.0016, 0.00032, 0.00032, 0.00032, 0.00032, 0.00032, 0.00032, 0.00032, 0.00032,
0.00032, 0.00032]
[14, 17, 9, 18, 19, 6, 1, 13, 11, 14,
17, 5, 18, 1, 17, 13, 15, 12, 11, 9,
15, 13, 1, 19, 17, 9, 10, 1, 19, 4,
15, 12, 12, 18, 7, 13, 14, 11, 17, 0,
16, 12, 16, 7, 7, 16, 13, 9, 5, 8,
7, 6]
------------------------------------------------------- 
# stage = 6	# children c = 5	length of each stage p = 2	nodes = 51	# items I = 1
