[88, 67, 16, 94, 34, 54, 46, 92, 12, 44,
0, 58, 26, 65, 28, 25, 16, 42, 14, 35,
13, 4, 68, 3, 33, 94, 92, 85, 8, 84,
28, 96, 50, 45, 90, 85, 65, 1, 42, 77,
45, 43, 1, 37, 7, 29, 29, 91, 71, 43,
92, 50, 47, 59, 19, 81, 18, 10, 31, 27,
94, 60, 89, 10, 71, 78, 95, 35, 45, 2,
78, 90, 45, 45, 27, 19, 74, 56, 76, 10,
65, 67, 27, 11, 93, 46, 58, 10, 57, 90,
37, 50, 15, 26, 60, 86, 70, 20, 20, 15,
23, 64, 4, 34, 9, 98, 19, 49, 19, 95]
[[729, 819, 191], [119, 486, 417], [576, 762, 673], [26, 383, 210], [457, 652, 856], [217, 153, 777], [4, 7, 235], [945, 217, 97], [949, 430, 88], [512, 619, 353],
[714, 275, 191], [814, 302, 586], [250, 786, 275], [924, 813, 658], [61, 289, 329], [825, 414, 391], [621, 418, 398], [856, 382, 524], [862, 258, 862], [950, 770, 500],
[230, 412, 683], [421, 153, 4], [915, 403, 791], [209, 254, 531], [776, 224, 820], [32, 68, 161], [423, 598, 579], [822, 473, 961], [273, 354, 238], [154, 231, 917],
[563, 461, 348], [265, 791, 501], [178, 633, 812], [877, 751, 975], [427, 546, 218], [174, 578, 194], [335, 21, 792], [914, 751, 285], [802, 43, 547], [59, 105, 687],
[976, 668, 167], [251, 842, 866], [660, 39, 427], [400, 824, 197], [394, 178, 651], [520, 352, 248], [714, 595, 177], [526, 436, 836], [719, 257, 787], [193, 316, 893],
[880, 220, 488], [956, 379, 349], [749, 59, 296], [195, 367, 139], [300, 761, 317], [951, 300, 577], [127, 922, 191], [212, 375, 627], [957, 21, 884], [763, 215, 128],
[583, 22, 256], [91, 886, 635], [348, 563, 602], [645, 666, 969], [692, 967, 657], [918, 845, 865], [514, 972, 807], [706, 112, 109], [260, 88, 131], [72, 759, 254],
[200, 362, 184], [364, 361, 90], [18, 709, 561], [621, 281, 246], [517, 974, 232], [194, 911, 97], [78, 352, 977], [793, 966, 16], [903, 246, 12], [942, 226, 772],
[215, 426, 61], [399, 790, 422], [397, 716, 58], [958, 264, 340], [224, 782, 241], [364, 976, 79], [369, 962, 431], [274, 683, 417], [198, 513, 571], [211, 474, 797],
[2, 689, 150], [63, 15, 848], [393, 321, 583], [359, 298, 848], [607, 430, 649], [848, 703, 552], [927, 980, 441], [286, 273, 143], [703, 472, 564], [293, 683, 57],
[109, 593, 654], [259, 564, 578], [126, 865, 899], [617, 243, 124], [484, 851, 555], [60, 626, 185], [520, 481, 184], [962, 767, 366], [32, 489, 838], [597, 690, 448]]
[[1, 1, 0, 5], [5, 5, 5, 6], [8, 6, 2, 10], [6, 2, 8, 5], [7, 5, 8, 4], [1, 10, 1, 10], [6, 7, 6, 10], [1, 10, 8, 2], [0, 8, 7, 3], [2, 0, 10, 9],
[6, 10, 6, 10], [2, 3, 3, 7], [6, 0, 1, 8], [8, 2, 7, 1], [9, 0, 0, 8], [10, 9, 9, 0], [6, 3, 1, 7], [3, 0, 3, 8], [0, 9, 7, 0], [1, 10, 7, 7],
[8, 6, 2, 5], [8, 9, 7, 4], [10, 7, 0, 7], [5, 9, 5, 10], [1, 7, 6, 3], [7, 7, 0, 5], [5, 5, 5, 4], [3, 0, 9, 0], [6, 10, 4, 2], [8, 0, 6, 5],
[7, 6, 2, 0], [2, 7, 10, 4], [3, 3, 5, 9], [10, 3, 3, 2], [8, 7, 4, 0], [5, 0, 10, 0], [10, 3, 0, 6], [3, 7, 9, 8], [0, 0, 8, 3], [6, 5, 5, 7],
[6, 10, 3, 3], [2, 5, 5, 8], [1, 7, 7, 4], [6, 6, 4, 5], [7, 3, 9, 10], [10, 8, 5, 8], [6, 1, 9, 10], [6, 3, 5, 0], [0, 8, 3, 0], [2, 7, 7, 1],
[3, 3, 5, 7], [7, 8, 0, 3], [0, 9, 2, 8], [6, 5, 3, 0], [6, 2, 10, 0], [3, 4, 0, 2], [0, 1, 0, 0], [8, 7, 2, 10], [10, 5, 6, 6], [0, 6, 9, 9],
[3, 9, 4, 9], [2, 8, 7, 6], [8, 7, 4, 0], [9, 4, 2, 9], [4, 3, 10, 1], [8, 10, 9, 6], [2, 5, 1, 1], [9, 9, 10, 1], [5, 2, 9, 5], [10, 5, 1, 7],
[1, 5, 5, 0], [8, 6, 7, 1], [7, 6, 0, 4], [3, 10, 10, 6], [4, 10, 5, 0], [6, 2, 2, 0], [4, 0, 4, 1], [5, 5, 6, 5], [8, 1, 5, 5], [5, 10, 4, 1],
[6, 5, 5, 7], [4, 5, 2, 6], [2, 7, 6, 8], [10, 6, 6, 1], [6, 10, 3, 10], [2, 9, 4, 0], [8, 7, 5, 2], [6, 10, 1, 1], [2, 7, 9, 6], [10, 9, 10, 1],
[4, 3, 7, 1], [10, 2, 2, 3], [0, 5, 2, 2], [2, 6, 2, 8], [2, 6, 9, 9], [5, 10, 8, 7], [4, 4, 0, 1], [1, 8, 0, 5], [0, 7, 4, 8], [8, 6, 1, 8],
[10, 1, 10, 10], [8, 0, 5, 8], [6, 3, 4, 9], [1, 0, 3, 3], [2, 3, 5, 3], [0, 5, 6, 9], [2, 10, 7, 10], [4, 6, 5, 3], [7, 4, 2, 2], [4, 5, 0, 8]]
[1, 1, 1, 1, 1, 0.333333, 0.333333, 0.333333, 0.333333, 0.333333,
0.333333, 0.333333, 0.333333, 0.333333, 0.333333, 0.333333, 0.333333, 0.333333, 0.333333, 0.333333,
0.111111, 0.111111, 0.111111, 0.111111, 0.111111, 0.111111, 0.111111, 0.111111, 0.111111, 0.111111,
0.111111, 0.111111, 0.111111, 0.111111, 0.111111, 0.037037, 0.037037, 0.037037, 0.037037, 0.037037,
0.037037, 0.037037, 0.037037, 0.037037, 0.037037, 0.037037, 0.037037, 0.037037, 0.037037, 0.037037,
0.0123457, 0.0123457, 0.0123457, 0.0123457, 0.0123457, 0.0123457, 0.0123457, 0.0123457, 0.0123457, 0.0123457,
0.0123457, 0.0123457, 0.0123457, 0.0123457, 0.0123457, 0.00411523, 0.00411523, 0.00411523, 0.00411523, 0.00411523,
0.00411523, 0.00411523, 0.00411523, 0.00411523, 0.00411523, 0.00411523, 0.00411523, 0.00411523, 0.00411523, 0.00411523,
0.00137174, 0.00137174, 0.00137174, 0.00137174, 0.00137174, 0.00137174, 0.00137174, 0.00137174, 0.00137174, 0.00137174,
0.00137174, 0.00137174, 0.00137174, 0.00137174, 0.00137174, 0.000457247, 0.000457247, 0.000457247, 0.000457247, 0.000457247,
0.000457247, 0.000457247, 0.000457247, 0.000457247, 0.000457247, 0.000457247, 0.000457247, 0.000457247, 0.000457247, 0.000457247]
[17, 1, 2, 2, 6, 18, 12, 14, 15, 16,
12, 0, 7, 15, 12, 9, 12, 3, 9, 16,
19, 16, 3, 1, 4, 10, 6, 3, 19, 6,
17, 12, 5, 7, 12, 13, 2, 19, 12, 15,
17, 17, 19, 0, 3, 13, 1, 14, 12, 4,
9, 19, 19, 8, 10, 0, 0, 14, 3, 9,
13, 19, 19, 5, 8, 7, 11, 1, 9, 14,
5, 19, 16, 17, 1, 6, 1, 1, 11, 4,
9, 17, 2, 11, 19, 4, 3, 2, 9, 3,
5, 17, 7, 11, 17, 10, 10, 7, 9, 17,
19, 5, 16, 6, 6, 8, 11, 2, 16, 1]
------------------------------------------------------- 
# stage = 8	# children c = 3	length of each stage p = 5	nodes = 109	# items I = 1
