[67, 60, 75, 23, 79, 23, 7, 67, 46, 38,
100, 74, 67, 24, 41, 53, 50, 58, 34, 97,
28, 2, 9, 15, 33, 97, 59, 22, 26, 63,
9, 59, 22, 84, 83, 1, 73, 56, 34, 85,
60, 100, 58, 26, 24, 100, 80, 74, 23, 13,
71, 17, 82, 80, 100, 14, 42, 58, 2, 68,
87, 78, 94, 9, 27, 76, 77, 66, 98, 77,
51, 58, 76, 8, 84, 100, 74, 29, 74, 98,
9, 10, 14, 91, 90, 13, 72, 98, 37, 40,
31, 91, 85, 24, 100, 11, 66, 42, 78, 64,
18, 95, 21, 94, 2, 71, 94, 77, 0, 33]
[[492, 124, 92], [873, 1148, 215], [1183, 422, 283], [336, 321, 1371], [1017, 1644, 1616], [96, 925, 554], [582, 373, 1279], [99, 1429, 785], [1235, 846, 729], [1558, 932, 1644],
[312, 1424, 870], [1256, 548, 269], [573, 833, 1543], [1709, 1169, 966], [1330, 436, 860], [1197, 1384, 887], [853, 1068, 1260], [382, 269, 42], [269, 1505, 1740], [998, 415, 923],
[1744, 1579, 597], [865, 1086, 247], [236, 1659, 182], [881, 1618, 453], [97, 301, 1741], [59, 1498, 1376], [49, 1453, 694], [411, 85, 66], [453, 1206, 673], [1296, 454, 1088],
[469, 448, 917], [168, 415, 253], [1268, 1503, 1015], [1450, 634, 1735], [1006, 1583, 1138], [997, 1643, 1738], [1475, 794, 1441], [420, 1205, 628], [486, 761, 84], [1159, 307, 538],
[1349, 776, 89], [1368, 944, 1356], [724, 1314, 1110], [1739, 1015, 846], [826, 1123, 680], [215, 370, 1425], [203, 96, 469], [1645, 1368, 1674], [1375, 956, 1537], [1460, 1217, 94],
[1100, 816, 1722], [291, 434, 917], [750, 1158, 1333], [110, 249, 598], [58, 178, 823], [738, 393, 1194], [1265, 1448, 392], [1734, 445, 10], [761, 71, 68], [548, 633, 1285],
[1495, 835, 1203], [1467, 1127, 739], [1486, 127, 1000], [1070, 1089, 1249], [770, 1147, 1427], [1594, 988, 922], [1038, 1355, 621], [532, 442, 1066], [542, 305, 239], [1462, 853, 872],
[997, 1450, 1708], [450, 1168, 187], [291, 904, 1166], [1291, 224, 505], [1643, 97, 754], [422, 1691, 844], [1345, 979, 450], [1068, 613, 1744], [384, 1155, 299], [624, 867, 1152],
[598, 966, 1705], [556, 518, 1123], [743, 809, 1129], [159, 351, 456], [1516, 244, 553], [1373, 666, 494], [467, 1113, 575], [19, 431, 1188], [13, 816, 1445], [312, 542, 562],
[567, 1140, 630], [522, 799, 1148], [747, 644, 207], [126, 1656, 1410], [582, 524, 756], [237, 147, 1423], [731, 1467, 1638], [1306, 1486, 320], [1596, 602, 238], [1291, 914, 1632],
[955, 583, 1022], [1585, 207, 923], [983, 954, 1568], [293, 183, 576], [805, 1617, 1100], [1562, 105, 1248], [337, 836, 67], [225, 1245, 655], [545, 1091, 1257], [1635, 633, 1274]]
[[0, 3, 4, 10], [5, 8, 8, 2], [2, 5, 9, 9], [2, 10, 0, 3], [2, 2, 4, 0], [8, 8, 2, 7], [6, 1, 9, 1], [9, 1, 4, 9], [4, 8, 6, 9], [3, 3, 10, 5],
[9, 6, 1, 9], [3, 1, 0, 5], [2, 4, 4, 8], [0, 6, 5, 6], [5, 3, 5, 3], [2, 7, 10, 6], [2, 6, 2, 5], [7, 1, 10, 3], [5, 9, 2, 8], [9, 2, 1, 9],
[4, 5, 6, 4], [0, 9, 10, 4], [10, 4, 5, 1], [9, 5, 7, 0], [0, 10, 5, 7], [9, 2, 0, 4], [1, 2, 10, 8], [2, 0, 6, 6], [5, 10, 0, 4], [9, 8, 8, 8],
[0, 2, 10, 9], [5, 4, 10, 5], [3, 4, 0, 0], [5, 0, 2, 4], [0, 1, 1, 2], [2, 7, 6, 5], [6, 6, 9, 2], [2, 4, 0, 2], [5, 8, 0, 10], [1, 8, 3, 3],
[0, 3, 3, 5], [1, 5, 9, 10], [4, 10, 10, 6], [4, 5, 1, 8], [10, 8, 0, 1], [2, 9, 3, 5], [6, 1, 4, 7], [10, 5, 10, 8], [8, 0, 2, 7], [3, 9, 6, 8],
[6, 5, 1, 8], [0, 2, 5, 8], [0, 3, 9, 0], [1, 10, 5, 7], [0, 7, 2, 8], [2, 10, 3, 8], [0, 3, 5, 1], [1, 9, 7, 5], [4, 9, 2, 2], [0, 6, 10, 9],
[9, 6, 9, 9], [5, 1, 3, 3], [9, 5, 10, 0], [5, 2, 6, 3], [6, 9, 4, 5], [8, 1, 0, 10], [8, 0, 10, 8], [4, 7, 5, 3], [2, 1, 10, 5], [3, 2, 8, 1],
[8, 5, 10, 0], [8, 3, 3, 1], [2, 5, 6, 10], [4, 4, 9, 1], [5, 8, 8, 9], [4, 2, 10, 4], [3, 9, 9, 4], [10, 4, 3, 7], [10, 2, 5, 7], [4, 8, 6, 6],
[0, 1, 5, 5], [6, 1, 6, 0], [7, 3, 7, 0], [3, 7, 2, 5], [3, 9, 9, 2], [2, 2, 7, 1], [2, 1, 6, 6], [7, 1, 10, 8], [1, 4, 2, 7], [5, 6, 5, 1],
[8, 1, 10, 0], [6, 10, 5, 8], [8, 2, 10, 0], [2, 5, 10, 2], [4, 4, 7, 1], [5, 6, 9, 4], [9, 9, 0, 3], [4, 3, 3, 1], [5, 0, 0, 9], [0, 3, 6, 8],
[3, 4, 8, 5], [9, 6, 6, 2], [10, 0, 1, 4], [4, 10, 7, 2], [6, 7, 4, 9], [0, 5, 10, 3], [5, 8, 1, 5], [1, 6, 3, 4], [10, 9, 8, 8], [4, 1, 8, 3]]
[1, 1, 1, 1, 1, 0.333333, 0.333333, 0.333333, 0.333333, 0.333333,
0.333333, 0.333333, 0.333333, 0.333333, 0.333333, 0.333333, 0.333333, 0.333333, 0.333333, 0.333333,
0.111111, 0.111111, 0.111111, 0.111111, 0.111111, 0.111111, 0.111111, 0.111111, 0.111111, 0.111111,
0.111111, 0.111111, 0.111111, 0.111111, 0.111111, 0.037037, 0.037037, 0.037037, 0.037037, 0.037037,
0.037037, 0.037037, 0.037037, 0.037037, 0.037037, 0.037037, 0.037037, 0.037037, 0.037037, 0.037037,
0.0123457, 0.0123457, 0.0123457, 0.0123457, 0.0123457, 0.0123457, 0.0123457, 0.0123457, 0.0123457, 0.0123457,
0.0123457, 0.0123457, 0.0123457, 0.0123457, 0.0123457, 0.00411523, 0.00411523, 0.00411523, 0.00411523, 0.00411523,
0.00411523, 0.00411523, 0.00411523, 0.00411523, 0.00411523, 0.00411523, 0.00411523, 0.00411523, 0.00411523, 0.00411523,
0.00137174, 0.00137174, 0.00137174, 0.00137174, 0.00137174, 0.00137174, 0.00137174, 0.00137174, 0.00137174, 0.00137174,
0.00137174, 0.00137174, 0.00137174, 0.00137174, 0.00137174, 0.000457247, 0.000457247, 0.000457247, 0.000457247, 0.000457247,
0.000457247, 0.000457247, 0.000457247, 0.000457247, 0.000457247, 0.000457247, 0.000457247, 0.000457247, 0.000457247, 0.000457247]
[0, 1, 4, 3, 1, 5, 2, 6, 8, 0,
6, 0, 8, 4, 3, 3, 8, 1, 6, 5,
6, 3, 2, 6, 6, 4, 8, 6, 5, 7,
1, 8, 1, 2, 1, 1, 6, 3, 1, 8,
3, 0, 6, 7, 5, 7, 3, 4, 4, 0,
2, 1, 3, 7, 3, 3, 8, 7, 7, 3,
1, 5, 5, 7, 3, 5, 6, 3, 8, 3,
4, 6, 7, 2, 1, 6, 5, 5, 8, 0,
7, 5, 7, 3, 6, 6, 2, 7, 7, 4,
4, 7, 0, 8, 3, 1, 3, 3, 5, 7,
3, 7, 7, 6, 4, 1, 2, 4, 1, 2]
------------------------------------------------------- 
# stage = 8	# children c = 3	length of each stage p = 5	nodes = 109	# items I = 1
