[22, 2, 29, 50, 27, 86, 23, 64, 52, 51,
54, 30, 18, 13, 49, 39, 56, 56, 78, 23,
22, 99, 11, 56, 45, 86, 36, 70, 72, 32,
48, 95, 34, 78, 10, 27, 29, 33, 91, 81,
51, 11, 77, 35, 91, 93, 41, 13, 14, 18,
2, 36, 83, 13, 58, 28, 100, 94, 64, 71,
93, 11, 31, 93, 89, 41, 20, 17, 41, 77,
64, 92, 54, 41, 93, 45, 33, 33, 58, 47]
[[1946, 201, 377], [1177, 96, 18], [1004, 1769, 1057], [302, 1186, 591], [664, 639, 1276], [1801, 1938, 1558], [1454, 1524, 1355], [1233, 441, 149], [420, 549, 32], [1741, 789, 1898],
[1271, 746, 1081], [1648, 905, 1177], [648, 892, 956], [687, 1194, 152], [261, 840, 1764], [519, 652, 1712], [87, 116, 229], [424, 331, 1642], [573, 751, 201], [1577, 1474, 991],
[1485, 1727, 719], [576, 367, 1624], [735, 1015, 526], [1691, 685, 702], [825, 946, 1543], [1571, 447, 1177], [276, 534, 275], [505, 958, 606], [157, 513, 339], [1331, 1072, 1814],
[332, 567, 1551], [33, 125, 1919], [1657, 860, 1916], [1166, 1533, 1583], [850, 1340, 1511], [403, 922, 1958], [562, 1198, 502], [837, 1703, 442], [425, 842, 1927], [765, 183, 1009],
[589, 1487, 558], [1122, 1520, 683], [1051, 1188, 525], [978, 1336, 68], [571, 196, 1409], [93, 1572, 1313], [1033, 144, 521], [1536, 1954, 1206], [960, 389, 58], [1870, 1154, 1214],
[889, 725, 711], [430, 1848, 242], [95, 909, 412], [621, 869, 1748], [1661, 423, 926], [62, 1488, 508], [1375, 531, 1625], [878, 1049, 1589], [1066, 992, 1978], [107, 872, 125],
[1321, 743, 850], [42, 1173, 708], [284, 251, 1618], [696, 872, 1469], [1426, 1515, 1892], [363, 560, 372], [871, 917, 904], [506, 1796, 1953], [1077, 872, 1927], [1066, 979, 809],
[1191, 310, 1553], [51, 1325, 1708], [1732, 1609, 1959], [1360, 1288, 1813], [1811, 724, 321], [696, 1087, 881], [1068, 1959, 1798], [1972, 1447, 586], [918, 535, 1459], [855, 583, 1420]]
[[0, 2, 4, 7], [3, 6, 4, 4], [2, 9, 5, 9], [2, 6, 7, 8], [2, 4, 5, 6], [4, 5, 6, 1], [0, 3, 1, 9], [6, 9, 1, 6], [0, 3, 0, 1], [7, 5, 6, 10],
[3, 0, 6, 5], [4, 0, 1, 6], [2, 4, 1, 7], [9, 5, 6, 8], [9, 7, 4, 2], [3, 4, 8, 1], [7, 6, 2, 4], [0, 6, 1, 4], [4, 7, 7, 9], [8, 6, 4, 10],
[8, 4, 4, 7], [9, 10, 2, 5], [4, 6, 7, 5], [10, 2, 6, 7], [7, 7, 9, 7], [2, 10, 9, 7], [4, 4, 3, 1], [10, 5, 10, 8], [9, 3, 2, 6], [1, 4, 9, 3],
[10, 4, 7, 8], [4, 2, 2, 0], [9, 0, 8, 10], [8, 4, 4, 1], [8, 7, 1, 6], [1, 0, 1, 9], [1, 1, 2, 0], [5, 0, 2, 2], [4, 9, 10, 9], [0, 10, 9, 8],
[10, 4, 7, 5], [9, 0, 7, 6], [5, 6, 10, 4], [4, 0, 2, 3], [1, 4, 4, 4], [5, 4, 5, 7], [2, 2, 5, 0], [2, 2, 6, 1], [6, 0, 5, 2], [9, 10, 7, 3],
[5, 6, 8, 9], [5, 8, 10, 4], [2, 1, 9, 5], [5, 1, 1, 5], [3, 5, 6, 5], [5, 1, 7, 9], [2, 10, 1, 9], [9, 8, 2, 3], [3, 8, 10, 6], [5, 9, 0, 7],
[0, 7, 10, 5], [8, 10, 0, 0], [2, 4, 6, 7], [3, 0, 5, 3], [10, 4, 2, 8], [1, 2, 9, 3], [10, 8, 9, 4], [6, 7, 10, 4], [3, 9, 8, 9], [8, 6, 8, 10],
[10, 3, 6, 0], [1, 10, 4, 9], [3, 4, 4, 3], [6, 2, 6, 5], [10, 2, 9, 3], [8, 8, 6, 9], [5, 3, 8, 2], [9, 5, 0, 6], [6, 4, 6, 5], [3, 8, 3, 5]]
[1, 1, 1, 1, 1, 0.333333, 0.333333, 0.333333, 0.333333, 0.333333,
0.333333, 0.333333, 0.333333, 0.333333, 0.333333, 0.333333, 0.333333, 0.333333, 0.333333, 0.333333,
0.111111, 0.111111, 0.111111, 0.111111, 0.111111, 0.111111, 0.111111, 0.111111, 0.111111, 0.111111,
0.111111, 0.111111, 0.111111, 0.111111, 0.111111, 0.037037, 0.037037, 0.037037, 0.037037, 0.037037,
0.037037, 0.037037, 0.037037, 0.037037, 0.037037, 0.037037, 0.037037, 0.037037, 0.037037, 0.037037,
0.0123457, 0.0123457, 0.0123457, 0.0123457, 0.0123457, 0.0123457, 0.0123457, 0.0123457, 0.0123457, 0.0123457,
0.0123457, 0.0123457, 0.0123457, 0.0123457, 0.0123457, 0.00411523, 0.00411523, 0.00411523, 0.00411523, 0.00411523,
0.00411523, 0.00411523, 0.00411523, 0.00411523, 0.00411523, 0.00411523, 0.00411523, 0.00411523, 0.00411523, 0.00411523]
[4, 0, 8, 9, 2, 7, 3, 6, 9, 9,
8, 0, 2, 5, 0, 4, 1, 3, 7, 0,
8, 6, 2, 4, 4, 6, 6, 1, 3, 7,
4, 9, 2, 0, 9, 2, 3, 3, 6, 0,
2, 7, 4, 8, 4, 2, 3, 0, 8, 7,
4, 9, 1, 4, 1, 9, 5, 3, 6, 9,
2, 6, 7, 2, 7, 6, 1, 8, 1, 1,
1, 7, 1, 7, 5, 5, 4, 5, 9, 8]
------------------------------------------------------- 
# stage = 6	# children c = 3	length of each stage p = 5	nodes = 79	# items I = 1
