[39, 10, 39, 49, 64, 66, 10, 58, 32, 61,
16, 50, 65, 35, 59, 79, 12, 54, 66, 5,
18, 7, 31, 4, 75, 32, 87, 51, 89, 1,
69, 94, 12, 74, 9, 42, 39, 19, 100, 37,
46, 15, 53, 78, 16, 78, 56, 28, 99, 21,
0, 16, 29, 98, 87, 70, 29, 39, 87, 17,
40, 55, 78, 18, 28, 87, 60, 33, 5, 25,
37, 18, 6, 56, 96, 23, 34, 51, 17, 32,
39, 17, 14, 34, 14, 67, 70, 9, 5, 56,
94, 45, 10, 71, 30, 4, 57, 56, 3, 28,
48, 40, 46, 54, 63, 41, 43, 97, 59, 27,
95, 64, 44, 75, 98, 25, 41, 67, 34, 46,
89, 94, 57, 99, 64, 53, 69, 87, 9, 72]
[[1970, 1736, 596], [1303, 1999, 13], [640, 1660, 257], [1507, 1635, 872], [1732, 1972, 1993], [214, 92, 1706], [1043, 245, 1029], [522, 1255, 901], [701, 900, 1626], [1994, 1384, 1527],
[214, 1679, 1587], [1141, 975, 1910], [1155, 1615, 1563], [1743, 1116, 1523], [608, 1172, 1819], [926, 1718, 1911], [625, 1085, 481], [1654, 1607, 1736], [879, 632, 961], [829, 950, 338],
[349, 1165, 10], [260, 630, 1317], [163, 1785, 1256], [51, 1521, 365], [1574, 454, 1869], [1386, 1380, 1911], [1621, 2005, 989], [95, 1983, 921], [156, 855, 1884], [1117, 1684, 828],
[1455, 357, 317], [1797, 617, 947], [1438, 1111, 1057], [687, 1162, 902], [1384, 729, 1356], [1246, 439, 729], [1481, 54, 1058], [463, 149, 1034], [1715, 636, 213], [1593, 1753, 221],
[414, 1533, 909], [731, 1323, 1857], [2, 1085, 962], [1059, 1772, 448], [1962, 1149, 1509], [1311, 719, 1948], [365, 193, 2002], [1754, 657, 476], [782, 696, 1112], [1326, 282, 859],
[1548, 1027, 385], [450, 82, 32], [301, 85, 1117], [1594, 1144, 1213], [35, 1430, 356], [1544, 735, 1075], [1486, 1431, 1269], [1812, 1178, 250], [281, 284, 946], [1394, 1611, 1560],
[577, 1152, 911], [1293, 1602, 994], [1325, 227, 1079], [766, 1821, 547], [1979, 1857, 1978], [328, 1394, 1037], [1735, 1204, 461], [997, 1010, 1639], [1578, 1291, 1924], [848, 1009, 1528],
[401, 1586, 1004], [1313, 872, 930], [631, 521, 1158], [34, 1618, 1303], [581, 1591, 1153], [883, 243, 872], [1920, 1978, 400], [705, 1299, 1410], [669, 1201, 1026], [586, 43, 28],
[438, 775, 1946], [1773, 412, 1142], [696, 1043, 1664], [178, 1077, 1275], [1482, 1990, 1190], [959, 866, 1765], [155, 1111, 60], [556, 1816, 1360], [1966, 478, 885], [985, 1395, 928],
[1345, 157, 28], [1284, 1930, 440], [419, 951, 1815], [407, 1129, 1216], [7, 935, 1199], [1197, 219, 390], [1286, 374, 1501], [1347, 1261, 1641], [1031, 1552, 113], [1916, 861, 1839],
[1169, 199, 1997], [1197, 1814, 1920], [1968, 558, 1195], [100, 965, 318], [1317, 1303, 1584], [840, 825, 1803], [1230, 104, 502], [1055, 1451, 1763], [690, 475, 1639], [1134, 716, 494],
[966, 1885, 1024], [956, 1406, 832], [1201, 1698, 1721], [389, 1799, 679], [1038, 1440, 1983], [947, 273, 1132], [743, 1835, 1236], [1576, 883, 681], [1664, 1904, 1487], [1296, 1031, 196],
[114, 322, 405], [1139, 1609, 1811], [295, 803, 1503], [9, 1524, 1626], [1019, 886, 1059], [1326, 1833, 1332], [451, 901, 1160], [1688, 801, 368], [693, 458, 265], [504, 79, 1628]]
[[10, 5, 7, 8], [10, 4, 4, 3], [9, 9, 5, 10], [10, 8, 1, 2], [1, 6, 2, 7], [10, 7, 4, 8], [9, 10, 1, 4], [3, 3, 4, 0], [6, 9, 7, 5], [0, 0, 6, 9],
[9, 0, 6, 6], [7, 5, 8, 8], [0, 10, 4, 8], [6, 7, 6, 2], [4, 5, 6, 5], [8, 8, 4, 1], [5, 0, 4, 5], [9, 0, 4, 7], [0, 8, 0, 7], [3, 8, 5, 1],
[5, 7, 10, 9], [1, 3, 9, 3], [8, 2, 9, 3], [8, 2, 4, 2], [0, 8, 8, 9], [8, 1, 3, 7], [9, 3, 3, 10], [9, 6, 1, 1], [3, 0, 10, 2], [1, 6, 6, 9],
[8, 2, 1, 5], [4, 3, 8, 2], [0, 5, 0, 7], [4, 3, 3, 0], [4, 4, 0, 2], [0, 10, 1, 1], [10, 0, 1, 9], [4, 7, 7, 1], [9, 6, 4, 0], [9, 1, 2, 7],
[4, 0, 3, 8], [3, 4, 9, 5], [9, 7, 5, 9], [6, 6, 8, 3], [4, 9, 1, 8], [4, 6, 7, 0], [1, 1, 1, 10], [0, 1, 6, 5], [2, 8, 0, 3], [1, 7, 9, 10],
[1, 1, 6, 7], [8, 1, 8, 1], [0, 9, 8, 2], [4, 4, 2, 3], [3, 3, 2, 4], [3, 7, 7, 3], [2, 7, 6, 3], [2, 2, 1, 3], [4, 7, 9, 10], [9, 6, 9, 7],
[3, 6, 9, 5], [9, 0, 9, 1], [2, 9, 3, 3], [3, 10, 6, 5], [5, 10, 9, 7], [0, 10, 8, 2], [4, 6, 1, 0], [2, 8, 7, 3], [4, 3, 8, 0], [2, 6, 1, 4],
[5, 5, 5, 8], [4, 0, 1, 7], [8, 10, 3, 8], [7, 10, 8, 0], [5, 9, 1, 5], [7, 6, 8, 9], [10, 6, 9, 1], [10, 8, 3, 2], [0, 8, 9, 3], [6, 10, 10, 3],
[9, 1, 10, 5], [0, 7, 3, 5], [4, 2, 9, 9], [9, 4, 7, 8], [8, 3, 7, 8], [9, 8, 10, 10], [5, 8, 0, 9], [7, 10, 1, 3], [0, 0, 6, 9], [6, 8, 2, 10],
[10, 0, 8, 8], [4, 2, 3, 2], [3, 8, 8, 1], [5, 5, 9, 10], [3, 9, 8, 8], [7, 8, 10, 7], [6, 3, 4, 1], [0, 6, 9, 0], [6, 6, 8, 8], [6, 10, 8, 9],
[7, 3, 0, 2], [9, 7, 10, 10], [6, 6, 5, 0], [3, 4, 5, 7], [6, 9, 7, 6], [4, 5, 6, 8], [10, 2, 4, 5], [1, 10, 4, 6], [3, 2, 8, 1], [9, 8, 9, 2],
[1, 3, 2, 2], [6, 8, 9, 1], [4, 3, 7, 9], [9, 1, 6, 8], [1, 8, 2, 0], [8, 4, 6, 0], [6, 4, 10, 3], [10, 8, 3, 9], [9, 6, 0, 4], [1, 9, 5, 5],
[2, 2, 1, 9], [1, 6, 4, 2], [3, 4, 2, 0], [9, 8, 9, 2], [10, 6, 5, 7], [1, 9, 5, 0], [2, 5, 4, 1], [2, 10, 6, 2], [10, 8, 9, 0], [3, 2, 2, 4]]
[1, 1, 1, 1, 1, 0.2, 0.2, 0.2, 0.2, 0.2,
0.2, 0.2, 0.2, 0.2, 0.2, 0.2, 0.2, 0.2, 0.2, 0.2,
0.2, 0.2, 0.2, 0.2, 0.2, 0.2, 0.2, 0.2, 0.2, 0.2,
0.04, 0.04, 0.04, 0.04, 0.04, 0.04, 0.04, 0.04, 0.04, 0.04,
0.04, 0.04, 0.04, 0.04, 0.04, 0.04, 0.04, 0.04, 0.04, 0.04,
0.04, 0.04, 0.04, 0.04, 0.04, 0.008, 0.008, 0.008, 0.008, 0.008,
0.008, 0.008, 0.008, 0.008, 0.008, 0.008, 0.008, 0.008, 0.008, 0.008,
0.008, 0.008, 0.008, 0.008, 0.008, 0.008, 0.008, 0.008, 0.008, 0.008,
0.0016, 0.0016, 0.0016, 0.0016, 0.0016, 0.0016, 0.0016, 0.0016, 0.0016, 0.0016,
0.0016, 0.0016, 0.0016, 0.0016, 0.0016, 0.0016, 0.0016, 0.0016, 0.0016, 0.0016,
0.0016, 0.0016, 0.0016, 0.0016, 0.0016, 0.00032, 0.00032, 0.00032, 0.00032, 0.00032,
0.00032, 0.00032, 0.00032, 0.00032, 0.00032, 0.00032, 0.00032, 0.00032, 0.00032, 0.00032,
0.00032, 0.00032, 0.00032, 0.00032, 0.00032, 0.00032, 0.00032, 0.00032, 0.00032, 0.00032]
[8, 2, 9, 7, 3, 2, 3, 7, 8, 6,
10, 6, 8, 3, 9, 6, 8, 9, 6, 9,
8, 10, 1, 6, 9, 0, 0, 6, 0, 3,
4, 0, 3, 7, 2, 3, 1, 8, 4, 1,
1, 9, 4, 8, 9, 0, 5, 4, 8, 3,
1, 7, 5, 3, 4, 9, 3, 4, 8, 8,
10, 7, 6, 1, 8, 1, 7, 8, 9, 10,
2, 5, 2, 9, 7, 4, 3, 7, 10, 10,
9, 1, 5, 7, 7, 3, 10, 2, 2, 0,
3, 1, 1, 2, 2, 5, 9, 5, 1, 4,
4, 5, 0, 4, 1, 8, 4, 9, 5, 3,
10, 5, 9, 10, 8, 5, 7, 2, 0, 6,
6, 7, 9, 3, 4, 8, 0, 10, 0, 6]
------------------------------------------------------- 
# stage = 6	# children c = 5	length of each stage p = 5	nodes = 129	# items I = 1
