[11, 88, 3, 64, 13, 27, 60, 94, 53, 0,
38, 92, 40, 60, 3, 33, 27, 3, 92, 89,
59, 58, 6, 87, 73, 14, 15, 64, 23, 52,
60, 1, 6, 63, 65, 19, 91, 24, 79, 9,
91, 17, 0, 30, 43, 70, 63, 36, 74, 55,
91, 99, 79, 97, 51, 52, 10, 66, 82, 100,
17, 41, 0, 90, 71, 65, 9, 27]
[[467, 100, 973], [897, 1001, 595], [867, 209, 200], [610, 549, 392], [379, 111, 423], [243, 491, 632], [305, 62, 14], [375, 5, 70], [529, 615, 430], [367, 764, 952],
[809, 214, 34], [332, 679, 17], [927, 96, 812], [110, 707, 344], [502, 68, 23], [494, 897, 514], [694, 185, 577], [276, 560, 150], [932, 657, 333], [930, 7, 80],
[864, 816, 880], [466, 130, 109], [51, 626, 205], [864, 736, 480], [776, 806, 548], [799, 868, 1014], [295, 544, 181], [440, 388, 309], [159, 302, 966], [492, 215, 973],
[140, 647, 339], [2, 96, 38], [111, 733, 664], [903, 147, 968], [365, 923, 324], [482, 704, 175], [478, 1000, 287], [659, 1008, 676], [968, 149, 978], [484, 210, 761],
[440, 350, 391], [779, 939, 55], [385, 618, 356], [31, 503, 504], [567, 437, 409], [892, 919, 96], [635, 379, 664], [922, 606, 222], [580, 556, 372], [109, 22, 582],
[438, 30, 500], [829, 378, 421], [452, 763, 608], [809, 363, 93], [295, 930, 530], [272, 804, 1017], [954, 421, 378], [168, 912, 984], [391, 42, 90], [331, 737, 699],
[481, 158, 297], [981, 555, 675], [971, 1008, 1007], [561, 367, 352], [222, 662, 264], [321, 502, 637], [320, 7, 626], [267, 175, 520]]
[[8, 9, 8, 4], [4, 9, 0, 7], [2, 3, 10, 7], [5, 5, 10, 6], [1, 9, 2, 5], [1, 9, 4, 1], [10, 8, 5, 3], [8, 8, 6, 5], [7, 1, 10, 9], [8, 10, 6, 10],
[0, 3, 7, 4], [9, 6, 10, 8], [3, 1, 1, 4], [8, 3, 3, 7], [0, 9, 8, 6], [4, 3, 1, 0], [4, 9, 10, 1], [6, 3, 1, 4], [6, 6, 8, 2], [1, 7, 9, 4],
[6, 8, 7, 4], [9, 10, 9, 7], [6, 7, 3, 0], [10, 2, 9, 2], [0, 6, 1, 4], [9, 2, 8, 3], [8, 6, 5, 8], [0, 1, 10, 7], [9, 6, 9, 7], [4, 7, 4, 8],
[1, 5, 8, 10], [7, 5, 1, 5], [0, 0, 9, 8], [3, 6, 0, 9], [1, 5, 4, 0], [7, 4, 5, 3], [8, 3, 0, 10], [8, 2, 8, 8], [7, 3, 7, 1], [8, 6, 6, 7],
[6, 2, 4, 7], [8, 4, 4, 8], [7, 6, 8, 1], [10, 2, 3, 6], [3, 3, 5, 9], [3, 0, 6, 8], [4, 0, 7, 10], [4, 2, 6, 0], [4, 8, 5, 10], [10, 7, 7, 5],
[3, 2, 6, 0], [2, 9, 6, 5], [10, 10, 2, 0], [8, 8, 8, 1], [7, 4, 10, 0], [4, 3, 9, 6], [1, 4, 4, 9], [0, 9, 3, 1], [1, 8, 2, 3], [4, 8, 7, 4],
[5, 9, 2, 3], [4, 9, 2, 9], [0, 1, 10, 5], [3, 8, 9, 2], [10, 2, 0, 9], [1, 4, 10, 0], [10, 1, 1, 3], [8, 6, 7, 0]]
[1, 1, 0.333333, 0.333333, 0.333333, 0.333333, 0.333333, 0.333333, 0.111111, 0.111111,
0.111111, 0.111111, 0.111111, 0.111111, 0.037037, 0.037037, 0.037037, 0.037037, 0.037037, 0.037037,
0.0123457, 0.0123457, 0.0123457, 0.0123457, 0.0123457, 0.0123457, 0.00411523, 0.00411523, 0.00411523, 0.00411523,
0.00411523, 0.00411523, 0.00137174, 0.00137174, 0.00137174, 0.00137174, 0.00137174, 0.00137174, 0.000457247, 0.000457247,
0.000457247, 0.000457247, 0.000457247, 0.000457247, 0.000152416, 0.000152416, 0.000152416, 0.000152416, 0.000152416, 0.000152416,
5.08053e-05, 5.08053e-05, 5.08053e-05, 5.08053e-05, 5.08053e-05, 5.08053e-05, 1.69351e-05, 1.69351e-05, 1.69351e-05, 1.69351e-05,
1.69351e-05, 1.69351e-05, 5.64503e-06, 5.64503e-06, 5.64503e-06, 5.64503e-06, 5.64503e-06, 5.64503e-06]
[7, 20, 14, 9, 13, 14, 7, 9, 0, 7,
15, 9, 0, 17, 10, 18, 7, 0, 19, 20,
10, 6, 15, 0, 20, 3, 8, 13, 10, 7,
4, 13, 1, 13, 18, 8, 3, 4, 6, 9,
9, 17, 2, 1, 16, 10, 13, 10, 11, 13,
10, 15, 10, 5, 20, 17, 3, 3, 0, 17,
10, 12, 5, 16, 18, 4, 4, 15]
------------------------------------------------------- 
# stage = 12	# children c = 3	length of each stage p = 2	nodes = 67	# items I = 1
