[67, 24, 99, 95, 56, 30, 24, 64, 66, 40,
9, 5, 3, 96, 55, 72, 5, 53, 92, 44,
36, 93, 74, 94, 96, 36, 62, 49, 59, 20,
92, 25, 10, 57, 86, 66, 87, 76, 97, 18,
16, 5, 23, 86, 68, 79, 24, 73, 98, 15,
83, 100, 75, 22, 93, 36, 58, 20, 85, 16,
6, 42, 41, 17, 99, 93, 83, 52, 69, 79,
70, 51, 51, 60, 36, 18, 4, 26, 57, 68,
8, 39, 67, 83, 27, 59, 85, 85, 45, 35,
67, 52, 77, 74, 69, 42, 66, 17, 60, 34,
97, 29, 51, 47, 55, 88, 31, 59, 13, 88]
[[3, 763, 778], [747, 914, 498], [371, 382, 942], [797, 397, 750], [608, 142, 552], [266, 851, 334], [75, 577, 423], [94, 451, 548], [538, 435, 494], [410, 175, 613],
[555, 178, 120], [331, 925, 780], [829, 41, 160], [769, 838, 303], [263, 445, 446], [815, 457, 295], [895, 278, 618], [316, 373, 815], [611, 657, 996], [103, 813, 169],
[716, 366, 93], [582, 698, 17], [361, 525, 806], [267, 39, 642], [571, 302, 833], [763, 864, 288], [56, 757, 567], [420, 820, 686], [982, 429, 341], [976, 532, 900],
[892, 994, 264], [985, 320, 962], [748, 681, 232], [552, 695, 271], [941, 264, 319], [772, 25, 181], [807, 829, 685], [372, 995, 503], [804, 975, 932], [891, 950, 208],
[789, 840, 948], [51, 569, 12], [760, 316, 694], [992, 614, 133], [7, 553, 397], [326, 70, 168], [508, 877, 743], [191, 995, 736], [440, 543, 456], [370, 432, 150],
[324, 967, 736], [16, 764, 303], [28, 522, 365], [468, 258, 980], [601, 265, 277], [744, 592, 93], [658, 846, 970], [399, 783, 709], [882, 221, 250], [336, 337, 428],
[486, 661, 393], [220, 423, 156], [269, 451, 424], [635, 920, 683], [359, 265, 694], [382, 8, 30], [476, 412, 876], [190, 812, 657], [646, 438, 624], [896, 520, 961],
[323, 752, 366], [716, 718, 789], [618, 987, 239], [41, 366, 905], [470, 725, 916], [910, 854, 670], [941, 328, 81], [561, 264, 639], [965, 910, 75], [587, 805, 595],
[547, 874, 91], [913, 334, 809], [701, 699, 794], [686, 740, 159], [335, 956, 630], [249, 864, 482], [920, 549, 556], [747, 109, 821], [384, 72, 729], [205, 659, 278],
[546, 952, 898], [637, 864, 979], [444, 309, 676], [984, 741, 160], [141, 822, 114], [518, 69, 724], [1000, 735, 272], [555, 226, 381], [120, 610, 199], [595, 815, 858],
[620, 359, 809], [516, 742, 417], [493, 184, 472], [167, 915, 959], [327, 802, 779], [187, 318, 594], [912, 63, 74], [930, 618, 300], [55, 484, 911], [254, 77, 470]]
[[5, 2, 9, 6], [9, 7, 9, 0], [9, 8, 6, 8], [7, 0, 0, 6], [9, 2, 10, 4], [8, 2, 8, 8], [3, 6, 3, 3], [5, 9, 2, 9], [0, 0, 4, 10], [5, 1, 8, 3],
[9, 2, 0, 5], [2, 9, 9, 0], [1, 6, 4, 9], [7, 1, 6, 10], [5, 8, 1, 0], [4, 3, 9, 2], [2, 0, 1, 7], [1, 8, 9, 8], [10, 7, 0, 1], [4, 7, 10, 5],
[3, 1, 1, 8], [0, 7, 7, 6], [2, 6, 4, 6], [10, 0, 9, 10], [0, 8, 6, 0], [3, 2, 8, 2], [8, 7, 1, 1], [3, 9, 6, 4], [10, 5, 1, 0], [1, 7, 4, 2],
[2, 8, 8, 10], [6, 4, 9, 4], [0, 3, 4, 3], [3, 0, 6, 0], [7, 5, 1, 8], [4, 5, 2, 3], [10, 1, 1, 10], [8, 3, 1, 9], [0, 7, 6, 6], [10, 3, 9, 10],
[4, 2, 0, 7], [0, 4, 6, 5], [10, 5, 3, 1], [9, 3, 4, 6], [4, 4, 5, 0], [7, 4, 9, 6], [10, 2, 10, 7], [5, 8, 6, 9], [9, 4, 4, 9], [9, 8, 4, 8],
[2, 5, 7, 0], [6, 9, 7, 10], [2, 10, 8, 8], [2, 4, 1, 10], [7, 0, 6, 1], [7, 10, 9, 5], [3, 2, 1, 1], [10, 3, 7, 10], [8, 3, 9, 3], [2, 3, 1, 2],
[2, 9, 10, 2], [3, 0, 1, 8], [10, 7, 9, 6], [6, 5, 9, 10], [5, 10, 9, 2], [3, 4, 2, 9], [7, 9, 0, 7], [1, 1, 10, 1], [8, 7, 4, 0], [6, 5, 6, 3],
[0, 3, 7, 6], [8, 5, 3, 3], [2, 0, 3, 5], [4, 3, 2, 0], [1, 2, 6, 2], [3, 5, 2, 9], [10, 6, 8, 3], [9, 3, 6, 9], [6, 2, 3, 4], [7, 4, 5, 8],
[4, 6, 2, 8], [10, 2, 7, 0], [4, 2, 1, 5], [5, 3, 4, 4], [7, 1, 6, 5], [4, 1, 2, 0], [4, 3, 2, 9], [7, 5, 4, 1], [0, 5, 7, 10], [7, 3, 9, 1],
[5, 10, 4, 8], [0, 8, 0, 7], [7, 6, 1, 1], [7, 1, 10, 9], [4, 10, 6, 10], [4, 10, 9, 2], [4, 5, 2, 1], [7, 9, 0, 10], [6, 4, 8, 6], [0, 8, 2, 7],
[3, 1, 6, 8], [3, 5, 5, 5], [2, 9, 4, 6], [8, 2, 7, 0], [6, 7, 10, 2], [5, 8, 10, 0], [1, 7, 6, 10], [2, 6, 7, 3], [7, 2, 1, 8], [6, 4, 1, 8]]
[1, 1, 1, 1, 1, 0.333333, 0.333333, 0.333333, 0.333333, 0.333333,
0.333333, 0.333333, 0.333333, 0.333333, 0.333333, 0.333333, 0.333333, 0.333333, 0.333333, 0.333333,
0.111111, 0.111111, 0.111111, 0.111111, 0.111111, 0.111111, 0.111111, 0.111111, 0.111111, 0.111111,
0.111111, 0.111111, 0.111111, 0.111111, 0.111111, 0.037037, 0.037037, 0.037037, 0.037037, 0.037037,
0.037037, 0.037037, 0.037037, 0.037037, 0.037037, 0.037037, 0.037037, 0.037037, 0.037037, 0.037037,
0.0123457, 0.0123457, 0.0123457, 0.0123457, 0.0123457, 0.0123457, 0.0123457, 0.0123457, 0.0123457, 0.0123457,
0.0123457, 0.0123457, 0.0123457, 0.0123457, 0.0123457, 0.00411523, 0.00411523, 0.00411523, 0.00411523, 0.00411523,
0.00411523, 0.00411523, 0.00411523, 0.00411523, 0.00411523, 0.00411523, 0.00411523, 0.00411523, 0.00411523, 0.00411523,
0.00137174, 0.00137174, 0.00137174, 0.00137174, 0.00137174, 0.00137174, 0.00137174, 0.00137174, 0.00137174, 0.00137174,
0.00137174, 0.00137174, 0.00137174, 0.00137174, 0.00137174, 0.000457247, 0.000457247, 0.000457247, 0.000457247, 0.000457247,
0.000457247, 0.000457247, 0.000457247, 0.000457247, 0.000457247, 0.000457247, 0.000457247, 0.000457247, 0.000457247, 0.000457247]
[13, 9, 1, 4, 2, 10, 0, 4, 6, 19,
13, 19, 14, 1, 17, 17, 14, 20, 13, 8,
1, 6, 2, 0, 11, 12, 20, 6, 3, 10,
11, 5, 10, 15, 4, 15, 17, 3, 9, 4,
1, 19, 20, 7, 11, 0, 1, 3, 8, 10,
17, 15, 3, 8, 20, 8, 2, 16, 7, 2,
18, 17, 6, 6, 14, 1, 19, 18, 10, 9,
15, 9, 20, 17, 5, 2, 18, 20, 15, 13,
18, 12, 8, 15, 16, 5, 17, 4, 15, 20,
17, 0, 15, 14, 1, 13, 19, 10, 14, 20,
4, 13, 15, 14, 15, 7, 11, 0, 3, 10]
------------------------------------------------------- 
# stage = 8	# children c = 3	length of each stage p = 5	nodes = 109	# items I = 1
