[7, 21, 78, 68, 94, 52, 21, 82, 32, 41,
76, 43, 95, 74, 63, 57, 54, 88, 66, 40,
4, 3, 98, 17, 71, 78, 45, 19, 24, 85,
22, 98, 72, 67, 66, 31, 18, 53, 13, 50,
95, 55, 59, 55, 96, 89, 12, 49, 76, 44,
56, 46, 48, 53, 63, 18, 97, 74, 3, 87,
24, 26, 85, 96, 59, 16, 93, 43, 69, 72,
93, 29, 94, 17, 85, 89, 5, 63, 37, 47,
6, 93, 93, 20, 11, 21, 4, 7, 61, 8,
61, 85, 0, 45, 46, 59, 61, 39, 1, 96,
77, 60, 92, 70, 43, 76, 58, 15, 4, 62,
62, 77, 54, 21, 98, 32, 42, 68, 5, 3,
76, 66, 54, 42, 10, 0, 0, 37, 5, 68,
100, 82, 94, 91, 52, 37, 32, 76, 18, 36,
37, 80, 12, 58, 0, 76, 90, 9, 44, 95,
79, 19, 27, 32, 62, 37, 99, 28, 41, 3,
63, 40, 52, 22, 97, 70, 25, 28, 45, 43,
64, 49, 90, 42, 6, 90, 18, 96, 65, 62]
[[643, 1641, 1838], [1107, 534, 2114], [1038, 1659, 1375], [553, 1756, 1093], [165, 1141, 2128], [1950, 1936, 1605], [1350, 691, 1432], [258, 1448, 767], [2033, 709, 1542], [1802, 1365, 877],
[1238, 2008, 514], [1072, 1111, 1200], [1182, 146, 704], [401, 699, 304], [1647, 864, 1598], [1619, 658, 1378], [1220, 4, 2069], [496, 262, 1513], [1416, 291, 66], [954, 2093, 1432],
[1831, 1327, 1436], [190, 243, 544], [1390, 1426, 690], [90, 1979, 1389], [395, 1470, 250], [1993, 1085, 1060], [1215, 301, 1065], [1281, 798, 1327], [638, 210, 1771], [705, 1164, 1708],
[133, 840, 880], [1569, 1182, 1275], [2113, 568, 545], [799, 659, 521], [33, 1054, 2143], [283, 891, 1073], [1495, 102, 1374], [404, 1383, 168], [1884, 2022, 378], [1499, 723, 1543],
[1203, 856, 379], [2083, 421, 1561], [1203, 379, 125], [1900, 1330, 784], [265, 1363, 1838], [253, 1798, 725], [1478, 1138, 828], [848, 1694, 207], [1169, 1422, 225], [1547, 765, 1100],
[1086, 1969, 1956], [1617, 2048, 222], [1174, 1247, 753], [1300, 992, 2083], [2084, 1409, 1443], [1919, 1814, 1237], [488, 1136, 371], [1468, 2137, 2066], [1828, 1150, 1332], [2053, 693, 94],
[998, 1780, 59], [950, 1393, 2107], [1324, 412, 1351], [73, 1712, 187], [1, 1640, 1748], [1596, 1403, 1407], [829, 2044, 539], [1201, 1356, 520], [1263, 1180, 1822], [439, 1078, 360],
[685, 72, 136], [896, 1022, 1529], [848, 191, 1941], [43, 416, 1649], [382, 569, 1134], [2130, 9, 533], [1533, 991, 421], [69, 36, 1930], [741, 1299, 954], [408, 1890, 28],
[920, 572, 100], [1056, 1468, 1275], [581, 312, 1618], [519, 507, 2034], [12, 889, 448], [1298, 1016, 609], [1832, 545, 1600], [249, 614, 1636], [23, 1356, 931], [1130, 1764, 818],
[1158, 528, 1542], [1259, 1736, 854], [378, 161, 1167], [2148, 832, 1674], [2026, 845, 560], [318, 2143, 1728], [928, 1819, 117], [372, 2069, 732], [5, 88, 84], [1088, 1218, 1848],
[2058, 221, 372], [1444, 1632, 104], [143, 6, 265], [1462, 2154, 1098], [1132, 20, 2095], [1844, 339, 2082], [1416, 1419, 1898], [1534, 1943, 1963], [262, 2100, 2051], [346, 1033, 1266],
[190, 1087, 1639], [562, 376, 1267], [818, 671, 1273], [1235, 2133, 1423], [329, 1261, 1443], [268, 950, 1934], [347, 210, 1197], [89, 1896, 1137], [2052, 154, 1081], [2099, 652, 110],
[1209, 842, 1198], [844, 1556, 1574], [2111, 218, 241], [1380, 1454, 370], [647, 1783, 1631], [87, 2052, 425], [17, 395, 788], [1367, 484, 680], [348, 532, 987], [1429, 475, 1639],
[1540, 1837, 326], [734, 525, 2034], [304, 481, 97], [545, 1861, 1703], [915, 505, 1330], [390, 592, 1378], [968, 761, 1773], [1908, 2128, 253], [584, 320, 785], [1571, 1750, 1413],
[1207, 1286, 1246], [1533, 2020, 1771], [1563, 168, 248], [1660, 865, 106], [1359, 1780, 611], [686, 166, 1355], [2064, 1286, 2116], [1834, 1038, 2089], [83, 1775, 405], [1021, 1190, 151],
[430, 241, 1437], [1676, 1926, 1453], [1443, 1334, 1773], [1692, 990, 634], [1798, 194, 258], [405, 880, 425], [1760, 940, 1711], [1872, 770, 746], [1957, 1006, 365], [207, 2027, 1707],
[358, 301, 2101], [1948, 2129, 2023], [1397, 1416, 1201], [1015, 1104, 188], [1649, 746, 382], [2060, 1303, 1414], [481, 907, 350], [188, 776, 1121], [934, 577, 123], [1451, 784, 2150],
[1155, 1143, 447], [1100, 935, 420], [967, 176, 1988], [165, 1343, 937], [505, 989, 1835], [1039, 1045, 983], [297, 1526, 2042], [799, 1866, 662], [1920, 645, 1240], [2043, 92, 20]]
[[1, 3, 9, 2], [9, 4, 3, 4], [9, 3, 0, 6], [8, 6, 10, 4], [1, 2, 1, 1], [0, 10, 5, 7], [2, 3, 6, 7], [0, 3, 3, 2], [7, 2, 2, 3], [4, 5, 5, 2],
[6, 3, 6, 1], [9, 6, 5, 8], [6, 6, 8, 6], [3, 0, 1, 6], [2, 7, 2, 2], [10, 4, 2, 4], [6, 5, 5, 8], [8, 0, 0, 4], [3, 4, 5, 0], [8, 9, 6, 3],
[2, 3, 8, 6], [4, 9, 1, 4], [5, 1, 6, 2], [5, 7, 5, 9], [1, 10, 7, 9], [8, 5, 0, 10], [9, 4, 8, 5], [2, 3, 8, 4], [5, 5, 10, 9], [3, 9, 0, 6],
[0, 6, 7, 3], [2, 1, 0, 1], [9, 7, 9, 5], [10, 9, 4, 6], [2, 1, 0, 4], [4, 7, 7, 9], [1, 6, 5, 3], [5, 5, 7, 3], [10, 3, 4, 10], [2, 4, 1, 10],
[9, 8, 4, 6], [6, 6, 2, 9], [7, 2, 0, 9], [9, 5, 6, 9], [1, 9, 10, 4], [2, 6, 5, 1], [8, 7, 9, 8], [1, 8, 7, 8], [5, 9, 4, 1], [4, 6, 8, 9],
[6, 6, 6, 3], [1, 1, 1, 0], [8, 0, 4, 10], [4, 7, 9, 1], [3, 8, 8, 2], [5, 2, 9, 0], [1, 2, 10, 3], [6, 7, 0, 10], [2, 6, 2, 1], [5, 1, 1, 2],
[10, 3, 2, 4], [10, 0, 3, 1], [6, 0, 1, 1], [3, 10, 10, 2], [10, 9, 3, 3], [5, 3, 1, 5], [7, 3, 7, 1], [3, 6, 2, 2], [10, 2, 4, 7], [0, 6, 6, 7],
[6, 8, 6, 7], [5, 5, 7, 3], [3, 0, 6, 6], [1, 7, 9, 7], [9, 5, 8, 1], [1, 8, 1, 9], [10, 6, 5, 9], [10, 10, 5, 3], [7, 9, 9, 1], [3, 5, 2, 4],
[3, 9, 10, 3], [3, 8, 10, 10], [1, 7, 0, 0], [3, 0, 9, 0], [4, 1, 9, 3], [0, 1, 6, 5], [10, 4, 5, 2], [8, 7, 4, 0], [3, 3, 3, 7], [10, 2, 6, 9],
[8, 5, 7, 9], [5, 3, 9, 7], [4, 8, 10, 3], [9, 3, 6, 9], [8, 0, 9, 5], [6, 3, 3, 9], [4, 5, 3, 1], [7, 8, 10, 2], [0, 6, 0, 5], [9, 10, 10, 1],
[5, 9, 2, 1], [1, 8, 10, 7], [9, 9, 10, 4], [10, 3, 0, 3], [6, 4, 5, 0], [10, 2, 3, 10], [9, 1, 2, 5], [9, 1, 6, 1], [10, 8, 3, 9], [6, 2, 6, 2],
[9, 3, 4, 6], [4, 4, 10, 10], [6, 2, 0, 5], [4, 1, 4, 2], [2, 6, 8, 10], [5, 1, 0, 2], [10, 3, 1, 3], [4, 5, 3, 0], [8, 5, 7, 0], [9, 6, 10, 3],
[8, 10, 6, 1], [9, 9, 2, 1], [2, 8, 9, 8], [9, 7, 10, 6], [0, 9, 7, 2], [3, 10, 2, 10], [2, 7, 10, 1], [2, 9, 2, 8], [7, 8, 8, 5], [6, 8, 4, 9],
[5, 0, 4, 1], [8, 3, 8, 6], [2, 2, 8, 3], [0, 8, 2, 2], [5, 10, 1, 5], [7, 3, 3, 3], [10, 9, 6, 3], [6, 0, 10, 9], [9, 3, 10, 6], [5, 5, 1, 7],
[6, 7, 8, 6], [5, 0, 6, 10], [8, 8, 2, 4], [9, 3, 7, 8], [1, 1, 1, 5], [10, 9, 1, 8], [2, 10, 4, 7], [2, 5, 1, 8], [0, 9, 1, 5], [7, 8, 2, 5],
[3, 4, 7, 1], [6, 2, 8, 5], [3, 9, 9, 2], [5, 10, 10, 7], [7, 3, 1, 10], [7, 0, 5, 7], [10, 7, 10, 4], [2, 10, 7, 5], [3, 4, 6, 7], [6, 3, 2, 9],
[10, 0, 9, 5], [10, 8, 10, 7], [1, 10, 4, 6], [10, 9, 2, 7], [3, 10, 1, 5], [9, 6, 8, 10], [8, 4, 7, 1], [5, 9, 8, 3], [7, 6, 6, 6], [4, 3, 0, 3],
[2, 2, 9, 2], [10, 9, 9, 2], [8, 8, 6, 4], [2, 3, 3, 10], [5, 8, 1, 0], [6, 7, 1, 2], [3, 5, 7, 7], [8, 5, 8, 0], [6, 6, 0, 5], [2, 7, 7, 8]]
[1, 1, 1, 1, 1, 0.2, 0.2, 0.2, 0.2, 0.2,
0.2, 0.2, 0.2, 0.2, 0.2, 0.2, 0.2, 0.2, 0.2, 0.2,
0.2, 0.2, 0.2, 0.2, 0.2, 0.2, 0.2, 0.2, 0.2, 0.2,
0.04, 0.04, 0.04, 0.04, 0.04, 0.04, 0.04, 0.04, 0.04, 0.04,
0.04, 0.04, 0.04, 0.04, 0.04, 0.04, 0.04, 0.04, 0.04, 0.04,
0.04, 0.04, 0.04, 0.04, 0.04, 0.008, 0.008, 0.008, 0.008, 0.008,
0.008, 0.008, 0.008, 0.008, 0.008, 0.008, 0.008, 0.008, 0.008, 0.008,
0.008, 0.008, 0.008, 0.008, 0.008, 0.008, 0.008, 0.008, 0.008, 0.008,
0.0016, 0.0016, 0.0016, 0.0016, 0.0016, 0.0016, 0.0016, 0.0016, 0.0016, 0.0016,
0.0016, 0.0016, 0.0016, 0.0016, 0.0016, 0.0016, 0.0016, 0.0016, 0.0016, 0.0016,
0.0016, 0.0016, 0.0016, 0.0016, 0.0016, 0.00032, 0.00032, 0.00032, 0.00032, 0.00032,
0.00032, 0.00032, 0.00032, 0.00032, 0.00032, 0.00032, 0.00032, 0.00032, 0.00032, 0.00032,
0.00032, 0.00032, 0.00032, 0.00032, 0.00032, 0.00032, 0.00032, 0.00032, 0.00032, 0.00032,
6.4e-05, 6.4e-05, 6.4e-05, 6.4e-05, 6.4e-05, 6.4e-05, 6.4e-05, 6.4e-05, 6.4e-05, 6.4e-05,
6.4e-05, 6.4e-05, 6.4e-05, 6.4e-05, 6.4e-05, 6.4e-05, 6.4e-05, 6.4e-05, 6.4e-05, 6.4e-05,
6.4e-05, 6.4e-05, 6.4e-05, 6.4e-05, 6.4e-05, 1.28e-05, 1.28e-05, 1.28e-05, 1.28e-05, 1.28e-05,
1.28e-05, 1.28e-05, 1.28e-05, 1.28e-05, 1.28e-05, 1.28e-05, 1.28e-05, 1.28e-05, 1.28e-05, 1.28e-05,
1.28e-05, 1.28e-05, 1.28e-05, 1.28e-05, 1.28e-05, 1.28e-05, 1.28e-05, 1.28e-05, 1.28e-05, 1.28e-05]
[15, 18, 6, 11, 5, 4, 19, 3, 10, 11,
13, 15, 1, 21, 0, 8, 13, 5, 19, 1,
12, 16, 3, 7, 14, 10, 13, 18, 19, 8,
14, 9, 15, 21, 5, 12, 2, 21, 3, 18,
1, 20, 5, 2, 11, 18, 1, 4, 18, 4,
4, 14, 0, 9, 18, 17, 10, 8, 11, 12,
18, 1, 12, 10, 9, 6, 7, 16, 10, 7,
8, 2, 17, 6, 16, 2, 3, 5, 4, 0,
6, 2, 1, 18, 16, 17, 3, 17, 5, 20,
18, 9, 21, 11, 6, 15, 14, 1, 8, 4,
19, 3, 15, 14, 17, 17, 10, 10, 15, 13,
9, 7, 20, 14, 1, 6, 15, 15, 3, 3,
18, 9, 21, 16, 16, 11, 10, 0, 0, 12,
6, 19, 4, 5, 18, 4, 5, 0, 8, 19,
20, 2, 1, 14, 11, 0, 20, 16, 5, 8,
7, 15, 4, 16, 3, 13, 16, 7, 15, 18,
3, 20, 11, 2, 13, 16, 1, 6, 18, 15,
9, 1, 21, 20, 8, 14, 8, 10, 3, 11]
------------------------------------------------------- 
# stage = 8	# children c = 5	length of each stage p = 5	nodes = 179	# items I = 1
