[38, 41, 67, 99, 54, 91, 23, 54, 16, 50,
40, 17, 76, 18, 87, 77, 28, 49, 69, 6,
56, 32, 6, 12, 100, 68, 31, 66, 16, 22,
13, 54, 64, 46, 19, 17, 2, 42, 72, 85,
92, 78, 2, 33, 96, 89, 9, 90, 37, 44,
97, 59, 76, 69, 72, 42, 36, 2, 74, 52,
25, 87, 73, 55, 99, 92, 72, 0, 100, 9,
85, 57, 54, 87, 91, 15, 75, 66, 5, 79,
10, 68, 37, 52, 36, 75, 60, 38, 78, 33,
56, 69, 86, 28, 23, 84, 19, 61, 84, 85,
37, 35]
[[1650, 2006, 886], [2022, 1887, 107], [1856, 1628, 412], [478, 231, 1364], [1606, 26, 53], [1201, 1620, 48], [1982, 1385, 1614], [201, 206, 11], [959, 518, 891], [1402, 1667, 1321],
[796, 1212, 1221], [2022, 1468, 1343], [23, 1218, 865], [776, 2037, 1097], [34, 1877, 1463], [427, 973, 1318], [475, 1189, 937], [324, 1730, 1483], [335, 583, 2001], [1567, 219, 1562],
[1122, 1356, 1008], [238, 1272, 370], [1581, 1296, 1929], [680, 2072, 94], [1777, 340, 1971], [1475, 767, 1178], [687, 1242, 261], [1624, 1906, 1991], [1001, 476, 808], [896, 277, 1028],
[692, 1399, 278], [2041, 1637, 1890], [645, 1452, 1080], [468, 27, 1386], [562, 38, 1726], [768, 1513, 387], [1946, 434, 1970], [102, 2058, 1770], [327, 1293, 480], [1476, 423, 757],
[398, 1456, 51], [1016, 1391, 1688], [800, 2036, 1035], [115, 739, 1402], [1501, 1641, 1440], [1462, 303, 1188], [1849, 484, 1622], [2053, 926, 1915], [1718, 1593, 1102], [92, 963, 1526],
[1190, 1361, 1216], [1241, 611, 501], [1163, 1752, 771], [432, 101, 1510], [1834, 1602, 1386], [1509, 1298, 1689], [591, 1042, 407], [107, 989, 1333], [2022, 941, 821], [1359, 1374, 1784],
[1119, 458, 1380], [229, 2039, 225], [730, 1096, 211], [1841, 1529, 312], [1246, 1597, 149], [526, 1000, 1447], [449, 1591, 383], [1197, 2039, 1713], [424, 1955, 888], [1585, 1208, 496],
[1604, 221, 1294], [1218, 790, 1227], [1783, 1520, 558], [1995, 1596, 321], [201, 736, 1918], [350, 1602, 1153], [1798, 285, 638], [415, 1482, 571], [362, 141, 761], [1251, 2066, 203],
[2087, 1564, 765], [1276, 1016, 1555], [737, 694, 1310], [1295, 583, 800], [1956, 1124, 1876], [1769, 1475, 1712], [1156, 1507, 231], [1794, 156, 1714], [600, 519, 89], [1701, 4, 49],
[1904, 325, 1954], [563, 1601, 1204], [353, 573, 1898], [1663, 1868, 715], [697, 2059, 1840], [467, 1722, 1549], [73, 772, 1290], [304, 800, 1446], [252, 1740, 199], [681, 1335, 543],
[1071, 1474, 869], [919, 271, 704]]
[[10, 1, 10, 10], [1, 3, 8, 10], [10, 0, 2, 8], [4, 1, 3, 7], [9, 5, 5, 2], [0, 10, 1, 8], [3, 8, 2, 1], [1, 8, 6, 0], [7, 4, 8, 9], [7, 4, 6, 4],
[4, 9, 1, 6], [8, 4, 3, 5], [7, 8, 5, 7], [5, 6, 2, 6], [1, 5, 8, 3], [2, 3, 1, 10], [7, 8, 6, 1], [1, 10, 5, 5], [6, 5, 1, 2], [7, 4, 7, 4],
[10, 10, 9, 4], [5, 1, 0, 5], [6, 8, 8, 6], [9, 7, 3, 4], [4, 7, 3, 5], [7, 9, 0, 0], [3, 10, 2, 8], [3, 7, 1, 0], [6, 9, 4, 10], [10, 2, 4, 3],
[8, 1, 9, 5], [8, 2, 9, 2], [9, 1, 5, 3], [8, 3, 4, 9], [2, 6, 7, 3], [1, 6, 3, 7], [4, 6, 6, 1], [8, 10, 4, 4], [9, 3, 9, 7], [3, 5, 7, 1],
[4, 10, 5, 2], [3, 7, 9, 5], [0, 3, 9, 1], [8, 10, 9, 1], [5, 4, 3, 1], [2, 7, 5, 0], [8, 3, 5, 0], [6, 1, 2, 10], [1, 5, 1, 4], [10, 9, 7, 10],
[10, 3, 10, 7], [3, 6, 7, 8], [8, 8, 7, 10], [4, 1, 0, 0], [2, 5, 0, 8], [5, 0, 8, 4], [3, 7, 6, 2], [3, 2, 0, 1], [6, 10, 8, 7], [3, 2, 4, 0],
[10, 10, 0, 2], [0, 9, 2, 1], [1, 2, 7, 6], [3, 2, 8, 6], [8, 3, 7, 9], [4, 7, 10, 10], [4, 8, 6, 7], [10, 8, 7, 10], [7, 5, 10, 6], [1, 1, 5, 3],
[3, 10, 7, 4], [2, 5, 9, 8], [6, 5, 6, 10], [10, 6, 9, 3], [1, 2, 8, 9], [9, 4, 6, 3], [8, 5, 9, 9], [6, 1, 10, 8], [1, 7, 1, 1], [10, 8, 9, 5],
[2, 4, 5, 1], [8, 1, 2, 9], [2, 10, 6, 0], [4, 1, 3, 10], [7, 0, 6, 0], [10, 6, 8, 0], [0, 8, 10, 10], [5, 8, 2, 8], [0, 7, 7, 6], [7, 10, 3, 9],
[9, 9, 7, 0], [10, 10, 8, 4], [8, 4, 5, 8], [10, 2, 8, 8], [10, 6, 7, 3], [3, 9, 0, 1], [4, 5, 8, 0], [4, 9, 7, 1], [7, 3, 1, 6], [2, 10, 9, 9],
[1, 3, 6, 9], [3, 1, 6, 1]]
[1, 1, 1, 0.333333, 0.333333, 0.333333, 0.333333, 0.333333, 0.333333, 0.333333,
0.333333, 0.333333, 0.111111, 0.111111, 0.111111, 0.111111, 0.111111, 0.111111, 0.111111, 0.111111,
0.111111, 0.037037, 0.037037, 0.037037, 0.037037, 0.037037, 0.037037, 0.037037, 0.037037, 0.037037,
0.0123457, 0.0123457, 0.0123457, 0.0123457, 0.0123457, 0.0123457, 0.0123457, 0.0123457, 0.0123457, 0.00411523,
0.00411523, 0.00411523, 0.00411523, 0.00411523, 0.00411523, 0.00411523, 0.00411523, 0.00411523, 0.00137174, 0.00137174,
0.00137174, 0.00137174, 0.00137174, 0.00137174, 0.00137174, 0.00137174, 0.00137174, 0.000457247, 0.000457247, 0.000457247,
0.000457247, 0.000457247, 0.000457247, 0.000457247, 0.000457247, 0.000457247, 0.000152416, 0.000152416, 0.000152416, 0.000152416,
0.000152416, 0.000152416, 0.000152416, 0.000152416, 0.000152416, 5.08053e-05, 5.08053e-05, 5.08053e-05, 5.08053e-05, 5.08053e-05,
5.08053e-05, 5.08053e-05, 5.08053e-05, 5.08053e-05, 1.69351e-05, 1.69351e-05, 1.69351e-05, 1.69351e-05, 1.69351e-05, 1.69351e-05,
1.69351e-05, 1.69351e-05, 1.69351e-05, 5.64503e-06, 5.64503e-06, 5.64503e-06, 5.64503e-06, 5.64503e-06, 5.64503e-06, 5.64503e-06,
5.64503e-06, 5.64503e-06]
[12, 18, 4, 0, 5, 3, 6, 6, 17, 21,
12, 17, 2, 17, 1, 0, 11, 17, 6, 4,
3, 4, 6, 20, 19, 11, 21, 20, 4, 14,
20, 17, 9, 0, 5, 2, 11, 18, 11, 15,
10, 16, 7, 8, 1, 17, 11, 9, 20, 11,
12, 10, 14, 15, 19, 9, 11, 13, 14, 6,
18, 16, 10, 3, 9, 11, 1, 0, 4, 14,
0, 4, 4, 3, 13, 10, 10, 14, 2, 5,
5, 9, 14, 18, 1, 13, 10, 8, 9, 7,
21, 7, 18, 8, 14, 7, 4, 1, 2, 8,
4, 2]
------------------------------------------------------- 
# stage = 12	# children c = 3	length of each stage p = 3	nodes = 101	# items I = 1
