[81, 25, 91, 84, 67, 44, 43, 40, 70, 0,
18, 16, 2, 63, 74, 18, 34, 26, 60, 40,
75, 92, 99, 74, 83, 32, 28, 100, 78, 2,
19, 24, 28, 9, 74, 61, 20, 84, 0, 90,
50, 19, 73, 52, 82, 46, 37, 15, 38, 97,
21, 13, 54, 20, 53, 36, 18, 47, 36, 62,
49, 21, 86, 43, 30, 60, 3, 16]
[[3, 1847, 1126], [807, 1594, 1457], [1591, 943, 1034], [1014, 1330, 1541], [1212, 960, 312], [1292, 1484, 259], [1771, 170, 1218], [1175, 1534, 911], [704, 854, 1108], [1172, 407, 688],
[1714, 356, 439], [798, 1163, 2033], [159, 712, 880], [1140, 1673, 169], [585, 843, 1075], [844, 39, 517], [1103, 1810, 633], [279, 889, 126], [1136, 1593, 926], [202, 670, 1279],
[836, 288, 1636], [1221, 1032, 703], [1159, 1192, 1362], [2039, 236, 993], [166, 821, 1782], [1242, 1665, 1821], [1705, 672, 1535], [243, 897, 382], [315, 2033, 1921], [1241, 139, 549],
[478, 975, 837], [18, 101, 1816], [722, 1260, 912], [2030, 1257, 1148], [981, 1424, 1915], [667, 570, 1485], [446, 179, 115], [1981, 422, 1013], [321, 737, 950], [200, 1978, 1090],
[696, 361, 2011], [1479, 379, 70], [1253, 1047, 1330], [123, 1035, 492], [1217, 1962, 1862], [1091, 587, 390], [534, 1033, 515], [649, 918, 938], [1608, 1239, 1621], [517, 1386, 1504],
[1553, 2028, 1865], [1468, 1465, 148], [1539, 623, 1196], [773, 692, 189], [1211, 1910, 110], [1031, 959, 697], [1367, 1493, 1677], [1883, 46, 553], [725, 1655, 1739], [250, 76, 1029],
[1754, 1575, 1015], [1523, 1001, 384], [1672, 444, 1007], [826, 1164, 1700], [961, 333, 1568], [1071, 1365, 431], [1715, 690, 1924], [1350, 477, 1916]]
[[1, 6, 6, 2], [2, 4, 5, 1], [7, 7, 8, 8], [4, 7, 7, 7], [1, 5, 9, 10], [3, 1, 6, 2], [6, 8, 10, 8], [9, 2, 1, 8], [6, 7, 8, 8], [9, 0, 7, 3],
[6, 2, 9, 8], [10, 5, 4, 9], [8, 2, 8, 0], [3, 4, 1, 7], [10, 0, 5, 6], [0, 6, 1, 7], [0, 9, 2, 7], [7, 10, 10, 2], [1, 7, 10, 9], [10, 4, 8, 8],
[4, 3, 8, 6], [7, 7, 2, 4], [7, 7, 8, 8], [0, 9, 2, 9], [5, 4, 5, 2], [1, 3, 2, 1], [10, 2, 10, 9], [4, 5, 6, 6], [9, 2, 1, 3], [9, 4, 8, 4],
[9, 5, 1, 10], [4, 3, 6, 7], [7, 10, 9, 7], [2, 10, 8, 10], [10, 5, 6, 3], [0, 0, 7, 9], [0, 9, 10, 7], [0, 7, 0, 9], [0, 1, 6, 2], [4, 0, 9, 10],
[10, 6, 4, 10], [5, 1, 7, 4], [4, 2, 5, 4], [2, 1, 0, 2], [8, 0, 8, 8], [5, 8, 5, 5], [10, 9, 5, 1], [9, 4, 9, 8], [10, 2, 5, 2], [1, 1, 6, 4],
[4, 0, 6, 4], [1, 5, 5, 10], [5, 2, 5, 8], [8, 10, 1, 5], [9, 6, 7, 5], [10, 3, 1, 7], [4, 6, 9, 3], [8, 2, 7, 10], [2, 3, 1, 2], [8, 6, 10, 0],
[6, 4, 6, 4], [2, 7, 9, 9], [1, 3, 3, 0], [7, 4, 6, 9], [0, 2, 10, 6], [5, 7, 5, 5], [8, 6, 7, 5], [0, 6, 3, 6]]
[1, 1, 0.333333, 0.333333, 0.333333, 0.333333, 0.333333, 0.333333, 0.111111, 0.111111,
0.111111, 0.111111, 0.111111, 0.111111, 0.037037, 0.037037, 0.037037, 0.037037, 0.037037, 0.037037,
0.0123457, 0.0123457, 0.0123457, 0.0123457, 0.0123457, 0.0123457, 0.00411523, 0.00411523, 0.00411523, 0.00411523,
0.00411523, 0.00411523, 0.00137174, 0.00137174, 0.00137174, 0.00137174, 0.00137174, 0.00137174, 0.000457247, 0.000457247,
0.000457247, 0.000457247, 0.000457247, 0.000457247, 0.000152416, 0.000152416, 0.000152416, 0.000152416, 0.000152416, 0.000152416,
5.08053e-05, 5.08053e-05, 5.08053e-05, 5.08053e-05, 5.08053e-05, 5.08053e-05, 1.69351e-05, 1.69351e-05, 1.69351e-05, 1.69351e-05,
1.69351e-05, 1.69351e-05, 5.64503e-06, 5.64503e-06, 5.64503e-06, 5.64503e-06, 5.64503e-06, 5.64503e-06]
[1, 2, 3, 9, 1, 6, 8, 0, 9, 9,
4, 1, 2, 0, 10, 2, 7, 10, 5, 4,
4, 10, 3, 0, 8, 1, 4, 1, 6, 3,
3, 1, 9, 0, 4, 6, 9, 7, 10, 0,
3, 8, 2, 10, 7, 0, 7, 10, 10, 4,
9, 7, 1, 8, 8, 7, 8, 6, 10, 8,
7, 4, 7, 6, 8, 5, 8, 2]
------------------------------------------------------- 
# stage = 12	# children c = 3	length of each stage p = 2	nodes = 67	# items I = 1
