[84, 5, 9, 11, 98, 76, 22, 68, 3, 46,
84, 29, 91, 95, 17, 46, 4, 96, 86, 50,
40, 62, 25, 9, 74, 8, 77, 17, 84, 24,
74, 33, 97, 84, 44, 94, 59, 66, 28, 28,
12, 11, 58, 69, 6, 41]
[[732, 414, 754], [188, 603, 576], [227, 257, 465], [371, 639, 510], [764, 693, 259], [523, 378, 280], [517, 43, 168], [304, 131, 943], [692, 656, 705], [452, 651, 941],
[379, 439, 411], [430, 628, 71], [62, 855, 328], [527, 282, 263], [333, 342, 252], [592, 866, 630], [169, 679, 673], [337, 279, 100], [336, 268, 52], [337, 720, 703],
[335, 155, 199], [42, 585, 123], [113, 647, 274], [681, 231, 556], [240, 564, 898], [492, 453, 116], [418, 862, 91], [387, 255, 371], [487, 831, 639], [540, 465, 655],
[299, 96, 810], [738, 138, 452], [861, 252, 395], [191, 229, 866], [43, 470, 487], [238, 258, 236], [354, 677, 394], [686, 120, 649], [113, 608, 776], [48, 204, 297],
[943, 743, 393], [809, 538, 532], [557, 695, 80], [9, 887, 549], [875, 930, 75], [658, 224, 574]]
[[10, 9, 3, 3], [2, 6, 5, 0], [3, 7, 4, 4], [8, 6, 6, 7], [6, 2, 7, 4], [5, 3, 10, 5], [7, 6, 7, 0], [9, 5, 9, 9], [1, 1, 10, 3], [5, 4, 3, 7],
[0, 5, 9, 7], [1, 4, 3, 5], [4, 8, 7, 10], [0, 6, 4, 5], [1, 9, 6, 9], [3, 2, 5, 2], [4, 4, 5, 7], [6, 6, 1, 6], [1, 0, 0, 0], [2, 3, 5, 7],
[0, 10, 4, 9], [6, 6, 4, 5], [5, 8, 1, 6], [10, 6, 9, 1], [8, 1, 7, 3], [8, 8, 8, 7], [6, 8, 5, 9], [10, 10, 3, 8], [7, 5, 7, 2], [0, 9, 6, 5],
[4, 7, 10, 1], [1, 8, 1, 7], [9, 8, 0, 4], [3, 6, 9, 8], [1, 3, 4, 0], [0, 7, 9, 8], [1, 3, 8, 1], [10, 1, 5, 1], [9, 4, 2, 8], [10, 3, 4, 6],
[9, 2, 0, 0], [8, 7, 8, 8], [0, 1, 8, 9], [6, 4, 6, 7], [5, 2, 6, 2], [3, 9, 3, 1]]
[1, 1, 0.5, 0.5, 0.5, 0.5, 0.25, 0.25, 0.25, 0.25,
0.125, 0.125, 0.125, 0.125, 0.0625, 0.0625, 0.0625, 0.0625, 0.03125, 0.03125,
0.03125, 0.03125, 0.015625, 0.015625, 0.015625, 0.015625, 0.0078125, 0.0078125, 0.0078125, 0.0078125,
0.00390625, 0.00390625, 0.00390625, 0.00390625, 0.00195312, 0.00195312, 0.00195312, 0.00195312, 0.000976562, 0.000976562,
0.000976562, 0.000976562, 0.000488281, 0.000488281, 0.000488281, 0.000488281]
[16, 7, 1, 15, 3, 7, 0, 8, 12, 11,
7, 13, 12, 14, 2, 11, 1, 2, 13, 9,
13, 3, 14, 7, 2, 7, 5, 15, 3, 13,
12, 18, 0, 13, 13, 5, 0, 12, 13, 13,
12, 5, 0, 13, 9, 3]
------------------------------------------------------- 
# stage = 12	# children c = 2	length of each stage p = 2	nodes = 45	# items I = 1
