[18, 52, 9, 2, 11, 31, 38, 48, 4, 61,
43, 89, 51, 83, 11, 8, 36, 91, 90, 81,
24, 31, 12]
[[1906, 237, 732], [477, 1719, 1840], [1256, 1691, 931], [894, 601, 1535], [128, 176, 822], [224, 135, 21], [1511, 1106, 68], [579, 414, 1016], [1996, 21, 1580], [442, 206, 1298],
[1448, 1055, 477], [1122, 474, 161], [927, 1730, 794], [1858, 1566, 1395], [301, 636, 1571], [1123, 860, 649], [1144, 336, 697], [154, 1892, 1111], [1170, 1854, 1133], [715, 1238, 281],
[955, 651, 1336], [1432, 1774, 753], [535, 1643, 1425]]
[[1, 3, 8, 3], [6, 3, 2, 4], [7, 1, 3, 10], [0, 6, 5, 2], [9, 10, 7, 2], [9, 4, 2, 7], [7, 7, 9, 2], [3, 6, 2, 2], [7, 8, 6, 2], [9, 8, 5, 3],
[7, 8, 3, 7], [4, 6, 7, 0], [5, 4, 1, 3], [8, 3, 8, 5], [0, 7, 5, 1], [2, 5, 4, 9], [1, 10, 10, 10], [5, 4, 3, 1], [1, 4, 6, 3], [10, 3, 2, 2],
[5, 3, 3, 0], [4, 0, 5, 2], [7, 9, 4, 7]]
[1, 0.5, 0.5, 0.25, 0.25, 0.125, 0.125, 0.0625, 0.0625, 0.03125,
0.03125, 0.015625, 0.015625, 0.0078125, 0.0078125, 0.00390625, 0.00390625, 0.00195312, 0.00195312, 0.000976562,
0.000976562, 0.000488281, 0.000488281]
[2, 7, 9, 7, 2, 3, 5, 5, 8, 6,
9, 3, 5, 7, 9, 0, 0, 4, 7, 7,
5, 3, 1]
------------------------------------------------------- 
# stage = 12	# children c = 2	length of each stage p = 1	nodes = 22	# items I = 1
