[100, 65, 7, 75, 44, 37, 11, 53, 19, 20,
28, 41, 40, 97, 19, 25, 44, 40, 39, 39,
42, 3, 76]
[[986, 1213, 1752], [1912, 1660, 1351], [1268, 178, 1175], [1024, 609, 846], [1636, 1721, 1133], [1660, 1850, 547], [1787, 1429, 753], [1273, 207, 393], [1666, 1113, 419], [1951, 1606, 1932],
[169, 609, 1415], [1922, 791, 1092], [1290, 329, 1270], [735, 1353, 150], [1835, 1007, 1871], [985, 684, 8], [1785, 741, 1438], [555, 32, 1898], [949, 1951, 1282], [1621, 1919, 905],
[1570, 105, 1767], [1002, 297, 576], [365, 1588, 905]]
[[3, 9, 6, 7], [8, 3, 8, 10], [9, 10, 6, 6], [7, 5, 5, 8], [2, 2, 6, 7], [9, 0, 8, 3], [5, 9, 10, 2], [9, 1, 0, 0], [8, 4, 5, 4], [7, 2, 3, 4],
[10, 8, 8, 5], [2, 3, 2, 4], [5, 6, 9, 3], [5, 6, 4, 8], [3, 3, 10, 10], [2, 9, 10, 0], [2, 4, 4, 8], [5, 5, 1, 4], [0, 9, 9, 3], [1, 9, 5, 4],
[3, 4, 6, 8], [8, 10, 3, 9], [1, 2, 9, 3]]
[1, 0.5, 0.5, 0.25, 0.25, 0.125, 0.125, 0.0625, 0.0625, 0.03125,
0.03125, 0.015625, 0.015625, 0.0078125, 0.0078125, 0.00390625, 0.00390625, 0.00195312, 0.00195312, 0.000976562,
0.000976562, 0.000488281, 0.000488281]
[13, 15, 2, 19, 7, 16, 16, 12, 3, 12,
18, 6, 1, 2, 17, 19, 8, 4, 8, 9,
18, 18, 5]
------------------------------------------------------- 
# stage = 12	# children c = 2	length of each stage p = 1	nodes = 22	# items I = 1
