[5, 81, 24, 83, 85, 25, 12, 51, 93, 57,
63, 10, 17, 98, 56, 77, 87, 15, 58, 33,
96, 86, 99, 73, 2, 49, 43, 23, 67, 59,
0, 72]
[[1787, 2207, 1900], [2316, 1160, 229], [230, 726, 1667], [2446, 2341, 2471], [915, 174, 1095], [1937, 2201, 1364], [347, 1840, 685], [2008, 1427, 1804], [823, 1629, 1427], [2128, 906, 109],
[212, 359, 2317], [2341, 112, 914], [237, 343, 1869], [2133, 455, 1648], [2041, 1370, 1822], [802, 744, 1690], [2166, 1320, 967], [517, 765, 2394], [2322, 1817, 1690], [1186, 1383, 33],
[1296, 1824, 392], [1279, 1832, 734], [2422, 2298, 1306], [1729, 1868, 1761], [1043, 1575, 797], [531, 2377, 1770], [2221, 2210, 527], [625, 164, 1522], [686, 152, 1005], [2376, 1339, 54],
[75, 301, 1879], [696, 1580, 1377]]
[[7, 6, 4, 0], [9, 5, 9, 1], [1, 3, 7, 1], [2, 6, 3, 10], [8, 9, 4, 1], [7, 5, 4, 2], [9, 0, 8, 2], [6, 6, 0, 2], [10, 2, 1, 8], [6, 10, 8, 5],
[3, 4, 4, 3], [9, 5, 0, 6], [3, 5, 5, 8], [8, 9, 8, 4], [7, 5, 7, 2], [9, 5, 3, 9], [7, 4, 4, 0], [1, 1, 5, 4], [4, 9, 6, 2], [4, 6, 6, 5],
[9, 1, 3, 7], [8, 0, 0, 5], [4, 5, 5, 2], [10, 8, 9, 5], [10, 3, 5, 1], [2, 0, 3, 4], [7, 7, 6, 9], [3, 0, 2, 10], [10, 3, 6, 7], [3, 5, 10, 5],
[10, 3, 6, 10], [9, 2, 2, 9]]
[1, 1, 0.333333, 0.333333, 0.333333, 0.333333, 0.333333, 0.333333, 0.111111, 0.111111,
0.111111, 0.111111, 0.111111, 0.111111, 0.037037, 0.037037, 0.037037, 0.037037, 0.037037, 0.037037,
0.0123457, 0.0123457, 0.0123457, 0.0123457, 0.0123457, 0.0123457, 0.00411523, 0.00411523, 0.00411523, 0.00411523,
0.00411523, 0.00411523]
[3, 23, 21, 22, 2, 9, 12, 14, 11, 10,
22, 4, 19, 5, 5, 3, 24, 24, 16, 11,
16, 17, 5, 5, 2, 11, 23, 25, 24, 14,
13, 17]
------------------------------------------------------- 
# stage = 6	# children c = 3	length of each stage p = 2	nodes = 31	# items I = 1
