[14, 71, 42, 87, 80, 87, 64, 83, 71, 33,
48, 75, 23, 64, 93, 93, 20, 83, 52, 54,
37, 96, 21, 21, 74, 79, 85, 52, 44, 93,
48, 58, 29, 56, 11, 8, 42, 75, 57, 13,
74, 4, 54, 64, 34, 46, 22, 21, 95, 74,
75, 31, 70, 62, 52, 43, 40, 2, 62, 84,
95, 76, 8, 23, 31, 19, 31, 73, 94]
[[1290, 1800, 1246], [1768, 929, 521], [549, 1789, 1882], [463, 1915, 1763], [1452, 851, 1431], [229, 9, 1086], [1867, 728, 1409], [351, 2002, 1290], [1713, 930, 4], [151, 632, 1206],
[699, 319, 1403], [342, 75, 728], [863, 1032, 505], [1141, 1496, 408], [1300, 936, 1667], [719, 1573, 1676], [1805, 1428, 392], [1611, 175, 791], [889, 1889, 1721], [893, 28, 749],
[88, 1136, 1476], [1491, 1478, 1551], [615, 737, 980], [1121, 274, 872], [1529, 1574, 204], [1185, 282, 1778], [1257, 75, 1194], [46, 1686, 1370], [837, 564, 1655], [954, 1865, 79],
[1703, 349, 1215], [1576, 236, 1089], [1523, 852, 1826], [491, 1973, 496], [1363, 1490, 59], [1568, 1071, 341], [1742, 725, 824], [1332, 771, 907], [1098, 1608, 1471], [741, 550, 1732],
[1229, 649, 70], [432, 213, 306], [1930, 1737, 1158], [140, 624, 1119], [637, 384, 1006], [696, 348, 65], [1445, 78, 790], [257, 1410, 1969], [1164, 497, 1565], [1031, 1646, 511],
[752, 863, 1569], [822, 1704, 178], [1536, 1622, 311], [683, 158, 1344], [198, 795, 1728], [1204, 1491, 64], [1678, 1332, 550], [864, 1590, 1960], [822, 742, 853], [783, 170, 488],
[1703, 922, 1759], [1668, 140, 1451], [242, 72, 1469], [554, 755, 1628], [294, 954, 819], [10, 146, 707], [482, 220, 27], [1032, 1085, 1617], [980, 1907, 756]]
[[4, 5, 0, 10], [2, 4, 9, 3], [9, 9, 0, 2], [0, 7, 10, 2], [4, 6, 2, 2], [0, 0, 5, 3], [0, 4, 10, 1], [7, 2, 4, 0], [6, 5, 8, 8], [7, 4, 10, 3],
[0, 10, 6, 0], [7, 3, 2, 9], [7, 2, 10, 5], [3, 4, 8, 3], [9, 7, 5, 3], [8, 9, 1, 3], [1, 9, 0, 7], [1, 8, 10, 1], [8, 3, 2, 2], [5, 2, 9, 1],
[5, 8, 7, 8], [2, 4, 0, 0], [10, 3, 1, 7], [2, 2, 10, 1], [9, 8, 8, 10], [4, 6, 1, 1], [9, 1, 1, 1], [1, 10, 3, 4], [8, 8, 1, 10], [10, 0, 8, 9],
[3, 7, 3, 3], [9, 0, 5, 5], [9, 2, 5, 0], [8, 4, 1, 5], [3, 0, 6, 4], [8, 7, 9, 5], [2, 8, 2, 2], [6, 8, 9, 10], [2, 2, 0, 0], [2, 5, 4, 9],
[6, 9, 9, 1], [0, 8, 4, 1], [8, 9, 5, 6], [5, 1, 9, 8], [8, 10, 8, 3], [5, 6, 0, 8], [8, 10, 6, 9], [2, 10, 7, 8], [6, 4, 8, 6], [1, 1, 5, 8],
[10, 9, 1, 5], [10, 8, 0, 5], [5, 6, 7, 0], [1, 5, 6, 8], [4, 1, 4, 7], [10, 0, 2, 5], [2, 10, 10, 2], [1, 4, 10, 0], [2, 9, 3, 0], [6, 1, 3, 1],
[7, 10, 10, 7], [5, 5, 2, 7], [4, 6, 3, 1], [4, 6, 7, 7], [3, 4, 9, 4], [6, 6, 3, 9], [4, 6, 7, 8], [6, 10, 9, 2], [8, 6, 7, 0]]
[1, 1, 1, 0.5, 0.5, 0.5, 0.5, 0.5, 0.5, 0.25,
0.25, 0.25, 0.25, 0.25, 0.25, 0.125, 0.125, 0.125, 0.125, 0.125,
0.125, 0.0625, 0.0625, 0.0625, 0.0625, 0.0625, 0.0625, 0.03125, 0.03125, 0.03125,
0.03125, 0.03125, 0.03125, 0.015625, 0.015625, 0.015625, 0.015625, 0.015625, 0.015625, 0.0078125,
0.0078125, 0.0078125, 0.0078125, 0.0078125, 0.0078125, 0.00390625, 0.00390625, 0.00390625, 0.00390625, 0.00390625,
0.00390625, 0.00195312, 0.00195312, 0.00195312, 0.00195312, 0.00195312, 0.00195312, 0.000976562, 0.000976562, 0.000976562,
0.000976562, 0.000976562, 0.000976562, 0.000488281, 0.000488281, 0.000488281, 0.000488281, 0.000488281, 0.000488281]
[4, 2, 1, 8, 9, 6, 10, 2, 2, 10,
7, 3, 5, 4, 3, 0, 5, 3, 4, 3,
6, 10, 3, 2, 9, 2, 3, 3, 1, 7,
5, 0, 8, 3, 2, 10, 3, 8, 7, 10,
10, 6, 4, 7, 2, 9, 6, 7, 9, 0,
2, 2, 3, 8, 10, 1, 6, 9, 0, 4,
4, 0, 7, 1, 3, 1, 6, 7, 1]
------------------------------------------------------- 
# stage = 12	# children c = 2	length of each stage p = 3	nodes = 68	# items I = 1
