[44, 75, 86, 16, 13, 89, 29, 4, 43, 65,
42, 35, 16, 33, 20, 21, 34, 0, 24, 66,
7, 38, 57, 90, 43, 72, 35, 44, 66, 10,
54, 9]
[[903, 902, 852], [9, 170, 663], [530, 329, 1019], [1036, 711, 128], [730, 969, 400], [644, 202, 249], [908, 671, 980], [998, 507, 560], [135, 1077, 684], [112, 429, 478],
[1071, 655, 261], [128, 664, 432], [791, 518, 84], [692, 435, 118], [143, 489, 1087], [543, 14, 612], [115, 245, 606], [1095, 566, 1114], [979, 702, 1072], [544, 137, 824],
[1022, 531, 361], [606, 659, 1025], [1038, 332, 866], [445, 347, 625], [563, 490, 1114], [973, 356, 451], [466, 913, 19], [396, 890, 586], [391, 750, 611], [786, 617, 748],
[491, 520, 160], [852, 7, 820]]
[[8, 6, 9, 4], [0, 0, 7, 0], [5, 4, 3, 3], [9, 8, 10, 3], [4, 6, 4, 10], [1, 10, 4, 10], [5, 8, 4, 5], [9, 3, 2, 6], [9, 0, 8, 10], [9, 4, 8, 3],
[6, 0, 7, 2], [8, 4, 5, 1], [8, 8, 9, 10], [7, 0, 9, 10], [7, 1, 3, 5], [4, 5, 9, 0], [3, 6, 8, 2], [10, 5, 3, 3], [3, 8, 5, 0], [1, 10, 0, 8],
[7, 7, 5, 1], [8, 1, 10, 4], [2, 2, 7, 6], [5, 5, 5, 8], [0, 2, 8, 8], [8, 1, 0, 9], [9, 5, 10, 9], [2, 8, 6, 10], [2, 9, 9, 8], [10, 8, 10, 2],
[10, 6, 6, 2], [0, 0, 0, 9]]
[1, 1, 0.333333, 0.333333, 0.333333, 0.333333, 0.333333, 0.333333, 0.111111, 0.111111,
0.111111, 0.111111, 0.111111, 0.111111, 0.037037, 0.037037, 0.037037, 0.037037, 0.037037, 0.037037,
0.0123457, 0.0123457, 0.0123457, 0.0123457, 0.0123457, 0.0123457, 0.00411523, 0.00411523, 0.00411523, 0.00411523,
0.00411523, 0.00411523]
[9, 3, 7, 5, 3, 2, 1, 1, 6, 11,
8, 9, 11, 6, 8, 2, 6, 2, 0, 4,
10, 7, 2, 7, 6, 0, 4, 5, 1, 4,
8, 10]
------------------------------------------------------- 
# stage = 6	# children c = 3	length of each stage p = 2	nodes = 31	# items I = 1
