[0, 13, 64, 0, 29, 98, 88, 21, 79, 12,
74, 30, 25, 54, 54, 23, 60, 61, 66, 27,
94, 43, 39, 29, 15, 37, 1, 36, 45, 45,
77, 11, 58, 40, 11, 53, 37, 66, 74, 82,
78, 14, 12, 2, 34, 66, 93, 95, 93, 58,
88, 86, 67, 27, 81, 82, 30, 49, 17, 42,
94, 95, 53, 51, 0, 31, 70, 38, 63, 43,
19, 40, 57, 31, 9, 92, 63, 68, 52, 56]
[[780, 154, 171], [484, 153, 1016], [1067, 964, 101], [421, 423, 356], [268, 805, 710], [304, 281, 706], [92, 456, 750], [1071, 386, 380], [43, 219, 501], [432, 830, 1006],
[1135, 462, 752], [899, 947, 497], [767, 458, 314], [868, 879, 329], [816, 1147, 1135], [1119, 303, 1008], [677, 395, 316], [1019, 319, 294], [991, 1102, 514], [344, 386, 196],
[942, 1114, 658], [139, 865, 49], [636, 76, 508], [542, 945, 239], [872, 205, 239], [451, 176, 134], [311, 446, 122], [628, 1057, 441], [514, 901, 1135], [1028, 837, 374],
[816, 224, 1080], [1067, 363, 797], [1116, 999, 873], [476, 1134, 262], [716, 858, 468], [547, 901, 236], [273, 64, 274], [395, 284, 184], [836, 799, 677], [416, 271, 366],
[790, 1088, 182], [722, 1007, 545], [1111, 975, 1137], [836, 1044, 1123], [691, 204, 425], [751, 751, 178], [579, 1024, 982], [854, 272, 119], [630, 700, 510], [899, 1116, 781],
[117, 350, 313], [300, 664, 172], [437, 627, 740], [18, 1056, 636], [733, 599, 840], [10, 942, 35], [928, 373, 651], [355, 819, 515], [474, 1041, 68], [576, 792, 776],
[209, 502, 719], [115, 802, 235], [287, 831, 863], [619, 850, 363], [107, 435, 554], [539, 38, 348], [574, 558, 721], [818, 913, 1133], [185, 979, 1026], [993, 407, 671],
[214, 209, 25], [933, 324, 419], [20, 203, 842], [475, 823, 136], [838, 522, 164], [984, 654, 202], [184, 820, 352], [498, 490, 858], [483, 676, 689], [361, 521, 689]]
[[10, 8, 4, 0], [8, 2, 7, 0], [0, 7, 6, 7], [10, 4, 8, 9], [4, 5, 2, 1], [8, 9, 2, 3], [4, 3, 7, 6], [2, 10, 2, 10], [5, 7, 8, 3], [7, 4, 1, 7],
[10, 7, 1, 9], [9, 9, 5, 1], [3, 5, 2, 9], [4, 2, 10, 8], [5, 6, 1, 5], [3, 4, 2, 7], [9, 0, 10, 5], [2, 9, 10, 1], [5, 0, 9, 3], [9, 1, 4, 10],
[7, 7, 8, 0], [7, 8, 6, 2], [1, 7, 5, 3], [9, 6, 8, 7], [4, 5, 10, 6], [3, 9, 6, 8], [9, 2, 9, 5], [3, 3, 4, 10], [8, 0, 8, 4], [6, 3, 4, 5],
[9, 8, 6, 5], [3, 3, 2, 7], [8, 1, 0, 0], [9, 6, 8, 7], [6, 7, 0, 10], [8, 2, 7, 3], [2, 5, 5, 8], [6, 8, 3, 4], [5, 9, 8, 6], [0, 10, 0, 8],
[9, 0, 9, 7], [5, 4, 2, 0], [9, 2, 8, 4], [4, 5, 7, 5], [8, 0, 2, 3], [8, 3, 6, 0], [0, 3, 4, 0], [0, 4, 6, 7], [2, 4, 4, 7], [7, 4, 6, 5],
[6, 1, 8, 8], [4, 2, 0, 1], [2, 1, 3, 8], [4, 7, 6, 2], [10, 10, 0, 8], [3, 7, 4, 6], [9, 8, 0, 3], [10, 4, 7, 3], [6, 4, 1, 10], [6, 1, 10, 7],
[2, 2, 4, 5], [9, 9, 5, 6], [8, 4, 1, 10], [9, 5, 3, 5], [1, 1, 9, 0], [6, 5, 4, 10], [7, 3, 9, 0], [2, 6, 7, 3], [6, 10, 6, 2], [8, 0, 8, 3],
[4, 7, 2, 2], [2, 3, 8, 3], [5, 4, 1, 9], [7, 5, 8, 3], [8, 4, 3, 9], [0, 0, 1, 4], [8, 7, 7, 5], [5, 2, 8, 10], [10, 9, 10, 1], [10, 5, 2, 4]]
[1, 1, 1, 1, 1, 0.333333, 0.333333, 0.333333, 0.333333, 0.333333,
0.333333, 0.333333, 0.333333, 0.333333, 0.333333, 0.333333, 0.333333, 0.333333, 0.333333, 0.333333,
0.111111, 0.111111, 0.111111, 0.111111, 0.111111, 0.111111, 0.111111, 0.111111, 0.111111, 0.111111,
0.111111, 0.111111, 0.111111, 0.111111, 0.111111, 0.037037, 0.037037, 0.037037, 0.037037, 0.037037,
0.037037, 0.037037, 0.037037, 0.037037, 0.037037, 0.037037, 0.037037, 0.037037, 0.037037, 0.037037,
0.0123457, 0.0123457, 0.0123457, 0.0123457, 0.0123457, 0.0123457, 0.0123457, 0.0123457, 0.0123457, 0.0123457,
0.0123457, 0.0123457, 0.0123457, 0.0123457, 0.0123457, 0.00411523, 0.00411523, 0.00411523, 0.00411523, 0.00411523,
0.00411523, 0.00411523, 0.00411523, 0.00411523, 0.00411523, 0.00411523, 0.00411523, 0.00411523, 0.00411523, 0.00411523]
[2, 16, 8, 15, 21, 13, 16, 1, 14, 15,
16, 19, 6, 0, 17, 8, 14, 4, 3, 18,
4, 17, 1, 2, 2, 13, 6, 17, 20, 16,
10, 22, 19, 18, 11, 17, 16, 6, 19, 4,
20, 5, 8, 4, 11, 7, 9, 18, 22, 16,
15, 14, 17, 13, 17, 22, 16, 7, 4, 17,
3, 8, 20, 6, 5, 17, 11, 16, 17, 6,
12, 20, 4, 18, 10, 17, 8, 13, 17, 12]
------------------------------------------------------- 
# stage = 6	# children c = 3	length of each stage p = 5	nodes = 79	# items I = 1
