[61, 50, 24, 61, 41, 35, 100, 78, 74, 39,
7, 17, 81, 82, 76, 99, 51, 21, 70, 28,
29, 61, 32, 86, 39, 39, 52, 63, 6, 7,
40, 67]
[[1528, 715, 1249], [920, 282, 785], [372, 696, 1543], [727, 1487, 1709], [2025, 1248, 247], [1867, 329, 1396], [1068, 1452, 94], [1583, 1030, 487], [1591, 1951, 1262], [522, 1165, 554],
[1863, 643, 1269], [555, 1057, 1045], [1341, 1429, 1235], [833, 1650, 165], [2036, 1625, 1413], [1778, 935, 1742], [1123, 2003, 638], [711, 1029, 1162], [1198, 63, 1062], [1954, 585, 177],
[457, 1942, 820], [1220, 447, 1371], [1759, 1788, 243], [943, 64, 1894], [1108, 1595, 962], [2015, 1322, 1897], [1707, 1939, 1343], [1839, 599, 322], [950, 1292, 1930], [2013, 1195, 465],
[139, 1147, 356], [453, 316, 803]]
[[7, 7, 3, 2], [9, 7, 4, 5], [9, 8, 5, 9], [1, 2, 8, 7], [4, 7, 1, 0], [6, 0, 10, 2], [0, 0, 8, 4], [3, 10, 5, 0], [6, 7, 0, 4], [3, 4, 7, 0],
[0, 1, 7, 1], [2, 2, 6, 4], [9, 7, 2, 2], [8, 10, 3, 6], [10, 0, 8, 0], [8, 2, 0, 1], [9, 1, 6, 0], [5, 2, 0, 5], [2, 5, 5, 2], [7, 9, 6, 5],
[4, 6, 7, 1], [5, 10, 7, 2], [9, 4, 2, 6], [4, 3, 6, 1], [2, 1, 1, 5], [1, 10, 0, 1], [4, 3, 3, 9], [10, 7, 3, 3], [2, 8, 2, 7], [6, 7, 7, 2],
[9, 10, 6, 3], [0, 1, 2, 2]]
[1, 1, 0.333333, 0.333333, 0.333333, 0.333333, 0.333333, 0.333333, 0.111111, 0.111111,
0.111111, 0.111111, 0.111111, 0.111111, 0.037037, 0.037037, 0.037037, 0.037037, 0.037037, 0.037037,
0.0123457, 0.0123457, 0.0123457, 0.0123457, 0.0123457, 0.0123457, 0.00411523, 0.00411523, 0.00411523, 0.00411523,
0.00411523, 0.00411523]
[9, 6, 7, 8, 10, 8, 0, 7, 5, 5,
9, 9, 1, 2, 0, 3, 1, 9, 6, 7,
4, 6, 4, 8, 6, 9, 6, 8, 4, 2,
6, 1]
------------------------------------------------------- 
# stage = 6	# children c = 3	length of each stage p = 2	nodes = 31	# items I = 1
