[6, 72, 86, 53, 66, 56, 18, 29, 100, 85,
49, 88, 98, 59, 80, 32, 40, 97, 28, 92]
[[268, 638, 596], [87, 353, 917], [535, 103, 148], [410, 371, 529], [418, 453, 649], [492, 652, 728], [461, 246, 378], [727, 116, 427], [663, 512, 652], [831, 392, 108],
[243, 660, 746], [839, 488, 840], [557, 82, 684], [705, 234, 797], [293, 652, 309], [683, 885, 20], [471, 405, 266], [590, 874, 123], [76, 337, 376], [469, 910, 509]]
[[4, 0, 8, 2], [8, 4, 9, 10], [9, 6, 4, 9], [7, 0, 8, 2], [9, 4, 8, 0], [5, 1, 9, 9], [1, 3, 6, 2], [4, 9, 1, 6], [9, 7, 8, 6], [0, 4, 5, 7],
[9, 7, 5, 5], [7, 3, 5, 4], [7, 2, 4, 0], [1, 0, 9, 1], [4, 2, 3, 6], [9, 4, 2, 7], [0, 8, 0, 9], [0, 3, 5, 9], [0, 0, 1, 5], [1, 6, 9, 6]]
[1, 1, 0.333333, 0.333333, 0.333333, 0.333333, 0.333333, 0.333333, 0.111111, 0.111111,
0.111111, 0.111111, 0.111111, 0.111111, 0.037037, 0.037037, 0.037037, 0.037037, 0.037037, 0.037037]
[11, 16, 5, 12, 0, 18, 5, 17, 8, 3,
9, 17, 3, 3, 14, 13, 17, 5, 11, 4]
------------------------------------------------------- 
# stage = 4	# children c = 3	length of each stage p = 2	nodes = 19	# items I = 1
