[24, 12, 57, 86, 30, 87, 35, 55, 87, 82,
27, 76, 46, 47, 5, 54, 60, 30, 63, 88,
66, 5, 97, 91, 0, 14, 72, 15, 50, 55,
9, 74, 33, 32, 25, 63, 85, 26, 17, 71,
74, 10, 46, 20, 57, 17, 40, 84, 47, 2,
71, 12, 75, 33, 2, 75, 47, 75, 56, 63,
29, 31, 2, 62, 63, 94, 91, 47]
[[648, 20, 816], [811, 941, 424], [934, 320, 816], [732, 309, 613], [578, 651, 746], [610, 1099, 931], [113, 466, 40], [1017, 458, 922], [202, 359, 479], [835, 951, 1152],
[847, 77, 809], [140, 888, 591], [201, 299, 548], [1017, 1031, 857], [107, 87, 1144], [489, 697, 1084], [262, 810, 28], [302, 304, 122], [860, 506, 481], [180, 978, 1069],
[969, 302, 1146], [619, 442, 511], [846, 279, 810], [235, 137, 319], [728, 1039, 406], [713, 370, 739], [275, 268, 26], [1098, 570, 331], [61, 1067, 837], [179, 883, 292],
[89, 693, 594], [76, 948, 673], [223, 636, 952], [669, 507, 1090], [988, 77, 606], [1030, 426, 976], [610, 701, 880], [637, 276, 292], [968, 1133, 200], [282, 153, 719],
[575, 1037, 254], [10, 749, 838], [683, 972, 1110], [477, 482, 459], [44, 1107, 172], [286, 978, 598], [899, 66, 936], [620, 339, 53], [548, 148, 27], [384, 66, 975],
[1104, 277, 489], [199, 288, 79], [673, 607, 687], [625, 720, 806], [720, 400, 754], [892, 687, 209], [331, 427, 1070], [108, 683, 250], [957, 73, 34], [620, 457, 101],
[73, 402, 14], [562, 237, 1097], [278, 911, 546], [965, 13, 902], [248, 369, 939], [1002, 102, 467], [848, 69, 530], [395, 973, 54]]
[[10, 8, 2, 2], [9, 6, 5, 9], [5, 4, 8, 9], [8, 9, 2, 4], [6, 8, 10, 9], [0, 10, 8, 9], [1, 6, 2, 1], [6, 10, 2, 4], [7, 4, 6, 5], [8, 0, 2, 1],
[4, 10, 8, 10], [9, 10, 4, 2], [5, 3, 0, 5], [3, 9, 3, 2], [2, 5, 4, 6], [2, 4, 10, 10], [7, 3, 2, 4], [3, 4, 3, 5], [2, 0, 5, 9], [9, 7, 0, 3],
[10, 10, 7, 0], [6, 8, 1, 6], [1, 5, 1, 3], [9, 10, 2, 5], [2, 3, 8, 6], [5, 9, 9, 7], [8, 1, 5, 6], [8, 4, 7, 6], [3, 3, 4, 9], [10, 5, 4, 0],
[10, 5, 3, 7], [4, 4, 10, 5], [5, 5, 9, 10], [4, 7, 5, 10], [7, 10, 3, 2], [3, 10, 8, 4], [1, 2, 2, 0], [7, 4, 9, 5], [8, 10, 10, 10], [1, 9, 4, 6],
[4, 2, 4, 8], [8, 9, 5, 4], [6, 8, 6, 8], [7, 4, 1, 6], [4, 2, 6, 9], [6, 2, 3, 3], [2, 2, 3, 3], [10, 7, 8, 3], [10, 1, 9, 7], [10, 3, 9, 5],
[0, 4, 2, 5], [6, 2, 1, 10], [4, 5, 7, 10], [8, 8, 3, 8], [9, 4, 9, 8], [0, 6, 0, 8], [5, 7, 2, 4], [10, 9, 8, 8], [3, 8, 2, 7], [10, 3, 5, 1],
[9, 1, 1, 4], [9, 2, 1, 7], [6, 10, 2, 4], [4, 0, 0, 9], [7, 0, 1, 4], [10, 7, 1, 0], [4, 4, 7, 2], [5, 1, 3, 3]]
[1, 1, 0.333333, 0.333333, 0.333333, 0.333333, 0.333333, 0.333333, 0.111111, 0.111111,
0.111111, 0.111111, 0.111111, 0.111111, 0.037037, 0.037037, 0.037037, 0.037037, 0.037037, 0.037037,
0.0123457, 0.0123457, 0.0123457, 0.0123457, 0.0123457, 0.0123457, 0.00411523, 0.00411523, 0.00411523, 0.00411523,
0.00411523, 0.00411523, 0.00137174, 0.00137174, 0.00137174, 0.00137174, 0.00137174, 0.00137174, 0.000457247, 0.000457247,
0.000457247, 0.000457247, 0.000457247, 0.000457247, 0.000152416, 0.000152416, 0.000152416, 0.000152416, 0.000152416, 0.000152416,
5.08053e-05, 5.08053e-05, 5.08053e-05, 5.08053e-05, 5.08053e-05, 5.08053e-05, 1.69351e-05, 1.69351e-05, 1.69351e-05, 1.69351e-05,
1.69351e-05, 1.69351e-05, 5.64503e-06, 5.64503e-06, 5.64503e-06, 5.64503e-06, 5.64503e-06, 5.64503e-06]
[10, 4, 1, 8, 2, 6, 0, 9, 2, 0,
6, 1, 5, 5, 5, 9, 8, 3, 1, 0,
2, 5, 10, 2, 0, 6, 11, 9, 5, 7,
7, 2, 9, 4, 8, 9, 3, 9, 2, 10,
9, 4, 4, 2, 11, 4, 5, 2, 11, 1,
7, 2, 5, 5, 7, 1, 4, 10, 10, 2,
1, 0, 4, 4, 4, 7, 8, 3]
------------------------------------------------------- 
# stage = 12	# children c = 3	length of each stage p = 2	nodes = 67	# items I = 1
