[33, 10, 31, 98, 50, 50, 39, 36, 46, 89,
28, 83, 51, 16, 50, 72, 70, 43, 21, 22,
69, 51, 73, 9, 93, 24, 99, 67, 94, 63,
100, 94, 73, 98]
[[234, 218, 124], [469, 768, 782], [399, 630, 851], [200, 481, 340], [167, 279, 319], [869, 895, 678], [506, 373, 7], [532, 631, 955], [646, 815, 932], [215, 869, 684],
[49, 132, 902], [517, 945, 699], [328, 716, 702], [552, 288, 212], [892, 455, 491], [583, 353, 758], [633, 232, 503], [641, 136, 164], [968, 782, 351], [930, 370, 249],
[643, 419, 725], [917, 308, 71], [17, 637, 787], [719, 218, 104], [931, 482, 902], [794, 94, 285], [925, 728, 860], [457, 741, 368], [964, 738, 522], [345, 69, 892],
[937, 84, 684], [63, 30, 21], [134, 48, 30], [921, 139, 591]]
[[10, 6, 4, 7], [3, 9, 0, 1], [0, 1, 10, 8], [2, 9, 10, 5], [8, 3, 6, 3], [7, 10, 5, 9], [4, 4, 1, 6], [9, 0, 5, 8], [5, 8, 2, 8], [6, 2, 8, 4],
[1, 7, 2, 3], [5, 10, 6, 1], [0, 10, 4, 7], [10, 10, 3, 1], [1, 4, 7, 10], [3, 0, 7, 8], [8, 10, 3, 3], [10, 0, 7, 1], [5, 7, 2, 0], [4, 9, 1, 2],
[6, 3, 8, 5], [0, 0, 4, 1], [5, 10, 9, 6], [10, 4, 1, 7], [1, 4, 8, 0], [3, 2, 10, 8], [8, 2, 8, 10], [0, 7, 2, 4], [9, 10, 8, 9], [8, 1, 9, 0],
[0, 5, 6, 10], [9, 7, 6, 8], [1, 1, 7, 2], [4, 6, 10, 1]]
[1, 0.333333, 0.333333, 0.333333, 0.111111, 0.111111, 0.111111, 0.037037, 0.037037, 0.037037,
0.0123457, 0.0123457, 0.0123457, 0.00411523, 0.00411523, 0.00411523, 0.00137174, 0.00137174, 0.00137174, 0.000457247,
0.000457247, 0.000457247, 0.000152416, 0.000152416, 0.000152416, 5.08053e-05, 5.08053e-05, 5.08053e-05, 1.69351e-05, 1.69351e-05,
1.69351e-05, 5.64503e-06, 5.64503e-06, 5.64503e-06]
[5, 13, 9, 3, 2, 11, 9, 3, 11, 18,
2, 5, 11, 18, 19, 8, 2, 15, 14, 5,
11, 5, 1, 12, 11, 6, 9, 14, 9, 10,
1, 5, 11, 6]
------------------------------------------------------- 
# stage = 12	# children c = 3	length of each stage p = 1	nodes = 33	# items I = 1
