[15, 73, 72, 83, 70, 89, 51, 90, 98, 75,
45, 51, 56, 41, 87, 66, 97, 84, 86, 43,
54, 73, 78, 82, 53, 54, 84, 53, 90, 95,
88, 4]
[[944, 1489, 705], [1131, 1897, 1958], [1991, 1651, 1352], [1633, 1728, 516], [1633, 2022, 1896], [2107, 2153, 49], [1043, 451, 473], [1308, 189, 1710], [1651, 934, 555], [495, 1027, 297],
[389, 1008, 823], [131, 2139, 1757], [1126, 1929, 1208], [1515, 1361, 735], [2032, 2031, 1794], [1727, 975, 1747], [813, 2018, 1235], [1287, 163, 1424], [2034, 851, 158], [388, 1346, 222],
[1924, 772, 1230], [546, 903, 205], [103, 1066, 2134], [348, 381, 331], [1083, 1450, 162], [676, 13, 1137], [1460, 827, 2192], [494, 2114, 1392], [956, 984, 42], [1114, 1372, 1389],
[1336, 132, 2161], [1603, 1917, 2102]]
[[1, 7, 6, 6], [3, 6, 1, 1], [9, 9, 1, 9], [6, 2, 10, 2], [8, 10, 7, 7], [7, 1, 0, 4], [4, 4, 1, 5], [7, 6, 10, 8], [2, 3, 1, 4], [10, 2, 5, 6],
[1, 4, 4, 5], [6, 1, 7, 3], [1, 1, 9, 6], [2, 9, 0, 4], [0, 10, 8, 7], [5, 7, 2, 6], [10, 4, 10, 7], [4, 2, 3, 3], [5, 5, 8, 0], [7, 2, 2, 6],
[4, 9, 1, 4], [5, 10, 9, 6], [10, 6, 0, 2], [0, 3, 8, 8], [5, 5, 3, 9], [6, 4, 0, 0], [9, 6, 9, 5], [9, 9, 9, 2], [7, 0, 4, 2], [10, 2, 6, 7],
[6, 6, 10, 4], [7, 5, 0, 1]]
[1, 1, 0.333333, 0.333333, 0.333333, 0.333333, 0.333333, 0.333333, 0.111111, 0.111111,
0.111111, 0.111111, 0.111111, 0.111111, 0.037037, 0.037037, 0.037037, 0.037037, 0.037037, 0.037037,
0.0123457, 0.0123457, 0.0123457, 0.0123457, 0.0123457, 0.0123457, 0.00411523, 0.00411523, 0.00411523, 0.00411523,
0.00411523, 0.00411523]
[21, 8, 4, 15, 18, 15, 1, 13, 7, 11,
19, 6, 11, 0, 10, 12, 5, 4, 1, 16,
6, 16, 6, 4, 9, 5, 12, 15, 20, 9,
11, 9]
------------------------------------------------------- 
# stage = 6	# children c = 3	length of each stage p = 2	nodes = 31	# items I = 1
