[80, 60, 90, 91, 57, 84, 88, 33, 37, 0,
95, 23, 97, 95, 5, 6, 94, 92, 13, 61,
85, 87, 83, 63, 99, 93, 74, 36, 9, 44,
74, 89, 3, 63, 45, 27, 46, 99, 26, 49,
100, 20, 72, 62, 81, 77]
[[324, 1728, 1292], [488, 1236, 1929], [1333, 1706, 1800], [2022, 1167, 768], [1653, 1623, 798], [1509, 2105, 1599], [254, 862, 453], [1831, 68, 1972], [1818, 1587, 732], [1428, 381, 535],
[1819, 705, 947], [1795, 2025, 867], [1576, 1210, 425], [2060, 1917, 277], [1512, 1422, 1900], [995, 1615, 542], [446, 1870, 88], [900, 237, 989], [1556, 2055, 428], [140, 1335, 1641],
[1507, 1838, 1030], [1138, 169, 907], [2005, 430, 2118], [282, 1174, 571], [1391, 539, 1993], [1976, 218, 1460], [370, 664, 2014], [1290, 248, 103], [131, 1804, 11], [559, 628, 30],
[884, 2135, 553], [1914, 1957, 1554], [674, 1814, 1984], [1476, 781, 1011], [2047, 24, 234], [576, 2000, 452], [2036, 1054, 1116], [1903, 197, 49], [690, 1160, 1853], [1533, 404, 334],
[1564, 1288, 1153], [801, 1055, 963], [207, 1729, 629], [876, 1057, 94], [571, 1788, 119], [805, 216, 803]]
[[2, 9, 6, 3], [4, 8, 5, 8], [10, 6, 5, 6], [4, 6, 5, 3], [9, 9, 7, 10], [1, 9, 2, 9], [8, 6, 0, 9], [9, 6, 10, 9], [2, 3, 1, 7], [10, 4, 2, 9],
[8, 5, 2, 10], [10, 7, 2, 8], [3, 9, 6, 5], [5, 8, 3, 2], [1, 2, 10, 10], [6, 7, 6, 8], [8, 8, 4, 7], [10, 4, 3, 6], [10, 5, 5, 9], [10, 6, 4, 3],
[2, 10, 6, 8], [5, 9, 8, 6], [9, 5, 3, 4], [10, 10, 2, 8], [5, 4, 2, 2], [7, 6, 8, 6], [9, 3, 2, 9], [7, 4, 10, 9], [2, 5, 6, 7], [1, 2, 1, 0],
[5, 2, 2, 5], [1, 4, 0, 4], [7, 2, 7, 3], [6, 2, 7, 5], [3, 9, 3, 10], [0, 2, 9, 2], [5, 2, 8, 6], [2, 9, 6, 8], [9, 9, 0, 9], [0, 9, 2, 7],
[0, 7, 10, 5], [8, 6, 10, 0], [2, 0, 9, 3], [0, 5, 3, 5], [5, 0, 0, 8], [7, 5, 3, 6]]
[1, 1, 0.5, 0.5, 0.5, 0.5, 0.25, 0.25, 0.25, 0.25,
0.125, 0.125, 0.125, 0.125, 0.0625, 0.0625, 0.0625, 0.0625, 0.03125, 0.03125,
0.03125, 0.03125, 0.015625, 0.015625, 0.015625, 0.015625, 0.0078125, 0.0078125, 0.0078125, 0.0078125,
0.00390625, 0.00390625, 0.00390625, 0.00390625, 0.00195312, 0.00195312, 0.00195312, 0.00195312, 0.000976562, 0.000976562,
0.000976562, 0.000976562, 0.000488281, 0.000488281, 0.000488281, 0.000488281]
[1, 5, 2, 7, 8, 3, 6, 3, 7, 7,
5, 5, 8, 8, 8, 8, 2, 8, 6, 0,
8, 1, 5, 9, 2, 3, 5, 8, 1, 4,
7, 5, 0, 0, 4, 3, 2, 2, 6, 6,
4, 2, 2, 8, 4, 10]
------------------------------------------------------- 
# stage = 12	# children c = 2	length of each stage p = 2	nodes = 45	# items I = 1
