[74, 34, 42, 46, 28, 68, 20, 64, 10, 25,
63, 27, 81, 19, 68, 10, 51, 28, 9, 97,
84, 88, 18, 4, 61, 30, 81, 78, 35, 56,
39, 75, 91, 47, 20, 85, 14, 6, 48, 92,
32, 11, 18, 79, 97, 52, 55, 13, 46, 64,
9, 29, 17, 28, 100, 78, 24, 81, 55, 26,
2, 60, 0, 93, 74, 88, 78, 54]
[[237, 96, 1429], [1519, 417, 409], [3, 1227, 1801], [1209, 1761, 947], [267, 1759, 1704], [1315, 211, 1023], [1497, 234, 1569], [880, 1092, 772], [953, 1102, 1558], [581, 1193, 722],
[1732, 1762, 1151], [1563, 1683, 1900], [42, 1686, 1198], [246, 1298, 1361], [1525, 1565, 1190], [1631, 950, 1734], [724, 849, 38], [363, 1729, 1462], [1136, 1084, 966], [1096, 68, 562],
[220, 1800, 394], [1703, 1434, 148], [1674, 1808, 236], [1274, 456, 1534], [705, 51, 1169], [298, 1682, 522], [434, 477, 1371], [804, 1172, 1503], [668, 378, 989], [1635, 1806, 1057],
[267, 97, 928], [993, 1800, 764], [1141, 1876, 642], [1378, 1220, 1099], [982, 328, 1482], [554, 626, 1567], [1076, 1392, 446], [849, 266, 1618], [754, 1266, 399], [1744, 1303, 275],
[871, 1902, 704], [201, 966, 907], [965, 177, 853], [10, 1887, 144], [1441, 1272, 472], [1325, 1826, 1430], [962, 1304, 892], [1408, 555, 1490], [1429, 1310, 826], [1828, 1124, 200],
[505, 397, 504], [1210, 599, 1470], [187, 1896, 50], [1372, 1906, 7], [1516, 1749, 1611], [58, 1145, 1507], [1820, 177, 1213], [782, 1918, 171], [674, 1417, 1481], [1833, 1647, 1007],
[435, 554, 1736], [939, 1764, 405], [480, 353, 372], [530, 1726, 680], [869, 1644, 500], [551, 105, 47], [460, 1925, 224], [76, 1110, 544]]
[[2, 5, 4, 6], [0, 7, 10, 5], [10, 2, 5, 3], [0, 6, 9, 3], [6, 0, 2, 2], [10, 7, 0, 1], [10, 9, 5, 9], [2, 7, 1, 2], [0, 4, 7, 0], [0, 4, 6, 9],
[7, 9, 10, 7], [4, 6, 9, 8], [7, 0, 9, 4], [6, 7, 5, 5], [5, 0, 1, 5], [5, 0, 6, 5], [4, 2, 6, 3], [6, 10, 1, 0], [8, 0, 6, 0], [5, 4, 8, 1],
[4, 6, 5, 10], [1, 9, 2, 6], [7, 1, 10, 1], [2, 5, 7, 6], [5, 0, 7, 9], [8, 6, 10, 5], [5, 5, 3, 10], [7, 10, 9, 9], [3, 3, 9, 4], [10, 9, 9, 4],
[0, 8, 6, 2], [2, 0, 6, 7], [0, 1, 5, 8], [7, 2, 0, 1], [5, 2, 0, 1], [1, 9, 0, 4], [0, 7, 9, 8], [3, 5, 2, 3], [2, 6, 3, 2], [6, 8, 7, 4],
[9, 10, 1, 3], [2, 10, 5, 7], [1, 3, 7, 0], [0, 7, 5, 0], [1, 1, 6, 4], [6, 8, 6, 6], [3, 7, 8, 7], [4, 4, 0, 0], [3, 10, 4, 3], [10, 7, 0, 9],
[10, 5, 10, 10], [10, 4, 8, 0], [3, 2, 2, 7], [8, 8, 2, 1], [5, 8, 6, 7], [1, 7, 8, 2], [6, 10, 6, 3], [6, 4, 2, 3], [9, 1, 1, 8], [3, 7, 6, 4],
[9, 8, 0, 7], [4, 0, 6, 9], [8, 1, 5, 7], [6, 0, 9, 2], [10, 4, 5, 5], [6, 7, 7, 4], [6, 8, 10, 7], [4, 5, 0, 3]]
[1, 1, 0.333333, 0.333333, 0.333333, 0.333333, 0.333333, 0.333333, 0.111111, 0.111111,
0.111111, 0.111111, 0.111111, 0.111111, 0.037037, 0.037037, 0.037037, 0.037037, 0.037037, 0.037037,
0.0123457, 0.0123457, 0.0123457, 0.0123457, 0.0123457, 0.0123457, 0.00411523, 0.00411523, 0.00411523, 0.00411523,
0.00411523, 0.00411523, 0.00137174, 0.00137174, 0.00137174, 0.00137174, 0.00137174, 0.00137174, 0.000457247, 0.000457247,
0.000457247, 0.000457247, 0.000457247, 0.000457247, 0.000152416, 0.000152416, 0.000152416, 0.000152416, 0.000152416, 0.000152416,
5.08053e-05, 5.08053e-05, 5.08053e-05, 5.08053e-05, 5.08053e-05, 5.08053e-05, 1.69351e-05, 1.69351e-05, 1.69351e-05, 1.69351e-05,
1.69351e-05, 1.69351e-05, 5.64503e-06, 5.64503e-06, 5.64503e-06, 5.64503e-06, 5.64503e-06, 5.64503e-06]
[4, 0, 0, 4, 5, 1, 4, 5, 5, 7,
9, 4, 1, 3, 2, 6, 3, 6, 5, 0,
4, 3, 3, 8, 0, 9, 6, 6, 6, 6,
8, 6, 8, 9, 5, 8, 5, 2, 4, 8,
0, 5, 6, 6, 4, 2, 7, 6, 5, 5,
9, 1, 7, 5, 8, 7, 5, 7, 6, 5,
1, 3, 0, 8, 9, 7, 7, 5]
------------------------------------------------------- 
# stage = 12	# children c = 3	length of each stage p = 2	nodes = 67	# items I = 1
