[41, 52, 13, 57, 42, 21, 71, 7, 6, 55,
47, 24, 31, 15, 0, 72, 94, 90, 85, 57,
63, 87, 96, 90, 52, 71, 85, 62, 3, 50,
73, 45, 1, 87, 68, 10, 7, 5, 17, 80,
60, 30, 71, 58, 12, 71, 29, 5, 26, 13,
62, 56, 100, 23, 45, 52, 95, 96, 80, 98,
45, 53, 8, 12, 5, 77, 22, 79, 82, 5,
58, 7, 36, 95, 65, 48, 66, 94, 19, 92,
73, 81, 13, 39, 71, 58, 57, 65, 19, 36,
28, 64, 55, 37, 77, 26, 80, 65, 4, 27,
71, 29, 34, 6, 23, 66, 20, 55, 25, 39,
13, 99, 86, 26, 37, 56, 51, 60, 87, 70,
96, 15, 0, 17, 18, 43, 43, 98, 7, 48]
[[653, 919, 692], [131, 25, 149], [711, 858, 410], [781, 657, 461], [390, 557, 271], [856, 1000, 685], [587, 5, 700], [732, 341, 1049], [786, 924, 222], [952, 157, 428],
[300, 413, 950], [595, 147, 975], [744, 858, 753], [74, 162, 329], [138, 552, 887], [409, 327, 409], [697, 914, 414], [316, 168, 358], [969, 954, 886], [794, 826, 646],
[141, 45, 1059], [11, 244, 125], [589, 988, 983], [261, 665, 64], [194, 406, 219], [0, 418, 547], [12, 34, 1064], [427, 351, 152], [388, 239, 25], [193, 1033, 454],
[839, 777, 103], [817, 391, 347], [942, 981, 938], [448, 845, 523], [115, 642, 532], [335, 642, 951], [485, 655, 985], [468, 685, 939], [620, 676, 781], [249, 870, 336],
[703, 628, 33], [806, 1049, 27], [72, 513, 611], [1011, 961, 1060], [56, 680, 621], [588, 1015, 867], [61, 419, 44], [1047, 490, 729], [905, 714, 1008], [606, 963, 797],
[942, 188, 1029], [578, 598, 997], [209, 273, 429], [820, 887, 994], [799, 546, 593], [1024, 738, 130], [810, 799, 152], [854, 765, 642], [105, 193, 275], [32, 402, 841],
[830, 947, 633], [381, 48, 150], [981, 257, 423], [1013, 1077, 230], [926, 399, 776], [41, 342, 433], [855, 71, 836], [1007, 528, 520], [172, 633, 316], [50, 268, 321],
[892, 701, 188], [444, 1, 236], [197, 982, 96], [620, 915, 92], [453, 363, 94], [833, 8, 39], [869, 863, 794], [624, 393, 241], [748, 565, 477], [1064, 615, 746],
[989, 29, 366], [96, 473, 368], [1016, 273, 953], [31, 894, 390], [807, 950, 357], [505, 702, 365], [544, 491, 831], [258, 34, 143], [499, 385, 708], [977, 1053, 927],
[642, 961, 956], [611, 1057, 1033], [582, 595, 225], [58, 229, 722], [448, 1036, 592], [408, 63, 897], [376, 608, 307], [127, 866, 1026], [954, 968, 1014], [185, 467, 986],
[31, 712, 866], [590, 243, 445], [145, 825, 643], [1055, 486, 872], [696, 935, 431], [891, 946, 494], [708, 242, 705], [618, 1053, 490], [166, 926, 1062], [100, 30, 448],
[689, 745, 764], [475, 255, 1007], [523, 400, 354], [86, 1058, 841], [958, 277, 298], [992, 87, 163], [406, 398, 8], [30, 620, 1061], [124, 786, 510], [789, 489, 540],
[156, 98, 205], [523, 176, 63], [449, 699, 66], [407, 785, 44], [851, 266, 321], [68, 177, 408], [915, 583, 410], [527, 217, 1030], [507, 1025, 338], [1017, 733, 431]]
[[4, 4, 8, 0], [4, 9, 3, 9], [0, 1, 6, 8], [6, 4, 5, 10], [9, 5, 8, 9], [5, 8, 5, 7], [10, 3, 5, 5], [6, 3, 3, 8], [6, 0, 8, 10], [9, 10, 7, 7],
[0, 2, 2, 4], [6, 8, 1, 3], [2, 7, 1, 5], [4, 4, 10, 2], [5, 4, 7, 9], [8, 10, 6, 3], [10, 1, 0, 6], [9, 5, 1, 9], [6, 3, 0, 10], [9, 1, 2, 1],
[8, 1, 4, 0], [3, 4, 2, 8], [8, 7, 6, 3], [6, 10, 4, 3], [1, 3, 9, 10], [6, 10, 7, 1], [1, 5, 1, 10], [7, 1, 9, 2], [1, 3, 2, 4], [7, 2, 2, 2],
[9, 6, 4, 2], [6, 6, 5, 5], [9, 4, 2, 3], [1, 7, 4, 2], [2, 3, 2, 7], [5, 9, 7, 4], [1, 8, 8, 8], [10, 8, 9, 7], [2, 2, 9, 6], [8, 4, 9, 5],
[6, 0, 8, 5], [6, 10, 8, 6], [3, 8, 0, 6], [6, 7, 10, 8], [4, 5, 3, 2], [1, 1, 9, 1], [1, 5, 7, 10], [9, 5, 2, 2], [3, 10, 8, 7], [9, 5, 2, 10],
[0, 2, 5, 4], [10, 2, 10, 1], [6, 1, 3, 7], [2, 10, 8, 2], [5, 2, 1, 1], [7, 3, 4, 8], [0, 1, 5, 7], [4, 7, 7, 2], [8, 10, 6, 5], [2, 6, 6, 8],
[5, 8, 2, 7], [7, 8, 9, 10], [10, 8, 1, 4], [9, 3, 10, 9], [4, 2, 6, 6], [10, 0, 8, 5], [10, 1, 10, 1], [5, 5, 7, 10], [0, 7, 5, 8], [4, 1, 5, 1],
[10, 4, 3, 8], [7, 3, 5, 9], [5, 9, 4, 2], [9, 10, 5, 8], [1, 4, 8, 6], [8, 4, 6, 8], [10, 0, 3, 1], [1, 9, 3, 9], [2, 4, 5, 8], [5, 10, 6, 9],
[6, 9, 9, 4], [8, 4, 1, 9], [8, 9, 3, 5], [1, 9, 1, 0], [7, 4, 1, 6], [2, 2, 5, 3], [7, 8, 9, 1], [5, 4, 8, 0], [0, 7, 4, 9], [0, 5, 7, 6],
[2, 10, 10, 3], [6, 0, 1, 0], [4, 2, 7, 5], [5, 10, 6, 10], [7, 4, 9, 10], [6, 7, 10, 7], [3, 3, 5, 1], [6, 10, 7, 6], [8, 6, 9, 3], [6, 8, 4, 9],
[0, 9, 3, 3], [8, 9, 0, 2], [0, 9, 1, 6], [5, 0, 0, 6], [1, 3, 7, 5], [3, 4, 1, 0], [8, 8, 1, 2], [6, 5, 0, 4], [1, 3, 5, 9], [10, 5, 0, 10],
[3, 10, 3, 7], [8, 2, 2, 9], [5, 8, 2, 6], [10, 3, 6, 7], [9, 6, 7, 2], [9, 7, 6, 0], [10, 0, 9, 7], [3, 8, 6, 7], [5, 8, 1, 3], [10, 1, 10, 2],
[7, 1, 9, 6], [4, 2, 1, 1], [8, 8, 3, 7], [5, 10, 5, 2], [8, 1, 10, 1], [7, 3, 6, 2], [9, 5, 5, 8], [4, 4, 0, 1], [6, 9, 7, 8], [0, 6, 7, 7]]
[1, 1, 1, 1, 1, 0.2, 0.2, 0.2, 0.2, 0.2,
0.2, 0.2, 0.2, 0.2, 0.2, 0.2, 0.2, 0.2, 0.2, 0.2,
0.2, 0.2, 0.2, 0.2, 0.2, 0.2, 0.2, 0.2, 0.2, 0.2,
0.04, 0.04, 0.04, 0.04, 0.04, 0.04, 0.04, 0.04, 0.04, 0.04,
0.04, 0.04, 0.04, 0.04, 0.04, 0.04, 0.04, 0.04, 0.04, 0.04,
0.04, 0.04, 0.04, 0.04, 0.04, 0.008, 0.008, 0.008, 0.008, 0.008,
0.008, 0.008, 0.008, 0.008, 0.008, 0.008, 0.008, 0.008, 0.008, 0.008,
0.008, 0.008, 0.008, 0.008, 0.008, 0.008, 0.008, 0.008, 0.008, 0.008,
0.0016, 0.0016, 0.0016, 0.0016, 0.0016, 0.0016, 0.0016, 0.0016, 0.0016, 0.0016,
0.0016, 0.0016, 0.0016, 0.0016, 0.0016, 0.0016, 0.0016, 0.0016, 0.0016, 0.0016,
0.0016, 0.0016, 0.0016, 0.0016, 0.0016, 0.00032, 0.00032, 0.00032, 0.00032, 0.00032,
0.00032, 0.00032, 0.00032, 0.00032, 0.00032, 0.00032, 0.00032, 0.00032, 0.00032, 0.00032,
0.00032, 0.00032, 0.00032, 0.00032, 0.00032, 0.00032, 0.00032, 0.00032, 0.00032, 0.00032]
[7, 20, 3, 11, 13, 13, 9, 21, 13, 14,
13, 16, 14, 16, 3, 11, 9, 19, 9, 3,
20, 11, 12, 21, 15, 12, 1, 18, 18, 4,
13, 10, 0, 11, 12, 5, 2, 17, 3, 14,
4, 3, 7, 19, 10, 1, 14, 21, 14, 19,
21, 12, 17, 12, 17, 17, 4, 3, 15, 13,
20, 2, 1, 1, 9, 16, 19, 6, 9, 11,
20, 2, 0, 12, 2, 14, 15, 8, 15, 7,
4, 9, 6, 14, 9, 17, 8, 5, 1, 19,
18, 21, 5, 5, 13, 20, 11, 14, 18, 7,
7, 8, 20, 20, 7, 20, 6, 15, 2, 5,
6, 6, 9, 8, 2, 7, 14, 0, 6, 7,
12, 17, 0, 4, 4, 14, 12, 5, 16, 1]
------------------------------------------------------- 
# stage = 6	# children c = 5	length of each stage p = 5	nodes = 129	# items I = 1
