[71, 79, 60, 84, 44, 100, 82, 6, 54, 1,
14, 99, 87, 9, 54, 53, 30, 51, 61, 18,
95, 6, 47, 32, 30, 3, 27, 56, 96, 29,
85, 32, 8, 44, 15, 52, 10, 63, 58, 64,
64, 38, 28, 16, 47, 83, 35, 77, 100, 96,
62, 94, 69, 8, 25, 99, 11, 52, 20, 73,
48, 4, 5, 56, 14, 87, 74, 24, 50, 32,
54, 80, 36, 83, 63, 84, 31, 98, 26, 30,
60, 88, 90, 28, 96, 14, 93, 74, 32, 12,
46, 80, 16, 17, 1, 30, 4, 76, 21, 20,
74, 75, 66, 9, 57, 28, 59, 54, 93, 86]
[[1446, 1298, 1624], [835, 412, 1061], [1102, 936, 1785], [1359, 378, 1678], [1547, 752, 219], [798, 367, 38], [1334, 1066, 573], [266, 1284, 249], [1608, 953, 439], [1583, 254, 574],
[477, 1700, 444], [674, 641, 1323], [1735, 315, 365], [198, 1674, 743], [448, 1793, 68], [667, 696, 435], [1172, 135, 1502], [1746, 869, 891], [100, 582, 416], [539, 738, 670],
[1580, 1215, 476], [596, 1889, 1584], [24, 302, 4], [389, 967, 1678], [1600, 1415, 1576], [1668, 187, 377], [208, 1360, 979], [282, 1678, 420], [1640, 350, 1470], [628, 1356, 313],
[1299, 1041, 100], [1775, 1637, 562], [36, 233, 864], [40, 1090, 1831], [290, 795, 1818], [1866, 568, 110], [815, 1243, 42], [366, 98, 292], [787, 310, 642], [362, 939, 103],
[1142, 343, 1611], [1242, 690, 1820], [1804, 726, 159], [1240, 1233, 1249], [1643, 1523, 149], [1566, 66, 1184], [249, 1348, 999], [291, 286, 1097], [1051, 1540, 1408], [1693, 474, 919],
[369, 1616, 1262], [85, 964, 524], [11, 1340, 1717], [637, 686, 1055], [1886, 434, 1150], [607, 106, 1683], [363, 355, 1136], [1362, 1113, 1889], [1032, 269, 1535], [1012, 535, 114],
[36, 904, 1731], [1765, 989, 1267], [394, 1467, 1179], [683, 209, 1865], [1738, 667, 872], [1460, 1741, 1445], [1248, 209, 372], [956, 144, 1485], [950, 1643, 327], [590, 1227, 1329],
[705, 1263, 805], [1008, 1600, 366], [847, 566, 1834], [131, 1249, 615], [102, 1092, 1283], [1441, 1124, 1596], [991, 477, 378], [1363, 1433, 989], [1420, 955, 737], [319, 118, 69],
[220, 1290, 1799], [1025, 403, 1504], [1392, 1717, 642], [1331, 1848, 1891], [518, 522, 1555], [1801, 68, 784], [1503, 1059, 1261], [453, 994, 1266], [1442, 987, 793], [284, 1773, 911],
[820, 99, 306], [724, 1124, 1176], [800, 1088, 998], [1442, 991, 952], [1438, 1510, 1474], [1098, 1416, 115], [454, 1491, 1641], [1715, 49, 741], [1553, 63, 300], [451, 347, 178],
[1830, 1634, 744], [241, 463, 1869], [1885, 1730, 1529], [988, 1277, 626], [512, 1287, 241], [559, 957, 229], [674, 1411, 1721], [420, 1698, 342], [1628, 1356, 873], [33, 380, 1220]]
[[8, 7, 9, 8], [8, 8, 5, 4], [4, 10, 10, 10], [2, 8, 1, 3], [3, 4, 3, 6], [6, 7, 1, 3], [3, 9, 10, 7], [3, 1, 0, 0], [8, 7, 7, 3], [2, 10, 5, 6],
[7, 4, 6, 10], [10, 5, 2, 2], [9, 3, 7, 4], [8, 8, 5, 0], [4, 4, 7, 7], [5, 5, 6, 0], [0, 0, 1, 2], [10, 6, 9, 7], [8, 2, 4, 7], [7, 4, 8, 5],
[7, 4, 7, 2], [10, 1, 0, 1], [6, 8, 9, 9], [0, 2, 8, 0], [2, 9, 1, 10], [5, 8, 6, 0], [10, 8, 8, 4], [1, 3, 7, 6], [7, 1, 6, 4], [2, 7, 5, 6],
[2, 1, 3, 2], [1, 0, 1, 3], [9, 2, 1, 1], [10, 7, 2, 7], [3, 8, 9, 4], [0, 3, 9, 5], [4, 4, 7, 4], [0, 10, 9, 0], [1, 1, 3, 0], [1, 2, 2, 8],
[4, 3, 8, 1], [8, 8, 6, 0], [3, 2, 3, 3], [5, 1, 6, 7], [3, 2, 0, 2], [1, 9, 2, 0], [8, 3, 1, 9], [5, 3, 5, 7], [4, 0, 6, 1], [8, 10, 2, 0],
[1, 5, 1, 4], [4, 7, 0, 5], [9, 10, 5, 8], [8, 8, 9, 6], [9, 8, 2, 2], [9, 5, 9, 2], [5, 3, 3, 0], [0, 3, 0, 2], [8, 10, 4, 10], [6, 3, 5, 2],
[2, 10, 9, 8], [5, 5, 3, 4], [2, 4, 4, 9], [9, 0, 0, 2], [3, 1, 2, 4], [5, 1, 4, 0], [0, 6, 0, 5], [9, 3, 7, 0], [0, 3, 7, 6], [8, 8, 8, 10],
[1, 1, 8, 9], [1, 6, 0, 3], [6, 0, 7, 0], [1, 9, 9, 0], [4, 7, 5, 3], [10, 10, 1, 0], [3, 8, 4, 0], [4, 1, 9, 5], [0, 4, 1, 10], [0, 1, 2, 4],
[0, 7, 2, 1], [3, 0, 1, 8], [8, 4, 9, 5], [4, 10, 5, 7], [6, 9, 5, 10], [8, 3, 2, 6], [6, 4, 4, 4], [3, 6, 8, 1], [1, 10, 3, 4], [10, 2, 1, 5],
[7, 8, 0, 9], [6, 5, 3, 1], [2, 8, 9, 8], [10, 9, 2, 5], [0, 6, 7, 4], [10, 4, 5, 0], [3, 6, 3, 0], [7, 2, 4, 1], [0, 4, 10, 6], [7, 2, 5, 7],
[8, 3, 5, 5], [10, 5, 8, 0], [0, 4, 2, 10], [6, 7, 9, 7], [1, 1, 8, 8], [3, 1, 9, 3], [3, 6, 7, 10], [6, 1, 7, 3], [2, 10, 7, 2], [4, 4, 2, 2]]
[1, 1, 1, 1, 1, 0.333333, 0.333333, 0.333333, 0.333333, 0.333333,
0.333333, 0.333333, 0.333333, 0.333333, 0.333333, 0.333333, 0.333333, 0.333333, 0.333333, 0.333333,
0.111111, 0.111111, 0.111111, 0.111111, 0.111111, 0.111111, 0.111111, 0.111111, 0.111111, 0.111111,
0.111111, 0.111111, 0.111111, 0.111111, 0.111111, 0.037037, 0.037037, 0.037037, 0.037037, 0.037037,
0.037037, 0.037037, 0.037037, 0.037037, 0.037037, 0.037037, 0.037037, 0.037037, 0.037037, 0.037037,
0.0123457, 0.0123457, 0.0123457, 0.0123457, 0.0123457, 0.0123457, 0.0123457, 0.0123457, 0.0123457, 0.0123457,
0.0123457, 0.0123457, 0.0123457, 0.0123457, 0.0123457, 0.00411523, 0.00411523, 0.00411523, 0.00411523, 0.00411523,
0.00411523, 0.00411523, 0.00411523, 0.00411523, 0.00411523, 0.00411523, 0.00411523, 0.00411523, 0.00411523, 0.00411523,
0.00137174, 0.00137174, 0.00137174, 0.00137174, 0.00137174, 0.00137174, 0.00137174, 0.00137174, 0.00137174, 0.00137174,
0.00137174, 0.00137174, 0.00137174, 0.00137174, 0.00137174, 0.000457247, 0.000457247, 0.000457247, 0.000457247, 0.000457247,
0.000457247, 0.000457247, 0.000457247, 0.000457247, 0.000457247, 0.000457247, 0.000457247, 0.000457247, 0.000457247, 0.000457247]
[5, 8, 5, 3, 9, 2, 6, 1, 4, 1,
3, 1, 5, 1, 5, 5, 5, 5, 8, 3,
5, 4, 7, 6, 4, 5, 1, 5, 8, 0,
8, 7, 0, 1, 6, 9, 9, 6, 4, 1,
2, 1, 4, 2, 4, 8, 9, 0, 3, 0,
5, 6, 7, 4, 9, 3, 3, 6, 2, 2,
5, 2, 1, 7, 4, 9, 3, 9, 9, 5,
0, 3, 4, 2, 3, 6, 0, 5, 1, 9,
6, 0, 7, 2, 4, 9, 9, 9, 2, 3,
8, 8, 8, 1, 0, 9, 2, 9, 8, 8,
3, 8, 9, 0, 9, 1, 7, 8, 7, 9]
------------------------------------------------------- 
# stage = 8	# children c = 3	length of each stage p = 5	nodes = 109	# items I = 1
