[87, 75, 99, 39, 55, 54, 60, 96, 34, 1,
76, 6, 31, 29, 82, 57, 4, 92, 75, 83,
23, 61, 69, 31, 19, 63, 31, 67, 39, 59,
64, 92, 33, 62, 97, 54, 82, 22, 16, 15,
23, 58, 89, 55, 87, 70, 11, 91, 28, 86,
39, 51, 13, 75, 83, 99, 37, 80, 65, 43,
4, 95, 0, 3, 22, 98, 57, 4, 19]
[[1851, 29, 224], [1233, 1648, 17], [454, 895, 405], [1693, 649, 205], [1226, 1149, 244], [1934, 1717, 1863], [1852, 1863, 661], [1457, 1525, 860], [51, 1216, 1501], [807, 1980, 398],
[1062, 1784, 1962], [774, 970, 1563], [791, 1425, 1946], [684, 559, 549], [890, 1786, 1186], [1134, 1161, 344], [438, 967, 161], [1100, 1912, 1686], [1448, 1963, 855], [902, 212, 277],
[789, 1274, 1549], [704, 2, 2008], [1756, 281, 874], [1655, 966, 1433], [1692, 1856, 660], [320, 431, 1822], [664, 870, 230], [825, 1458, 95], [2000, 347, 1547], [808, 737, 1759],
[573, 1526, 474], [76, 1719, 2011], [37, 916, 1781], [399, 524, 700], [1832, 1705, 2044], [1981, 2025, 1963], [1244, 642, 274], [1474, 956, 1732], [1569, 909, 1567], [557, 1205, 258],
[269, 1779, 1784], [744, 1855, 944], [196, 1380, 1860], [1977, 1779, 338], [118, 1052, 1531], [1650, 986, 997], [1567, 183, 1127], [1841, 1145, 36], [1015, 668, 433], [535, 713, 1639],
[793, 983, 1371], [19, 1215, 667], [963, 1411, 1535], [777, 830, 1267], [603, 948, 1807], [87, 552, 747], [1084, 1607, 418], [1699, 1401, 1564], [1736, 1904, 1720], [122, 393, 386],
[1761, 674, 857], [573, 693, 25], [728, 1145, 925], [216, 1922, 1243], [971, 478, 144], [732, 53, 184], [967, 625, 1791], [1385, 277, 1146], [390, 1501, 491]]
[[4, 8, 4, 4], [9, 6, 4, 5], [8, 7, 7, 3], [1, 8, 1, 10], [8, 4, 8, 8], [4, 0, 7, 3], [5, 7, 6, 3], [6, 6, 10, 10], [3, 3, 3, 0], [7, 6, 3, 2],
[2, 10, 3, 3], [7, 2, 1, 3], [7, 9, 0, 0], [9, 6, 3, 1], [0, 7, 5, 6], [2, 4, 6, 4], [5, 9, 4, 10], [2, 7, 10, 4], [4, 3, 6, 9], [5, 5, 1, 10],
[3, 0, 10, 10], [4, 1, 0, 4], [8, 5, 0, 9], [7, 6, 2, 10], [2, 4, 7, 3], [9, 7, 7, 2], [8, 0, 0, 0], [5, 0, 9, 6], [9, 8, 5, 2], [7, 4, 6, 5],
[7, 6, 1, 2], [10, 3, 1, 0], [7, 7, 3, 3], [1, 8, 5, 7], [7, 3, 5, 10], [3, 3, 6, 10], [1, 9, 1, 8], [2, 8, 0, 8], [1, 10, 10, 10], [2, 9, 8, 7],
[5, 0, 10, 6], [6, 2, 0, 2], [6, 6, 0, 7], [9, 6, 7, 8], [2, 6, 4, 3], [3, 2, 0, 3], [2, 10, 0, 2], [6, 8, 10, 1], [6, 7, 5, 1], [10, 6, 2, 3],
[1, 2, 8, 8], [6, 2, 6, 8], [9, 10, 0, 10], [1, 9, 2, 3], [6, 2, 6, 2], [8, 3, 3, 3], [8, 6, 5, 7], [1, 5, 8, 0], [7, 6, 9, 2], [6, 2, 8, 4],
[1, 7, 4, 0], [5, 6, 4, 1], [7, 8, 3, 4], [9, 4, 6, 6], [10, 9, 1, 10], [3, 9, 8, 8], [2, 4, 8, 9], [6, 5, 0, 5], [1, 4, 6, 7]]
[1, 1, 1, 0.5, 0.5, 0.5, 0.5, 0.5, 0.5, 0.25,
0.25, 0.25, 0.25, 0.25, 0.25, 0.125, 0.125, 0.125, 0.125, 0.125,
0.125, 0.0625, 0.0625, 0.0625, 0.0625, 0.0625, 0.0625, 0.03125, 0.03125, 0.03125,
0.03125, 0.03125, 0.03125, 0.015625, 0.015625, 0.015625, 0.015625, 0.015625, 0.015625, 0.0078125,
0.0078125, 0.0078125, 0.0078125, 0.0078125, 0.0078125, 0.00390625, 0.00390625, 0.00390625, 0.00390625, 0.00390625,
0.00390625, 0.00195312, 0.00195312, 0.00195312, 0.00195312, 0.00195312, 0.00195312, 0.000976562, 0.000976562, 0.000976562,
0.000976562, 0.000976562, 0.000976562, 0.000488281, 0.000488281, 0.000488281, 0.000488281, 0.000488281, 0.000488281]
[11, 12, 8, 12, 9, 16, 13, 3, 20, 0,
4, 17, 13, 16, 5, 14, 19, 10, 14, 11,
7, 5, 14, 14, 14, 18, 16, 10, 17, 9,
2, 14, 5, 3, 0, 18, 18, 5, 11, 19,
9, 20, 7, 10, 12, 0, 18, 10, 14, 18,
2, 20, 15, 7, 18, 6, 17, 8, 13, 4,
11, 16, 18, 8, 15, 1, 16, 14, 1]
------------------------------------------------------- 
# stage = 12	# children c = 2	length of each stage p = 3	nodes = 68	# items I = 1
