[72, 85, 30, 2, 5, 68, 75, 84, 62, 55,
16, 15, 21, 72, 59, 32, 48, 46, 14, 95,
72, 46, 34, 8, 26, 61, 39, 57, 88, 38,
16, 59, 90, 12, 27, 95, 46, 2, 78, 7,
57, 60, 89, 44, 98, 13, 42, 46, 59, 57,
40, 30, 69, 40, 4, 95, 0, 43, 17, 54,
82, 33, 13, 37, 11, 40, 31, 57, 8, 76,
30, 31, 35, 19, 75, 33, 99, 17, 45, 58,
40, 51, 54, 75, 91, 59, 70, 57, 68, 53,
11, 15, 87, 91, 52, 98, 97, 84, 21, 5,
25, 51]
[[1382, 103, 94], [1881, 1378, 509], [1019, 1834, 1137], [808, 1797, 922], [621, 1628, 767], [1441, 1239, 1429], [1754, 1506, 1526], [394, 745, 1337], [609, 1581, 1911], [1613, 1214, 745],
[1693, 1894, 147], [1086, 1156, 1525], [893, 257, 1441], [113, 363, 619], [333, 283, 1545], [399, 1724, 165], [1126, 858, 1671], [734, 1253, 1714], [1369, 1862, 1377], [1362, 855, 1889],
[1406, 1846, 1866], [1553, 1014, 1104], [458, 1206, 659], [1900, 1319, 321], [1817, 950, 604], [1444, 647, 1626], [1609, 1773, 566], [660, 1805, 1117], [456, 1256, 359], [1131, 1917, 1214],
[1103, 1405, 441], [349, 338, 753], [1453, 796, 41], [194, 76, 658], [1731, 1893, 1609], [417, 1420, 1554], [1341, 409, 708], [1908, 1070, 595], [405, 1526, 1852], [765, 38, 1149],
[1277, 1141, 636], [1718, 1490, 272], [1770, 323, 1068], [1811, 1733, 1145], [1768, 1547, 418], [757, 1262, 1136], [393, 686, 1546], [1101, 1892, 698], [1697, 379, 1522], [929, 442, 858],
[160, 1720, 1297], [94, 818, 869], [366, 670, 490], [732, 1780, 306], [1175, 1630, 1151], [1594, 469, 495], [812, 160, 479], [1656, 1262, 453], [1652, 339, 131], [555, 1268, 1789],
[1413, 726, 1591], [793, 820, 1708], [960, 484, 1676], [1451, 1216, 1538], [1055, 1690, 548], [1504, 1366, 315], [1297, 1476, 476], [1777, 513, 1738], [1528, 247, 159], [957, 802, 725],
[829, 1514, 1451], [1718, 389, 1569], [1508, 647, 1351], [1267, 180, 1865], [185, 533, 1637], [734, 1335, 1085], [1049, 715, 1860], [823, 1790, 455], [643, 1400, 0], [100, 1656, 803],
[123, 567, 1615], [1574, 367, 86], [523, 1174, 733], [1874, 523, 212], [1822, 708, 43], [1541, 740, 1379], [7, 1088, 176], [1165, 1911, 48], [918, 1853, 746], [918, 1251, 484],
[1019, 1375, 349], [716, 329, 717], [802, 151, 1189], [834, 107, 1712], [344, 1227, 1718], [387, 149, 1757], [1064, 1372, 927], [538, 619, 218], [1802, 835, 1369], [631, 1753, 703],
[413, 855, 1376], [763, 1571, 1003]]
[[1, 8, 1, 8], [2, 4, 1, 6], [4, 7, 2, 2], [1, 7, 5, 8], [4, 1, 1, 8], [2, 8, 10, 10], [8, 7, 0, 4], [2, 3, 3, 2], [0, 4, 10, 3], [8, 0, 7, 10],
[5, 10, 2, 4], [6, 7, 0, 8], [6, 1, 3, 7], [7, 2, 6, 2], [8, 4, 5, 10], [7, 8, 1, 7], [10, 9, 8, 6], [9, 3, 5, 1], [0, 5, 6, 4], [0, 6, 0, 6],
[5, 3, 2, 10], [4, 8, 1, 10], [10, 6, 9, 6], [1, 9, 1, 1], [7, 9, 7, 4], [10, 1, 3, 10], [5, 9, 2, 5], [2, 2, 9, 7], [5, 10, 4, 7], [5, 6, 6, 5],
[1, 3, 0, 3], [1, 1, 2, 6], [9, 9, 8, 6], [8, 1, 6, 2], [8, 8, 5, 9], [8, 2, 3, 2], [1, 8, 8, 6], [3, 3, 0, 2], [6, 10, 3, 5], [9, 5, 10, 7],
[3, 5, 3, 10], [6, 7, 1, 2], [2, 5, 0, 10], [7, 3, 10, 8], [0, 5, 1, 1], [9, 0, 4, 2], [10, 7, 6, 8], [0, 3, 3, 3], [8, 4, 0, 2], [0, 2, 4, 0],
[5, 2, 8, 10], [3, 7, 7, 2], [2, 6, 3, 9], [6, 5, 9, 3], [0, 2, 10, 0], [5, 2, 1, 3], [4, 2, 5, 2], [2, 7, 2, 5], [7, 10, 4, 8], [4, 9, 10, 4],
[4, 1, 0, 0], [4, 8, 1, 4], [10, 0, 2, 5], [2, 2, 6, 6], [2, 9, 6, 4], [3, 8, 9, 10], [5, 0, 7, 8], [9, 5, 10, 2], [4, 9, 0, 8], [6, 2, 0, 5],
[2, 0, 8, 3], [2, 1, 7, 4], [10, 3, 6, 2], [9, 2, 10, 4], [2, 5, 10, 0], [10, 9, 3, 1], [7, 1, 9, 0], [3, 9, 4, 6], [8, 10, 9, 10], [1, 3, 2, 9],
[6, 8, 10, 5], [0, 7, 7, 0], [1, 6, 1, 9], [2, 2, 10, 8], [3, 7, 8, 5], [3, 10, 0, 0], [10, 7, 0, 9], [8, 0, 7, 4], [8, 4, 9, 6], [1, 3, 7, 2],
[9, 6, 10, 9], [8, 7, 6, 9], [3, 2, 3, 7], [1, 1, 5, 0], [6, 3, 9, 4], [3, 4, 6, 1], [8, 2, 5, 9], [5, 1, 10, 3], [7, 7, 1, 2], [3, 6, 10, 5],
[8, 2, 10, 9], [2, 4, 8, 8]]
[1, 1, 1, 0.333333, 0.333333, 0.333333, 0.333333, 0.333333, 0.333333, 0.333333,
0.333333, 0.333333, 0.111111, 0.111111, 0.111111, 0.111111, 0.111111, 0.111111, 0.111111, 0.111111,
0.111111, 0.037037, 0.037037, 0.037037, 0.037037, 0.037037, 0.037037, 0.037037, 0.037037, 0.037037,
0.0123457, 0.0123457, 0.0123457, 0.0123457, 0.0123457, 0.0123457, 0.0123457, 0.0123457, 0.0123457, 0.00411523,
0.00411523, 0.00411523, 0.00411523, 0.00411523, 0.00411523, 0.00411523, 0.00411523, 0.00411523, 0.00137174, 0.00137174,
0.00137174, 0.00137174, 0.00137174, 0.00137174, 0.00137174, 0.00137174, 0.00137174, 0.000457247, 0.000457247, 0.000457247,
0.000457247, 0.000457247, 0.000457247, 0.000457247, 0.000457247, 0.000457247, 0.000152416, 0.000152416, 0.000152416, 0.000152416,
0.000152416, 0.000152416, 0.000152416, 0.000152416, 0.000152416, 5.08053e-05, 5.08053e-05, 5.08053e-05, 5.08053e-05, 5.08053e-05,
5.08053e-05, 5.08053e-05, 5.08053e-05, 5.08053e-05, 1.69351e-05, 1.69351e-05, 1.69351e-05, 1.69351e-05, 1.69351e-05, 1.69351e-05,
1.69351e-05, 1.69351e-05, 1.69351e-05, 5.64503e-06, 5.64503e-06, 5.64503e-06, 5.64503e-06, 5.64503e-06, 5.64503e-06, 5.64503e-06,
5.64503e-06, 5.64503e-06]
[6, 9, 2, 10, 13, 12, 16, 13, 5, 3,
1, 16, 13, 14, 6, 2, 14, 8, 4, 6,
16, 2, 9, 10, 4, 7, 7, 0, 0, 1,
4, 11, 7, 7, 18, 14, 4, 2, 4, 19,
10, 6, 1, 2, 4, 0, 8, 12, 10, 11,
17, 18, 14, 6, 5, 11, 4, 16, 7, 11,
3, 16, 14, 10, 12, 9, 19, 2, 0, 16,
17, 4, 16, 3, 11, 10, 9, 1, 19, 3,
18, 4, 12, 3, 18, 9, 18, 9, 17, 13,
10, 19, 14, 14, 5, 9, 2, 12, 12, 18,
18, 19]
------------------------------------------------------- 
# stage = 12	# children c = 3	length of each stage p = 3	nodes = 101	# items I = 1
