[32, 0, 71, 53, 13, 75, 93, 4, 98, 74,
71, 91, 36, 40, 20, 13, 56, 0, 64, 80,
79, 13, 92, 61, 100, 48, 96, 27, 58, 79,
41, 56, 45, 79, 8, 58, 19, 1, 28, 16,
75, 100, 73, 78, 5, 59, 57, 62, 59, 87,
41, 4, 100, 99, 31, 65, 46, 26, 92, 70,
71, 100, 25, 15, 78, 0, 39, 97, 68, 67,
79, 42]
[[732, 31, 832], [350, 628, 306], [488, 937, 41], [53, 365, 882], [499, 199, 877], [178, 196, 212], [266, 970, 216], [732, 692, 198], [243, 613, 895], [445, 56, 583],
[459, 697, 614], [218, 66, 262], [525, 462, 126], [566, 515, 400], [376, 923, 599], [180, 120, 704], [392, 386, 693], [516, 46, 312], [715, 289, 834], [537, 643, 798],
[48, 121, 514], [570, 248, 489], [740, 773, 951], [867, 266, 394], [286, 550, 336], [793, 730, 456], [424, 49, 843], [45, 566, 889], [357, 208, 105], [118, 653, 748],
[917, 701, 778], [358, 291, 934], [847, 50, 726], [726, 825, 900], [139, 38, 470], [475, 740, 127], [839, 183, 85], [701, 136, 559], [517, 494, 675], [531, 520, 255],
[206, 364, 865], [892, 723, 175], [845, 497, 133], [498, 150, 867], [418, 289, 813], [796, 672, 572], [831, 531, 664], [824, 159, 800], [402, 585, 221], [4, 135, 742],
[260, 249, 125], [144, 161, 756], [227, 25, 181], [268, 524, 331], [62, 850, 529], [876, 573, 220], [467, 423, 659], [58, 267, 819], [859, 577, 423], [99, 490, 558],
[749, 750, 807], [875, 802, 876], [558, 937, 902], [647, 224, 353], [979, 287, 130], [435, 90, 703], [563, 557, 145], [242, 616, 320], [80, 402, 806], [503, 501, 315],
[969, 178, 973], [703, 72, 794]]
[[5, 10, 8, 0], [1, 7, 4, 10], [9, 1, 4, 7], [1, 10, 2, 7], [1, 4, 6, 10], [4, 1, 10, 2], [1, 0, 3, 5], [9, 3, 5, 1], [1, 0, 10, 0], [6, 3, 10, 2],
[2, 4, 10, 3], [1, 10, 0, 3], [1, 4, 2, 4], [5, 0, 6, 5], [0, 10, 8, 7], [0, 0, 7, 10], [10, 6, 10, 5], [10, 8, 5, 1], [10, 2, 5, 0], [1, 3, 3, 1],
[7, 4, 5, 10], [4, 0, 2, 2], [8, 9, 10, 9], [7, 6, 6, 6], [1, 6, 9, 0], [1, 4, 0, 0], [4, 3, 9, 6], [6, 0, 7, 0], [4, 1, 10, 6], [10, 0, 8, 8],
[7, 5, 4, 3], [0, 10, 8, 0], [3, 4, 9, 4], [6, 9, 2, 0], [10, 10, 4, 5], [10, 9, 3, 1], [8, 1, 5, 7], [1, 0, 2, 8], [6, 6, 9, 4], [4, 6, 4, 5],
[9, 1, 8, 4], [8, 8, 4, 8], [7, 8, 0, 4], [6, 4, 3, 3], [5, 8, 9, 4], [7, 0, 10, 2], [5, 6, 4, 7], [0, 7, 1, 9], [8, 9, 2, 5], [5, 5, 2, 1],
[0, 1, 4, 7], [5, 7, 8, 8], [3, 4, 10, 10], [5, 7, 10, 8], [2, 3, 4, 2], [10, 3, 0, 7], [0, 1, 0, 5], [4, 0, 4, 4], [1, 8, 9, 4], [5, 7, 10, 6],
[9, 9, 5, 3], [5, 2, 9, 6], [5, 2, 8, 3], [6, 7, 10, 4], [6, 8, 9, 10], [9, 2, 3, 8], [0, 2, 2, 3], [7, 1, 7, 5], [9, 10, 7, 1], [1, 5, 7, 6],
[6, 5, 7, 10], [10, 7, 3, 5]]
[1, 1, 0.2, 0.2, 0.2, 0.2, 0.2, 0.2, 0.2, 0.2,
0.2, 0.2, 0.04, 0.04, 0.04, 0.04, 0.04, 0.04, 0.04, 0.04,
0.04, 0.04, 0.008, 0.008, 0.008, 0.008, 0.008, 0.008, 0.008, 0.008,
0.008, 0.008, 0.0016, 0.0016, 0.0016, 0.0016, 0.0016, 0.0016, 0.0016, 0.0016,
0.0016, 0.0016, 0.00032, 0.00032, 0.00032, 0.00032, 0.00032, 0.00032, 0.00032, 0.00032,
0.00032, 0.00032, 6.4e-05, 6.4e-05, 6.4e-05, 6.4e-05, 6.4e-05, 6.4e-05, 6.4e-05, 6.4e-05,
6.4e-05, 6.4e-05, 1.28e-05, 1.28e-05, 1.28e-05, 1.28e-05, 1.28e-05, 1.28e-05, 1.28e-05, 1.28e-05,
1.28e-05, 1.28e-05]
[0, 7, 0, 2, 2, 3, 2, 7, 8, 8,
9, 3, 9, 0, 0, 8, 5, 1, 9, 2,
1, 6, 9, 2, 1, 0, 9, 6, 2, 1,
6, 4, 8, 1, 0, 2, 2, 6, 6, 1,
1, 0, 0, 2, 7, 7, 7, 9, 0, 7,
9, 1, 2, 7, 0, 0, 7, 5, 8, 3,
4, 3, 4, 1, 8, 7, 1, 0, 1, 4,
3, 3]
------------------------------------------------------- 
# stage = 8	# children c = 5	length of each stage p = 2	nodes = 71	# items I = 1
