[66, 30, 65, 5, 83, 87, 96, 88, 71, 99,
29, 87, 55, 98, 25, 57, 62, 48, 79, 3,
54, 14, 94, 58, 89, 98, 33, 52, 88, 93,
22, 20]
[[777, 265, 1623], [1266, 1768, 2212], [2202, 1173, 634], [1010, 91, 90], [825, 389, 480], [636, 1732, 1345], [1997, 1307, 172], [1853, 1598, 238], [471, 2156, 800], [1237, 130, 694],
[697, 907, 959], [83, 377, 489], [57, 783, 2104], [1133, 2236, 2195], [1666, 823, 789], [2146, 1459, 725], [1254, 1661, 2033], [1868, 1718, 1393], [2106, 2189, 1753], [1110, 1631, 87],
[1804, 90, 994], [967, 615, 1814], [1899, 1115, 359], [1765, 10, 357], [2165, 1676, 1622], [716, 2027, 1286], [1441, 1485, 1151], [1678, 1115, 631], [1275, 1425, 1025], [1233, 739, 418],
[1320, 747, 508], [519, 1714, 1566]]
[[8, 4, 7, 4], [5, 4, 10, 9], [7, 1, 3, 0], [8, 8, 1, 10], [10, 6, 0, 2], [9, 0, 6, 0], [8, 8, 3, 4], [2, 7, 1, 10], [9, 6, 3, 3], [8, 0, 1, 4],
[1, 5, 2, 8], [0, 3, 7, 8], [7, 5, 10, 4], [3, 5, 4, 0], [0, 5, 3, 2], [1, 2, 10, 0], [9, 0, 3, 4], [1, 3, 7, 0], [6, 9, 8, 6], [0, 5, 1, 7],
[8, 0, 9, 1], [3, 3, 10, 4], [6, 2, 6, 8], [5, 6, 6, 1], [6, 7, 5, 7], [10, 10, 6, 3], [9, 3, 9, 9], [8, 10, 3, 4], [8, 2, 5, 1], [5, 4, 5, 0],
[5, 9, 6, 8], [4, 1, 7, 9]]
[1, 1, 0.333333, 0.333333, 0.333333, 0.333333, 0.333333, 0.333333, 0.111111, 0.111111,
0.111111, 0.111111, 0.111111, 0.111111, 0.037037, 0.037037, 0.037037, 0.037037, 0.037037, 0.037037,
0.0123457, 0.0123457, 0.0123457, 0.0123457, 0.0123457, 0.0123457, 0.00411523, 0.00411523, 0.00411523, 0.00411523,
0.00411523, 0.00411523]
[20, 11, 2, 11, 18, 8, 10, 1, 17, 7,
3, 3, 12, 20, 3, 13, 11, 10, 15, 20,
11, 0, 4, 12, 1, 5, 9, 8, 3, 11,
21, 18]
------------------------------------------------------- 
# stage = 6	# children c = 3	length of each stage p = 2	nodes = 31	# items I = 1
