[63, 93, 72, 55, 6, 40, 75, 61, 50, 60,
90, 88, 68, 82, 14, 50, 25, 75, 76, 49,
46, 86, 66, 20, 49, 97, 28, 66, 74, 85,
19, 36, 44, 91, 57, 16, 98, 32, 77, 13,
58, 66, 1, 25, 14, 82, 42, 5, 56, 84,
20, 1, 35, 52, 21, 85, 48, 15, 50, 88,
67, 70, 90, 10, 26, 47, 26, 90, 45, 69,
3, 69, 1, 71, 60, 15, 52, 68, 20, 75,
52, 40, 42, 53, 92, 30, 37, 6, 45, 88,
94, 78, 23, 84, 88, 15, 97, 80, 5, 7,
49, 75]
[[1828, 1191, 590], [1377, 832, 1736], [1198, 1147, 1865], [1783, 1735, 1052], [516, 74, 1442], [1457, 1085, 620], [1882, 926, 1284], [1550, 747, 539], [1672, 296, 1917], [876, 1843, 1087],
[1136, 1716, 326], [1724, 1140, 1156], [1507, 383, 350], [1417, 213, 131], [514, 727, 203], [1, 231, 1289], [621, 158, 260], [1905, 1706, 1005], [489, 1423, 1302], [453, 344, 1190],
[1538, 1480, 953], [1864, 1251, 139], [1066, 803, 520], [1414, 265, 734], [1545, 779, 1461], [1749, 780, 1691], [1083, 1399, 1847], [1343, 1351, 1599], [396, 1840, 1069], [1698, 338, 1414],
[933, 1875, 939], [1886, 1784, 236], [70, 897, 1037], [589, 359, 1303], [1321, 1904, 127], [827, 1698, 906], [565, 828, 352], [458, 219, 1702], [102, 613, 1587], [1169, 356, 1926],
[628, 1289, 1848], [1566, 1220, 1679], [1802, 1289, 622], [884, 1878, 981], [234, 1246, 930], [360, 120, 676], [1266, 684, 1504], [1616, 1140, 1721], [1365, 1242, 379], [1000, 458, 735],
[971, 1085, 71], [866, 698, 1290], [590, 547, 626], [1212, 1429, 551], [238, 1664, 1797], [1169, 69, 1915], [1845, 1335, 646], [1394, 998, 1786], [1163, 411, 1073], [1542, 1409, 1530],
[323, 427, 662], [392, 1291, 1360], [1682, 1879, 1905], [355, 1139, 1381], [904, 1375, 1090], [748, 591, 1159], [709, 483, 539], [1355, 1878, 1538], [1189, 1086, 1947], [307, 673, 1401],
[1837, 996, 1828], [546, 1389, 1164], [1904, 1118, 1090], [1854, 1472, 274], [1283, 423, 1650], [418, 1170, 288], [1578, 1879, 772], [162, 1281, 695], [1698, 515, 1781], [1692, 823, 499],
[1138, 705, 1496], [1013, 1250, 930], [222, 1201, 93], [1313, 1103, 1565], [1587, 431, 34], [1284, 849, 1204], [1571, 472, 1130], [388, 635, 456], [1083, 380, 970], [909, 118, 1791],
[1406, 1254, 543], [949, 315, 1793], [1877, 535, 1040], [18, 1848, 188], [1583, 1481, 619], [1617, 812, 1466], [866, 428, 1939], [41, 816, 619], [496, 1897, 997], [1466, 851, 1113],
[1304, 305, 415], [1845, 1252, 728]]
[[9, 1, 6, 6], [8, 8, 3, 4], [4, 5, 1, 0], [5, 10, 8, 8], [0, 2, 5, 10], [5, 8, 8, 0], [6, 4, 8, 1], [9, 1, 0, 5], [2, 6, 0, 8], [4, 3, 1, 6],
[6, 0, 6, 10], [8, 3, 5, 7], [4, 10, 4, 9], [7, 1, 7, 0], [3, 4, 2, 1], [5, 2, 6, 5], [9, 4, 0, 0], [6, 10, 6, 10], [8, 2, 7, 6], [3, 1, 0, 7],
[9, 4, 3, 5], [5, 0, 6, 8], [2, 6, 7, 6], [8, 0, 0, 4], [2, 10, 4, 8], [9, 0, 6, 7], [0, 2, 0, 1], [2, 0, 9, 0], [4, 10, 4, 7], [8, 10, 2, 0],
[5, 9, 6, 0], [7, 4, 3, 9], [3, 7, 7, 0], [5, 0, 5, 3], [0, 5, 5, 2], [5, 1, 1, 7], [0, 5, 1, 7], [2, 1, 5, 5], [8, 9, 5, 4], [2, 8, 2, 4],
[3, 7, 2, 6], [7, 7, 10, 6], [1, 4, 8, 4], [3, 7, 9, 3], [1, 8, 8, 3], [9, 2, 8, 6], [0, 1, 10, 1], [7, 10, 3, 10], [7, 5, 4, 1], [1, 3, 7, 0],
[5, 3, 2, 8], [10, 0, 9, 1], [6, 5, 2, 4], [7, 9, 10, 6], [10, 7, 5, 6], [6, 8, 4, 0], [0, 8, 2, 10], [9, 9, 8, 1], [1, 10, 7, 10], [8, 3, 0, 3],
[8, 0, 5, 3], [9, 2, 7, 6], [9, 1, 0, 2], [7, 2, 3, 7], [8, 5, 4, 6], [1, 1, 5, 1], [0, 1, 0, 6], [2, 9, 9, 0], [9, 1, 1, 6], [3, 8, 10, 1],
[7, 10, 1, 3], [1, 4, 8, 9], [7, 10, 2, 9], [0, 5, 10, 9], [4, 8, 4, 7], [6, 0, 5, 2], [1, 6, 8, 4], [1, 6, 3, 8], [5, 2, 9, 5], [7, 6, 1, 3],
[5, 4, 10, 3], [9, 7, 10, 3], [4, 1, 8, 8], [1, 2, 0, 0], [8, 6, 2, 9], [1, 3, 4, 5], [5, 2, 10, 10], [6, 0, 1, 9], [2, 0, 1, 1], [6, 9, 2, 8],
[10, 8, 6, 9], [10, 4, 9, 5], [8, 9, 1, 10], [1, 5, 4, 4], [5, 3, 4, 0], [1, 5, 9, 4], [3, 8, 3, 9], [6, 3, 5, 5], [0, 9, 3, 8], [2, 10, 2, 10],
[6, 1, 7, 5], [6, 0, 9, 9]]
[1, 1, 1, 0.333333, 0.333333, 0.333333, 0.333333, 0.333333, 0.333333, 0.333333,
0.333333, 0.333333, 0.111111, 0.111111, 0.111111, 0.111111, 0.111111, 0.111111, 0.111111, 0.111111,
0.111111, 0.037037, 0.037037, 0.037037, 0.037037, 0.037037, 0.037037, 0.037037, 0.037037, 0.037037,
0.0123457, 0.0123457, 0.0123457, 0.0123457, 0.0123457, 0.0123457, 0.0123457, 0.0123457, 0.0123457, 0.00411523,
0.00411523, 0.00411523, 0.00411523, 0.00411523, 0.00411523, 0.00411523, 0.00411523, 0.00411523, 0.00137174, 0.00137174,
0.00137174, 0.00137174, 0.00137174, 0.00137174, 0.00137174, 0.00137174, 0.00137174, 0.000457247, 0.000457247, 0.000457247,
0.000457247, 0.000457247, 0.000457247, 0.000457247, 0.000457247, 0.000457247, 0.000152416, 0.000152416, 0.000152416, 0.000152416,
0.000152416, 0.000152416, 0.000152416, 0.000152416, 0.000152416, 5.08053e-05, 5.08053e-05, 5.08053e-05, 5.08053e-05, 5.08053e-05,
5.08053e-05, 5.08053e-05, 5.08053e-05, 5.08053e-05, 1.69351e-05, 1.69351e-05, 1.69351e-05, 1.69351e-05, 1.69351e-05, 1.69351e-05,
1.69351e-05, 1.69351e-05, 1.69351e-05, 5.64503e-06, 5.64503e-06, 5.64503e-06, 5.64503e-06, 5.64503e-06, 5.64503e-06, 5.64503e-06,
5.64503e-06, 5.64503e-06]
[7, 3, 2, 7, 2, 1, 5, 7, 9, 7,
6, 1, 5, 6, 5, 1, 1, 7, 6, 6,
6, 3, 3, 6, 5, 5, 6, 3, 7, 7,
1, 8, 5, 9, 3, 6, 9, 6, 0, 5,
7, 0, 1, 8, 7, 4, 6, 5, 3, 0,
4, 8, 6, 8, 0, 5, 6, 2, 2, 7,
8, 1, 7, 8, 3, 8, 7, 5, 5, 3,
9, 5, 7, 6, 0, 1, 8, 5, 3, 7,
4, 0, 6, 8, 1, 0, 3, 7, 3, 3,
0, 4, 1, 5, 5, 7, 0, 4, 5, 0,
7, 1]
------------------------------------------------------- 
# stage = 12	# children c = 3	length of each stage p = 3	nodes = 101	# items I = 1
