[89, 58, 47, 28, 68, 80, 97, 5, 98, 33,
24, 75, 76, 99, 83, 70, 52, 39, 15, 10,
78, 98, 67, 34, 57, 75, 66, 57, 18, 93,
97, 6, 16, 43, 0, 85, 89, 63, 90, 87,
96, 80, 27, 37, 44, 10, 7, 96, 15, 89,
72, 93, 52, 38, 94, 8, 80, 59, 66, 98,
17, 62, 70, 34, 71, 36, 85, 25, 99, 74,
78, 60, 19, 5, 98, 63, 82, 71, 25, 97,
25, 63, 89, 77, 68, 48, 86, 47, 6, 17,
10, 91, 79, 46, 24, 15, 82, 8, 6, 46,
48, 85, 5, 33, 90, 69, 62, 71, 5, 87,
67, 30, 50, 21, 7, 17, 70, 93, 30, 42,
76, 6, 99, 54, 52, 22, 35, 100, 97, 41]
[[258, 466, 462], [746, 456, 952], [677, 352, 236], [171, 468, 23], [545, 299, 377], [791, 332, 929], [943, 761, 122], [34, 997, 695], [727, 879, 913], [660, 977, 931],
[157, 981, 141], [619, 471, 597], [569, 147, 949], [551, 64, 161], [320, 609, 460], [444, 399, 539], [371, 86, 298], [240, 120, 293], [935, 593, 918], [847, 252, 639],
[522, 155, 618], [663, 774, 836], [4, 87, 983], [953, 384, 793], [113, 705, 400], [319, 147, 545], [604, 264, 631], [902, 504, 498], [942, 184, 89], [858, 777, 87],
[242, 297, 242], [860, 706, 762], [440, 710, 595], [421, 407, 726], [212, 266, 429], [359, 586, 322], [904, 936, 332], [280, 837, 583], [524, 523, 767], [359, 379, 542],
[447, 621, 839], [435, 226, 289], [944, 666, 999], [283, 834, 404], [7, 792, 671], [182, 897, 1], [250, 546, 937], [583, 826, 518], [164, 348, 39], [931, 707, 165],
[217, 900, 532], [802, 80, 504], [89, 770, 917], [834, 799, 749], [984, 553, 285], [653, 735, 929], [400, 986, 473], [82, 313, 43], [600, 477, 391], [386, 152, 844],
[551, 115, 489], [81, 917, 315], [586, 752, 831], [247, 584, 628], [996, 566, 927], [25, 966, 661], [954, 110, 391], [425, 192, 704], [468, 539, 927], [605, 925, 825],
[194, 220, 940], [429, 301, 601], [490, 633, 351], [319, 880, 681], [693, 620, 245], [619, 392, 957], [24, 90, 66], [415, 516, 4], [865, 730, 543], [536, 80, 466],
[359, 20, 686], [43, 195, 734], [644, 685, 111], [741, 750, 738], [420, 187, 102], [411, 552, 494], [367, 576, 331], [179, 737, 593], [183, 346, 321], [727, 882, 147],
[939, 239, 167], [370, 28, 362], [102, 418, 793], [961, 157, 541], [697, 323, 475], [546, 735, 25], [786, 848, 348], [115, 25, 831], [708, 208, 176], [28, 681, 56],
[923, 619, 42], [837, 989, 70], [945, 837, 489], [737, 796, 392], [22, 238, 716], [497, 784, 449], [269, 568, 41], [363, 684, 66], [192, 136, 20], [368, 164, 448],
[171, 834, 813], [213, 669, 546], [29, 358, 381], [264, 841, 923], [657, 864, 907], [371, 105, 435], [566, 120, 750], [607, 483, 178], [419, 676, 314], [185, 790, 225],
[633, 961, 57], [190, 920, 472], [736, 950, 830], [863, 960, 670], [785, 615, 278], [436, 732, 129], [872, 42, 250], [620, 395, 733], [798, 814, 407], [110, 746, 944]]
[[3, 9, 10, 8], [3, 9, 10, 2], [3, 3, 7, 9], [1, 4, 4, 3], [0, 5, 9, 4], [7, 0, 1, 7], [7, 9, 3, 3], [10, 1, 7, 0], [8, 5, 7, 10], [1, 6, 1, 3],
[7, 6, 1, 6], [0, 3, 9, 0], [8, 5, 3, 5], [5, 4, 1, 10], [1, 2, 2, 9], [1, 10, 10, 10], [2, 6, 9, 3], [1, 8, 6, 6], [3, 6, 2, 1], [9, 0, 2, 5],
[6, 5, 8, 9], [9, 9, 9, 10], [9, 9, 9, 0], [6, 6, 8, 8], [1, 6, 10, 0], [1, 3, 6, 4], [9, 8, 4, 6], [7, 6, 9, 0], [9, 6, 7, 7], [2, 5, 5, 0],
[2, 1, 9, 8], [7, 6, 6, 8], [10, 3, 6, 0], [6, 1, 3, 3], [8, 7, 7, 4], [0, 5, 4, 9], [9, 0, 5, 0], [4, 8, 9, 6], [7, 8, 3, 3], [3, 7, 9, 3],
[8, 4, 1, 4], [4, 4, 5, 1], [9, 1, 5, 9], [4, 7, 7, 2], [5, 0, 0, 7], [6, 9, 2, 3], [6, 4, 6, 8], [9, 3, 9, 7], [5, 10, 9, 9], [2, 1, 8, 0],
[2, 0, 8, 6], [7, 4, 6, 0], [2, 6, 7, 9], [4, 8, 1, 9], [1, 5, 6, 8], [8, 4, 2, 1], [1, 9, 8, 1], [10, 6, 0, 1], [6, 8, 5, 1], [10, 0, 1, 2],
[4, 8, 0, 9], [5, 1, 7, 4], [4, 0, 0, 0], [4, 2, 1, 3], [1, 9, 5, 0], [2, 3, 0, 9], [0, 3, 8, 10], [2, 7, 10, 6], [4, 10, 4, 8], [9, 9, 10, 3],
[9, 10, 3, 2], [0, 2, 4, 10], [0, 7, 8, 3], [10, 8, 10, 8], [10, 5, 7, 1], [1, 7, 7, 3], [4, 1, 0, 3], [10, 9, 4, 9], [6, 5, 9, 6], [7, 0, 5, 5],
[7, 1, 6, 4], [9, 3, 1, 6], [8, 7, 7, 9], [3, 4, 2, 5], [3, 0, 8, 0], [7, 10, 7, 3], [4, 6, 7, 9], [4, 0, 4, 10], [1, 8, 3, 8], [1, 3, 4, 9],
[10, 0, 8, 0], [2, 8, 5, 5], [6, 1, 6, 3], [9, 2, 6, 3], [6, 0, 10, 9], [0, 3, 8, 1], [10, 9, 10, 0], [1, 3, 9, 9], [3, 4, 9, 6], [10, 2, 9, 6],
[1, 2, 9, 10], [3, 2, 0, 7], [2, 0, 5, 3], [1, 0, 2, 0], [10, 1, 0, 9], [4, 8, 8, 6], [1, 4, 10, 10], [4, 8, 5, 5], [9, 1, 5, 1], [1, 5, 8, 1],
[5, 3, 2, 5], [3, 5, 5, 0], [6, 4, 8, 0], [1, 5, 4, 0], [7, 3, 10, 1], [9, 2, 6, 7], [1, 9, 8, 2], [4, 6, 2, 7], [7, 4, 1, 8], [7, 5, 9, 3],
[9, 4, 1, 8], [9, 5, 8, 3], [6, 6, 2, 4], [8, 9, 1, 8], [7, 9, 10, 9], [2, 10, 4, 9], [4, 5, 7, 0], [8, 3, 1, 4], [7, 2, 1, 3], [5, 8, 4, 0]]
[1, 1, 1, 1, 1, 0.2, 0.2, 0.2, 0.2, 0.2,
0.2, 0.2, 0.2, 0.2, 0.2, 0.2, 0.2, 0.2, 0.2, 0.2,
0.2, 0.2, 0.2, 0.2, 0.2, 0.2, 0.2, 0.2, 0.2, 0.2,
0.04, 0.04, 0.04, 0.04, 0.04, 0.04, 0.04, 0.04, 0.04, 0.04,
0.04, 0.04, 0.04, 0.04, 0.04, 0.04, 0.04, 0.04, 0.04, 0.04,
0.04, 0.04, 0.04, 0.04, 0.04, 0.008, 0.008, 0.008, 0.008, 0.008,
0.008, 0.008, 0.008, 0.008, 0.008, 0.008, 0.008, 0.008, 0.008, 0.008,
0.008, 0.008, 0.008, 0.008, 0.008, 0.008, 0.008, 0.008, 0.008, 0.008,
0.0016, 0.0016, 0.0016, 0.0016, 0.0016, 0.0016, 0.0016, 0.0016, 0.0016, 0.0016,
0.0016, 0.0016, 0.0016, 0.0016, 0.0016, 0.0016, 0.0016, 0.0016, 0.0016, 0.0016,
0.0016, 0.0016, 0.0016, 0.0016, 0.0016, 0.00032, 0.00032, 0.00032, 0.00032, 0.00032,
0.00032, 0.00032, 0.00032, 0.00032, 0.00032, 0.00032, 0.00032, 0.00032, 0.00032, 0.00032,
0.00032, 0.00032, 0.00032, 0.00032, 0.00032, 0.00032, 0.00032, 0.00032, 0.00032, 0.00032]
[3, 6, 10, 18, 8, 19, 12, 9, 18, 9,
19, 7, 15, 3, 0, 18, 10, 20, 20, 12,
7, 17, 17, 15, 19, 14, 8, 6, 13, 19,
16, 17, 20, 2, 9, 2, 0, 10, 0, 9,
5, 12, 1, 16, 3, 5, 8, 0, 13, 0,
11, 12, 19, 6, 3, 14, 16, 19, 0, 10,
4, 20, 14, 18, 19, 3, 19, 0, 15, 12,
20, 1, 6, 9, 13, 6, 10, 7, 3, 6,
18, 9, 4, 9, 12, 13, 1, 1, 12, 10,
7, 20, 20, 18, 4, 20, 11, 14, 15, 12,
20, 16, 16, 4, 5, 10, 8, 4, 9, 5,
3, 13, 9, 7, 7, 10, 19, 6, 18, 19,
2, 10, 14, 13, 16, 14, 18, 9, 12, 8]
------------------------------------------------------- 
# stage = 6	# children c = 5	length of each stage p = 5	nodes = 129	# items I = 1
