[50, 24, 38, 15, 76, 34, 42, 34, 85, 97,
58, 43, 90, 38, 76, 30, 99, 40, 95, 100,
89, 68, 41, 17, 59, 85, 12, 71, 25, 73,
63, 41, 97, 67, 57, 38, 67, 99, 72, 17,
62, 97, 60, 51, 34, 1, 81, 99, 8, 76,
64, 63, 9, 71, 46, 34, 56, 58, 5, 47,
31, 34, 88, 94, 67, 44, 32, 34, 43]
[[169, 474, 883], [655, 23, 993], [836, 664, 565], [132, 888, 845], [414, 233, 119], [856, 1063, 899], [426, 779, 1108], [977, 684, 433], [66, 831, 724], [848, 593, 1028],
[1059, 1119, 351], [791, 623, 731], [991, 308, 244], [405, 797, 339], [456, 60, 929], [932, 122, 841], [681, 549, 469], [995, 732, 359], [277, 798, 39], [1001, 853, 989],
[878, 761, 163], [435, 759, 786], [15, 599, 300], [617, 210, 303], [956, 667, 364], [734, 448, 486], [781, 335, 241], [456, 179, 974], [815, 456, 978], [60, 664, 680],
[1050, 391, 648], [62, 33, 256], [55, 48, 61], [712, 665, 271], [1016, 827, 144], [586, 410, 950], [1072, 397, 134], [520, 853, 314], [700, 517, 1127], [527, 935, 640],
[414, 40, 238], [268, 459, 628], [881, 871, 676], [942, 433, 548], [419, 298, 224], [564, 884, 635], [720, 11, 1032], [854, 888, 1092], [374, 437, 815], [708, 171, 599],
[197, 942, 996], [792, 59, 305], [269, 940, 25], [152, 1088, 458], [700, 713, 1113], [130, 483, 52], [765, 52, 64], [1004, 113, 158], [151, 487, 596], [966, 44, 1124],
[772, 599, 915], [617, 597, 180], [922, 73, 1120], [154, 225, 263], [969, 131, 976], [138, 261, 309], [190, 233, 718], [611, 443, 831], [770, 594, 168]]
[[7, 5, 2, 4], [3, 4, 3, 9], [6, 2, 0, 4], [2, 5, 6, 5], [0, 9, 6, 1], [8, 3, 10, 7], [9, 7, 6, 0], [10, 1, 5, 5], [6, 5, 7, 7], [9, 9, 6, 4],
[0, 4, 9, 3], [10, 4, 6, 10], [0, 1, 0, 9], [2, 8, 3, 9], [5, 7, 7, 2], [8, 10, 5, 2], [4, 0, 9, 2], [9, 2, 5, 9], [7, 3, 10, 4], [5, 3, 3, 3],
[2, 2, 1, 4], [8, 3, 1, 2], [10, 8, 3, 8], [8, 6, 8, 1], [6, 6, 2, 4], [7, 7, 1, 1], [8, 9, 5, 0], [2, 6, 3, 4], [8, 3, 7, 6], [6, 8, 6, 5],
[5, 7, 0, 0], [3, 8, 2, 7], [2, 2, 1, 9], [7, 0, 8, 2], [7, 2, 2, 9], [6, 5, 1, 4], [6, 6, 8, 1], [3, 1, 5, 6], [9, 3, 7, 10], [1, 7, 6, 3],
[9, 5, 10, 3], [3, 7, 5, 0], [7, 7, 7, 2], [10, 8, 4, 6], [3, 1, 5, 4], [3, 10, 9, 10], [3, 5, 9, 2], [10, 4, 3, 6], [8, 2, 9, 0], [7, 3, 0, 3],
[8, 8, 3, 7], [3, 8, 0, 5], [7, 4, 9, 8], [1, 7, 7, 2], [10, 5, 4, 9], [8, 7, 4, 3], [7, 0, 3, 1], [3, 4, 2, 9], [10, 6, 4, 0], [1, 4, 5, 8],
[6, 2, 4, 8], [9, 0, 10, 7], [4, 2, 3, 10], [7, 6, 2, 4], [6, 5, 3, 8], [7, 6, 6, 4], [10, 10, 5, 9], [2, 10, 4, 8], [1, 8, 3, 9]]
[1, 1, 1, 0.5, 0.5, 0.5, 0.5, 0.5, 0.5, 0.25,
0.25, 0.25, 0.25, 0.25, 0.25, 0.125, 0.125, 0.125, 0.125, 0.125,
0.125, 0.0625, 0.0625, 0.0625, 0.0625, 0.0625, 0.0625, 0.03125, 0.03125, 0.03125,
0.03125, 0.03125, 0.03125, 0.015625, 0.015625, 0.015625, 0.015625, 0.015625, 0.015625, 0.0078125,
0.0078125, 0.0078125, 0.0078125, 0.0078125, 0.0078125, 0.00390625, 0.00390625, 0.00390625, 0.00390625, 0.00390625,
0.00390625, 0.00195312, 0.00195312, 0.00195312, 0.00195312, 0.00195312, 0.00195312, 0.000976562, 0.000976562, 0.000976562,
0.000976562, 0.000976562, 0.000976562, 0.000488281, 0.000488281, 0.000488281, 0.000488281, 0.000488281, 0.000488281]
[10, 1, 9, 3, 8, 10, 6, 5, 2, 3,
10, 11, 5, 0, 0, 3, 3, 4, 3, 5,
9, 2, 10, 2, 11, 6, 4, 11, 8, 2,
7, 11, 5, 2, 7, 3, 7, 0, 8, 10,
0, 1, 2, 5, 8, 10, 4, 9, 10, 5,
3, 6, 5, 1, 8, 4, 8, 4, 2, 0,
8, 9, 8, 9, 2, 8, 10, 0, 8]
------------------------------------------------------- 
# stage = 12	# children c = 2	length of each stage p = 3	nodes = 68	# items I = 1
