[4, 97, 8, 54, 53, 44, 64, 8, 68, 12,
41, 80, 3, 45, 93, 3, 64, 13, 3, 94,
95, 18, 70, 16, 69, 86, 97, 31, 47, 54,
90, 18, 16, 99, 38, 36, 42, 1, 44, 77,
81, 85, 22, 84, 96, 14, 87, 26, 28, 90,
86, 89, 74, 56, 71, 42, 7, 67, 73, 20,
88, 63, 38, 3, 27, 77, 5, 35, 44]
[[240, 149, 1042], [234, 666, 411], [391, 618, 667], [646, 1017, 278], [991, 631, 1049], [10, 948, 433], [449, 1002, 298], [858, 941, 460], [713, 746, 586], [32, 538, 652],
[947, 778, 148], [904, 1012, 161], [663, 318, 779], [245, 312, 711], [955, 218, 257], [919, 661, 552], [699, 457, 469], [997, 231, 758], [804, 944, 419], [738, 976, 957],
[305, 186, 650], [886, 437, 1009], [1047, 447, 243], [742, 693, 987], [800, 563, 120], [405, 830, 128], [957, 876, 586], [342, 136, 164], [447, 287, 23], [866, 1025, 346],
[86, 678, 964], [83, 479, 317], [8, 441, 764], [683, 530, 804], [585, 246, 715], [52, 1083, 460], [181, 955, 683], [114, 644, 819], [710, 6, 22], [733, 873, 394],
[426, 306, 1072], [306, 389, 898], [1055, 397, 687], [734, 427, 132], [454, 1012, 810], [84, 1065, 808], [976, 593, 26], [574, 54, 670], [741, 764, 677], [763, 844, 897],
[504, 185, 118], [492, 923, 939], [305, 893, 252], [992, 975, 679], [472, 344, 1039], [629, 860, 366], [785, 98, 959], [811, 19, 1013], [396, 760, 39], [420, 870, 883],
[664, 290, 415], [782, 129, 254], [637, 866, 494], [236, 121, 384], [262, 593, 75], [216, 569, 935], [582, 269, 380], [888, 1080, 400], [163, 824, 507]]
[[1, 3, 8, 7], [6, 3, 5, 7], [3, 5, 0, 0], [8, 6, 5, 8], [8, 0, 7, 1], [0, 4, 10, 5], [0, 6, 1, 6], [8, 3, 8, 7], [4, 3, 1, 0], [6, 4, 5, 8],
[9, 5, 8, 5], [9, 0, 0, 4], [0, 8, 5, 1], [10, 2, 4, 10], [7, 6, 4, 4], [7, 10, 9, 0], [2, 8, 0, 9], [2, 5, 6, 9], [8, 1, 1, 6], [10, 2, 0, 0],
[8, 3, 10, 7], [4, 3, 4, 0], [7, 8, 2, 3], [7, 9, 4, 8], [6, 2, 4, 8], [6, 8, 5, 3], [9, 6, 10, 8], [8, 8, 6, 3], [9, 3, 10, 0], [7, 4, 0, 1],
[10, 2, 3, 5], [0, 5, 2, 5], [7, 6, 0, 0], [1, 5, 4, 10], [1, 1, 5, 7], [7, 10, 0, 5], [2, 8, 4, 7], [1, 4, 9, 1], [5, 1, 6, 3], [4, 6, 8, 0],
[10, 9, 1, 0], [1, 3, 8, 0], [4, 2, 6, 0], [10, 4, 3, 2], [1, 7, 9, 1], [10, 5, 2, 2], [6, 6, 5, 10], [10, 1, 9, 7], [8, 8, 7, 7], [9, 2, 8, 2],
[2, 3, 0, 2], [7, 1, 4, 6], [7, 2, 7, 6], [6, 7, 8, 1], [0, 0, 10, 10], [10, 6, 6, 5], [1, 0, 2, 10], [2, 10, 10, 5], [0, 10, 7, 5], [9, 0, 0, 5],
[0, 8, 9, 6], [2, 4, 6, 3], [3, 3, 2, 2], [7, 7, 8, 6], [7, 8, 5, 10], [5, 2, 2, 5], [10, 9, 8, 8], [7, 6, 3, 5], [3, 1, 10, 6]]
[1, 1, 1, 0.5, 0.5, 0.5, 0.5, 0.5, 0.5, 0.25,
0.25, 0.25, 0.25, 0.25, 0.25, 0.125, 0.125, 0.125, 0.125, 0.125,
0.125, 0.0625, 0.0625, 0.0625, 0.0625, 0.0625, 0.0625, 0.03125, 0.03125, 0.03125,
0.03125, 0.03125, 0.03125, 0.015625, 0.015625, 0.015625, 0.015625, 0.015625, 0.015625, 0.0078125,
0.0078125, 0.0078125, 0.0078125, 0.0078125, 0.0078125, 0.00390625, 0.00390625, 0.00390625, 0.00390625, 0.00390625,
0.00390625, 0.00195312, 0.00195312, 0.00195312, 0.00195312, 0.00195312, 0.00195312, 0.000976562, 0.000976562, 0.000976562,
0.000976562, 0.000976562, 0.000976562, 0.000488281, 0.000488281, 0.000488281, 0.000488281, 0.000488281, 0.000488281]
[8, 10, 6, 3, 7, 5, 14, 8, 17, 1,
19, 18, 7, 15, 15, 16, 19, 6, 8, 4,
7, 7, 7, 3, 2, 6, 19, 13, 7, 2,
12, 19, 21, 10, 10, 18, 19, 13, 13, 5,
19, 10, 10, 17, 5, 15, 14, 2, 15, 19,
20, 16, 13, 18, 2, 18, 8, 10, 7, 12,
1, 5, 15, 4, 15, 7, 11, 6, 9]
------------------------------------------------------- 
# stage = 12	# children c = 2	length of each stage p = 3	nodes = 68	# items I = 1
