[51, 33, 81, 48, 90, 22, 20, 72, 45, 8,
44, 79, 40, 2, 28, 33, 23, 11, 17, 44,
82, 38, 89, 13, 27, 26, 20, 13, 47, 60,
89, 64]
[[26, 25, 181], [876, 1025, 900], [821, 849, 770], [193, 383, 756], [907, 126, 757], [308, 360, 574], [989, 786, 659], [47, 619, 691], [489, 207, 313], [356, 289, 544],
[983, 1019, 569], [787, 813, 134], [605, 552, 983], [293, 368, 988], [672, 897, 32], [1051, 124, 393], [543, 31, 97], [825, 782, 339], [434, 893, 546], [747, 167, 835],
[913, 773, 394], [400, 478, 126], [156, 1, 300], [57, 999, 668], [667, 589, 484], [699, 558, 230], [714, 724, 965], [812, 467, 287], [773, 523, 99], [237, 188, 266],
[695, 19, 1039], [7, 41, 57]]
[[8, 7, 8, 6], [1, 4, 4, 0], [6, 10, 1, 0], [8, 10, 0, 2], [10, 8, 7, 2], [5, 10, 10, 4], [2, 5, 0, 2], [9, 2, 8, 6], [7, 6, 10, 6], [8, 1, 5, 2],
[9, 4, 2, 6], [3, 0, 6, 0], [8, 2, 0, 1], [2, 10, 3, 2], [2, 4, 3, 1], [4, 0, 5, 9], [4, 3, 3, 0], [4, 8, 2, 3], [10, 2, 7, 0], [2, 3, 9, 8],
[3, 10, 7, 3], [7, 0, 6, 10], [2, 7, 9, 6], [7, 3, 2, 10], [4, 5, 10, 9], [0, 10, 10, 10], [10, 6, 10, 10], [7, 7, 5, 0], [6, 2, 3, 2], [2, 7, 10, 4],
[3, 8, 8, 9], [10, 10, 8, 3]]
[1, 1, 0.333333, 0.333333, 0.333333, 0.333333, 0.333333, 0.333333, 0.111111, 0.111111,
0.111111, 0.111111, 0.111111, 0.111111, 0.037037, 0.037037, 0.037037, 0.037037, 0.037037, 0.037037,
0.0123457, 0.0123457, 0.0123457, 0.0123457, 0.0123457, 0.0123457, 0.00411523, 0.00411523, 0.00411523, 0.00411523,
0.00411523, 0.00411523]
[7, 6, 18, 11, 12, 15, 7, 15, 12, 14,
0, 21, 4, 2, 21, 19, 12, 18, 12, 21,
16, 7, 2, 12, 11, 16, 21, 18, 8, 14,
7, 14]
------------------------------------------------------- 
# stage = 6	# children c = 3	length of each stage p = 2	nodes = 31	# items I = 1
