[59, 26, 23, 55, 94, 56, 70, 52, 50, 15,
38, 74, 87, 78, 78, 7, 38, 6, 60, 39,
64, 91, 21, 36, 72, 53, 12, 73, 14, 16,
34, 73, 42, 23, 27, 1, 80, 98, 53, 96,
79, 57, 69, 65, 0, 12, 73, 39, 86, 32,
44, 49, 89, 31, 52, 60, 84, 64, 33, 64,
46, 33, 36, 55, 56, 29, 56, 1, 93]
[[1097, 190, 1891], [480, 1433, 1611], [599, 1747, 1068], [1118, 1881, 284], [1411, 279, 516], [1148, 1672, 1380], [965, 753, 1950], [1943, 957, 1861], [1368, 382, 734], [354, 1503, 58],
[610, 1317, 248], [530, 1797, 397], [169, 1113, 861], [1925, 259, 1458], [237, 1670, 1737], [753, 1534, 1437], [850, 1215, 907], [1516, 1187, 1864], [1405, 583, 962], [856, 1625, 1182],
[914, 263, 527], [1850, 1481, 1040], [964, 367, 181], [1825, 1008, 440], [27, 1934, 827], [1764, 1403, 389], [1917, 969, 321], [1540, 513, 1508], [148, 635, 807], [1799, 1491, 460],
[1009, 433, 1411], [252, 999, 921], [8, 1963, 4], [190, 532, 1012], [1318, 559, 974], [861, 1039, 1094], [1251, 1673, 91], [288, 1241, 605], [1796, 106, 1928], [1319, 1905, 1447],
[1779, 942, 596], [1218, 1882, 1595], [855, 1890, 303], [1547, 796, 1523], [1276, 143, 799], [966, 1004, 554], [88, 971, 943], [180, 1947, 901], [1473, 1771, 1007], [1429, 1806, 940],
[1592, 1613, 598], [216, 1548, 508], [527, 1119, 426], [1518, 1383, 1223], [1758, 687, 82], [585, 1653, 1774], [1139, 1742, 1462], [799, 638, 1437], [1700, 139, 1925], [735, 1568, 1759],
[1675, 1876, 117], [301, 808, 381], [1497, 1335, 1500], [1923, 1570, 911], [1862, 1356, 1598], [660, 1941, 1968], [1151, 1796, 1738], [641, 623, 404], [106, 351, 1231]]
[[8, 5, 1, 7], [8, 0, 10, 7], [0, 9, 2, 6], [3, 10, 3, 8], [7, 0, 0, 4], [1, 3, 1, 5], [0, 10, 8, 5], [4, 2, 9, 1], [7, 10, 6, 4], [8, 3, 9, 7],
[1, 9, 2, 2], [9, 4, 10, 5], [4, 10, 7, 3], [0, 9, 8, 0], [6, 3, 4, 10], [5, 2, 9, 10], [10, 3, 2, 5], [6, 0, 1, 8], [10, 2, 8, 6], [6, 8, 0, 8],
[5, 8, 0, 4], [4, 6, 4, 10], [9, 6, 8, 2], [6, 4, 1, 5], [7, 1, 9, 3], [0, 8, 9, 8], [10, 6, 3, 3], [1, 3, 9, 7], [9, 9, 9, 2], [2, 0, 0, 1],
[7, 8, 1, 2], [1, 0, 6, 9], [2, 4, 1, 2], [1, 10, 10, 10], [3, 2, 2, 5], [3, 1, 10, 2], [8, 8, 2, 0], [8, 2, 10, 4], [10, 0, 5, 10], [0, 0, 8, 2],
[2, 7, 2, 3], [4, 1, 2, 7], [1, 3, 10, 5], [2, 9, 5, 10], [4, 7, 8, 2], [10, 7, 4, 7], [5, 7, 6, 6], [7, 1, 6, 9], [6, 9, 0, 10], [8, 0, 5, 8],
[3, 4, 2, 3], [1, 5, 1, 5], [1, 9, 5, 9], [4, 10, 6, 9], [6, 10, 2, 1], [1, 9, 8, 5], [5, 8, 5, 2], [7, 8, 8, 8], [10, 8, 1, 0], [2, 2, 6, 4],
[9, 0, 0, 2], [8, 4, 10, 2], [4, 1, 1, 3], [10, 9, 8, 4], [5, 0, 5, 1], [8, 2, 9, 8], [0, 8, 6, 0], [8, 10, 2, 7], [0, 3, 7, 6]]
[1, 1, 1, 0.5, 0.5, 0.5, 0.5, 0.5, 0.5, 0.25,
0.25, 0.25, 0.25, 0.25, 0.25, 0.125, 0.125, 0.125, 0.125, 0.125,
0.125, 0.0625, 0.0625, 0.0625, 0.0625, 0.0625, 0.0625, 0.03125, 0.03125, 0.03125,
0.03125, 0.03125, 0.03125, 0.015625, 0.015625, 0.015625, 0.015625, 0.015625, 0.015625, 0.0078125,
0.0078125, 0.0078125, 0.0078125, 0.0078125, 0.0078125, 0.00390625, 0.00390625, 0.00390625, 0.00390625, 0.00390625,
0.00390625, 0.00195312, 0.00195312, 0.00195312, 0.00195312, 0.00195312, 0.00195312, 0.000976562, 0.000976562, 0.000976562,
0.000976562, 0.000976562, 0.000976562, 0.000488281, 0.000488281, 0.000488281, 0.000488281, 0.000488281, 0.000488281]
[8, 7, 1, 4, 5, 4, 5, 1, 8, 4,
7, 8, 6, 7, 5, 8, 5, 9, 1, 3,
7, 7, 0, 7, 0, 0, 2, 3, 4, 1,
3, 2, 0, 5, 9, 9, 8, 0, 9, 4,
3, 0, 3, 6, 6, 8, 0, 7, 6, 3,
7, 5, 0, 8, 8, 2, 9, 9, 0, 3,
6, 7, 5, 8, 1, 0, 5, 6, 6]
------------------------------------------------------- 
# stage = 12	# children c = 2	length of each stage p = 3	nodes = 68	# items I = 1
