[41, 16, 93, 82, 0, 40, 74, 42, 23, 52,
89, 45, 86, 99, 51, 75, 35, 43, 86, 75,
49, 5, 100, 64, 2, 87, 37, 66, 60, 72,
9, 67, 54, 68, 49, 55, 75, 22, 63, 98,
40, 51, 42, 25, 50, 59, 66, 51, 68, 51,
25, 83, 23, 91, 47, 25, 43, 84, 58, 70,
21, 67, 36, 75, 35, 85, 96, 76, 73, 59,
73, 12, 9, 81, 3, 25, 40, 69, 76, 74,
87, 67, 57, 76, 23, 70, 0, 67, 53, 24,
36, 74, 92, 72, 14, 93, 23, 10, 68, 96,
35, 6, 75, 44, 87, 44, 36, 93, 80, 11]
[[1014, 1173, 839], [983, 1333, 572], [1552, 329, 552], [1191, 1146, 193], [1032, 556, 85], [690, 1132, 1236], [1191, 304, 510], [1521, 1640, 1703], [1264, 682, 1380], [766, 1564, 1709],
[1121, 817, 621], [1460, 1301, 193], [271, 592, 23], [323, 1283, 1169], [516, 554, 1225], [102, 744, 596], [1338, 174, 900], [1349, 1695, 279], [1291, 1198, 962], [410, 1464, 265],
[1619, 324, 1082], [1740, 24, 122], [1434, 1556, 714], [1457, 119, 236], [365, 135, 290], [1590, 237, 1034], [1686, 1076, 1208], [326, 164, 642], [605, 955, 1340], [1067, 1365, 543],
[1332, 723, 868], [154, 702, 392], [276, 375, 1448], [491, 1332, 1567], [227, 1697, 1203], [18, 1526, 940], [1052, 952, 255], [0, 1278, 1680], [142, 1383, 874], [983, 690, 1739],
[1526, 1522, 701], [633, 1676, 904], [525, 1453, 779], [213, 183, 351], [1280, 1671, 287], [722, 1689, 1314], [1663, 481, 505], [1418, 1742, 1283], [1338, 123, 905], [1712, 1106, 1595],
[1691, 372, 1357], [631, 505, 772], [1535, 1031, 464], [554, 744, 147], [405, 263, 58], [192, 986, 1247], [1506, 388, 1728], [1511, 1306, 1709], [533, 883, 1333], [1439, 835, 178],
[773, 265, 550], [1630, 896, 1056], [642, 171, 1587], [606, 225, 570], [254, 630, 833], [1573, 822, 1319], [1059, 68, 1707], [527, 1079, 1253], [475, 1113, 1636], [1308, 791, 210],
[1487, 1064, 475], [1537, 934, 872], [332, 1076, 1043], [158, 1182, 768], [228, 1436, 898], [1062, 1248, 1720], [120, 47, 1288], [1328, 574, 107], [320, 549, 1220], [195, 97, 1511],
[1667, 1084, 814], [1642, 360, 1248], [253, 693, 63], [796, 351, 1246], [1564, 580, 421], [701, 1142, 1670], [161, 1262, 1717], [949, 829, 530], [1056, 1149, 1079], [15, 845, 676],
[1526, 251, 1260], [80, 1393, 1621], [1328, 1647, 553], [1392, 682, 904], [377, 486, 984], [798, 687, 365], [707, 848, 1128], [163, 37, 1457], [193, 593, 346], [773, 109, 691],
[1449, 1135, 942], [949, 1215, 574], [309, 283, 1721], [862, 1175, 643], [1266, 1552, 1129], [490, 589, 1316], [355, 797, 404], [983, 460, 1702], [680, 654, 34], [1026, 927, 143]]
[[9, 3, 1, 9], [4, 10, 5, 4], [10, 8, 0, 8], [5, 7, 10, 2], [8, 10, 10, 2], [1, 9, 2, 4], [7, 5, 8, 7], [6, 1, 0, 4], [2, 1, 0, 4], [10, 5, 6, 9],
[2, 6, 5, 7], [0, 4, 7, 6], [1, 7, 8, 2], [3, 10, 5, 10], [5, 2, 4, 9], [1, 3, 0, 1], [2, 0, 3, 1], [5, 9, 0, 5], [3, 5, 10, 3], [7, 6, 10, 8],
[0, 5, 8, 2], [5, 2, 1, 8], [2, 4, 6, 1], [7, 6, 0, 9], [6, 3, 0, 9], [2, 9, 3, 5], [1, 0, 6, 8], [4, 3, 3, 5], [9, 0, 5, 3], [1, 4, 9, 1],
[8, 4, 3, 2], [10, 3, 10, 3], [7, 8, 1, 7], [6, 2, 1, 7], [2, 5, 2, 6], [9, 5, 9, 5], [3, 3, 8, 2], [6, 4, 4, 3], [8, 5, 4, 5], [6, 3, 8, 0],
[0, 9, 7, 4], [9, 6, 0, 9], [1, 0, 4, 8], [3, 1, 2, 6], [2, 8, 7, 8], [1, 0, 10, 7], [3, 3, 1, 9], [4, 9, 8, 4], [5, 4, 8, 3], [0, 6, 1, 10],
[6, 3, 5, 7], [2, 7, 2, 3], [2, 7, 9, 1], [5, 8, 8, 8], [9, 9, 5, 2], [5, 2, 6, 10], [6, 1, 0, 4], [5, 10, 1, 9], [0, 6, 5, 1], [0, 6, 4, 2],
[2, 2, 1, 8], [9, 9, 5, 7], [7, 8, 10, 1], [10, 3, 9, 4], [3, 7, 8, 8], [6, 8, 7, 5], [1, 1, 6, 2], [7, 10, 2, 8], [10, 4, 5, 8], [2, 8, 5, 8],
[6, 2, 7, 3], [3, 4, 7, 6], [0, 3, 2, 5], [0, 9, 10, 1], [8, 3, 1, 3], [0, 2, 0, 10], [6, 3, 8, 6], [9, 0, 1, 4], [2, 9, 8, 5], [2, 2, 10, 2],
[5, 1, 5, 3], [8, 2, 3, 3], [5, 4, 6, 5], [4, 4, 5, 10], [5, 0, 4, 4], [0, 5, 6, 0], [3, 1, 3, 3], [4, 0, 4, 9], [1, 9, 0, 7], [10, 3, 0, 4],
[5, 4, 8, 10], [9, 0, 7, 3], [0, 0, 5, 9], [4, 1, 7, 5], [2, 10, 9, 6], [0, 0, 3, 10], [7, 1, 7, 6], [4, 7, 9, 7], [0, 6, 4, 7], [6, 1, 9, 6],
[10, 3, 2, 3], [2, 9, 7, 3], [6, 3, 7, 6], [3, 8, 4, 8], [9, 9, 4, 0], [3, 0, 8, 1], [6, 10, 9, 1], [0, 5, 5, 9], [6, 5, 10, 9], [3, 6, 1, 9]]
[1, 1, 1, 1, 1, 0.333333, 0.333333, 0.333333, 0.333333, 0.333333,
0.333333, 0.333333, 0.333333, 0.333333, 0.333333, 0.333333, 0.333333, 0.333333, 0.333333, 0.333333,
0.111111, 0.111111, 0.111111, 0.111111, 0.111111, 0.111111, 0.111111, 0.111111, 0.111111, 0.111111,
0.111111, 0.111111, 0.111111, 0.111111, 0.111111, 0.037037, 0.037037, 0.037037, 0.037037, 0.037037,
0.037037, 0.037037, 0.037037, 0.037037, 0.037037, 0.037037, 0.037037, 0.037037, 0.037037, 0.037037,
0.0123457, 0.0123457, 0.0123457, 0.0123457, 0.0123457, 0.0123457, 0.0123457, 0.0123457, 0.0123457, 0.0123457,
0.0123457, 0.0123457, 0.0123457, 0.0123457, 0.0123457, 0.00411523, 0.00411523, 0.00411523, 0.00411523, 0.00411523,
0.00411523, 0.00411523, 0.00411523, 0.00411523, 0.00411523, 0.00411523, 0.00411523, 0.00411523, 0.00411523, 0.00411523,
0.00137174, 0.00137174, 0.00137174, 0.00137174, 0.00137174, 0.00137174, 0.00137174, 0.00137174, 0.00137174, 0.00137174,
0.00137174, 0.00137174, 0.00137174, 0.00137174, 0.00137174, 0.000457247, 0.000457247, 0.000457247, 0.000457247, 0.000457247,
0.000457247, 0.000457247, 0.000457247, 0.000457247, 0.000457247, 0.000457247, 0.000457247, 0.000457247, 0.000457247, 0.000457247]
[7, 5, 5, 3, 1, 2, 0, 4, 3, 1,
6, 7, 4, 4, 5, 0, 0, 5, 7, 7,
6, 5, 7, 6, 2, 8, 1, 0, 4, 4,
3, 1, 7, 6, 2, 1, 1, 4, 5, 8,
8, 0, 4, 5, 0, 3, 2, 4, 7, 1,
3, 5, 7, 1, 1, 4, 6, 7, 1, 4,
8, 1, 8, 6, 2, 2, 8, 7, 7, 3,
4, 4, 7, 6, 1, 8, 7, 1, 2, 1,
3, 8, 7, 2, 1, 0, 8, 6, 2, 4,
3, 3, 0, 5, 0, 6, 3, 0, 8, 3,
6, 7, 4, 2, 5, 1, 6, 7, 5, 4]
------------------------------------------------------- 
# stage = 8	# children c = 3	length of each stage p = 5	nodes = 109	# items I = 1
