[73, 92, 60, 64, 72, 64, 17, 62, 13, 73,
96, 56, 35, 80, 77, 83, 5, 81, 45, 85,
82, 64, 91, 81, 82, 40, 40, 49, 44, 99,
48, 83, 57, 74, 47, 28, 3, 30, 56, 83,
2, 17, 38, 38, 63, 14, 87, 68, 61, 32,
52, 8, 62, 8, 89, 43, 15, 28, 58, 59,
94, 72, 42, 50, 45, 89, 44, 48]
[[377, 640, 737], [503, 265, 937], [454, 431, 730], [275, 43, 928], [840, 577, 444], [12, 878, 526], [188, 234, 811], [177, 441, 70], [607, 394, 415], [977, 191, 580],
[614, 346, 0], [354, 849, 266], [71, 84, 475], [801, 359, 518], [510, 202, 98], [954, 990, 754], [260, 180, 988], [849, 358, 431], [919, 743, 603], [336, 500, 795],
[694, 117, 143], [694, 471, 771], [738, 542, 855], [215, 124, 216], [512, 412, 196], [388, 146, 964], [144, 406, 147], [134, 35, 283], [344, 954, 804], [947, 70, 306],
[522, 764, 423], [666, 238, 672], [217, 755, 993], [74, 970, 119], [290, 262, 309], [265, 650, 455], [231, 572, 639], [156, 707, 674], [439, 829, 408], [245, 556, 478],
[552, 81, 22], [753, 525, 38], [428, 742, 793], [423, 816, 544], [320, 884, 806], [629, 151, 237], [862, 161, 809], [503, 317, 296], [179, 757, 127], [587, 780, 684],
[843, 112, 765], [865, 866, 70], [903, 74, 812], [477, 275, 408], [23, 595, 294], [607, 4, 224], [844, 866, 385], [656, 371, 702], [952, 328, 461], [858, 693, 22],
[544, 538, 910], [89, 183, 556], [935, 864, 630], [749, 343, 905], [159, 144, 280], [231, 752, 284], [455, 598, 152], [840, 256, 301]]
[[10, 9, 8, 5], [2, 1, 4, 5], [4, 4, 1, 8], [6, 4, 9, 6], [4, 5, 3, 2], [0, 6, 4, 6], [1, 0, 6, 7], [0, 6, 2, 8], [4, 9, 2, 5], [10, 4, 10, 1],
[9, 0, 9, 2], [2, 6, 7, 5], [9, 10, 7, 9], [6, 0, 5, 7], [9, 9, 2, 9], [3, 4, 5, 5], [2, 7, 8, 10], [10, 7, 10, 6], [6, 8, 8, 6], [3, 4, 0, 1],
[2, 8, 9, 6], [6, 1, 2, 5], [8, 2, 1, 0], [5, 6, 4, 7], [1, 1, 5, 0], [7, 4, 4, 0], [10, 1, 6, 1], [4, 7, 2, 6], [4, 9, 1, 10], [10, 1, 2, 6],
[4, 4, 4, 9], [10, 8, 3, 9], [8, 6, 7, 4], [8, 0, 2, 8], [0, 8, 9, 4], [2, 9, 8, 4], [6, 7, 2, 3], [8, 4, 9, 10], [8, 1, 6, 6], [9, 8, 2, 4],
[1, 10, 6, 10], [8, 8, 5, 8], [4, 1, 10, 6], [10, 7, 9, 5], [1, 0, 9, 8], [4, 5, 5, 0], [6, 1, 4, 3], [7, 6, 7, 8], [3, 3, 5, 1], [0, 10, 7, 2],
[0, 7, 9, 9], [1, 7, 1, 3], [7, 10, 9, 9], [3, 3, 9, 9], [2, 0, 10, 9], [7, 7, 5, 8], [8, 10, 9, 6], [8, 6, 9, 8], [0, 7, 4, 1], [1, 6, 2, 6],
[5, 0, 2, 6], [2, 10, 3, 4], [10, 2, 1, 4], [9, 4, 2, 6], [1, 9, 0, 9], [4, 9, 5, 2], [3, 9, 2, 4], [4, 4, 8, 8]]
[1, 1, 0.333333, 0.333333, 0.333333, 0.333333, 0.333333, 0.333333, 0.111111, 0.111111,
0.111111, 0.111111, 0.111111, 0.111111, 0.037037, 0.037037, 0.037037, 0.037037, 0.037037, 0.037037,
0.0123457, 0.0123457, 0.0123457, 0.0123457, 0.0123457, 0.0123457, 0.00411523, 0.00411523, 0.00411523, 0.00411523,
0.00411523, 0.00411523, 0.00137174, 0.00137174, 0.00137174, 0.00137174, 0.00137174, 0.00137174, 0.000457247, 0.000457247,
0.000457247, 0.000457247, 0.000457247, 0.000457247, 0.000152416, 0.000152416, 0.000152416, 0.000152416, 0.000152416, 0.000152416,
5.08053e-05, 5.08053e-05, 5.08053e-05, 5.08053e-05, 5.08053e-05, 5.08053e-05, 1.69351e-05, 1.69351e-05, 1.69351e-05, 1.69351e-05,
1.69351e-05, 1.69351e-05, 5.64503e-06, 5.64503e-06, 5.64503e-06, 5.64503e-06, 5.64503e-06, 5.64503e-06]
[3, 6, 4, 5, 3, 7, 9, 0, 3, 1,
0, 4, 4, 7, 5, 5, 2, 5, 6, 9,
4, 7, 8, 5, 0, 8, 2, 7, 6, 1,
2, 1, 2, 5, 0, 4, 2, 1, 2, 5,
4, 5, 9, 7, 0, 9, 9, 9, 1, 4,
0, 0, 2, 6, 0, 0, 6, 5, 2, 2,
5, 7, 4, 0, 3, 8, 3, 9]
------------------------------------------------------- 
# stage = 12	# children c = 3	length of each stage p = 2	nodes = 67	# items I = 1
