[41, 58, 82, 94, 57, 53, 74, 51, 32, 98,
20, 55, 95, 42, 1, 80, 92, 55, 62, 54,
80, 54, 39, 65, 42, 81, 58, 79, 100, 7,
27, 40, 31, 75, 100, 88, 95, 73, 4, 93,
71, 92, 13, 31, 33, 14, 10, 91, 69, 72,
44, 49, 92, 49, 80, 34, 29, 37, 12, 95,
10, 5, 0, 41, 47, 0, 95, 41, 39, 100,
33, 76, 57, 46, 7, 90, 60, 17, 80, 95,
56, 90, 9, 13, 4, 89, 13, 33, 93, 93,
95, 2, 98, 95, 10, 10, 95, 4, 51, 0,
70, 50, 76, 26, 62, 83, 82, 88, 67, 27,
83, 22, 16, 58, 35, 20, 47, 49, 20, 5,
7, 14, 7, 4, 8, 84, 82, 70, 89, 32,
70, 24, 49, 45, 51, 10, 95, 99, 99, 61,
26, 47, 49, 8, 71, 84, 29, 17, 99, 15,
89, 72, 96, 97, 77, 70, 46, 24, 39, 34,
56, 75, 25, 71, 87, 42, 82, 81, 40, 46,
41, 66, 59, 90, 75, 29, 39, 70, 13, 4]
[[666, 940, 283], [990, 991, 882], [508, 41, 976], [432, 156, 653], [698, 894, 433], [1012, 249, 705], [275, 309, 363], [171, 744, 757], [84, 391, 107], [561, 536, 691],
[323, 771, 614], [175, 743, 587], [39, 233, 196], [583, 233, 939], [805, 499, 815], [806, 494, 632], [62, 337, 509], [425, 509, 235], [750, 593, 194], [857, 723, 299],
[530, 28, 52], [712, 789, 795], [868, 397, 596], [46, 980, 397], [553, 335, 896], [936, 710, 958], [551, 772, 278], [42, 765, 355], [864, 497, 516], [40, 336, 221],
[925, 434, 836], [977, 129, 607], [322, 997, 1004], [486, 611, 535], [883, 147, 438], [330, 65, 130], [270, 184, 470], [548, 227, 217], [471, 73, 714], [988, 699, 32],
[777, 607, 35], [595, 134, 164], [771, 25, 729], [757, 511, 908], [860, 963, 623], [281, 275, 257], [997, 545, 441], [450, 662, 236], [667, 115, 895], [364, 85, 577],
[982, 863, 752], [1017, 8, 886], [749, 779, 479], [460, 87, 991], [937, 515, 936], [542, 796, 193], [367, 344, 306], [809, 794, 968], [27, 11, 66], [923, 961, 737],
[50, 926, 150], [802, 493, 159], [238, 225, 506], [718, 253, 593], [259, 172, 91], [177, 283, 455], [956, 650, 799], [244, 9, 143], [195, 37, 741], [847, 528, 684],
[566, 146, 160], [717, 516, 654], [444, 754, 879], [950, 22, 114], [94, 867, 287], [185, 612, 138], [208, 550, 788], [576, 363, 798], [287, 126, 403], [10, 973, 499],
[695, 89, 645], [855, 374, 143], [491, 818, 465], [938, 319, 56], [35, 413, 923], [908, 166, 518], [28, 374, 636], [384, 518, 999], [750, 806, 107], [721, 384, 648],
[202, 647, 738], [415, 53, 94], [558, 112, 481], [592, 33, 800], [648, 68, 781], [121, 544, 947], [639, 140, 889], [258, 92, 976], [825, 843, 764], [933, 546, 716],
[131, 317, 346], [869, 732, 399], [532, 859, 511], [581, 433, 544], [949, 649, 180], [712, 770, 292], [209, 978, 432], [666, 804, 525], [624, 611, 936], [956, 94, 464],
[655, 226, 349], [569, 663, 64], [968, 763, 491], [461, 326, 492], [574, 843, 123], [322, 537, 461], [615, 314, 1007], [29, 981, 793], [122, 155, 973], [40, 94, 635],
[73, 317, 429], [422, 886, 661], [54, 404, 406], [545, 433, 301], [19, 1007, 126], [728, 312, 232], [758, 927, 546], [315, 524, 77], [91, 215, 233], [632, 841, 913],
[249, 914, 798], [247, 905, 234], [908, 959, 638], [296, 55, 53], [165, 660, 43], [878, 957, 941], [92, 697, 418], [206, 1012, 510], [284, 671, 725], [85, 871, 549],
[566, 689, 13], [346, 936, 918], [580, 826, 428], [786, 690, 483], [839, 856, 711], [450, 716, 650], [373, 376, 915], [359, 150, 478], [870, 2, 131], [145, 673, 571],
[694, 221, 242], [276, 567, 160], [176, 715, 554], [172, 483, 226], [223, 891, 64], [935, 323, 348], [567, 265, 292], [33, 624, 11], [511, 44, 13], [210, 190, 687],
[781, 452, 908], [5, 728, 26], [751, 473, 309], [287, 645, 793], [514, 869, 666], [146, 354, 557], [63, 489, 822], [941, 522, 1015], [952, 15, 41], [966, 226, 231],
[635, 575, 252], [93, 149, 548], [705, 900, 3], [1015, 756, 217], [358, 838, 68], [592, 984, 422], [131, 615, 911], [522, 539, 1002], [519, 473, 1017], [560, 421, 811]]
[[6, 4, 9, 0], [2, 10, 7, 3], [10, 0, 4, 4], [3, 0, 9, 8], [1, 2, 9, 1], [1, 0, 7, 8], [9, 2, 2, 8], [8, 2, 9, 3], [6, 5, 1, 7], [3, 9, 10, 0],
[7, 1, 4, 10], [0, 1, 6, 1], [1, 2, 0, 1], [3, 8, 9, 10], [10, 9, 5, 8], [0, 3, 9, 5], [7, 0, 1, 10], [7, 9, 10, 3], [8, 2, 0, 8], [1, 6, 10, 2],
[7, 10, 3, 10], [5, 2, 9, 3], [0, 4, 9, 10], [5, 7, 4, 1], [7, 3, 9, 1], [10, 9, 4, 7], [9, 5, 3, 10], [9, 2, 1, 5], [10, 3, 4, 3], [5, 1, 6, 3],
[3, 4, 2, 6], [9, 4, 6, 4], [5, 4, 5, 4], [0, 10, 1, 9], [4, 4, 6, 2], [4, 8, 8, 1], [9, 10, 2, 3], [0, 8, 4, 1], [10, 5, 8, 9], [7, 3, 2, 2],
[5, 5, 6, 6], [4, 5, 2, 6], [7, 9, 7, 9], [4, 2, 9, 2], [1, 0, 3, 0], [7, 7, 1, 6], [10, 7, 2, 7], [8, 2, 9, 3], [8, 2, 9, 1], [6, 0, 6, 2],
[9, 2, 10, 2], [4, 8, 2, 3], [8, 5, 3, 2], [2, 3, 9, 10], [8, 9, 6, 6], [1, 2, 9, 9], [3, 7, 8, 9], [5, 3, 0, 2], [3, 10, 2, 7], [5, 5, 0, 1],
[10, 1, 3, 10], [2, 10, 10, 0], [9, 3, 6, 10], [4, 2, 6, 7], [9, 1, 5, 1], [5, 3, 3, 6], [1, 4, 3, 6], [9, 1, 7, 6], [0, 9, 4, 3], [8, 1, 3, 4],
[2, 7, 3, 6], [9, 7, 2, 5], [9, 5, 4, 1], [9, 6, 7, 10], [10, 8, 3, 6], [9, 9, 10, 10], [7, 3, 0, 2], [2, 3, 7, 5], [8, 8, 0, 4], [3, 1, 9, 1],
[4, 2, 0, 2], [8, 7, 10, 5], [5, 1, 0, 1], [10, 0, 9, 4], [1, 9, 4, 4], [10, 0, 9, 7], [7, 7, 9, 10], [6, 7, 9, 0], [8, 9, 0, 3], [5, 0, 9, 8],
[1, 7, 10, 9], [5, 6, 0, 5], [5, 4, 9, 2], [3, 5, 8, 10], [10, 6, 7, 6], [1, 3, 6, 9], [1, 6, 10, 4], [4, 6, 0, 3], [3, 8, 10, 6], [3, 10, 0, 6],
[4, 9, 9, 7], [1, 6, 4, 1], [1, 9, 5, 0], [1, 0, 9, 0], [4, 7, 2, 9], [2, 2, 10, 5], [10, 10, 1, 1], [9, 10, 7, 0], [7, 3, 5, 8], [9, 7, 7, 9],
[5, 1, 9, 4], [10, 6, 2, 4], [2, 5, 0, 4], [5, 10, 8, 3], [7, 7, 4, 6], [6, 9, 4, 2], [2, 10, 9, 9], [6, 5, 7, 10], [5, 4, 1, 4], [8, 4, 6, 10],
[7, 4, 1, 10], [4, 7, 2, 0], [3, 4, 4, 8], [1, 9, 8, 3], [6, 6, 1, 1], [10, 7, 9, 2], [9, 0, 6, 6], [2, 0, 3, 7], [4, 2, 4, 6], [10, 7, 5, 2],
[9, 9, 8, 10], [5, 6, 0, 0], [10, 0, 0, 9], [5, 9, 9, 3], [7, 5, 7, 7], [3, 8, 1, 7], [10, 6, 3, 9], [0, 6, 10, 9], [4, 7, 7, 8], [2, 5, 6, 0],
[3, 6, 7, 8], [3, 6, 9, 8], [9, 3, 3, 1], [0, 4, 6, 0], [10, 9, 7, 10], [4, 6, 7, 7], [1, 1, 2, 1], [4, 8, 1, 8], [2, 9, 3, 3], [4, 2, 9, 2],
[5, 1, 1, 4], [4, 7, 2, 1], [4, 9, 1, 6], [3, 6, 2, 4], [5, 2, 3, 9], [9, 5, 4, 9], [1, 8, 1, 5], [8, 8, 5, 2], [8, 6, 4, 1], [2, 6, 2, 4],
[3, 1, 0, 6], [5, 0, 8, 10], [3, 0, 7, 1], [3, 9, 10, 4], [6, 9, 7, 3], [4, 1, 4, 1], [5, 8, 0, 6], [2, 3, 10, 5], [2, 10, 9, 8], [0, 6, 5, 1],
[4, 10, 0, 8], [9, 8, 1, 4], [4, 7, 6, 8], [6, 10, 8, 1], [5, 8, 5, 5], [0, 2, 10, 1], [0, 8, 9, 9], [1, 1, 10, 6], [1, 10, 1, 10], [5, 0, 1, 9]]
[1, 1, 1, 1, 1, 0.2, 0.2, 0.2, 0.2, 0.2,
0.2, 0.2, 0.2, 0.2, 0.2, 0.2, 0.2, 0.2, 0.2, 0.2,
0.2, 0.2, 0.2, 0.2, 0.2, 0.2, 0.2, 0.2, 0.2, 0.2,
0.04, 0.04, 0.04, 0.04, 0.04, 0.04, 0.04, 0.04, 0.04, 0.04,
0.04, 0.04, 0.04, 0.04, 0.04, 0.04, 0.04, 0.04, 0.04, 0.04,
0.04, 0.04, 0.04, 0.04, 0.04, 0.008, 0.008, 0.008, 0.008, 0.008,
0.008, 0.008, 0.008, 0.008, 0.008, 0.008, 0.008, 0.008, 0.008, 0.008,
0.008, 0.008, 0.008, 0.008, 0.008, 0.008, 0.008, 0.008, 0.008, 0.008,
0.0016, 0.0016, 0.0016, 0.0016, 0.0016, 0.0016, 0.0016, 0.0016, 0.0016, 0.0016,
0.0016, 0.0016, 0.0016, 0.0016, 0.0016, 0.0016, 0.0016, 0.0016, 0.0016, 0.0016,
0.0016, 0.0016, 0.0016, 0.0016, 0.0016, 0.00032, 0.00032, 0.00032, 0.00032, 0.00032,
0.00032, 0.00032, 0.00032, 0.00032, 0.00032, 0.00032, 0.00032, 0.00032, 0.00032, 0.00032,
0.00032, 0.00032, 0.00032, 0.00032, 0.00032, 0.00032, 0.00032, 0.00032, 0.00032, 0.00032,
6.4e-05, 6.4e-05, 6.4e-05, 6.4e-05, 6.4e-05, 6.4e-05, 6.4e-05, 6.4e-05, 6.4e-05, 6.4e-05,
6.4e-05, 6.4e-05, 6.4e-05, 6.4e-05, 6.4e-05, 6.4e-05, 6.4e-05, 6.4e-05, 6.4e-05, 6.4e-05,
6.4e-05, 6.4e-05, 6.4e-05, 6.4e-05, 6.4e-05, 1.28e-05, 1.28e-05, 1.28e-05, 1.28e-05, 1.28e-05,
1.28e-05, 1.28e-05, 1.28e-05, 1.28e-05, 1.28e-05, 1.28e-05, 1.28e-05, 1.28e-05, 1.28e-05, 1.28e-05,
1.28e-05, 1.28e-05, 1.28e-05, 1.28e-05, 1.28e-05, 1.28e-05, 1.28e-05, 1.28e-05, 1.28e-05, 1.28e-05]
[2, 5, 7, 5, 1, 1, 8, 10, 2, 1,
3, 10, 4, 3, 2, 9, 4, 8, 5, 2,
10, 4, 7, 5, 3, 1, 1, 6, 7, 0,
3, 10, 0, 6, 8, 9, 8, 10, 3, 9,
6, 0, 7, 10, 0, 0, 6, 9, 5, 10,
0, 5, 7, 6, 5, 4, 0, 6, 6, 0,
1, 7, 6, 1, 9, 7, 4, 3, 4, 9,
1, 7, 0, 6, 4, 10, 0, 0, 8, 3,
8, 1, 10, 9, 9, 8, 5, 7, 3, 9,
5, 0, 10, 9, 8, 1, 10, 4, 4, 9,
7, 0, 10, 2, 7, 8, 6, 3, 4, 1,
1, 4, 3, 6, 9, 6, 8, 3, 0, 7,
4, 4, 8, 5, 7, 2, 7, 3, 2, 2,
10, 1, 1, 1, 6, 4, 9, 9, 5, 8,
6, 6, 4, 8, 4, 2, 5, 9, 4, 5,
4, 9, 6, 8, 6, 8, 10, 0, 9, 6,
6, 3, 0, 4, 8, 2, 5, 0, 4, 7,
8, 8, 5, 0, 3, 1, 3, 8, 4, 5]
------------------------------------------------------- 
# stage = 8	# children c = 5	length of each stage p = 5	nodes = 179	# items I = 1
