[9, 13, 29, 75, 85, 2, 77, 86, 96, 32,
36, 0, 97, 72, 87, 63, 12, 60, 90, 23]
[[102, 48, 804], [1783, 291, 1054], [483, 86, 37], [406, 1479, 712], [1727, 340, 1783], [1530, 1555, 1572], [630, 170, 1709], [610, 238, 186], [361, 1865, 1481], [1593, 2030, 1833],
[350, 92, 1881], [1154, 1748, 5], [41, 63, 91], [78, 469, 1442], [790, 28, 1782], [406, 1559, 1170], [1850, 21, 1340], [1520, 631, 1450], [1706, 864, 1147], [1147, 289, 1137]]
[[8, 1, 4, 10], [7, 4, 5, 1], [6, 6, 1, 8], [0, 10, 6, 10], [8, 4, 6, 2], [1, 10, 1, 8], [2, 2, 9, 9], [9, 7, 3, 6], [8, 5, 5, 3], [8, 10, 4, 3],
[3, 5, 0, 4], [3, 5, 3, 9], [7, 7, 0, 8], [4, 10, 4, 7], [1, 2, 3, 9], [7, 5, 4, 3], [10, 8, 6, 7], [7, 10, 9, 9], [2, 9, 2, 5], [1, 3, 1, 9]]
[1, 1, 0.333333, 0.333333, 0.333333, 0.333333, 0.333333, 0.333333, 0.111111, 0.111111,
0.111111, 0.111111, 0.111111, 0.111111, 0.037037, 0.037037, 0.037037, 0.037037, 0.037037, 0.037037]
[3, 4, 2, 10, 8, 1, 2, 7, 10, 4,
4, 9, 0, 4, 1, 7, 7, 2, 8, 8]
------------------------------------------------------- 
# stage = 4	# children c = 3	length of each stage p = 2	nodes = 19	# items I = 1
