[100, 88, 49, 83, 32, 93, 64, 68, 63, 80,
85, 68, 37, 45, 66, 20, 26, 51, 45, 28,
22, 63, 46, 4, 79, 76, 99, 95, 63, 48,
79, 28, 35, 95, 10, 34, 87, 74, 68, 16,
19, 53, 50, 56, 64, 15, 42, 56, 66, 54,
84, 54, 16, 30, 59, 62, 5, 57, 56, 34,
71, 34, 62, 73, 28, 38, 73, 82, 11, 6,
98, 97, 59, 47, 18, 89, 28, 60, 44, 94,
13, 28, 48, 97, 24, 73, 58, 96, 29, 80,
96, 66, 13, 57, 4, 8, 61, 77, 56, 38,
84, 53]
[[767, 917, 209], [788, 117, 796], [97, 249, 922], [876, 781, 809], [302, 89, 659], [690, 525, 349], [712, 873, 795], [120, 177, 273], [761, 208, 833], [447, 155, 585],
[440, 922, 521], [557, 638, 638], [372, 735, 796], [313, 630, 504], [49, 840, 501], [708, 550, 45], [77, 189, 826], [780, 217, 23], [72, 887, 139], [814, 353, 294],
[418, 701, 236], [939, 277, 874], [504, 557, 536], [319, 778, 94], [823, 828, 934], [343, 555, 411], [388, 540, 508], [142, 248, 634], [165, 320, 540], [304, 61, 801],
[598, 479, 522], [742, 437, 707], [543, 942, 192], [7, 188, 970], [101, 31, 725], [943, 282, 208], [282, 579, 748], [698, 721, 15], [351, 886, 244], [799, 117, 213],
[620, 623, 693], [69, 385, 57], [684, 836, 907], [876, 843, 115], [866, 944, 54], [610, 815, 336], [726, 116, 915], [494, 814, 655], [417, 93, 468], [569, 892, 585],
[783, 531, 228], [403, 508, 521], [460, 212, 376], [295, 107, 147], [410, 881, 110], [372, 419, 833], [708, 164, 949], [551, 566, 691], [133, 3, 692], [510, 480, 511],
[114, 190, 951], [250, 593, 478], [679, 962, 690], [75, 276, 706], [130, 594, 606], [240, 966, 44], [1, 601, 117], [858, 171, 683], [568, 213, 594], [187, 723, 2],
[699, 745, 192], [669, 15, 786], [166, 602, 767], [765, 585, 951], [490, 715, 564], [115, 864, 549], [68, 865, 77], [93, 742, 249], [776, 238, 370], [298, 425, 112],
[300, 51, 765], [492, 720, 688], [205, 795, 310], [880, 579, 895], [850, 88, 630], [341, 111, 513], [890, 87, 305], [968, 180, 66], [144, 957, 212], [422, 274, 546],
[534, 482, 597], [226, 974, 337], [915, 107, 59], [244, 895, 638], [158, 765, 634], [696, 125, 745], [136, 924, 833], [441, 819, 32], [416, 871, 897], [536, 312, 98],
[101, 754, 580], [699, 980, 482]]
[[6, 5, 5, 0], [0, 8, 1, 4], [4, 8, 3, 1], [7, 7, 4, 2], [1, 7, 6, 7], [8, 1, 1, 7], [3, 1, 2, 4], [9, 9, 9, 4], [1, 1, 4, 10], [7, 6, 4, 10],
[1, 5, 0, 8], [2, 3, 8, 1], [10, 3, 9, 5], [2, 8, 2, 4], [10, 2, 6, 6], [9, 3, 0, 10], [2, 4, 8, 10], [8, 1, 7, 7], [4, 5, 4, 6], [8, 10, 6, 8],
[0, 2, 0, 3], [8, 2, 7, 5], [2, 0, 1, 0], [3, 1, 9, 6], [3, 6, 3, 10], [7, 8, 6, 0], [2, 9, 5, 0], [8, 9, 6, 9], [9, 6, 1, 4], [7, 6, 10, 9],
[4, 9, 8, 8], [8, 6, 1, 9], [1, 4, 8, 6], [10, 2, 4, 1], [0, 9, 1, 6], [5, 5, 2, 3], [1, 1, 8, 6], [7, 5, 2, 1], [3, 10, 7, 9], [5, 8, 7, 4],
[10, 3, 10, 9], [5, 4, 8, 3], [0, 10, 7, 6], [2, 10, 7, 1], [0, 2, 7, 6], [7, 10, 5, 8], [9, 1, 4, 2], [7, 1, 6, 4], [2, 6, 2, 5], [10, 10, 6, 10],
[7, 2, 3, 8], [10, 0, 9, 0], [2, 6, 4, 8], [3, 9, 5, 1], [8, 10, 3, 4], [9, 8, 6, 0], [3, 8, 5, 0], [5, 9, 10, 0], [0, 3, 8, 9], [1, 4, 9, 3],
[10, 0, 0, 2], [9, 4, 2, 4], [1, 3, 6, 10], [0, 1, 8, 1], [7, 0, 1, 10], [9, 10, 10, 7], [0, 5, 5, 1], [10, 1, 4, 7], [1, 3, 8, 8], [7, 8, 1, 8],
[9, 7, 5, 8], [6, 0, 9, 2], [0, 0, 2, 7], [8, 10, 3, 8], [5, 9, 9, 2], [8, 2, 7, 10], [5, 4, 7, 10], [10, 7, 7, 9], [1, 10, 6, 8], [10, 4, 10, 10],
[2, 1, 6, 10], [10, 8, 5, 4], [4, 3, 4, 1], [4, 0, 0, 9], [3, 6, 9, 2], [2, 3, 9, 3], [3, 4, 0, 0], [7, 9, 0, 7], [10, 4, 5, 7], [1, 10, 9, 3],
[3, 2, 5, 7], [1, 5, 3, 2], [0, 10, 2, 2], [1, 1, 4, 2], [3, 4, 2, 10], [2, 0, 5, 0], [3, 10, 5, 2], [7, 4, 6, 8], [6, 0, 2, 5], [5, 4, 7, 4],
[3, 10, 4, 2], [9, 8, 4, 1]]
[1, 1, 1, 0.333333, 0.333333, 0.333333, 0.333333, 0.333333, 0.333333, 0.333333,
0.333333, 0.333333, 0.111111, 0.111111, 0.111111, 0.111111, 0.111111, 0.111111, 0.111111, 0.111111,
0.111111, 0.037037, 0.037037, 0.037037, 0.037037, 0.037037, 0.037037, 0.037037, 0.037037, 0.037037,
0.0123457, 0.0123457, 0.0123457, 0.0123457, 0.0123457, 0.0123457, 0.0123457, 0.0123457, 0.0123457, 0.00411523,
0.00411523, 0.00411523, 0.00411523, 0.00411523, 0.00411523, 0.00411523, 0.00411523, 0.00411523, 0.00137174, 0.00137174,
0.00137174, 0.00137174, 0.00137174, 0.00137174, 0.00137174, 0.00137174, 0.00137174, 0.000457247, 0.000457247, 0.000457247,
0.000457247, 0.000457247, 0.000457247, 0.000457247, 0.000457247, 0.000457247, 0.000152416, 0.000152416, 0.000152416, 0.000152416,
0.000152416, 0.000152416, 0.000152416, 0.000152416, 0.000152416, 5.08053e-05, 5.08053e-05, 5.08053e-05, 5.08053e-05, 5.08053e-05,
5.08053e-05, 5.08053e-05, 5.08053e-05, 5.08053e-05, 1.69351e-05, 1.69351e-05, 1.69351e-05, 1.69351e-05, 1.69351e-05, 1.69351e-05,
1.69351e-05, 1.69351e-05, 1.69351e-05, 5.64503e-06, 5.64503e-06, 5.64503e-06, 5.64503e-06, 5.64503e-06, 5.64503e-06, 5.64503e-06,
5.64503e-06, 5.64503e-06]
[18, 16, 11, 11, 6, 15, 6, 16, 0, 11,
6, 17, 17, 1, 1, 2, 18, 18, 5, 6,
3, 6, 9, 6, 15, 17, 18, 17, 18, 11,
5, 4, 16, 17, 16, 5, 5, 8, 17, 16,
16, 15, 0, 14, 14, 3, 2, 19, 1, 12,
0, 8, 0, 13, 7, 10, 7, 2, 13, 11,
13, 3, 1, 14, 19, 16, 7, 9, 5, 16,
8, 19, 16, 15, 17, 14, 12, 18, 12, 12,
2, 14, 4, 16, 10, 13, 3, 6, 6, 14,
12, 6, 17, 10, 8, 4, 10, 11, 7, 16,
4, 16]
------------------------------------------------------- 
# stage = 12	# children c = 3	length of each stage p = 3	nodes = 101	# items I = 1
