[76, 100, 28, 27, 75, 56, 37, 42, 100, 15,
86, 2, 81, 35, 24, 95, 73, 0, 90, 68,
33, 33, 72, 48, 61, 43, 44, 68, 20, 100,
44, 96, 66, 38, 90, 6, 60, 26, 14, 60,
7, 100, 28, 88, 0, 18, 82, 74, 18, 38,
7, 18, 71, 80, 66, 98, 89, 9, 65, 76,
76, 75, 71, 41, 12, 60, 13, 73, 52]
[[428, 454, 67], [757, 347, 602], [583, 662, 157], [418, 297, 133], [716, 576, 949], [459, 833, 842], [773, 198, 48], [253, 671, 311], [95, 603, 777], [360, 431, 299],
[126, 860, 753], [620, 130, 571], [265, 713, 703], [423, 601, 43], [26, 361, 620], [18, 290, 923], [860, 533, 164], [378, 787, 306], [159, 352, 909], [936, 713, 810],
[279, 309, 713], [502, 929, 843], [543, 664, 70], [290, 557, 671], [333, 583, 502], [423, 601, 792], [817, 932, 796], [24, 353, 626], [330, 940, 448], [709, 919, 631],
[563, 668, 410], [746, 641, 382], [103, 227, 90], [173, 944, 647], [314, 748, 701], [817, 214, 345], [122, 501, 747], [918, 526, 144], [57, 326, 127], [933, 506, 516],
[607, 112, 228], [61, 858, 339], [870, 4, 566], [430, 604, 24], [121, 919, 772], [292, 779, 456], [637, 901, 1], [428, 333, 954], [42, 390, 323], [596, 366, 829],
[155, 444, 411], [810, 505, 740], [192, 845, 214], [229, 319, 819], [253, 867, 251], [495, 202, 73], [951, 309, 444], [422, 207, 247], [419, 249, 638], [213, 845, 474],
[512, 471, 918], [924, 324, 893], [707, 944, 782], [391, 216, 144], [680, 896, 481], [931, 434, 683], [474, 855, 35], [389, 748, 243], [636, 210, 919]]
[[5, 8, 10, 7], [5, 2, 6, 3], [7, 3, 9, 10], [7, 9, 9, 6], [6, 9, 10, 7], [4, 8, 2, 8], [10, 4, 6, 7], [6, 4, 4, 9], [10, 2, 6, 4], [2, 10, 5, 9],
[0, 4, 9, 5], [0, 7, 1, 5], [4, 0, 1, 6], [6, 1, 2, 3], [5, 8, 10, 9], [10, 2, 6, 9], [2, 1, 0, 4], [9, 6, 2, 7], [8, 0, 1, 8], [6, 2, 2, 8],
[0, 1, 3, 4], [2, 5, 8, 5], [0, 5, 2, 10], [7, 8, 8, 9], [7, 9, 2, 3], [4, 3, 10, 1], [3, 0, 7, 7], [1, 8, 4, 10], [7, 6, 4, 8], [9, 1, 2, 10],
[6, 2, 9, 1], [10, 5, 8, 4], [3, 9, 7, 5], [1, 4, 4, 4], [3, 9, 1, 4], [4, 3, 3, 1], [9, 5, 9, 8], [6, 9, 7, 0], [1, 3, 1, 9], [8, 9, 3, 9],
[5, 8, 1, 6], [2, 5, 0, 3], [4, 10, 7, 6], [2, 8, 7, 10], [3, 5, 7, 7], [4, 1, 7, 3], [4, 6, 1, 0], [3, 2, 9, 8], [0, 0, 4, 0], [3, 2, 3, 5],
[1, 8, 1, 1], [3, 8, 0, 6], [1, 5, 1, 3], [4, 6, 6, 9], [2, 5, 7, 3], [8, 5, 0, 6], [3, 2, 4, 7], [4, 5, 1, 3], [2, 0, 5, 3], [9, 3, 8, 8],
[7, 9, 0, 0], [4, 4, 7, 4], [9, 3, 7, 4], [7, 8, 10, 10], [10, 3, 4, 2], [6, 4, 5, 6], [4, 8, 10, 0], [10, 7, 8, 6], [3, 6, 6, 7]]
[1, 1, 1, 0.5, 0.5, 0.5, 0.5, 0.5, 0.5, 0.25,
0.25, 0.25, 0.25, 0.25, 0.25, 0.125, 0.125, 0.125, 0.125, 0.125,
0.125, 0.0625, 0.0625, 0.0625, 0.0625, 0.0625, 0.0625, 0.03125, 0.03125, 0.03125,
0.03125, 0.03125, 0.03125, 0.015625, 0.015625, 0.015625, 0.015625, 0.015625, 0.015625, 0.0078125,
0.0078125, 0.0078125, 0.0078125, 0.0078125, 0.0078125, 0.00390625, 0.00390625, 0.00390625, 0.00390625, 0.00390625,
0.00390625, 0.00195312, 0.00195312, 0.00195312, 0.00195312, 0.00195312, 0.00195312, 0.000976562, 0.000976562, 0.000976562,
0.000976562, 0.000976562, 0.000976562, 0.000488281, 0.000488281, 0.000488281, 0.000488281, 0.000488281, 0.000488281]
[6, 4, 3, 4, 8, 8, 9, 0, 1, 3,
0, 3, 2, 6, 6, 6, 3, 1, 6, 6,
3, 1, 2, 0, 4, 4, 4, 9, 4, 4,
9, 4, 2, 2, 2, 7, 8, 3, 6, 6,
0, 7, 0, 0, 8, 6, 9, 2, 7, 6,
9, 8, 7, 0, 7, 6, 9, 1, 4, 7,
2, 4, 5, 8, 4, 5, 3, 5, 6]
------------------------------------------------------- 
# stage = 12	# children c = 2	length of each stage p = 3	nodes = 68	# items I = 1
