[8, 24, 89, 65, 73, 7, 0, 63, 94, 41,
76, 92, 40, 11, 64, 2, 52, 66, 68, 50,
22, 90, 36, 90, 28, 21, 26, 92, 78, 67,
59, 53, 57, 48, 17, 96, 21, 84, 58, 82,
24, 100, 73, 30, 10, 36, 33, 28, 68, 67,
79, 91, 56, 14, 80, 50, 1, 73, 7, 79,
39, 67, 98, 96, 81, 15, 92, 1, 65, 15,
83, 56, 15, 21, 86, 92, 23, 85, 20, 92,
51, 65, 82, 73, 45, 27, 89, 46, 100, 97,
91, 4, 63, 89, 0, 43, 70, 58, 10, 34,
39, 60, 90, 20, 47, 76, 12, 71, 26, 32]
[[737, 842, 1278], [1641, 607, 122], [1313, 1377, 225], [741, 336, 652], [672, 1351, 65], [473, 1311, 205], [623, 603, 446], [1389, 455, 41], [912, 1269, 1025], [1520, 91, 1418],
[7, 909, 572], [1365, 942, 1260], [1567, 567, 949], [105, 1308, 1285], [837, 372, 1028], [902, 845, 652], [1108, 1548, 1255], [1634, 1249, 103], [67, 474, 1372], [1173, 386, 1544],
[903, 474, 765], [1556, 151, 19], [1208, 111, 667], [469, 216, 287], [146, 1133, 660], [1175, 347, 1585], [139, 1535, 1446], [1474, 1482, 1007], [1577, 1549, 1561], [1342, 1114, 260],
[1278, 330, 734], [355, 278, 965], [454, 1486, 1076], [1121, 347, 1372], [1409, 573, 817], [461, 140, 1245], [358, 279, 1172], [116, 146, 1046], [1204, 115, 988], [1157, 1457, 414],
[1417, 1047, 824], [543, 1482, 1182], [1589, 249, 1060], [1057, 1450, 1407], [822, 1171, 373], [1639, 24, 513], [1276, 383, 873], [761, 579, 1019], [199, 95, 1134], [1187, 1253, 984],
[1602, 1062, 423], [818, 1686, 298], [313, 1587, 627], [1373, 1036, 389], [1093, 170, 1561], [1546, 202, 1665], [371, 1558, 360], [1244, 711, 1020], [655, 911, 1115], [102, 410, 760],
[1166, 404, 215], [1669, 1223, 213], [279, 1536, 192], [906, 1221, 1308], [1296, 706, 1479], [1249, 644, 73], [1306, 1016, 1631], [1667, 572, 655], [999, 1308, 1566], [506, 1410, 368],
[1347, 968, 773], [1642, 949, 388], [247, 1309, 316], [519, 607, 1617], [139, 295, 716], [1618, 1624, 1360], [83, 1243, 688], [27, 1302, 1341], [682, 613, 961], [560, 1199, 763],
[1008, 938, 123], [93, 892, 1152], [561, 1219, 853], [877, 50, 1461], [807, 190, 148], [1603, 200, 85], [1275, 284, 1328], [356, 311, 942], [89, 1073, 1635], [1130, 25, 1226],
[285, 1033, 477], [408, 1207, 1449], [1560, 80, 1061], [806, 1038, 1111], [579, 237, 1381], [727, 152, 1582], [892, 1507, 258], [532, 175, 649], [1554, 264, 114], [1501, 1394, 139],
[1120, 71, 1172], [1677, 479, 691], [1438, 432, 852], [891, 1238, 202], [315, 209, 439], [8, 1016, 671], [1670, 221, 490], [320, 833, 666], [1049, 700, 1010], [1163, 593, 797]]
[[1, 3, 10, 1], [2, 9, 9, 2], [7, 8, 10, 4], [4, 2, 5, 2], [2, 5, 0, 6], [2, 5, 9, 3], [1, 1, 1, 6], [1, 4, 5, 0], [5, 4, 1, 7], [2, 8, 7, 7],
[5, 4, 1, 8], [6, 6, 8, 6], [10, 9, 2, 1], [1, 9, 2, 0], [10, 4, 7, 9], [6, 1, 9, 9], [6, 10, 3, 8], [8, 0, 5, 0], [4, 4, 6, 9], [8, 4, 4, 7],
[0, 6, 6, 1], [3, 9, 10, 2], [0, 6, 1, 6], [8, 10, 2, 3], [8, 5, 9, 3], [5, 1, 3, 8], [5, 8, 6, 3], [1, 10, 8, 10], [4, 4, 9, 7], [0, 8, 7, 0],
[4, 6, 4, 10], [4, 6, 0, 1], [0, 9, 4, 4], [0, 5, 1, 5], [2, 7, 6, 1], [4, 4, 0, 8], [8, 7, 2, 6], [3, 10, 6, 5], [5, 10, 4, 9], [3, 4, 8, 3],
[0, 1, 7, 0], [5, 6, 4, 7], [2, 10, 9, 7], [1, 7, 2, 7], [2, 5, 2, 5], [2, 8, 10, 5], [5, 3, 4, 8], [5, 10, 10, 5], [1, 4, 4, 6], [0, 8, 0, 0],
[5, 7, 7, 7], [2, 10, 1, 4], [2, 4, 9, 4], [10, 6, 9, 3], [7, 0, 9, 1], [0, 8, 4, 10], [0, 8, 3, 0], [5, 3, 0, 9], [9, 6, 3, 0], [3, 4, 4, 5],
[6, 0, 9, 6], [6, 5, 7, 0], [6, 5, 1, 4], [3, 5, 1, 1], [1, 4, 10, 6], [5, 8, 2, 3], [3, 5, 1, 6], [10, 5, 9, 3], [3, 7, 9, 7], [0, 5, 7, 4],
[9, 6, 8, 10], [10, 9, 0, 0], [0, 10, 4, 5], [7, 7, 7, 9], [1, 8, 4, 9], [1, 1, 2, 4], [8, 9, 1, 6], [2, 6, 10, 0], [2, 7, 10, 1], [3, 8, 1, 3],
[7, 3, 7, 1], [10, 1, 10, 10], [9, 2, 8, 8], [3, 8, 2, 9], [7, 1, 5, 7], [7, 4, 5, 9], [10, 2, 8, 2], [10, 7, 6, 6], [0, 0, 7, 10], [1, 5, 9, 8],
[7, 5, 6, 10], [2, 6, 8, 7], [5, 0, 3, 1], [5, 6, 9, 2], [8, 6, 4, 7], [3, 8, 0, 1], [6, 6, 0, 7], [0, 8, 5, 7], [2, 9, 4, 4], [4, 10, 10, 9],
[0, 0, 8, 3], [7, 6, 5, 4], [0, 7, 10, 1], [3, 10, 2, 9], [5, 0, 6, 5], [8, 9, 10, 10], [7, 3, 2, 9], [1, 10, 5, 10], [10, 2, 2, 4], [7, 5, 9, 5]]
[1, 1, 1, 1, 1, 0.333333, 0.333333, 0.333333, 0.333333, 0.333333,
0.333333, 0.333333, 0.333333, 0.333333, 0.333333, 0.333333, 0.333333, 0.333333, 0.333333, 0.333333,
0.111111, 0.111111, 0.111111, 0.111111, 0.111111, 0.111111, 0.111111, 0.111111, 0.111111, 0.111111,
0.111111, 0.111111, 0.111111, 0.111111, 0.111111, 0.037037, 0.037037, 0.037037, 0.037037, 0.037037,
0.037037, 0.037037, 0.037037, 0.037037, 0.037037, 0.037037, 0.037037, 0.037037, 0.037037, 0.037037,
0.0123457, 0.0123457, 0.0123457, 0.0123457, 0.0123457, 0.0123457, 0.0123457, 0.0123457, 0.0123457, 0.0123457,
0.0123457, 0.0123457, 0.0123457, 0.0123457, 0.0123457, 0.00411523, 0.00411523, 0.00411523, 0.00411523, 0.00411523,
0.00411523, 0.00411523, 0.00411523, 0.00411523, 0.00411523, 0.00411523, 0.00411523, 0.00411523, 0.00411523, 0.00411523,
0.00137174, 0.00137174, 0.00137174, 0.00137174, 0.00137174, 0.00137174, 0.00137174, 0.00137174, 0.00137174, 0.00137174,
0.00137174, 0.00137174, 0.00137174, 0.00137174, 0.00137174, 0.000457247, 0.000457247, 0.000457247, 0.000457247, 0.000457247,
0.000457247, 0.000457247, 0.000457247, 0.000457247, 0.000457247, 0.000457247, 0.000457247, 0.000457247, 0.000457247, 0.000457247]
[4, 5, 2, 5, 7, 4, 1, 4, 7, 1,
4, 2, 0, 7, 8, 7, 2, 6, 5, 1,
3, 6, 3, 7, 4, 6, 3, 8, 5, 5,
5, 6, 5, 7, 2, 1, 0, 4, 4, 2,
0, 3, 3, 3, 5, 4, 1, 6, 1, 2,
8, 3, 6, 2, 1, 6, 0, 8, 8, 3,
1, 5, 4, 6, 2, 6, 1, 0, 8, 7,
3, 6, 4, 6, 5, 6, 3, 6, 1, 1,
2, 5, 7, 0, 4, 4, 1, 8, 3, 7,
2, 3, 2, 2, 3, 5, 8, 7, 2, 2,
3, 2, 5, 6, 3, 4, 4, 8, 5, 1]
------------------------------------------------------- 
# stage = 8	# children c = 3	length of each stage p = 5	nodes = 109	# items I = 1
