[80, 59, 27, 71, 84, 28, 19, 93, 38, 4,
97, 49, 67, 70, 98, 9, 20, 9, 31, 0,
37, 59, 55, 15, 39, 99, 13, 47, 42, 66,
27, 89, 91, 54, 59, 75, 48, 44, 33, 86,
48, 97, 0, 81]
[[898, 363, 552], [383, 371, 874], [97, 414, 327], [330, 472, 572], [267, 871, 56], [400, 255, 57], [177, 473, 322], [84, 293, 860], [505, 725, 348], [442, 808, 534],
[773, 805, 293], [424, 585, 61], [695, 682, 475], [121, 409, 343], [89, 72, 313], [146, 472, 865], [500, 46, 437], [822, 130, 731], [782, 635, 852], [526, 473, 155],
[456, 345, 356], [146, 166, 337], [207, 861, 416], [78, 378, 825], [421, 467, 293], [130, 9, 161], [95, 509, 207], [532, 431, 634], [659, 609, 665], [610, 234, 237],
[161, 87, 880], [518, 233, 145], [855, 440, 402], [370, 518, 780], [591, 335, 346], [884, 465, 356], [442, 560, 261], [649, 489, 692], [680, 247, 697], [444, 254, 328],
[78, 415, 415], [354, 32, 648], [796, 284, 484], [297, 654, 398]]
[[9, 4, 10, 7], [2, 2, 4, 10], [2, 1, 8, 1], [4, 0, 2, 7], [1, 1, 0, 6], [0, 5, 0, 4], [3, 2, 2, 6], [9, 7, 0, 7], [10, 9, 3, 1], [0, 7, 10, 1],
[6, 7, 2, 10], [7, 2, 5, 7], [1, 3, 2, 1], [8, 2, 3, 10], [2, 3, 5, 1], [9, 3, 6, 8], [1, 8, 7, 0], [2, 6, 1, 9], [0, 1, 6, 8], [4, 0, 2, 3],
[4, 4, 5, 10], [4, 6, 9, 4], [10, 1, 3, 8], [5, 10, 5, 4], [7, 1, 4, 7], [6, 3, 5, 6], [3, 10, 1, 5], [8, 3, 8, 10], [5, 0, 8, 9], [7, 4, 1, 4],
[6, 4, 1, 0], [3, 4, 4, 8], [3, 7, 5, 9], [8, 8, 3, 0], [5, 4, 5, 3], [8, 3, 0, 2], [1, 8, 10, 8], [2, 0, 1, 6], [2, 0, 6, 6], [4, 8, 1, 6],
[2, 4, 4, 0], [0, 7, 0, 5], [10, 4, 6, 7], [5, 7, 7, 6]]
[1, 1, 0.333333, 0.333333, 0.333333, 0.333333, 0.333333, 0.333333, 0.111111, 0.111111,
0.111111, 0.111111, 0.111111, 0.111111, 0.037037, 0.037037, 0.037037, 0.037037, 0.037037, 0.037037,
0.0123457, 0.0123457, 0.0123457, 0.0123457, 0.0123457, 0.0123457, 0.00411523, 0.00411523, 0.00411523, 0.00411523,
0.00411523, 0.00411523, 0.00137174, 0.00137174, 0.00137174, 0.00137174, 0.00137174, 0.00137174, 0.000457247, 0.000457247,
0.000457247, 0.000457247, 0.000457247, 0.000457247]
[0, 6, 5, 6, 8, 8, 3, 3, 3, 4,
2, 2, 0, 0, 8, 3, 9, 5, 8, 7,
9, 7, 1, 8, 9, 6, 3, 0, 4, 7,
4, 2, 5, 7, 6, 4, 4, 9, 7, 4,
4, 7, 1, 4]
------------------------------------------------------- 
# stage = 8	# children c = 3	length of each stage p = 2	nodes = 43	# items I = 1
