[84, 8, 82, 68, 25, 36, 44, 86, 25, 11,
5, 6, 54, 47, 26, 38, 54, 87, 72, 71,
96, 96, 25, 31, 34, 71, 67, 44, 65, 11,
68, 15, 19, 16, 49, 44, 52, 94, 96, 77,
71, 67, 49, 91, 13, 41, 29, 67, 27, 0,
4, 89, 63, 29, 20, 63, 66, 87, 6, 98,
64, 40, 12, 83, 56, 61, 93, 74, 20, 88,
16, 92, 54, 66, 82, 33, 73, 77, 66, 67,
44, 36, 55, 6, 31, 75, 69, 98, 27, 41,
95, 91, 47, 73, 39, 70, 33, 31, 43, 54,
85, 60]
[[630, 896, 75], [27, 41, 390], [98, 656, 525], [1081, 305, 423], [785, 1050, 372], [376, 799, 950], [384, 81, 1081], [198, 340, 955], [979, 1048, 365], [112, 321, 624],
[546, 256, 826], [621, 678, 867], [1011, 81, 434], [842, 74, 44], [570, 859, 5], [943, 147, 109], [109, 925, 191], [495, 34, 531], [361, 1014, 491], [31, 431, 117],
[656, 977, 768], [787, 509, 357], [565, 826, 438], [305, 973, 906], [743, 454, 1071], [749, 702, 523], [163, 811, 359], [354, 217, 788], [886, 972, 18], [682, 1004, 449],
[104, 965, 337], [872, 663, 151], [140, 533, 282], [973, 838, 166], [95, 493, 1015], [77, 547, 628], [994, 710, 351], [659, 1065, 962], [358, 167, 846], [376, 154, 66],
[825, 258, 336], [73, 42, 999], [618, 576, 837], [901, 460, 981], [1067, 950, 385], [298, 1027, 237], [927, 238, 252], [583, 897, 622], [456, 166, 94], [607, 542, 248],
[1067, 672, 507], [314, 50, 549], [618, 668, 430], [367, 480, 196], [259, 853, 57], [1038, 62, 389], [580, 294, 627], [832, 877, 435], [760, 639, 995], [854, 551, 842],
[14, 530, 425], [915, 149, 475], [769, 768, 449], [110, 440, 234], [306, 4, 1087], [363, 347, 455], [58, 927, 749], [685, 1064, 932], [32, 735, 482], [332, 895, 1033],
[86, 214, 868], [511, 40, 1018], [292, 809, 2], [741, 224, 836], [975, 531, 840], [279, 199, 98], [39, 257, 330], [788, 248, 699], [1025, 280, 740], [418, 1006, 546],
[757, 3, 760], [536, 515, 105], [859, 112, 914], [861, 158, 49], [608, 438, 974], [753, 717, 479], [156, 61, 736], [486, 850, 984], [491, 786, 569], [142, 510, 487],
[1082, 178, 884], [753, 19, 704], [163, 879, 816], [382, 1045, 974], [431, 565, 718], [711, 229, 740], [101, 386, 802], [142, 177, 957], [432, 668, 1048], [306, 115, 469],
[98, 108, 1041], [983, 166, 366]]
[[9, 6, 9, 4], [9, 10, 4, 3], [0, 6, 2, 0], [9, 10, 6, 10], [5, 0, 2, 0], [1, 2, 1, 9], [10, 0, 0, 3], [0, 0, 6, 7], [4, 2, 1, 1], [10, 3, 4, 0],
[9, 6, 9, 5], [3, 4, 4, 8], [2, 6, 6, 4], [6, 7, 0, 4], [6, 0, 5, 4], [9, 0, 10, 3], [2, 0, 4, 10], [1, 6, 10, 8], [10, 6, 2, 3], [0, 4, 9, 0],
[10, 3, 4, 3], [10, 4, 7, 3], [3, 1, 8, 1], [10, 7, 2, 10], [5, 4, 10, 6], [8, 7, 1, 8], [3, 3, 9, 1], [7, 5, 1, 4], [8, 4, 7, 6], [8, 2, 9, 9],
[1, 4, 9, 10], [0, 0, 9, 3], [3, 6, 7, 0], [1, 8, 6, 2], [9, 4, 3, 5], [8, 2, 7, 5], [6, 4, 0, 2], [4, 8, 9, 3], [1, 7, 2, 0], [6, 10, 3, 9],
[3, 9, 9, 4], [4, 5, 6, 3], [7, 7, 6, 4], [8, 3, 8, 1], [5, 6, 3, 7], [3, 2, 10, 5], [7, 2, 3, 2], [1, 4, 0, 4], [2, 8, 7, 7], [0, 0, 8, 7],
[6, 3, 10, 3], [4, 7, 4, 9], [0, 6, 5, 4], [6, 5, 7, 2], [5, 10, 3, 6], [3, 3, 8, 4], [9, 4, 9, 9], [3, 6, 6, 9], [9, 3, 1, 1], [8, 3, 10, 8],
[7, 3, 10, 2], [8, 4, 3, 0], [3, 4, 6, 5], [7, 1, 9, 6], [4, 5, 2, 7], [0, 6, 5, 7], [9, 4, 8, 6], [7, 8, 2, 4], [9, 1, 4, 4], [6, 5, 4, 7],
[9, 8, 10, 4], [9, 6, 8, 2], [0, 10, 7, 0], [6, 1, 6, 2], [5, 3, 9, 0], [9, 9, 4, 7], [8, 6, 0, 1], [1, 4, 7, 8], [1, 6, 1, 9], [2, 9, 9, 2],
[7, 6, 1, 0], [7, 7, 2, 0], [8, 9, 0, 7], [7, 2, 3, 5], [8, 2, 4, 7], [4, 0, 3, 4], [7, 2, 2, 7], [10, 9, 7, 6], [4, 6, 6, 10], [2, 8, 10, 0],
[7, 8, 5, 1], [10, 6, 4, 5], [8, 9, 0, 2], [9, 3, 4, 3], [5, 4, 8, 4], [2, 5, 8, 7], [0, 3, 6, 1], [10, 3, 10, 4], [0, 4, 5, 8], [10, 10, 2, 6],
[8, 0, 6, 4], [3, 10, 8, 7]]
[1, 1, 1, 0.333333, 0.333333, 0.333333, 0.333333, 0.333333, 0.333333, 0.333333,
0.333333, 0.333333, 0.111111, 0.111111, 0.111111, 0.111111, 0.111111, 0.111111, 0.111111, 0.111111,
0.111111, 0.037037, 0.037037, 0.037037, 0.037037, 0.037037, 0.037037, 0.037037, 0.037037, 0.037037,
0.0123457, 0.0123457, 0.0123457, 0.0123457, 0.0123457, 0.0123457, 0.0123457, 0.0123457, 0.0123457, 0.00411523,
0.00411523, 0.00411523, 0.00411523, 0.00411523, 0.00411523, 0.00411523, 0.00411523, 0.00411523, 0.00137174, 0.00137174,
0.00137174, 0.00137174, 0.00137174, 0.00137174, 0.00137174, 0.00137174, 0.00137174, 0.000457247, 0.000457247, 0.000457247,
0.000457247, 0.000457247, 0.000457247, 0.000457247, 0.000457247, 0.000457247, 0.000152416, 0.000152416, 0.000152416, 0.000152416,
0.000152416, 0.000152416, 0.000152416, 0.000152416, 0.000152416, 5.08053e-05, 5.08053e-05, 5.08053e-05, 5.08053e-05, 5.08053e-05,
5.08053e-05, 5.08053e-05, 5.08053e-05, 5.08053e-05, 1.69351e-05, 1.69351e-05, 1.69351e-05, 1.69351e-05, 1.69351e-05, 1.69351e-05,
1.69351e-05, 1.69351e-05, 1.69351e-05, 5.64503e-06, 5.64503e-06, 5.64503e-06, 5.64503e-06, 5.64503e-06, 5.64503e-06, 5.64503e-06,
5.64503e-06, 5.64503e-06]
[21, 16, 11, 8, 1, 12, 15, 15, 21, 15,
5, 0, 0, 7, 0, 7, 10, 16, 10, 13,
15, 4, 12, 8, 8, 18, 11, 2, 15, 12,
7, 14, 16, 14, 11, 13, 5, 9, 8, 5,
16, 5, 16, 12, 14, 1, 18, 13, 2, 13,
7, 13, 17, 5, 15, 17, 6, 10, 5, 8,
0, 14, 3, 5, 7, 12, 21, 2, 2, 18,
15, 1, 12, 20, 11, 12, 15, 2, 7, 19,
2, 5, 11, 13, 13, 4, 1, 4, 17, 7,
6, 13, 20, 14, 21, 18, 17, 20, 6, 15,
19, 2]
------------------------------------------------------- 
# stage = 12	# children c = 3	length of each stage p = 3	nodes = 101	# items I = 1
