[87, 41, 24, 3, 86, 74, 6, 79, 47, 68,
66, 47, 1, 59, 9, 9, 45, 44, 96, 68,
61, 53, 55, 74, 1, 25, 59, 94, 80, 87,
47, 32]
[[11, 437, 600], [275, 654, 659], [338, 92, 786], [478, 464, 833], [498, 236, 830], [711, 753, 691], [255, 550, 840], [570, 19, 379], [512, 448, 558], [599, 128, 571],
[523, 225, 96], [210, 587, 750], [42, 98, 842], [1, 663, 480], [835, 248, 716], [838, 46, 556], [616, 387, 279], [629, 44, 385], [95, 556, 833], [739, 328, 134],
[398, 851, 360], [494, 234, 34], [331, 363, 218], [346, 364, 881], [826, 372, 216], [630, 297, 348], [359, 1, 821], [639, 716, 865], [111, 812, 594], [117, 638, 96],
[252, 123, 34], [612, 703, 355]]
[[3, 2, 6, 2], [5, 10, 2, 1], [5, 6, 8, 2], [2, 4, 0, 8], [10, 5, 1, 5], [2, 1, 0, 7], [10, 9, 8, 2], [4, 10, 4, 7], [10, 8, 8, 4], [5, 8, 5, 10],
[3, 1, 10, 4], [3, 10, 1, 2], [4, 0, 6, 4], [1, 6, 1, 9], [5, 7, 0, 7], [4, 4, 3, 3], [1, 9, 5, 6], [6, 9, 3, 10], [10, 3, 3, 2], [2, 2, 2, 5],
[2, 6, 9, 1], [2, 8, 10, 5], [2, 10, 1, 6], [2, 2, 7, 1], [1, 2, 6, 7], [0, 9, 4, 10], [10, 5, 10, 0], [5, 10, 3, 7], [6, 10, 6, 6], [8, 5, 9, 8],
[3, 10, 2, 3], [10, 9, 4, 0]]
[1, 1, 0.333333, 0.333333, 0.333333, 0.333333, 0.333333, 0.333333, 0.111111, 0.111111,
0.111111, 0.111111, 0.111111, 0.111111, 0.037037, 0.037037, 0.037037, 0.037037, 0.037037, 0.037037,
0.0123457, 0.0123457, 0.0123457, 0.0123457, 0.0123457, 0.0123457, 0.00411523, 0.00411523, 0.00411523, 0.00411523,
0.00411523, 0.00411523]
[8, 11, 6, 18, 4, 10, 7, 0, 12, 15,
16, 10, 0, 8, 3, 8, 13, 14, 3, 11,
18, 12, 10, 0, 10, 18, 4, 9, 9, 8,
10, 2]
------------------------------------------------------- 
# stage = 6	# children c = 3	length of each stage p = 2	nodes = 31	# items I = 1
