[1, 39, 97, 52, 11, 52, 38, 70, 1, 10,
49, 65, 7, 65, 19, 93, 56, 55, 80, 73,
94, 4, 33, 45, 48, 34, 1, 14, 85, 20,
87, 86, 59, 49]
[[140, 99, 923], [1020, 139, 894], [671, 517, 157], [450, 54, 1016], [382, 174, 696], [714, 232, 609], [249, 391, 534], [406, 946, 819], [789, 733, 33], [526, 565, 38],
[491, 705, 340], [574, 886, 479], [629, 515, 156], [988, 966, 210], [962, 306, 587], [818, 180, 1021], [386, 631, 370], [920, 1037, 476], [899, 987, 369], [933, 471, 935],
[131, 122, 598], [471, 899, 644], [111, 486, 118], [267, 634, 244], [478, 756, 752], [225, 533, 932], [204, 919, 724], [776, 999, 921], [412, 857, 866], [781, 748, 497],
[674, 39, 822], [433, 713, 679], [35, 824, 325], [355, 49, 959]]
[[3, 8, 4, 1], [4, 1, 2, 2], [2, 2, 6, 2], [10, 0, 6, 0], [0, 10, 2, 9], [2, 6, 5, 0], [7, 0, 4, 9], [2, 3, 0, 6], [0, 2, 7, 2], [3, 9, 4, 5],
[9, 9, 5, 6], [7, 0, 7, 7], [8, 9, 6, 0], [4, 9, 9, 9], [9, 2, 7, 0], [5, 6, 4, 3], [8, 9, 6, 10], [7, 8, 2, 4], [4, 8, 10, 1], [8, 4, 8, 4],
[2, 1, 4, 5], [10, 2, 3, 6], [2, 9, 5, 5], [4, 9, 6, 1], [8, 1, 0, 2], [8, 3, 4, 1], [9, 4, 2, 6], [6, 9, 8, 9], [10, 1, 3, 10], [1, 4, 3, 1],
[2, 8, 4, 6], [5, 0, 6, 2], [1, 6, 2, 7], [7, 7, 9, 5]]
[1, 0.333333, 0.333333, 0.333333, 0.111111, 0.111111, 0.111111, 0.037037, 0.037037, 0.037037,
0.0123457, 0.0123457, 0.0123457, 0.00411523, 0.00411523, 0.00411523, 0.00137174, 0.00137174, 0.00137174, 0.000457247,
0.000457247, 0.000457247, 0.000152416, 0.000152416, 0.000152416, 5.08053e-05, 5.08053e-05, 5.08053e-05, 1.69351e-05, 1.69351e-05,
1.69351e-05, 5.64503e-06, 5.64503e-06, 5.64503e-06]
[18, 16, 6, 7, 0, 5, 6, 13, 14, 10,
20, 4, 9, 4, 19, 20, 12, 1, 9, 6,
10, 4, 17, 3, 17, 7, 11, 15, 13, 1,
16, 3, 13, 3]
------------------------------------------------------- 
# stage = 12	# children c = 3	length of each stage p = 1	nodes = 33	# items I = 1
