[57, 90, 11, 29, 96, 86, 48, 58, 58, 26,
8, 88, 88, 86, 65, 73, 15, 34, 26, 53,
20, 100, 27, 73, 52, 82, 29, 34, 96, 20,
84, 18, 77, 95, 13, 38, 47, 62, 96, 4,
88, 3, 93, 41]
[[124, 208, 474], [695, 13, 373], [100, 682, 205], [655, 835, 366], [367, 91, 194], [504, 95, 764], [951, 1012, 457], [608, 575, 357], [673, 720, 945], [927, 167, 939],
[6, 537, 356], [726, 195, 370], [308, 542, 15], [760, 160, 59], [335, 773, 150], [529, 240, 245], [257, 155, 221], [714, 1009, 5], [34, 645, 725], [188, 781, 101],
[90, 1033, 885], [447, 969, 43], [817, 240, 585], [41, 209, 991], [101, 544, 727], [251, 37, 968], [743, 540, 332], [173, 217, 550], [178, 497, 404], [112, 685, 148],
[459, 1021, 390], [307, 677, 322], [597, 703, 809], [145, 991, 227], [346, 55, 772], [36, 552, 809], [213, 258, 558], [791, 677, 775], [304, 855, 235], [708, 967, 129],
[65, 636, 359], [702, 943, 246], [233, 503, 949], [251, 895, 903]]
[[7, 9, 10, 9], [5, 5, 9, 2], [1, 5, 8, 0], [7, 1, 0, 1], [3, 8, 9, 0], [3, 1, 8, 8], [9, 0, 5, 8], [5, 3, 9, 1], [0, 6, 10, 5], [0, 6, 5, 1],
[0, 2, 0, 6], [1, 0, 7, 4], [6, 3, 2, 7], [4, 10, 4, 0], [8, 10, 6, 2], [0, 4, 3, 0], [0, 1, 3, 9], [5, 8, 0, 4], [8, 9, 10, 10], [7, 6, 3, 2],
[9, 6, 8, 1], [3, 1, 10, 10], [9, 6, 1, 8], [10, 3, 6, 8], [2, 8, 7, 7], [3, 5, 0, 1], [3, 10, 0, 10], [3, 1, 10, 0], [5, 7, 1, 9], [7, 0, 8, 3],
[6, 7, 0, 4], [10, 5, 10, 1], [2, 6, 7, 5], [0, 7, 6, 1], [5, 4, 0, 8], [6, 0, 8, 0], [5, 7, 7, 1], [8, 2, 3, 1], [10, 3, 3, 7], [8, 3, 9, 8],
[9, 5, 1, 8], [10, 7, 9, 4], [10, 8, 2, 5], [6, 8, 3, 0]]
[1, 1, 0.333333, 0.333333, 0.333333, 0.333333, 0.333333, 0.333333, 0.111111, 0.111111,
0.111111, 0.111111, 0.111111, 0.111111, 0.037037, 0.037037, 0.037037, 0.037037, 0.037037, 0.037037,
0.0123457, 0.0123457, 0.0123457, 0.0123457, 0.0123457, 0.0123457, 0.00411523, 0.00411523, 0.00411523, 0.00411523,
0.00411523, 0.00411523, 0.00137174, 0.00137174, 0.00137174, 0.00137174, 0.00137174, 0.00137174, 0.000457247, 0.000457247,
0.000457247, 0.000457247, 0.000457247, 0.000457247]
[10, 2, 5, 7, 1, 4, 9, 2, 0, 4,
10, 2, 5, 4, 8, 2, 1, 9, 5, 5,
7, 0, 9, 1, 4, 9, 7, 1, 4, 4,
3, 6, 8, 6, 6, 4, 6, 5, 4, 9,
8, 7, 4, 5]
------------------------------------------------------- 
# stage = 8	# children c = 3	length of each stage p = 2	nodes = 43	# items I = 1
