[69, 68, 81, 94, 37, 18, 57, 85, 98, 38,
38, 62, 26, 96, 88, 48, 25, 94, 13, 44,
61, 29, 37, 87, 37, 81, 21, 91, 42, 25,
49, 77, 93, 30, 36, 96, 14, 60, 46, 78,
64, 84, 39, 90]
[[1814, 1808, 501], [1592, 266, 474], [675, 1425, 823], [42, 1563, 749], [590, 259, 206], [1243, 453, 1441], [1557, 1431, 666], [842, 518, 385], [1107, 1717, 1530], [330, 1862, 1806],
[218, 845, 783], [2034, 365, 1050], [435, 282, 1717], [500, 324, 450], [491, 914, 2024], [697, 1399, 404], [66, 126, 1077], [2047, 968, 838], [1674, 2, 1797], [374, 1647, 1586],
[107, 1107, 1674], [890, 1068, 1281], [1182, 745, 1563], [69, 1245, 1888], [519, 978, 2044], [470, 918, 613], [117, 226, 739], [436, 200, 949], [1274, 1875, 193], [998, 176, 1840],
[1827, 1598, 875], [1428, 1730, 1185], [636, 840, 1173], [1441, 151, 1660], [498, 670, 566], [470, 382, 1484], [325, 1814, 1710], [1064, 178, 1152], [1255, 1452, 954], [1448, 1693, 1130],
[1215, 1447, 1970], [1332, 44, 1628], [1760, 1995, 1710], [860, 1363, 1861]]
[[10, 8, 5, 0], [5, 8, 4, 9], [1, 6, 2, 9], [10, 0, 8, 0], [3, 8, 3, 4], [10, 5, 6, 0], [5, 0, 9, 4], [0, 2, 0, 8], [9, 5, 6, 3], [2, 10, 10, 1],
[4, 10, 0, 1], [10, 6, 1, 1], [1, 3, 3, 1], [8, 9, 1, 0], [10, 9, 2, 8], [0, 2, 3, 9], [6, 7, 10, 8], [6, 7, 8, 8], [6, 6, 10, 4], [1, 9, 5, 0],
[1, 8, 1, 7], [5, 1, 7, 2], [10, 7, 8, 8], [10, 0, 7, 5], [7, 4, 0, 0], [1, 6, 9, 5], [1, 8, 9, 0], [4, 3, 1, 6], [10, 2, 0, 4], [3, 8, 6, 0],
[4, 3, 9, 1], [1, 3, 4, 6], [7, 3, 6, 6], [9, 2, 1, 0], [8, 10, 0, 2], [1, 1, 8, 0], [4, 8, 2, 5], [3, 6, 6, 6], [7, 4, 5, 8], [7, 10, 1, 1],
[2, 7, 8, 0], [10, 7, 0, 5], [6, 10, 7, 5], [0, 4, 5, 2]]
[1, 1, 0.333333, 0.333333, 0.333333, 0.333333, 0.333333, 0.333333, 0.111111, 0.111111,
0.111111, 0.111111, 0.111111, 0.111111, 0.037037, 0.037037, 0.037037, 0.037037, 0.037037, 0.037037,
0.0123457, 0.0123457, 0.0123457, 0.0123457, 0.0123457, 0.0123457, 0.00411523, 0.00411523, 0.00411523, 0.00411523,
0.00411523, 0.00411523, 0.00137174, 0.00137174, 0.00137174, 0.00137174, 0.00137174, 0.00137174, 0.000457247, 0.000457247,
0.000457247, 0.000457247, 0.000457247, 0.000457247]
[2, 8, 8, 5, 0, 3, 9, 2, 0, 1,
10, 10, 6, 5, 1, 9, 4, 1, 9, 1,
8, 2, 9, 10, 6, 3, 4, 1, 6, 0,
6, 8, 4, 9, 2, 8, 1, 3, 2, 5,
1, 1, 10, 5]
------------------------------------------------------- 
# stage = 8	# children c = 3	length of each stage p = 2	nodes = 43	# items I = 1
