[12, 22, 72, 95, 16, 65, 33, 96, 40, 0,
78, 46, 25, 47, 91, 54, 76, 24, 62, 51,
3, 47, 100, 40, 33, 38, 72, 28, 46, 74,
18, 58, 96, 57, 53, 11, 21, 86, 73, 28,
86, 16, 40, 11, 29, 30, 31, 5, 54, 93,
22, 24, 5, 21, 64, 4, 25, 1, 33, 72,
75, 17, 96, 70, 74, 48, 48, 62, 34, 87,
56, 86, 3, 96, 63, 99, 92, 60, 3, 12,
19, 92, 2, 24, 13, 66, 96, 4, 68, 28,
42, 8, 45, 38, 45, 86, 86, 59, 13, 86,
45, 69]
[[43, 906, 936], [340, 820, 1439], [410, 1320, 446], [896, 1231, 690], [684, 931, 468], [1865, 314, 319], [1198, 3, 1206], [258, 1501, 1468], [574, 1777, 804], [1002, 1372, 492],
[1818, 1702, 1398], [757, 46, 509], [486, 743, 1829], [932, 1639, 1350], [1910, 327, 572], [381, 195, 886], [700, 1680, 889], [197, 1938, 681], [1665, 802, 748], [759, 1804, 123],
[1252, 1913, 116], [940, 960, 162], [1449, 1447, 1192], [1568, 669, 835], [922, 869, 1449], [1494, 1251, 1931], [383, 241, 1614], [1559, 438, 1843], [530, 394, 648], [1278, 1153, 743],
[1689, 408, 659], [1805, 1349, 1906], [1967, 801, 1643], [1449, 660, 316], [287, 1582, 1472], [26, 1366, 726], [1957, 39, 1255], [1575, 1885, 1693], [1421, 419, 90], [359, 1697, 1244],
[1102, 1676, 1939], [51, 1484, 1291], [1958, 1741, 383], [1604, 1194, 1043], [210, 1768, 915], [1683, 1795, 284], [699, 1755, 610], [1954, 1620, 498], [1938, 1331, 917], [318, 1691, 905],
[1849, 1083, 584], [1792, 1422, 359], [1373, 1670, 103], [46, 1564, 1297], [1376, 65, 1069], [294, 38, 867], [865, 737, 912], [1475, 982, 823], [264, 1210, 157], [1468, 1528, 138],
[376, 1668, 1509], [1248, 1463, 934], [1607, 1126, 894], [0, 1173, 461], [1298, 552, 526], [370, 1134, 564], [1524, 2, 1589], [726, 1765, 861], [1549, 32, 361], [1994, 1500, 1889],
[422, 167, 1560], [221, 1702, 1313], [1155, 1599, 443], [339, 1599, 1616], [801, 1187, 458], [1614, 1557, 1592], [469, 1371, 1595], [348, 388, 1650], [1496, 227, 1969], [1857, 224, 1472],
[1749, 934, 1926], [1600, 1155, 1631], [1203, 601, 1233], [1646, 940, 1123], [1552, 31, 313], [14, 1933, 161], [1893, 405, 1819], [1778, 1040, 210], [1431, 539, 438], [1403, 399, 949],
[1166, 438, 1883], [1095, 41, 1042], [1017, 1532, 1930], [540, 1181, 873], [1663, 1024, 1192], [267, 1325, 1128], [428, 1221, 1820], [250, 1290, 863], [461, 724, 1402], [1186, 418, 91],
[138, 1584, 529], [25, 969, 858]]
[[5, 3, 10, 4], [3, 5, 2, 5], [6, 4, 9, 4], [1, 5, 8, 7], [1, 10, 4, 5], [10, 7, 6, 9], [1, 5, 7, 0], [4, 9, 6, 9], [1, 5, 2, 2], [8, 2, 8, 4],
[6, 4, 6, 8], [7, 1, 2, 8], [0, 7, 0, 9], [3, 6, 5, 4], [10, 2, 2, 3], [0, 8, 10, 10], [2, 10, 2, 8], [2, 8, 1, 6], [10, 6, 1, 6], [7, 4, 1, 6],
[0, 2, 2, 1], [6, 7, 3, 5], [7, 5, 6, 5], [0, 5, 5, 2], [3, 5, 10, 5], [0, 10, 9, 10], [3, 0, 5, 8], [2, 6, 1, 0], [6, 3, 1, 2], [9, 4, 5, 3],
[7, 10, 9, 7], [2, 1, 7, 5], [6, 4, 8, 6], [1, 7, 5, 2], [5, 8, 0, 7], [3, 1, 7, 8], [3, 6, 8, 10], [10, 2, 2, 4], [10, 0, 9, 2], [1, 3, 7, 5],
[7, 5, 0, 7], [10, 3, 9, 4], [0, 7, 9, 2], [9, 3, 8, 10], [9, 5, 9, 6], [7, 0, 10, 7], [10, 8, 7, 9], [9, 3, 4, 5], [6, 2, 10, 5], [6, 7, 7, 4],
[3, 3, 4, 1], [6, 1, 9, 4], [6, 7, 10, 1], [6, 7, 6, 5], [2, 2, 3, 0], [3, 5, 4, 10], [8, 3, 2, 3], [10, 8, 5, 3], [0, 10, 2, 5], [9, 1, 9, 5],
[8, 7, 4, 1], [3, 10, 4, 6], [10, 8, 6, 2], [2, 10, 10, 10], [1, 0, 0, 0], [8, 6, 1, 6], [3, 4, 0, 1], [3, 8, 4, 9], [4, 8, 0, 7], [7, 4, 2, 4],
[10, 7, 7, 0], [6, 4, 8, 5], [4, 7, 6, 10], [2, 5, 4, 3], [9, 4, 4, 10], [10, 7, 9, 3], [4, 7, 0, 10], [0, 0, 3, 9], [7, 8, 9, 1], [2, 4, 6, 4],
[0, 10, 4, 0], [5, 8, 3, 1], [10, 6, 10, 8], [2, 8, 0, 4], [4, 9, 3, 2], [8, 5, 0, 4], [2, 7, 3, 2], [1, 8, 7, 1], [5, 9, 2, 8], [4, 5, 8, 3],
[9, 7, 9, 9], [4, 10, 3, 6], [8, 4, 8, 5], [7, 7, 8, 10], [3, 9, 10, 4], [4, 6, 6, 8], [4, 6, 5, 8], [9, 2, 10, 8], [7, 8, 6, 9], [5, 7, 4, 1],
[1, 0, 4, 8], [7, 1, 5, 10]]
[1, 1, 1, 0.333333, 0.333333, 0.333333, 0.333333, 0.333333, 0.333333, 0.333333,
0.333333, 0.333333, 0.111111, 0.111111, 0.111111, 0.111111, 0.111111, 0.111111, 0.111111, 0.111111,
0.111111, 0.037037, 0.037037, 0.037037, 0.037037, 0.037037, 0.037037, 0.037037, 0.037037, 0.037037,
0.0123457, 0.0123457, 0.0123457, 0.0123457, 0.0123457, 0.0123457, 0.0123457, 0.0123457, 0.0123457, 0.00411523,
0.00411523, 0.00411523, 0.00411523, 0.00411523, 0.00411523, 0.00411523, 0.00411523, 0.00411523, 0.00137174, 0.00137174,
0.00137174, 0.00137174, 0.00137174, 0.00137174, 0.00137174, 0.00137174, 0.00137174, 0.000457247, 0.000457247, 0.000457247,
0.000457247, 0.000457247, 0.000457247, 0.000457247, 0.000457247, 0.000457247, 0.000152416, 0.000152416, 0.000152416, 0.000152416,
0.000152416, 0.000152416, 0.000152416, 0.000152416, 0.000152416, 5.08053e-05, 5.08053e-05, 5.08053e-05, 5.08053e-05, 5.08053e-05,
5.08053e-05, 5.08053e-05, 5.08053e-05, 5.08053e-05, 1.69351e-05, 1.69351e-05, 1.69351e-05, 1.69351e-05, 1.69351e-05, 1.69351e-05,
1.69351e-05, 1.69351e-05, 1.69351e-05, 5.64503e-06, 5.64503e-06, 5.64503e-06, 5.64503e-06, 5.64503e-06, 5.64503e-06, 5.64503e-06,
5.64503e-06, 5.64503e-06]
[9, 6, 3, 1, 4, 1, 1, 4, 4, 1,
2, 5, 9, 2, 9, 4, 0, 8, 6, 3,
8, 1, 5, 8, 9, 1, 0, 1, 4, 4,
9, 5, 1, 6, 4, 9, 8, 6, 0, 7,
5, 4, 4, 9, 8, 3, 1, 0, 5, 3,
0, 5, 7, 4, 8, 8, 9, 3, 0, 6,
7, 2, 2, 7, 4, 0, 6, 5, 0, 3,
2, 4, 8, 8, 4, 2, 0, 5, 9, 4,
5, 2, 2, 9, 8, 3, 5, 3, 7, 5,
2, 6, 3, 8, 5, 2, 7, 4, 3, 4,
7, 3]
------------------------------------------------------- 
# stage = 12	# children c = 3	length of each stage p = 3	nodes = 101	# items I = 1
