[55, 92, 2, 53, 34, 29, 73, 7, 48, 51,
12, 80, 85, 53, 48, 14, 95, 1, 34, 32,
59, 97, 6, 69, 26, 20, 29, 50, 22, 58,
59, 77, 49, 27, 30, 83, 57, 2, 56, 4,
19, 35, 84, 71, 54, 99, 85, 48, 100, 85,
46, 24, 47, 53, 93, 74, 39, 88, 90, 61,
12, 48, 38, 61, 76, 34, 10, 99]
[[706, 763, 256], [236, 643, 502], [1009, 1790, 736], [1622, 1318, 349], [326, 405, 1446], [1822, 434, 627], [735, 1574, 1033], [603, 1032, 806], [591, 89, 1794], [1090, 1115, 1355],
[1791, 1378, 1675], [1604, 1171, 1876], [106, 179, 1665], [842, 1801, 982], [748, 126, 944], [1751, 1506, 1379], [1935, 240, 952], [525, 401, 1541], [1331, 992, 1188], [681, 81, 302],
[1593, 1429, 1237], [1268, 1033, 407], [1143, 1139, 586], [364, 1538, 1944], [903, 1843, 70], [1848, 1593, 1133], [1226, 1085, 1373], [1735, 1610, 1774], [1276, 497, 322], [463, 1178, 1962],
[322, 327, 1390], [1559, 1595, 1980], [1523, 294, 675], [1666, 215, 1770], [1609, 1119, 1612], [1236, 966, 762], [368, 191, 1847], [1742, 1926, 1456], [1072, 758, 1953], [952, 1221, 687],
[913, 1100, 1014], [1860, 215, 166], [1840, 1738, 17], [71, 1403, 233], [1842, 1012, 1352], [1010, 247, 317], [1772, 616, 65], [1175, 1915, 1548], [630, 543, 306], [139, 1495, 1084],
[383, 1965, 184], [1398, 1825, 399], [1121, 1221, 1695], [1138, 849, 1097], [1371, 690, 1666], [279, 1258, 1471], [596, 1029, 1644], [218, 204, 1115], [1767, 391, 1658], [1630, 88, 710],
[713, 471, 674], [454, 1426, 498], [411, 546, 1276], [105, 1242, 125], [759, 612, 372], [425, 449, 1630], [1896, 602, 659], [1096, 821, 420]]
[[2, 10, 10, 4], [10, 0, 10, 7], [7, 6, 8, 4], [10, 10, 0, 7], [7, 1, 2, 9], [6, 6, 10, 6], [2, 4, 10, 3], [0, 0, 6, 0], [8, 6, 5, 6], [4, 2, 0, 0],
[9, 8, 4, 6], [8, 2, 2, 2], [1, 2, 9, 7], [8, 9, 1, 9], [0, 0, 1, 1], [9, 6, 10, 6], [1, 2, 10, 3], [5, 0, 3, 1], [8, 5, 5, 3], [7, 8, 4, 6],
[8, 2, 2, 4], [9, 1, 2, 10], [1, 1, 9, 8], [7, 8, 2, 6], [0, 1, 9, 3], [1, 1, 4, 8], [4, 9, 9, 9], [4, 2, 4, 0], [5, 5, 4, 3], [6, 6, 0, 6],
[7, 9, 3, 4], [7, 3, 8, 5], [5, 7, 8, 4], [6, 10, 10, 0], [6, 9, 7, 9], [0, 10, 9, 3], [4, 2, 5, 8], [6, 5, 3, 2], [2, 5, 4, 7], [8, 2, 1, 0],
[7, 7, 5, 2], [4, 4, 0, 10], [0, 8, 6, 10], [7, 4, 0, 9], [6, 5, 6, 1], [9, 8, 2, 0], [0, 4, 5, 8], [4, 4, 7, 0], [0, 1, 1, 2], [3, 1, 10, 2],
[7, 6, 1, 1], [8, 10, 10, 4], [5, 4, 3, 1], [1, 3, 10, 10], [8, 4, 7, 10], [8, 1, 9, 6], [2, 10, 6, 4], [0, 5, 4, 6], [9, 5, 7, 7], [2, 7, 9, 7],
[9, 10, 6, 8], [3, 3, 7, 9], [7, 1, 6, 2], [3, 4, 6, 3], [3, 1, 7, 2], [5, 0, 8, 3], [3, 4, 8, 4], [9, 6, 9, 7]]
[1, 1, 0.333333, 0.333333, 0.333333, 0.333333, 0.333333, 0.333333, 0.111111, 0.111111,
0.111111, 0.111111, 0.111111, 0.111111, 0.037037, 0.037037, 0.037037, 0.037037, 0.037037, 0.037037,
0.0123457, 0.0123457, 0.0123457, 0.0123457, 0.0123457, 0.0123457, 0.00411523, 0.00411523, 0.00411523, 0.00411523,
0.00411523, 0.00411523, 0.00137174, 0.00137174, 0.00137174, 0.00137174, 0.00137174, 0.00137174, 0.000457247, 0.000457247,
0.000457247, 0.000457247, 0.000457247, 0.000457247, 0.000152416, 0.000152416, 0.000152416, 0.000152416, 0.000152416, 0.000152416,
5.08053e-05, 5.08053e-05, 5.08053e-05, 5.08053e-05, 5.08053e-05, 5.08053e-05, 1.69351e-05, 1.69351e-05, 1.69351e-05, 1.69351e-05,
1.69351e-05, 1.69351e-05, 5.64503e-06, 5.64503e-06, 5.64503e-06, 5.64503e-06, 5.64503e-06, 5.64503e-06]
[10, 5, 9, 1, 2, 5, 10, 4, 0, 1,
10, 9, 7, 5, 8, 6, 6, 5, 2, 1,
8, 9, 6, 0, 1, 0, 6, 0, 10, 7,
3, 3, 2, 2, 0, 5, 7, 10, 5, 7,
8, 4, 2, 5, 6, 9, 2, 5, 6, 7,
6, 8, 4, 3, 3, 0, 3, 2, 5, 7,
5, 7, 2, 1, 4, 10, 7, 8]
------------------------------------------------------- 
# stage = 12	# children c = 3	length of each stage p = 2	nodes = 67	# items I = 1
