[19, 98, 9, 57, 2, 68, 56, 5, 92, 45,
50, 78, 65, 79, 60, 75, 52, 68, 48, 92,
87, 55, 41, 27, 88, 46, 25, 63, 29, 72,
87, 15, 69, 62, 72, 71, 29, 94, 42, 87,
39, 93, 65, 70, 37, 91, 44, 90, 59, 59,
47, 45, 13, 88, 73, 68, 100, 64, 30, 96,
2, 83, 10, 71, 45, 48, 8, 40, 42, 50,
27, 47, 8, 92, 16, 12, 82, 26, 1, 6,
85, 14, 52, 65, 1, 91, 99, 1, 54, 95,
97, 56, 78, 73, 94, 89, 20, 68, 28, 28,
84, 55, 75, 93, 12, 57, 4, 61, 84, 72,
67, 34, 52, 85, 65, 53, 41, 63, 20, 62,
58, 83, 84, 1, 21, 77, 90, 8, 10, 84]
[[997, 162, 1771], [821, 679, 191], [1054, 588, 844], [1673, 158, 470], [599, 1641, 503], [1184, 1851, 952], [3, 949, 256], [921, 6, 985], [758, 69, 1611], [1112, 201, 845],
[1489, 1198, 727], [1373, 132, 1406], [1564, 905, 1714], [240, 692, 1872], [429, 1010, 1345], [651, 307, 1029], [1603, 310, 91], [1859, 950, 1703], [676, 1708, 1772], [401, 652, 1692],
[1246, 254, 1004], [1692, 1346, 855], [931, 742, 1761], [758, 701, 566], [743, 1130, 1576], [1808, 1782, 1603], [950, 1217, 1632], [760, 909, 415], [577, 1585, 1842], [462, 1705, 608],
[1874, 784, 581], [991, 589, 1647], [1846, 1520, 502], [1720, 391, 1204], [118, 854, 447], [1695, 775, 61], [1130, 1444, 1279], [875, 317, 301], [1009, 894, 1605], [965, 1076, 1424],
[1292, 1063, 321], [1873, 167, 910], [1633, 1732, 263], [1855, 1285, 373], [1172, 1403, 1227], [1338, 1211, 1721], [1400, 173, 1278], [511, 1049, 1596], [812, 1777, 603], [530, 855, 1398],
[67, 260, 574], [107, 1853, 460], [737, 1318, 306], [1000, 1286, 1591], [1373, 571, 826], [433, 1629, 1757], [267, 1142, 43], [1546, 1372, 811], [1255, 297, 702], [1577, 546, 1557],
[1089, 333, 1537], [1382, 440, 1503], [1843, 896, 653], [1868, 9, 53], [1291, 1102, 343], [230, 1535, 85], [100, 1521, 946], [1750, 1180, 431], [674, 267, 447], [1376, 1564, 994],
[766, 485, 1327], [416, 1867, 1486], [1638, 1542, 496], [404, 1242, 224], [176, 365, 1326], [520, 315, 693], [605, 415, 328], [1271, 278, 1227], [1702, 672, 1214], [263, 161, 891],
[976, 927, 1376], [135, 1062, 1075], [1621, 532, 450], [1836, 656, 1411], [174, 832, 1777], [1219, 1352, 205], [1632, 1677, 339], [73, 1061, 337], [1019, 595, 1009], [346, 577, 889],
[1237, 1553, 1536], [445, 1688, 711], [1240, 1142, 963], [1409, 1091, 1619], [933, 984, 283], [542, 36, 1636], [466, 1668, 1145], [525, 1460, 319], [862, 592, 914], [1590, 939, 1211],
[592, 289, 877], [1847, 454, 398], [672, 1413, 1259], [1354, 935, 463], [805, 1587, 1167], [1088, 1849, 1203], [837, 428, 984], [95, 672, 557], [133, 1534, 1149], [767, 956, 1807],
[91, 1268, 1816], [687, 1228, 383], [1085, 1619, 1796], [457, 1086, 563], [640, 4, 1869], [1526, 1093, 1831], [561, 1649, 92], [1545, 1464, 764], [1821, 1316, 131], [802, 196, 1087],
[723, 6, 187], [371, 413, 1416], [754, 1498, 1148], [382, 1675, 67], [664, 147, 71], [646, 1392, 883], [591, 66, 365], [402, 1330, 1548], [1166, 1264, 977], [1016, 1785, 893]]
[[3, 10, 3, 4], [0, 4, 0, 0], [1, 8, 3, 3], [6, 5, 3, 0], [0, 9, 0, 8], [0, 3, 0, 2], [6, 2, 0, 9], [6, 2, 0, 9], [1, 1, 0, 1], [6, 10, 1, 5],
[7, 2, 8, 0], [7, 10, 1, 6], [8, 1, 1, 6], [2, 10, 8, 6], [1, 8, 4, 7], [9, 2, 4, 10], [4, 2, 10, 10], [1, 9, 2, 9], [1, 9, 9, 6], [8, 10, 10, 5],
[9, 9, 9, 0], [9, 6, 6, 10], [2, 8, 5, 0], [9, 7, 8, 2], [9, 7, 10, 0], [6, 1, 7, 5], [10, 3, 9, 5], [3, 9, 8, 10], [7, 6, 0, 5], [2, 4, 3, 2],
[0, 6, 2, 9], [2, 8, 9, 0], [5, 6, 9, 9], [5, 3, 3, 3], [7, 10, 8, 8], [8, 6, 7, 3], [1, 5, 6, 1], [8, 9, 3, 8], [2, 3, 6, 4], [1, 2, 3, 4],
[8, 1, 0, 2], [3, 1, 5, 10], [0, 3, 7, 9], [7, 3, 10, 6], [7, 5, 8, 4], [2, 9, 1, 4], [0, 5, 9, 10], [7, 1, 1, 2], [0, 1, 4, 3], [2, 10, 0, 2],
[0, 7, 9, 7], [9, 8, 0, 5], [3, 8, 9, 5], [5, 8, 7, 3], [2, 5, 2, 7], [4, 3, 9, 3], [4, 2, 4, 6], [10, 5, 6, 8], [10, 5, 4, 8], [2, 5, 0, 3],
[0, 9, 6, 3], [4, 3, 6, 6], [6, 8, 2, 9], [9, 0, 10, 0], [1, 3, 4, 0], [6, 0, 7, 6], [5, 9, 1, 5], [3, 0, 9, 2], [7, 2, 3, 1], [5, 10, 7, 10],
[5, 8, 8, 2], [6, 7, 2, 7], [8, 7, 6, 4], [5, 2, 8, 8], [0, 7, 2, 2], [7, 9, 2, 4], [10, 5, 3, 4], [2, 10, 1, 8], [5, 7, 10, 1], [3, 10, 6, 10],
[4, 1, 1, 9], [1, 9, 4, 0], [3, 5, 2, 9], [3, 2, 0, 0], [5, 3, 3, 8], [2, 4, 5, 6], [1, 2, 7, 2], [10, 2, 1, 4], [2, 2, 0, 3], [9, 3, 3, 2],
[8, 3, 9, 9], [3, 9, 10, 9], [1, 2, 6, 1], [6, 9, 7, 7], [9, 1, 8, 8], [4, 9, 10, 6], [10, 9, 7, 8], [1, 9, 8, 9], [10, 6, 7, 3], [2, 6, 10, 3],
[8, 5, 3, 2], [1, 10, 7, 10], [10, 4, 5, 3], [3, 3, 7, 2], [1, 1, 8, 2], [8, 6, 9, 8], [10, 3, 9, 2], [10, 6, 3, 5], [0, 6, 7, 10], [4, 4, 9, 3],
[8, 1, 4, 9], [4, 0, 9, 5], [10, 7, 5, 8], [0, 1, 3, 10], [5, 10, 10, 2], [5, 3, 7, 3], [7, 2, 2, 0], [6, 9, 3, 1], [8, 5, 9, 2], [3, 7, 5, 3],
[1, 9, 9, 10], [10, 10, 8, 4], [9, 7, 4, 1], [8, 1, 4, 5], [3, 4, 5, 7], [0, 7, 6, 8], [1, 2, 10, 3], [10, 3, 6, 9], [1, 2, 9, 0], [1, 6, 3, 10]]
[1, 1, 1, 1, 1, 0.2, 0.2, 0.2, 0.2, 0.2,
0.2, 0.2, 0.2, 0.2, 0.2, 0.2, 0.2, 0.2, 0.2, 0.2,
0.2, 0.2, 0.2, 0.2, 0.2, 0.2, 0.2, 0.2, 0.2, 0.2,
0.04, 0.04, 0.04, 0.04, 0.04, 0.04, 0.04, 0.04, 0.04, 0.04,
0.04, 0.04, 0.04, 0.04, 0.04, 0.04, 0.04, 0.04, 0.04, 0.04,
0.04, 0.04, 0.04, 0.04, 0.04, 0.008, 0.008, 0.008, 0.008, 0.008,
0.008, 0.008, 0.008, 0.008, 0.008, 0.008, 0.008, 0.008, 0.008, 0.008,
0.008, 0.008, 0.008, 0.008, 0.008, 0.008, 0.008, 0.008, 0.008, 0.008,
0.0016, 0.0016, 0.0016, 0.0016, 0.0016, 0.0016, 0.0016, 0.0016, 0.0016, 0.0016,
0.0016, 0.0016, 0.0016, 0.0016, 0.0016, 0.0016, 0.0016, 0.0016, 0.0016, 0.0016,
0.0016, 0.0016, 0.0016, 0.0016, 0.0016, 0.00032, 0.00032, 0.00032, 0.00032, 0.00032,
0.00032, 0.00032, 0.00032, 0.00032, 0.00032, 0.00032, 0.00032, 0.00032, 0.00032, 0.00032,
0.00032, 0.00032, 0.00032, 0.00032, 0.00032, 0.00032, 0.00032, 0.00032, 0.00032, 0.00032]
[18, 10, 11, 11, 6, 9, 1, 2, 6, 2,
1, 6, 3, 12, 16, 0, 1, 15, 11, 4,
9, 14, 7, 14, 5, 4, 15, 10, 6, 8,
9, 17, 16, 1, 18, 3, 13, 17, 5, 9,
0, 17, 18, 8, 7, 3, 3, 2, 12, 8,
5, 14, 3, 14, 18, 17, 11, 11, 18, 10,
15, 17, 12, 16, 0, 13, 11, 18, 18, 1,
11, 11, 12, 11, 2, 12, 9, 13, 4, 4,
10, 6, 2, 16, 15, 13, 14, 8, 7, 13,
15, 1, 7, 8, 0, 12, 5, 12, 2, 6,
18, 0, 3, 15, 2, 13, 9, 3, 4, 8,
18, 11, 17, 12, 4, 8, 12, 12, 13, 4,
15, 10, 10, 0, 0, 12, 7, 4, 18, 15]
------------------------------------------------------- 
# stage = 6	# children c = 5	length of each stage p = 5	nodes = 129	# items I = 1
