[19, 92, 18, 78, 60, 89, 91, 3, 43, 4,
65, 14, 13, 46, 82, 100, 47, 75, 20, 0,
18, 2, 78, 93, 69, 8, 42, 75, 27, 58,
97, 46, 49, 14, 90, 76, 69, 80, 79, 11,
50, 43, 92, 64]
[[824, 7, 79], [230, 109, 154], [757, 168, 741], [418, 113, 793], [559, 354, 197], [215, 719, 522], [71, 112, 404], [714, 123, 73], [814, 405, 644], [662, 438, 247],
[572, 431, 254], [652, 533, 236], [806, 458, 276], [587, 45, 389], [548, 476, 743], [745, 692, 503], [436, 635, 615], [712, 518, 738], [657, 372, 311], [470, 202, 621],
[589, 646, 92], [715, 466, 625], [823, 313, 252], [267, 68, 169], [656, 489, 645], [568, 274, 377], [239, 582, 181], [726, 334, 571], [632, 160, 111], [815, 502, 185],
[604, 259, 831], [697, 14, 466], [362, 6, 779], [486, 273, 719], [527, 98, 376], [341, 538, 523], [590, 649, 273], [643, 543, 608], [382, 215, 640], [493, 198, 182],
[678, 802, 313], [550, 539, 327], [184, 70, 333], [3, 428, 607]]
[[9, 4, 5, 4], [0, 8, 10, 0], [8, 5, 6, 10], [1, 1, 5, 3], [5, 6, 7, 0], [4, 0, 6, 9], [5, 6, 9, 7], [0, 4, 1, 9], [8, 5, 0, 7], [0, 0, 7, 6],
[3, 1, 6, 2], [2, 9, 5, 8], [3, 10, 6, 7], [0, 1, 5, 3], [7, 2, 8, 5], [6, 10, 3, 1], [2, 4, 8, 2], [2, 3, 7, 3], [4, 0, 5, 6], [9, 8, 1, 1],
[8, 7, 7, 6], [6, 1, 9, 2], [1, 4, 5, 7], [3, 9, 9, 3], [0, 4, 4, 0], [7, 0, 3, 9], [0, 6, 5, 7], [3, 4, 9, 0], [10, 5, 4, 5], [4, 2, 6, 6],
[7, 0, 0, 8], [7, 7, 10, 5], [1, 3, 3, 8], [1, 6, 5, 1], [1, 10, 6, 3], [1, 4, 1, 9], [7, 6, 4, 10], [6, 8, 3, 0], [6, 3, 9, 1], [0, 6, 6, 1],
[9, 10, 7, 8], [3, 1, 9, 3], [9, 2, 6, 9], [5, 7, 7, 1]]
[1, 1, 0.333333, 0.333333, 0.333333, 0.333333, 0.333333, 0.333333, 0.111111, 0.111111,
0.111111, 0.111111, 0.111111, 0.111111, 0.037037, 0.037037, 0.037037, 0.037037, 0.037037, 0.037037,
0.0123457, 0.0123457, 0.0123457, 0.0123457, 0.0123457, 0.0123457, 0.00411523, 0.00411523, 0.00411523, 0.00411523,
0.00411523, 0.00411523, 0.00137174, 0.00137174, 0.00137174, 0.00137174, 0.00137174, 0.00137174, 0.000457247, 0.000457247,
0.000457247, 0.000457247, 0.000457247, 0.000457247]
[3, 8, 1, 11, 14, 6, 4, 6, 16, 0,
2, 0, 12, 11, 12, 1, 9, 14, 16, 15,
5, 4, 2, 6, 8, 11, 6, 4, 0, 11,
3, 1, 12, 14, 6, 16, 0, 3, 4, 3,
15, 5, 7, 14]
------------------------------------------------------- 
# stage = 8	# children c = 3	length of each stage p = 2	nodes = 43	# items I = 1
