[77, 38, 7, 56, 99, 22, 10, 55, 40, 57,
91, 94, 18, 74, 85, 100, 1, 3, 82, 8,
74, 80, 90, 12, 11, 37, 67, 94, 28, 85,
83, 4, 22, 56, 60, 20, 78, 36, 41, 17,
93, 32, 77, 77, 5, 61, 76, 74, 30, 57,
82, 70, 37, 72, 49, 48, 8, 82, 7, 2,
66, 56, 6, 54, 78, 32, 74, 55, 68, 81,
38, 26, 12, 15, 3, 85, 42, 45, 58, 39,
2, 39, 8, 5, 77, 23, 19, 51, 4, 26,
53, 36, 48, 59, 90, 25, 91, 29, 80, 24,
10, 84, 17, 89, 65, 87, 39, 74, 31, 97,
12, 100, 2, 87, 4, 45, 10, 23, 97, 81,
49, 49, 17, 97, 75, 73, 88, 31, 2, 67,
56, 79, 17, 39, 33, 48, 92, 73, 21, 89,
35, 33, 89, 37, 20, 93, 83, 30, 16, 45,
77, 31, 94, 94, 28, 34, 67, 82, 66, 35,
15, 88, 80, 32, 26, 79, 80, 84, 51, 68,
72, 87, 0, 60, 90, 87, 53, 38, 83, 35]
[[355, 419, 65], [933, 1083, 477], [463, 1033, 812], [315, 580, 406], [860, 1027, 194], [919, 1043, 615], [168, 78, 142], [858, 440, 251], [952, 588, 1044], [14, 517, 144],
[949, 872, 995], [361, 720, 993], [838, 530, 288], [565, 846, 868], [971, 1053, 157], [512, 235, 115], [475, 835, 194], [1049, 608, 634], [647, 907, 569], [606, 921, 1],
[97, 132, 220], [439, 926, 287], [347, 679, 817], [1067, 592, 1010], [851, 910, 326], [355, 770, 993], [471, 160, 743], [12, 556, 266], [1078, 118, 89], [562, 724, 357],
[563, 168, 922], [783, 607, 110], [1070, 301, 136], [149, 283, 728], [75, 481, 986], [833, 837, 671], [741, 655, 178], [399, 667, 81], [12, 660, 199], [533, 137, 270],
[891, 47, 438], [75, 177, 1045], [185, 594, 693], [321, 743, 976], [397, 165, 805], [298, 998, 557], [316, 1, 127], [926, 400, 141], [1007, 845, 148], [553, 293, 285],
[823, 99, 764], [176, 606, 288], [568, 138, 882], [176, 460, 972], [499, 204, 485], [219, 502, 830], [123, 165, 832], [682, 438, 579], [823, 792, 339], [971, 260, 633],
[603, 1083, 79], [714, 174, 686], [1002, 89, 824], [146, 697, 631], [34, 111, 835], [519, 763, 684], [696, 886, 196], [443, 916, 634], [1023, 1, 773], [277, 320, 1033],
[257, 270, 1031], [337, 985, 552], [370, 249, 641], [541, 396, 253], [520, 862, 797], [270, 728, 475], [302, 339, 708], [930, 783, 971], [480, 68, 973], [600, 777, 208],
[549, 1035, 478], [495, 719, 810], [395, 4, 1060], [1036, 977, 803], [637, 412, 580], [349, 30, 223], [171, 332, 562], [226, 177, 692], [113, 4, 760], [1, 605, 453],
[641, 501, 835], [466, 996, 469], [192, 738, 473], [599, 690, 365], [317, 674, 125], [244, 370, 155], [467, 541, 919], [376, 114, 11], [1069, 227, 448], [744, 660, 400],
[544, 648, 901], [294, 30, 159], [763, 654, 898], [151, 600, 935], [949, 264, 524], [421, 508, 894], [576, 322, 782], [410, 698, 896], [853, 682, 471], [216, 774, 478],
[1048, 233, 42], [864, 528, 504], [371, 206, 505], [184, 790, 20], [34, 1, 284], [990, 422, 139], [799, 998, 461], [928, 323, 74], [86, 523, 104], [557, 740, 878],
[383, 50, 26], [857, 915, 554], [708, 201, 108], [128, 817, 898], [580, 198, 899], [211, 103, 236], [350, 249, 581], [158, 524, 251], [664, 610, 774], [768, 515, 861],
[993, 898, 912], [1020, 670, 89], [921, 725, 722], [1029, 853, 454], [842, 780, 652], [3, 991, 102], [671, 688, 783], [167, 193, 222], [850, 857, 832], [972, 541, 262],
[748, 449, 507], [1007, 816, 524], [11, 653, 164], [733, 1029, 364], [534, 134, 59], [533, 137, 397], [635, 809, 432], [765, 323, 625], [987, 521, 398], [82, 408, 286],
[344, 71, 735], [199, 1079, 899], [723, 437, 899], [235, 86, 843], [599, 620, 977], [6, 69, 462], [403, 51, 186], [836, 817, 941], [808, 66, 377], [121, 148, 785],
[407, 925, 204], [490, 39, 630], [736, 109, 1067], [550, 344, 500], [308, 291, 36], [633, 297, 537], [10, 47, 1020], [628, 883, 99], [916, 1039, 598], [209, 75, 746],
[341, 915, 586], [977, 752, 1057], [522, 403, 514], [937, 953, 858], [352, 608, 64], [820, 588, 361], [704, 598, 841], [1072, 573, 639], [86, 405, 1025], [684, 1046, 16]]
[[5, 8, 4, 2], [5, 1, 8, 7], [8, 7, 2, 7], [3, 4, 5, 9], [9, 2, 0, 3], [4, 10, 3, 0], [5, 7, 7, 5], [10, 0, 4, 5], [8, 7, 7, 2], [8, 2, 8, 3],
[10, 8, 10, 0], [2, 4, 8, 0], [5, 6, 1, 9], [5, 5, 7, 0], [10, 4, 5, 9], [4, 8, 1, 10], [4, 6, 1, 1], [9, 7, 3, 6], [5, 2, 6, 7], [5, 1, 5, 10],
[8, 6, 8, 2], [9, 5, 0, 8], [7, 4, 7, 9], [10, 6, 8, 3], [0, 7, 2, 9], [2, 5, 2, 7], [6, 6, 1, 0], [8, 4, 8, 5], [8, 5, 5, 7], [8, 4, 4, 2],
[6, 9, 9, 5], [3, 4, 8, 3], [1, 8, 10, 1], [1, 1, 8, 7], [7, 7, 5, 2], [9, 2, 7, 6], [5, 0, 0, 1], [2, 3, 3, 8], [1, 2, 2, 4], [6, 8, 7, 5],
[5, 6, 6, 4], [5, 1, 0, 0], [6, 5, 2, 4], [7, 8, 9, 0], [8, 9, 1, 8], [1, 2, 5, 1], [4, 7, 5, 9], [2, 0, 1, 5], [4, 6, 10, 8], [5, 10, 8, 1],
[3, 10, 5, 8], [7, 3, 8, 2], [0, 9, 10, 1], [1, 4, 2, 3], [9, 6, 10, 0], [4, 10, 4, 6], [5, 3, 3, 10], [2, 0, 9, 5], [0, 4, 3, 5], [5, 9, 8, 5],
[8, 5, 7, 7], [8, 7, 8, 4], [0, 6, 3, 4], [5, 7, 0, 8], [10, 3, 5, 10], [4, 4, 5, 2], [6, 6, 5, 0], [4, 2, 4, 10], [6, 9, 4, 1], [5, 0, 5, 4],
[6, 8, 8, 9], [2, 8, 4, 1], [10, 9, 1, 1], [0, 4, 1, 6], [8, 6, 5, 10], [7, 9, 8, 2], [5, 10, 1, 8], [10, 6, 1, 3], [2, 10, 1, 4], [5, 3, 4, 2],
[2, 3, 3, 0], [5, 2, 5, 2], [9, 8, 10, 5], [4, 7, 5, 9], [5, 6, 6, 4], [10, 8, 6, 1], [7, 5, 4, 10], [9, 8, 2, 9], [9, 3, 9, 3], [6, 1, 3, 4],
[9, 2, 7, 2], [8, 1, 0, 2], [5, 7, 4, 4], [4, 10, 4, 9], [5, 8, 6, 1], [3, 8, 10, 1], [1, 8, 4, 7], [8, 5, 9, 6], [7, 5, 9, 2], [4, 9, 2, 7],
[3, 5, 9, 5], [2, 2, 1, 7], [8, 8, 8, 0], [5, 5, 10, 4], [1, 1, 9, 9], [6, 7, 4, 1], [10, 2, 1, 1], [10, 4, 8, 0], [7, 7, 6, 9], [7, 5, 6, 5],
[2, 1, 3, 6], [7, 1, 10, 8], [2, 9, 4, 7], [3, 8, 8, 3], [9, 7, 4, 8], [0, 0, 6, 5], [5, 1, 4, 1], [5, 8, 4, 7], [9, 8, 2, 3], [7, 0, 9, 9],
[9, 2, 5, 10], [9, 0, 2, 7], [6, 5, 2, 4], [5, 8, 10, 10], [10, 3, 9, 4], [0, 3, 9, 7], [9, 10, 0, 5], [10, 7, 3, 6], [8, 7, 5, 6], [5, 6, 2, 0],
[0, 4, 5, 3], [1, 2, 0, 9], [5, 9, 0, 5], [10, 10, 1, 8], [7, 10, 2, 6], [7, 4, 10, 4], [9, 4, 10, 1], [8, 10, 0, 6], [3, 3, 9, 2], [5, 7, 1, 10],
[4, 10, 2, 3], [7, 3, 1, 3], [3, 1, 9, 8], [5, 8, 10, 1], [0, 7, 3, 8], [6, 3, 2, 7], [6, 0, 9, 9], [6, 10, 8, 10], [8, 10, 2, 4], [0, 1, 8, 1],
[3, 4, 9, 6], [0, 8, 8, 0], [2, 0, 6, 8], [1, 8, 4, 5], [7, 3, 3, 0], [0, 9, 10, 8], [8, 10, 0, 8], [1, 8, 10, 4], [1, 6, 10, 1], [2, 5, 10, 4],
[3, 4, 0, 4], [10, 4, 7, 4], [5, 10, 4, 6], [8, 1, 1, 3], [1, 1, 10, 2], [7, 7, 4, 7], [2, 3, 8, 2], [7, 6, 5, 10], [10, 5, 2, 7], [9, 9, 1, 2],
[7, 3, 6, 2], [5, 5, 6, 6], [7, 3, 6, 1], [10, 10, 8, 10], [0, 4, 0, 7], [10, 5, 7, 7], [10, 9, 1, 6], [5, 2, 8, 1], [4, 1, 2, 9], [7, 6, 2, 1]]
[1, 1, 1, 1, 1, 0.2, 0.2, 0.2, 0.2, 0.2,
0.2, 0.2, 0.2, 0.2, 0.2, 0.2, 0.2, 0.2, 0.2, 0.2,
0.2, 0.2, 0.2, 0.2, 0.2, 0.2, 0.2, 0.2, 0.2, 0.2,
0.04, 0.04, 0.04, 0.04, 0.04, 0.04, 0.04, 0.04, 0.04, 0.04,
0.04, 0.04, 0.04, 0.04, 0.04, 0.04, 0.04, 0.04, 0.04, 0.04,
0.04, 0.04, 0.04, 0.04, 0.04, 0.008, 0.008, 0.008, 0.008, 0.008,
0.008, 0.008, 0.008, 0.008, 0.008, 0.008, 0.008, 0.008, 0.008, 0.008,
0.008, 0.008, 0.008, 0.008, 0.008, 0.008, 0.008, 0.008, 0.008, 0.008,
0.0016, 0.0016, 0.0016, 0.0016, 0.0016, 0.0016, 0.0016, 0.0016, 0.0016, 0.0016,
0.0016, 0.0016, 0.0016, 0.0016, 0.0016, 0.0016, 0.0016, 0.0016, 0.0016, 0.0016,
0.0016, 0.0016, 0.0016, 0.0016, 0.0016, 0.00032, 0.00032, 0.00032, 0.00032, 0.00032,
0.00032, 0.00032, 0.00032, 0.00032, 0.00032, 0.00032, 0.00032, 0.00032, 0.00032, 0.00032,
0.00032, 0.00032, 0.00032, 0.00032, 0.00032, 0.00032, 0.00032, 0.00032, 0.00032, 0.00032,
6.4e-05, 6.4e-05, 6.4e-05, 6.4e-05, 6.4e-05, 6.4e-05, 6.4e-05, 6.4e-05, 6.4e-05, 6.4e-05,
6.4e-05, 6.4e-05, 6.4e-05, 6.4e-05, 6.4e-05, 6.4e-05, 6.4e-05, 6.4e-05, 6.4e-05, 6.4e-05,
6.4e-05, 6.4e-05, 6.4e-05, 6.4e-05, 6.4e-05, 1.28e-05, 1.28e-05, 1.28e-05, 1.28e-05, 1.28e-05,
1.28e-05, 1.28e-05, 1.28e-05, 1.28e-05, 1.28e-05, 1.28e-05, 1.28e-05, 1.28e-05, 1.28e-05, 1.28e-05,
1.28e-05, 1.28e-05, 1.28e-05, 1.28e-05, 1.28e-05, 1.28e-05, 1.28e-05, 1.28e-05, 1.28e-05, 1.28e-05]
[5, 9, 3, 5, 9, 1, 6, 10, 3, 7,
3, 10, 4, 6, 8, 6, 7, 2, 1, 8,
1, 5, 6, 5, 5, 1, 5, 10, 7, 0,
9, 5, 9, 5, 9, 8, 10, 5, 4, 1,
9, 3, 1, 9, 4, 0, 1, 7, 8, 7,
0, 7, 2, 4, 10, 10, 5, 8, 1, 2,
0, 5, 1, 7, 10, 3, 4, 7, 8, 7,
3, 2, 7, 2, 3, 0, 2, 1, 4, 10,
0, 0, 7, 7, 5, 9, 8, 4, 7, 8,
10, 0, 0, 0, 6, 4, 9, 9, 8, 8,
5, 9, 4, 1, 8, 7, 5, 2, 5, 7,
0, 5, 3, 2, 4, 2, 3, 7, 10, 3,
5, 0, 3, 2, 3, 5, 5, 8, 0, 6,
7, 10, 6, 0, 2, 0, 10, 5, 9, 5,
10, 9, 7, 1, 3, 6, 2, 5, 8, 1,
4, 4, 6, 3, 2, 2, 6, 5, 5, 4,
2, 5, 2, 10, 0, 9, 6, 5, 9, 4,
1, 0, 4, 6, 0, 5, 7, 2, 6, 9]
------------------------------------------------------- 
# stage = 8	# children c = 5	length of each stage p = 5	nodes = 179	# items I = 1
