[47, 68, 8, 57, 80, 20, 11, 18, 88, 30,
7, 96, 24, 3, 5, 82, 94, 3, 65, 41,
98, 30, 9, 7, 35, 85, 27, 16, 36, 62,
18, 83, 97, 26, 5, 76, 13, 17, 61, 0,
47, 68, 62, 71, 71, 68, 53, 31, 37, 84,
72, 34]
[[197, 411, 405], [608, 1898, 558], [1447, 1778, 10], [834, 1674, 1557], [1014, 1829, 866], [760, 400, 1463], [1599, 305, 1798], [181, 1273, 172], [726, 592, 1336], [1463, 1893, 1411],
[1491, 714, 1823], [1896, 1322, 1659], [1078, 1394, 0], [1088, 852, 298], [1270, 490, 752], [74, 1936, 1152], [1538, 1474, 1457], [1274, 279, 1354], [70, 1005, 1947], [30, 406, 402],
[1442, 1897, 1116], [1889, 355, 1062], [110, 1433, 394], [110, 1146, 1246], [1095, 354, 1736], [1847, 428, 1611], [937, 590, 1709], [1018, 489, 612], [997, 559, 1617], [1568, 590, 647],
[1970, 656, 1169], [1024, 483, 148], [710, 593, 206], [1105, 1390, 1352], [975, 423, 330], [1336, 208, 1444], [1571, 1831, 2035], [1904, 1473, 1148], [454, 1094, 331], [695, 600, 1607],
[2028, 508, 201], [1135, 156, 1370], [1970, 867, 588], [114, 596, 1978], [90, 1571, 1025], [420, 1531, 1919], [1864, 1040, 312], [461, 882, 1785], [233, 1336, 818], [565, 655, 1418],
[110, 622, 551], [998, 381, 707]]
[[5, 2, 4, 9], [6, 10, 1, 1], [2, 6, 6, 1], [8, 2, 3, 10], [7, 4, 2, 9], [9, 2, 2, 8], [7, 1, 3, 8], [8, 10, 2, 2], [10, 5, 1, 5], [4, 0, 6, 4],
[7, 2, 5, 4], [2, 9, 3, 9], [0, 5, 7, 7], [5, 7, 5, 2], [6, 8, 8, 4], [5, 0, 4, 4], [3, 3, 8, 7], [4, 3, 10, 0], [3, 4, 4, 5], [0, 5, 1, 10],
[8, 7, 6, 2], [3, 9, 2, 10], [7, 0, 1, 10], [9, 3, 4, 1], [7, 10, 8, 0], [2, 5, 9, 4], [10, 2, 7, 8], [5, 7, 5, 0], [3, 10, 0, 4], [8, 3, 3, 2],
[1, 2, 2, 10], [6, 4, 0, 0], [3, 6, 0, 3], [1, 9, 5, 9], [9, 0, 4, 1], [7, 10, 1, 10], [7, 1, 3, 4], [2, 5, 5, 3], [5, 5, 2, 9], [9, 0, 9, 10],
[7, 7, 0, 6], [5, 4, 2, 1], [4, 6, 2, 0], [3, 1, 8, 10], [1, 9, 2, 3], [1, 5, 7, 5], [10, 7, 3, 6], [8, 2, 5, 2], [7, 3, 6, 2], [7, 8, 1, 0],
[1, 2, 9, 5], [1, 4, 2, 2]]
[1, 1, 0.2, 0.2, 0.2, 0.2, 0.2, 0.2, 0.2, 0.2,
0.2, 0.2, 0.04, 0.04, 0.04, 0.04, 0.04, 0.04, 0.04, 0.04,
0.04, 0.04, 0.008, 0.008, 0.008, 0.008, 0.008, 0.008, 0.008, 0.008,
0.008, 0.008, 0.0016, 0.0016, 0.0016, 0.0016, 0.0016, 0.0016, 0.0016, 0.0016,
0.0016, 0.0016, 0.00032, 0.00032, 0.00032, 0.00032, 0.00032, 0.00032, 0.00032, 0.00032,
0.00032, 0.00032]
[6, 5, 2, 4, 10, 7, 5, 0, 1, 0,
0, 2, 3, 9, 4, 1, 1, 1, 6, 3,
7, 5, 5, 4, 7, 0, 5, 7, 3, 7,
6, 6, 0, 8, 9, 5, 4, 6, 3, 2,
0, 5, 2, 10, 4, 1, 9, 2, 0, 0,
4, 1]
------------------------------------------------------- 
# stage = 6	# children c = 5	length of each stage p = 2	nodes = 51	# items I = 1
