[81, 84, 62, 87, 15, 16, 49, 11, 56, 6,
28, 89, 47, 51, 31, 35, 16, 12, 90, 27,
57, 66, 54, 71, 95, 54, 53, 40, 55, 54,
23, 36, 37, 52, 89, 19, 34, 37, 97, 90,
44, 24, 44, 57, 41, 41, 92, 24, 53, 82,
51, 76, 13, 72, 46, 74, 92, 65, 13, 46,
85, 3, 48, 89, 55, 36, 7, 55, 40, 3,
44, 84, 94, 54, 6, 35, 95, 65, 59, 13,
46, 76, 55, 25, 47, 68, 66, 4, 32, 79,
51, 17, 82, 99, 72, 2, 35, 79, 23, 75,
48, 67, 24, 41, 87, 97, 42, 81, 61, 67]
[[1595, 425, 962], [1540, 1613, 1106], [1354, 1221, 1417], [1903, 942, 1443], [1140, 1388, 1082], [189, 1142, 1877], [855, 1676, 979], [1052, 1501, 1232], [1702, 234, 832], [1314, 952, 1498],
[1406, 559, 1923], [380, 111, 1548], [1484, 1465, 782], [913, 1380, 1724], [370, 534, 1124], [1450, 723, 278], [1340, 1578, 1954], [331, 643, 1469], [1563, 357, 1704], [410, 1671, 668],
[1908, 1089, 1225], [1843, 1467, 1336], [1405, 963, 813], [201, 1876, 207], [1923, 261, 740], [1062, 1709, 1463], [1340, 1063, 1054], [1309, 1393, 1697], [790, 970, 66], [506, 1380, 1735],
[1174, 1300, 836], [411, 1157, 317], [1745, 577, 1278], [572, 776, 1168], [778, 714, 1427], [1518, 1776, 1151], [995, 1128, 226], [61, 451, 1617], [1756, 1242, 602], [1822, 1746, 1980],
[1571, 935, 1295], [419, 1344, 464], [734, 1104, 1039], [26, 1676, 1816], [1195, 466, 544], [634, 1984, 332], [1783, 992, 1460], [22, 1053, 1910], [1639, 822, 1164], [255, 658, 924],
[248, 242, 1857], [1541, 659, 1216], [19, 1394, 334], [1059, 1420, 22], [887, 627, 487], [1429, 1262, 485], [1759, 1059, 1475], [1233, 1081, 541], [1155, 735, 1363], [333, 988, 33],
[1256, 1236, 273], [1127, 791, 933], [355, 809, 341], [687, 1868, 1759], [708, 767, 401], [1195, 210, 1663], [1678, 1969, 734], [1168, 1214, 1816], [1709, 384, 563], [1086, 715, 1549],
[1117, 1971, 798], [1391, 1111, 1587], [338, 1466, 410], [677, 166, 290], [450, 874, 1057], [851, 83, 1265], [526, 1761, 1246], [1259, 943, 475], [1087, 664, 857], [1650, 1748, 1572],
[1211, 880, 1558], [23, 285, 683], [1611, 621, 161], [33, 1298, 327], [322, 1746, 1201], [1379, 610, 1282], [657, 1134, 1056], [1903, 407, 11], [392, 1494, 676], [1247, 1156, 438],
[834, 382, 1318], [404, 403, 1601], [1085, 26, 236], [1246, 60, 1532], [1572, 382, 1291], [785, 1759, 1901], [82, 430, 1049], [1138, 346, 1457], [1147, 736, 963], [1823, 1984, 134],
[274, 832, 516], [1592, 1236, 917], [1206, 333, 944], [1440, 1579, 1002], [987, 1165, 1382], [290, 1949, 1155], [205, 45, 1584], [1252, 1181, 1928], [721, 342, 678], [1685, 178, 676]]
[[0, 6, 2, 4], [10, 9, 7, 2], [4, 5, 1, 7], [3, 8, 7, 3], [8, 6, 10, 4], [2, 1, 3, 8], [5, 0, 6, 8], [6, 0, 1, 5], [7, 1, 9, 6], [10, 3, 8, 1],
[6, 7, 6, 10], [2, 3, 0, 0], [7, 0, 2, 10], [10, 5, 7, 4], [3, 2, 2, 8], [1, 1, 2, 6], [2, 9, 1, 10], [1, 7, 1, 5], [1, 7, 2, 4], [8, 3, 2, 5],
[1, 4, 2, 9], [7, 7, 3, 9], [8, 3, 6, 9], [4, 8, 4, 4], [6, 3, 3, 5], [8, 2, 10, 7], [10, 0, 0, 5], [3, 0, 8, 2], [2, 8, 0, 10], [5, 1, 8, 2],
[4, 1, 9, 6], [9, 0, 8, 2], [1, 1, 5, 7], [3, 2, 3, 0], [2, 2, 4, 3], [2, 10, 5, 5], [8, 4, 2, 2], [5, 8, 2, 8], [7, 0, 1, 5], [9, 10, 5, 10],
[9, 10, 6, 10], [10, 9, 9, 2], [9, 0, 5, 1], [10, 9, 4, 7], [2, 4, 9, 5], [10, 9, 0, 6], [7, 2, 0, 5], [10, 3, 4, 6], [0, 8, 5, 10], [5, 1, 1, 3],
[1, 5, 2, 1], [3, 4, 8, 3], [8, 5, 8, 7], [1, 9, 2, 9], [9, 0, 3, 8], [1, 6, 1, 1], [1, 6, 10, 6], [6, 9, 8, 7], [3, 8, 6, 4], [2, 2, 7, 10],
[7, 3, 5, 6], [1, 7, 4, 8], [6, 6, 3, 7], [1, 4, 9, 0], [8, 6, 7, 3], [4, 2, 9, 6], [10, 4, 10, 10], [6, 7, 10, 0], [8, 4, 7, 7], [9, 9, 4, 4],
[4, 7, 10, 5], [9, 6, 4, 6], [1, 0, 8, 5], [0, 4, 0, 8], [6, 0, 8, 0], [5, 5, 0, 2], [9, 5, 7, 5], [4, 0, 8, 6], [5, 7, 10, 3], [2, 3, 7, 3],
[1, 2, 6, 1], [6, 5, 7, 2], [3, 4, 2, 8], [9, 0, 8, 5], [4, 4, 9, 8], [2, 6, 3, 7], [2, 2, 8, 2], [3, 4, 3, 4], [5, 9, 5, 0], [3, 2, 0, 6],
[4, 2, 1, 1], [1, 7, 6, 5], [9, 2, 0, 0], [8, 1, 5, 8], [2, 2, 8, 5], [5, 0, 10, 10], [8, 2, 8, 9], [2, 9, 3, 7], [9, 4, 8, 10], [10, 1, 2, 6],
[4, 2, 7, 10], [4, 10, 6, 6], [2, 3, 9, 5], [4, 8, 4, 10], [0, 1, 8, 2], [8, 0, 7, 7], [3, 4, 6, 0], [4, 9, 6, 6], [9, 0, 5, 0], [0, 0, 4, 0]]
[1, 1, 1, 1, 1, 0.333333, 0.333333, 0.333333, 0.333333, 0.333333,
0.333333, 0.333333, 0.333333, 0.333333, 0.333333, 0.333333, 0.333333, 0.333333, 0.333333, 0.333333,
0.111111, 0.111111, 0.111111, 0.111111, 0.111111, 0.111111, 0.111111, 0.111111, 0.111111, 0.111111,
0.111111, 0.111111, 0.111111, 0.111111, 0.111111, 0.037037, 0.037037, 0.037037, 0.037037, 0.037037,
0.037037, 0.037037, 0.037037, 0.037037, 0.037037, 0.037037, 0.037037, 0.037037, 0.037037, 0.037037,
0.0123457, 0.0123457, 0.0123457, 0.0123457, 0.0123457, 0.0123457, 0.0123457, 0.0123457, 0.0123457, 0.0123457,
0.0123457, 0.0123457, 0.0123457, 0.0123457, 0.0123457, 0.00411523, 0.00411523, 0.00411523, 0.00411523, 0.00411523,
0.00411523, 0.00411523, 0.00411523, 0.00411523, 0.00411523, 0.00411523, 0.00411523, 0.00411523, 0.00411523, 0.00411523,
0.00137174, 0.00137174, 0.00137174, 0.00137174, 0.00137174, 0.00137174, 0.00137174, 0.00137174, 0.00137174, 0.00137174,
0.00137174, 0.00137174, 0.00137174, 0.00137174, 0.00137174, 0.000457247, 0.000457247, 0.000457247, 0.000457247, 0.000457247,
0.000457247, 0.000457247, 0.000457247, 0.000457247, 0.000457247, 0.000457247, 0.000457247, 0.000457247, 0.000457247, 0.000457247]
[4, 5, 14, 14, 6, 11, 4, 12, 17, 5,
6, 11, 3, 18, 2, 9, 15, 10, 14, 17,
6, 17, 5, 16, 12, 5, 0, 0, 6, 1,
9, 18, 8, 15, 6, 8, 5, 18, 7, 16,
15, 1, 18, 11, 0, 9, 7, 6, 0, 2,
18, 2, 8, 5, 6, 7, 3, 9, 2, 1,
16, 3, 2, 11, 15, 1, 16, 16, 16, 11,
15, 16, 11, 3, 1, 7, 19, 13, 4, 3,
1, 5, 12, 13, 7, 2, 15, 12, 19, 11,
16, 10, 1, 16, 3, 9, 0, 14, 9, 12,
12, 19, 9, 18, 11, 1, 8, 14, 18, 11]
------------------------------------------------------- 
# stage = 8	# children c = 3	length of each stage p = 5	nodes = 109	# items I = 1
