[63, 60, 67, 70, 1, 24, 66, 67, 77, 41,
35, 25, 61, 0, 97, 91, 15, 42, 63, 15,
85, 26, 80, 14, 88, 50, 53, 24, 8, 70,
71, 71, 96, 3, 40, 64, 95, 5, 97, 71,
12, 31, 97, 73, 31, 59, 64, 46, 1, 93,
62, 52, 19, 7, 66, 6, 57, 86, 97, 65,
21, 33, 35, 16, 36, 41, 80, 30, 12, 76,
1, 91]
[[624, 701, 206], [149, 115, 719], [643, 722, 118], [46, 348, 534], [360, 209, 113], [846, 649, 806], [755, 928, 285], [645, 842, 827], [33, 406, 736], [331, 106, 493],
[108, 731, 149], [314, 592, 264], [746, 947, 699], [576, 994, 2], [65, 21, 212], [178, 868, 573], [696, 290, 168], [981, 935, 1011], [763, 968, 84], [454, 1011, 190],
[947, 75, 633], [809, 101, 937], [785, 559, 552], [439, 90, 501], [154, 155, 234], [366, 46, 57], [651, 742, 347], [820, 679, 994], [498, 397, 917], [582, 564, 884],
[484, 178, 671], [73, 987, 484], [722, 440, 1044], [229, 879, 89], [442, 1033, 245], [677, 66, 291], [446, 430, 745], [794, 205, 379], [743, 415, 489], [328, 997, 8],
[924, 436, 186], [262, 221, 886], [746, 656, 281], [745, 885, 872], [835, 1040, 573], [792, 672, 639], [38, 73, 781], [495, 579, 986], [875, 1035, 68], [31, 30, 20],
[39, 954, 169], [982, 171, 102], [535, 917, 470], [816, 330, 311], [356, 120, 18], [929, 912, 690], [235, 662, 475], [1017, 112, 767], [670, 699, 469], [739, 730, 211],
[471, 481, 120], [352, 131, 3], [455, 666, 632], [925, 150, 962], [948, 506, 794], [678, 102, 373], [35, 337, 747], [223, 309, 572], [990, 692, 226], [126, 386, 669],
[337, 857, 862], [169, 922, 705]]
[[1, 0, 9, 7], [8, 2, 7, 6], [2, 9, 2, 6], [5, 10, 1, 6], [5, 10, 0, 0], [7, 5, 10, 1], [3, 10, 8, 0], [6, 9, 3, 5], [7, 10, 2, 3], [1, 7, 9, 3],
[3, 1, 10, 8], [9, 0, 1, 3], [9, 1, 3, 3], [7, 0, 4, 8], [8, 0, 6, 2], [7, 7, 7, 2], [6, 7, 5, 7], [3, 3, 0, 4], [4, 8, 10, 0], [6, 1, 3, 4],
[2, 4, 6, 7], [5, 8, 4, 0], [6, 0, 2, 1], [7, 10, 3, 3], [6, 6, 10, 8], [9, 8, 1, 1], [3, 10, 1, 10], [0, 3, 1, 0], [7, 5, 8, 10], [3, 10, 0, 9],
[8, 0, 10, 3], [10, 0, 6, 4], [6, 3, 1, 3], [10, 0, 2, 2], [10, 3, 10, 8], [4, 1, 7, 1], [6, 2, 9, 7], [1, 7, 6, 8], [8, 3, 0, 5], [2, 4, 9, 8],
[7, 8, 0, 4], [9, 2, 7, 6], [4, 4, 2, 6], [5, 9, 7, 10], [0, 4, 6, 10], [9, 1, 7, 4], [3, 7, 10, 5], [0, 6, 0, 6], [4, 10, 8, 0], [10, 2, 6, 3],
[7, 6, 10, 10], [4, 4, 9, 2], [6, 5, 0, 5], [4, 7, 9, 7], [2, 6, 10, 0], [2, 0, 4, 6], [10, 2, 6, 7], [2, 10, 0, 9], [6, 8, 9, 8], [10, 7, 9, 4],
[10, 9, 7, 4], [5, 5, 9, 5], [1, 7, 4, 1], [5, 8, 7, 2], [8, 0, 9, 0], [8, 7, 7, 1], [2, 5, 8, 2], [0, 6, 4, 8], [4, 0, 1, 7], [5, 9, 2, 4],
[3, 6, 3, 8], [1, 10, 10, 10]]
[1, 1, 0.2, 0.2, 0.2, 0.2, 0.2, 0.2, 0.2, 0.2,
0.2, 0.2, 0.04, 0.04, 0.04, 0.04, 0.04, 0.04, 0.04, 0.04,
0.04, 0.04, 0.008, 0.008, 0.008, 0.008, 0.008, 0.008, 0.008, 0.008,
0.008, 0.008, 0.0016, 0.0016, 0.0016, 0.0016, 0.0016, 0.0016, 0.0016, 0.0016,
0.0016, 0.0016, 0.00032, 0.00032, 0.00032, 0.00032, 0.00032, 0.00032, 0.00032, 0.00032,
0.00032, 0.00032, 6.4e-05, 6.4e-05, 6.4e-05, 6.4e-05, 6.4e-05, 6.4e-05, 6.4e-05, 6.4e-05,
6.4e-05, 6.4e-05, 1.28e-05, 1.28e-05, 1.28e-05, 1.28e-05, 1.28e-05, 1.28e-05, 1.28e-05, 1.28e-05,
1.28e-05, 1.28e-05]
[0, 10, 2, 0, 3, 1, 10, 0, 8, 0,
7, 8, 1, 5, 1, 8, 2, 1, 8, 0,
8, 0, 7, 7, 1, 0, 1, 7, 10, 3,
8, 0, 6, 10, 2, 9, 9, 5, 8, 8,
9, 2, 2, 7, 8, 9, 9, 1, 10, 1,
9, 7, 7, 1, 1, 0, 3, 5, 9, 3,
10, 0, 8, 8, 9, 4, 7, 1, 0, 6,
7, 7]
------------------------------------------------------- 
# stage = 8	# children c = 5	length of each stage p = 2	nodes = 71	# items I = 1
