[54, 77, 86, 46, 1, 91, 30, 98, 48, 7,
25, 11, 32, 74, 60, 100, 39, 72, 0, 96,
8, 51, 46, 88, 60, 44, 68, 58, 12, 61,
27, 67, 37, 12, 12, 4, 70, 43, 69, 84,
16, 60, 95, 14, 34, 55]
[[462, 646, 125], [423, 198, 144], [494, 378, 1223], [1565, 542, 1111], [391, 1024, 963], [1211, 1101, 1294], [163, 748, 1296], [1309, 239, 312], [1468, 1663, 60], [798, 1586, 793],
[538, 462, 1584], [663, 886, 51], [808, 1380, 574], [445, 1214, 1117], [1701, 19, 555], [934, 1230, 70], [497, 1538, 963], [207, 1117, 1203], [520, 999, 1280], [725, 66, 1281],
[1518, 604, 12], [1517, 1413, 898], [1568, 635, 692], [557, 1225, 320], [1674, 1195, 484], [643, 543, 128], [713, 1185, 1667], [1677, 1393, 1198], [1294, 182, 466], [988, 907, 678],
[538, 839, 1427], [551, 625, 1109], [1594, 608, 158], [556, 1165, 1528], [1021, 1253, 993], [1506, 165, 1681], [1634, 1023, 1136], [1715, 1114, 798], [1182, 822, 1125], [1649, 80, 446],
[596, 763, 1285], [437, 1459, 325], [1547, 1468, 933], [119, 438, 512], [1648, 1459, 34], [1055, 1234, 344]]
[[5, 10, 4, 7], [7, 4, 2, 5], [8, 2, 1, 9], [2, 10, 5, 10], [1, 5, 1, 8], [3, 5, 6, 5], [4, 5, 2, 10], [3, 4, 1, 6], [1, 3, 2, 9], [5, 2, 1, 2],
[4, 2, 10, 6], [10, 4, 3, 10], [7, 5, 7, 9], [8, 2, 1, 1], [5, 1, 10, 6], [5, 0, 1, 5], [2, 3, 1, 7], [5, 2, 10, 7], [2, 7, 1, 10], [0, 2, 9, 6],
[5, 5, 4, 3], [5, 5, 2, 0], [7, 1, 6, 10], [0, 6, 4, 2], [9, 3, 9, 2], [5, 6, 7, 5], [2, 6, 5, 1], [9, 3, 7, 3], [7, 9, 6, 1], [1, 9, 1, 8],
[8, 6, 6, 8], [1, 8, 8, 8], [1, 7, 8, 4], [0, 5, 10, 1], [9, 2, 2, 7], [3, 7, 9, 10], [3, 4, 1, 4], [0, 0, 0, 7], [6, 6, 4, 5], [3, 0, 3, 2],
[7, 0, 7, 5], [3, 4, 6, 2], [4, 6, 7, 7], [0, 5, 7, 3], [8, 6, 8, 8], [6, 8, 2, 0]]
[1, 1, 0.5, 0.5, 0.5, 0.5, 0.25, 0.25, 0.25, 0.25,
0.125, 0.125, 0.125, 0.125, 0.0625, 0.0625, 0.0625, 0.0625, 0.03125, 0.03125,
0.03125, 0.03125, 0.015625, 0.015625, 0.015625, 0.015625, 0.0078125, 0.0078125, 0.0078125, 0.0078125,
0.00390625, 0.00390625, 0.00390625, 0.00390625, 0.00195312, 0.00195312, 0.00195312, 0.00195312, 0.000976562, 0.000976562,
0.000976562, 0.000976562, 0.000488281, 0.000488281, 0.000488281, 0.000488281]
[8, 2, 8, 8, 6, 2, 5, 5, 3, 7,
4, 8, 3, 4, 3, 0, 3, 8, 7, 4,
1, 6, 6, 5, 3, 1, 0, 3, 5, 5,
0, 0, 6, 2, 4, 6, 2, 0, 4, 5,
0, 0, 6, 3, 0, 8]
------------------------------------------------------- 
# stage = 12	# children c = 2	length of each stage p = 2	nodes = 45	# items I = 1
