[18, 37, 98, 23, 74, 97, 37, 53, 78, 41,
27, 13, 60, 62, 23, 97, 43, 97, 98, 88,
73, 54, 22, 100, 69, 98, 32, 76, 0, 87,
86, 19, 90, 49, 8, 29, 46, 11, 83, 23,
52, 76, 3, 78, 37, 93]
[[893, 454, 40], [643, 342, 537], [587, 120, 788], [50, 811, 635], [8, 264, 171], [584, 305, 713], [136, 420, 706], [643, 1050, 206], [563, 293, 285], [452, 268, 592],
[459, 100, 496], [500, 743, 839], [487, 270, 409], [725, 831, 159], [299, 289, 424], [982, 873, 179], [84, 1009, 49], [790, 42, 39], [446, 605, 843], [731, 507, 561],
[263, 416, 661], [209, 916, 855], [1048, 853, 575], [396, 1029, 345], [556, 778, 84], [430, 699, 407], [609, 233, 355], [108, 1024, 908], [147, 409, 452], [441, 80, 409],
[1002, 854, 826], [603, 2, 131], [908, 501, 985], [422, 897, 403], [217, 903, 631], [301, 272, 781], [708, 331, 1014], [513, 440, 427], [361, 37, 837], [263, 989, 367],
[673, 931, 671], [438, 984, 123], [569, 281, 624], [1004, 703, 461], [857, 920, 814], [428, 671, 537]]
[[9, 2, 1, 9], [3, 4, 8, 8], [1, 6, 5, 8], [6, 6, 0, 2], [1, 2, 2, 10], [9, 8, 0, 9], [4, 9, 9, 8], [0, 9, 6, 7], [10, 5, 6, 0], [10, 3, 6, 9],
[7, 0, 6, 0], [6, 7, 1, 5], [7, 3, 4, 3], [9, 2, 2, 2], [1, 9, 9, 1], [5, 4, 8, 4], [8, 1, 2, 7], [2, 8, 5, 9], [9, 9, 10, 2], [5, 9, 8, 10],
[1, 10, 3, 10], [2, 3, 10, 3], [1, 8, 2, 6], [0, 8, 9, 8], [10, 0, 2, 10], [9, 5, 9, 5], [3, 6, 7, 7], [2, 2, 4, 3], [0, 7, 0, 2], [8, 10, 3, 7],
[6, 3, 3, 6], [9, 1, 1, 6], [10, 1, 6, 6], [6, 2, 0, 7], [6, 6, 1, 8], [6, 6, 0, 6], [0, 0, 6, 9], [8, 7, 5, 3], [10, 6, 7, 9], [5, 6, 4, 5],
[7, 8, 0, 0], [10, 10, 6, 5], [5, 7, 2, 0], [0, 2, 5, 1], [0, 0, 8, 9], [8, 0, 10, 5]]
[1, 1, 0.5, 0.5, 0.5, 0.5, 0.25, 0.25, 0.25, 0.25,
0.125, 0.125, 0.125, 0.125, 0.0625, 0.0625, 0.0625, 0.0625, 0.03125, 0.03125,
0.03125, 0.03125, 0.015625, 0.015625, 0.015625, 0.015625, 0.0078125, 0.0078125, 0.0078125, 0.0078125,
0.00390625, 0.00390625, 0.00390625, 0.00390625, 0.00195312, 0.00195312, 0.00195312, 0.00195312, 0.000976562, 0.000976562,
0.000976562, 0.000976562, 0.000488281, 0.000488281, 0.000488281, 0.000488281]
[3, 7, 0, 0, 5, 2, 2, 5, 0, 5,
9, 10, 9, 9, 3, 6, 6, 3, 9, 0,
7, 6, 4, 4, 2, 8, 9, 9, 4, 5,
7, 10, 1, 5, 0, 9, 8, 2, 0, 3,
10, 10, 4, 1, 4, 4]
------------------------------------------------------- 
# stage = 12	# children c = 2	length of each stage p = 2	nodes = 45	# items I = 1
