[55, 73, 10, 80, 62, 50, 12, 22, 26, 28,
42, 37, 5, 92, 64, 43, 43, 58, 61, 90,
50, 87, 57, 88, 40, 0, 21, 65, 28, 96,
85, 83, 35, 61, 28, 63, 77, 40, 85, 2,
34, 26, 5, 39, 17, 70, 48, 61, 94, 9,
16, 44, 62, 39, 31, 1, 39, 18, 32, 33,
14, 84, 82, 15, 44, 9, 78, 21, 16, 62,
23, 16]
[[563, 1183, 1831], [1252, 271, 414], [607, 668, 1632], [494, 1887, 1658], [371, 493, 1700], [927, 439, 1268], [487, 409, 188], [1156, 196, 88], [1507, 391, 314], [1123, 341, 997],
[1649, 916, 291], [1591, 279, 562], [116, 898, 1243], [1748, 1392, 1241], [1505, 1764, 1735], [1317, 802, 285], [696, 1289, 706], [884, 556, 914], [973, 163, 1305], [1299, 1298, 1659],
[407, 1058, 674], [699, 748, 954], [1273, 865, 1852], [615, 724, 1344], [1857, 341, 1219], [1703, 1670, 120], [99, 465, 1422], [805, 1349, 77], [1719, 421, 252], [1136, 1733, 1562],
[894, 239, 719], [1568, 950, 1480], [633, 323, 456], [585, 950, 1192], [40, 906, 1533], [1271, 720, 1302], [1403, 819, 1767], [936, 1636, 1216], [1026, 1467, 1649], [1290, 702, 1481],
[952, 1608, 1733], [1683, 1275, 782], [1262, 20, 1105], [1730, 617, 155], [1022, 669, 1073], [654, 39, 1806], [68, 1442, 736], [1835, 490, 472], [1162, 1516, 38], [911, 905, 752],
[503, 1869, 459], [335, 1652, 1746], [1130, 1025, 1766], [334, 855, 494], [501, 1889, 1163], [1587, 654, 1202], [1504, 722, 756], [339, 657, 1246], [823, 1831, 873], [861, 841, 1778],
[1625, 1357, 1759], [195, 1704, 1510], [41, 933, 646], [1819, 1280, 1501], [413, 1793, 1501], [1588, 1491, 255], [890, 1094, 977], [1658, 1434, 1646], [1015, 368, 1577], [1888, 1242, 529],
[1777, 966, 1898], [1635, 1162, 1714]]
[[9, 9, 6, 10], [10, 7, 7, 2], [0, 2, 6, 8], [0, 7, 5, 8], [1, 10, 7, 0], [1, 1, 2, 10], [7, 2, 8, 8], [8, 7, 0, 4], [5, 4, 1, 4], [0, 7, 5, 1],
[7, 0, 7, 8], [6, 1, 3, 7], [10, 10, 5, 0], [0, 7, 10, 6], [9, 5, 3, 4], [2, 3, 6, 5], [7, 5, 8, 6], [1, 2, 7, 7], [0, 1, 4, 6], [1, 7, 0, 0],
[6, 3, 0, 5], [10, 9, 9, 6], [3, 1, 8, 3], [3, 3, 9, 10], [7, 4, 5, 6], [6, 10, 2, 4], [1, 6, 0, 0], [0, 9, 0, 5], [2, 0, 8, 10], [9, 6, 6, 0],
[5, 3, 3, 8], [5, 1, 6, 1], [5, 0, 5, 9], [9, 8, 3, 8], [1, 1, 8, 0], [10, 6, 5, 10], [6, 0, 10, 3], [6, 3, 3, 0], [4, 4, 9, 9], [4, 4, 8, 7],
[2, 3, 6, 9], [9, 7, 4, 8], [8, 10, 8, 5], [5, 0, 3, 10], [0, 2, 2, 6], [3, 3, 5, 7], [5, 3, 4, 9], [5, 1, 6, 5], [2, 10, 2, 9], [6, 6, 7, 1],
[6, 2, 4, 0], [3, 7, 8, 3], [7, 10, 10, 10], [0, 2, 5, 4], [3, 9, 2, 8], [10, 6, 0, 0], [5, 2, 7, 9], [9, 3, 8, 2], [4, 2, 0, 7], [9, 9, 10, 4],
[6, 7, 3, 5], [9, 8, 9, 1], [4, 0, 7, 2], [7, 8, 2, 10], [8, 7, 7, 6], [0, 4, 6, 2], [6, 7, 9, 3], [3, 8, 7, 9], [3, 10, 3, 1], [6, 1, 1, 10],
[0, 8, 1, 5], [3, 1, 4, 1]]
[1, 1, 0.2, 0.2, 0.2, 0.2, 0.2, 0.2, 0.2, 0.2,
0.2, 0.2, 0.04, 0.04, 0.04, 0.04, 0.04, 0.04, 0.04, 0.04,
0.04, 0.04, 0.008, 0.008, 0.008, 0.008, 0.008, 0.008, 0.008, 0.008,
0.008, 0.008, 0.0016, 0.0016, 0.0016, 0.0016, 0.0016, 0.0016, 0.0016, 0.0016,
0.0016, 0.0016, 0.00032, 0.00032, 0.00032, 0.00032, 0.00032, 0.00032, 0.00032, 0.00032,
0.00032, 0.00032, 6.4e-05, 6.4e-05, 6.4e-05, 6.4e-05, 6.4e-05, 6.4e-05, 6.4e-05, 6.4e-05,
6.4e-05, 6.4e-05, 1.28e-05, 1.28e-05, 1.28e-05, 1.28e-05, 1.28e-05, 1.28e-05, 1.28e-05, 1.28e-05,
1.28e-05, 1.28e-05]
[4, 1, 0, 8, 0, 0, 3, 7, 1, 9,
1, 9, 6, 2, 1, 1, 0, 7, 3, 2,
7, 3, 4, 0, 6, 4, 2, 4, 5, 8,
2, 3, 4, 5, 1, 2, 4, 8, 2, 0,
3, 6, 1, 7, 2, 3, 0, 8, 2, 6,
5, 1, 8, 0, 3, 0, 6, 3, 2, 6,
2, 8, 9, 9, 3, 6, 7, 0, 0, 9,
2, 1]
------------------------------------------------------- 
# stage = 8	# children c = 5	length of each stage p = 2	nodes = 71	# items I = 1
