[48, 34, 33, 45, 21, 6, 10, 81, 97, 48,
33, 39, 53, 47, 71, 10, 23, 48, 23, 100]
[[111, 678, 966], [640, 874, 551], [344, 28, 879], [32, 535, 570], [762, 626, 455], [852, 75, 39], [707, 617, 849], [724, 406, 453], [344, 793, 217], [937, 191, 905],
[82, 302, 273], [738, 633, 146], [980, 667, 174], [858, 699, 400], [427, 151, 25], [572, 693, 101], [611, 89, 408], [149, 814, 814], [602, 848, 297], [820, 784, 488]]
[[2, 0, 1, 3], [10, 0, 1, 0], [1, 10, 3, 2], [3, 9, 5, 4], [10, 5, 1, 9], [8, 2, 2, 2], [2, 2, 7, 5], [1, 0, 9, 4], [9, 10, 5, 7], [8, 6, 5, 9],
[5, 6, 0, 7], [4, 3, 0, 3], [6, 1, 10, 3], [1, 10, 5, 3], [1, 0, 6, 3], [9, 4, 5, 8], [3, 10, 2, 9], [5, 7, 8, 8], [2, 6, 4, 6], [10, 2, 8, 5]]
[1, 1, 0.333333, 0.333333, 0.333333, 0.333333, 0.333333, 0.333333, 0.111111, 0.111111,
0.111111, 0.111111, 0.111111, 0.111111, 0.037037, 0.037037, 0.037037, 0.037037, 0.037037, 0.037037]
[3, 8, 19, 12, 7, 14, 1, 5, 16, 7,
2, 8, 17, 5, 14, 17, 18, 20, 5, 8]
------------------------------------------------------- 
# stage = 4	# children c = 3	length of each stage p = 2	nodes = 19	# items I = 1
