[30, 56, 66, 75, 54, 99, 21, 77, 13, 55,
25, 72, 75, 70, 81, 99, 49, 25, 76, 34,
75, 28, 82, 64, 68, 8, 39, 2, 73, 100,
75, 2, 22, 40, 43, 76, 4, 31, 19, 84,
86, 44, 56, 27, 80, 2, 92, 29, 28, 68,
29, 69, 62, 10, 33, 96, 85, 72, 99, 57,
38, 39, 60, 60, 79, 69, 35, 49, 100, 20,
33, 52, 64, 55, 79, 10, 57, 36, 39, 51]
[[831, 1346, 256], [449, 1838, 310], [335, 763, 1160], [108, 896, 144], [109, 519, 1596], [67, 835, 1812], [513, 437, 1333], [169, 674, 503], [170, 1210, 1652], [1463, 1143, 343],
[418, 88, 1689], [1496, 1359, 577], [1806, 630, 276], [16, 738, 1172], [160, 1669, 628], [692, 1737, 399], [1440, 364, 836], [888, 1356, 1511], [327, 1526, 1657], [93, 1103, 914],
[1258, 1521, 1825], [1883, 1131, 1298], [575, 1873, 43], [851, 826, 781], [960, 1808, 1387], [524, 615, 1238], [1745, 991, 538], [696, 815, 8], [1143, 1142, 470], [1736, 171, 1574],
[764, 1429, 145], [1525, 363, 213], [938, 1760, 200], [981, 725, 1026], [698, 621, 949], [199, 81, 500], [373, 1827, 427], [912, 1459, 1243], [1742, 1538, 1321], [327, 1388, 1493],
[837, 1088, 1858], [982, 728, 1157], [1195, 602, 1031], [332, 519, 693], [294, 1217, 1314], [179, 353, 332], [679, 726, 1095], [43, 574, 1490], [222, 431, 1142], [1543, 1580, 644],
[86, 531, 668], [881, 449, 332], [152, 581, 934], [1184, 913, 1453], [1877, 143, 785], [241, 323, 74], [1395, 1824, 800], [604, 1867, 1375], [208, 203, 742], [1350, 1747, 436],
[930, 769, 1789], [535, 1650, 1174], [867, 1803, 1755], [1802, 37, 782], [1369, 28, 926], [1090, 1091, 185], [1164, 601, 123], [901, 1205, 105], [1212, 1414, 1130], [68, 1700, 991],
[1326, 1567, 697], [165, 216, 461], [1339, 1083, 1200], [1209, 1821, 1237], [927, 1305, 1265], [1853, 1331, 471], [974, 1432, 8], [1098, 447, 1213], [1203, 1659, 1563], [447, 663, 314]]
[[4, 3, 9, 7], [7, 0, 6, 1], [2, 8, 0, 2], [2, 1, 0, 8], [9, 4, 6, 1], [0, 2, 6, 1], [10, 8, 3, 3], [5, 2, 1, 8], [3, 8, 2, 10], [6, 8, 1, 8],
[4, 10, 0, 4], [0, 9, 2, 7], [2, 8, 6, 1], [8, 1, 2, 5], [7, 5, 8, 2], [5, 7, 8, 6], [2, 10, 6, 8], [5, 5, 4, 9], [4, 2, 3, 2], [0, 3, 7, 1],
[9, 1, 2, 6], [2, 2, 9, 8], [5, 6, 10, 10], [3, 7, 3, 3], [4, 9, 1, 9], [1, 3, 6, 3], [5, 9, 3, 5], [10, 0, 6, 8], [1, 6, 1, 1], [6, 10, 9, 0],
[5, 6, 8, 6], [0, 1, 10, 4], [8, 9, 1, 8], [1, 7, 0, 6], [5, 4, 9, 2], [2, 3, 10, 1], [7, 9, 0, 3], [8, 8, 1, 0], [3, 8, 5, 2], [7, 2, 6, 4],
[0, 7, 1, 10], [1, 0, 3, 6], [2, 1, 8, 2], [2, 5, 1, 10], [3, 1, 0, 0], [9, 1, 10, 0], [7, 4, 2, 3], [6, 6, 8, 4], [1, 7, 1, 2], [5, 4, 7, 5],
[3, 2, 7, 6], [8, 8, 3, 0], [8, 3, 10, 6], [2, 7, 6, 8], [9, 6, 0, 4], [2, 6, 6, 3], [3, 7, 3, 6], [9, 10, 1, 10], [2, 6, 5, 8], [2, 6, 6, 10],
[7, 5, 3, 8], [10, 8, 5, 8], [3, 5, 10, 5], [1, 3, 6, 2], [10, 10, 8, 6], [7, 7, 6, 9], [1, 9, 6, 3], [5, 2, 0, 10], [5, 3, 7, 3], [0, 1, 0, 4],
[5, 9, 7, 6], [1, 1, 6, 10], [9, 1, 5, 5], [7, 9, 2, 8], [8, 6, 9, 0], [6, 9, 10, 10], [10, 7, 2, 9], [6, 0, 2, 0], [9, 7, 4, 9], [6, 8, 8, 4]]
[1, 1, 1, 1, 1, 0.333333, 0.333333, 0.333333, 0.333333, 0.333333,
0.333333, 0.333333, 0.333333, 0.333333, 0.333333, 0.333333, 0.333333, 0.333333, 0.333333, 0.333333,
0.111111, 0.111111, 0.111111, 0.111111, 0.111111, 0.111111, 0.111111, 0.111111, 0.111111, 0.111111,
0.111111, 0.111111, 0.111111, 0.111111, 0.111111, 0.037037, 0.037037, 0.037037, 0.037037, 0.037037,
0.037037, 0.037037, 0.037037, 0.037037, 0.037037, 0.037037, 0.037037, 0.037037, 0.037037, 0.037037,
0.0123457, 0.0123457, 0.0123457, 0.0123457, 0.0123457, 0.0123457, 0.0123457, 0.0123457, 0.0123457, 0.0123457,
0.0123457, 0.0123457, 0.0123457, 0.0123457, 0.0123457, 0.00411523, 0.00411523, 0.00411523, 0.00411523, 0.00411523,
0.00411523, 0.00411523, 0.00411523, 0.00411523, 0.00411523, 0.00411523, 0.00411523, 0.00411523, 0.00411523, 0.00411523]
[3, 6, 9, 1, 6, 4, 2, 5, 8, 2,
6, 1, 1, 1, 1, 7, 0, 2, 9, 1,
8, 2, 4, 8, 7, 3, 6, 1, 9, 9,
9, 9, 4, 0, 0, 2, 3, 1, 6, 4,
3, 9, 7, 2, 4, 9, 0, 4, 3, 0,
2, 1, 0, 4, 3, 2, 9, 1, 4, 6,
7, 4, 7, 4, 9, 5, 0, 8, 3, 8,
4, 7, 3, 5, 4, 8, 9, 0, 6, 0]
------------------------------------------------------- 
# stage = 6	# children c = 3	length of each stage p = 5	nodes = 79	# items I = 1
