[3, 70, 35, 40, 23, 55, 14, 44, 98, 90,
23, 59, 32, 56, 61, 93, 83, 43, 96, 24,
90, 4, 11, 41, 37, 31, 68, 5, 46, 19,
2, 15, 89, 37]
[[661, 571, 1068], [1186, 764, 1788], [1268, 137, 1591], [1065, 415, 293], [1786, 234, 2046], [1658, 542, 1849], [370, 1546, 418], [599, 2108, 457], [402, 1898, 132], [389, 1352, 2025],
[1966, 1405, 1988], [904, 1983, 622], [2085, 1121, 151], [1546, 57, 566], [1839, 1235, 192], [1148, 763, 734], [867, 1133, 1672], [678, 1125, 1651], [1135, 1527, 1419], [660, 1916, 33],
[2077, 1144, 1438], [1935, 1441, 1291], [1950, 788, 1804], [1493, 1726, 1253], [2060, 828, 358], [122, 1976, 1121], [249, 713, 125], [1921, 1391, 642], [1442, 1919, 39], [123, 449, 1347],
[1678, 396, 361], [986, 201, 1194], [1669, 1543, 1982], [1344, 907, 1579]]
[[5, 3, 9, 10], [9, 5, 9, 6], [9, 8, 5, 7], [5, 2, 6, 9], [1, 2, 0, 7], [10, 0, 7, 3], [8, 2, 9, 9], [2, 5, 1, 5], [8, 8, 2, 6], [0, 1, 0, 9],
[7, 5, 3, 1], [8, 9, 8, 7], [9, 6, 1, 6], [5, 6, 10, 2], [9, 8, 9, 9], [2, 8, 1, 8], [5, 3, 4, 5], [2, 2, 3, 9], [7, 4, 10, 2], [2, 6, 9, 9],
[10, 10, 4, 4], [4, 3, 4, 0], [10, 0, 9, 10], [8, 8, 8, 2], [9, 10, 7, 1], [1, 8, 10, 6], [1, 8, 9, 1], [1, 5, 10, 0], [3, 2, 3, 7], [3, 7, 7, 2],
[8, 3, 0, 3], [0, 6, 6, 7], [3, 0, 8, 4], [7, 6, 10, 6]]
[1, 0.333333, 0.333333, 0.333333, 0.111111, 0.111111, 0.111111, 0.037037, 0.037037, 0.037037,
0.0123457, 0.0123457, 0.0123457, 0.00411523, 0.00411523, 0.00411523, 0.00137174, 0.00137174, 0.00137174, 0.000457247,
0.000457247, 0.000457247, 0.000152416, 0.000152416, 0.000152416, 5.08053e-05, 5.08053e-05, 5.08053e-05, 1.69351e-05, 1.69351e-05,
1.69351e-05, 5.64503e-06, 5.64503e-06, 5.64503e-06]
[21, 10, 3, 10, 6, 6, 8, 9, 18, 12,
12, 3, 6, 15, 0, 10, 19, 20, 17, 10,
21, 0, 9, 21, 18, 17, 19, 17, 16, 20,
2, 13, 0, 19]
------------------------------------------------------- 
# stage = 12	# children c = 3	length of each stage p = 1	nodes = 33	# items I = 1
