[6, 6, 46, 42, 78, 0, 29, 14, 44, 61,
80, 88, 32, 67, 12, 82, 56, 27, 98, 75,
79, 57, 3, 48, 59, 29, 71, 27, 73, 5,
4, 45, 78, 50, 88, 55, 50, 83, 70, 61,
43, 15, 48, 41, 49, 26, 22, 71, 19, 19,
45, 65, 42, 49, 12, 1, 44, 84, 28, 83,
55, 99, 28, 33, 15, 15, 54, 31]
[[1049, 1311, 593], [1099, 1889, 1753], [274, 1874, 374], [864, 1527, 453], [951, 927, 701], [58, 1604, 923], [923, 349, 519], [789, 1150, 698], [976, 1873, 1207], [1151, 1224, 1050],
[1010, 308, 396], [1603, 1414, 320], [1391, 1689, 236], [1772, 595, 1763], [268, 1553, 732], [969, 1611, 371], [1899, 570, 721], [454, 1366, 1878], [1152, 384, 1793], [394, 1543, 1059],
[1451, 588, 1375], [1847, 234, 824], [210, 1632, 548], [446, 1440, 1143], [252, 1708, 738], [984, 719, 385], [1356, 661, 962], [119, 1115, 370], [39, 309, 755], [1840, 711, 333],
[934, 197, 928], [344, 87, 1162], [1169, 297, 830], [1724, 750, 312], [910, 1002, 62], [1648, 29, 781], [75, 1385, 1442], [1037, 1511, 599], [1408, 1550, 916], [205, 1432, 1627],
[545, 402, 1831], [1480, 753, 1918], [678, 1929, 250], [1515, 1689, 1008], [1834, 641, 45], [1896, 324, 74], [719, 400, 1466], [204, 1444, 1012], [803, 894, 605], [1726, 1106, 72],
[1388, 1651, 481], [1262, 1174, 1235], [1215, 1859, 1199], [1473, 1409, 930], [516, 1278, 1571], [568, 1216, 1903], [650, 1935, 338], [158, 174, 1789], [1171, 985, 719], [1783, 746, 1825],
[1862, 177, 1519], [379, 1439, 728], [1614, 696, 622], [855, 204, 73], [1786, 727, 1358], [1399, 1303, 609], [1337, 1953, 586], [1682, 146, 761]]
[[2, 4, 7, 5], [6, 8, 2, 3], [3, 6, 8, 5], [3, 8, 1, 7], [10, 8, 10, 5], [4, 4, 2, 5], [2, 3, 8, 9], [5, 9, 10, 5], [2, 5, 8, 6], [0, 10, 9, 3],
[4, 4, 9, 7], [2, 10, 1, 1], [5, 10, 5, 9], [3, 7, 4, 3], [8, 10, 1, 0], [6, 10, 3, 9], [4, 0, 2, 4], [9, 10, 6, 2], [3, 4, 9, 3], [1, 10, 5, 7],
[9, 10, 5, 0], [4, 7, 3, 10], [5, 3, 10, 0], [2, 0, 7, 4], [0, 10, 8, 9], [7, 1, 0, 10], [3, 7, 3, 5], [5, 6, 10, 1], [3, 2, 1, 7], [8, 3, 4, 2],
[6, 1, 0, 8], [1, 8, 1, 10], [5, 7, 7, 1], [9, 5, 9, 1], [2, 10, 4, 5], [5, 3, 6, 6], [4, 6, 0, 1], [9, 4, 1, 4], [3, 1, 10, 4], [7, 9, 4, 1],
[3, 9, 0, 1], [3, 10, 1, 3], [9, 5, 8, 2], [7, 4, 8, 9], [10, 7, 8, 6], [9, 9, 8, 2], [8, 7, 6, 5], [3, 8, 4, 6], [4, 5, 8, 8], [4, 7, 0, 0],
[10, 9, 2, 6], [0, 9, 2, 8], [3, 10, 3, 1], [8, 0, 3, 4], [5, 8, 9, 8], [3, 2, 3, 8], [7, 9, 5, 9], [5, 5, 10, 5], [1, 10, 9, 1], [6, 1, 7, 9],
[0, 8, 0, 7], [8, 3, 0, 0], [0, 9, 8, 4], [9, 1, 1, 4], [8, 6, 0, 3], [9, 10, 6, 9], [10, 4, 8, 3], [3, 5, 2, 4]]
[1, 1, 0.333333, 0.333333, 0.333333, 0.333333, 0.333333, 0.333333, 0.111111, 0.111111,
0.111111, 0.111111, 0.111111, 0.111111, 0.037037, 0.037037, 0.037037, 0.037037, 0.037037, 0.037037,
0.0123457, 0.0123457, 0.0123457, 0.0123457, 0.0123457, 0.0123457, 0.00411523, 0.00411523, 0.00411523, 0.00411523,
0.00411523, 0.00411523, 0.00137174, 0.00137174, 0.00137174, 0.00137174, 0.00137174, 0.00137174, 0.000457247, 0.000457247,
0.000457247, 0.000457247, 0.000457247, 0.000457247, 0.000152416, 0.000152416, 0.000152416, 0.000152416, 0.000152416, 0.000152416,
5.08053e-05, 5.08053e-05, 5.08053e-05, 5.08053e-05, 5.08053e-05, 5.08053e-05, 1.69351e-05, 1.69351e-05, 1.69351e-05, 1.69351e-05,
1.69351e-05, 1.69351e-05, 5.64503e-06, 5.64503e-06, 5.64503e-06, 5.64503e-06, 5.64503e-06, 5.64503e-06]
[4, 6, 4, 2, 9, 7, 7, 1, 0, 2,
6, 8, 1, 7, 9, 1, 1, 5, 9, 4,
7, 5, 2, 6, 0, 3, 9, 4, 9, 2,
3, 6, 4, 4, 5, 6, 3, 9, 1, 1,
8, 2, 7, 0, 0, 8, 7, 2, 1, 9,
8, 9, 7, 0, 8, 4, 5, 0, 3, 0,
5, 4, 5, 8, 7, 5, 4, 1]
------------------------------------------------------- 
# stage = 12	# children c = 3	length of each stage p = 2	nodes = 67	# items I = 1
