[14, 33, 93, 58, 29, 20, 54, 34, 70, 72,
3, 65, 13, 1, 2, 83, 78, 40, 76, 15,
57, 70, 60, 69, 11, 54, 14, 84, 15, 67,
20, 29, 66, 12, 53, 95, 99, 73, 95, 34,
45, 98, 100, 24]
[[679, 658, 198], [22, 761, 1170], [1055, 919, 287], [978, 549, 1042], [430, 864, 540], [1113, 176, 520], [1149, 1049, 919], [660, 35, 167], [8, 489, 325], [554, 1177, 1071],
[959, 679, 552], [1157, 451, 1063], [900, 329, 804], [9, 1057, 1103], [1051, 309, 540], [163, 1172, 466], [433, 1143, 88], [1102, 626, 123], [92, 384, 362], [417, 938, 361],
[311, 720, 1040], [863, 449, 64], [498, 171, 143], [1052, 180, 22], [727, 982, 81], [89, 895, 75], [556, 151, 969], [644, 75, 167], [517, 167, 551], [879, 335, 61],
[62, 646, 781], [853, 81, 981], [917, 579, 1152], [1060, 453, 1083], [832, 2, 637], [913, 1020, 354], [738, 398, 255], [529, 792, 81], [696, 131, 248], [997, 1010, 333],
[1059, 822, 979], [412, 497, 1060], [215, 1164, 211], [1118, 1046, 664]]
[[5, 10, 2, 8], [10, 5, 2, 7], [1, 3, 4, 10], [1, 1, 5, 10], [8, 6, 3, 10], [8, 3, 1, 0], [3, 10, 9, 6], [9, 2, 0, 1], [2, 0, 9, 10], [3, 9, 6, 4],
[2, 8, 2, 1], [10, 5, 9, 7], [10, 1, 5, 5], [2, 6, 5, 6], [5, 4, 10, 2], [4, 8, 3, 6], [8, 0, 6, 1], [9, 10, 3, 9], [6, 3, 8, 3], [9, 6, 10, 8],
[6, 2, 2, 8], [9, 6, 1, 1], [10, 1, 1, 3], [9, 5, 8, 5], [5, 1, 4, 1], [9, 7, 0, 4], [9, 8, 7, 7], [2, 5, 2, 8], [7, 2, 3, 3], [8, 5, 5, 5],
[6, 6, 7, 2], [9, 4, 7, 1], [3, 9, 3, 1], [4, 1, 6, 2], [7, 0, 9, 9], [3, 9, 6, 9], [0, 10, 1, 9], [2, 4, 1, 6], [0, 8, 8, 7], [10, 3, 9, 2],
[10, 10, 4, 3], [0, 8, 5, 7], [6, 1, 6, 10], [10, 10, 6, 9]]
[1, 1, 0.333333, 0.333333, 0.333333, 0.333333, 0.333333, 0.333333, 0.111111, 0.111111,
0.111111, 0.111111, 0.111111, 0.111111, 0.037037, 0.037037, 0.037037, 0.037037, 0.037037, 0.037037,
0.0123457, 0.0123457, 0.0123457, 0.0123457, 0.0123457, 0.0123457, 0.00411523, 0.00411523, 0.00411523, 0.00411523,
0.00411523, 0.00411523, 0.00137174, 0.00137174, 0.00137174, 0.00137174, 0.00137174, 0.00137174, 0.000457247, 0.000457247,
0.000457247, 0.000457247, 0.000457247, 0.000457247]
[22, 4, 11, 14, 10, 23, 6, 15, 0, 18,
20, 4, 2, 0, 23, 3, 16, 13, 22, 6,
16, 11, 11, 4, 1, 3, 3, 3, 22, 18,
0, 10, 13, 3, 10, 11, 14, 9, 9, 20,
4, 16, 7, 21]
------------------------------------------------------- 
# stage = 8	# children c = 3	length of each stage p = 2	nodes = 43	# items I = 1
