[68, 93, 79, 5, 56, 32, 11, 44, 11, 50,
66, 14, 40, 96, 95, 43, 73, 24, 95, 99,
26, 39, 32, 81, 31, 34, 72, 25, 76, 87,
85, 43, 45, 64, 15, 0, 62, 26, 10, 73,
42, 77, 53, 82, 72, 48, 91, 45, 38, 86,
9, 64, 91, 41, 10, 88, 76, 82, 79, 51,
34, 64, 61, 79, 27, 76, 79, 89, 68, 56,
27, 9, 32, 81, 57, 3, 95, 14, 14, 32,
100, 23, 63, 56, 65, 73, 44, 6, 21, 22,
23, 55, 86, 84, 0, 79, 25, 45, 33, 93,
0, 61, 68, 32, 7, 25, 2, 1, 39, 16,
100, 4, 6, 28, 26, 71, 1, 70, 43, 89,
59, 66, 43, 10, 16, 43, 90, 41, 89, 89,
0, 89, 49, 68, 88, 56, 59, 90, 23, 98,
72, 23, 68, 78, 51, 95, 14, 18, 30, 57,
6, 89, 90, 50, 66, 72, 59, 55, 12, 13,
9, 79, 69, 59, 47, 56, 81, 72, 45, 4,
70, 16, 94, 3, 61, 44, 98, 75, 63, 28]
[[83, 230, 941], [952, 51, 673], [400, 466, 371], [883, 136, 31], [4, 119, 411], [177, 88, 52], [721, 70, 76], [954, 162, 709], [484, 489, 927], [792, 563, 933],
[888, 646, 208], [874, 643, 259], [614, 88, 747], [30, 38, 883], [61, 43, 69], [494, 220, 157], [547, 942, 250], [645, 8, 434], [399, 492, 923], [393, 329, 532],
[371, 262, 245], [579, 203, 889], [860, 818, 44], [652, 848, 83], [602, 932, 148], [671, 471, 368], [829, 63, 377], [146, 730, 385], [580, 197, 899], [570, 590, 274],
[147, 7, 558], [393, 608, 762], [349, 514, 625], [393, 233, 518], [498, 836, 495], [646, 552, 34], [82, 448, 119], [481, 616, 850], [889, 241, 92], [833, 812, 704],
[174, 26, 733], [755, 419, 387], [562, 790, 923], [254, 251, 201], [794, 749, 82], [357, 463, 657], [391, 567, 172], [510, 115, 789], [427, 49, 97], [541, 905, 909],
[291, 124, 936], [91, 901, 422], [478, 508, 258], [468, 784, 509], [670, 646, 325], [774, 48, 810], [498, 461, 444], [671, 38, 560], [505, 466, 631], [602, 52, 581],
[579, 365, 728], [582, 457, 696], [49, 2, 250], [329, 471, 101], [860, 208, 747], [253, 27, 817], [108, 526, 323], [553, 264, 362], [180, 791, 850], [833, 460, 902],
[482, 84, 335], [277, 666, 814], [18, 738, 838], [290, 112, 376], [392, 40, 584], [206, 293, 634], [69, 401, 227], [392, 21, 491], [776, 223, 349], [671, 124, 809],
[641, 606, 894], [43, 883, 627], [857, 901, 432], [762, 259, 567], [184, 651, 607], [790, 879, 900], [491, 948, 368], [718, 408, 412], [276, 229, 657], [625, 923, 781],
[480, 609, 432], [441, 652, 382], [135, 576, 351], [590, 383, 610], [202, 589, 328], [831, 425, 252], [798, 916, 268], [233, 702, 676], [667, 23, 927], [370, 649, 917],
[218, 196, 571], [673, 659, 290], [100, 816, 888], [473, 451, 317], [128, 653, 906], [456, 551, 398], [731, 394, 360], [44, 628, 107], [742, 340, 152], [714, 732, 823],
[699, 951, 64], [315, 691, 745], [628, 791, 607], [561, 310, 125], [900, 460, 779], [874, 939, 397], [317, 715, 792], [699, 781, 487], [828, 568, 849], [26, 349, 627],
[849, 93, 645], [936, 431, 381], [726, 126, 239], [400, 709, 571], [526, 677, 77], [372, 596, 61], [769, 935, 798], [628, 680, 646], [160, 575, 281], [55, 601, 630],
[704, 496, 746], [394, 499, 244], [797, 270, 370], [81, 693, 146], [653, 264, 823], [752, 658, 464], [813, 472, 467], [678, 168, 214], [369, 328, 789], [650, 405, 458],
[347, 176, 954], [160, 570, 520], [404, 434, 812], [796, 516, 550], [943, 236, 836], [833, 33, 539], [365, 846, 79], [832, 591, 247], [113, 27, 597], [902, 677, 48],
[405, 91, 224], [426, 252, 817], [13, 678, 296], [826, 542, 834], [421, 530, 115], [325, 408, 148], [864, 795, 61], [10, 672, 652], [257, 785, 701], [877, 755, 445],
[925, 227, 537], [216, 676, 811], [100, 689, 534], [419, 560, 143], [298, 49, 673], [436, 374, 149], [584, 305, 944], [668, 316, 684], [387, 595, 536], [134, 517, 336],
[579, 509, 586], [183, 726, 307], [39, 848, 41], [596, 312, 602], [739, 633, 673], [480, 114, 92], [651, 720, 397], [662, 455, 713], [391, 843, 354], [950, 44, 871]]
[[9, 9, 6, 7], [7, 7, 5, 4], [10, 7, 6, 9], [7, 9, 1, 6], [9, 3, 3, 4], [10, 3, 10, 6], [0, 0, 1, 2], [4, 2, 2, 0], [0, 9, 5, 8], [3, 10, 10, 3],
[7, 5, 10, 1], [2, 0, 7, 9], [1, 8, 1, 1], [1, 0, 5, 10], [9, 6, 1, 0], [6, 4, 10, 7], [0, 4, 2, 3], [4, 1, 4, 9], [4, 3, 10, 4], [3, 6, 3, 3],
[3, 4, 2, 2], [2, 7, 1, 0], [1, 3, 9, 7], [5, 8, 1, 3], [2, 3, 6, 4], [2, 0, 2, 5], [3, 1, 9, 5], [5, 1, 8, 8], [3, 8, 0, 5], [4, 10, 3, 3],
[0, 2, 9, 5], [8, 10, 8, 10], [3, 2, 1, 3], [2, 3, 8, 3], [2, 7, 6, 7], [6, 1, 5, 10], [9, 3, 2, 1], [2, 6, 4, 1], [6, 0, 4, 3], [0, 2, 1, 1],
[2, 2, 4, 2], [4, 2, 5, 6], [9, 10, 3, 2], [0, 6, 10, 8], [7, 2, 9, 7], [6, 0, 8, 1], [1, 2, 4, 10], [2, 3, 0, 4], [4, 4, 4, 8], [6, 9, 1, 2],
[6, 2, 5, 7], [6, 4, 2, 2], [4, 9, 8, 10], [9, 5, 0, 8], [5, 3, 7, 5], [6, 7, 9, 8], [1, 2, 3, 5], [10, 5, 8, 3], [5, 0, 8, 1], [2, 10, 1, 7],
[8, 9, 6, 5], [2, 5, 2, 7], [8, 8, 2, 1], [4, 9, 10, 3], [10, 2, 9, 7], [5, 4, 10, 0], [2, 8, 1, 4], [5, 0, 0, 3], [10, 5, 8, 1], [10, 8, 6, 5],
[5, 6, 6, 8], [5, 3, 9, 2], [4, 5, 9, 9], [9, 6, 7, 0], [1, 6, 3, 7], [7, 3, 8, 6], [6, 3, 5, 5], [9, 0, 10, 4], [7, 4, 10, 10], [7, 8, 10, 9],
[3, 6, 6, 10], [1, 2, 9, 1], [7, 1, 8, 3], [4, 3, 7, 9], [6, 1, 3, 4], [10, 1, 6, 4], [5, 3, 1, 10], [1, 0, 9, 2], [6, 2, 10, 6], [4, 8, 7, 0],
[9, 2, 1, 1], [5, 8, 10, 9], [7, 0, 2, 5], [1, 7, 7, 4], [10, 9, 4, 9], [7, 0, 9, 1], [2, 9, 7, 4], [4, 3, 3, 1], [3, 4, 2, 8], [0, 10, 6, 5],
[8, 6, 8, 10], [2, 5, 3, 0], [3, 5, 7, 8], [5, 6, 9, 5], [2, 5, 10, 6], [6, 2, 7, 9], [4, 7, 4, 2], [4, 8, 8, 2], [2, 3, 10, 2], [8, 2, 2, 9],
[8, 10, 7, 0], [3, 5, 6, 5], [9, 3, 0, 2], [5, 6, 10, 7], [0, 1, 10, 5], [10, 5, 5, 1], [8, 4, 1, 4], [6, 4, 2, 1], [1, 7, 0, 4], [0, 4, 7, 7],
[7, 7, 9, 10], [0, 8, 6, 1], [10, 5, 4, 7], [8, 9, 6, 4], [2, 7, 8, 6], [9, 8, 6, 10], [5, 4, 1, 3], [8, 8, 10, 4], [3, 8, 3, 3], [4, 7, 2, 1],
[0, 4, 6, 8], [2, 1, 1, 2], [6, 7, 7, 5], [5, 0, 4, 10], [4, 4, 0, 10], [1, 10, 1, 4], [5, 4, 6, 7], [9, 8, 8, 9], [2, 1, 7, 2], [2, 6, 3, 7],
[3, 8, 1, 6], [8, 3, 3, 10], [7, 3, 9, 9], [2, 10, 2, 5], [1, 6, 2, 10], [2, 8, 9, 4], [10, 3, 4, 10], [7, 5, 6, 8], [2, 7, 3, 10], [0, 6, 9, 7],
[9, 5, 3, 9], [4, 4, 4, 5], [10, 4, 3, 1], [1, 10, 3, 9], [0, 6, 9, 7], [0, 2, 3, 3], [10, 6, 0, 8], [0, 8, 2, 7], [2, 6, 4, 5], [8, 6, 10, 7],
[10, 0, 7, 9], [10, 10, 8, 8], [5, 4, 5, 4], [6, 6, 7, 3], [1, 5, 0, 10], [2, 1, 7, 5], [5, 0, 10, 2], [4, 7, 7, 3], [6, 3, 1, 3], [1, 7, 1, 4],
[0, 4, 8, 7], [10, 2, 8, 9], [8, 9, 9, 8], [8, 5, 0, 2], [3, 8, 2, 7], [3, 7, 8, 9], [9, 7, 10, 10], [4, 0, 1, 4], [4, 8, 9, 3], [10, 7, 2, 5]]
[1, 1, 1, 1, 1, 0.2, 0.2, 0.2, 0.2, 0.2,
0.2, 0.2, 0.2, 0.2, 0.2, 0.2, 0.2, 0.2, 0.2, 0.2,
0.2, 0.2, 0.2, 0.2, 0.2, 0.2, 0.2, 0.2, 0.2, 0.2,
0.04, 0.04, 0.04, 0.04, 0.04, 0.04, 0.04, 0.04, 0.04, 0.04,
0.04, 0.04, 0.04, 0.04, 0.04, 0.04, 0.04, 0.04, 0.04, 0.04,
0.04, 0.04, 0.04, 0.04, 0.04, 0.008, 0.008, 0.008, 0.008, 0.008,
0.008, 0.008, 0.008, 0.008, 0.008, 0.008, 0.008, 0.008, 0.008, 0.008,
0.008, 0.008, 0.008, 0.008, 0.008, 0.008, 0.008, 0.008, 0.008, 0.008,
0.0016, 0.0016, 0.0016, 0.0016, 0.0016, 0.0016, 0.0016, 0.0016, 0.0016, 0.0016,
0.0016, 0.0016, 0.0016, 0.0016, 0.0016, 0.0016, 0.0016, 0.0016, 0.0016, 0.0016,
0.0016, 0.0016, 0.0016, 0.0016, 0.0016, 0.00032, 0.00032, 0.00032, 0.00032, 0.00032,
0.00032, 0.00032, 0.00032, 0.00032, 0.00032, 0.00032, 0.00032, 0.00032, 0.00032, 0.00032,
0.00032, 0.00032, 0.00032, 0.00032, 0.00032, 0.00032, 0.00032, 0.00032, 0.00032, 0.00032,
6.4e-05, 6.4e-05, 6.4e-05, 6.4e-05, 6.4e-05, 6.4e-05, 6.4e-05, 6.4e-05, 6.4e-05, 6.4e-05,
6.4e-05, 6.4e-05, 6.4e-05, 6.4e-05, 6.4e-05, 6.4e-05, 6.4e-05, 6.4e-05, 6.4e-05, 6.4e-05,
6.4e-05, 6.4e-05, 6.4e-05, 6.4e-05, 6.4e-05, 1.28e-05, 1.28e-05, 1.28e-05, 1.28e-05, 1.28e-05,
1.28e-05, 1.28e-05, 1.28e-05, 1.28e-05, 1.28e-05, 1.28e-05, 1.28e-05, 1.28e-05, 1.28e-05, 1.28e-05,
1.28e-05, 1.28e-05, 1.28e-05, 1.28e-05, 1.28e-05, 1.28e-05, 1.28e-05, 1.28e-05, 1.28e-05, 1.28e-05]
[18, 19, 9, 18, 10, 19, 6, 10, 3, 4,
16, 1, 7, 13, 10, 5, 9, 9, 3, 15,
14, 2, 18, 10, 3, 15, 15, 9, 14, 14,
15, 17, 16, 15, 6, 5, 8, 5, 12, 11,
14, 8, 15, 3, 3, 6, 1, 15, 2, 1,
5, 13, 15, 12, 19, 15, 11, 7, 4, 8,
12, 18, 2, 14, 8, 5, 15, 0, 9, 9,
16, 14, 0, 6, 3, 4, 1, 0, 8, 12,
3, 2, 8, 0, 7, 10, 14, 3, 17, 12,
15, 8, 11, 5, 7, 19, 7, 0, 8, 16,
2, 11, 2, 15, 3, 12, 16, 19, 12, 2,
2, 2, 7, 16, 7, 11, 11, 10, 8, 13,
5, 14, 9, 12, 10, 1, 7, 13, 3, 3,
5, 12, 1, 2, 19, 5, 4, 17, 4, 14,
15, 18, 16, 10, 4, 9, 3, 18, 7, 6,
7, 11, 2, 4, 10, 13, 19, 13, 7, 14,
0, 1, 1, 8, 12, 7, 17, 11, 0, 9,
19, 0, 6, 5, 8, 16, 18, 4, 2, 0]
------------------------------------------------------- 
# stage = 8	# children c = 5	length of each stage p = 5	nodes = 179	# items I = 1
