[76, 94, 41, 36, 59, 33, 58, 78, 8, 73,
53, 94, 13, 2, 62, 26, 33, 88, 24, 83,
54, 36, 32, 71, 45, 17, 74, 82, 81, 0,
3, 56]
[[626, 624, 895], [875, 824, 664], [411, 243, 784], [434, 661, 83], [835, 541, 106], [148, 777, 257], [181, 817, 639], [808, 759, 297], [513, 552, 672], [234, 128, 491],
[212, 754, 171], [403, 686, 291], [123, 393, 534], [203, 828, 251], [286, 15, 88], [632, 163, 866], [889, 585, 35], [824, 689, 794], [418, 259, 642], [386, 733, 66],
[877, 1, 821], [344, 404, 803], [635, 767, 252], [465, 26, 376], [12, 552, 392], [101, 241, 795], [263, 426, 436], [298, 547, 182], [388, 21, 681], [327, 647, 470],
[393, 581, 711], [510, 221, 171]]
[[6, 5, 4, 6], [1, 3, 0, 6], [1, 2, 6, 2], [7, 2, 0, 10], [5, 3, 10, 7], [2, 8, 7, 4], [8, 4, 7, 8], [0, 4, 9, 6], [7, 1, 10, 8], [4, 10, 1, 5],
[1, 5, 7, 7], [8, 6, 4, 0], [9, 3, 5, 10], [0, 1, 3, 6], [3, 10, 3, 3], [4, 2, 7, 9], [1, 7, 7, 5], [6, 6, 8, 8], [1, 3, 2, 7], [9, 6, 7, 5],
[10, 1, 4, 8], [3, 5, 4, 6], [5, 7, 8, 7], [7, 4, 5, 8], [0, 10, 0, 7], [4, 9, 2, 5], [10, 4, 1, 8], [10, 8, 0, 7], [7, 3, 5, 10], [8, 7, 4, 0],
[1, 10, 5, 9], [3, 9, 4, 2]]
[1, 1, 0.333333, 0.333333, 0.333333, 0.333333, 0.333333, 0.333333, 0.111111, 0.111111,
0.111111, 0.111111, 0.111111, 0.111111, 0.037037, 0.037037, 0.037037, 0.037037, 0.037037, 0.037037,
0.0123457, 0.0123457, 0.0123457, 0.0123457, 0.0123457, 0.0123457, 0.00411523, 0.00411523, 0.00411523, 0.00411523,
0.00411523, 0.00411523]
[9, 2, 6, 9, 0, 9, 1, 0, 5, 7,
5, 5, 4, 2, 2, 2, 1, 5, 2, 6,
8, 7, 7, 6, 2, 8, 2, 5, 0, 5,
9, 5]
------------------------------------------------------- 
# stage = 6	# children c = 3	length of each stage p = 2	nodes = 31	# items I = 1
