[29, 81, 36, 52, 41, 4, 31, 40, 48, 47,
31, 44, 21, 45, 88, 100, 71, 68, 41, 2,
69, 18, 68, 48, 69, 49, 25, 19, 60, 14,
35, 89, 95, 71, 40, 1, 41, 38, 8, 89,
51, 39, 33, 72, 50, 87, 72, 21, 54, 12,
90, 22]
[[737, 801, 572], [122, 87, 849], [31, 787, 63], [71, 476, 318], [528, 213, 516], [599, 124, 446], [132, 108, 188], [537, 581, 803], [135, 796, 807], [620, 61, 51],
[492, 798, 123], [211, 66, 334], [330, 222, 267], [394, 293, 744], [712, 821, 227], [498, 690, 352], [91, 822, 584], [403, 629, 436], [352, 35, 378], [430, 655, 563],
[605, 417, 507], [728, 752, 698], [208, 229, 66], [600, 747, 483], [490, 605, 574], [841, 249, 411], [463, 464, 503], [318, 14, 403], [754, 490, 438], [402, 66, 363],
[112, 796, 780], [743, 670, 679], [711, 149, 178], [47, 749, 71], [530, 509, 800], [251, 496, 319], [786, 106, 784], [435, 424, 798], [838, 448, 434], [546, 120, 625],
[55, 356, 567], [106, 246, 507], [55, 227, 656], [233, 275, 551], [428, 75, 206], [374, 326, 703], [693, 382, 79], [747, 88, 503], [691, 196, 97], [396, 743, 341],
[291, 68, 698], [4, 174, 90]]
[[3, 10, 3, 4], [1, 2, 5, 6], [0, 1, 6, 7], [8, 0, 6, 0], [3, 0, 1, 1], [10, 2, 8, 10], [5, 7, 3, 2], [4, 2, 7, 6], [0, 8, 8, 10], [0, 2, 3, 9],
[3, 7, 6, 0], [7, 1, 9, 9], [1, 0, 10, 9], [0, 5, 8, 6], [1, 10, 6, 4], [10, 3, 10, 10], [9, 7, 7, 9], [9, 10, 8, 10], [6, 3, 8, 3], [2, 7, 1, 3],
[5, 9, 10, 3], [4, 5, 9, 3], [4, 5, 7, 4], [6, 6, 1, 4], [0, 9, 1, 7], [8, 7, 4, 4], [8, 2, 7, 10], [7, 6, 0, 10], [4, 10, 2, 8], [2, 10, 10, 7],
[2, 6, 0, 6], [0, 10, 8, 0], [8, 9, 6, 6], [3, 10, 8, 0], [10, 2, 10, 4], [8, 8, 3, 10], [5, 4, 6, 8], [3, 5, 4, 3], [0, 2, 9, 0], [10, 6, 10, 8],
[3, 5, 1, 6], [4, 9, 5, 2], [0, 2, 6, 6], [0, 8, 5, 5], [1, 0, 0, 2], [5, 4, 3, 4], [4, 1, 4, 4], [5, 1, 10, 6], [6, 0, 0, 9], [7, 5, 0, 7],
[7, 6, 0, 5], [1, 5, 9, 2]]
[1, 1, 0.2, 0.2, 0.2, 0.2, 0.2, 0.2, 0.2, 0.2,
0.2, 0.2, 0.04, 0.04, 0.04, 0.04, 0.04, 0.04, 0.04, 0.04,
0.04, 0.04, 0.008, 0.008, 0.008, 0.008, 0.008, 0.008, 0.008, 0.008,
0.008, 0.008, 0.0016, 0.0016, 0.0016, 0.0016, 0.0016, 0.0016, 0.0016, 0.0016,
0.0016, 0.0016, 0.00032, 0.00032, 0.00032, 0.00032, 0.00032, 0.00032, 0.00032, 0.00032,
0.00032, 0.00032]
[3, 16, 8, 14, 16, 14, 12, 16, 3, 9,
8, 4, 8, 5, 5, 9, 1, 9, 13, 11,
0, 12, 5, 8, 5, 9, 10, 10, 11, 10,
17, 7, 7, 8, 3, 13, 7, 12, 13, 16,
1, 9, 2, 9, 15, 11, 0, 13, 12, 9,
1, 14]
------------------------------------------------------- 
# stage = 6	# children c = 5	length of each stage p = 2	nodes = 51	# items I = 1
