[95, 89, 83, 84, 55, 83, 43, 32, 77, 71,
100, 77, 19, 23, 14, 32, 57, 60, 26, 91,
46, 27, 76, 75, 48, 54, 18, 27, 4, 44,
0, 65]
[[1005, 930, 914], [868, 318, 984], [367, 419, 742], [316, 441, 234], [137, 14, 136], [428, 523, 163], [894, 50, 218], [935, 120, 77], [729, 466, 222], [87, 696, 866],
[922, 619, 336], [376, 28, 654], [279, 395, 1073], [643, 711, 54], [878, 470, 773], [636, 898, 214], [421, 333, 264], [261, 186, 6], [338, 537, 94], [560, 624, 791],
[1048, 87, 1032], [302, 463, 1060], [956, 364, 374], [570, 1008, 707], [624, 426, 96], [315, 1062, 616], [151, 24, 949], [37, 285, 757], [747, 624, 213], [842, 806, 459],
[173, 773, 546], [123, 1075, 632]]
[[1, 4, 8, 1], [5, 5, 7, 9], [2, 10, 4, 3], [5, 6, 1, 5], [7, 7, 1, 7], [7, 0, 2, 4], [3, 8, 2, 5], [9, 10, 5, 0], [3, 3, 10, 6], [8, 4, 5, 10],
[1, 9, 0, 6], [2, 1, 0, 7], [9, 0, 1, 5], [0, 3, 7, 4], [9, 9, 9, 8], [6, 2, 8, 10], [5, 5, 3, 0], [9, 8, 8, 0], [4, 8, 6, 4], [10, 5, 0, 8],
[5, 0, 0, 3], [3, 5, 5, 2], [2, 4, 10, 8], [6, 5, 5, 9], [10, 9, 9, 8], [4, 6, 8, 7], [1, 2, 9, 0], [7, 8, 6, 10], [8, 4, 2, 0], [10, 8, 0, 1],
[10, 8, 7, 3], [2, 2, 1, 10]]
[1, 1, 0.333333, 0.333333, 0.333333, 0.333333, 0.333333, 0.333333, 0.111111, 0.111111,
0.111111, 0.111111, 0.111111, 0.111111, 0.037037, 0.037037, 0.037037, 0.037037, 0.037037, 0.037037,
0.0123457, 0.0123457, 0.0123457, 0.0123457, 0.0123457, 0.0123457, 0.00411523, 0.00411523, 0.00411523, 0.00411523,
0.00411523, 0.00411523]
[18, 8, 6, 0, 21, 17, 1, 15, 4, 20,
10, 1, 9, 0, 15, 9, 2, 7, 2, 1,
0, 14, 1, 0, 4, 6, 15, 18, 13, 2,
10, 14]
------------------------------------------------------- 
# stage = 6	# children c = 3	length of each stage p = 2	nodes = 31	# items I = 1
