[34, 43, 71, 5, 3, 13, 5, 62, 88, 84,
43, 86, 94, 96, 0, 31, 22, 29, 63, 17,
69, 76, 56, 100, 80, 60, 99, 71, 30, 81,
35, 30, 23, 73, 36, 26, 52, 7, 89, 39,
91, 98, 91, 84, 59, 92, 82, 82, 87, 44,
65, 56, 86, 20, 55, 31, 46, 20, 68, 42,
0, 2, 73, 90, 41, 75, 15, 93, 82, 70,
99, 38, 34, 89, 88, 93, 46, 69, 74, 33,
12, 4, 89, 98, 25, 9, 95, 37, 29, 62,
80, 96, 65, 52, 85, 5, 93, 67, 65, 74,
36, 63, 11, 70, 51, 99, 29, 98, 34, 69,
30, 46, 74, 85, 10, 65, 60, 4, 1, 56,
33, 81, 51, 64, 99, 2, 35, 91, 69, 100,
30, 71, 62, 41, 7, 13, 6, 36, 77, 40,
71, 73, 52, 44, 57, 28, 8, 16, 100, 10,
72, 32, 91, 90, 96, 56, 58, 30, 46, 26,
30, 77, 63, 58, 84, 70, 37, 56, 72, 13,
62, 43, 86, 14, 53, 8, 42, 62, 92, 41]
[[876, 751, 629], [882, 710, 399], [486, 963, 129], [603, 876, 40], [664, 11, 382], [398, 741, 797], [415, 1067, 518], [537, 623, 791], [109, 402, 778], [292, 49, 967],
[432, 413, 650], [549, 228, 848], [949, 202, 743], [566, 805, 551], [606, 957, 51], [989, 288, 792], [206, 191, 279], [213, 216, 902], [492, 881, 792], [202, 662, 329],
[101, 26, 743], [752, 575, 459], [20, 1012, 661], [764, 511, 954], [247, 605, 844], [854, 526, 620], [66, 221, 299], [345, 990, 3], [736, 414, 884], [460, 616, 478],
[790, 206, 1060], [1021, 446, 56], [968, 466, 0], [49, 162, 1067], [1003, 966, 605], [267, 752, 619], [375, 819, 328], [162, 652, 250], [165, 320, 664], [538, 269, 769],
[504, 547, 975], [497, 500, 353], [553, 956, 819], [41, 1005, 470], [41, 428, 368], [134, 696, 608], [753, 559, 915], [14, 722, 1056], [264, 375, 308], [417, 913, 577],
[118, 350, 612], [25, 335, 44], [934, 888, 488], [173, 417, 425], [643, 458, 854], [499, 592, 1038], [596, 834, 529], [999, 848, 183], [987, 600, 47], [228, 505, 960],
[293, 623, 242], [394, 136, 65], [994, 2, 953], [415, 732, 303], [840, 863, 249], [114, 295, 330], [84, 379, 96], [102, 310, 432], [841, 786, 520], [888, 1014, 1026],
[781, 795, 581], [511, 121, 206], [577, 48, 764], [1018, 1019, 428], [809, 279, 224], [547, 394, 7], [877, 1034, 386], [973, 68, 184], [893, 910, 970], [345, 218, 404],
[859, 999, 688], [929, 999, 297], [67, 1064, 901], [831, 1014, 852], [192, 244, 64], [972, 791, 458], [979, 88, 980], [853, 549, 1049], [525, 374, 379], [428, 207, 597],
[320, 1067, 17], [1008, 928, 1016], [794, 995, 1012], [627, 246, 446], [968, 994, 690], [1032, 898, 969], [978, 809, 1057], [890, 82, 538], [359, 608, 912], [226, 1036, 608],
[824, 844, 607], [841, 273, 467], [277, 1067, 950], [221, 114, 128], [155, 14, 55], [846, 1046, 441], [235, 444, 183], [225, 823, 821], [251, 670, 361], [652, 897, 885],
[192, 141, 662], [799, 982, 935], [754, 747, 422], [636, 456, 536], [252, 611, 551], [863, 945, 17], [237, 113, 1018], [976, 894, 773], [729, 77, 375], [23, 729, 760],
[396, 921, 901], [546, 140, 303], [969, 894, 1050], [323, 1018, 438], [860, 203, 1050], [899, 1066, 415], [916, 235, 528], [866, 699, 354], [59, 361, 988], [991, 940, 649],
[683, 268, 1059], [517, 815, 131], [820, 716, 1026], [291, 528, 976], [729, 320, 667], [199, 707, 666], [615, 555, 389], [631, 910, 21], [474, 457, 938], [950, 380, 810],
[531, 552, 566], [10, 1, 313], [142, 309, 518], [656, 600, 1046], [564, 818, 854], [164, 505, 493], [318, 608, 536], [195, 728, 934], [772, 134, 324], [642, 16, 192],
[384, 35, 744], [951, 46, 233], [752, 188, 31], [758, 844, 119], [736, 896, 425], [10, 548, 931], [503, 354, 1027], [528, 550, 687], [394, 254, 821], [206, 385, 325],
[955, 257, 917], [631, 696, 963], [353, 381, 639], [384, 71, 971], [1059, 296, 287], [417, 306, 836], [836, 298, 678], [795, 826, 160], [415, 708, 971], [724, 915, 288],
[538, 802, 545], [387, 921, 174], [838, 762, 43], [965, 634, 670], [868, 626, 454], [643, 531, 249], [967, 299, 547], [578, 26, 861], [738, 997, 501], [129, 654, 904]]
[[5, 2, 5, 0], [6, 8, 5, 7], [4, 9, 2, 1], [3, 1, 7, 7], [8, 5, 3, 1], [0, 1, 7, 0], [7, 7, 10, 8], [7, 8, 7, 10], [0, 2, 9, 4], [8, 3, 10, 10],
[10, 10, 0, 0], [9, 6, 8, 5], [0, 9, 6, 9], [8, 0, 7, 5], [7, 7, 0, 2], [2, 7, 1, 0], [7, 10, 3, 3], [1, 2, 2, 0], [10, 1, 1, 9], [7, 7, 3, 5],
[5, 9, 1, 0], [7, 9, 5, 1], [3, 3, 3, 3], [9, 5, 4, 5], [4, 5, 8, 3], [7, 9, 4, 6], [10, 3, 2, 4], [10, 5, 7, 2], [1, 6, 2, 8], [4, 6, 10, 5],
[9, 0, 9, 7], [5, 0, 0, 8], [5, 6, 9, 10], [4, 2, 3, 1], [3, 6, 3, 0], [9, 8, 2, 0], [4, 3, 6, 8], [9, 3, 1, 5], [4, 8, 0, 7], [8, 0, 2, 0],
[6, 1, 8, 9], [1, 9, 8, 5], [2, 1, 5, 1], [9, 6, 10, 0], [9, 5, 7, 5], [7, 8, 10, 0], [5, 10, 5, 0], [10, 8, 9, 4], [9, 4, 0, 10], [2, 6, 4, 5],
[7, 8, 4, 4], [3, 3, 2, 10], [6, 9, 4, 0], [6, 3, 0, 9], [1, 6, 7, 9], [3, 5, 0, 10], [7, 0, 9, 10], [7, 1, 2, 1], [7, 6, 3, 8], [7, 4, 7, 0],
[2, 0, 1, 9], [1, 10, 5, 0], [3, 2, 10, 6], [5, 8, 3, 0], [7, 0, 10, 1], [10, 1, 0, 6], [5, 4, 3, 10], [8, 10, 10, 8], [8, 0, 4, 7], [9, 10, 6, 1],
[10, 5, 6, 2], [0, 9, 2, 7], [9, 10, 8, 6], [0, 9, 1, 3], [0, 2, 2, 6], [10, 0, 3, 7], [9, 8, 2, 7], [5, 8, 9, 4], [0, 4, 4, 0], [0, 5, 8, 8],
[4, 3, 3, 3], [1, 5, 6, 1], [7, 7, 7, 7], [7, 0, 1, 5], [6, 1, 2, 0], [9, 9, 2, 7], [2, 6, 8, 0], [0, 3, 8, 5], [6, 1, 6, 8], [6, 10, 7, 0],
[6, 4, 5, 2], [2, 7, 6, 8], [8, 6, 6, 5], [4, 8, 1, 4], [3, 7, 4, 2], [10, 2, 5, 4], [3, 0, 10, 7], [10, 6, 7, 6], [8, 2, 6, 8], [7, 1, 3, 4],
[5, 9, 7, 9], [6, 9, 2, 10], [5, 7, 1, 3], [9, 6, 5, 10], [4, 4, 6, 3], [8, 0, 7, 4], [0, 3, 1, 7], [2, 5, 10, 8], [1, 6, 4, 8], [2, 7, 5, 8],
[1, 4, 9, 8], [8, 3, 7, 1], [5, 0, 4, 2], [9, 10, 4, 10], [0, 6, 4, 2], [9, 1, 8, 10], [8, 2, 5, 10], [7, 10, 5, 6], [3, 3, 3, 0], [4, 8, 1, 9],
[6, 4, 10, 2], [3, 3, 10, 3], [7, 4, 3, 3], [5, 10, 3, 0], [10, 6, 9, 4], [6, 3, 10, 9], [5, 0, 10, 9], [8, 9, 6, 1], [0, 5, 3, 3], [6, 3, 4, 3],
[7, 6, 6, 10], [5, 7, 9, 2], [3, 7, 6, 7], [8, 5, 5, 2], [5, 2, 10, 0], [1, 3, 1, 1], [8, 4, 3, 1], [5, 5, 2, 10], [0, 7, 8, 3], [1, 6, 5, 4],
[0, 0, 0, 8], [5, 4, 9, 8], [6, 8, 8, 5], [9, 7, 5, 4], [10, 6, 5, 4], [0, 8, 4, 1], [4, 10, 4, 5], [5, 8, 8, 5], [8, 6, 2, 1], [8, 9, 9, 4],
[4, 5, 7, 2], [10, 10, 6, 9], [5, 1, 1, 6], [7, 3, 5, 9], [2, 7, 1, 7], [4, 7, 10, 2], [3, 10, 3, 0], [9, 10, 2, 2], [2, 8, 3, 2], [7, 9, 9, 2],
[8, 8, 6, 4], [0, 0, 2, 0], [5, 2, 5, 10], [9, 4, 10, 1], [2, 2, 0, 0], [10, 0, 0, 0], [8, 3, 0, 3], [0, 9, 3, 8], [5, 9, 2, 5], [7, 2, 4, 1],
[4, 9, 0, 3], [3, 10, 2, 5], [10, 0, 3, 8], [10, 1, 8, 5], [3, 8, 8, 3], [4, 0, 0, 9], [7, 0, 2, 3], [3, 6, 5, 5], [4, 3, 6, 5], [3, 7, 8, 0]]
[1, 1, 1, 1, 1, 0.2, 0.2, 0.2, 0.2, 0.2,
0.2, 0.2, 0.2, 0.2, 0.2, 0.2, 0.2, 0.2, 0.2, 0.2,
0.2, 0.2, 0.2, 0.2, 0.2, 0.2, 0.2, 0.2, 0.2, 0.2,
0.04, 0.04, 0.04, 0.04, 0.04, 0.04, 0.04, 0.04, 0.04, 0.04,
0.04, 0.04, 0.04, 0.04, 0.04, 0.04, 0.04, 0.04, 0.04, 0.04,
0.04, 0.04, 0.04, 0.04, 0.04, 0.008, 0.008, 0.008, 0.008, 0.008,
0.008, 0.008, 0.008, 0.008, 0.008, 0.008, 0.008, 0.008, 0.008, 0.008,
0.008, 0.008, 0.008, 0.008, 0.008, 0.008, 0.008, 0.008, 0.008, 0.008,
0.0016, 0.0016, 0.0016, 0.0016, 0.0016, 0.0016, 0.0016, 0.0016, 0.0016, 0.0016,
0.0016, 0.0016, 0.0016, 0.0016, 0.0016, 0.0016, 0.0016, 0.0016, 0.0016, 0.0016,
0.0016, 0.0016, 0.0016, 0.0016, 0.0016, 0.00032, 0.00032, 0.00032, 0.00032, 0.00032,
0.00032, 0.00032, 0.00032, 0.00032, 0.00032, 0.00032, 0.00032, 0.00032, 0.00032, 0.00032,
0.00032, 0.00032, 0.00032, 0.00032, 0.00032, 0.00032, 0.00032, 0.00032, 0.00032, 0.00032,
6.4e-05, 6.4e-05, 6.4e-05, 6.4e-05, 6.4e-05, 6.4e-05, 6.4e-05, 6.4e-05, 6.4e-05, 6.4e-05,
6.4e-05, 6.4e-05, 6.4e-05, 6.4e-05, 6.4e-05, 6.4e-05, 6.4e-05, 6.4e-05, 6.4e-05, 6.4e-05,
6.4e-05, 6.4e-05, 6.4e-05, 6.4e-05, 6.4e-05, 1.28e-05, 1.28e-05, 1.28e-05, 1.28e-05, 1.28e-05,
1.28e-05, 1.28e-05, 1.28e-05, 1.28e-05, 1.28e-05, 1.28e-05, 1.28e-05, 1.28e-05, 1.28e-05, 1.28e-05,
1.28e-05, 1.28e-05, 1.28e-05, 1.28e-05, 1.28e-05, 1.28e-05, 1.28e-05, 1.28e-05, 1.28e-05, 1.28e-05]
[2, 15, 14, 13, 16, 13, 2, 13, 4, 11,
13, 15, 15, 11, 5, 12, 4, 2, 10, 11,
1, 1, 3, 8, 10, 12, 8, 21, 16, 3,
10, 2, 17, 9, 17, 8, 18, 19, 19, 2,
21, 6, 18, 8, 13, 10, 0, 15, 13, 17,
21, 3, 8, 15, 2, 10, 6, 8, 19, 12,
1, 10, 9, 13, 4, 6, 9, 18, 6, 20,
3, 6, 20, 11, 4, 1, 0, 1, 13, 7,
20, 18, 19, 0, 2, 5, 2, 12, 0, 15,
21, 4, 4, 4, 19, 9, 20, 0, 17, 14,
18, 1, 6, 18, 11, 7, 2, 5, 15, 20,
16, 4, 10, 4, 3, 20, 12, 16, 9, 1,
20, 6, 16, 5, 16, 19, 5, 20, 4, 16,
19, 2, 12, 4, 5, 15, 9, 0, 6, 12,
3, 8, 8, 0, 9, 17, 7, 14, 13, 15,
21, 17, 6, 10, 19, 11, 7, 8, 5, 3,
1, 15, 15, 2, 21, 21, 3, 4, 10, 20,
13, 7, 6, 11, 0, 19, 10, 3, 17, 7]
------------------------------------------------------- 
# stage = 8	# children c = 5	length of each stage p = 5	nodes = 179	# items I = 1
