[13, 4, 20, 56, 0, 29, 60, 25, 48, 83,
78, 58, 87, 26, 29, 12, 42, 26, 94, 59]
[[385, 487, 167], [225, 523, 652], [113, 604, 196], [35, 327, 228], [314, 87, 31], [588, 25, 546], [424, 290, 130], [237, 292, 363], [31, 186, 167], [426, 41, 718],
[478, 333, 380], [645, 464, 172], [472, 577, 682], [574, 519, 278], [71, 8, 271], [8, 596, 297], [460, 289, 493], [591, 433, 691], [223, 370, 147], [296, 65, 94]]
[[6, 1, 0, 7], [3, 9, 8, 0], [1, 8, 10, 10], [3, 4, 0, 8], [6, 10, 1, 2], [10, 6, 7, 0], [2, 7, 0, 4], [1, 4, 9, 5], [3, 7, 1, 4], [5, 8, 4, 6],
[5, 2, 5, 6], [6, 3, 4, 10], [2, 5, 2, 0], [1, 7, 0, 1], [3, 9, 3, 4], [2, 0, 10, 3], [7, 9, 7, 0], [6, 10, 6, 9], [1, 10, 5, 5], [0, 9, 5, 1]]
[1, 1, 0.333333, 0.333333, 0.333333, 0.333333, 0.333333, 0.333333, 0.111111, 0.111111,
0.111111, 0.111111, 0.111111, 0.111111, 0.037037, 0.037037, 0.037037, 0.037037, 0.037037, 0.037037]
[1, 2, 12, 9, 5, 13, 13, 7, 14, 9,
5, 0, 5, 6, 6, 12, 3, 14, 6, 11]
------------------------------------------------------- 
# stage = 4	# children c = 3	length of each stage p = 2	nodes = 19	# items I = 1
