[100, 44, 66, 42, 57, 85, 35, 37, 54, 90,
9, 91, 86, 33, 39, 65, 43, 30, 26, 60,
85, 31, 64, 32, 28, 2, 54, 83, 92, 94,
50, 57, 4, 15, 65, 27, 66, 100, 30, 19,
89, 39, 76, 40, 38, 15, 5, 81, 45, 98,
41, 29, 95, 71, 27, 22, 39, 82, 72, 97,
41, 21, 53, 45, 36, 17, 72, 69, 83, 1,
54, 37, 6, 30, 78, 44, 45, 49, 92, 56,
46, 99, 85, 6, 69, 78, 96, 74, 59, 67,
71, 0, 88, 23, 11, 90, 7, 84, 58, 90,
51, 79]
[[636, 1563, 1715], [1322, 1731, 408], [1076, 1293, 1647], [864, 454, 153], [1554, 522, 942], [2076, 1071, 1122], [1483, 1138, 1967], [103, 395, 2065], [97, 1576, 6], [349, 474, 1683],
[559, 1476, 1093], [122, 1012, 672], [896, 2088, 178], [391, 1166, 998], [910, 567, 1520], [1852, 490, 438], [1187, 1974, 1943], [1002, 2077, 185], [914, 21, 1762], [1286, 736, 449],
[816, 1662, 139], [122, 2150, 1151], [1160, 893, 1452], [1704, 1650, 465], [549, 408, 1032], [283, 473, 1889], [1087, 1661, 1710], [877, 510, 2000], [1429, 1790, 234], [1038, 1289, 971],
[1853, 318, 846], [1992, 806, 843], [1356, 1967, 1736], [656, 1884, 1600], [1487, 281, 221], [733, 564, 694], [469, 2017, 202], [392, 742, 1078], [239, 18, 1081], [839, 1422, 217],
[23, 1122, 535], [869, 1328, 1342], [1712, 531, 1522], [1662, 1553, 1253], [1109, 888, 1900], [1330, 1621, 677], [2024, 303, 542], [440, 695, 1650], [1518, 934, 1668], [813, 2139, 1303],
[1030, 10, 272], [1932, 879, 1966], [1121, 439, 711], [856, 2101, 477], [322, 1057, 1365], [70, 600, 1199], [747, 837, 1502], [1655, 1277, 410], [1152, 1009, 1710], [667, 1822, 1697],
[1970, 1065, 1707], [456, 844, 433], [635, 178, 1238], [1712, 1034, 1186], [37, 1357, 456], [1402, 1793, 1056], [815, 753, 107], [530, 256, 1384], [941, 1408, 606], [864, 289, 641],
[408, 472, 1707], [2115, 1294, 398], [762, 143, 577], [2000, 1855, 1977], [1400, 1892, 1181], [1856, 1508, 1187], [1126, 536, 1941], [1233, 1066, 44], [830, 220, 1818], [1437, 1451, 320],
[291, 1859, 793], [1998, 35, 300], [244, 797, 809], [1187, 1010, 512], [1377, 257, 617], [772, 2114, 2125], [1959, 1453, 874], [1747, 533, 154], [1791, 1729, 740], [1823, 1379, 38],
[2143, 1671, 1898], [1149, 1516, 146], [1816, 2126, 943], [472, 1526, 166], [984, 751, 424], [1602, 1523, 751], [1940, 1329, 51], [1028, 924, 950], [1182, 928, 526], [1922, 598, 1906],
[1961, 955, 1424], [2072, 2104, 1153]]
[[4, 2, 2, 4], [4, 10, 7, 3], [9, 8, 8, 4], [5, 1, 0, 7], [6, 0, 8, 6], [9, 3, 0, 7], [8, 10, 4, 5], [0, 6, 2, 2], [6, 2, 4, 10], [1, 0, 1, 8],
[8, 7, 1, 2], [9, 0, 10, 2], [0, 5, 8, 7], [9, 6, 3, 4], [4, 6, 9, 4], [1, 1, 6, 7], [1, 10, 4, 3], [8, 5, 9, 5], [2, 0, 7, 9], [9, 4, 9, 9],
[10, 4, 3, 6], [10, 6, 10, 3], [10, 6, 5, 0], [5, 9, 5, 7], [6, 8, 8, 3], [0, 6, 6, 0], [4, 3, 9, 2], [5, 5, 0, 2], [9, 1, 6, 9], [8, 5, 10, 5],
[10, 3, 4, 4], [1, 7, 0, 8], [4, 8, 9, 5], [2, 5, 3, 6], [6, 2, 9, 9], [5, 7, 1, 4], [9, 7, 0, 4], [0, 10, 9, 8], [2, 2, 1, 2], [10, 0, 8, 1],
[6, 6, 6, 8], [9, 10, 4, 4], [10, 0, 1, 4], [7, 2, 6, 5], [7, 6, 9, 5], [6, 6, 2, 6], [6, 2, 8, 5], [2, 5, 7, 8], [10, 0, 6, 8], [8, 8, 0, 5],
[8, 1, 8, 4], [1, 3, 8, 6], [10, 4, 1, 3], [10, 1, 9, 6], [1, 5, 9, 3], [10, 3, 1, 9], [4, 5, 5, 10], [2, 5, 3, 8], [6, 9, 10, 7], [1, 7, 2, 9],
[1, 1, 10, 0], [1, 7, 4, 2], [1, 3, 4, 9], [6, 3, 6, 8], [8, 9, 6, 8], [3, 9, 5, 7], [7, 4, 3, 6], [10, 3, 3, 0], [3, 0, 9, 2], [7, 3, 2, 6],
[4, 6, 3, 8], [9, 9, 6, 4], [7, 10, 1, 8], [6, 4, 4, 0], [7, 5, 4, 6], [6, 7, 4, 7], [8, 2, 9, 2], [3, 10, 9, 5], [5, 1, 3, 2], [8, 7, 6, 2],
[6, 6, 10, 1], [8, 3, 10, 4], [6, 3, 8, 1], [0, 10, 9, 6], [0, 5, 8, 3], [4, 4, 9, 8], [5, 1, 10, 2], [8, 5, 4, 1], [9, 1, 0, 7], [4, 10, 9, 10],
[2, 5, 10, 0], [4, 8, 6, 4], [2, 2, 6, 5], [6, 2, 2, 10], [1, 1, 1, 7], [4, 4, 8, 1], [5, 8, 8, 8], [7, 6, 5, 7], [0, 4, 8, 3], [10, 1, 7, 2],
[3, 0, 5, 8], [2, 7, 7, 3]]
[1, 1, 1, 0.333333, 0.333333, 0.333333, 0.333333, 0.333333, 0.333333, 0.333333,
0.333333, 0.333333, 0.111111, 0.111111, 0.111111, 0.111111, 0.111111, 0.111111, 0.111111, 0.111111,
0.111111, 0.037037, 0.037037, 0.037037, 0.037037, 0.037037, 0.037037, 0.037037, 0.037037, 0.037037,
0.0123457, 0.0123457, 0.0123457, 0.0123457, 0.0123457, 0.0123457, 0.0123457, 0.0123457, 0.0123457, 0.00411523,
0.00411523, 0.00411523, 0.00411523, 0.00411523, 0.00411523, 0.00411523, 0.00411523, 0.00411523, 0.00137174, 0.00137174,
0.00137174, 0.00137174, 0.00137174, 0.00137174, 0.00137174, 0.00137174, 0.00137174, 0.000457247, 0.000457247, 0.000457247,
0.000457247, 0.000457247, 0.000457247, 0.000457247, 0.000457247, 0.000457247, 0.000152416, 0.000152416, 0.000152416, 0.000152416,
0.000152416, 0.000152416, 0.000152416, 0.000152416, 0.000152416, 5.08053e-05, 5.08053e-05, 5.08053e-05, 5.08053e-05, 5.08053e-05,
5.08053e-05, 5.08053e-05, 5.08053e-05, 5.08053e-05, 1.69351e-05, 1.69351e-05, 1.69351e-05, 1.69351e-05, 1.69351e-05, 1.69351e-05,
1.69351e-05, 1.69351e-05, 1.69351e-05, 5.64503e-06, 5.64503e-06, 5.64503e-06, 5.64503e-06, 5.64503e-06, 5.64503e-06, 5.64503e-06,
5.64503e-06, 5.64503e-06]
[5, 10, 5, 7, 10, 4, 6, 3, 0, 5,
4, 6, 2, 0, 10, 7, 6, 9, 0, 6,
8, 5, 4, 3, 9, 3, 0, 1, 8, 1,
10, 9, 2, 5, 10, 9, 7, 8, 9, 2,
6, 7, 0, 4, 9, 4, 10, 2, 7, 2,
3, 10, 10, 7, 6, 1, 1, 2, 6, 8,
10, 10, 10, 9, 6, 7, 8, 3, 9, 2,
6, 2, 1, 4, 0, 9, 10, 6, 9, 10,
4, 7, 10, 5, 9, 9, 0, 7, 3, 7,
0, 9, 0, 4, 5, 7, 8, 7, 0, 1,
7, 9]
------------------------------------------------------- 
# stage = 12	# children c = 3	length of each stage p = 3	nodes = 101	# items I = 1
