[78, 80, 98, 10, 13, 90, 53, 23, 85, 81,
31, 24, 44, 5, 62, 25, 90, 92, 54, 84,
0, 84, 3, 67, 69, 21, 59, 26, 62, 26,
75, 5, 5, 72, 16, 18, 27, 35, 7, 11,
82, 39, 1, 26, 10, 63, 51, 0, 20, 71,
84, 88, 20, 87, 54, 89, 74, 12, 14, 1,
4, 89, 7, 9, 26, 90, 95, 53, 91]
[[563, 396, 193], [389, 740, 672], [726, 639, 757], [605, 401, 768], [853, 762, 743], [693, 595, 289], [481, 24, 583], [444, 879, 238], [829, 626, 480], [598, 663, 525],
[252, 230, 14], [445, 620, 666], [121, 350, 397], [878, 47, 798], [738, 812, 652], [486, 509, 252], [775, 83, 276], [362, 527, 159], [600, 360, 785], [84, 51, 452],
[610, 303, 683], [536, 660, 307], [294, 694, 569], [692, 664, 528], [494, 407, 433], [239, 893, 34], [491, 672, 29], [679, 126, 468], [751, 726, 829], [628, 810, 880],
[85, 424, 187], [768, 52, 759], [79, 347, 545], [648, 43, 214], [180, 537, 533], [613, 688, 518], [560, 183, 194], [589, 775, 320], [150, 618, 50], [71, 338, 772],
[863, 423, 289], [54, 195, 253], [813, 186, 512], [363, 746, 555], [577, 19, 97], [202, 544, 697], [632, 196, 881], [826, 698, 748], [150, 848, 458], [200, 831, 708],
[884, 786, 224], [265, 752, 331], [519, 657, 518], [123, 24, 268], [591, 601, 287], [600, 715, 832], [389, 351, 32], [274, 181, 730], [114, 331, 582], [484, 443, 505],
[285, 420, 295], [421, 597, 139], [664, 120, 709], [186, 156, 733], [455, 659, 339], [654, 351, 58], [578, 740, 322], [611, 107, 503], [345, 133, 747]]
[[8, 7, 1, 6], [9, 8, 4, 2], [1, 5, 8, 4], [0, 0, 6, 7], [0, 9, 5, 2], [3, 9, 10, 0], [9, 1, 3, 9], [0, 5, 2, 6], [10, 3, 2, 8], [1, 4, 8, 0],
[7, 4, 3, 5], [4, 9, 1, 3], [6, 5, 3, 9], [1, 0, 10, 10], [1, 0, 6, 10], [6, 8, 6, 5], [9, 6, 1, 10], [8, 7, 9, 4], [0, 1, 9, 3], [8, 9, 4, 3],
[1, 7, 0, 2], [7, 8, 1, 7], [8, 7, 6, 1], [2, 10, 5, 0], [3, 6, 9, 0], [0, 7, 2, 10], [6, 10, 0, 1], [8, 4, 5, 7], [9, 3, 9, 5], [0, 10, 10, 8],
[4, 4, 10, 4], [3, 4, 4, 5], [8, 2, 3, 6], [7, 6, 3, 2], [5, 3, 4, 0], [7, 7, 7, 5], [10, 3, 9, 8], [2, 6, 3, 4], [10, 2, 8, 1], [4, 10, 6, 10],
[2, 9, 4, 7], [4, 7, 8, 7], [0, 10, 5, 5], [6, 10, 9, 3], [2, 5, 9, 2], [0, 1, 6, 9], [2, 1, 10, 4], [10, 5, 4, 10], [3, 6, 6, 6], [2, 3, 0, 0],
[2, 6, 4, 6], [5, 0, 7, 6], [5, 3, 8, 3], [5, 2, 1, 7], [3, 0, 0, 0], [3, 2, 10, 5], [6, 6, 0, 7], [7, 9, 7, 8], [2, 9, 1, 6], [9, 7, 1, 1],
[10, 9, 5, 2], [0, 4, 9, 2], [3, 8, 2, 6], [8, 2, 0, 4], [6, 9, 9, 0], [8, 5, 6, 8], [2, 6, 3, 0], [2, 2, 0, 10], [1, 5, 2, 10]]
[1, 1, 1, 0.5, 0.5, 0.5, 0.5, 0.5, 0.5, 0.25,
0.25, 0.25, 0.25, 0.25, 0.25, 0.125, 0.125, 0.125, 0.125, 0.125,
0.125, 0.0625, 0.0625, 0.0625, 0.0625, 0.0625, 0.0625, 0.03125, 0.03125, 0.03125,
0.03125, 0.03125, 0.03125, 0.015625, 0.015625, 0.015625, 0.015625, 0.015625, 0.015625, 0.0078125,
0.0078125, 0.0078125, 0.0078125, 0.0078125, 0.0078125, 0.00390625, 0.00390625, 0.00390625, 0.00390625, 0.00390625,
0.00390625, 0.00195312, 0.00195312, 0.00195312, 0.00195312, 0.00195312, 0.00195312, 0.000976562, 0.000976562, 0.000976562,
0.000976562, 0.000976562, 0.000976562, 0.000488281, 0.000488281, 0.000488281, 0.000488281, 0.000488281, 0.000488281]
[4, 9, 4, 5, 1, 4, 15, 18, 9, 11,
9, 13, 12, 7, 8, 13, 15, 5, 1, 4,
13, 2, 18, 4, 11, 2, 3, 16, 0, 9,
8, 12, 1, 18, 6, 18, 6, 3, 18, 7,
16, 8, 2, 7, 6, 2, 14, 13, 9, 12,
10, 9, 6, 12, 13, 15, 7, 6, 4, 6,
11, 0, 0, 15, 0, 3, 16, 17, 3]
------------------------------------------------------- 
# stage = 12	# children c = 2	length of each stage p = 3	nodes = 68	# items I = 1
