[16, 85, 93, 62, 90, 4, 67, 58, 17, 57,
50, 16, 15, 32, 55, 73, 70, 22, 77, 63,
93, 88, 3, 66, 30, 13, 12, 26, 99, 17,
34, 14, 69, 26, 76, 24, 98, 8, 82, 81,
65, 98, 97, 80, 97, 17, 18, 32, 40, 96,
96, 99, 49, 65, 64, 45, 44, 43, 37, 8,
26, 37, 89, 95, 64, 64, 18, 27, 72, 66,
7, 3, 64, 70, 49, 26, 88, 68, 58, 27,
29, 19, 25, 44, 50, 55, 55, 61, 98, 93,
69, 24, 29, 58, 85, 59, 88, 3, 52, 26,
69, 59]
[[610, 1686, 765], [717, 780, 573], [275, 1151, 1758], [1515, 495, 423], [650, 889, 232], [575, 255, 165], [1557, 547, 1633], [32, 53, 170], [1669, 957, 434], [1314, 868, 1667],
[1096, 1350, 1533], [42, 119, 366], [487, 394, 1389], [425, 90, 64], [720, 740, 825], [953, 1187, 952], [990, 796, 1499], [803, 828, 1425], [974, 549, 562], [1408, 44, 1302],
[1127, 1140, 832], [713, 1054, 951], [1079, 1541, 1218], [520, 147, 1308], [456, 867, 100], [1281, 1692, 1159], [414, 863, 7], [1785, 1538, 835], [1390, 564, 1384], [133, 25, 1300],
[1435, 1152, 493], [320, 45, 1547], [1143, 996, 1141], [413, 1388, 1288], [1593, 24, 207], [1693, 1306, 80], [904, 1592, 815], [911, 1557, 533], [1618, 1128, 1098], [1183, 1133, 995],
[535, 620, 327], [1028, 812, 245], [628, 136, 1113], [1769, 549, 682], [1237, 323, 706], [1444, 68, 64], [1396, 845, 1528], [391, 1628, 1138], [797, 1427, 318], [1767, 662, 1451],
[942, 1197, 123], [1141, 406, 936], [1386, 906, 944], [552, 855, 1365], [1106, 272, 1688], [1684, 1588, 1629], [1621, 1165, 526], [1329, 1428, 334], [519, 405, 1761], [837, 352, 603],
[340, 1294, 1801], [464, 616, 259], [1272, 54, 1165], [396, 478, 72], [1761, 1584, 344], [1502, 1321, 1804], [1183, 1122, 1021], [1709, 503, 630], [223, 1023, 907], [165, 40, 1132],
[768, 253, 606], [621, 717, 1094], [752, 169, 1021], [1789, 565, 1499], [41, 378, 1136], [257, 60, 637], [242, 1243, 1631], [1135, 1132, 314], [1765, 1228, 1209], [725, 1393, 1122],
[37, 213, 1375], [515, 707, 144], [1482, 1459, 313], [683, 1301, 750], [234, 1342, 1000], [1242, 1600, 933], [1751, 1714, 356], [1562, 1029, 1361], [1749, 847, 641], [1138, 1444, 214],
[312, 1481, 299], [1687, 48, 1006], [11, 1530, 518], [196, 265, 1819], [818, 500, 1213], [1819, 1742, 865], [932, 1674, 759], [1160, 1288, 1661], [573, 1217, 560], [1214, 408, 56],
[1300, 720, 1537], [1600, 460, 1457]]
[[10, 2, 8, 7], [8, 2, 5, 3], [6, 4, 2, 2], [1, 0, 8, 4], [10, 10, 9, 2], [9, 6, 6, 9], [8, 7, 4, 1], [10, 10, 8, 7], [1, 5, 1, 8], [7, 7, 0, 0],
[0, 0, 0, 0], [0, 8, 4, 10], [5, 2, 0, 3], [6, 4, 0, 1], [0, 2, 3, 8], [1, 0, 2, 1], [3, 4, 7, 8], [0, 7, 8, 9], [5, 8, 9, 6], [3, 2, 3, 9],
[2, 1, 10, 9], [6, 8, 10, 4], [0, 0, 0, 1], [9, 2, 0, 1], [4, 7, 9, 2], [1, 6, 1, 5], [1, 8, 9, 5], [9, 1, 1, 0], [1, 0, 7, 5], [9, 7, 9, 9],
[5, 9, 8, 4], [10, 7, 5, 1], [1, 4, 4, 1], [8, 5, 6, 8], [0, 4, 0, 9], [3, 1, 10, 2], [10, 6, 7, 6], [0, 4, 2, 4], [0, 9, 8, 10], [5, 2, 1, 6],
[4, 3, 5, 0], [6, 0, 8, 6], [2, 8, 5, 4], [7, 2, 6, 6], [6, 1, 0, 5], [5, 2, 9, 5], [0, 6, 3, 5], [6, 4, 10, 9], [5, 4, 9, 0], [3, 4, 6, 3],
[1, 9, 7, 6], [0, 3, 1, 5], [4, 10, 10, 7], [2, 8, 1, 0], [1, 4, 6, 7], [6, 3, 3, 0], [5, 1, 0, 6], [3, 5, 10, 4], [1, 6, 8, 2], [7, 8, 5, 9],
[7, 4, 5, 9], [1, 7, 10, 0], [0, 3, 7, 7], [4, 9, 5, 9], [10, 4, 3, 3], [9, 2, 5, 8], [8, 3, 8, 3], [0, 2, 1, 5], [6, 7, 4, 5], [3, 1, 5, 1],
[2, 0, 6, 6], [9, 1, 2, 6], [5, 5, 7, 1], [5, 0, 9, 3], [1, 7, 4, 10], [9, 5, 4, 3], [1, 8, 6, 2], [7, 1, 4, 9], [10, 10, 2, 8], [9, 5, 3, 3],
[8, 9, 2, 3], [9, 1, 4, 10], [6, 8, 9, 2], [0, 2, 3, 2], [9, 10, 2, 3], [0, 6, 2, 10], [4, 2, 5, 2], [5, 6, 4, 3], [4, 6, 4, 2], [5, 6, 10, 0],
[1, 8, 1, 1], [9, 4, 1, 7], [3, 4, 10, 1], [8, 10, 0, 1], [0, 3, 2, 5], [10, 6, 6, 3], [1, 10, 4, 5], [5, 3, 3, 6], [1, 4, 6, 10], [9, 7, 4, 10],
[0, 1, 1, 9], [10, 10, 8, 10]]
[1, 1, 1, 0.333333, 0.333333, 0.333333, 0.333333, 0.333333, 0.333333, 0.333333,
0.333333, 0.333333, 0.111111, 0.111111, 0.111111, 0.111111, 0.111111, 0.111111, 0.111111, 0.111111,
0.111111, 0.037037, 0.037037, 0.037037, 0.037037, 0.037037, 0.037037, 0.037037, 0.037037, 0.037037,
0.0123457, 0.0123457, 0.0123457, 0.0123457, 0.0123457, 0.0123457, 0.0123457, 0.0123457, 0.0123457, 0.00411523,
0.00411523, 0.00411523, 0.00411523, 0.00411523, 0.00411523, 0.00411523, 0.00411523, 0.00411523, 0.00137174, 0.00137174,
0.00137174, 0.00137174, 0.00137174, 0.00137174, 0.00137174, 0.00137174, 0.00137174, 0.000457247, 0.000457247, 0.000457247,
0.000457247, 0.000457247, 0.000457247, 0.000457247, 0.000457247, 0.000457247, 0.000152416, 0.000152416, 0.000152416, 0.000152416,
0.000152416, 0.000152416, 0.000152416, 0.000152416, 0.000152416, 5.08053e-05, 5.08053e-05, 5.08053e-05, 5.08053e-05, 5.08053e-05,
5.08053e-05, 5.08053e-05, 5.08053e-05, 5.08053e-05, 1.69351e-05, 1.69351e-05, 1.69351e-05, 1.69351e-05, 1.69351e-05, 1.69351e-05,
1.69351e-05, 1.69351e-05, 1.69351e-05, 5.64503e-06, 5.64503e-06, 5.64503e-06, 5.64503e-06, 5.64503e-06, 5.64503e-06, 5.64503e-06,
5.64503e-06, 5.64503e-06]
[3, 4, 5, 2, 9, 0, 5, 6, 4, 3,
9, 2, 8, 4, 6, 7, 1, 4, 9, 4,
0, 4, 0, 5, 9, 1, 9, 5, 9, 0,
3, 8, 4, 5, 2, 5, 6, 0, 2, 6,
8, 2, 2, 9, 1, 9, 2, 3, 5, 4,
0, 0, 3, 8, 2, 2, 5, 0, 6, 2,
4, 4, 3, 4, 0, 9, 2, 1, 4, 3,
7, 8, 2, 3, 3, 8, 0, 3, 2, 6,
0, 5, 9, 0, 8, 3, 1, 2, 4, 5,
1, 7, 9, 9, 2, 6, 5, 5, 9, 1,
1, 7]
------------------------------------------------------- 
# stage = 12	# children c = 3	length of each stage p = 3	nodes = 101	# items I = 1
