[23, 5, 75, 78, 69, 16, 54, 81, 78, 82,
96, 72, 48, 73, 2, 13, 41, 26, 9, 52,
95, 81, 21, 51, 57, 13, 16, 96, 90, 35,
53, 79, 40, 94, 56, 9, 9, 76, 56, 53,
58, 51, 92, 5, 23, 94, 85, 64, 86, 94,
15, 80, 40, 3, 97, 98, 83, 12, 59, 38,
13, 78, 16, 54, 71, 72, 29, 46, 47, 85,
100, 71, 1, 91, 77, 24, 50, 61, 89, 36,
21, 70, 82, 61, 39, 79, 58, 21, 57, 83,
59, 71, 60, 75, 91, 97, 12, 86, 43, 60,
70, 42]
[[54, 749, 141], [710, 916, 1757], [164, 1148, 1415], [476, 1550, 1024], [1651, 1469, 966], [391, 583, 1040], [1618, 386, 1020], [1708, 668, 57], [1688, 1249, 769], [765, 1333, 1188],
[391, 1387, 1505], [101, 1666, 161], [1426, 1398, 1309], [1013, 46, 1031], [209, 1265, 672], [1176, 1224, 823], [388, 583, 777], [976, 463, 1013], [1033, 1719, 435], [1370, 656, 1768],
[298, 1047, 896], [1803, 1148, 302], [1532, 314, 1700], [1013, 1327, 1314], [216, 1105, 751], [456, 453, 1544], [1280, 409, 299], [1625, 953, 330], [811, 159, 221], [1246, 1097, 445],
[754, 1396, 1492], [1218, 939, 381], [1520, 644, 695], [960, 1225, 1591], [446, 1010, 868], [766, 1466, 889], [50, 486, 866], [1745, 284, 1819], [247, 663, 1546], [36, 81, 384],
[481, 403, 1780], [1541, 1190, 459], [1490, 450, 671], [1754, 1411, 69], [1517, 1425, 1079], [125, 363, 285], [1014, 1809, 772], [1448, 1726, 624], [1439, 1541, 1287], [726, 1577, 936],
[1110, 1626, 907], [630, 908, 269], [1089, 570, 720], [1329, 496, 1699], [966, 1581, 1296], [1613, 1706, 1228], [70, 892, 1209], [410, 512, 1108], [602, 1520, 821], [1457, 418, 139],
[133, 1528, 1765], [1041, 1726, 845], [1310, 987, 984], [1598, 56, 1480], [1469, 1022, 1234], [938, 375, 1112], [338, 446, 1573], [1115, 424, 1653], [395, 1027, 913], [785, 224, 899],
[924, 358, 167], [429, 1399, 65], [843, 449, 621], [1827, 220, 677], [1479, 1257, 1268], [453, 367, 1643], [1134, 273, 1657], [447, 1389, 254], [1668, 1352, 849], [754, 309, 1073],
[1653, 801, 999], [1821, 1231, 570], [58, 246, 588], [679, 245, 808], [925, 1292, 1633], [365, 1314, 173], [180, 620, 14], [10, 635, 971], [1660, 475, 496], [681, 1229, 373],
[1322, 623, 1175], [62, 616, 146], [632, 242, 392], [1220, 490, 205], [1596, 1415, 1065], [1402, 1780, 551], [1143, 1528, 739], [725, 1106, 1374], [1697, 938, 1418], [1761, 1187, 819],
[1702, 250, 1442], [617, 312, 1626]]
[[1, 9, 3, 4], [8, 1, 8, 10], [6, 0, 5, 6], [1, 3, 2, 1], [9, 1, 5, 10], [10, 3, 3, 5], [7, 10, 9, 4], [9, 1, 6, 0], [10, 9, 2, 6], [9, 8, 5, 4],
[8, 8, 10, 8], [1, 10, 7, 10], [1, 1, 7, 0], [2, 8, 4, 10], [6, 0, 1, 4], [2, 8, 2, 10], [4, 3, 5, 2], [0, 9, 7, 7], [4, 6, 2, 5], [4, 9, 2, 3],
[8, 10, 3, 0], [5, 5, 8, 0], [6, 9, 3, 6], [6, 5, 3, 0], [6, 7, 0, 5], [5, 7, 1, 9], [1, 3, 2, 5], [1, 2, 8, 7], [10, 9, 7, 5], [2, 4, 5, 8],
[3, 8, 1, 7], [1, 4, 5, 5], [0, 6, 10, 3], [2, 0, 2, 1], [3, 2, 6, 2], [4, 1, 8, 4], [0, 4, 9, 2], [7, 1, 8, 10], [10, 9, 4, 9], [0, 10, 3, 1],
[5, 3, 4, 5], [1, 4, 5, 3], [4, 0, 3, 9], [0, 0, 0, 9], [5, 7, 9, 1], [8, 6, 9, 5], [2, 2, 1, 2], [10, 3, 1, 2], [6, 6, 6, 7], [8, 0, 10, 2],
[9, 3, 9, 9], [1, 7, 7, 6], [3, 3, 5, 9], [7, 1, 2, 9], [2, 1, 10, 1], [4, 0, 4, 10], [4, 8, 5, 2], [8, 2, 2, 6], [3, 9, 3, 5], [5, 8, 9, 6],
[1, 2, 2, 8], [3, 4, 7, 5], [6, 4, 5, 8], [4, 7, 6, 7], [4, 0, 7, 1], [0, 9, 5, 2], [5, 8, 7, 10], [6, 3, 3, 7], [5, 5, 2, 7], [8, 9, 10, 3],
[0, 4, 9, 3], [0, 4, 10, 4], [4, 6, 3, 3], [2, 9, 5, 5], [6, 10, 4, 10], [2, 5, 4, 6], [10, 7, 2, 7], [3, 1, 8, 4], [4, 7, 7, 4], [0, 6, 7, 3],
[10, 10, 6, 10], [6, 9, 4, 2], [8, 6, 10, 10], [0, 4, 3, 10], [0, 5, 7, 3], [5, 2, 7, 9], [9, 3, 0, 10], [7, 5, 0, 4], [5, 6, 3, 0], [4, 7, 0, 10],
[2, 0, 7, 0], [4, 0, 0, 2], [3, 5, 5, 8], [7, 0, 4, 6], [1, 3, 3, 9], [8, 3, 2, 0], [7, 4, 1, 9], [9, 10, 8, 1], [8, 4, 1, 10], [4, 10, 1, 8],
[4, 7, 3, 10], [5, 6, 3, 6]]
[1, 1, 1, 0.333333, 0.333333, 0.333333, 0.333333, 0.333333, 0.333333, 0.333333,
0.333333, 0.333333, 0.111111, 0.111111, 0.111111, 0.111111, 0.111111, 0.111111, 0.111111, 0.111111,
0.111111, 0.037037, 0.037037, 0.037037, 0.037037, 0.037037, 0.037037, 0.037037, 0.037037, 0.037037,
0.0123457, 0.0123457, 0.0123457, 0.0123457, 0.0123457, 0.0123457, 0.0123457, 0.0123457, 0.0123457, 0.00411523,
0.00411523, 0.00411523, 0.00411523, 0.00411523, 0.00411523, 0.00411523, 0.00411523, 0.00411523, 0.00137174, 0.00137174,
0.00137174, 0.00137174, 0.00137174, 0.00137174, 0.00137174, 0.00137174, 0.00137174, 0.000457247, 0.000457247, 0.000457247,
0.000457247, 0.000457247, 0.000457247, 0.000457247, 0.000457247, 0.000457247, 0.000152416, 0.000152416, 0.000152416, 0.000152416,
0.000152416, 0.000152416, 0.000152416, 0.000152416, 0.000152416, 5.08053e-05, 5.08053e-05, 5.08053e-05, 5.08053e-05, 5.08053e-05,
5.08053e-05, 5.08053e-05, 5.08053e-05, 5.08053e-05, 1.69351e-05, 1.69351e-05, 1.69351e-05, 1.69351e-05, 1.69351e-05, 1.69351e-05,
1.69351e-05, 1.69351e-05, 1.69351e-05, 5.64503e-06, 5.64503e-06, 5.64503e-06, 5.64503e-06, 5.64503e-06, 5.64503e-06, 5.64503e-06,
5.64503e-06, 5.64503e-06]
[6, 9, 1, 1, 6, 6, 0, 9, 3, 3,
1, 3, 0, 9, 7, 7, 5, 8, 9, 6,
9, 7, 0, 4, 7, 7, 9, 2, 5, 9,
7, 9, 6, 2, 0, 3, 6, 3, 8, 2,
6, 8, 9, 7, 6, 0, 5, 0, 2, 1,
7, 3, 6, 0, 6, 1, 4, 2, 4, 0,
8, 6, 7, 9, 2, 5, 6, 3, 9, 8,
0, 3, 3, 1, 7, 8, 6, 4, 2, 6,
5, 6, 2, 7, 7, 9, 1, 4, 0, 4,
1, 6, 9, 5, 6, 9, 5, 7, 7, 2,
6, 5]
------------------------------------------------------- 
# stage = 12	# children c = 3	length of each stage p = 3	nodes = 101	# items I = 1
