[86, 4, 41, 8, 39, 67, 50, 32, 27, 25,
48, 60, 13, 93, 13, 65, 8, 20, 93, 70,
88, 44, 83, 72, 31, 37, 37, 69, 72, 92,
83, 23, 96, 23, 99, 34, 56, 48, 33, 83,
73, 47, 9, 52, 5, 89, 16, 13, 75, 76,
83, 62, 19, 66, 100, 50, 69, 36, 19, 6,
94, 1, 97, 55, 91, 95, 55, 12, 42, 54,
62, 82, 1, 71, 100, 73, 59, 83, 87, 33,
58, 69, 61, 77, 0, 60, 94, 35, 62, 79,
42, 55, 46, 4, 9, 36, 99, 30, 48, 6,
85, 76, 54, 86, 46, 54, 58, 71, 2, 10,
70, 60, 80, 30, 2, 46, 56, 96, 82, 17,
74, 90, 38, 19, 94, 13, 21, 92, 44, 36]
[[1273, 25, 231], [728, 361, 1607], [2063, 1605, 2087], [2025, 1442, 1703], [1014, 1279, 949], [1649, 376, 1873], [515, 502, 1317], [1442, 1801, 1256], [317, 79, 1414], [1873, 1993, 1918],
[1806, 1151, 1943], [2037, 1879, 188], [1529, 1828, 1792], [1500, 1737, 1118], [1087, 637, 281], [2036, 172, 658], [1794, 687, 1158], [997, 16, 845], [138, 331, 923], [1550, 91, 802],
[1354, 1897, 1951], [1181, 1818, 1716], [1368, 1231, 1428], [1044, 618, 1051], [48, 1705, 1689], [328, 1626, 1859], [986, 1306, 431], [30, 187, 445], [873, 323, 776], [1796, 1873, 867],
[483, 1111, 648], [320, 179, 351], [2037, 1545, 1582], [1349, 475, 86], [287, 521, 1790], [1974, 849, 1300], [1719, 1833, 490], [34, 1861, 675], [479, 621, 999], [1256, 301, 758],
[7, 784, 1868], [654, 1105, 2047], [1005, 1026, 1476], [473, 259, 1949], [558, 544, 356], [232, 404, 1204], [1532, 8, 921], [2020, 42, 669], [581, 520, 1288], [1580, 1774, 1589],
[223, 1779, 258], [2091, 319, 1363], [2022, 1322, 273], [1384, 1796, 530], [1217, 238, 1075], [1571, 470, 1479], [661, 2000, 1485], [1583, 1904, 1528], [136, 371, 2046], [1424, 1952, 1706],
[899, 59, 1371], [1157, 36, 1689], [404, 2056, 897], [675, 1324, 577], [1206, 427, 815], [167, 1998, 1283], [1644, 546, 1167], [1016, 13, 957], [428, 149, 1329], [360, 1571, 1165],
[2066, 356, 1224], [1321, 1512, 1258], [896, 1914, 1200], [1794, 474, 410], [257, 1680, 835], [1071, 1845, 719], [240, 1375, 1263], [1408, 277, 1276], [249, 703, 1423], [1578, 1063, 880],
[627, 1013, 1235], [1851, 221, 631], [993, 1117, 431], [77, 795, 905], [487, 1051, 469], [1322, 8, 200], [2040, 246, 1574], [1189, 1652, 1851], [350, 1902, 441], [1773, 1364, 1502],
[538, 1992, 402], [1773, 1727, 621], [290, 607, 1738], [719, 684, 418], [1623, 1170, 1469], [2092, 376, 1475], [177, 300, 1721], [1751, 1490, 1260], [1486, 1840, 1048], [1925, 1497, 298],
[1314, 2035, 174], [1714, 1692, 1902], [221, 1982, 393], [1957, 588, 1075], [259, 95, 129], [1728, 73, 506], [1089, 248, 804], [697, 1999, 180], [1955, 1372, 2018], [889, 1181, 1400],
[1185, 381, 1321], [1360, 2093, 900], [1146, 198, 766], [1539, 42, 1352], [498, 301, 1447], [628, 2028, 1519], [1132, 1003, 1767], [1936, 1698, 1651], [1, 1539, 909], [2019, 312, 2088],
[1303, 1498, 354], [511, 742, 333], [1409, 1888, 532], [59, 1311, 572], [1412, 1809, 873], [743, 321, 785], [146, 1453, 1787], [1914, 1276, 1369], [1451, 1277, 795], [244, 1180, 1105]]
[[10, 0, 0, 6], [2, 5, 0, 1], [5, 10, 5, 7], [7, 0, 0, 0], [7, 1, 6, 4], [0, 2, 0, 1], [9, 7, 8, 0], [5, 5, 10, 3], [3, 9, 9, 5], [3, 9, 5, 6],
[6, 10, 2, 2], [10, 1, 0, 6], [2, 4, 9, 0], [7, 9, 1, 5], [4, 8, 5, 9], [0, 3, 1, 4], [1, 10, 7, 2], [6, 1, 6, 1], [0, 7, 1, 8], [8, 0, 2, 10],
[4, 0, 8, 0], [7, 8, 3, 0], [5, 7, 8, 5], [8, 9, 7, 7], [7, 4, 9, 2], [3, 4, 4, 2], [9, 3, 10, 6], [3, 10, 3, 8], [8, 1, 6, 5], [9, 10, 3, 3],
[4, 0, 6, 1], [10, 1, 8, 6], [5, 4, 6, 6], [6, 10, 8, 5], [3, 6, 0, 4], [5, 4, 1, 3], [5, 8, 8, 1], [5, 0, 2, 9], [10, 6, 8, 9], [7, 5, 2, 10],
[9, 8, 6, 4], [6, 3, 7, 7], [9, 8, 0, 2], [1, 0, 5, 4], [8, 0, 5, 0], [9, 5, 7, 8], [0, 4, 4, 8], [7, 4, 7, 5], [0, 2, 7, 6], [4, 4, 0, 2],
[10, 9, 2, 9], [9, 7, 0, 4], [5, 3, 4, 4], [8, 0, 10, 8], [2, 4, 3, 9], [6, 0, 1, 6], [0, 7, 10, 4], [0, 10, 5, 8], [9, 7, 6, 5], [2, 6, 10, 7],
[9, 1, 9, 4], [0, 9, 1, 2], [0, 5, 10, 6], [3, 0, 2, 1], [7, 10, 6, 5], [10, 9, 2, 6], [3, 6, 0, 3], [10, 8, 0, 8], [8, 7, 1, 6], [5, 1, 8, 3],
[4, 5, 8, 5], [6, 10, 6, 2], [7, 10, 6, 6], [8, 8, 10, 10], [2, 9, 2, 1], [6, 0, 8, 1], [8, 7, 7, 0], [8, 3, 4, 10], [8, 10, 4, 1], [7, 0, 4, 3],
[10, 10, 10, 6], [5, 9, 5, 7], [7, 5, 7, 1], [6, 4, 0, 1], [0, 8, 1, 9], [0, 3, 6, 6], [2, 0, 8, 9], [0, 10, 2, 8], [7, 10, 1, 10], [6, 4, 7, 1],
[10, 3, 2, 5], [7, 2, 4, 5], [8, 5, 3, 6], [7, 8, 2, 9], [8, 8, 6, 6], [7, 6, 1, 3], [5, 3, 2, 9], [7, 7, 10, 6], [8, 10, 9, 2], [0, 2, 8, 8],
[6, 9, 2, 2], [6, 4, 9, 3], [1, 2, 7, 6], [8, 9, 9, 0], [1, 9, 8, 8], [6, 7, 2, 1], [5, 0, 4, 5], [1, 10, 0, 7], [8, 2, 7, 4], [4, 5, 5, 5],
[6, 2, 0, 3], [9, 7, 2, 10], [4, 10, 5, 8], [4, 7, 9, 9], [6, 0, 1, 7], [10, 2, 1, 8], [4, 8, 10, 7], [0, 2, 10, 6], [2, 9, 8, 0], [5, 8, 8, 7],
[7, 3, 4, 0], [8, 3, 8, 3], [1, 9, 8, 1], [0, 7, 7, 3], [4, 4, 8, 3], [6, 7, 7, 7], [5, 4, 7, 0], [1, 3, 7, 6], [6, 10, 5, 1], [2, 0, 3, 1]]
[1, 1, 1, 1, 1, 0.2, 0.2, 0.2, 0.2, 0.2,
0.2, 0.2, 0.2, 0.2, 0.2, 0.2, 0.2, 0.2, 0.2, 0.2,
0.2, 0.2, 0.2, 0.2, 0.2, 0.2, 0.2, 0.2, 0.2, 0.2,
0.04, 0.04, 0.04, 0.04, 0.04, 0.04, 0.04, 0.04, 0.04, 0.04,
0.04, 0.04, 0.04, 0.04, 0.04, 0.04, 0.04, 0.04, 0.04, 0.04,
0.04, 0.04, 0.04, 0.04, 0.04, 0.008, 0.008, 0.008, 0.008, 0.008,
0.008, 0.008, 0.008, 0.008, 0.008, 0.008, 0.008, 0.008, 0.008, 0.008,
0.008, 0.008, 0.008, 0.008, 0.008, 0.008, 0.008, 0.008, 0.008, 0.008,
0.0016, 0.0016, 0.0016, 0.0016, 0.0016, 0.0016, 0.0016, 0.0016, 0.0016, 0.0016,
0.0016, 0.0016, 0.0016, 0.0016, 0.0016, 0.0016, 0.0016, 0.0016, 0.0016, 0.0016,
0.0016, 0.0016, 0.0016, 0.0016, 0.0016, 0.00032, 0.00032, 0.00032, 0.00032, 0.00032,
0.00032, 0.00032, 0.00032, 0.00032, 0.00032, 0.00032, 0.00032, 0.00032, 0.00032, 0.00032,
0.00032, 0.00032, 0.00032, 0.00032, 0.00032, 0.00032, 0.00032, 0.00032, 0.00032, 0.00032]
[5, 4, 6, 3, 1, 2, 10, 8, 0, 1,
3, 2, 2, 5, 8, 9, 10, 0, 2, 6,
0, 4, 6, 5, 0, 1, 10, 0, 1, 3,
0, 8, 0, 1, 10, 2, 2, 6, 4, 10,
3, 3, 0, 1, 8, 8, 2, 3, 10, 0,
9, 5, 5, 4, 8, 10, 0, 10, 4, 10,
3, 5, 6, 5, 10, 10, 6, 6, 1, 7,
9, 3, 7, 7, 3, 7, 9, 0, 6, 6,
7, 9, 8, 0, 1, 1, 10, 8, 7, 2,
8, 4, 7, 6, 6, 2, 5, 0, 3, 7,
6, 0, 0, 7, 8, 5, 4, 9, 2, 9,
5, 7, 10, 0, 6, 2, 1, 4, 9, 6,
5, 10, 0, 7, 10, 6, 2, 1, 8, 1]
------------------------------------------------------- 
# stage = 6	# children c = 5	length of each stage p = 5	nodes = 129	# items I = 1
