[72, 39, 77, 12, 44, 93, 39, 11, 88, 30,
100, 72, 5, 74, 94, 97, 56, 65, 56, 82,
35, 35, 61, 36, 95, 82, 55, 15, 82, 57,
6, 19, 96, 83, 98, 5, 75, 36, 16, 29,
66, 15, 0, 37, 56, 60, 33, 11, 25, 56,
93, 60]
[[444, 174, 795], [770, 626, 401], [556, 549, 765], [525, 18, 430], [507, 546, 177], [96, 602, 825], [453, 950, 827], [387, 277, 327], [505, 846, 746], [485, 970, 859],
[132, 976, 48], [928, 761, 675], [891, 333, 239], [671, 858, 257], [664, 927, 365], [841, 39, 967], [681, 54, 495], [85, 441, 772], [960, 508, 196], [721, 8, 728],
[157, 140, 719], [206, 630, 58], [881, 98, 391], [682, 332, 264], [939, 11, 754], [866, 414, 355], [410, 111, 409], [905, 743, 412], [255, 718, 920], [13, 16, 490],
[741, 174, 192], [37, 380, 385], [95, 823, 483], [48, 520, 815], [860, 36, 388], [629, 464, 803], [984, 874, 476], [955, 357, 234], [929, 612, 953], [864, 187, 531],
[916, 928, 705], [123, 527, 647], [70, 185, 47], [554, 233, 129], [931, 655, 165], [882, 299, 191], [700, 845, 81], [738, 377, 0], [972, 321, 174], [502, 747, 361],
[49, 240, 851], [316, 364, 393]]
[[1, 5, 7, 6], [3, 5, 2, 6], [10, 7, 3, 2], [8, 10, 9, 5], [10, 4, 8, 9], [3, 7, 8, 1], [0, 10, 9, 4], [5, 3, 6, 4], [6, 2, 8, 7], [5, 8, 2, 3],
[5, 5, 3, 0], [2, 2, 5, 0], [6, 1, 9, 7], [8, 4, 9, 6], [3, 5, 10, 6], [6, 5, 8, 2], [5, 5, 9, 0], [3, 10, 1, 8], [2, 4, 8, 5], [4, 0, 5, 8],
[1, 1, 5, 8], [3, 1, 1, 5], [6, 1, 0, 1], [4, 9, 1, 10], [1, 0, 8, 4], [8, 7, 10, 10], [0, 5, 2, 3], [4, 5, 0, 5], [4, 3, 0, 8], [4, 2, 2, 8],
[1, 0, 10, 5], [7, 0, 2, 9], [9, 10, 0, 6], [6, 0, 4, 5], [5, 4, 8, 9], [10, 6, 2, 3], [8, 0, 9, 1], [2, 0, 10, 3], [10, 7, 7, 6], [7, 9, 4, 6],
[7, 5, 10, 2], [3, 1, 5, 6], [6, 0, 3, 5], [7, 3, 6, 4], [3, 3, 3, 4], [3, 0, 5, 2], [7, 1, 7, 4], [9, 0, 8, 5], [3, 5, 7, 4], [7, 2, 0, 0],
[2, 1, 3, 7], [4, 7, 9, 7]]
[1, 1, 0.2, 0.2, 0.2, 0.2, 0.2, 0.2, 0.2, 0.2,
0.2, 0.2, 0.04, 0.04, 0.04, 0.04, 0.04, 0.04, 0.04, 0.04,
0.04, 0.04, 0.008, 0.008, 0.008, 0.008, 0.008, 0.008, 0.008, 0.008,
0.008, 0.008, 0.0016, 0.0016, 0.0016, 0.0016, 0.0016, 0.0016, 0.0016, 0.0016,
0.0016, 0.0016, 0.00032, 0.00032, 0.00032, 0.00032, 0.00032, 0.00032, 0.00032, 0.00032,
0.00032, 0.00032]
[6, 3, 1, 9, 5, 8, 8, 5, 8, 0,
4, 4, 7, 8, 5, 9, 4, 9, 8, 8,
1, 2, 4, 9, 4, 8, 3, 4, 9, 7,
3, 8, 4, 6, 8, 9, 5, 5, 3, 1,
7, 2, 4, 6, 1, 9, 4, 3, 8, 2,
6, 2]
------------------------------------------------------- 
# stage = 6	# children c = 5	length of each stage p = 2	nodes = 51	# items I = 1
