[99, 78, 65, 39, 34, 32, 63, 55, 88, 76,
41, 89, 100, 86, 63, 61, 56, 30, 58, 21,
44, 41, 85, 35, 26, 87, 91, 83, 94, 71,
25, 92, 48, 90, 31, 49, 21, 60, 70, 8,
2, 10, 64, 68, 62, 93, 28, 84, 22, 87,
4, 66, 94, 55, 68, 19, 41, 24, 1, 34,
95, 26, 26, 43, 82, 23, 58, 3, 83, 27,
78, 51, 3, 7, 19, 65, 0, 47, 48, 22,
33, 18, 55, 93, 73, 89, 11, 80, 12, 79,
81, 7, 71, 73, 16, 53, 96, 74, 22, 44,
67, 100, 96, 70, 74, 81, 0, 40, 27, 14,
62, 27, 99, 83, 86, 71, 71, 98, 16, 84,
42, 97, 57, 13, 69, 39, 32, 30, 79, 54,
75, 45, 19, 36, 81, 93, 83, 47, 32, 9,
27, 61, 2, 25, 9, 89, 62, 47, 52, 78,
97, 94, 75, 53, 73, 9, 92, 4, 40, 70,
58, 81, 81, 44, 83, 27, 36, 65, 74, 35,
40, 0, 62, 43, 25, 37, 98, 87, 84, 49]
[[822, 475, 1552], [941, 1085, 676], [409, 575, 1986], [1893, 91, 448], [1413, 1159, 1151], [1774, 938, 1607], [1674, 170, 1153], [854, 1128, 386], [847, 1944, 793], [1760, 1213, 1610],
[738, 48, 479], [684, 1371, 1946], [1360, 1780, 534], [1740, 80, 1006], [202, 1493, 559], [1734, 1661, 1497], [1735, 1349, 62], [901, 216, 1571], [1288, 1445, 1909], [475, 1218, 1135],
[99, 350, 1565], [959, 1035, 949], [918, 789, 1123], [1833, 543, 1204], [853, 1126, 1091], [1412, 1254, 1147], [1304, 1002, 509], [1747, 297, 1106], [1712, 1585, 564], [1634, 455, 1782],
[1164, 554, 146], [742, 1894, 1562], [1691, 826, 364], [1208, 672, 1288], [806, 1906, 808], [1898, 1332, 456], [1439, 1030, 1839], [342, 1171, 150], [1448, 896, 1735], [26, 924, 584],
[202, 101, 1138], [729, 1224, 1046], [304, 1309, 266], [1050, 531, 938], [732, 1337, 1239], [1541, 1629, 965], [391, 1462, 8], [244, 1804, 1560], [394, 1266, 469], [523, 1673, 1393],
[1108, 269, 1876], [640, 999, 1494], [80, 1684, 1198], [346, 747, 123], [1666, 1480, 1460], [918, 1415, 1484], [277, 1806, 959], [666, 444, 1158], [239, 838, 437], [708, 1362, 504],
[495, 864, 773], [765, 1504, 166], [654, 1585, 1851], [1852, 325, 611], [1975, 385, 485], [1829, 1684, 294], [1707, 1961, 495], [680, 640, 939], [232, 879, 172], [669, 1968, 1915],
[1554, 477, 792], [721, 1623, 309], [888, 290, 288], [752, 155, 614], [1744, 524, 1380], [624, 367, 1078], [918, 87, 1052], [1794, 1148, 1693], [747, 1380, 966], [919, 443, 948],
[847, 391, 1806], [33, 1113, 1442], [342, 14, 1733], [1012, 766, 282], [20, 904, 807], [1400, 1528, 1555], [491, 460, 36], [1544, 648, 1185], [1631, 1395, 959], [991, 708, 1403],
[1939, 1936, 1794], [1758, 1969, 920], [1595, 706, 1315], [1722, 1718, 475], [17, 132, 1380], [1205, 1532, 921], [1154, 37, 1762], [1191, 1962, 424], [389, 0, 213], [1729, 991, 1303],
[1145, 1325, 1633], [1334, 1096, 10], [648, 704, 716], [1964, 820, 828], [452, 1219, 960], [226, 437, 886], [1148, 1973, 923], [1304, 1177, 1279], [122, 1947, 1279], [336, 1689, 665],
[1639, 1229, 3], [1666, 576, 1099], [1676, 1605, 198], [405, 1963, 1399], [1614, 810, 631], [968, 1036, 1450], [1855, 578, 1436], [791, 1883, 1007], [465, 18, 967], [138, 735, 1050],
[803, 768, 292], [806, 448, 1249], [300, 137, 1249], [879, 924, 1225], [291, 551, 48], [923, 1901, 1466], [767, 1769, 57], [216, 954, 334], [1223, 1419, 353], [584, 1558, 1469],
[1634, 755, 251], [321, 1562, 699], [1951, 256, 1217], [1213, 1135, 154], [833, 1426, 1087], [881, 743, 1001], [360, 1510, 1164], [799, 120, 131], [1133, 1724, 1932], [1867, 321, 1884],
[1350, 350, 652], [1601, 1052, 608], [694, 1016, 864], [305, 243, 12], [460, 1457, 1820], [1928, 351, 957], [1323, 1093, 862], [500, 286, 982], [1012, 1419, 720], [1338, 1681, 1422],
[1235, 1044, 166], [282, 1039, 1218], [890, 127, 248], [1755, 432, 872], [161, 1273, 342], [1981, 1595, 1074], [1333, 931, 561], [208, 1812, 847], [1190, 838, 661], [304, 570, 355],
[121, 200, 1780], [287, 482, 1213], [1506, 1753, 1340], [148, 1521, 166], [1401, 77, 1440], [137, 71, 1429], [1211, 1785, 374], [167, 6, 199], [1014, 1578, 1418], [69, 1882, 383],
[805, 16, 583], [598, 685, 1065], [1811, 204, 1212], [1545, 733, 747], [1712, 147, 1205], [1546, 284, 1276], [988, 1876, 1456], [1362, 56, 1462], [1943, 1452, 1053], [1755, 1521, 1330]]
[[1, 9, 8, 6], [7, 8, 9, 7], [4, 8, 7, 6], [3, 3, 5, 0], [5, 9, 2, 1], [7, 4, 4, 2], [4, 1, 10, 1], [8, 5, 3, 8], [4, 1, 3, 0], [9, 10, 6, 0],
[7, 0, 6, 8], [2, 0, 8, 7], [10, 10, 7, 4], [2, 0, 5, 6], [0, 4, 8, 8], [9, 9, 5, 0], [10, 7, 10, 6], [6, 3, 7, 3], [1, 2, 9, 3], [1, 7, 9, 0],
[4, 5, 4, 4], [3, 9, 0, 3], [0, 6, 10, 8], [4, 2, 8, 4], [9, 5, 8, 5], [6, 4, 6, 8], [5, 4, 9, 6], [9, 7, 6, 1], [1, 8, 5, 3], [5, 3, 6, 5],
[9, 3, 2, 1], [6, 9, 5, 4], [1, 0, 7, 8], [5, 0, 3, 8], [3, 1, 3, 1], [7, 7, 0, 6], [4, 6, 9, 9], [7, 3, 2, 6], [6, 2, 7, 1], [9, 10, 4, 0],
[10, 0, 6, 2], [10, 7, 10, 2], [6, 2, 3, 2], [7, 2, 7, 1], [6, 5, 8, 2], [8, 8, 8, 4], [0, 2, 5, 7], [10, 9, 5, 8], [8, 9, 10, 7], [5, 8, 9, 10],
[8, 10, 10, 5], [10, 6, 6, 5], [1, 1, 8, 7], [10, 3, 0, 8], [4, 4, 4, 3], [0, 10, 0, 6], [8, 9, 2, 1], [6, 9, 0, 3], [7, 8, 8, 6], [4, 1, 10, 3],
[3, 7, 8, 0], [8, 9, 8, 1], [0, 10, 3, 0], [7, 1, 7, 5], [10, 7, 4, 3], [4, 2, 7, 0], [10, 2, 4, 1], [2, 3, 2, 5], [8, 0, 3, 4], [7, 9, 5, 7],
[8, 6, 7, 5], [8, 1, 8, 5], [9, 10, 9, 2], [1, 3, 0, 9], [3, 4, 0, 5], [6, 0, 8, 1], [0, 0, 5, 5], [7, 9, 1, 5], [2, 7, 8, 8], [8, 3, 3, 6],
[2, 10, 6, 3], [0, 6, 1, 3], [9, 10, 7, 2], [0, 4, 3, 9], [3, 7, 4, 10], [3, 3, 2, 5], [10, 8, 1, 6], [0, 4, 1, 2], [1, 6, 3, 1], [1, 3, 4, 10],
[2, 9, 1, 0], [3, 3, 8, 4], [8, 10, 1, 0], [2, 4, 3, 0], [1, 4, 6, 0], [6, 5, 0, 7], [0, 4, 8, 0], [5, 0, 10, 5], [9, 10, 6, 10], [0, 1, 1, 8],
[0, 3, 6, 0], [7, 7, 0, 6], [10, 4, 6, 5], [8, 5, 0, 6], [9, 6, 6, 3], [6, 4, 8, 3], [3, 1, 0, 1], [2, 0, 9, 0], [3, 2, 1, 8], [9, 10, 1, 8],
[2, 6, 1, 10], [0, 1, 5, 9], [5, 1, 10, 1], [3, 5, 2, 4], [5, 0, 5, 5], [0, 1, 6, 3], [3, 5, 9, 1], [2, 0, 8, 4], [6, 7, 3, 6], [6, 7, 2, 0],
[8, 1, 10, 9], [4, 10, 2, 9], [0, 7, 4, 0], [8, 8, 2, 9], [2, 0, 10, 4], [9, 5, 7, 4], [1, 10, 8, 5], [6, 10, 6, 1], [0, 3, 10, 3], [3, 10, 1, 3],
[6, 3, 1, 1], [0, 1, 10, 0], [0, 8, 3, 9], [0, 10, 1, 2], [7, 9, 5, 3], [9, 9, 2, 7], [2, 0, 10, 5], [10, 1, 6, 4], [2, 7, 5, 1], [7, 3, 1, 7],
[0, 2, 5, 0], [1, 6, 0, 9], [5, 4, 10, 3], [2, 1, 8, 4], [10, 8, 7, 10], [7, 2, 3, 9], [8, 6, 10, 4], [7, 1, 0, 7], [1, 3, 6, 3], [8, 4, 10, 0],
[8, 9, 1, 9], [8, 9, 2, 8], [6, 10, 5, 2], [10, 8, 1, 7], [1, 9, 9, 9], [8, 9, 3, 10], [0, 7, 2, 8], [1, 10, 6, 7], [6, 7, 5, 1], [5, 6, 9, 1],
[3, 1, 1, 2], [7, 0, 8, 9], [10, 6, 5, 7], [3, 8, 6, 3], [5, 6, 9, 4], [5, 4, 9, 9], [0, 2, 0, 3], [8, 7, 4, 9], [9, 4, 0, 5], [4, 8, 3, 3],
[4, 8, 0, 7], [4, 6, 8, 7], [0, 6, 0, 3], [8, 7, 2, 6], [9, 2, 9, 4], [9, 1, 2, 5], [5, 1, 0, 9], [7, 1, 2, 0], [8, 0, 5, 1], [4, 0, 6, 4]]
[1, 1, 1, 1, 1, 0.2, 0.2, 0.2, 0.2, 0.2,
0.2, 0.2, 0.2, 0.2, 0.2, 0.2, 0.2, 0.2, 0.2, 0.2,
0.2, 0.2, 0.2, 0.2, 0.2, 0.2, 0.2, 0.2, 0.2, 0.2,
0.04, 0.04, 0.04, 0.04, 0.04, 0.04, 0.04, 0.04, 0.04, 0.04,
0.04, 0.04, 0.04, 0.04, 0.04, 0.04, 0.04, 0.04, 0.04, 0.04,
0.04, 0.04, 0.04, 0.04, 0.04, 0.008, 0.008, 0.008, 0.008, 0.008,
0.008, 0.008, 0.008, 0.008, 0.008, 0.008, 0.008, 0.008, 0.008, 0.008,
0.008, 0.008, 0.008, 0.008, 0.008, 0.008, 0.008, 0.008, 0.008, 0.008,
0.0016, 0.0016, 0.0016, 0.0016, 0.0016, 0.0016, 0.0016, 0.0016, 0.0016, 0.0016,
0.0016, 0.0016, 0.0016, 0.0016, 0.0016, 0.0016, 0.0016, 0.0016, 0.0016, 0.0016,
0.0016, 0.0016, 0.0016, 0.0016, 0.0016, 0.00032, 0.00032, 0.00032, 0.00032, 0.00032,
0.00032, 0.00032, 0.00032, 0.00032, 0.00032, 0.00032, 0.00032, 0.00032, 0.00032, 0.00032,
0.00032, 0.00032, 0.00032, 0.00032, 0.00032, 0.00032, 0.00032, 0.00032, 0.00032, 0.00032,
6.4e-05, 6.4e-05, 6.4e-05, 6.4e-05, 6.4e-05, 6.4e-05, 6.4e-05, 6.4e-05, 6.4e-05, 6.4e-05,
6.4e-05, 6.4e-05, 6.4e-05, 6.4e-05, 6.4e-05, 6.4e-05, 6.4e-05, 6.4e-05, 6.4e-05, 6.4e-05,
6.4e-05, 6.4e-05, 6.4e-05, 6.4e-05, 6.4e-05, 1.28e-05, 1.28e-05, 1.28e-05, 1.28e-05, 1.28e-05,
1.28e-05, 1.28e-05, 1.28e-05, 1.28e-05, 1.28e-05, 1.28e-05, 1.28e-05, 1.28e-05, 1.28e-05, 1.28e-05,
1.28e-05, 1.28e-05, 1.28e-05, 1.28e-05, 1.28e-05, 1.28e-05, 1.28e-05, 1.28e-05, 1.28e-05, 1.28e-05]
[3, 7, 8, 1, 0, 4, 9, 1, 5, 0,
8, 8, 7, 0, 9, 7, 7, 1, 4, 7,
8, 9, 2, 7, 0, 7, 2, 2, 1, 5,
7, 4, 1, 4, 4, 0, 4, 6, 4, 6,
2, 5, 1, 8, 4, 7, 8, 0, 2, 7,
9, 3, 2, 2, 4, 3, 6, 4, 1, 4,
8, 0, 6, 0, 1, 8, 9, 6, 2, 2,
1, 4, 7, 7, 4, 6, 5, 3, 3, 3,
2, 6, 5, 7, 6, 6, 8, 7, 2, 8,
7, 0, 5, 6, 8, 4, 4, 9, 5, 1,
0, 1, 1, 8, 4, 3, 2, 8, 9, 5,
9, 4, 2, 6, 2, 3, 8, 2, 4, 8,
8, 3, 6, 8, 9, 7, 7, 5, 5, 1,
3, 1, 0, 6, 6, 4, 5, 7, 1, 1,
4, 2, 2, 5, 5, 6, 4, 4, 4, 0,
7, 9, 5, 8, 4, 9, 0, 6, 3, 1,
1, 9, 0, 3, 7, 9, 1, 1, 7, 5,
3, 4, 9, 8, 3, 3, 1, 3, 7, 9]
------------------------------------------------------- 
# stage = 8	# children c = 5	length of each stage p = 5	nodes = 179	# items I = 1
