[77, 15, 30, 30, 96, 99, 83, 72, 63, 74,
85, 78, 9, 86, 69, 68, 11, 60, 61, 49,
2, 50, 12, 1, 37, 35, 64, 61, 15, 23,
89, 59, 39, 85]
[[158, 607, 55], [528, 376, 918], [586, 220, 730], [302, 169, 891], [416, 29, 609], [580, 920, 189], [46, 901, 158], [448, 788, 334], [600, 476, 863], [445, 168, 774],
[439, 326, 749], [494, 221, 492], [779, 175, 79], [876, 477, 580], [803, 261, 941], [779, 841, 896], [4, 254, 200], [494, 703, 355], [828, 670, 831], [93, 151, 34],
[235, 590, 692], [19, 451, 280], [843, 265, 455], [922, 176, 300], [537, 346, 561], [513, 161, 769], [777, 497, 59], [344, 26, 129], [699, 854, 799], [897, 315, 950],
[931, 550, 907], [25, 901, 393], [305, 779, 25], [761, 103, 534]]
[[8, 9, 9, 10], [5, 3, 7, 2], [9, 1, 8, 9], [6, 9, 4, 8], [2, 6, 5, 0], [10, 3, 1, 9], [0, 4, 6, 5], [5, 6, 3, 0], [4, 0, 0, 8], [3, 5, 10, 10],
[5, 8, 8, 0], [6, 10, 6, 6], [3, 1, 5, 1], [2, 6, 10, 1], [8, 3, 4, 2], [8, 7, 1, 10], [5, 10, 7, 6], [4, 7, 5, 7], [2, 0, 8, 6], [0, 3, 1, 1],
[2, 4, 2, 5], [0, 1, 4, 6], [5, 8, 9, 2], [4, 8, 1, 10], [7, 7, 3, 9], [3, 9, 6, 3], [7, 1, 7, 5], [2, 8, 7, 5], [0, 9, 8, 0], [9, 10, 4, 1],
[7, 2, 1, 9], [8, 0, 6, 4], [7, 10, 1, 8], [8, 7, 0, 2]]
[1, 0.333333, 0.333333, 0.333333, 0.111111, 0.111111, 0.111111, 0.037037, 0.037037, 0.037037,
0.0123457, 0.0123457, 0.0123457, 0.00411523, 0.00411523, 0.00411523, 0.00137174, 0.00137174, 0.00137174, 0.000457247,
0.000457247, 0.000457247, 0.000152416, 0.000152416, 0.000152416, 5.08053e-05, 5.08053e-05, 5.08053e-05, 1.69351e-05, 1.69351e-05,
1.69351e-05, 5.64503e-06, 5.64503e-06, 5.64503e-06]
[2, 9, 6, 1, 4, 6, 6, 0, 3, 6,
0, 3, 7, 3, 7, 8, 2, 3, 7, 8,
2, 5, 8, 7, 0, 5, 2, 9, 4, 3,
1, 4, 0, 9]
------------------------------------------------------- 
# stage = 12	# children c = 3	length of each stage p = 1	nodes = 33	# items I = 1
