[4, 11, 21, 98, 2, 8, 47, 33, 47, 98,
24, 86, 75, 8, 77, 84, 23, 72, 95, 96,
81, 94, 88, 3, 97, 80, 73, 10, 21, 3,
90, 25, 81, 10, 89, 83, 86, 1, 16, 32,
99, 40, 84, 74, 14, 26, 57, 37, 99, 17,
99, 79, 10, 52, 83, 7, 31, 21, 84, 52,
92, 40, 43, 72, 50, 99, 21, 1]
[[1867, 1395, 1781], [1424, 1560, 1278], [215, 1376, 1653], [949, 954, 1053], [1355, 331, 1088], [101, 995, 1413], [1058, 118, 1168], [1717, 752, 55], [497, 1851, 516], [827, 970, 627],
[1896, 919, 104], [1057, 1641, 962], [418, 1856, 420], [1369, 185, 1375], [504, 838, 1706], [891, 939, 783], [386, 80, 199], [852, 1095, 250], [908, 1592, 183], [722, 1717, 451],
[1350, 993, 668], [752, 133, 391], [1715, 1767, 329], [1433, 1218, 514], [890, 1020, 1352], [1895, 1209, 1589], [58, 1595, 967], [1474, 530, 145], [1724, 736, 1035], [1205, 756, 835],
[1656, 188, 1828], [406, 239, 1259], [797, 1252, 1108], [424, 767, 1624], [938, 956, 25], [1588, 231, 1234], [1259, 289, 210], [309, 1061, 38], [454, 867, 72], [787, 1370, 828],
[1622, 406, 315], [831, 110, 554], [172, 907, 1806], [579, 1331, 1871], [285, 1567, 909], [310, 535, 1140], [843, 1795, 728], [1053, 1402, 1789], [1091, 1154, 37], [1163, 23, 705],
[73, 1646, 1112], [1604, 559, 1222], [240, 29, 1428], [1344, 608, 139], [1298, 894, 1707], [1505, 502, 1540], [26, 1345, 715], [754, 480, 199], [1841, 869, 1353], [1176, 114, 675],
[1180, 1404, 1619], [374, 1090, 260], [894, 629, 1505], [404, 55, 196], [544, 1353, 388], [1549, 239, 890], [1171, 265, 1534], [1185, 317, 1312]]
[[5, 0, 0, 0], [5, 7, 9, 3], [9, 6, 8, 1], [4, 3, 8, 2], [1, 4, 9, 10], [3, 5, 9, 5], [4, 0, 8, 1], [8, 1, 1, 1], [10, 10, 10, 2], [7, 8, 3, 5],
[3, 0, 4, 7], [3, 10, 7, 2], [2, 4, 2, 5], [9, 9, 8, 2], [9, 3, 1, 5], [3, 2, 6, 2], [0, 5, 3, 7], [0, 6, 10, 3], [7, 1, 8, 8], [0, 4, 9, 2],
[6, 0, 5, 4], [9, 2, 4, 5], [4, 6, 8, 7], [6, 3, 7, 6], [6, 10, 0, 6], [6, 10, 7, 0], [0, 2, 6, 10], [5, 4, 1, 0], [2, 7, 5, 9], [7, 7, 2, 0],
[2, 10, 7, 9], [1, 4, 2, 7], [1, 3, 1, 5], [2, 6, 5, 1], [9, 10, 0, 3], [1, 10, 1, 4], [6, 4, 0, 1], [1, 2, 1, 3], [2, 7, 10, 3], [9, 2, 8, 8],
[5, 9, 3, 5], [5, 6, 4, 1], [5, 4, 2, 5], [4, 3, 7, 8], [8, 7, 9, 9], [8, 9, 10, 10], [3, 8, 0, 10], [10, 6, 7, 2], [3, 10, 5, 6], [4, 10, 7, 9],
[1, 9, 1, 3], [10, 8, 10, 7], [3, 6, 3, 0], [4, 1, 8, 5], [9, 6, 4, 6], [1, 10, 6, 4], [9, 0, 10, 0], [8, 6, 10, 8], [2, 9, 0, 2], [7, 8, 7, 10],
[4, 9, 8, 6], [10, 5, 1, 6], [0, 3, 1, 1], [2, 7, 4, 10], [5, 3, 10, 1], [8, 7, 9, 8], [6, 7, 8, 0], [5, 3, 8, 9]]
[1, 1, 0.333333, 0.333333, 0.333333, 0.333333, 0.333333, 0.333333, 0.111111, 0.111111,
0.111111, 0.111111, 0.111111, 0.111111, 0.037037, 0.037037, 0.037037, 0.037037, 0.037037, 0.037037,
0.0123457, 0.0123457, 0.0123457, 0.0123457, 0.0123457, 0.0123457, 0.00411523, 0.00411523, 0.00411523, 0.00411523,
0.00411523, 0.00411523, 0.00137174, 0.00137174, 0.00137174, 0.00137174, 0.00137174, 0.00137174, 0.000457247, 0.000457247,
0.000457247, 0.000457247, 0.000457247, 0.000457247, 0.000152416, 0.000152416, 0.000152416, 0.000152416, 0.000152416, 0.000152416,
5.08053e-05, 5.08053e-05, 5.08053e-05, 5.08053e-05, 5.08053e-05, 5.08053e-05, 1.69351e-05, 1.69351e-05, 1.69351e-05, 1.69351e-05,
1.69351e-05, 1.69351e-05, 5.64503e-06, 5.64503e-06, 5.64503e-06, 5.64503e-06, 5.64503e-06, 5.64503e-06]
[2, 0, 8, 7, 6, 7, 7, 9, 1, 8,
1, 0, 8, 4, 4, 8, 4, 1, 7, 5,
1, 7, 4, 7, 4, 7, 4, 9, 2, 4,
4, 8, 2, 5, 0, 4, 5, 3, 9, 8,
7, 1, 8, 3, 6, 0, 1, 0, 8, 4,
9, 3, 3, 8, 8, 8, 5, 0, 2, 5,
5, 0, 8, 4, 8, 9, 1, 6]
------------------------------------------------------- 
# stage = 12	# children c = 3	length of each stage p = 2	nodes = 67	# items I = 1
