[63, 25, 20, 93, 3, 95, 52, 86, 90, 83,
80, 20, 31, 82, 37, 23, 56, 57, 15, 98]
[[1923, 1461, 725], [1029, 806, 526], [322, 1371, 2009], [762, 486, 164], [423, 936, 1760], [477, 590, 1069], [401, 864, 1421], [605, 809, 2046], [1175, 2, 1402], [61, 1612, 1313],
[621, 1374, 2071], [1346, 1701, 716], [1170, 2023, 2087], [1018, 625, 1870], [1182, 345, 645], [782, 822, 533], [1148, 1223, 694], [408, 1125, 801], [294, 139, 803], [993, 1658, 1712]]
[[7, 7, 7, 3], [8, 5, 1, 4], [10, 7, 2, 1], [2, 4, 7, 5], [9, 9, 9, 5], [4, 5, 6, 4], [3, 4, 2, 5], [8, 3, 9, 3], [0, 3, 6, 8], [9, 5, 1, 6],
[2, 1, 6, 4], [3, 0, 7, 10], [10, 3, 5, 1], [9, 9, 6, 1], [2, 6, 6, 9], [9, 4, 1, 9], [6, 7, 4, 4], [0, 3, 8, 2], [3, 3, 4, 6], [4, 1, 4, 1]]
[1, 1, 0.333333, 0.333333, 0.333333, 0.333333, 0.333333, 0.333333, 0.111111, 0.111111,
0.111111, 0.111111, 0.111111, 0.111111, 0.037037, 0.037037, 0.037037, 0.037037, 0.037037, 0.037037]
[5, 7, 21, 7, 16, 10, 18, 16, 19, 8,
13, 19, 7, 12, 21, 13, 17, 16, 4, 4]
------------------------------------------------------- 
# stage = 4	# children c = 3	length of each stage p = 2	nodes = 19	# items I = 1
