[45, 2, 20, 42, 72, 3, 14, 1, 75, 33,
79, 51, 39, 100, 12, 27, 74, 25, 15, 74,
75, 68, 68, 28, 23, 12, 3, 79, 64, 28,
83, 9, 97, 69]
[[363, 599, 330], [207, 230, 165], [427, 536, 80], [4, 223, 551], [573, 605, 229], [623, 357, 342], [173, 672, 184], [381, 605, 207], [375, 711, 161], [206, 834, 866],
[844, 309, 442], [286, 516, 672], [451, 808, 320], [396, 812, 408], [59, 497, 125], [288, 96, 347], [495, 270, 130], [679, 651, 736], [751, 2, 558], [24, 73, 503],
[1, 28, 677], [308, 314, 170], [92, 631, 89], [277, 138, 767], [685, 62, 375], [675, 351, 336], [134, 711, 606], [264, 502, 233], [865, 364, 235], [534, 253, 173],
[14, 120, 202], [556, 428, 381], [726, 385, 877], [681, 527, 881]]
[[9, 0, 2, 3], [4, 3, 6, 8], [6, 5, 7, 9], [4, 10, 8, 5], [3, 10, 3, 1], [0, 2, 6, 2], [0, 0, 9, 1], [6, 2, 7, 2], [1, 10, 6, 5], [2, 10, 3, 6],
[3, 8, 3, 7], [8, 0, 10, 9], [8, 2, 8, 8], [5, 2, 10, 5], [2, 6, 4, 8], [7, 0, 8, 6], [8, 3, 0, 9], [1, 1, 4, 4], [10, 5, 9, 5], [3, 8, 1, 1],
[10, 10, 9, 2], [1, 7, 5, 1], [0, 9, 9, 5], [10, 6, 0, 5], [8, 1, 3, 7], [0, 6, 9, 8], [0, 7, 2, 2], [2, 2, 3, 10], [10, 10, 0, 9], [4, 5, 10, 5],
[4, 8, 10, 1], [1, 9, 4, 7], [10, 8, 1, 8], [1, 10, 6, 10]]
[1, 0.333333, 0.333333, 0.333333, 0.111111, 0.111111, 0.111111, 0.037037, 0.037037, 0.037037,
0.0123457, 0.0123457, 0.0123457, 0.00411523, 0.00411523, 0.00411523, 0.00137174, 0.00137174, 0.00137174, 0.000457247,
0.000457247, 0.000457247, 0.000152416, 0.000152416, 0.000152416, 5.08053e-05, 5.08053e-05, 5.08053e-05, 1.69351e-05, 1.69351e-05,
1.69351e-05, 5.64503e-06, 5.64503e-06, 5.64503e-06]
[10, 1, 15, 6, 5, 1, 6, 12, 6, 4,
0, 0, 3, 15, 4, 6, 15, 14, 15, 15,
17, 5, 13, 17, 7, 0, 16, 8, 12, 11,
1, 7, 4, 10]
------------------------------------------------------- 
# stage = 12	# children c = 3	length of each stage p = 1	nodes = 33	# items I = 1
