[54, 46, 21, 92, 42, 46, 26, 51, 46, 83,
57, 21, 98, 57, 55, 20, 40, 17, 87, 96,
52, 77, 0, 59, 14, 67, 56, 48, 14, 79,
32, 35, 91, 19, 26, 100, 65, 18, 16, 78,
67, 74, 65, 64, 97, 19, 50, 37, 2, 36,
32, 54, 79, 99, 12, 94, 32, 35, 7, 12,
80, 39, 47, 36, 59, 39, 35, 90, 23]
[[237, 1515, 787], [570, 1717, 1096], [1093, 866, 757], [1112, 623, 1178], [1605, 1570, 1146], [450, 197, 1683], [1834, 1188, 507], [1455, 1193, 125], [1629, 1415, 660], [1, 1790, 58],
[1071, 720, 1573], [1858, 1290, 121], [1093, 1075, 1540], [542, 326, 303], [412, 71, 12], [1558, 1074, 209], [1381, 1047, 90], [580, 1194, 1836], [705, 1515, 1390], [57, 208, 11],
[115, 1279, 731], [381, 1276, 713], [502, 1061, 480], [182, 295, 807], [485, 707, 1431], [1050, 404, 644], [1812, 477, 383], [594, 1058, 269], [569, 455, 1784], [651, 1066, 131],
[663, 1734, 1410], [86, 254, 1378], [800, 1310, 578], [1280, 184, 873], [779, 1222, 1580], [349, 964, 676], [1546, 915, 1154], [621, 202, 904], [1443, 1324, 51], [1366, 115, 1117],
[189, 778, 991], [291, 1417, 1798], [1669, 356, 1247], [939, 329, 123], [1812, 1661, 1345], [223, 703, 448], [900, 941, 56], [746, 255, 258], [1650, 1698, 1582], [1701, 1757, 389],
[958, 85, 1720], [641, 377, 1277], [578, 738, 325], [518, 1678, 1207], [641, 321, 1008], [679, 1098, 1711], [1127, 690, 791], [1736, 1436, 1599], [133, 1778, 1437], [408, 1618, 1333],
[797, 1268, 1418], [657, 601, 487], [73, 1733, 1779], [951, 390, 1596], [298, 1584, 609], [1306, 402, 1707], [1709, 222, 1089], [1192, 97, 1217], [931, 784, 1134]]
[[9, 1, 9, 10], [2, 5, 6, 8], [3, 10, 9, 10], [2, 3, 2, 10], [5, 5, 8, 1], [1, 5, 0, 3], [9, 10, 0, 1], [5, 1, 9, 1], [3, 8, 0, 5], [2, 5, 2, 4],
[4, 10, 3, 4], [2, 5, 4, 5], [8, 1, 5, 10], [4, 3, 0, 1], [2, 9, 2, 8], [10, 9, 7, 0], [6, 6, 6, 7], [0, 6, 0, 2], [5, 1, 7, 5], [5, 9, 9, 0],
[8, 3, 8, 2], [4, 8, 1, 7], [4, 3, 2, 4], [10, 9, 4, 4], [2, 8, 0, 2], [2, 9, 5, 5], [8, 10, 9, 2], [6, 5, 3, 3], [6, 0, 5, 10], [7, 4, 6, 0],
[7, 8, 2, 5], [5, 5, 9, 7], [2, 9, 10, 2], [5, 2, 8, 2], [10, 6, 3, 5], [9, 6, 8, 4], [4, 1, 3, 0], [5, 10, 10, 0], [5, 1, 5, 10], [6, 1, 7, 7],
[8, 4, 9, 2], [4, 6, 2, 1], [10, 5, 4, 8], [9, 1, 10, 3], [0, 3, 1, 4], [2, 0, 2, 5], [2, 5, 5, 6], [6, 10, 2, 3], [1, 10, 5, 3], [3, 5, 4, 1],
[0, 8, 7, 9], [7, 7, 10, 6], [10, 1, 8, 10], [10, 10, 4, 10], [4, 9, 6, 8], [6, 6, 0, 5], [5, 3, 8, 7], [8, 10, 8, 6], [5, 4, 3, 0], [0, 2, 6, 8],
[1, 1, 7, 1], [0, 1, 0, 2], [8, 4, 10, 2], [0, 8, 7, 3], [0, 3, 10, 8], [2, 7, 2, 8], [1, 5, 8, 10], [5, 1, 8, 7], [2, 4, 8, 0]]
[1, 1, 1, 0.5, 0.5, 0.5, 0.5, 0.5, 0.5, 0.25,
0.25, 0.25, 0.25, 0.25, 0.25, 0.125, 0.125, 0.125, 0.125, 0.125,
0.125, 0.0625, 0.0625, 0.0625, 0.0625, 0.0625, 0.0625, 0.03125, 0.03125, 0.03125,
0.03125, 0.03125, 0.03125, 0.015625, 0.015625, 0.015625, 0.015625, 0.015625, 0.015625, 0.0078125,
0.0078125, 0.0078125, 0.0078125, 0.0078125, 0.0078125, 0.00390625, 0.00390625, 0.00390625, 0.00390625, 0.00390625,
0.00390625, 0.00195312, 0.00195312, 0.00195312, 0.00195312, 0.00195312, 0.00195312, 0.000976562, 0.000976562, 0.000976562,
0.000976562, 0.000976562, 0.000976562, 0.000488281, 0.000488281, 0.000488281, 0.000488281, 0.000488281, 0.000488281]
[6, 9, 14, 9, 5, 9, 4, 15, 13, 0,
3, 3, 3, 4, 15, 0, 4, 13, 17, 9,
15, 6, 18, 15, 3, 9, 4, 17, 3, 2,
1, 15, 9, 3, 9, 4, 5, 18, 6, 10,
7, 13, 7, 16, 7, 1, 17, 8, 3, 5,
17, 12, 10, 4, 1, 1, 10, 17, 0, 3,
10, 12, 17, 7, 10, 10, 16, 9, 9]
------------------------------------------------------- 
# stage = 12	# children c = 2	length of each stage p = 3	nodes = 68	# items I = 1
