[85, 100, 34, 46, 59, 24, 74, 76, 8, 54,
9, 15, 19, 19, 67, 64, 76, 61, 58, 98,
80, 18, 25, 24, 3, 100, 73, 36, 83, 57,
65, 33, 57, 99, 80, 15, 89, 19, 57, 97,
73, 66, 79, 92, 51, 11, 56, 27, 72, 80,
91, 17]
[[1209, 392, 1542], [20, 1946, 1395], [714, 1147, 479], [581, 434, 320], [575, 1080, 1239], [269, 1480, 450], [694, 1027, 1740], [845, 1683, 1001], [1737, 749, 1789], [1455, 1331, 1919],
[1290, 486, 349], [778, 415, 242], [211, 1037, 1389], [598, 1618, 1731], [826, 231, 849], [103, 408, 367], [462, 1011, 1394], [148, 1856, 1023], [1149, 1539, 1680], [976, 1032, 957],
[934, 268, 1444], [1191, 954, 1767], [1341, 1166, 842], [676, 1672, 498], [445, 537, 638], [1294, 640, 954], [1569, 1010, 3], [909, 1158, 1767], [1933, 346, 1344], [1559, 1230, 322],
[555, 110, 498], [1907, 1210, 1453], [1712, 589, 565], [592, 1266, 275], [998, 1619, 812], [1544, 952, 1361], [537, 467, 409], [540, 1377, 1476], [254, 1256, 1730], [1598, 761, 998],
[1829, 1316, 1109], [273, 1169, 265], [1634, 919, 854], [237, 1419, 158], [421, 364, 1686], [1141, 1908, 676], [540, 483, 1051], [858, 932, 374], [280, 1186, 1538], [48, 730, 338],
[1046, 505, 1562], [101, 779, 770]]
[[0, 2, 4, 1], [8, 3, 6, 2], [5, 6, 8, 6], [1, 6, 8, 0], [4, 10, 9, 7], [4, 8, 10, 9], [10, 1, 9, 1], [4, 3, 0, 2], [3, 2, 4, 9], [3, 8, 1, 6],
[3, 9, 1, 2], [4, 8, 0, 6], [5, 9, 2, 9], [6, 10, 7, 3], [9, 3, 3, 0], [4, 1, 3, 6], [3, 5, 4, 4], [2, 5, 0, 5], [1, 10, 5, 3], [7, 5, 9, 1],
[4, 1, 9, 8], [9, 3, 10, 8], [7, 2, 8, 0], [3, 9, 6, 4], [3, 9, 6, 5], [1, 6, 8, 3], [6, 2, 6, 0], [6, 3, 2, 10], [4, 9, 5, 0], [1, 4, 8, 8],
[4, 4, 7, 5], [2, 0, 7, 4], [9, 3, 7, 9], [7, 5, 1, 2], [5, 5, 1, 0], [8, 1, 8, 10], [10, 1, 0, 0], [5, 6, 7, 8], [10, 1, 2, 0], [10, 10, 2, 7],
[0, 9, 5, 7], [3, 6, 10, 7], [9, 9, 5, 7], [10, 1, 6, 9], [2, 4, 7, 5], [0, 1, 2, 8], [2, 5, 6, 2], [2, 8, 9, 2], [7, 1, 9, 8], [7, 6, 4, 5],
[4, 10, 10, 1], [9, 6, 10, 0]]
[1, 1, 0.2, 0.2, 0.2, 0.2, 0.2, 0.2, 0.2, 0.2,
0.2, 0.2, 0.04, 0.04, 0.04, 0.04, 0.04, 0.04, 0.04, 0.04,
0.04, 0.04, 0.008, 0.008, 0.008, 0.008, 0.008, 0.008, 0.008, 0.008,
0.008, 0.008, 0.0016, 0.0016, 0.0016, 0.0016, 0.0016, 0.0016, 0.0016, 0.0016,
0.0016, 0.0016, 0.00032, 0.00032, 0.00032, 0.00032, 0.00032, 0.00032, 0.00032, 0.00032,
0.00032, 0.00032]
[19, 7, 17, 10, 15, 13, 0, 17, 15, 16,
10, 13, 6, 6, 16, 10, 10, 12, 9, 10,
8, 12, 6, 0, 0, 10, 16, 2, 9, 6,
1, 4, 6, 10, 11, 4, 8, 11, 17, 0,
19, 12, 6, 10, 15, 4, 5, 12, 10, 19,
7, 1]
------------------------------------------------------- 
# stage = 6	# children c = 5	length of each stage p = 2	nodes = 51	# items I = 1
