[33, 26, 29, 31, 3, 86, 6, 89, 44, 95,
97, 45, 47, 87, 28, 94, 62, 98, 51, 12,
26, 59, 14, 51, 100, 67, 100, 8, 45, 40,
68, 79, 66, 97, 76, 35, 48, 83, 23, 93,
77, 87, 3, 23, 73, 31, 83, 34, 96, 0,
12, 21, 59, 26, 38, 24, 60, 37, 32, 4,
77, 66, 49, 8, 28, 25, 43, 77, 7, 33,
69, 50, 19, 72, 39, 92, 69, 22, 92, 64,
22, 70, 51, 47, 62, 89, 37, 21, 93, 35,
93, 35, 0, 7, 44, 28, 32, 53, 4, 5,
86, 39, 21, 4, 77, 61, 62, 12, 49, 19,
76, 71, 89, 94, 84, 51, 48, 20, 38, 40,
55, 30, 76, 21, 38, 19, 49, 36, 38, 20]
[[834, 495, 438], [273, 519, 546], [871, 521, 446], [759, 309, 182], [310, 406, 311], [368, 738, 596], [47, 312, 264], [158, 115, 376], [148, 659, 420], [793, 36, 355],
[809, 870, 243], [639, 535, 762], [209, 431, 676], [47, 214, 9], [597, 524, 783], [908, 892, 546], [528, 939, 858], [185, 490, 365], [561, 638, 49], [5, 823, 85],
[729, 656, 347], [364, 688, 883], [518, 897, 338], [586, 337, 920], [964, 934, 468], [771, 259, 752], [709, 787, 108], [959, 364, 598], [349, 926, 260], [398, 323, 108],
[851, 444, 156], [590, 808, 236], [865, 719, 158], [595, 697, 495], [539, 685, 821], [399, 849, 104], [544, 582, 284], [652, 566, 648], [642, 307, 598], [294, 97, 314],
[770, 340, 758], [319, 930, 959], [555, 820, 702], [713, 807, 791], [600, 371, 501], [814, 162, 742], [918, 706, 716], [594, 382, 674], [267, 416, 5], [257, 711, 102],
[571, 505, 442], [354, 824, 397], [337, 404, 609], [431, 509, 440], [246, 502, 203], [139, 340, 366], [273, 650, 96], [14, 637, 847], [688, 296, 287], [694, 553, 22],
[188, 517, 896], [631, 263, 744], [420, 968, 540], [421, 791, 74], [253, 429, 944], [457, 569, 308], [215, 234, 350], [679, 248, 11], [550, 937, 307], [230, 47, 253],
[620, 235, 770], [540, 258, 425], [677, 70, 785], [241, 491, 600], [683, 745, 53], [651, 594, 14], [959, 809, 249], [702, 512, 865], [713, 455, 826], [45, 77, 265],
[666, 697, 869], [828, 630, 519], [277, 331, 590], [86, 940, 105], [78, 648, 242], [499, 323, 836], [514, 675, 669], [155, 401, 574], [44, 506, 53], [263, 919, 130],
[896, 609, 219], [789, 461, 849], [701, 130, 572], [315, 584, 537], [420, 662, 577], [55, 186, 900], [891, 92, 967], [953, 615, 760], [551, 659, 291], [972, 314, 234],
[494, 235, 844], [713, 416, 697], [955, 509, 828], [919, 824, 436], [848, 637, 123], [449, 692, 677], [742, 975, 161], [733, 952, 168], [518, 527, 219], [201, 891, 534],
[435, 409, 161], [671, 147, 945], [393, 494, 479], [245, 437, 327], [681, 310, 356], [196, 151, 72], [265, 893, 72], [794, 43, 48], [962, 929, 944], [206, 154, 859],
[740, 589, 293], [293, 653, 808], [262, 70, 694], [741, 683, 155], [461, 388, 833], [817, 953, 9], [282, 610, 902], [354, 429, 337], [770, 415, 290], [130, 621, 444]]
[[7, 0, 7, 6], [4, 1, 8, 1], [2, 3, 6, 1], [3, 2, 0, 3], [0, 6, 8, 2], [5, 8, 4, 3], [8, 9, 4, 10], [7, 7, 0, 1], [7, 5, 8, 9], [6, 3, 10, 6],
[5, 6, 8, 8], [6, 6, 10, 6], [10, 7, 6, 5], [3, 8, 6, 0], [6, 0, 10, 1], [5, 8, 2, 10], [3, 8, 8, 7], [1, 6, 3, 6], [1, 0, 1, 5], [4, 0, 9, 4],
[6, 4, 7, 9], [2, 2, 9, 6], [0, 7, 7, 5], [4, 8, 4, 5], [5, 0, 2, 4], [6, 5, 8, 5], [3, 8, 10, 5], [6, 6, 9, 1], [10, 3, 10, 10], [6, 7, 6, 6],
[3, 0, 10, 5], [8, 3, 0, 1], [1, 0, 3, 7], [3, 10, 1, 6], [7, 9, 0, 2], [4, 8, 2, 4], [0, 1, 1, 4], [6, 7, 9, 7], [6, 8, 2, 1], [9, 0, 2, 0],
[0, 4, 5, 3], [3, 7, 7, 8], [3, 7, 10, 8], [2, 1, 10, 1], [1, 0, 5, 5], [6, 1, 2, 1], [7, 4, 2, 4], [2, 3, 2, 2], [5, 7, 5, 8], [1, 10, 5, 5],
[6, 2, 2, 7], [2, 10, 6, 1], [8, 9, 6, 3], [0, 8, 2, 7], [10, 3, 0, 1], [4, 2, 1, 9], [8, 4, 4, 9], [3, 7, 3, 10], [7, 3, 4, 9], [0, 10, 10, 9],
[8, 4, 10, 6], [10, 0, 3, 10], [1, 1, 9, 5], [2, 0, 1, 10], [4, 3, 6, 8], [10, 8, 5, 6], [9, 7, 3, 10], [6, 0, 6, 1], [4, 5, 8, 4], [3, 9, 1, 4],
[8, 10, 7, 10], [8, 8, 7, 2], [0, 3, 8, 8], [9, 0, 2, 7], [7, 5, 4, 2], [5, 10, 1, 8], [3, 9, 10, 6], [5, 9, 0, 3], [6, 7, 2, 4], [3, 8, 4, 3],
[9, 1, 10, 7], [10, 1, 1, 6], [6, 6, 6, 9], [5, 7, 4, 8], [4, 3, 4, 9], [1, 2, 1, 8], [7, 2, 10, 10], [10, 3, 1, 6], [2, 0, 2, 1], [1, 1, 5, 5],
[7, 0, 3, 2], [7, 8, 8, 9], [9, 10, 8, 9], [10, 7, 4, 7], [9, 3, 4, 6], [4, 3, 1, 4], [3, 1, 3, 2], [3, 8, 7, 8], [8, 9, 8, 2], [4, 6, 1, 0],
[5, 9, 9, 5], [3, 0, 10, 2], [3, 3, 6, 5], [5, 6, 9, 8], [7, 1, 9, 8], [9, 5, 4, 4], [1, 1, 7, 5], [7, 8, 6, 0], [4, 2, 3, 7], [3, 2, 7, 4],
[3, 3, 10, 8], [9, 6, 4, 3], [6, 2, 10, 2], [5, 3, 7, 7], [2, 1, 10, 10], [9, 5, 8, 2], [6, 0, 7, 9], [0, 4, 0, 1], [7, 8, 8, 3], [2, 10, 4, 8],
[1, 3, 8, 4], [4, 2, 9, 7], [3, 9, 4, 1], [1, 10, 1, 7], [10, 9, 3, 8], [0, 4, 9, 5], [10, 4, 8, 1], [3, 10, 9, 2], [3, 5, 7, 5], [7, 5, 10, 0]]
[1, 1, 1, 1, 1, 0.2, 0.2, 0.2, 0.2, 0.2,
0.2, 0.2, 0.2, 0.2, 0.2, 0.2, 0.2, 0.2, 0.2, 0.2,
0.2, 0.2, 0.2, 0.2, 0.2, 0.2, 0.2, 0.2, 0.2, 0.2,
0.04, 0.04, 0.04, 0.04, 0.04, 0.04, 0.04, 0.04, 0.04, 0.04,
0.04, 0.04, 0.04, 0.04, 0.04, 0.04, 0.04, 0.04, 0.04, 0.04,
0.04, 0.04, 0.04, 0.04, 0.04, 0.008, 0.008, 0.008, 0.008, 0.008,
0.008, 0.008, 0.008, 0.008, 0.008, 0.008, 0.008, 0.008, 0.008, 0.008,
0.008, 0.008, 0.008, 0.008, 0.008, 0.008, 0.008, 0.008, 0.008, 0.008,
0.0016, 0.0016, 0.0016, 0.0016, 0.0016, 0.0016, 0.0016, 0.0016, 0.0016, 0.0016,
0.0016, 0.0016, 0.0016, 0.0016, 0.0016, 0.0016, 0.0016, 0.0016, 0.0016, 0.0016,
0.0016, 0.0016, 0.0016, 0.0016, 0.0016, 0.00032, 0.00032, 0.00032, 0.00032, 0.00032,
0.00032, 0.00032, 0.00032, 0.00032, 0.00032, 0.00032, 0.00032, 0.00032, 0.00032, 0.00032,
0.00032, 0.00032, 0.00032, 0.00032, 0.00032, 0.00032, 0.00032, 0.00032, 0.00032, 0.00032]
[9, 5, 7, 3, 7, 2, 3, 2, 7, 1,
1, 1, 5, 1, 2, 8, 0, 4, 4, 2,
5, 7, 2, 6, 4, 2, 8, 1, 1, 3,
4, 7, 8, 5, 0, 5, 5, 8, 4, 0,
1, 7, 7, 7, 4, 4, 4, 7, 4, 7,
2, 1, 9, 8, 6, 7, 4, 9, 6, 1,
9, 3, 6, 7, 8, 6, 1, 2, 0, 0,
2, 6, 3, 9, 6, 2, 8, 0, 8, 7,
8, 1, 6, 4, 8, 6, 4, 9, 1, 7,
1, 5, 6, 7, 9, 5, 2, 9, 4, 8,
0, 6, 8, 1, 6, 8, 9, 7, 3, 5,
3, 0, 1, 8, 5, 1, 1, 9, 3, 2,
1, 8, 8, 1, 4, 6, 8, 9, 8, 8]
------------------------------------------------------- 
# stage = 6	# children c = 5	length of each stage p = 5	nodes = 129	# items I = 1
