[30, 61, 48, 21, 76, 82, 53, 95, 12, 81,
61, 45, 33, 46, 15, 80, 32, 45, 8, 17,
46, 22, 37, 40, 99, 70, 79, 21, 98, 56,
52, 95, 16, 100, 15, 59, 48, 35, 53, 60,
15, 80, 71, 14, 25, 53, 94, 57, 98, 1,
74, 44, 90, 11, 84, 54, 47, 62, 76, 44,
84, 27, 38, 67, 94, 20, 25, 41, 55, 44,
67, 36, 24, 37, 50, 15, 90, 44, 73, 88,
11, 12, 98, 1, 90, 81, 55, 2, 8, 97,
47, 58, 91, 51, 24, 84, 37, 49, 24, 58,
94, 91, 94, 17, 94, 44, 32, 50, 54, 71,
3, 65, 50, 67, 32, 39, 13, 88, 42, 21,
84, 55, 79, 40, 72, 70, 23, 76, 18, 13,
33, 11, 70, 27, 95, 30, 37, 94, 80, 57,
64, 49, 21, 80, 15, 54, 86, 28, 7, 94,
15, 57, 48, 60, 98, 86, 29, 87, 61, 48,
0, 95, 25, 36, 88, 20, 66, 91, 80, 11,
47, 9, 60, 34, 90, 41, 54, 75, 35, 27]
[[56, 862, 911], [565, 257, 553], [975, 773, 715], [966, 68, 800], [391, 742, 13], [799, 469, 63], [940, 125, 26], [953, 68, 329], [966, 545, 342], [267, 646, 853],
[398, 480, 732], [326, 62, 767], [880, 815, 558], [390, 577, 404], [968, 746, 163], [981, 562, 410], [823, 298, 313], [627, 46, 381], [957, 29, 926], [94, 75, 367],
[725, 251, 625], [252, 578, 687], [37, 253, 298], [595, 421, 875], [16, 184, 416], [941, 943, 756], [368, 783, 71], [682, 428, 878], [841, 180, 686], [563, 274, 539],
[930, 778, 790], [573, 47, 163], [55, 84, 194], [131, 457, 615], [23, 252, 577], [217, 210, 538], [974, 356, 116], [823, 816, 322], [719, 453, 502], [200, 33, 555],
[517, 741, 350], [324, 331, 397], [266, 165, 260], [460, 296, 717], [854, 98, 969], [448, 315, 957], [764, 306, 109], [881, 147, 703], [981, 644, 173], [501, 622, 967],
[834, 156, 726], [201, 258, 74], [376, 524, 17], [636, 2, 92], [371, 856, 190], [135, 99, 283], [871, 864, 368], [758, 540, 515], [478, 538, 937], [430, 817, 354],
[414, 668, 288], [157, 647, 546], [10, 41, 88], [27, 677, 851], [119, 826, 502], [87, 962, 379], [371, 628, 38], [739, 403, 578], [49, 659, 895], [764, 106, 729],
[896, 521, 193], [201, 456, 840], [747, 466, 881], [613, 272, 354], [481, 169, 197], [761, 35, 937], [158, 184, 360], [196, 701, 763], [553, 750, 218], [465, 309, 324],
[972, 222, 623], [182, 423, 97], [801, 948, 341], [477, 579, 391], [831, 838, 339], [807, 617, 152], [539, 553, 336], [900, 749, 54], [458, 319, 582], [676, 562, 891],
[779, 552, 891], [419, 512, 331], [294, 108, 296], [414, 586, 653], [583, 434, 287], [700, 36, 682], [852, 354, 252], [205, 271, 779], [37, 507, 877], [619, 962, 456],
[305, 758, 786], [213, 955, 94], [322, 45, 202], [397, 459, 788], [67, 820, 18], [354, 538, 815], [814, 407, 186], [83, 391, 235], [863, 206, 743], [757, 826, 500],
[8, 909, 275], [573, 140, 25], [667, 462, 70], [869, 859, 529], [453, 705, 367], [471, 837, 683], [303, 669, 107], [268, 530, 276], [503, 410, 483], [263, 945, 104],
[541, 954, 30], [816, 544, 931], [842, 6, 189], [690, 875, 826], [237, 123, 548], [382, 594, 181], [82, 676, 628], [950, 944, 175], [244, 242, 586], [505, 506, 326],
[387, 825, 75], [417, 659, 619], [144, 296, 403], [333, 3, 74], [176, 18, 197], [503, 178, 570], [684, 260, 41], [329, 6, 2], [504, 28, 244], [868, 533, 528],
[212, 920, 371], [287, 132, 808], [685, 276, 882], [105, 609, 663], [179, 786, 682], [155, 306, 638], [725, 768, 899], [766, 114, 683], [546, 396, 711], [568, 282, 39],
[114, 494, 959], [263, 559, 869], [849, 261, 163], [526, 145, 550], [206, 102, 131], [666, 257, 215], [322, 982, 0], [16, 543, 875], [699, 106, 289], [427, 675, 349],
[244, 567, 843], [220, 830, 197], [867, 474, 237], [47, 17, 382], [376, 223, 484], [507, 668, 520], [501, 7, 519], [501, 784, 80], [172, 500, 947], [461, 705, 639],
[810, 949, 223], [448, 947, 831], [423, 831, 322], [660, 657, 117], [59, 50, 119], [322, 335, 787], [842, 836, 794], [156, 133, 595], [14, 305, 873], [962, 544, 373]]
[[6, 9, 3, 3], [4, 1, 7, 7], [10, 6, 9, 10], [8, 4, 8, 9], [2, 9, 0, 3], [6, 1, 8, 2], [5, 3, 6, 4], [9, 5, 8, 2], [4, 0, 5, 6], [1, 0, 2, 1],
[4, 10, 9, 1], [3, 6, 10, 3], [3, 8, 6, 9], [7, 1, 9, 1], [5, 4, 3, 1], [8, 1, 2, 10], [10, 5, 5, 1], [5, 5, 0, 7], [4, 9, 6, 5], [3, 5, 8, 6],
[0, 1, 4, 7], [1, 0, 7, 4], [3, 10, 5, 9], [9, 5, 8, 9], [0, 0, 10, 3], [3, 8, 0, 6], [4, 6, 0, 7], [10, 7, 2, 10], [6, 4, 5, 7], [5, 1, 0, 6],
[0, 4, 4, 8], [9, 10, 6, 9], [10, 3, 2, 2], [0, 2, 8, 4], [6, 7, 10, 5], [3, 1, 5, 9], [6, 8, 4, 9], [9, 4, 2, 7], [6, 6, 4, 3], [5, 10, 1, 2],
[0, 1, 2, 9], [1, 9, 3, 8], [5, 0, 2, 6], [1, 5, 2, 5], [2, 6, 1, 9], [9, 3, 6, 2], [7, 8, 5, 10], [6, 5, 10, 6], [6, 2, 5, 8], [0, 6, 3, 3],
[6, 3, 7, 7], [7, 9, 0, 7], [3, 10, 6, 1], [3, 10, 1, 8], [7, 7, 6, 2], [1, 5, 9, 7], [5, 1, 2, 3], [7, 5, 6, 0], [9, 2, 5, 5], [10, 5, 1, 2],
[5, 5, 1, 6], [4, 2, 1, 1], [7, 7, 3, 8], [0, 10, 3, 3], [9, 5, 7, 5], [9, 0, 5, 5], [3, 0, 10, 0], [3, 9, 2, 6], [2, 1, 1, 6], [3, 3, 5, 0],
[8, 9, 6, 6], [6, 9, 10, 5], [2, 6, 8, 0], [6, 1, 5, 7], [10, 2, 7, 2], [9, 7, 9, 0], [8, 8, 5, 10], [0, 10, 8, 7], [6, 3, 2, 0], [2, 10, 5, 2],
[5, 0, 2, 10], [1, 5, 4, 0], [5, 10, 3, 1], [4, 10, 0, 2], [7, 5, 10, 6], [2, 7, 0, 9], [10, 2, 9, 10], [2, 1, 1, 5], [1, 1, 2, 1], [6, 7, 1, 9],
[4, 2, 0, 8], [10, 9, 10, 7], [3, 9, 2, 5], [5, 2, 1, 3], [2, 8, 2, 2], [9, 4, 6, 9], [5, 8, 10, 10], [2, 9, 6, 6], [1, 4, 4, 0], [2, 1, 5, 3],
[9, 5, 7, 1], [5, 8, 4, 8], [6, 5, 8, 2], [9, 3, 0, 1], [10, 10, 0, 10], [7, 7, 4, 8], [9, 8, 6, 1], [7, 10, 4, 3], [4, 0, 3, 10], [7, 5, 5, 0],
[10, 2, 2, 8], [4, 3, 8, 1], [0, 6, 0, 5], [0, 2, 0, 10], [8, 7, 0, 5], [4, 2, 6, 8], [3, 9, 7, 8], [4, 10, 8, 3], [0, 10, 10, 2], [0, 7, 3, 10],
[2, 1, 2, 1], [4, 3, 0, 1], [8, 0, 4, 1], [2, 0, 9, 3], [7, 4, 0, 0], [3, 6, 2, 1], [6, 1, 3, 4], [6, 6, 1, 6], [6, 4, 7, 8], [7, 7, 7, 4],
[5, 1, 3, 6], [10, 1, 9, 6], [3, 8, 5, 5], [3, 7, 6, 7], [6, 10, 10, 10], [3, 9, 5, 7], [2, 0, 4, 7], [5, 10, 9, 9], [0, 1, 4, 8], [1, 0, 1, 2],
[8, 6, 5, 10], [0, 1, 4, 6], [9, 3, 3, 10], [2, 7, 5, 2], [7, 7, 10, 10], [6, 6, 8, 4], [8, 1, 1, 7], [2, 1, 7, 8], [7, 2, 5, 6], [3, 10, 10, 10],
[2, 3, 7, 2], [10, 1, 5, 6], [9, 2, 5, 4], [8, 3, 7, 3], [2, 8, 10, 2], [9, 7, 0, 4], [9, 5, 10, 10], [2, 9, 7, 5], [1, 3, 5, 9], [3, 10, 2, 1],
[1, 8, 3, 8], [9, 10, 0, 9], [6, 9, 1, 2], [3, 10, 6, 10], [2, 3, 9, 5], [0, 3, 8, 10], [4, 2, 9, 7], [0, 0, 6, 10], [6, 8, 7, 2], [5, 8, 1, 0],
[6, 0, 1, 9], [10, 7, 6, 1], [9, 4, 4, 9], [5, 1, 8, 9], [4, 6, 4, 2], [5, 10, 1, 0], [5, 9, 3, 0], [6, 4, 0, 10], [4, 10, 6, 1], [7, 1, 2, 3]]
[1, 1, 1, 1, 1, 0.2, 0.2, 0.2, 0.2, 0.2,
0.2, 0.2, 0.2, 0.2, 0.2, 0.2, 0.2, 0.2, 0.2, 0.2,
0.2, 0.2, 0.2, 0.2, 0.2, 0.2, 0.2, 0.2, 0.2, 0.2,
0.04, 0.04, 0.04, 0.04, 0.04, 0.04, 0.04, 0.04, 0.04, 0.04,
0.04, 0.04, 0.04, 0.04, 0.04, 0.04, 0.04, 0.04, 0.04, 0.04,
0.04, 0.04, 0.04, 0.04, 0.04, 0.008, 0.008, 0.008, 0.008, 0.008,
0.008, 0.008, 0.008, 0.008, 0.008, 0.008, 0.008, 0.008, 0.008, 0.008,
0.008, 0.008, 0.008, 0.008, 0.008, 0.008, 0.008, 0.008, 0.008, 0.008,
0.0016, 0.0016, 0.0016, 0.0016, 0.0016, 0.0016, 0.0016, 0.0016, 0.0016, 0.0016,
0.0016, 0.0016, 0.0016, 0.0016, 0.0016, 0.0016, 0.0016, 0.0016, 0.0016, 0.0016,
0.0016, 0.0016, 0.0016, 0.0016, 0.0016, 0.00032, 0.00032, 0.00032, 0.00032, 0.00032,
0.00032, 0.00032, 0.00032, 0.00032, 0.00032, 0.00032, 0.00032, 0.00032, 0.00032, 0.00032,
0.00032, 0.00032, 0.00032, 0.00032, 0.00032, 0.00032, 0.00032, 0.00032, 0.00032, 0.00032,
6.4e-05, 6.4e-05, 6.4e-05, 6.4e-05, 6.4e-05, 6.4e-05, 6.4e-05, 6.4e-05, 6.4e-05, 6.4e-05,
6.4e-05, 6.4e-05, 6.4e-05, 6.4e-05, 6.4e-05, 6.4e-05, 6.4e-05, 6.4e-05, 6.4e-05, 6.4e-05,
6.4e-05, 6.4e-05, 6.4e-05, 6.4e-05, 6.4e-05, 1.28e-05, 1.28e-05, 1.28e-05, 1.28e-05, 1.28e-05,
1.28e-05, 1.28e-05, 1.28e-05, 1.28e-05, 1.28e-05, 1.28e-05, 1.28e-05, 1.28e-05, 1.28e-05, 1.28e-05,
1.28e-05, 1.28e-05, 1.28e-05, 1.28e-05, 1.28e-05, 1.28e-05, 1.28e-05, 1.28e-05, 1.28e-05, 1.28e-05]
[14, 1, 8, 13, 1, 17, 9, 10, 7, 11,
2, 14, 8, 17, 19, 9, 9, 15, 16, 2,
19, 7, 9, 19, 1, 7, 0, 8, 13, 14,
7, 18, 9, 6, 7, 15, 11, 18, 0, 0,
12, 8, 2, 13, 14, 12, 7, 1, 9, 15,
19, 14, 13, 3, 14, 10, 4, 18, 7, 5,
16, 6, 1, 0, 7, 18, 18, 9, 16, 0,
1, 16, 8, 3, 3, 8, 18, 14, 14, 13,
14, 19, 15, 7, 6, 6, 9, 4, 2, 5,
19, 8, 0, 1, 1, 7, 6, 0, 0, 18,
7, 5, 19, 7, 0, 2, 18, 1, 5, 13,
10, 14, 0, 2, 15, 10, 17, 3, 8, 14,
15, 11, 19, 4, 8, 2, 11, 18, 4, 15,
13, 5, 0, 3, 3, 8, 13, 16, 4, 8,
10, 14, 0, 16, 14, 7, 16, 2, 5, 8,
14, 11, 0, 4, 0, 1, 7, 4, 8, 3,
4, 6, 15, 9, 17, 13, 6, 10, 12, 14,
11, 7, 3, 18, 15, 18, 4, 12, 16, 3]
------------------------------------------------------- 
# stage = 8	# children c = 5	length of each stage p = 5	nodes = 179	# items I = 1
