[63, 68, 10, 44, 19, 65, 39, 92, 47, 78,
38, 35, 46, 19, 79, 96, 0, 54, 7, 73,
7, 24, 91, 83, 86, 6, 99, 17, 6, 82,
90, 69, 16, 66, 12, 1, 30, 17, 93, 44,
61, 97, 79, 6, 82, 23, 69, 82, 77, 76,
21, 84, 100, 11, 33, 51, 84, 31, 69, 56,
80, 58, 24, 62, 24, 3, 63, 20, 87, 22,
64, 48, 85, 9, 20, 67, 32, 89, 48, 76,
30, 35, 25, 29, 46, 58, 47, 97, 56, 15,
52, 1, 39, 43, 63, 29, 12, 92, 50, 65,
13, 80, 79, 99, 89, 100, 31, 88, 54, 79,
29, 85, 14, 54, 80, 26, 12, 26, 89, 34,
7, 7, 35, 47, 16, 64, 42, 95, 55, 92,
59, 35, 38, 38, 100, 93, 3, 30, 46, 57,
75, 75, 7, 55, 29, 88, 48, 7, 13, 36,
41, 21, 9, 76, 34, 25, 5, 76, 19, 60,
34, 45, 95, 38, 83, 60, 30, 52, 90, 77,
8, 65, 51, 16, 86, 46, 70, 33, 53, 83]
[[316, 955, 1026], [406, 497, 502], [198, 1697, 1394], [1824, 1618, 1697], [1182, 1668, 697], [434, 1039, 1727], [154, 1120, 421], [1057, 1277, 1336], [949, 1009, 424], [1832, 746, 1634],
[954, 532, 145], [66, 939, 643], [38, 607, 426], [903, 517, 1514], [686, 1169, 739], [1384, 1603, 1778], [667, 1227, 454], [558, 371, 1202], [1894, 790, 297], [1788, 708, 513],
[978, 1663, 1046], [1124, 1199, 71], [1237, 708, 148], [1133, 1611, 666], [734, 1767, 1305], [1473, 1237, 465], [1337, 1374, 1692], [1792, 18, 1533], [1080, 1912, 410], [847, 1787, 588],
[1361, 851, 1721], [1877, 1445, 1007], [34, 768, 1715], [1566, 1902, 882], [1702, 722, 735], [1094, 1665, 1443], [1559, 1088, 903], [807, 436, 392], [427, 986, 390], [307, 1834, 1647],
[895, 751, 55], [703, 714, 1500], [1180, 218, 1739], [451, 1784, 1727], [1333, 1573, 5], [154, 223, 1670], [1067, 1252, 844], [57, 145, 751], [449, 42, 1737], [309, 349, 1127],
[1427, 715, 1878], [1482, 888, 148], [538, 1538, 366], [363, 75, 1621], [176, 1408, 750], [181, 1032, 973], [1321, 186, 1695], [1636, 1627, 1310], [473, 1546, 1353], [1680, 1325, 1172],
[894, 838, 1357], [328, 406, 1715], [477, 945, 1339], [313, 778, 1414], [20, 955, 378], [770, 606, 881], [1213, 14, 1067], [464, 1120, 250], [1775, 1593, 1266], [684, 1359, 677],
[1856, 1723, 1516], [770, 138, 1392], [571, 85, 423], [1911, 398, 1202], [881, 419, 1627], [1260, 659, 1703], [227, 1873, 1187], [764, 1807, 393], [1014, 1668, 1456], [366, 438, 372],
[1043, 1765, 181], [115, 621, 1703], [1508, 662, 1788], [1401, 129, 273], [159, 1011, 162], [1786, 357, 821], [1046, 584, 250], [319, 818, 144], [713, 1832, 1282], [1639, 1668, 1721],
[97, 267, 1042], [279, 1767, 1133], [1452, 1361, 1795], [1327, 848, 11], [1070, 1008, 492], [702, 350, 849], [1523, 866, 903], [1244, 1186, 1721], [1388, 1369, 1109], [226, 1094, 333],
[33, 1192, 70], [1075, 941, 1837], [294, 479, 1284], [1560, 1276, 1603], [1041, 1816, 167], [1533, 604, 1901], [468, 214, 854], [841, 928, 126], [648, 1786, 965], [1227, 98, 145],
[1560, 132, 807], [1630, 677, 1748], [1554, 442, 1698], [394, 1472, 1060], [83, 599, 963], [250, 218, 1037], [238, 156, 1251], [562, 467, 265], [688, 1115, 1521], [1123, 1812, 1620],
[1268, 1458, 1222], [1546, 644, 1899], [1380, 284, 1811], [1164, 149, 1369], [1695, 232, 1438], [214, 1867, 1126], [1251, 1575, 1282], [59, 223, 1219], [1708, 381, 1804], [1316, 1504, 1702],
[1022, 328, 716], [330, 1874, 1361], [1699, 811, 1115], [1597, 1445, 1264], [522, 1226, 967], [47, 910, 920], [1173, 248, 51], [12, 1691, 274], [1231, 1485, 125], [1122, 887, 1099],
[910, 1379, 897], [1097, 1709, 858], [544, 1495, 1669], [1659, 648, 670], [480, 1170, 1897], [1447, 1217, 363], [1837, 477, 611], [1888, 1873, 1772], [1632, 1190, 1344], [1227, 1782, 1701],
[412, 249, 1167], [1309, 1346, 962], [1637, 1890, 13], [862, 1105, 661], [1533, 1585, 1832], [986, 588, 605], [1349, 511, 552], [1431, 1869, 511], [1289, 1057, 1702], [719, 370, 1570],
[507, 252, 1289], [1674, 1562, 721], [192, 755, 167], [1590, 1618, 1273], [337, 1237, 414], [1639, 1693, 473], [331, 1128, 454], [883, 645, 410], [1395, 21, 1467], [653, 210, 1308],
[1693, 187, 1560], [1069, 1331, 678], [1260, 1524, 1434], [1428, 670, 608], [257, 1007, 1315], [671, 203, 1094], [1144, 4, 308], [1069, 887, 424], [1479, 1752, 1829], [502, 1875, 1509]]
[[9, 4, 4, 5], [2, 8, 1, 8], [8, 4, 10, 9], [6, 10, 0, 4], [4, 8, 9, 4], [9, 0, 4, 7], [2, 1, 4, 5], [1, 6, 2, 10], [8, 5, 3, 9], [0, 2, 4, 8],
[6, 3, 4, 0], [3, 2, 4, 5], [0, 3, 7, 7], [3, 10, 3, 3], [0, 6, 8, 10], [10, 8, 8, 7], [2, 0, 3, 3], [2, 8, 9, 6], [9, 3, 6, 10], [3, 0, 4, 1],
[1, 1, 7, 2], [0, 8, 3, 9], [3, 0, 8, 2], [6, 5, 8, 7], [3, 0, 10, 3], [8, 6, 10, 7], [7, 3, 6, 0], [1, 9, 10, 2], [10, 6, 2, 8], [4, 5, 4, 7],
[3, 1, 8, 10], [5, 5, 6, 8], [5, 3, 10, 1], [9, 9, 6, 6], [1, 10, 4, 3], [8, 3, 3, 5], [10, 6, 0, 1], [0, 4, 8, 4], [4, 5, 1, 7], [8, 7, 2, 3],
[10, 1, 2, 6], [10, 8, 10, 10], [7, 3, 0, 3], [5, 1, 8, 2], [5, 7, 3, 4], [0, 9, 6, 2], [2, 7, 9, 10], [3, 10, 2, 0], [0, 2, 4, 9], [10, 4, 6, 5],
[7, 4, 8, 10], [5, 3, 1, 0], [10, 4, 4, 9], [1, 8, 0, 3], [4, 8, 2, 5], [7, 3, 3, 5], [5, 7, 3, 5], [0, 9, 8, 6], [2, 5, 5, 6], [8, 7, 4, 8],
[9, 6, 6, 10], [3, 4, 2, 7], [1, 3, 10, 6], [6, 2, 1, 0], [9, 2, 3, 8], [10, 0, 3, 10], [5, 6, 3, 1], [0, 7, 9, 10], [2, 2, 7, 3], [4, 8, 8, 6],
[0, 7, 10, 4], [7, 9, 4, 6], [10, 6, 1, 9], [6, 4, 6, 10], [8, 10, 9, 9], [4, 5, 6, 7], [7, 2, 8, 0], [8, 6, 4, 6], [2, 2, 10, 10], [9, 2, 3, 8],
[6, 2, 4, 10], [4, 0, 9, 1], [8, 5, 10, 1], [10, 5, 6, 4], [6, 4, 5, 3], [10, 7, 8, 10], [7, 5, 7, 6], [7, 8, 3, 2], [10, 6, 2, 1], [6, 9, 3, 1],
[2, 2, 2, 1], [6, 7, 6, 1], [0, 9, 2, 8], [3, 10, 5, 0], [5, 0, 4, 10], [8, 7, 0, 6], [0, 0, 7, 4], [7, 8, 5, 9], [0, 6, 9, 4], [2, 4, 5, 2],
[0, 5, 8, 3], [3, 2, 1, 6], [2, 5, 5, 9], [0, 3, 2, 0], [3, 7, 5, 9], [5, 8, 5, 3], [3, 3, 7, 5], [7, 1, 7, 5], [4, 4, 7, 7], [5, 8, 2, 5],
[1, 6, 3, 1], [9, 3, 10, 0], [0, 2, 7, 5], [0, 1, 6, 3], [5, 2, 9, 10], [1, 3, 5, 5], [6, 1, 2, 0], [7, 2, 3, 8], [6, 7, 9, 5], [10, 7, 3, 8],
[9, 8, 0, 7], [9, 6, 0, 3], [8, 7, 1, 7], [8, 6, 2, 3], [5, 2, 1, 1], [2, 5, 10, 9], [10, 6, 1, 7], [0, 2, 5, 10], [10, 3, 6, 8], [10, 4, 10, 5],
[0, 0, 2, 9], [4, 2, 10, 9], [2, 1, 8, 4], [4, 7, 0, 3], [1, 1, 8, 1], [3, 2, 9, 0], [4, 3, 9, 3], [7, 6, 6, 6], [6, 6, 4, 8], [8, 1, 6, 8],
[0, 1, 2, 4], [9, 0, 5, 8], [2, 3, 7, 3], [3, 6, 4, 7], [9, 0, 8, 3], [6, 4, 9, 10], [10, 0, 7, 6], [2, 0, 3, 2], [1, 3, 5, 8], [2, 10, 3, 4],
[2, 0, 5, 6], [6, 9, 0, 2], [7, 9, 5, 2], [2, 2, 10, 10], [2, 6, 3, 2], [4, 5, 3, 4], [6, 8, 1, 8], [7, 3, 10, 8], [3, 5, 1, 7], [1, 1, 7, 9],
[10, 10, 0, 10], [1, 9, 8, 4], [4, 0, 4, 7], [3, 7, 0, 10], [4, 10, 7, 10], [2, 5, 7, 3], [10, 8, 10, 0], [9, 6, 7, 7], [6, 8, 6, 7], [6, 3, 9, 8],
[2, 1, 2, 5], [8, 0, 4, 0], [0, 10, 10, 0], [2, 6, 4, 1], [1, 3, 10, 10], [8, 7, 6, 1], [2, 0, 6, 6], [3, 3, 1, 3], [4, 4, 9, 1], [4, 0, 10, 2]]
[1, 1, 1, 1, 1, 0.2, 0.2, 0.2, 0.2, 0.2,
0.2, 0.2, 0.2, 0.2, 0.2, 0.2, 0.2, 0.2, 0.2, 0.2,
0.2, 0.2, 0.2, 0.2, 0.2, 0.2, 0.2, 0.2, 0.2, 0.2,
0.04, 0.04, 0.04, 0.04, 0.04, 0.04, 0.04, 0.04, 0.04, 0.04,
0.04, 0.04, 0.04, 0.04, 0.04, 0.04, 0.04, 0.04, 0.04, 0.04,
0.04, 0.04, 0.04, 0.04, 0.04, 0.008, 0.008, 0.008, 0.008, 0.008,
0.008, 0.008, 0.008, 0.008, 0.008, 0.008, 0.008, 0.008, 0.008, 0.008,
0.008, 0.008, 0.008, 0.008, 0.008, 0.008, 0.008, 0.008, 0.008, 0.008,
0.0016, 0.0016, 0.0016, 0.0016, 0.0016, 0.0016, 0.0016, 0.0016, 0.0016, 0.0016,
0.0016, 0.0016, 0.0016, 0.0016, 0.0016, 0.0016, 0.0016, 0.0016, 0.0016, 0.0016,
0.0016, 0.0016, 0.0016, 0.0016, 0.0016, 0.00032, 0.00032, 0.00032, 0.00032, 0.00032,
0.00032, 0.00032, 0.00032, 0.00032, 0.00032, 0.00032, 0.00032, 0.00032, 0.00032, 0.00032,
0.00032, 0.00032, 0.00032, 0.00032, 0.00032, 0.00032, 0.00032, 0.00032, 0.00032, 0.00032,
6.4e-05, 6.4e-05, 6.4e-05, 6.4e-05, 6.4e-05, 6.4e-05, 6.4e-05, 6.4e-05, 6.4e-05, 6.4e-05,
6.4e-05, 6.4e-05, 6.4e-05, 6.4e-05, 6.4e-05, 6.4e-05, 6.4e-05, 6.4e-05, 6.4e-05, 6.4e-05,
6.4e-05, 6.4e-05, 6.4e-05, 6.4e-05, 6.4e-05, 1.28e-05, 1.28e-05, 1.28e-05, 1.28e-05, 1.28e-05,
1.28e-05, 1.28e-05, 1.28e-05, 1.28e-05, 1.28e-05, 1.28e-05, 1.28e-05, 1.28e-05, 1.28e-05, 1.28e-05,
1.28e-05, 1.28e-05, 1.28e-05, 1.28e-05, 1.28e-05, 1.28e-05, 1.28e-05, 1.28e-05, 1.28e-05, 1.28e-05]
[1, 17, 14, 12, 5, 12, 13, 12, 19, 9,
9, 18, 13, 18, 18, 0, 4, 13, 13, 5,
18, 12, 18, 3, 11, 8, 13, 3, 11, 18,
4, 1, 12, 12, 5, 16, 7, 7, 4, 14,
15, 15, 1, 6, 3, 14, 8, 1, 3, 18,
14, 15, 2, 19, 5, 14, 8, 0, 0, 14,
16, 15, 16, 8, 13, 3, 12, 2, 14, 5,
19, 4, 0, 1, 15, 8, 8, 19, 12, 8,
18, 5, 2, 1, 13, 0, 9, 4, 12, 14,
13, 11, 6, 18, 3, 7, 1, 16, 4, 16,
16, 6, 4, 8, 8, 9, 5, 15, 3, 5,
3, 12, 9, 5, 6, 15, 14, 13, 12, 19,
15, 14, 1, 15, 7, 15, 5, 0, 7, 0,
2, 1, 9, 7, 7, 6, 15, 3, 2, 4,
3, 5, 18, 14, 14, 12, 15, 13, 19, 10,
18, 8, 8, 13, 14, 5, 17, 9, 7, 14,
2, 9, 11, 14, 6, 16, 12, 2, 8, 15,
6, 3, 14, 3, 19, 14, 15, 3, 2, 16]
------------------------------------------------------- 
# stage = 8	# children c = 5	length of each stage p = 5	nodes = 179	# items I = 1
