[25, 21, 30, 43, 87, 15, 76, 7, 71, 14,
69, 62, 31, 34, 22, 12, 33, 29, 7, 38,
53, 83, 82, 80, 6, 40, 26, 18, 64, 91,
68, 89, 11, 98, 31, 64, 80, 73, 71, 50,
88, 39, 12, 85, 39, 0, 98, 72, 96, 4,
77, 48, 54, 58, 28, 60, 98, 20, 44, 27,
77, 12, 83, 54, 76, 80, 17, 55, 53]
[[1442, 535, 646], [768, 1212, 590], [1213, 549, 72], [1440, 1850, 376], [662, 2131, 1963], [492, 11, 1906], [1638, 740, 532], [721, 120, 237], [1099, 2068, 1196], [2099, 1871, 1696],
[1213, 1169, 349], [2121, 1937, 1561], [567, 1267, 2110], [901, 562, 2077], [1277, 1224, 2063], [1358, 1978, 2074], [1381, 1733, 931], [1913, 310, 1051], [268, 1671, 974], [1726, 1625, 963],
[1278, 955, 2132], [1627, 931, 41], [1305, 1760, 1308], [1270, 517, 2132], [1202, 2056, 1474], [1382, 1531, 1307], [1574, 768, 896], [360, 798, 1468], [1412, 1066, 994], [503, 648, 736],
[1728, 43, 1691], [1715, 1932, 739], [2018, 1092, 355], [1443, 479, 1134], [1431, 1943, 1307], [1022, 1180, 694], [446, 871, 1724], [1604, 1232, 377], [927, 499, 1706], [38, 1264, 471],
[774, 848, 776], [582, 680, 825], [1322, 816, 1917], [1939, 114, 513], [1190, 1807, 573], [352, 946, 2015], [1308, 1393, 742], [887, 852, 1974], [1527, 1780, 590], [1088, 2080, 2116],
[1821, 710, 819], [452, 1554, 1762], [1277, 731, 695], [1311, 787, 1071], [2086, 1977, 996], [514, 185, 1942], [384, 1493, 1190], [1388, 498, 160], [1217, 2025, 57], [1807, 968, 2137],
[2041, 644, 964], [977, 1358, 374], [594, 752, 1105], [1551, 2063, 1893], [478, 2004, 1987], [1474, 635, 27], [1533, 1019, 1783], [579, 263, 136], [1001, 1742, 16]]
[[8, 7, 3, 6], [4, 10, 10, 5], [5, 9, 0, 8], [3, 4, 4, 5], [5, 10, 6, 0], [4, 3, 1, 9], [8, 4, 6, 9], [9, 0, 0, 7], [7, 1, 0, 0], [9, 0, 4, 2],
[7, 4, 10, 8], [6, 3, 2, 1], [0, 6, 10, 4], [9, 9, 1, 7], [2, 5, 3, 1], [3, 3, 6, 0], [2, 6, 9, 0], [4, 2, 2, 0], [4, 1, 8, 0], [2, 8, 10, 2],
[3, 7, 5, 0], [5, 4, 5, 8], [7, 8, 7, 10], [9, 2, 8, 0], [6, 7, 0, 0], [7, 3, 9, 1], [2, 7, 10, 5], [2, 7, 5, 4], [1, 10, 4, 4], [1, 9, 10, 8],
[4, 6, 8, 2], [6, 5, 0, 2], [10, 9, 2, 7], [10, 0, 6, 2], [5, 3, 5, 8], [8, 10, 10, 9], [8, 3, 2, 9], [10, 2, 5, 3], [6, 2, 3, 2], [5, 3, 4, 5],
[10, 4, 10, 10], [4, 3, 1, 8], [6, 4, 3, 3], [3, 2, 10, 9], [5, 1, 6, 2], [1, 0, 5, 8], [0, 6, 10, 5], [7, 1, 8, 6], [5, 7, 5, 7], [10, 4, 4, 3],
[8, 7, 4, 10], [9, 3, 8, 1], [5, 1, 3, 4], [1, 6, 1, 1], [1, 9, 5, 6], [8, 2, 2, 2], [8, 5, 10, 5], [10, 1, 7, 5], [9, 0, 4, 5], [4, 0, 7, 7],
[1, 10, 0, 3], [4, 0, 2, 3], [9, 7, 10, 7], [8, 1, 7, 3], [6, 4, 8, 3], [6, 4, 9, 4], [3, 2, 9, 7], [2, 3, 3, 4], [1, 1, 5, 5]]
[1, 1, 1, 0.5, 0.5, 0.5, 0.5, 0.5, 0.5, 0.25,
0.25, 0.25, 0.25, 0.25, 0.25, 0.125, 0.125, 0.125, 0.125, 0.125,
0.125, 0.0625, 0.0625, 0.0625, 0.0625, 0.0625, 0.0625, 0.03125, 0.03125, 0.03125,
0.03125, 0.03125, 0.03125, 0.015625, 0.015625, 0.015625, 0.015625, 0.015625, 0.015625, 0.0078125,
0.0078125, 0.0078125, 0.0078125, 0.0078125, 0.0078125, 0.00390625, 0.00390625, 0.00390625, 0.00390625, 0.00390625,
0.00390625, 0.00195312, 0.00195312, 0.00195312, 0.00195312, 0.00195312, 0.00195312, 0.000976562, 0.000976562, 0.000976562,
0.000976562, 0.000976562, 0.000976562, 0.000488281, 0.000488281, 0.000488281, 0.000488281, 0.000488281, 0.000488281]
[6, 14, 7, 21, 0, 5, 20, 2, 20, 1,
13, 11, 13, 14, 13, 0, 9, 9, 14, 13,
17, 5, 14, 6, 2, 7, 14, 4, 5, 3,
14, 13, 17, 14, 7, 20, 0, 16, 5, 3,
7, 1, 4, 0, 1, 2, 2, 15, 14, 3,
14, 21, 21, 5, 13, 12, 16, 15, 15, 3,
14, 8, 21, 9, 7, 10, 11, 10, 21]
------------------------------------------------------- 
# stage = 12	# children c = 2	length of each stage p = 3	nodes = 68	# items I = 1
