[73, 40, 1, 59, 40, 76, 78, 8, 60, 71,
97, 44, 68, 29, 14, 59, 60, 9, 52, 79,
46, 0, 62, 18, 55, 90, 79, 69, 84, 18,
61, 56, 59, 62, 81, 99, 37, 59, 74, 63,
96, 70, 6, 64, 66, 87, 89, 92, 96, 40,
70, 8, 6, 31, 93, 62, 20, 71, 30, 3,
89, 91, 25, 13, 18, 6, 79, 56, 31, 52,
85, 26, 88, 58, 56, 53, 44, 44, 44, 6,
51, 14, 14, 57, 11, 6, 85, 32, 43, 15,
1, 31, 72, 27, 11, 91, 33, 90, 12, 64,
7, 63, 56, 95, 20, 12, 48, 65, 22, 58]
[[187, 585, 728], [785, 811, 717], [762, 13, 305], [284, 264, 730], [53, 262, 849], [814, 670, 203], [25, 923, 777], [414, 100, 738], [502, 368, 462], [920, 631, 766],
[570, 819, 408], [354, 900, 515], [367, 718, 768], [672, 298, 89], [699, 352, 591], [844, 222, 557], [104, 487, 777], [177, 901, 173], [915, 459, 541], [674, 435, 228],
[496, 301, 343], [200, 895, 299], [11, 319, 313], [76, 287, 612], [165, 282, 260], [52, 183, 722], [609, 527, 265], [682, 0, 222], [855, 915, 921], [452, 885, 652],
[921, 438, 9], [320, 878, 904], [860, 890, 519], [469, 22, 807], [137, 427, 385], [637, 719, 568], [415, 624, 391], [680, 363, 391], [198, 274, 603], [175, 23, 544],
[827, 240, 278], [132, 560, 213], [93, 716, 399], [852, 242, 661], [11, 619, 144], [397, 313, 159], [261, 24, 783], [653, 1, 202], [340, 439, 717], [239, 855, 740],
[80, 738, 36], [358, 167, 836], [811, 500, 849], [506, 408, 147], [223, 420, 62], [607, 113, 615], [766, 374, 640], [606, 323, 881], [104, 904, 376], [821, 199, 287],
[617, 279, 322], [893, 878, 729], [786, 41, 285], [931, 548, 693], [134, 67, 409], [436, 675, 522], [108, 737, 193], [44, 639, 516], [221, 744, 716], [837, 861, 916],
[181, 775, 491], [743, 724, 665], [768, 806, 707], [109, 793, 551], [98, 223, 618], [508, 660, 349], [326, 64, 383], [519, 348, 78], [332, 569, 118], [104, 462, 36],
[316, 883, 811], [104, 922, 591], [769, 746, 694], [772, 855, 543], [379, 10, 63], [294, 758, 723], [883, 380, 83], [322, 196, 431], [401, 768, 56], [519, 872, 518],
[555, 485, 698], [422, 589, 676], [310, 654, 479], [60, 483, 390], [843, 862, 640], [906, 212, 694], [925, 152, 131], [64, 714, 327], [495, 171, 151], [791, 931, 319],
[606, 782, 100], [360, 501, 689], [92, 107, 400], [571, 167, 883], [258, 306, 97], [194, 509, 550], [889, 490, 942], [76, 795, 712], [643, 346, 180], [90, 434, 407]]
[[10, 0, 4, 8], [6, 0, 2, 5], [4, 1, 3, 0], [1, 8, 0, 2], [10, 10, 1, 4], [9, 1, 3, 5], [0, 9, 7, 8], [7, 6, 3, 6], [7, 6, 1, 2], [4, 3, 7, 8],
[2, 9, 6, 1], [6, 5, 2, 5], [4, 3, 7, 1], [3, 10, 6, 1], [6, 0, 9, 2], [6, 1, 8, 2], [5, 9, 2, 9], [10, 8, 4, 10], [6, 0, 1, 10], [3, 1, 2, 7],
[2, 7, 8, 5], [4, 1, 6, 0], [1, 4, 2, 8], [4, 9, 8, 9], [5, 0, 8, 3], [8, 1, 2, 1], [10, 1, 9, 2], [2, 0, 8, 5], [7, 3, 8, 9], [5, 4, 9, 6],
[6, 10, 1, 8], [8, 10, 7, 0], [8, 2, 3, 3], [1, 4, 2, 10], [5, 0, 10, 6], [0, 7, 9, 5], [9, 6, 3, 3], [8, 0, 9, 4], [10, 9, 10, 5], [8, 6, 5, 3],
[6, 7, 6, 6], [0, 8, 3, 3], [8, 2, 9, 6], [8, 5, 9, 6], [1, 10, 7, 9], [10, 3, 0, 9], [1, 0, 1, 9], [4, 7, 1, 9], [1, 5, 2, 1], [2, 5, 2, 8],
[5, 10, 1, 0], [4, 10, 6, 3], [10, 0, 0, 7], [4, 0, 4, 5], [9, 5, 4, 1], [1, 3, 10, 0], [7, 1, 1, 7], [6, 2, 5, 9], [1, 6, 10, 5], [4, 3, 7, 1],
[4, 7, 8, 8], [7, 1, 2, 4], [7, 4, 5, 6], [6, 4, 7, 2], [3, 6, 7, 7], [8, 1, 5, 9], [6, 2, 2, 10], [6, 9, 0, 10], [5, 6, 5, 10], [8, 5, 1, 4],
[10, 6, 10, 3], [8, 4, 3, 9], [0, 10, 5, 8], [10, 9, 5, 5], [0, 7, 2, 6], [3, 0, 3, 6], [4, 8, 3, 1], [3, 3, 3, 0], [9, 3, 1, 5], [5, 4, 1, 5],
[1, 5, 1, 0], [3, 6, 3, 1], [0, 3, 6, 1], [1, 9, 7, 6], [5, 8, 7, 6], [0, 0, 4, 8], [1, 5, 0, 6], [7, 1, 10, 8], [6, 0, 7, 7], [6, 10, 9, 4],
[1, 4, 5, 2], [0, 10, 8, 3], [7, 3, 9, 8], [1, 0, 3, 2], [5, 3, 6, 10], [4, 5, 8, 9], [3, 2, 5, 7], [1, 3, 0, 2], [5, 5, 3, 4], [2, 9, 7, 10],
[1, 4, 5, 2], [4, 8, 2, 10], [9, 7, 9, 0], [1, 4, 9, 3], [6, 4, 10, 6], [5, 9, 6, 9], [1, 9, 2, 4], [6, 9, 3, 7], [0, 6, 8, 5], [3, 8, 2, 10]]
[1, 1, 1, 1, 1, 0.333333, 0.333333, 0.333333, 0.333333, 0.333333,
0.333333, 0.333333, 0.333333, 0.333333, 0.333333, 0.333333, 0.333333, 0.333333, 0.333333, 0.333333,
0.111111, 0.111111, 0.111111, 0.111111, 0.111111, 0.111111, 0.111111, 0.111111, 0.111111, 0.111111,
0.111111, 0.111111, 0.111111, 0.111111, 0.111111, 0.037037, 0.037037, 0.037037, 0.037037, 0.037037,
0.037037, 0.037037, 0.037037, 0.037037, 0.037037, 0.037037, 0.037037, 0.037037, 0.037037, 0.037037,
0.0123457, 0.0123457, 0.0123457, 0.0123457, 0.0123457, 0.0123457, 0.0123457, 0.0123457, 0.0123457, 0.0123457,
0.0123457, 0.0123457, 0.0123457, 0.0123457, 0.0123457, 0.00411523, 0.00411523, 0.00411523, 0.00411523, 0.00411523,
0.00411523, 0.00411523, 0.00411523, 0.00411523, 0.00411523, 0.00411523, 0.00411523, 0.00411523, 0.00411523, 0.00411523,
0.00137174, 0.00137174, 0.00137174, 0.00137174, 0.00137174, 0.00137174, 0.00137174, 0.00137174, 0.00137174, 0.00137174,
0.00137174, 0.00137174, 0.00137174, 0.00137174, 0.00137174, 0.000457247, 0.000457247, 0.000457247, 0.000457247, 0.000457247,
0.000457247, 0.000457247, 0.000457247, 0.000457247, 0.000457247, 0.000457247, 0.000457247, 0.000457247, 0.000457247, 0.000457247]
[2, 7, 14, 3, 9, 12, 18, 11, 5, 5,
13, 4, 18, 16, 13, 14, 5, 15, 14, 13,
1, 3, 14, 9, 2, 3, 8, 11, 7, 10,
8, 10, 1, 10, 0, 14, 5, 12, 4, 14,
13, 3, 2, 4, 1, 5, 13, 0, 0, 4,
6, 15, 12, 8, 7, 4, 17, 1, 0, 5,
16, 7, 4, 2, 12, 2, 3, 7, 3, 10,
16, 9, 0, 6, 9, 15, 0, 13, 8, 6,
18, 13, 1, 12, 17, 6, 15, 3, 0, 10,
18, 12, 8, 1, 18, 12, 7, 12, 8, 8,
6, 14, 8, 14, 8, 15, 7, 4, 12, 6]
------------------------------------------------------- 
# stage = 8	# children c = 3	length of each stage p = 5	nodes = 109	# items I = 1
