[90, 54, 22, 26, 5, 62, 51, 93, 99, 60,
39, 11, 26, 18, 69, 89, 27, 54, 8, 76,
96, 33, 75, 29, 10, 23, 62, 70, 41, 12,
34, 30, 67, 23]
[[590, 900, 893], [498, 253, 516], [169, 665, 785], [226, 96, 134], [917, 344, 245], [823, 427, 722], [774, 30, 295], [26, 8, 436], [159, 39, 762], [769, 492, 525],
[300, 486, 483], [597, 389, 140], [517, 904, 209], [361, 188, 305], [495, 510, 53], [740, 737, 827], [867, 569, 857], [566, 595, 269], [60, 158, 308], [226, 927, 204],
[155, 631, 95], [42, 286, 830], [183, 804, 196], [738, 223, 731], [102, 122, 299], [501, 267, 94], [386, 192, 663], [648, 162, 662], [917, 222, 224], [630, 795, 210],
[238, 8, 841], [333, 51, 532], [567, 580, 394], [764, 376, 21]]
[[1, 1, 2, 7], [10, 6, 0, 8], [10, 2, 2, 9], [1, 2, 5, 3], [4, 4, 9, 9], [2, 0, 4, 7], [9, 8, 5, 10], [0, 9, 5, 1], [10, 8, 7, 8], [1, 5, 5, 0],
[7, 7, 9, 9], [8, 1, 10, 1], [3, 6, 8, 5], [6, 1, 1, 2], [7, 4, 0, 5], [2, 5, 5, 0], [0, 1, 8, 1], [6, 2, 1, 0], [7, 8, 9, 2], [7, 6, 1, 10],
[2, 10, 4, 6], [9, 4, 7, 4], [8, 7, 9, 9], [10, 1, 9, 9], [2, 6, 10, 8], [6, 10, 9, 0], [5, 5, 3, 2], [1, 4, 1, 1], [1, 4, 7, 9], [6, 3, 2, 3],
[8, 9, 10, 8], [0, 8, 6, 2], [1, 3, 9, 7], [0, 5, 8, 6]]
[1, 0.333333, 0.333333, 0.333333, 0.111111, 0.111111, 0.111111, 0.037037, 0.037037, 0.037037,
0.0123457, 0.0123457, 0.0123457, 0.00411523, 0.00411523, 0.00411523, 0.00137174, 0.00137174, 0.00137174, 0.000457247,
0.000457247, 0.000457247, 0.000152416, 0.000152416, 0.000152416, 5.08053e-05, 5.08053e-05, 5.08053e-05, 1.69351e-05, 1.69351e-05,
1.69351e-05, 5.64503e-06, 5.64503e-06, 5.64503e-06]
[8, 8, 4, 2, 1, 8, 4, 5, 0, 0,
5, 7, 3, 9, 4, 0, 1, 2, 0, 6,
3, 0, 8, 7, 7, 2, 0, 9, 3, 3,
8, 2, 6, 0]
------------------------------------------------------- 
# stage = 12	# children c = 3	length of each stage p = 1	nodes = 33	# items I = 1
