[92, 48, 15, 61, 22, 7, 4, 94, 97, 83,
65, 30, 46, 55, 100, 70, 43, 45, 60, 14,
33, 57, 44, 72, 63, 22, 32, 79, 21, 24,
48, 12, 73, 29, 74, 61, 36, 78, 54, 32,
26, 86, 29, 39, 6, 95, 8, 49, 6, 68,
29, 5, 91, 73, 77, 19, 61, 8, 98, 82,
33, 11, 95, 72, 41, 68, 32, 43, 11, 53,
42, 38, 4, 37, 43, 10, 31, 51, 60, 37,
85, 89, 43, 75, 28, 86, 94, 89, 95, 58,
37, 94, 35, 31, 31, 42, 65, 63, 86, 42,
82, 27, 46, 86, 64, 89, 63, 61, 5, 89,
65, 90, 43, 74, 30, 71, 59, 91, 26, 19,
14, 63, 12, 49, 60, 43, 92, 91, 73, 77]
[[701, 195, 876], [223, 660, 353], [714, 792, 995], [381, 532, 557], [144, 595, 231], [597, 302, 262], [344, 235, 521], [946, 1034, 601], [894, 204, 91], [458, 491, 384],
[980, 141, 579], [233, 844, 667], [586, 507, 408], [1009, 889, 368], [516, 461, 391], [175, 486, 121], [916, 830, 357], [386, 153, 819], [988, 1047, 451], [507, 933, 943],
[891, 862, 512], [898, 523, 305], [514, 58, 241], [350, 496, 558], [719, 1012, 1019], [538, 615, 454], [660, 480, 234], [445, 867, 866], [692, 232, 291], [93, 167, 173],
[1036, 487, 464], [976, 334, 987], [710, 277, 474], [951, 55, 970], [458, 774, 359], [905, 741, 974], [308, 350, 403], [1021, 223, 698], [837, 915, 358], [77, 436, 526],
[729, 900, 1013], [142, 826, 775], [558, 485, 1], [1032, 864, 57], [951, 271, 259], [738, 604, 428], [661, 912, 206], [492, 311, 429], [140, 576, 773], [498, 81, 158],
[452, 238, 8], [893, 381, 262], [618, 367, 175], [47, 348, 1039], [583, 727, 738], [271, 414, 291], [699, 503, 631], [906, 995, 370], [763, 563, 374], [485, 490, 455],
[72, 942, 694], [559, 785, 503], [821, 831, 298], [996, 878, 74], [412, 411, 229], [578, 110, 643], [869, 809, 574], [928, 92, 518], [248, 856, 31], [622, 290, 1000],
[506, 362, 891], [628, 349, 53], [559, 119, 884], [857, 543, 712], [359, 955, 551], [588, 482, 89], [659, 779, 898], [182, 85, 991], [700, 333, 224], [159, 383, 514],
[108, 317, 305], [428, 373, 654], [481, 360, 202], [315, 166, 745], [455, 1004, 78], [434, 541, 1039], [523, 149, 196], [849, 331, 281], [217, 1032, 42], [441, 619, 425],
[384, 728, 171], [117, 105, 1023], [771, 14, 333], [401, 329, 978], [96, 212, 932], [653, 74, 422], [69, 25, 572], [265, 875, 331], [546, 41, 791], [588, 962, 360],
[442, 295, 516], [41, 412, 621], [13, 611, 63], [346, 1013, 393], [274, 537, 33], [155, 618, 108], [5, 687, 133], [5, 953, 436], [337, 927, 957], [77, 944, 868],
[916, 814, 591], [381, 855, 431], [430, 296, 1042], [494, 643, 432], [315, 345, 969], [827, 500, 1015], [935, 984, 652], [497, 990, 1033], [361, 755, 909], [267, 832, 230],
[563, 126, 1044], [582, 986, 276], [1013, 366, 573], [1005, 288, 644], [865, 31, 989], [212, 858, 917], [176, 171, 850], [828, 96, 217], [238, 457, 972], [576, 153, 182]]
[[6, 9, 2, 4], [1, 1, 3, 5], [9, 2, 7, 4], [2, 2, 10, 10], [9, 7, 5, 1], [6, 1, 9, 2], [5, 8, 7, 9], [8, 9, 4, 1], [8, 6, 5, 9], [5, 9, 1, 4],
[9, 6, 8, 9], [8, 6, 6, 4], [2, 0, 5, 8], [1, 1, 8, 5], [9, 3, 3, 4], [1, 6, 6, 7], [10, 0, 5, 5], [7, 4, 7, 3], [10, 2, 2, 6], [8, 8, 10, 8],
[7, 5, 4, 6], [4, 10, 0, 3], [2, 2, 5, 2], [8, 0, 9, 7], [10, 2, 10, 6], [6, 6, 8, 4], [9, 10, 10, 4], [5, 7, 0, 1], [1, 4, 8, 4], [3, 8, 7, 4],
[8, 10, 6, 3], [0, 2, 9, 10], [2, 8, 3, 9], [2, 0, 0, 9], [8, 8, 2, 3], [4, 2, 4, 4], [4, 1, 8, 6], [8, 2, 8, 3], [1, 1, 7, 10], [3, 3, 7, 6],
[0, 0, 2, 0], [9, 0, 9, 5], [6, 1, 8, 8], [1, 10, 1, 4], [10, 7, 10, 5], [7, 5, 8, 7], [6, 2, 6, 9], [5, 3, 2, 4], [1, 2, 4, 8], [2, 3, 2, 8],
[2, 8, 6, 1], [8, 5, 5, 5], [0, 2, 10, 7], [7, 5, 1, 2], [6, 8, 10, 9], [9, 10, 0, 8], [2, 5, 5, 2], [6, 6, 9, 6], [3, 2, 7, 9], [5, 0, 3, 5],
[0, 0, 0, 8], [6, 1, 8, 10], [7, 5, 8, 3], [5, 9, 0, 5], [1, 4, 7, 7], [10, 5, 0, 2], [5, 7, 1, 0], [5, 2, 5, 6], [3, 3, 1, 7], [5, 9, 6, 10],
[2, 3, 3, 7], [10, 3, 1, 0], [5, 6, 5, 4], [1, 5, 5, 6], [0, 4, 6, 5], [6, 10, 9, 7], [2, 10, 3, 5], [7, 9, 5, 9], [0, 6, 5, 10], [7, 4, 0, 2],
[10, 3, 6, 9], [9, 0, 3, 9], [2, 7, 1, 9], [6, 0, 5, 7], [10, 7, 1, 4], [5, 4, 2, 3], [10, 5, 3, 7], [9, 1, 7, 7], [4, 2, 5, 2], [1, 6, 9, 3],
[3, 0, 10, 7], [0, 3, 3, 8], [10, 3, 2, 2], [7, 2, 6, 5], [8, 7, 1, 4], [6, 6, 0, 10], [6, 4, 0, 7], [10, 7, 9, 0], [7, 6, 8, 5], [7, 0, 1, 4],
[3, 3, 7, 9], [5, 0, 3, 0], [5, 2, 5, 0], [8, 3, 8, 3], [5, 8, 9, 3], [5, 5, 3, 10], [0, 0, 3, 6], [10, 4, 10, 2], [5, 4, 0, 8], [2, 1, 9, 7],
[3, 3, 5, 0], [4, 3, 4, 10], [9, 0, 2, 1], [5, 5, 1, 3], [4, 2, 9, 3], [6, 7, 3, 0], [0, 2, 8, 3], [3, 4, 8, 7], [7, 3, 7, 10], [4, 9, 9, 2],
[9, 0, 2, 1], [3, 3, 5, 7], [3, 1, 10, 9], [8, 1, 7, 9], [3, 2, 10, 6], [7, 7, 2, 1], [8, 10, 0, 10], [6, 7, 2, 3], [7, 4, 4, 0], [5, 7, 5, 8]]
[1, 1, 1, 1, 1, 0.2, 0.2, 0.2, 0.2, 0.2,
0.2, 0.2, 0.2, 0.2, 0.2, 0.2, 0.2, 0.2, 0.2, 0.2,
0.2, 0.2, 0.2, 0.2, 0.2, 0.2, 0.2, 0.2, 0.2, 0.2,
0.04, 0.04, 0.04, 0.04, 0.04, 0.04, 0.04, 0.04, 0.04, 0.04,
0.04, 0.04, 0.04, 0.04, 0.04, 0.04, 0.04, 0.04, 0.04, 0.04,
0.04, 0.04, 0.04, 0.04, 0.04, 0.008, 0.008, 0.008, 0.008, 0.008,
0.008, 0.008, 0.008, 0.008, 0.008, 0.008, 0.008, 0.008, 0.008, 0.008,
0.008, 0.008, 0.008, 0.008, 0.008, 0.008, 0.008, 0.008, 0.008, 0.008,
0.0016, 0.0016, 0.0016, 0.0016, 0.0016, 0.0016, 0.0016, 0.0016, 0.0016, 0.0016,
0.0016, 0.0016, 0.0016, 0.0016, 0.0016, 0.0016, 0.0016, 0.0016, 0.0016, 0.0016,
0.0016, 0.0016, 0.0016, 0.0016, 0.0016, 0.00032, 0.00032, 0.00032, 0.00032, 0.00032,
0.00032, 0.00032, 0.00032, 0.00032, 0.00032, 0.00032, 0.00032, 0.00032, 0.00032, 0.00032,
0.00032, 0.00032, 0.00032, 0.00032, 0.00032, 0.00032, 0.00032, 0.00032, 0.00032, 0.00032]
[5, 8, 10, 10, 4, 1, 10, 3, 0, 3,
2, 9, 2, 9, 9, 6, 1, 6, 10, 1,
5, 3, 4, 3, 0, 0, 4, 4, 3, 5,
2, 2, 1, 1, 2, 3, 10, 7, 0, 5,
4, 8, 8, 0, 10, 9, 4, 2, 6, 5,
2, 1, 10, 2, 6, 6, 6, 6, 1, 0,
10, 0, 6, 8, 2, 8, 6, 4, 6, 10,
10, 1, 7, 5, 9, 4, 0, 0, 5, 7,
8, 10, 2, 4, 7, 7, 9, 8, 0, 9,
6, 6, 5, 10, 1, 5, 8, 10, 4, 3,
5, 3, 8, 5, 3, 5, 3, 1, 2, 4,
6, 10, 7, 9, 9, 10, 0, 3, 1, 2,
7, 10, 4, 3, 0, 6, 1, 5, 0, 10]
------------------------------------------------------- 
# stage = 6	# children c = 5	length of each stage p = 5	nodes = 129	# items I = 1
