[70, 94, 93, 23, 41, 69, 64, 27, 0, 30,
18, 64, 92, 87, 21, 17, 56, 93, 9, 48,
29, 24, 26, 60, 3, 8, 31, 100, 61, 29,
57, 97, 90, 49, 19, 30, 85, 50, 23, 85,
46, 41, 14, 38, 27, 2]
[[794, 651, 1232], [471, 377, 1535], [1632, 1617, 1070], [203, 1940, 1796], [1149, 1691, 1191], [1271, 1786, 375], [227, 1481, 1695], [1248, 1403, 1863], [1124, 401, 54], [532, 898, 1011],
[198, 1470, 1440], [1431, 1941, 1817], [778, 1385, 1247], [1626, 1588, 1221], [1457, 550, 724], [460, 1599, 544], [835, 1826, 1803], [343, 886, 1018], [18, 44, 1419], [72, 355, 129],
[862, 553, 1378], [336, 1762, 1353], [1932, 575, 773], [1213, 13, 173], [468, 1470, 723], [970, 1709, 134], [1514, 578, 1739], [1129, 699, 659], [181, 718, 482], [1379, 568, 837],
[1508, 1430, 1168], [920, 1545, 965], [86, 1289, 1318], [637, 536, 1331], [588, 782, 614], [1090, 1752, 357], [1224, 1078, 713], [997, 19, 1413], [1435, 200, 165], [1917, 1579, 733],
[788, 900, 1942], [1956, 1598, 1299], [733, 1684, 622], [85, 133, 936], [1417, 722, 1496], [1809, 1812, 1060]]
[[5, 7, 3, 9], [7, 2, 9, 2], [1, 0, 9, 2], [3, 2, 7, 2], [6, 2, 0, 3], [4, 0, 10, 2], [3, 6, 0, 4], [7, 2, 10, 1], [10, 0, 10, 4], [3, 9, 4, 4],
[7, 1, 4, 10], [3, 1, 10, 7], [1, 9, 10, 6], [9, 7, 6, 10], [3, 7, 4, 8], [7, 1, 8, 4], [2, 5, 8, 3], [1, 0, 7, 8], [1, 1, 8, 2], [0, 5, 9, 1],
[3, 9, 5, 2], [5, 1, 10, 6], [6, 3, 4, 2], [3, 10, 7, 3], [4, 2, 6, 6], [2, 2, 3, 1], [1, 9, 3, 1], [4, 2, 1, 7], [9, 4, 7, 3], [3, 7, 8, 9],
[8, 10, 10, 9], [9, 4, 1, 2], [4, 7, 8, 7], [8, 1, 8, 7], [10, 10, 7, 1], [1, 8, 9, 10], [10, 3, 0, 3], [8, 6, 10, 4], [5, 7, 2, 3], [9, 2, 6, 3],
[9, 1, 8, 4], [2, 3, 1, 0], [2, 8, 1, 3], [3, 8, 0, 0], [10, 10, 3, 7], [5, 1, 9, 0]]
[1, 1, 0.5, 0.5, 0.5, 0.5, 0.25, 0.25, 0.25, 0.25,
0.125, 0.125, 0.125, 0.125, 0.0625, 0.0625, 0.0625, 0.0625, 0.03125, 0.03125,
0.03125, 0.03125, 0.015625, 0.015625, 0.015625, 0.015625, 0.0078125, 0.0078125, 0.0078125, 0.0078125,
0.00390625, 0.00390625, 0.00390625, 0.00390625, 0.00195312, 0.00195312, 0.00195312, 0.00195312, 0.000976562, 0.000976562,
0.000976562, 0.000976562, 0.000488281, 0.000488281, 0.000488281, 0.000488281]
[16, 19, 9, 19, 11, 17, 2, 13, 3, 14,
12, 13, 18, 8, 15, 5, 12, 2, 1, 12,
11, 0, 14, 5, 17, 18, 19, 5, 11, 11,
3, 2, 17, 0, 17, 4, 14, 5, 9, 10,
6, 19, 0, 3, 1, 13]
------------------------------------------------------- 
# stage = 12	# children c = 2	length of each stage p = 2	nodes = 45	# items I = 1
