[65, 70, 0, 75, 40, 16, 78, 42, 2, 38,
55, 11, 51, 75, 79, 80, 63, 65, 14, 0,
98, 47, 86, 93, 9, 4, 87, 58, 84, 45,
64, 14, 82, 31, 55, 21, 47, 100, 63, 15,
37, 18, 26, 88, 93, 72, 33, 22, 36, 47,
22, 33, 61, 74, 25, 70, 45, 78, 27, 28,
23, 58, 9, 4, 89, 64, 92, 1, 29, 54,
16, 32, 38, 8, 19, 98, 80, 53, 86, 15,
66, 7, 48, 26, 48, 39, 63, 93, 17, 56,
87, 40, 13, 96, 10, 1, 26, 68, 2, 55,
88, 85, 88, 26, 94, 73, 90, 39, 92, 75,
55, 24, 82, 69, 50, 29, 8, 79, 21, 92,
35, 8, 98, 48, 70, 7, 16, 62, 41, 85]
[[694, 491, 590], [794, 42, 724], [231, 170, 128], [893, 159, 908], [468, 609, 270], [361, 489, 887], [361, 899, 645], [631, 141, 864], [421, 260, 825], [244, 377, 796],
[243, 0, 216], [714, 675, 258], [485, 788, 309], [614, 728, 468], [450, 125, 6], [720, 486, 495], [535, 729, 322], [227, 407, 464], [20, 709, 605], [845, 1, 863],
[570, 125, 863], [786, 720, 586], [925, 252, 421], [281, 747, 77], [630, 125, 202], [636, 727, 570], [60, 309, 346], [382, 418, 634], [727, 438, 391], [260, 211, 273],
[171, 662, 279], [81, 376, 46], [548, 348, 298], [850, 629, 927], [928, 188, 933], [58, 705, 707], [509, 646, 64], [855, 76, 363], [418, 684, 801], [690, 945, 893],
[10, 44, 603], [170, 6, 26], [216, 555, 375], [514, 452, 885], [369, 308, 1], [350, 367, 707], [104, 876, 400], [49, 660, 357], [293, 6, 89], [141, 696, 915],
[916, 587, 6], [566, 757, 12], [592, 20, 448], [848, 415, 901], [662, 666, 137], [663, 63, 385], [298, 48, 190], [580, 932, 850], [937, 272, 737], [907, 295, 361],
[869, 258, 948], [756, 705, 633], [769, 225, 534], [264, 2, 949], [93, 664, 543], [112, 255, 487], [497, 554, 536], [687, 181, 396], [465, 46, 549], [249, 1, 725],
[610, 751, 864], [486, 555, 616], [47, 252, 723], [581, 397, 725], [459, 372, 436], [49, 484, 572], [537, 28, 173], [1, 716, 235], [397, 109, 282], [827, 359, 283],
[600, 850, 915], [511, 265, 517], [56, 312, 650], [779, 894, 95], [551, 400, 467], [868, 449, 951], [487, 867, 26], [542, 868, 623], [658, 193, 733], [940, 68, 20],
[151, 549, 751], [114, 941, 63], [512, 44, 376], [210, 704, 198], [305, 183, 479], [653, 932, 809], [651, 348, 724], [558, 890, 520], [110, 595, 714], [843, 464, 663],
[744, 496, 140], [542, 610, 128], [487, 51, 54], [744, 261, 758], [942, 447, 823], [468, 147, 802], [324, 679, 197], [929, 284, 15], [497, 394, 492], [139, 165, 3],
[802, 909, 499], [942, 380, 38], [951, 867, 89], [52, 658, 231], [692, 528, 678], [562, 43, 706], [292, 248, 432], [490, 225, 597], [386, 603, 873], [878, 742, 85],
[762, 591, 876], [309, 461, 184], [228, 459, 98], [317, 512, 637], [429, 132, 212], [154, 575, 136], [741, 867, 384], [220, 285, 490], [698, 672, 140], [618, 478, 882]]
[[4, 6, 6, 1], [2, 1, 3, 3], [3, 5, 0, 2], [5, 4, 3, 4], [6, 8, 5, 8], [1, 0, 0, 8], [6, 6, 6, 1], [7, 4, 5, 9], [10, 9, 10, 0], [8, 0, 3, 9],
[5, 2, 1, 8], [4, 2, 0, 10], [10, 3, 5, 0], [1, 5, 8, 7], [10, 1, 7, 4], [5, 1, 2, 4], [8, 10, 4, 5], [10, 6, 3, 3], [6, 4, 9, 10], [4, 9, 9, 3],
[1, 4, 1, 2], [7, 7, 8, 6], [8, 4, 8, 2], [3, 8, 5, 0], [7, 9, 5, 5], [2, 8, 6, 8], [0, 4, 7, 4], [3, 4, 8, 2], [8, 7, 3, 2], [4, 0, 7, 1],
[2, 4, 4, 5], [2, 9, 5, 7], [5, 10, 10, 6], [5, 5, 3, 5], [10, 9, 10, 0], [0, 5, 0, 8], [1, 3, 8, 3], [1, 4, 5, 3], [9, 7, 6, 9], [3, 0, 3, 6],
[8, 3, 1, 3], [8, 3, 6, 5], [10, 5, 5, 10], [8, 6, 5, 8], [7, 2, 0, 7], [7, 3, 8, 5], [8, 4, 1, 0], [2, 4, 5, 9], [7, 6, 1, 3], [7, 7, 8, 6],
[0, 3, 5, 8], [7, 10, 3, 1], [2, 4, 8, 9], [5, 4, 1, 3], [8, 2, 1, 8], [4, 6, 6, 1], [0, 5, 4, 7], [2, 1, 3, 0], [2, 8, 6, 7], [6, 10, 7, 8],
[1, 2, 4, 6], [6, 3, 7, 1], [3, 9, 10, 7], [4, 5, 6, 4], [0, 10, 1, 0], [10, 2, 0, 10], [10, 4, 5, 3], [3, 1, 9, 2], [3, 2, 9, 8], [3, 5, 9, 6],
[3, 8, 1, 6], [1, 7, 10, 10], [7, 9, 10, 4], [0, 8, 3, 9], [1, 8, 1, 3], [9, 0, 5, 0], [0, 1, 8, 2], [7, 4, 8, 8], [2, 9, 3, 1], [4, 1, 0, 0],
[8, 8, 4, 7], [5, 5, 5, 4], [3, 4, 7, 10], [2, 0, 8, 1], [1, 3, 3, 8], [8, 9, 4, 8], [6, 5, 9, 10], [4, 7, 8, 2], [4, 10, 9, 9], [4, 1, 0, 5],
[5, 8, 3, 6], [8, 0, 7, 9], [2, 10, 5, 10], [6, 9, 5, 1], [1, 3, 0, 6], [8, 8, 8, 1], [7, 4, 8, 10], [5, 8, 4, 8], [3, 5, 3, 9], [4, 8, 8, 6],
[7, 0, 3, 3], [7, 8, 2, 8], [9, 3, 1, 6], [9, 9, 7, 6], [0, 4, 3, 5], [1, 7, 1, 3], [2, 2, 1, 4], [0, 7, 10, 7], [7, 2, 8, 1], [8, 0, 8, 6],
[1, 9, 1, 10], [8, 8, 3, 6], [10, 6, 10, 9], [1, 0, 1, 1], [2, 3, 5, 2], [10, 4, 8, 5], [4, 3, 6, 1], [1, 3, 7, 2], [2, 6, 0, 8], [1, 1, 3, 0],
[8, 2, 7, 9], [0, 9, 8, 1], [10, 2, 1, 7], [4, 9, 1, 6], [0, 8, 7, 1], [9, 1, 2, 9], [5, 0, 6, 6], [1, 8, 6, 7], [8, 2, 5, 7], [9, 0, 8, 8]]
[1, 1, 1, 1, 1, 0.2, 0.2, 0.2, 0.2, 0.2,
0.2, 0.2, 0.2, 0.2, 0.2, 0.2, 0.2, 0.2, 0.2, 0.2,
0.2, 0.2, 0.2, 0.2, 0.2, 0.2, 0.2, 0.2, 0.2, 0.2,
0.04, 0.04, 0.04, 0.04, 0.04, 0.04, 0.04, 0.04, 0.04, 0.04,
0.04, 0.04, 0.04, 0.04, 0.04, 0.04, 0.04, 0.04, 0.04, 0.04,
0.04, 0.04, 0.04, 0.04, 0.04, 0.008, 0.008, 0.008, 0.008, 0.008,
0.008, 0.008, 0.008, 0.008, 0.008, 0.008, 0.008, 0.008, 0.008, 0.008,
0.008, 0.008, 0.008, 0.008, 0.008, 0.008, 0.008, 0.008, 0.008, 0.008,
0.0016, 0.0016, 0.0016, 0.0016, 0.0016, 0.0016, 0.0016, 0.0016, 0.0016, 0.0016,
0.0016, 0.0016, 0.0016, 0.0016, 0.0016, 0.0016, 0.0016, 0.0016, 0.0016, 0.0016,
0.0016, 0.0016, 0.0016, 0.0016, 0.0016, 0.00032, 0.00032, 0.00032, 0.00032, 0.00032,
0.00032, 0.00032, 0.00032, 0.00032, 0.00032, 0.00032, 0.00032, 0.00032, 0.00032, 0.00032,
0.00032, 0.00032, 0.00032, 0.00032, 0.00032, 0.00032, 0.00032, 0.00032, 0.00032, 0.00032]
[16, 11, 5, 15, 17, 19, 2, 2, 0, 11,
17, 7, 7, 5, 3, 4, 9, 13, 16, 8,
17, 6, 17, 3, 0, 1, 7, 8, 10, 18,
5, 17, 1, 1, 15, 14, 0, 16, 12, 18,
18, 13, 0, 5, 16, 1, 17, 7, 5, 7,
2, 6, 17, 4, 6, 5, 15, 7, 0, 10,
15, 9, 14, 2, 10, 12, 14, 19, 17, 4,
19, 4, 7, 1, 3, 16, 7, 2, 7, 13,
5, 1, 0, 14, 17, 12, 7, 2, 8, 15,
7, 2, 9, 0, 1, 5, 3, 10, 12, 12,
15, 9, 13, 10, 6, 18, 8, 13, 17, 18,
19, 10, 15, 9, 17, 0, 17, 8, 4, 5,
15, 0, 15, 5, 19, 16, 12, 16, 18, 18]
------------------------------------------------------- 
# stage = 6	# children c = 5	length of each stage p = 5	nodes = 129	# items I = 1
