[29, 95, 7, 43, 17, 90, 44, 36, 68, 76,
42, 31, 89, 82, 77, 53, 45, 26, 90, 38,
56, 71, 1, 23, 98, 37, 95, 25, 17, 59,
29, 13, 53, 2, 22, 36, 92, 66, 39, 59,
7, 81, 57, 96, 62, 33, 14, 74, 59, 4,
78, 14, 75, 79, 3, 72, 15, 99, 64, 100,
23, 93, 12, 43, 95, 34, 79, 53, 67, 17,
78, 74, 64, 34, 36, 26, 68, 50, 66, 93,
54, 43, 74, 29, 21, 77, 67, 3, 41, 97,
2, 65, 55, 14, 7, 16, 14, 52, 69, 81,
70, 46, 21, 33, 47, 57, 25, 14, 6, 91,
73, 61, 33, 46, 56, 21, 23, 89, 24, 64,
52, 26, 28, 6, 6, 1, 89, 20, 54, 23]
[[1470, 1733, 1578], [1808, 1751, 922], [71, 688, 1660], [1262, 693, 777], [1704, 1301, 155], [1329, 1470, 1641], [206, 6, 1562], [884, 1498, 1117], [1589, 1241, 990], [476, 1249, 326],
[906, 725, 65], [1004, 1053, 1816], [1927, 1124, 1024], [113, 906, 237], [1405, 616, 59], [1560, 465, 1529], [1207, 1186, 55], [1290, 76, 73], [927, 185, 1314], [1917, 662, 569],
[249, 88, 1808], [829, 1092, 867], [1165, 1539, 511], [710, 173, 1418], [947, 1578, 554], [1006, 1658, 1534], [1055, 1385, 726], [1625, 1195, 1316], [1698, 129, 1502], [1533, 52, 684],
[622, 816, 1286], [437, 165, 898], [1818, 1330, 958], [850, 46, 1131], [274, 1508, 1229], [1342, 520, 1407], [882, 1576, 1312], [128, 1721, 514], [1445, 1425, 643], [1467, 964, 1209],
[157, 1587, 31], [1443, 544, 710], [861, 368, 47], [1819, 1218, 607], [1470, 12, 635], [705, 1869, 1156], [632, 757, 1252], [1945, 886, 979], [465, 851, 924], [1622, 324, 1889],
[837, 481, 2], [1383, 444, 546], [99, 1305, 1428], [660, 1131, 1167], [1268, 607, 1693], [1903, 1827, 1568], [1579, 979, 332], [1351, 930, 1732], [336, 1909, 589], [1261, 1537, 913],
[1670, 381, 1908], [1672, 284, 872], [224, 383, 183], [172, 1044, 1828], [1339, 832, 956], [1039, 1255, 1303], [613, 841, 288], [1459, 198, 1733], [1197, 1049, 1648], [1786, 830, 1706],
[1219, 1020, 607], [1133, 698, 891], [11, 1436, 1274], [709, 1608, 324], [1057, 1468, 1670], [19, 513, 932], [1836, 1640, 1773], [645, 1106, 491], [384, 823, 60], [552, 616, 890],
[264, 355, 1910], [1385, 1489, 1128], [282, 1500, 1084], [77, 729, 699], [915, 1787, 687], [592, 1806, 1200], [1524, 169, 1360], [1303, 814, 986], [314, 1712, 1810], [375, 784, 946],
[1779, 1563, 1301], [1696, 954, 796], [1344, 1237, 817], [435, 1828, 1546], [1648, 749, 1339], [341, 1341, 1666], [61, 871, 355], [1421, 694, 1683], [928, 1009, 1401], [744, 1898, 705],
[210, 1683, 274], [1511, 1899, 1743], [828, 1250, 1500], [165, 205, 1334], [231, 1853, 89], [1571, 714, 1431], [1757, 775, 822], [632, 716, 1517], [321, 164, 1046], [242, 908, 1464],
[947, 1118, 1153], [1736, 1150, 1573], [1485, 1978, 829], [991, 663, 1548], [331, 894, 1407], [420, 985, 641], [371, 748, 1930], [1194, 1380, 652], [1231, 221, 817], [797, 463, 245],
[267, 1411, 1878], [1934, 1153, 1034], [1513, 644, 1532], [862, 155, 201], [416, 486, 1609], [343, 1420, 601], [984, 312, 1863], [920, 26, 1250], [93, 1257, 1471], [1424, 574, 455]]
[[9, 3, 9, 5], [10, 9, 5, 4], [5, 9, 2, 6], [0, 10, 6, 9], [0, 4, 7, 2], [4, 9, 5, 7], [5, 6, 5, 1], [8, 10, 0, 4], [0, 9, 7, 0], [5, 1, 4, 10],
[0, 4, 4, 9], [3, 10, 6, 3], [1, 2, 3, 5], [0, 6, 10, 3], [1, 3, 4, 8], [2, 3, 1, 3], [10, 9, 3, 5], [8, 5, 2, 8], [9, 6, 7, 0], [3, 2, 1, 2],
[2, 5, 6, 0], [0, 3, 1, 0], [6, 6, 8, 7], [7, 7, 8, 6], [5, 0, 0, 3], [3, 1, 9, 10], [7, 3, 10, 0], [3, 1, 0, 3], [4, 6, 3, 4], [10, 5, 2, 3],
[9, 8, 10, 3], [5, 7, 9, 10], [5, 8, 0, 6], [9, 8, 6, 3], [9, 5, 1, 2], [6, 2, 5, 10], [8, 7, 2, 5], [10, 2, 7, 8], [0, 6, 0, 5], [1, 7, 2, 4],
[4, 1, 0, 0], [9, 6, 4, 7], [9, 5, 7, 3], [7, 0, 0, 3], [7, 2, 6, 6], [5, 2, 1, 3], [7, 10, 8, 8], [6, 10, 10, 9], [9, 10, 7, 7], [3, 0, 2, 2],
[4, 7, 5, 9], [7, 5, 10, 1], [6, 6, 5, 9], [6, 4, 1, 2], [3, 9, 8, 8], [6, 8, 4, 3], [5, 0, 8, 9], [10, 10, 0, 1], [5, 3, 10, 10], [8, 8, 10, 1],
[3, 4, 10, 7], [7, 0, 10, 8], [7, 5, 5, 1], [0, 7, 4, 6], [6, 1, 2, 3], [10, 0, 4, 2], [3, 1, 1, 9], [9, 0, 0, 10], [3, 10, 7, 10], [9, 4, 7, 5],
[9, 0, 4, 8], [7, 8, 3, 0], [8, 3, 3, 7], [3, 5, 9, 4], [7, 8, 2, 3], [9, 2, 3, 1], [0, 10, 9, 9], [1, 5, 1, 10], [3, 6, 7, 9], [1, 8, 9, 9],
[9, 0, 3, 1], [5, 10, 5, 10], [8, 6, 1, 6], [6, 4, 5, 6], [1, 1, 2, 2], [6, 2, 10, 8], [6, 5, 6, 7], [0, 4, 4, 10], [2, 7, 9, 8], [7, 2, 5, 2],
[8, 6, 8, 1], [8, 0, 6, 7], [1, 8, 9, 5], [8, 7, 2, 3], [1, 6, 9, 1], [0, 0, 9, 2], [5, 8, 8, 10], [10, 1, 1, 5], [5, 7, 6, 1], [7, 1, 8, 6],
[8, 7, 10, 3], [3, 10, 5, 2], [6, 3, 1, 4], [1, 0, 4, 6], [6, 0, 6, 3], [1, 7, 8, 4], [4, 1, 5, 9], [1, 3, 3, 7], [8, 2, 10, 9], [10, 4, 0, 5],
[5, 1, 9, 6], [1, 3, 0, 7], [3, 6, 10, 2], [0, 5, 6, 2], [5, 10, 1, 6], [2, 2, 2, 10], [2, 10, 6, 1], [2, 6, 7, 5], [7, 3, 1, 7], [6, 1, 1, 7],
[5, 10, 9, 5], [2, 3, 8, 7], [2, 7, 2, 2], [9, 2, 10, 9], [0, 5, 10, 0], [0, 4, 5, 5], [8, 4, 1, 3], [5, 1, 9, 8], [0, 7, 3, 2], [10, 9, 8, 10]]
[1, 1, 1, 1, 1, 0.2, 0.2, 0.2, 0.2, 0.2,
0.2, 0.2, 0.2, 0.2, 0.2, 0.2, 0.2, 0.2, 0.2, 0.2,
0.2, 0.2, 0.2, 0.2, 0.2, 0.2, 0.2, 0.2, 0.2, 0.2,
0.04, 0.04, 0.04, 0.04, 0.04, 0.04, 0.04, 0.04, 0.04, 0.04,
0.04, 0.04, 0.04, 0.04, 0.04, 0.04, 0.04, 0.04, 0.04, 0.04,
0.04, 0.04, 0.04, 0.04, 0.04, 0.008, 0.008, 0.008, 0.008, 0.008,
0.008, 0.008, 0.008, 0.008, 0.008, 0.008, 0.008, 0.008, 0.008, 0.008,
0.008, 0.008, 0.008, 0.008, 0.008, 0.008, 0.008, 0.008, 0.008, 0.008,
0.0016, 0.0016, 0.0016, 0.0016, 0.0016, 0.0016, 0.0016, 0.0016, 0.0016, 0.0016,
0.0016, 0.0016, 0.0016, 0.0016, 0.0016, 0.0016, 0.0016, 0.0016, 0.0016, 0.0016,
0.0016, 0.0016, 0.0016, 0.0016, 0.0016, 0.00032, 0.00032, 0.00032, 0.00032, 0.00032,
0.00032, 0.00032, 0.00032, 0.00032, 0.00032, 0.00032, 0.00032, 0.00032, 0.00032, 0.00032,
0.00032, 0.00032, 0.00032, 0.00032, 0.00032, 0.00032, 0.00032, 0.00032, 0.00032, 0.00032]
[17, 1, 15, 13, 13, 0, 16, 14, 0, 2,
0, 4, 1, 0, 13, 17, 17, 8, 8, 3,
2, 12, 11, 12, 11, 10, 8, 8, 4, 3,
17, 0, 3, 6, 1, 4, 16, 6, 6, 2,
12, 13, 11, 2, 1, 16, 10, 4, 8, 16,
15, 17, 13, 2, 1, 1, 1, 17, 7, 3,
2, 10, 0, 10, 8, 2, 3, 6, 14, 9,
5, 4, 17, 2, 17, 9, 8, 16, 18, 1,
8, 2, 6, 9, 9, 11, 0, 4, 0, 6,
15, 1, 6, 4, 19, 15, 12, 12, 9, 2,
3, 16, 12, 13, 2, 6, 6, 5, 9, 1,
18, 9, 17, 12, 6, 17, 11, 4, 10, 7,
0, 6, 6, 3, 4, 8, 4, 16, 2, 19]
------------------------------------------------------- 
# stage = 6	# children c = 5	length of each stage p = 5	nodes = 129	# items I = 1
