[0, 92, 10, 43, 29, 92, 24, 52, 46, 29,
26, 0, 14, 43, 10, 86, 40, 19, 39, 1,
58, 40, 12, 27, 34, 53, 70, 71, 52, 39,
67, 52, 30, 77, 62, 26, 68, 52, 78, 14,
48, 70, 81, 62, 13, 91, 13, 53, 77, 19,
54, 0, 59, 33, 94, 60, 52, 63, 97, 3,
1, 63, 22, 98, 40, 84, 23, 74, 35]
[[831, 604, 762], [647, 647, 615], [731, 197, 199], [449, 122, 243], [304, 539, 220], [545, 164, 577], [565, 826, 138], [713, 305, 4], [106, 10, 294], [117, 734, 654],
[47, 23, 563], [114, 670, 363], [34, 707, 712], [385, 461, 139], [628, 765, 831], [2, 464, 300], [731, 334, 279], [22, 200, 584], [179, 459, 594], [473, 728, 633],
[432, 775, 656], [148, 194, 632], [511, 380, 644], [529, 766, 258], [668, 547, 328], [652, 701, 97], [258, 585, 431], [537, 608, 784], [427, 787, 548], [174, 565, 429],
[113, 151, 509], [769, 299, 703], [706, 116, 388], [503, 645, 307], [66, 618, 8], [395, 576, 709], [492, 834, 448], [77, 524, 361], [166, 104, 453], [714, 431, 171],
[296, 544, 322], [805, 618, 774], [813, 630, 43], [354, 286, 688], [814, 353, 611], [822, 53, 340], [836, 545, 327], [589, 774, 157], [255, 93, 261], [708, 112, 844],
[33, 408, 693], [507, 518, 465], [434, 636, 400], [477, 296, 686], [470, 263, 344], [235, 390, 397], [575, 531, 248], [208, 274, 175], [365, 529, 421], [778, 543, 533],
[776, 728, 95], [622, 388, 765], [392, 823, 555], [792, 605, 156], [784, 381, 419], [433, 616, 114], [136, 496, 645], [384, 9, 224], [711, 374, 59]]
[[3, 6, 7, 3], [10, 6, 0, 4], [3, 4, 8, 3], [2, 0, 1, 6], [2, 8, 3, 0], [6, 10, 0, 6], [5, 3, 8, 3], [5, 0, 2, 9], [5, 10, 10, 4], [3, 8, 6, 6],
[1, 4, 8, 1], [2, 7, 8, 5], [2, 9, 5, 8], [6, 4, 3, 9], [5, 0, 1, 10], [10, 2, 6, 4], [10, 3, 6, 2], [0, 10, 8, 10], [3, 3, 1, 4], [10, 7, 9, 10],
[3, 1, 8, 10], [3, 0, 8, 8], [10, 8, 6, 9], [8, 1, 0, 7], [3, 4, 9, 3], [3, 4, 1, 5], [8, 2, 9, 5], [9, 5, 5, 1], [6, 0, 9, 10], [0, 5, 5, 8],
[0, 0, 4, 8], [0, 4, 4, 3], [8, 0, 4, 10], [4, 5, 4, 10], [7, 2, 3, 3], [7, 6, 3, 0], [6, 1, 8, 4], [4, 3, 2, 4], [3, 4, 10, 3], [7, 3, 4, 2],
[1, 9, 1, 6], [3, 5, 3, 0], [7, 6, 1, 1], [1, 4, 2, 5], [4, 10, 10, 8], [0, 10, 2, 4], [3, 10, 5, 10], [1, 8, 2, 2], [6, 3, 8, 9], [9, 1, 7, 3],
[5, 9, 3, 5], [0, 3, 10, 4], [0, 9, 2, 1], [8, 2, 3, 1], [1, 6, 9, 2], [3, 0, 5, 9], [2, 0, 6, 0], [10, 2, 1, 5], [9, 4, 10, 10], [5, 9, 3, 6],
[6, 5, 7, 3], [5, 10, 2, 7], [3, 1, 9, 7], [1, 1, 5, 3], [2, 0, 1, 1], [1, 1, 4, 8], [3, 1, 7, 9], [0, 9, 4, 6], [1, 9, 7, 7]]
[1, 1, 1, 0.5, 0.5, 0.5, 0.5, 0.5, 0.5, 0.25,
0.25, 0.25, 0.25, 0.25, 0.25, 0.125, 0.125, 0.125, 0.125, 0.125,
0.125, 0.0625, 0.0625, 0.0625, 0.0625, 0.0625, 0.0625, 0.03125, 0.03125, 0.03125,
0.03125, 0.03125, 0.03125, 0.015625, 0.015625, 0.015625, 0.015625, 0.015625, 0.015625, 0.0078125,
0.0078125, 0.0078125, 0.0078125, 0.0078125, 0.0078125, 0.00390625, 0.00390625, 0.00390625, 0.00390625, 0.00390625,
0.00390625, 0.00195312, 0.00195312, 0.00195312, 0.00195312, 0.00195312, 0.00195312, 0.000976562, 0.000976562, 0.000976562,
0.000976562, 0.000976562, 0.000976562, 0.000488281, 0.000488281, 0.000488281, 0.000488281, 0.000488281, 0.000488281]
[7, 7, 0, 8, 2, 5, 5, 2, 0, 3,
8, 0, 7, 7, 0, 3, 6, 0, 7, 8,
4, 2, 2, 6, 2, 0, 8, 7, 6, 8,
1, 1, 1, 5, 6, 7, 3, 7, 0, 4,
2, 4, 3, 5, 4, 3, 3, 3, 3, 2,
7, 7, 7, 4, 7, 1, 0, 6, 1, 2,
1, 8, 0, 6, 4, 0, 6, 1, 2]
------------------------------------------------------- 
# stage = 12	# children c = 2	length of each stage p = 3	nodes = 68	# items I = 1
