[64, 47, 3, 0, 26, 40, 97, 78, 38, 33,
86, 38, 87, 45, 56, 90, 70, 0, 34, 10,
35, 40, 59, 68, 36, 34, 14, 80, 6, 38,
13, 36, 85, 84, 36, 10, 23, 99, 55, 28,
98, 40, 66, 84, 51, 89, 40, 87, 89, 40,
97, 23, 80, 55, 91, 15, 55, 71, 61, 27,
76, 41, 29, 60, 91, 65, 37, 80, 30, 58,
7, 27, 64, 40, 78, 15, 28, 17, 1, 16,
23, 65, 6, 3, 86, 63, 18, 41, 34, 46,
34, 9, 87, 64, 35, 43, 28, 38, 22, 58,
62, 30]
[[1807, 116, 604], [346, 936, 145], [181, 1748, 1200], [1595, 1106, 590], [1836, 366, 507], [1302, 387, 280], [329, 1379, 1604], [1166, 971, 1016], [1493, 83, 908], [1447, 450, 819],
[1477, 1009, 1527], [242, 1355, 1215], [979, 288, 1123], [932, 635, 982], [274, 631, 100], [1373, 686, 487], [1654, 1015, 618], [1418, 342, 1590], [595, 1835, 1673], [255, 194, 875],
[1667, 423, 636], [1354, 1257, 744], [730, 989, 1032], [605, 81, 420], [339, 355, 1051], [1032, 1728, 1737], [1519, 1542, 913], [890, 1713, 1255], [640, 1060, 2], [1065, 1315, 788],
[692, 1142, 1803], [1328, 1249, 1221], [232, 731, 370], [17, 88, 1043], [437, 1020, 1398], [240, 212, 38], [138, 483, 333], [1643, 1373, 206], [1650, 173, 18], [404, 1830, 1333],
[1192, 682, 1228], [1747, 763, 1229], [1128, 995, 120], [250, 1604, 800], [1293, 793, 1820], [1443, 1626, 784], [1482, 516, 1268], [1815, 319, 801], [773, 129, 1567], [791, 1125, 1557],
[876, 1069, 992], [856, 976, 1755], [245, 265, 1502], [957, 1107, 19], [1758, 561, 1404], [490, 756, 1190], [27, 398, 1706], [1295, 373, 185], [848, 1738, 906], [575, 689, 191],
[885, 318, 12], [629, 1174, 989], [544, 172, 6], [798, 1129, 1113], [817, 1639, 426], [382, 882, 1183], [324, 909, 1581], [191, 364, 707], [968, 1212, 605], [35, 540, 47],
[818, 1425, 957], [831, 806, 291], [572, 1350, 463], [578, 900, 345], [1691, 1718, 144], [870, 852, 1618], [213, 1176, 687], [546, 1367, 1643], [1253, 496, 1608], [611, 1123, 308],
[1250, 693, 485], [367, 276, 1291], [1250, 848, 1393], [466, 178, 453], [811, 622, 923], [1547, 1492, 1775], [1326, 1705, 1704], [173, 411, 1823], [1817, 417, 1071], [337, 1620, 354],
[645, 1622, 1640], [1130, 149, 76], [1173, 151, 1517], [726, 617, 1695], [1179, 180, 477], [855, 1728, 721], [790, 1214, 586], [1246, 139, 1590], [1230, 708, 759], [461, 1045, 539],
[1408, 442, 321], [1208, 324, 1062]]
[[0, 10, 2, 0], [6, 10, 5, 10], [1, 10, 7, 7], [1, 2, 0, 4], [6, 8, 0, 4], [5, 3, 4, 6], [4, 3, 1, 0], [7, 7, 6, 7], [4, 6, 5, 10], [5, 10, 8, 7],
[10, 2, 3, 9], [4, 3, 2, 8], [9, 2, 2, 1], [5, 4, 8, 9], [7, 7, 8, 2], [3, 3, 9, 6], [10, 4, 5, 2], [3, 0, 9, 0], [3, 0, 10, 5], [1, 10, 3, 9],
[0, 3, 10, 3], [7, 5, 0, 2], [1, 8, 4, 3], [9, 2, 9, 6], [4, 1, 9, 6], [2, 5, 6, 3], [5, 3, 8, 5], [3, 0, 3, 1], [1, 0, 4, 9], [6, 4, 0, 5],
[1, 4, 6, 9], [4, 2, 4, 9], [4, 2, 4, 4], [6, 8, 5, 0], [1, 2, 3, 2], [1, 4, 3, 2], [5, 7, 9, 9], [10, 9, 3, 0], [2, 8, 7, 7], [10, 1, 3, 1],
[1, 7, 3, 7], [2, 8, 6, 3], [9, 9, 3, 8], [3, 4, 8, 6], [10, 7, 4, 9], [5, 5, 7, 6], [2, 4, 0, 2], [5, 3, 1, 4], [8, 5, 10, 10], [0, 5, 1, 9],
[1, 4, 4, 2], [7, 2, 8, 6], [9, 10, 4, 1], [5, 0, 5, 7], [2, 5, 7, 5], [6, 9, 10, 1], [1, 9, 10, 10], [1, 0, 9, 2], [2, 0, 5, 9], [2, 0, 2, 9],
[0, 6, 0, 5], [5, 5, 10, 5], [9, 7, 0, 2], [3, 8, 4, 2], [4, 1, 1, 5], [1, 8, 5, 1], [9, 8, 9, 9], [9, 9, 8, 9], [5, 8, 1, 8], [0, 0, 0, 9],
[5, 0, 10, 6], [6, 3, 6, 10], [4, 8, 4, 3], [3, 8, 2, 1], [5, 9, 9, 3], [8, 6, 10, 0], [1, 0, 8, 1], [10, 6, 9, 2], [7, 8, 7, 2], [9, 2, 0, 0],
[8, 2, 3, 1], [10, 3, 0, 5], [2, 9, 6, 10], [2, 6, 10, 3], [4, 5, 3, 1], [0, 10, 4, 5], [7, 9, 6, 3], [0, 6, 3, 7], [8, 4, 8, 8], [7, 6, 0, 9],
[3, 6, 6, 5], [1, 3, 9, 6], [8, 1, 5, 7], [9, 7, 1, 5], [5, 7, 6, 4], [0, 9, 0, 9], [2, 6, 4, 9], [10, 4, 6, 2], [10, 10, 8, 10], [3, 6, 3, 0],
[5, 8, 5, 3], [5, 7, 6, 10]]
[1, 1, 1, 0.333333, 0.333333, 0.333333, 0.333333, 0.333333, 0.333333, 0.333333,
0.333333, 0.333333, 0.111111, 0.111111, 0.111111, 0.111111, 0.111111, 0.111111, 0.111111, 0.111111,
0.111111, 0.037037, 0.037037, 0.037037, 0.037037, 0.037037, 0.037037, 0.037037, 0.037037, 0.037037,
0.0123457, 0.0123457, 0.0123457, 0.0123457, 0.0123457, 0.0123457, 0.0123457, 0.0123457, 0.0123457, 0.00411523,
0.00411523, 0.00411523, 0.00411523, 0.00411523, 0.00411523, 0.00411523, 0.00411523, 0.00411523, 0.00137174, 0.00137174,
0.00137174, 0.00137174, 0.00137174, 0.00137174, 0.00137174, 0.00137174, 0.00137174, 0.000457247, 0.000457247, 0.000457247,
0.000457247, 0.000457247, 0.000457247, 0.000457247, 0.000457247, 0.000457247, 0.000152416, 0.000152416, 0.000152416, 0.000152416,
0.000152416, 0.000152416, 0.000152416, 0.000152416, 0.000152416, 5.08053e-05, 5.08053e-05, 5.08053e-05, 5.08053e-05, 5.08053e-05,
5.08053e-05, 5.08053e-05, 5.08053e-05, 5.08053e-05, 1.69351e-05, 1.69351e-05, 1.69351e-05, 1.69351e-05, 1.69351e-05, 1.69351e-05,
1.69351e-05, 1.69351e-05, 1.69351e-05, 5.64503e-06, 5.64503e-06, 5.64503e-06, 5.64503e-06, 5.64503e-06, 5.64503e-06, 5.64503e-06,
5.64503e-06, 5.64503e-06]
[7, 5, 5, 7, 0, 5, 4, 0, 1, 1,
1, 9, 2, 5, 6, 9, 5, 9, 9, 7,
0, 4, 4, 5, 9, 1, 3, 3, 3, 8,
8, 5, 7, 5, 4, 9, 7, 0, 9, 3,
4, 1, 6, 5, 4, 1, 6, 7, 2, 0,
7, 4, 4, 2, 3, 6, 2, 7, 1, 3,
9, 0, 3, 8, 2, 6, 0, 0, 7, 1,
8, 0, 7, 4, 1, 6, 3, 7, 9, 6,
6, 5, 6, 4, 7, 6, 6, 1, 3, 4,
6, 8, 3, 8, 3, 6, 0, 8, 8, 2,
3, 5]
------------------------------------------------------- 
# stage = 12	# children c = 3	length of each stage p = 3	nodes = 101	# items I = 1
