[95, 83, 16, 28, 80, 28, 53, 9, 86, 22,
48, 44, 67, 19, 28, 53, 53, 51, 56, 73,
22, 79, 14, 86, 36, 37, 4, 32, 66, 15,
20, 60, 64, 36, 54, 9, 31, 73, 18, 83,
96, 66, 94, 62, 52, 21, 81, 71, 73, 2,
43, 61, 47, 23, 47, 83, 26, 51, 15, 92,
33, 35, 51, 97, 38, 71, 6, 69, 44, 24,
17, 39, 57, 10, 67, 75, 32, 47, 11, 71,
49, 20, 31, 96, 43, 44, 45, 70, 62, 26,
61, 95, 61, 79, 91, 65, 49, 63, 100, 93,
54, 17, 98, 77, 27, 64, 51, 25, 10, 28,
96, 25, 48, 94, 88, 91, 3, 32, 60, 65,
58, 88, 59, 85, 32, 16, 50, 47, 45, 49,
6, 99, 66, 3, 75, 60, 68, 92, 85, 44,
19, 47, 36, 67, 6, 23, 58, 9, 21, 84,
75, 79, 37, 100, 63, 35, 82, 79, 83, 27,
28, 89, 92, 60, 58, 67, 19, 92, 24, 71,
36, 44, 17, 38, 77, 90, 61, 0, 99, 82]
[[545, 40, 160], [1048, 135, 530], [194, 374, 278], [388, 552, 1091], [1069, 763, 915], [829, 587, 774], [774, 16, 633], [538, 679, 607], [733, 124, 1051], [307, 256, 263],
[122, 673, 176], [154, 501, 311], [685, 695, 558], [835, 956, 982], [706, 933, 653], [529, 670, 149], [211, 224, 37], [716, 634, 717], [103, 275, 713], [63, 582, 841],
[198, 704, 423], [374, 731, 924], [558, 196, 400], [988, 1031, 136], [878, 645, 941], [439, 82, 391], [460, 165, 615], [370, 881, 157], [959, 985, 433], [580, 920, 887],
[201, 26, 372], [624, 273, 11], [329, 831, 207], [601, 599, 146], [609, 385, 663], [458, 696, 617], [849, 65, 782], [244, 307, 443], [273, 174, 208], [706, 626, 36],
[374, 827, 1027], [746, 232, 208], [757, 433, 911], [836, 1034, 418], [854, 551, 803], [425, 881, 407], [1042, 638, 344], [732, 754, 523], [1047, 1027, 697], [164, 514, 103],
[200, 888, 931], [7, 414, 71], [215, 79, 504], [998, 787, 318], [324, 549, 741], [999, 974, 530], [187, 796, 1040], [403, 308, 702], [927, 263, 637], [404, 427, 59],
[508, 500, 819], [347, 507, 141], [290, 595, 92], [666, 501, 879], [984, 698, 336], [633, 605, 90], [1035, 664, 886], [983, 1068, 1066], [593, 775, 238], [10, 87, 537],
[1034, 595, 1037], [761, 814, 325], [903, 12, 920], [867, 550, 329], [655, 442, 899], [863, 947, 413], [826, 890, 949], [492, 781, 925], [467, 154, 608], [705, 165, 568],
[150, 107, 1035], [1060, 740, 758], [293, 423, 642], [121, 199, 101], [322, 854, 415], [2, 497, 143], [287, 231, 905], [144, 724, 467], [942, 99, 621], [330, 676, 786],
[898, 698, 765], [842, 666, 414], [380, 831, 837], [894, 824, 1036], [995, 1019, 670], [191, 1021, 1040], [206, 216, 179], [19, 360, 903], [486, 210, 874], [16, 541, 330],
[674, 219, 1029], [220, 933, 475], [634, 221, 215], [251, 24, 1039], [68, 891, 966], [738, 954, 767], [686, 68, 983], [738, 88, 124], [421, 446, 206], [204, 334, 619],
[406, 1009, 839], [343, 9, 680], [819, 643, 774], [906, 766, 798], [853, 834, 469], [600, 353, 332], [275, 911, 272], [39, 557, 232], [35, 851, 679], [241, 927, 1013],
[861, 241, 802], [480, 585, 683], [1032, 184, 234], [714, 1090, 873], [292, 851, 615], [634, 231, 840], [838, 379, 660], [18, 290, 1089], [251, 325, 848], [802, 438, 683],
[595, 79, 925], [178, 559, 290], [861, 372, 474], [968, 1086, 472], [749, 159, 103], [144, 665, 207], [985, 411, 586], [425, 429, 748], [422, 552, 1073], [179, 262, 419],
[734, 730, 499], [439, 908, 930], [729, 677, 210], [1075, 553, 77], [327, 82, 108], [303, 227, 773], [510, 1084, 92], [968, 417, 393], [624, 711, 946], [477, 762, 1080],
[896, 405, 718], [175, 844, 534], [14, 354, 1084], [96, 337, 417], [45, 537, 500], [153, 840, 599], [926, 258, 591], [890, 6, 880], [192, 630, 499], [46, 15, 170],
[34, 783, 447], [753, 831, 71], [67, 717, 297], [59, 813, 507], [477, 859, 1044], [977, 1012, 792], [356, 719, 922], [819, 517, 928], [607, 709, 466], [978, 627, 353],
[1020, 662, 1008], [375, 195, 747], [319, 262, 372], [616, 194, 94], [31, 671, 825], [947, 428, 617], [647, 784, 244], [349, 511, 634], [185, 990, 123], [523, 748, 751]]
[[8, 5, 4, 7], [4, 7, 1, 1], [6, 8, 3, 2], [6, 2, 8, 10], [4, 0, 0, 4], [0, 5, 10, 7], [10, 2, 1, 3], [9, 1, 8, 4], [5, 1, 10, 7], [8, 0, 8, 3],
[8, 10, 3, 1], [10, 1, 0, 3], [1, 0, 5, 10], [5, 5, 6, 2], [5, 5, 5, 3], [4, 2, 6, 9], [1, 5, 3, 10], [5, 1, 0, 0], [0, 2, 1, 8], [3, 10, 9, 2],
[9, 3, 1, 3], [6, 5, 4, 9], [8, 9, 2, 1], [10, 6, 9, 0], [0, 1, 8, 3], [0, 9, 1, 9], [0, 0, 6, 1], [10, 4, 1, 8], [6, 2, 10, 10], [5, 3, 9, 2],
[10, 9, 1, 9], [4, 10, 8, 2], [10, 5, 5, 10], [1, 4, 7, 10], [4, 2, 0, 3], [5, 10, 10, 9], [1, 9, 8, 4], [10, 6, 6, 9], [2, 6, 8, 6], [3, 3, 8, 2],
[8, 0, 0, 8], [2, 7, 7, 6], [9, 6, 8, 1], [5, 7, 10, 5], [3, 8, 9, 2], [1, 3, 0, 4], [7, 6, 10, 10], [7, 6, 2, 5], [4, 2, 0, 7], [7, 7, 0, 5],
[0, 8, 5, 4], [2, 4, 9, 5], [10, 5, 5, 1], [6, 4, 3, 2], [8, 0, 2, 5], [4, 4, 8, 9], [4, 8, 3, 0], [2, 3, 3, 1], [10, 8, 5, 10], [0, 1, 3, 8],
[6, 8, 7, 2], [10, 10, 4, 8], [0, 4, 0, 4], [8, 6, 0, 10], [3, 1, 10, 3], [3, 1, 4, 0], [7, 7, 10, 7], [8, 2, 5, 4], [9, 1, 4, 8], [10, 6, 3, 8],
[0, 1, 10, 6], [7, 0, 4, 8], [10, 1, 10, 2], [2, 1, 2, 10], [9, 2, 4, 6], [2, 7, 8, 0], [7, 10, 7, 6], [4, 8, 3, 2], [10, 2, 6, 6], [0, 10, 2, 9],
[1, 1, 0, 1], [2, 1, 9, 0], [1, 1, 5, 3], [8, 0, 2, 2], [9, 7, 6, 2], [4, 7, 4, 3], [8, 10, 8, 8], [8, 10, 6, 9], [9, 5, 8, 0], [6, 7, 10, 5],
[8, 2, 6, 3], [0, 8, 6, 9], [4, 1, 0, 7], [9, 2, 10, 6], [2, 5, 1, 10], [4, 6, 6, 0], [9, 1, 1, 2], [8, 9, 7, 3], [9, 2, 5, 9], [9, 9, 8, 0],
[8, 6, 7, 4], [9, 5, 8, 9], [10, 10, 8, 2], [3, 1, 2, 1], [2, 1, 1, 9], [10, 8, 10, 8], [8, 4, 5, 4], [0, 2, 5, 9], [8, 10, 2, 4], [4, 0, 2, 4],
[8, 8, 6, 0], [7, 8, 10, 10], [10, 0, 6, 7], [6, 5, 3, 1], [8, 8, 6, 8], [8, 9, 4, 3], [8, 7, 8, 2], [5, 10, 4, 2], [6, 10, 0, 2], [5, 8, 10, 2],
[6, 5, 8, 1], [9, 0, 0, 4], [6, 6, 1, 3], [4, 6, 6, 0], [0, 3, 2, 5], [1, 4, 7, 7], [3, 5, 9, 6], [2, 9, 7, 8], [1, 4, 7, 10], [2, 7, 3, 8],
[3, 3, 9, 5], [7, 4, 5, 5], [6, 5, 10, 7], [9, 4, 1, 10], [9, 8, 4, 9], [4, 0, 6, 6], [2, 2, 3, 4], [9, 5, 10, 10], [8, 8, 3, 2], [10, 6, 7, 5],
[1, 4, 10, 8], [8, 9, 6, 4], [7, 10, 2, 0], [8, 8, 4, 10], [8, 8, 1, 4], [2, 9, 4, 8], [6, 7, 10, 3], [0, 4, 9, 1], [8, 6, 8, 3], [5, 3, 7, 10],
[0, 9, 8, 6], [4, 2, 3, 1], [8, 4, 5, 8], [2, 7, 3, 6], [1, 0, 9, 2], [4, 5, 1, 10], [10, 7, 2, 4], [8, 9, 1, 8], [7, 9, 3, 9], [9, 4, 8, 4],
[8, 2, 1, 8], [8, 4, 1, 7], [4, 0, 9, 6], [3, 9, 5, 2], [5, 7, 4, 3], [3, 5, 0, 10], [2, 2, 6, 0], [4, 3, 5, 2], [4, 4, 8, 1], [7, 10, 8, 9],
[8, 5, 5, 0], [3, 8, 3, 8], [3, 7, 9, 6], [0, 8, 4, 2], [10, 10, 0, 3], [1, 3, 3, 5], [8, 10, 4, 2], [9, 10, 0, 6], [4, 3, 6, 5], [10, 7, 1, 2]]
[1, 1, 1, 1, 1, 0.2, 0.2, 0.2, 0.2, 0.2,
0.2, 0.2, 0.2, 0.2, 0.2, 0.2, 0.2, 0.2, 0.2, 0.2,
0.2, 0.2, 0.2, 0.2, 0.2, 0.2, 0.2, 0.2, 0.2, 0.2,
0.04, 0.04, 0.04, 0.04, 0.04, 0.04, 0.04, 0.04, 0.04, 0.04,
0.04, 0.04, 0.04, 0.04, 0.04, 0.04, 0.04, 0.04, 0.04, 0.04,
0.04, 0.04, 0.04, 0.04, 0.04, 0.008, 0.008, 0.008, 0.008, 0.008,
0.008, 0.008, 0.008, 0.008, 0.008, 0.008, 0.008, 0.008, 0.008, 0.008,
0.008, 0.008, 0.008, 0.008, 0.008, 0.008, 0.008, 0.008, 0.008, 0.008,
0.0016, 0.0016, 0.0016, 0.0016, 0.0016, 0.0016, 0.0016, 0.0016, 0.0016, 0.0016,
0.0016, 0.0016, 0.0016, 0.0016, 0.0016, 0.0016, 0.0016, 0.0016, 0.0016, 0.0016,
0.0016, 0.0016, 0.0016, 0.0016, 0.0016, 0.00032, 0.00032, 0.00032, 0.00032, 0.00032,
0.00032, 0.00032, 0.00032, 0.00032, 0.00032, 0.00032, 0.00032, 0.00032, 0.00032, 0.00032,
0.00032, 0.00032, 0.00032, 0.00032, 0.00032, 0.00032, 0.00032, 0.00032, 0.00032, 0.00032,
6.4e-05, 6.4e-05, 6.4e-05, 6.4e-05, 6.4e-05, 6.4e-05, 6.4e-05, 6.4e-05, 6.4e-05, 6.4e-05,
6.4e-05, 6.4e-05, 6.4e-05, 6.4e-05, 6.4e-05, 6.4e-05, 6.4e-05, 6.4e-05, 6.4e-05, 6.4e-05,
6.4e-05, 6.4e-05, 6.4e-05, 6.4e-05, 6.4e-05, 1.28e-05, 1.28e-05, 1.28e-05, 1.28e-05, 1.28e-05,
1.28e-05, 1.28e-05, 1.28e-05, 1.28e-05, 1.28e-05, 1.28e-05, 1.28e-05, 1.28e-05, 1.28e-05, 1.28e-05,
1.28e-05, 1.28e-05, 1.28e-05, 1.28e-05, 1.28e-05, 1.28e-05, 1.28e-05, 1.28e-05, 1.28e-05, 1.28e-05]
[4, 2, 1, 9, 4, 4, 5, 0, 7, 4,
0, 8, 0, 0, 3, 0, 4, 5, 4, 2,
9, 8, 2, 0, 9, 9, 1, 2, 4, 5,
10, 1, 4, 7, 10, 3, 3, 10, 6, 1,
9, 1, 4, 10, 5, 2, 8, 6, 7, 8,
8, 0, 10, 3, 6, 9, 2, 0, 10, 1,
1, 5, 2, 1, 10, 4, 8, 6, 2, 10,
2, 8, 1, 9, 7, 3, 10, 6, 5, 9,
3, 8, 5, 3, 10, 2, 4, 3, 6, 4,
6, 7, 1, 4, 7, 7, 3, 8, 4, 4,
7, 2, 4, 3, 1, 8, 3, 10, 7, 7,
5, 2, 3, 6, 4, 7, 2, 0, 10, 1,
9, 6, 3, 2, 5, 2, 10, 6, 10, 4,
5, 3, 9, 9, 2, 6, 7, 0, 5, 6,
9, 8, 10, 5, 0, 1, 10, 0, 3, 1,
7, 5, 7, 9, 4, 8, 0, 5, 4, 9,
6, 7, 0, 10, 4, 8, 7, 10, 1, 1,
0, 4, 10, 10, 8, 5, 6, 7, 7, 9]
------------------------------------------------------- 
# stage = 8	# children c = 5	length of each stage p = 5	nodes = 179	# items I = 1
