[23, 8, 76, 14, 60, 41, 57, 9, 63, 93,
12, 63, 80, 17, 62, 98, 14, 6, 87, 8,
31, 98, 66, 24, 89, 18, 35, 89, 44, 3,
77, 68, 11, 19, 48, 72, 60, 4, 47, 89,
63, 59, 51, 9, 76, 79, 6, 57, 86, 94,
65, 83, 91, 31, 6, 45, 49, 7, 100, 94,
11, 77, 27, 22, 62, 75, 60, 88, 45, 6,
76, 8, 31, 93, 17, 74, 72, 90, 30, 23,
83, 61, 72, 40, 92, 44, 51, 7, 52, 51,
67, 29, 94, 94, 51, 55, 34, 78, 8, 79,
50, 50, 53, 82, 8, 36, 55, 46, 26, 51]
[[157, 1685, 1021], [1943, 201, 1318], [792, 1693, 422], [482, 1500, 882], [561, 1533, 1469], [1681, 1846, 1795], [455, 827, 1863], [746, 1905, 1993], [2046, 1997, 116], [502, 1244, 1888],
[359, 1401, 690], [1380, 462, 187], [1995, 1254, 1880], [1713, 1736, 497], [416, 119, 1326], [1885, 1096, 994], [797, 1551, 1821], [481, 1594, 844], [1770, 1461, 662], [1886, 1963, 1906],
[891, 1619, 425], [877, 116, 887], [1065, 2111, 1437], [766, 1645, 994], [560, 2061, 409], [1886, 1063, 802], [2176, 1860, 174], [1115, 162, 1064], [1959, 1228, 1821], [442, 935, 1606],
[1645, 1122, 342], [1366, 2000, 458], [74, 886, 391], [1511, 948, 2036], [1801, 804, 1215], [1507, 512, 99], [130, 1984, 1960], [1779, 920, 1418], [665, 700, 468], [307, 439, 699],
[1209, 2084, 1822], [1551, 1271, 939], [1306, 641, 1825], [1697, 1448, 2069], [850, 366, 695], [2065, 1873, 503], [2165, 2003, 308], [1242, 1604, 525], [481, 1565, 521], [245, 1872, 960],
[945, 199, 161], [2063, 1046, 728], [823, 173, 1369], [1944, 1166, 2113], [1130, 1313, 301], [1825, 1199, 2174], [1624, 481, 1999], [1933, 1723, 720], [1754, 1501, 106], [96, 1042, 1274],
[353, 1283, 769], [514, 1167, 1112], [539, 1286, 1285], [1204, 347, 1748], [1139, 1478, 882], [1440, 1124, 1377], [731, 570, 1859], [2026, 1799, 699], [567, 670, 1496], [2148, 766, 1835],
[1244, 415, 939], [1309, 226, 2107], [242, 765, 510], [824, 1969, 858], [393, 225, 157], [571, 961, 577], [1948, 1693, 443], [924, 1540, 1538], [920, 1404, 29], [1712, 669, 796],
[1368, 1209, 1211], [129, 340, 1437], [1532, 582, 1498], [2042, 1406, 1289], [17, 1095, 810], [174, 962, 1772], [752, 28, 1286], [491, 248, 2122], [2030, 1168, 643], [2059, 702, 1313],
[2151, 1366, 343], [1184, 1495, 2158], [1917, 144, 562], [533, 1483, 1264], [1118, 1500, 1656], [1928, 971, 439], [1521, 1019, 467], [2103, 1510, 716], [2047, 1361, 1180], [1986, 1242, 1178],
[1120, 1214, 366], [760, 1694, 1157], [739, 729, 598], [597, 1262, 2081], [1862, 1676, 698], [635, 1425, 1669], [1074, 768, 509], [838, 2167, 2020], [850, 2035, 498], [1326, 1139, 1036]]
[[3, 1, 8, 8], [8, 8, 8, 9], [8, 2, 10, 10], [4, 7, 8, 7], [9, 6, 9, 10], [4, 2, 10, 8], [3, 0, 6, 4], [5, 4, 7, 6], [4, 2, 2, 1], [8, 8, 10, 5],
[10, 7, 2, 1], [1, 8, 6, 10], [1, 5, 7, 6], [7, 4, 1, 10], [5, 7, 1, 8], [10, 8, 3, 1], [8, 5, 0, 4], [2, 0, 9, 10], [5, 10, 9, 7], [5, 5, 4, 7],
[10, 10, 0, 6], [3, 10, 3, 6], [6, 4, 3, 3], [10, 7, 2, 5], [10, 3, 9, 2], [1, 6, 10, 6], [3, 9, 0, 8], [3, 5, 4, 0], [4, 4, 6, 5], [3, 7, 1, 8],
[9, 4, 9, 8], [9, 10, 2, 9], [2, 10, 9, 3], [5, 8, 7, 8], [6, 8, 5, 7], [2, 8, 7, 4], [10, 0, 7, 1], [7, 6, 7, 5], [9, 5, 0, 7], [4, 1, 3, 4],
[0, 1, 5, 3], [10, 2, 9, 3], [10, 1, 0, 10], [9, 7, 1, 7], [6, 6, 8, 2], [2, 4, 6, 0], [7, 4, 5, 10], [5, 9, 3, 3], [10, 7, 4, 7], [9, 2, 0, 6],
[2, 9, 3, 9], [3, 4, 5, 9], [10, 2, 10, 10], [4, 5, 10, 1], [7, 5, 0, 0], [1, 1, 3, 0], [8, 6, 8, 4], [6, 6, 10, 8], [4, 0, 7, 7], [4, 1, 6, 2],
[2, 3, 10, 6], [8, 8, 5, 2], [0, 3, 2, 1], [5, 6, 10, 0], [10, 7, 5, 5], [0, 2, 1, 4], [3, 8, 10, 5], [7, 3, 5, 7], [6, 5, 1, 1], [2, 6, 3, 2],
[10, 6, 3, 2], [10, 2, 2, 9], [8, 7, 1, 6], [8, 2, 9, 0], [8, 8, 5, 3], [9, 0, 10, 4], [5, 0, 3, 5], [7, 6, 7, 4], [10, 8, 6, 7], [8, 6, 3, 3],
[3, 5, 10, 9], [5, 8, 9, 3], [3, 1, 4, 1], [1, 3, 3, 4], [4, 4, 9, 9], [8, 3, 0, 8], [0, 6, 4, 7], [1, 8, 10, 2], [0, 9, 0, 5], [4, 7, 6, 5],
[9, 10, 4, 10], [1, 5, 2, 3], [9, 0, 1, 7], [2, 10, 4, 0], [5, 6, 7, 4], [1, 7, 5, 1], [3, 5, 5, 6], [0, 0, 9, 9], [9, 3, 6, 10], [8, 8, 2, 7],
[7, 1, 1, 7], [0, 3, 7, 3], [9, 4, 7, 0], [9, 10, 10, 10], [3, 4, 3, 3], [3, 2, 1, 1], [5, 5, 9, 0], [1, 9, 5, 8], [8, 6, 2, 8], [9, 9, 9, 6]]
[1, 1, 1, 1, 1, 0.333333, 0.333333, 0.333333, 0.333333, 0.333333,
0.333333, 0.333333, 0.333333, 0.333333, 0.333333, 0.333333, 0.333333, 0.333333, 0.333333, 0.333333,
0.111111, 0.111111, 0.111111, 0.111111, 0.111111, 0.111111, 0.111111, 0.111111, 0.111111, 0.111111,
0.111111, 0.111111, 0.111111, 0.111111, 0.111111, 0.037037, 0.037037, 0.037037, 0.037037, 0.037037,
0.037037, 0.037037, 0.037037, 0.037037, 0.037037, 0.037037, 0.037037, 0.037037, 0.037037, 0.037037,
0.0123457, 0.0123457, 0.0123457, 0.0123457, 0.0123457, 0.0123457, 0.0123457, 0.0123457, 0.0123457, 0.0123457,
0.0123457, 0.0123457, 0.0123457, 0.0123457, 0.0123457, 0.00411523, 0.00411523, 0.00411523, 0.00411523, 0.00411523,
0.00411523, 0.00411523, 0.00411523, 0.00411523, 0.00411523, 0.00411523, 0.00411523, 0.00411523, 0.00411523, 0.00411523,
0.00137174, 0.00137174, 0.00137174, 0.00137174, 0.00137174, 0.00137174, 0.00137174, 0.00137174, 0.00137174, 0.00137174,
0.00137174, 0.00137174, 0.00137174, 0.00137174, 0.00137174, 0.000457247, 0.000457247, 0.000457247, 0.000457247, 0.000457247,
0.000457247, 0.000457247, 0.000457247, 0.000457247, 0.000457247, 0.000457247, 0.000457247, 0.000457247, 0.000457247, 0.000457247]
[14, 20, 8, 16, 14, 1, 0, 0, 9, 5,
10, 16, 20, 16, 21, 21, 16, 11, 2, 16,
5, 18, 17, 8, 6, 6, 5, 16, 16, 2,
5, 7, 19, 19, 21, 11, 5, 8, 1, 0,
6, 18, 4, 11, 20, 14, 9, 0, 13, 1,
7, 13, 16, 10, 12, 21, 14, 5, 7, 17,
2, 6, 5, 15, 21, 5, 2, 14, 16, 12,
8, 21, 5, 19, 17, 13, 20, 8, 21, 19,
15, 1, 19, 12, 14, 15, 9, 1, 17, 1,
9, 9, 6, 7, 14, 1, 5, 1, 12, 11,
13, 4, 17, 11, 2, 1, 2, 14, 2, 10]
------------------------------------------------------- 
# stage = 8	# children c = 3	length of each stage p = 5	nodes = 109	# items I = 1
