[41, 66, 7, 29, 45, 88, 82, 45, 28, 33,
69, 80, 47, 26, 27, 75, 93, 20, 7, 67,
67, 5, 24, 36, 16, 33, 92, 20, 61, 53,
29, 1, 18, 3, 30, 64, 91, 78, 8, 86,
11, 43, 65, 58, 70, 58, 32, 28, 45, 5,
95, 11, 77, 85, 47, 93, 17, 4, 12, 45,
57, 8, 12, 76, 11, 43, 5, 68, 20, 80,
19, 98, 23, 51, 56, 59, 8, 88, 53, 53]
[[178, 616, 839], [201, 463, 233], [55, 667, 494], [354, 350, 624], [251, 457, 22], [592, 394, 40], [441, 796, 151], [476, 747, 203], [304, 759, 324], [110, 420, 284],
[201, 155, 901], [597, 357, 419], [830, 914, 141], [881, 826, 48], [560, 132, 505], [582, 724, 456], [179, 221, 307], [832, 254, 611], [90, 116, 425], [917, 226, 403],
[256, 427, 558], [212, 581, 472], [188, 467, 442], [831, 403, 323], [879, 521, 12], [439, 158, 736], [452, 840, 12], [316, 727, 769], [928, 818, 885], [408, 347, 166],
[368, 603, 150], [484, 373, 731], [11, 118, 755], [10, 5, 214], [835, 884, 735], [847, 881, 450], [639, 890, 847], [208, 262, 630], [32, 245, 60], [917, 210, 407],
[640, 579, 567], [790, 620, 940], [134, 631, 616], [889, 199, 621], [158, 89, 117], [450, 494, 555], [458, 690, 501], [360, 898, 763], [45, 488, 63], [607, 460, 273],
[571, 156, 409], [194, 503, 84], [691, 637, 273], [362, 582, 29], [540, 297, 118], [658, 748, 169], [268, 763, 859], [326, 178, 813], [144, 726, 858], [709, 388, 373],
[540, 15, 86], [4, 711, 147], [591, 14, 784], [421, 377, 923], [450, 917, 276], [125, 187, 581], [295, 13, 901], [209, 339, 134], [579, 41, 860], [492, 750, 806],
[423, 847, 378], [66, 852, 646], [213, 55, 660], [555, 476, 92], [90, 926, 567], [868, 106, 754], [61, 401, 767], [17, 168, 664], [152, 304, 705], [569, 354, 67]]
[[4, 6, 5, 0], [3, 8, 3, 4], [6, 2, 9, 0], [10, 0, 8, 9], [8, 3, 2, 0], [1, 10, 10, 8], [1, 4, 5, 8], [5, 4, 6, 9], [8, 10, 9, 1], [7, 10, 5, 0],
[0, 3, 1, 10], [1, 7, 7, 10], [9, 7, 10, 8], [6, 9, 5, 6], [1, 10, 3, 6], [1, 7, 2, 10], [6, 9, 0, 1], [7, 5, 10, 7], [6, 0, 4, 5], [6, 0, 4, 4],
[5, 1, 1, 1], [0, 4, 5, 10], [1, 6, 3, 2], [2, 3, 1, 7], [1, 1, 8, 8], [4, 5, 2, 8], [4, 7, 3, 10], [5, 5, 1, 0], [7, 2, 10, 5], [4, 4, 4, 5],
[8, 7, 7, 10], [10, 7, 6, 9], [6, 1, 5, 9], [7, 7, 6, 0], [1, 7, 8, 7], [2, 9, 5, 9], [9, 4, 1, 0], [6, 5, 5, 3], [10, 10, 0, 7], [6, 5, 3, 0],
[6, 8, 9, 0], [3, 4, 9, 4], [10, 6, 0, 10], [2, 3, 6, 9], [7, 7, 9, 0], [10, 3, 1, 9], [1, 2, 3, 5], [7, 6, 5, 0], [4, 3, 1, 7], [6, 10, 9, 5],
[4, 8, 4, 6], [0, 10, 3, 6], [4, 1, 6, 3], [3, 8, 1, 4], [8, 2, 9, 4], [8, 4, 2, 10], [5, 3, 4, 0], [1, 3, 3, 3], [0, 5, 7, 0], [2, 10, 6, 6],
[1, 0, 9, 4], [6, 8, 6, 3], [10, 2, 5, 6], [6, 7, 5, 10], [0, 10, 10, 10], [2, 1, 2, 0], [6, 7, 9, 9], [7, 3, 4, 6], [3, 1, 10, 9], [7, 3, 10, 7],
[5, 4, 0, 10], [0, 5, 9, 9], [2, 6, 8, 2], [7, 8, 2, 3], [5, 1, 1, 10], [4, 3, 5, 5], [4, 2, 1, 1], [5, 0, 6, 8], [4, 6, 7, 4], [9, 3, 3, 1]]
[1, 1, 1, 1, 1, 0.333333, 0.333333, 0.333333, 0.333333, 0.333333,
0.333333, 0.333333, 0.333333, 0.333333, 0.333333, 0.333333, 0.333333, 0.333333, 0.333333, 0.333333,
0.111111, 0.111111, 0.111111, 0.111111, 0.111111, 0.111111, 0.111111, 0.111111, 0.111111, 0.111111,
0.111111, 0.111111, 0.111111, 0.111111, 0.111111, 0.037037, 0.037037, 0.037037, 0.037037, 0.037037,
0.037037, 0.037037, 0.037037, 0.037037, 0.037037, 0.037037, 0.037037, 0.037037, 0.037037, 0.037037,
0.0123457, 0.0123457, 0.0123457, 0.0123457, 0.0123457, 0.0123457, 0.0123457, 0.0123457, 0.0123457, 0.0123457,
0.0123457, 0.0123457, 0.0123457, 0.0123457, 0.0123457, 0.00411523, 0.00411523, 0.00411523, 0.00411523, 0.00411523,
0.00411523, 0.00411523, 0.00411523, 0.00411523, 0.00411523, 0.00411523, 0.00411523, 0.00411523, 0.00411523, 0.00411523]
[7, 0, 9, 6, 2, 0, 6, 3, 4, 8,
2, 3, 0, 3, 1, 7, 1, 3, 8, 1,
0, 0, 6, 2, 6, 2, 7, 9, 5, 8,
5, 1, 9, 8, 3, 9, 2, 5, 7, 3,
9, 6, 3, 7, 9, 8, 5, 1, 3, 1,
1, 3, 3, 6, 7, 6, 7, 6, 7, 4,
0, 4, 4, 9, 9, 8, 4, 9, 2, 1,
7, 9, 2, 8, 0, 0, 6, 0, 4, 2]
------------------------------------------------------- 
# stage = 6	# children c = 3	length of each stage p = 5	nodes = 79	# items I = 1
