[52, 76, 36, 35, 85, 5, 61, 86, 74, 22,
9, 94, 66, 88, 28, 81, 34, 41, 22, 43]
[[504, 408, 352], [405, 683, 490], [701, 23, 86], [487, 380, 417], [587, 367, 150], [358, 693, 326], [433, 106, 133], [264, 1, 368], [617, 638, 601], [491, 534, 459],
[478, 247, 76], [40, 531, 760], [409, 321, 662], [374, 17, 131], [670, 604, 498], [30, 51, 400], [235, 484, 386], [369, 749, 387], [737, 575, 234], [547, 154, 768]]
[[3, 10, 6, 0], [5, 10, 3, 10], [2, 6, 10, 6], [6, 6, 2, 7], [0, 4, 4, 5], [2, 4, 0, 6], [2, 10, 7, 5], [2, 7, 10, 5], [6, 4, 4, 9], [3, 7, 7, 4],
[0, 6, 8, 6], [10, 9, 3, 8], [2, 5, 2, 2], [9, 2, 8, 0], [2, 4, 4, 4], [9, 1, 7, 2], [5, 0, 1, 7], [6, 8, 9, 4], [1, 6, 0, 1], [4, 3, 7, 5]]
[1, 1, 0.333333, 0.333333, 0.333333, 0.333333, 0.333333, 0.333333, 0.111111, 0.111111,
0.111111, 0.111111, 0.111111, 0.111111, 0.037037, 0.037037, 0.037037, 0.037037, 0.037037, 0.037037]
[5, 2, 0, 4, 7, 7, 5, 2, 1, 4,
4, 0, 4, 0, 1, 0, 4, 6, 1, 2]
------------------------------------------------------- 
# stage = 4	# children c = 3	length of each stage p = 2	nodes = 19	# items I = 1
