[56, 98, 66, 10, 15, 72, 89, 74, 14, 10,
65, 12, 29, 31, 58, 53, 31, 24, 58, 44,
93, 0, 5, 62, 27, 92, 63, 1, 36, 19,
30, 92, 17, 97, 68, 99, 68, 56, 72, 49,
67, 2, 61, 96, 100, 85, 49, 30, 8, 73,
74, 0, 40, 45, 28, 33, 3, 91, 34, 39,
10, 65, 97, 27, 61, 64, 25, 95, 87, 63,
43, 53, 31, 3, 14, 31, 89, 29, 61, 63,
2, 1, 64, 8, 12, 58, 41, 15, 49, 76,
20, 59, 6, 83, 52, 67, 13, 43, 27, 100,
5, 71]
[[702, 143, 442], [308, 1033, 662], [434, 234, 1040], [183, 1042, 731], [823, 763, 339], [998, 1041, 1002], [377, 933, 959], [840, 387, 793], [457, 327, 942], [570, 75, 663],
[52, 73, 807], [834, 381, 92], [792, 816, 326], [85, 999, 664], [816, 74, 723], [451, 28, 720], [749, 745, 609], [664, 542, 292], [413, 295, 620], [312, 865, 1035],
[975, 214, 65], [34, 4, 446], [466, 93, 558], [88, 178, 853], [752, 290, 927], [771, 741, 251], [447, 446, 997], [352, 66, 835], [985, 820, 86], [901, 428, 951],
[892, 699, 121], [253, 30, 466], [1040, 496, 559], [894, 585, 33], [704, 633, 323], [927, 361, 20], [135, 104, 466], [428, 457, 872], [219, 398, 648], [305, 255, 372],
[212, 443, 28], [674, 1037, 58], [96, 1033, 554], [995, 179, 435], [324, 883, 365], [647, 767, 22], [1007, 198, 126], [769, 626, 583], [597, 845, 277], [542, 106, 532],
[914, 318, 272], [942, 992, 265], [296, 384, 594], [147, 675, 773], [582, 999, 613], [243, 602, 676], [265, 905, 874], [392, 630, 456], [271, 524, 257], [549, 22, 703],
[377, 232, 317], [649, 131, 266], [210, 427, 990], [804, 574, 622], [874, 453, 577], [783, 1036, 476], [415, 258, 337], [585, 990, 264], [337, 217, 788], [594, 766, 106],
[593, 100, 338], [910, 45, 809], [472, 256, 533], [419, 356, 403], [337, 526, 856], [210, 265, 145], [686, 1020, 403], [320, 561, 349], [924, 194, 566], [668, 788, 629],
[70, 677, 729], [408, 544, 70], [174, 1016, 666], [3, 731, 1023], [406, 24, 845], [559, 235, 67], [704, 217, 383], [63, 537, 241], [752, 417, 435], [614, 381, 520],
[199, 451, 153], [224, 156, 697], [295, 670, 670], [961, 673, 697], [236, 35, 722], [378, 934, 253], [445, 594, 470], [828, 997, 304], [365, 705, 17], [801, 616, 399],
[277, 815, 146], [430, 1040, 642]]
[[6, 0, 10, 2], [4, 6, 4, 8], [9, 3, 7, 8], [9, 7, 0, 4], [1, 4, 10, 3], [2, 4, 6, 10], [1, 3, 0, 0], [4, 3, 1, 10], [2, 9, 10, 6], [5, 3, 3, 1],
[4, 8, 9, 2], [3, 7, 5, 4], [10, 4, 5, 1], [7, 0, 10, 6], [3, 8, 6, 5], [1, 5, 4, 1], [4, 4, 7, 9], [7, 9, 8, 1], [4, 6, 1, 7], [0, 6, 0, 10],
[9, 6, 10, 5], [4, 9, 0, 8], [6, 5, 2, 5], [8, 5, 6, 1], [7, 1, 8, 3], [10, 5, 2, 1], [9, 4, 9, 10], [8, 7, 9, 6], [2, 8, 0, 7], [4, 10, 2, 9],
[2, 2, 3, 10], [5, 8, 1, 1], [7, 9, 3, 6], [2, 5, 5, 0], [7, 3, 10, 5], [0, 7, 0, 0], [2, 10, 5, 7], [7, 5, 5, 9], [6, 6, 8, 0], [1, 9, 2, 8],
[6, 3, 1, 8], [6, 7, 6, 3], [10, 6, 6, 8], [0, 4, 9, 2], [1, 1, 9, 8], [7, 1, 6, 2], [6, 2, 0, 7], [9, 0, 5, 4], [3, 4, 10, 10], [0, 4, 0, 9],
[8, 6, 6, 8], [8, 2, 10, 10], [2, 7, 7, 9], [8, 1, 9, 1], [3, 9, 9, 1], [10, 1, 4, 0], [3, 1, 10, 4], [5, 10, 0, 2], [3, 4, 10, 10], [7, 8, 9, 9],
[4, 3, 5, 10], [4, 3, 1, 5], [10, 8, 5, 7], [7, 9, 8, 10], [8, 5, 1, 1], [3, 1, 3, 4], [6, 1, 3, 0], [9, 1, 7, 0], [5, 10, 8, 7], [2, 9, 0, 10],
[4, 5, 7, 9], [1, 4, 7, 7], [7, 6, 8, 10], [6, 1, 4, 10], [0, 7, 8, 7], [7, 4, 5, 10], [3, 2, 4, 3], [10, 4, 2, 3], [7, 7, 0, 6], [9, 7, 3, 6],
[2, 0, 5, 6], [10, 7, 5, 10], [4, 2, 4, 0], [4, 9, 8, 7], [1, 1, 8, 0], [6, 0, 1, 0], [5, 1, 7, 4], [6, 10, 10, 7], [10, 2, 2, 8], [10, 8, 5, 1],
[8, 10, 10, 2], [6, 7, 7, 5], [8, 5, 5, 1], [3, 5, 2, 8], [6, 9, 1, 0], [8, 9, 7, 5], [1, 7, 2, 0], [2, 8, 10, 0], [5, 9, 0, 0], [5, 7, 6, 0],
[10, 9, 2, 2], [3, 4, 9, 8]]
[1, 1, 1, 0.333333, 0.333333, 0.333333, 0.333333, 0.333333, 0.333333, 0.333333,
0.333333, 0.333333, 0.111111, 0.111111, 0.111111, 0.111111, 0.111111, 0.111111, 0.111111, 0.111111,
0.111111, 0.037037, 0.037037, 0.037037, 0.037037, 0.037037, 0.037037, 0.037037, 0.037037, 0.037037,
0.0123457, 0.0123457, 0.0123457, 0.0123457, 0.0123457, 0.0123457, 0.0123457, 0.0123457, 0.0123457, 0.00411523,
0.00411523, 0.00411523, 0.00411523, 0.00411523, 0.00411523, 0.00411523, 0.00411523, 0.00411523, 0.00137174, 0.00137174,
0.00137174, 0.00137174, 0.00137174, 0.00137174, 0.00137174, 0.00137174, 0.00137174, 0.000457247, 0.000457247, 0.000457247,
0.000457247, 0.000457247, 0.000457247, 0.000457247, 0.000457247, 0.000457247, 0.000152416, 0.000152416, 0.000152416, 0.000152416,
0.000152416, 0.000152416, 0.000152416, 0.000152416, 0.000152416, 5.08053e-05, 5.08053e-05, 5.08053e-05, 5.08053e-05, 5.08053e-05,
5.08053e-05, 5.08053e-05, 5.08053e-05, 5.08053e-05, 1.69351e-05, 1.69351e-05, 1.69351e-05, 1.69351e-05, 1.69351e-05, 1.69351e-05,
1.69351e-05, 1.69351e-05, 1.69351e-05, 5.64503e-06, 5.64503e-06, 5.64503e-06, 5.64503e-06, 5.64503e-06, 5.64503e-06, 5.64503e-06,
5.64503e-06, 5.64503e-06]
[7, 4, 4, 5, 7, 7, 6, 8, 1, 1,
4, 10, 7, 0, 1, 7, 1, 4, 8, 8,
0, 3, 2, 7, 7, 7, 8, 7, 1, 3,
10, 7, 5, 4, 7, 0, 4, 0, 10, 8,
3, 1, 7, 3, 2, 8, 1, 0, 0, 4,
1, 10, 4, 8, 5, 8, 8, 6, 4, 10,
2, 6, 8, 6, 6, 3, 1, 9, 0, 9,
10, 0, 3, 7, 1, 1, 10, 5, 0, 2,
8, 10, 6, 3, 2, 9, 5, 7, 9, 3,
6, 3, 1, 10, 3, 2, 3, 7, 6, 0,
9, 8]
------------------------------------------------------- 
# stage = 12	# children c = 3	length of each stage p = 3	nodes = 101	# items I = 1
