[52, 37, 51, 94, 10, 4, 51, 58, 91, 43,
89, 50, 72, 38, 26, 36, 27, 90, 85, 81]
[[1754, 1797, 384], [821, 1564, 581], [436, 283, 1815], [1550, 680, 201], [652, 666, 1034], [1221, 911, 1802], [1178, 302, 652], [585, 1561, 1366], [1889, 315, 9], [1409, 1884, 841],
[638, 1249, 658], [615, 89, 1814], [1196, 118, 1689], [1030, 1668, 389], [824, 1912, 647], [1450, 1153, 1559], [1271, 1923, 1453], [1923, 527, 625], [900, 27, 940], [910, 1437, 435]]
[[9, 8, 3, 2], [8, 4, 6, 2], [2, 4, 7, 3], [1, 5, 0, 7], [6, 9, 6, 5], [2, 6, 2, 0], [2, 3, 6, 8], [0, 1, 7, 7], [7, 0, 10, 5], [4, 3, 7, 4],
[5, 3, 7, 5], [8, 7, 1, 1], [4, 5, 6, 4], [0, 7, 4, 1], [10, 10, 9, 8], [10, 3, 5, 6], [1, 2, 9, 3], [3, 5, 8, 9], [7, 2, 3, 4], [10, 2, 4, 1]]
[1, 1, 0.333333, 0.333333, 0.333333, 0.333333, 0.333333, 0.333333, 0.111111, 0.111111,
0.111111, 0.111111, 0.111111, 0.111111, 0.037037, 0.037037, 0.037037, 0.037037, 0.037037, 0.037037]
[16, 13, 7, 8, 5, 18, 3, 19, 1, 2,
3, 12, 12, 1, 14, 3, 11, 2, 11, 14]
------------------------------------------------------- 
# stage = 4	# children c = 3	length of each stage p = 2	nodes = 19	# items I = 1
