[8, 58, 84, 65, 68, 52, 36, 94, 58, 61,
12, 61, 96, 44, 11, 77, 80, 32, 29, 60,
82, 24, 16, 83, 39, 71, 56, 36, 95, 78,
77, 3, 35, 60, 68, 2, 12, 70, 62, 70,
30, 41, 97, 92, 85, 75, 34, 65, 6, 64,
91, 54, 54, 73, 37, 59, 44, 93, 96, 38,
36, 72, 7, 71, 98, 41, 39, 76, 10, 67,
12, 6]
[[682, 298, 653], [294, 350, 549], [858, 959, 204], [295, 354, 276], [102, 579, 913], [562, 338, 232], [703, 673, 568], [177, 830, 621], [213, 883, 652], [808, 57, 43],
[551, 755, 357], [178, 23, 708], [744, 881, 657], [964, 167, 2], [214, 269, 581], [117, 848, 935], [366, 541, 598], [934, 734, 402], [529, 947, 260], [171, 746, 333],
[214, 271, 62], [571, 449, 85], [269, 183, 982], [927, 122, 123], [945, 352, 393], [516, 470, 231], [425, 836, 772], [1023, 744, 480], [415, 263, 417], [675, 434, 137],
[1024, 664, 424], [60, 225, 890], [145, 495, 47], [102, 412, 185], [241, 331, 538], [650, 863, 1024], [881, 262, 834], [643, 275, 568], [113, 690, 831], [547, 356, 255],
[700, 354, 935], [99, 415, 134], [989, 576, 645], [26, 694, 31], [228, 952, 378], [766, 576, 215], [764, 432, 493], [588, 65, 784], [130, 195, 465], [977, 742, 821],
[222, 416, 165], [131, 531, 596], [265, 510, 163], [911, 537, 873], [958, 765, 799], [327, 521, 350], [542, 275, 798], [26, 863, 863], [826, 1009, 48], [265, 976, 790],
[76, 172, 181], [258, 303, 728], [854, 584, 213], [7, 485, 750], [881, 418, 505], [654, 745, 16], [1020, 277, 291], [792, 319, 144], [646, 120, 127], [694, 401, 77],
[475, 478, 249], [672, 736, 568]]
[[1, 2, 5, 7], [8, 5, 8, 4], [7, 5, 2, 10], [4, 10, 5, 0], [9, 5, 8, 2], [1, 7, 3, 0], [9, 6, 10, 4], [9, 4, 10, 10], [4, 5, 4, 0], [8, 1, 4, 2],
[7, 4, 1, 9], [4, 4, 9, 2], [7, 4, 5, 8], [0, 6, 7, 8], [2, 6, 1, 9], [10, 0, 8, 3], [3, 2, 1, 0], [1, 5, 2, 8], [8, 2, 6, 1], [4, 2, 1, 1],
[7, 4, 9, 7], [0, 5, 4, 0], [9, 5, 9, 8], [4, 6, 10, 7], [6, 0, 6, 8], [4, 6, 3, 10], [8, 8, 0, 0], [10, 10, 10, 6], [4, 8, 1, 2], [1, 3, 2, 8],
[7, 0, 6, 0], [4, 3, 5, 9], [1, 0, 4, 3], [7, 5, 2, 2], [2, 0, 0, 0], [0, 10, 4, 2], [8, 5, 4, 7], [7, 4, 4, 3], [2, 8, 3, 6], [9, 8, 2, 9],
[7, 6, 10, 3], [1, 2, 3, 1], [0, 4, 10, 9], [3, 4, 0, 9], [7, 2, 3, 3], [6, 6, 6, 8], [1, 7, 2, 0], [3, 4, 7, 10], [9, 6, 0, 10], [6, 1, 9, 7],
[5, 9, 5, 9], [2, 4, 5, 7], [6, 9, 0, 0], [4, 4, 6, 3], [10, 8, 1, 0], [0, 8, 10, 7], [2, 8, 4, 8], [9, 2, 4, 2], [0, 10, 0, 0], [3, 3, 6, 7],
[10, 4, 7, 1], [8, 3, 5, 5], [9, 6, 5, 7], [2, 2, 3, 4], [8, 7, 1, 7], [8, 6, 9, 6], [3, 7, 5, 4], [8, 0, 0, 8], [4, 6, 9, 10], [9, 3, 5, 5],
[10, 8, 0, 1], [0, 3, 5, 8]]
[1, 1, 0.2, 0.2, 0.2, 0.2, 0.2, 0.2, 0.2, 0.2,
0.2, 0.2, 0.04, 0.04, 0.04, 0.04, 0.04, 0.04, 0.04, 0.04,
0.04, 0.04, 0.008, 0.008, 0.008, 0.008, 0.008, 0.008, 0.008, 0.008,
0.008, 0.008, 0.0016, 0.0016, 0.0016, 0.0016, 0.0016, 0.0016, 0.0016, 0.0016,
0.0016, 0.0016, 0.00032, 0.00032, 0.00032, 0.00032, 0.00032, 0.00032, 0.00032, 0.00032,
0.00032, 0.00032, 6.4e-05, 6.4e-05, 6.4e-05, 6.4e-05, 6.4e-05, 6.4e-05, 6.4e-05, 6.4e-05,
6.4e-05, 6.4e-05, 1.28e-05, 1.28e-05, 1.28e-05, 1.28e-05, 1.28e-05, 1.28e-05, 1.28e-05, 1.28e-05,
1.28e-05, 1.28e-05]
[8, 4, 0, 1, 2, 2, 3, 6, 4, 9,
1, 8, 1, 4, 4, 3, 5, 6, 10, 2,
9, 6, 7, 10, 4, 2, 3, 6, 10, 10,
3, 2, 9, 9, 2, 6, 2, 9, 0, 6,
3, 8, 5, 9, 9, 6, 10, 8, 3, 3,
5, 2, 8, 0, 4, 10, 1, 1, 6, 6,
5, 1, 6, 10, 1, 0, 8, 7, 7, 0,
2, 6]
------------------------------------------------------- 
# stage = 8	# children c = 5	length of each stage p = 2	nodes = 71	# items I = 1
