[57, 3, 66, 7, 39, 87, 18, 16, 0, 86,
12, 70, 9, 9, 74, 78, 65, 96, 99, 64,
73, 75, 43, 45, 30, 64, 84, 96, 70, 33,
6, 93, 3, 38, 66, 8, 25, 84, 24, 92,
36, 3, 62, 45, 12, 1]
[[1367, 220, 91], [1789, 1764, 1609], [10, 415, 52], [1605, 692, 387], [1847, 888, 237], [1470, 756, 1696], [1483, 1626, 1180], [1843, 836, 1360], [486, 725, 1410], [451, 619, 783],
[1259, 133, 1674], [169, 740, 403], [1778, 750, 818], [1830, 502, 1510], [1035, 497, 545], [90, 785, 1302], [1786, 415, 1746], [1114, 1077, 1400], [1292, 1563, 272], [1520, 161, 892],
[450, 239, 1696], [942, 408, 584], [1345, 1004, 1334], [311, 1653, 655], [639, 835, 1823], [1185, 926, 755], [1305, 1530, 1170], [16, 1462, 394], [1416, 902, 775], [1689, 569, 1608],
[1399, 1691, 1847], [60, 780, 1073], [1315, 944, 224], [797, 73, 24], [270, 712, 1531], [240, 715, 1275], [995, 838, 952], [983, 854, 562], [196, 418, 282], [971, 925, 851],
[1397, 1142, 1360], [1391, 1202, 959], [1282, 665, 50], [325, 280, 123], [1020, 550, 835], [698, 790, 369]]
[[0, 7, 2, 0], [1, 1, 1, 7], [4, 1, 10, 1], [7, 7, 2, 7], [8, 10, 10, 6], [6, 6, 0, 8], [6, 0, 3, 1], [7, 1, 5, 6], [9, 5, 6, 8], [7, 7, 2, 0],
[6, 10, 10, 0], [6, 10, 6, 1], [10, 5, 8, 3], [0, 8, 0, 4], [6, 2, 4, 0], [1, 9, 6, 10], [4, 2, 5, 0], [9, 5, 9, 3], [4, 8, 3, 0], [7, 9, 1, 4],
[1, 7, 7, 1], [2, 8, 4, 8], [8, 8, 9, 9], [6, 2, 7, 8], [4, 1, 6, 1], [7, 4, 4, 9], [10, 7, 9, 5], [4, 9, 9, 5], [3, 6, 5, 6], [1, 9, 3, 7],
[4, 10, 5, 10], [2, 1, 6, 4], [1, 1, 5, 6], [6, 9, 4, 3], [4, 1, 8, 8], [10, 7, 2, 2], [0, 7, 6, 10], [3, 10, 6, 7], [7, 0, 5, 7], [0, 0, 1, 1],
[1, 6, 5, 7], [3, 9, 9, 7], [8, 6, 2, 7], [2, 2, 8, 0], [8, 3, 10, 0], [0, 5, 8, 6]]
[1, 1, 0.5, 0.5, 0.5, 0.5, 0.25, 0.25, 0.25, 0.25,
0.125, 0.125, 0.125, 0.125, 0.0625, 0.0625, 0.0625, 0.0625, 0.03125, 0.03125,
0.03125, 0.03125, 0.015625, 0.015625, 0.015625, 0.015625, 0.0078125, 0.0078125, 0.0078125, 0.0078125,
0.00390625, 0.00390625, 0.00390625, 0.00390625, 0.00195312, 0.00195312, 0.00195312, 0.00195312, 0.000976562, 0.000976562,
0.000976562, 0.000976562, 0.000488281, 0.000488281, 0.000488281, 0.000488281]
[2, 0, 6, 9, 4, 8, 1, 7, 2, 2,
5, 8, 0, 8, 8, 1, 7, 0, 4, 9,
1, 8, 2, 0, 8, 1, 0, 9, 9, 1,
0, 2, 5, 4, 3, 9, 4, 8, 7, 3,
4, 1, 7, 0, 3, 8]
------------------------------------------------------- 
# stage = 12	# children c = 2	length of each stage p = 2	nodes = 45	# items I = 1
