[91, 43, 37, 15, 50, 80, 13, 43, 17, 97,
62, 18, 13, 5, 39, 17, 68, 34, 56, 43,
24, 55, 67, 97, 32, 0, 100, 30, 49, 10,
52, 5, 19, 55, 88, 70, 34, 0, 79, 17,
63, 7, 2, 42, 79, 7, 25, 12, 41, 81,
56, 31, 1, 89, 94, 33, 55, 93, 30, 3,
70, 82, 76, 89, 2, 63, 24, 2]
[[297, 106, 577], [106, 130, 796], [283, 111, 429], [106, 875, 481], [277, 952, 934], [211, 731, 553], [316, 886, 111], [241, 692, 670], [736, 75, 230], [481, 808, 913],
[70, 146, 60], [648, 509, 448], [485, 792, 559], [915, 196, 475], [694, 731, 468], [669, 942, 497], [263, 299, 424], [631, 797, 158], [342, 831, 233], [573, 354, 339],
[784, 681, 486], [143, 370, 36], [591, 154, 127], [191, 110, 323], [923, 102, 95], [689, 771, 335], [227, 75, 891], [909, 706, 730], [365, 346, 859], [598, 217, 511],
[236, 43, 234], [722, 186, 604], [56, 75, 758], [440, 523, 166], [62, 744, 268], [414, 474, 337], [750, 958, 669], [682, 908, 673], [453, 314, 61], [611, 211, 278],
[163, 447, 578], [397, 467, 62], [43, 780, 394], [99, 519, 917], [266, 581, 702], [791, 36, 474], [170, 786, 731], [839, 767, 937], [554, 518, 293], [872, 170, 761],
[448, 334, 506], [68, 731, 271], [387, 72, 92], [782, 172, 611], [740, 695, 490], [741, 527, 527], [513, 954, 611], [285, 835, 676], [264, 687, 236], [814, 600, 406],
[616, 89, 740], [420, 414, 770], [691, 802, 842], [81, 625, 55], [693, 663, 750], [224, 445, 576], [49, 257, 571], [918, 542, 704]]
[[0, 2, 4, 4], [8, 1, 7, 8], [4, 7, 10, 3], [8, 7, 6, 0], [9, 0, 7, 1], [9, 4, 4, 2], [4, 1, 5, 9], [2, 10, 10, 2], [1, 1, 4, 9], [3, 0, 4, 7],
[5, 1, 9, 0], [8, 4, 9, 4], [2, 5, 6, 0], [7, 8, 0, 0], [7, 4, 7, 9], [3, 4, 0, 4], [6, 4, 0, 7], [2, 4, 1, 5], [6, 10, 5, 1], [1, 3, 4, 2],
[7, 8, 2, 3], [5, 1, 4, 1], [5, 9, 8, 6], [3, 6, 8, 7], [8, 8, 1, 10], [1, 2, 2, 5], [0, 5, 5, 10], [8, 9, 1, 4], [6, 2, 6, 9], [3, 10, 8, 6],
[6, 5, 1, 9], [0, 9, 3, 8], [4, 4, 5, 5], [5, 5, 9, 3], [10, 3, 2, 5], [10, 4, 10, 5], [4, 5, 3, 7], [2, 0, 0, 6], [3, 10, 3, 1], [8, 6, 9, 1],
[9, 1, 4, 1], [4, 0, 4, 3], [1, 4, 8, 0], [8, 5, 3, 1], [8, 6, 6, 8], [4, 4, 4, 5], [3, 7, 6, 9], [0, 2, 8, 7], [3, 0, 8, 7], [0, 10, 8, 2],
[4, 6, 0, 10], [0, 4, 10, 7], [8, 3, 4, 0], [8, 8, 5, 0], [2, 1, 10, 1], [3, 7, 8, 5], [7, 4, 10, 6], [1, 8, 6, 5], [3, 6, 3, 1], [8, 2, 8, 4],
[5, 2, 4, 0], [8, 7, 1, 9], [8, 9, 10, 10], [3, 5, 4, 0], [7, 3, 4, 9], [9, 10, 1, 10], [3, 4, 1, 1], [6, 7, 5, 10]]
[1, 1, 0.333333, 0.333333, 0.333333, 0.333333, 0.333333, 0.333333, 0.111111, 0.111111,
0.111111, 0.111111, 0.111111, 0.111111, 0.037037, 0.037037, 0.037037, 0.037037, 0.037037, 0.037037,
0.0123457, 0.0123457, 0.0123457, 0.0123457, 0.0123457, 0.0123457, 0.00411523, 0.00411523, 0.00411523, 0.00411523,
0.00411523, 0.00411523, 0.00137174, 0.00137174, 0.00137174, 0.00137174, 0.00137174, 0.00137174, 0.000457247, 0.000457247,
0.000457247, 0.000457247, 0.000457247, 0.000457247, 0.000152416, 0.000152416, 0.000152416, 0.000152416, 0.000152416, 0.000152416,
5.08053e-05, 5.08053e-05, 5.08053e-05, 5.08053e-05, 5.08053e-05, 5.08053e-05, 1.69351e-05, 1.69351e-05, 1.69351e-05, 1.69351e-05,
1.69351e-05, 1.69351e-05, 5.64503e-06, 5.64503e-06, 5.64503e-06, 5.64503e-06, 5.64503e-06, 5.64503e-06]
[12, 14, 10, 6, 7, 19, 9, 5, 1, 14,
11, 19, 3, 18, 2, 4, 17, 16, 16, 5,
8, 8, 13, 4, 16, 13, 5, 11, 12, 17,
1, 5, 12, 10, 7, 4, 0, 17, 1, 11,
4, 9, 2, 1, 14, 13, 11, 18, 3, 8,
16, 18, 0, 5, 8, 11, 5, 13, 12, 14,
16, 14, 1, 16, 5, 14, 1, 1]
------------------------------------------------------- 
# stage = 12	# children c = 3	length of each stage p = 2	nodes = 67	# items I = 1
