[10, 60, 47, 17, 5, 99, 53, 83, 29, 7,
58, 23, 76, 37, 78, 38, 44, 59, 19, 52,
77, 91, 17, 33, 61, 23, 79, 0, 5, 58,
14, 15, 84, 27, 99, 55, 93, 18, 37, 88,
25, 95, 11, 0, 98, 55, 38, 42, 13, 23,
60, 90]
[[916, 932, 431], [166, 422, 881], [791, 49, 942], [653, 863, 954], [639, 771, 922], [510, 553, 966], [704, 863, 871], [386, 616, 347], [672, 6, 265], [676, 807, 767],
[392, 783, 696], [823, 949, 114], [764, 736, 227], [703, 449, 86], [717, 84, 922], [635, 595, 471], [661, 359, 394], [528, 809, 71], [939, 477, 77], [201, 213, 948],
[28, 605, 727], [724, 489, 673], [902, 249, 469], [189, 12, 919], [276, 729, 63], [258, 425, 658], [729, 146, 78], [184, 739, 951], [255, 674, 489], [396, 939, 702],
[341, 968, 304], [128, 752, 793], [865, 651, 102], [331, 840, 115], [310, 176, 908], [373, 434, 329], [92, 224, 476], [234, 408, 211], [181, 727, 949], [670, 119, 949],
[369, 524, 913], [737, 653, 725], [590, 514, 436], [692, 909, 273], [871, 279, 513], [776, 653, 8], [165, 809, 232], [641, 39, 704], [916, 220, 427], [926, 955, 610],
[871, 320, 131], [844, 117, 848]]
[[9, 6, 9, 4], [7, 7, 5, 1], [10, 10, 3, 6], [8, 7, 3, 2], [7, 0, 2, 9], [9, 2, 9, 8], [3, 3, 5, 0], [2, 4, 9, 9], [8, 6, 1, 4], [2, 6, 6, 0],
[3, 7, 6, 1], [3, 8, 1, 0], [8, 1, 7, 6], [3, 4, 2, 5], [7, 7, 3, 8], [0, 10, 4, 9], [5, 5, 0, 6], [1, 4, 6, 4], [0, 10, 3, 2], [7, 5, 0, 3],
[6, 7, 7, 8], [0, 9, 2, 6], [4, 3, 3, 4], [2, 5, 0, 6], [0, 1, 10, 10], [5, 3, 1, 4], [2, 5, 6, 8], [10, 6, 9, 3], [2, 5, 0, 3], [2, 0, 9, 6],
[3, 10, 8, 4], [4, 7, 10, 2], [6, 9, 1, 9], [1, 3, 2, 1], [8, 8, 7, 5], [3, 5, 8, 6], [9, 7, 7, 0], [7, 3, 4, 0], [0, 10, 4, 4], [6, 1, 7, 1],
[8, 6, 9, 9], [9, 0, 8, 4], [9, 5, 7, 1], [10, 3, 5, 8], [10, 10, 6, 4], [2, 8, 4, 2], [8, 6, 5, 1], [5, 10, 1, 2], [5, 10, 9, 2], [10, 7, 6, 8],
[1, 1, 8, 9], [2, 0, 5, 1]]
[1, 1, 0.2, 0.2, 0.2, 0.2, 0.2, 0.2, 0.2, 0.2,
0.2, 0.2, 0.04, 0.04, 0.04, 0.04, 0.04, 0.04, 0.04, 0.04,
0.04, 0.04, 0.008, 0.008, 0.008, 0.008, 0.008, 0.008, 0.008, 0.008,
0.008, 0.008, 0.0016, 0.0016, 0.0016, 0.0016, 0.0016, 0.0016, 0.0016, 0.0016,
0.0016, 0.0016, 0.00032, 0.00032, 0.00032, 0.00032, 0.00032, 0.00032, 0.00032, 0.00032,
0.00032, 0.00032]
[1, 9, 1, 5, 9, 4, 5, 8, 5, 7,
0, 4, 9, 10, 6, 9, 3, 2, 4, 3,
6, 6, 10, 8, 10, 1, 2, 9, 3, 5,
5, 3, 8, 9, 0, 10, 5, 6, 7, 6,
1, 3, 0, 4, 4, 2, 10, 6, 8, 4,
2, 0]
------------------------------------------------------- 
# stage = 6	# children c = 5	length of each stage p = 2	nodes = 51	# items I = 1
