[83, 12, 70, 83, 28, 23, 48, 74, 90, 87,
80, 76, 82, 5, 7, 100, 100, 11, 54, 58,
17, 9, 0, 75, 96, 9, 64, 5, 89, 20,
26, 37, 33, 62, 86, 27, 52, 33, 0, 41,
87, 80, 16, 68, 52, 90, 67, 51, 1, 20,
9, 85]
[[216, 847, 1800], [850, 2138, 1937], [1277, 535, 2177], [239, 26, 2053], [349, 2177, 1862], [1713, 552, 2017], [1393, 1920, 276], [2210, 763, 1843], [1078, 308, 149], [1504, 1278, 581],
[1407, 1834, 1768], [1285, 422, 1984], [960, 1699, 257], [875, 1939, 284], [1007, 26, 539], [947, 2080, 1091], [703, 1211, 1090], [979, 1499, 1853], [900, 655, 239], [1050, 2159, 1517],
[1971, 1644, 1429], [1817, 667, 1851], [1539, 1627, 1289], [1796, 581, 1306], [158, 1588, 1672], [697, 273, 1490], [2129, 1316, 779], [957, 33, 16], [888, 1274, 1011], [1127, 402, 908],
[723, 451, 290], [2152, 6, 1297], [1742, 1545, 663], [1109, 1419, 1584], [493, 1578, 910], [2165, 13, 1523], [1394, 2142, 578], [251, 837, 951], [608, 1725, 303], [1619, 931, 705],
[266, 1654, 1496], [896, 1884, 1502], [2194, 1364, 785], [935, 551, 283], [257, 1044, 1861], [1507, 948, 2214], [768, 420, 2095], [1686, 671, 1010], [376, 1279, 814], [1019, 977, 1745],
[1725, 1583, 1477], [959, 217, 1099]]
[[8, 0, 10, 8], [8, 1, 2, 3], [10, 3, 1, 4], [9, 4, 8, 2], [10, 3, 1, 4], [4, 3, 1, 7], [7, 7, 4, 9], [8, 8, 1, 5], [8, 0, 2, 3], [10, 2, 4, 7],
[4, 6, 9, 0], [8, 7, 2, 7], [8, 1, 1, 1], [2, 0, 9, 9], [7, 0, 7, 2], [8, 6, 8, 3], [4, 8, 7, 4], [9, 0, 0, 0], [4, 10, 0, 1], [4, 2, 7, 10],
[1, 8, 0, 3], [6, 7, 2, 0], [7, 9, 3, 2], [5, 9, 4, 9], [4, 9, 0, 0], [7, 10, 0, 1], [7, 0, 0, 9], [0, 7, 8, 1], [4, 8, 3, 8], [3, 5, 9, 10],
[1, 1, 0, 4], [8, 2, 1, 1], [0, 1, 2, 7], [0, 2, 8, 7], [1, 9, 5, 1], [3, 0, 1, 8], [9, 4, 3, 1], [7, 1, 9, 8], [0, 7, 2, 8], [9, 1, 8, 9],
[2, 10, 4, 1], [10, 10, 6, 0], [8, 10, 0, 1], [10, 1, 7, 6], [3, 8, 5, 10], [10, 4, 5, 8], [9, 5, 6, 6], [6, 1, 2, 9], [0, 6, 8, 8], [6, 3, 9, 1],
[2, 7, 0, 0], [6, 5, 6, 9]]
[1, 1, 0.2, 0.2, 0.2, 0.2, 0.2, 0.2, 0.2, 0.2,
0.2, 0.2, 0.04, 0.04, 0.04, 0.04, 0.04, 0.04, 0.04, 0.04,
0.04, 0.04, 0.008, 0.008, 0.008, 0.008, 0.008, 0.008, 0.008, 0.008,
0.008, 0.008, 0.0016, 0.0016, 0.0016, 0.0016, 0.0016, 0.0016, 0.0016, 0.0016,
0.0016, 0.0016, 0.00032, 0.00032, 0.00032, 0.00032, 0.00032, 0.00032, 0.00032, 0.00032,
0.00032, 0.00032]
[10, 21, 17, 5, 9, 4, 6, 22, 1, 3,
22, 16, 21, 3, 4, 6, 3, 16, 3, 19,
14, 11, 18, 16, 3, 1, 14, 13, 19, 0,
0, 9, 22, 17, 13, 4, 2, 19, 19, 12,
19, 13, 1, 11, 9, 8, 6, 6, 9, 2,
2, 20]
------------------------------------------------------- 
# stage = 6	# children c = 5	length of each stage p = 2	nodes = 51	# items I = 1
