[65, 31, 40, 18, 45, 20, 40, 80, 90, 76,
90, 33, 93, 97, 8, 95, 35, 84, 14, 69,
52, 90, 83]
[[907, 850, 888], [39, 1067, 843], [442, 33, 569], [607, 191, 400], [740, 1004, 511], [795, 550, 105], [44, 550, 721], [996, 540, 401], [888, 130, 30], [170, 994, 194],
[666, 822, 384], [893, 201, 372], [657, 643, 823], [565, 171, 353], [304, 911, 278], [816, 628, 168], [260, 11, 718], [320, 346, 597], [721, 156, 728], [751, 744, 643],
[285, 749, 805], [669, 981, 1006], [380, 559, 570]]
[[9, 4, 10, 0], [9, 8, 8, 7], [4, 2, 0, 5], [2, 0, 10, 1], [3, 10, 8, 4], [2, 10, 9, 2], [6, 0, 10, 4], [1, 9, 2, 10], [2, 1, 8, 9], [9, 5, 5, 0],
[6, 6, 5, 8], [6, 2, 9, 9], [10, 5, 0, 10], [4, 10, 0, 0], [10, 10, 2, 9], [8, 5, 8, 8], [4, 5, 7, 3], [9, 1, 1, 4], [5, 5, 10, 0], [5, 7, 7, 5],
[1, 8, 2, 5], [7, 2, 3, 4], [2, 4, 3, 8]]
[1, 0.5, 0.5, 0.25, 0.25, 0.125, 0.125, 0.0625, 0.0625, 0.03125,
0.03125, 0.015625, 0.015625, 0.0078125, 0.0078125, 0.00390625, 0.00390625, 0.00195312, 0.00195312, 0.000976562,
0.000976562, 0.000488281, 0.000488281]
[0, 12, 21, 16, 10, 5, 20, 17, 10, 8,
9, 16, 21, 11, 5, 11, 17, 11, 11, 5,
5, 12, 21]
------------------------------------------------------- 
# stage = 12	# children c = 2	length of each stage p = 1	nodes = 22	# items I = 1
