[4, 67, 74, 65, 61, 79, 52, 18, 72, 55,
67, 89, 27, 36, 72, 9, 23, 71, 48, 57,
70, 28, 23, 45, 56, 96, 33, 72, 36, 5,
94, 7, 72, 33, 38, 100, 11, 90, 84, 83,
45, 50, 37, 38, 53, 76, 48, 76, 46, 62,
32, 15, 56, 21, 27, 12, 17, 26, 50, 19,
98, 9, 26, 69, 42, 65, 68, 53, 20, 52,
1, 31, 68, 4, 70, 20, 80, 84, 96, 25,
45, 95, 7, 1, 15, 0, 80, 32, 93, 96,
52, 90, 4, 44, 58, 46, 75, 93, 65, 96,
44, 32, 26, 78, 36, 62, 99, 16, 45, 60,
7, 91, 54, 81, 58, 36, 81, 37, 68, 39,
32, 86, 28, 36, 30, 53, 48, 71, 11, 79]
[[326, 223, 765], [836, 819, 294], [923, 637, 287], [399, 507, 121], [410, 782, 226], [237, 200, 104], [658, 869, 904], [605, 1005, 492], [294, 67, 19], [508, 380, 883],
[671, 706, 668], [998, 94, 477], [283, 7, 104], [132, 978, 612], [253, 951, 956], [41, 178, 718], [145, 398, 577], [611, 565, 134], [94, 859, 202], [685, 930, 582],
[120, 591, 850], [788, 579, 944], [827, 424, 952], [494, 556, 920], [668, 371, 423], [614, 984, 602], [895, 692, 562], [462, 293, 118], [597, 959, 539], [361, 196, 459],
[505, 888, 612], [345, 228, 754], [279, 46, 168], [793, 102, 287], [266, 770, 658], [689, 946, 195], [853, 831, 887], [406, 856, 742], [524, 5, 692], [53, 366, 450],
[75, 871, 329], [687, 778, 557], [431, 619, 165], [162, 403, 839], [449, 669, 599], [669, 348, 536], [864, 764, 929], [741, 160, 775], [36, 246, 780], [728, 299, 708],
[740, 946, 131], [59, 624, 909], [179, 617, 519], [916, 779, 484], [746, 218, 143], [907, 888, 53], [1005, 742, 817], [925, 36, 539], [252, 644, 785], [595, 362, 647],
[293, 664, 583], [997, 286, 769], [458, 465, 377], [977, 943, 718], [13, 241, 937], [156, 139, 377], [782, 134, 681], [151, 621, 279], [253, 874, 923], [28, 459, 847],
[237, 314, 502], [821, 301, 788], [142, 760, 815], [81, 289, 310], [800, 875, 552], [289, 593, 253], [666, 365, 959], [337, 79, 571], [617, 332, 1007], [92, 360, 18],
[940, 160, 332], [432, 543, 196], [782, 685, 518], [587, 767, 369], [897, 119, 234], [1, 408, 828], [826, 64, 755], [776, 973, 834], [909, 580, 156], [906, 673, 79],
[924, 165, 811], [818, 597, 344], [4, 369, 19], [522, 518, 348], [892, 977, 467], [116, 979, 875], [506, 795, 939], [252, 123, 903], [76, 22, 35], [805, 928, 270],
[446, 404, 435], [247, 213, 594], [591, 217, 525], [172, 302, 33], [521, 184, 573], [988, 872, 542], [854, 369, 899], [345, 183, 13], [810, 831, 35], [408, 188, 526],
[240, 634, 930], [238, 443, 705], [832, 596, 923], [920, 769, 215], [515, 280, 971], [78, 830, 395], [182, 236, 326], [72, 582, 509], [657, 954, 331], [254, 924, 519],
[780, 155, 716], [263, 393, 721], [530, 787, 308], [443, 697, 67], [220, 775, 919], [753, 853, 301], [139, 26, 538], [27, 98, 682], [537, 755, 626], [430, 1009, 103]]
[[0, 4, 5, 9], [0, 9, 1, 2], [5, 2, 2, 3], [0, 6, 0, 7], [10, 0, 4, 9], [5, 6, 9, 10], [7, 3, 4, 7], [0, 7, 1, 9], [0, 6, 5, 9], [2, 7, 1, 8],
[9, 3, 9, 7], [9, 9, 1, 7], [9, 5, 5, 2], [0, 1, 1, 7], [5, 5, 1, 3], [10, 2, 10, 8], [6, 5, 6, 8], [10, 5, 3, 6], [6, 1, 2, 5], [9, 1, 1, 7],
[6, 4, 9, 4], [5, 8, 9, 8], [0, 8, 0, 10], [8, 9, 5, 3], [1, 10, 9, 0], [4, 2, 6, 0], [3, 6, 3, 1], [7, 2, 7, 0], [6, 3, 4, 0], [1, 2, 7, 10],
[8, 7, 8, 5], [3, 2, 8, 4], [1, 6, 4, 4], [8, 8, 4, 10], [1, 5, 0, 8], [7, 5, 6, 0], [9, 10, 0, 8], [10, 7, 7, 7], [2, 4, 10, 3], [5, 7, 8, 6],
[1, 10, 8, 9], [8, 1, 6, 9], [4, 5, 5, 0], [10, 9, 0, 8], [7, 10, 3, 6], [4, 0, 1, 4], [2, 0, 8, 7], [6, 5, 1, 7], [4, 9, 3, 10], [9, 10, 7, 2],
[4, 10, 1, 3], [8, 1, 10, 4], [9, 0, 9, 3], [0, 8, 7, 3], [8, 2, 8, 1], [7, 9, 8, 10], [6, 10, 7, 2], [9, 3, 4, 0], [0, 5, 1, 9], [5, 9, 2, 3],
[10, 0, 6, 10], [8, 1, 0, 4], [3, 7, 3, 9], [3, 10, 6, 9], [9, 0, 0, 5], [2, 3, 5, 2], [6, 4, 0, 0], [3, 1, 4, 2], [1, 8, 10, 8], [7, 9, 10, 9],
[5, 2, 5, 6], [1, 9, 3, 10], [9, 1, 2, 0], [4, 7, 3, 0], [1, 1, 9, 2], [2, 0, 4, 2], [7, 1, 10, 3], [10, 9, 10, 2], [9, 4, 9, 0], [2, 1, 8, 1],
[2, 0, 10, 5], [5, 2, 3, 4], [2, 1, 6, 4], [2, 8, 6, 9], [10, 3, 10, 9], [10, 10, 1, 9], [3, 8, 7, 4], [7, 4, 5, 9], [2, 4, 1, 6], [5, 4, 10, 7],
[6, 6, 9, 6], [3, 5, 2, 0], [6, 1, 10, 6], [9, 9, 4, 0], [6, 0, 4, 2], [2, 9, 9, 5], [0, 0, 0, 3], [2, 8, 8, 8], [1, 7, 1, 3], [10, 3, 3, 5],
[3, 2, 0, 1], [9, 2, 1, 4], [2, 3, 4, 5], [1, 1, 8, 0], [10, 6, 3, 1], [3, 1, 8, 5], [6, 9, 8, 5], [0, 9, 8, 1], [10, 9, 0, 8], [0, 0, 0, 1],
[3, 2, 4, 3], [3, 1, 3, 0], [7, 4, 2, 8], [3, 10, 0, 9], [6, 6, 3, 4], [5, 10, 5, 4], [8, 6, 1, 6], [6, 1, 5, 7], [4, 9, 10, 5], [8, 0, 6, 2],
[5, 6, 0, 8], [3, 0, 7, 9], [7, 8, 1, 10], [7, 6, 3, 2], [10, 2, 7, 3], [2, 1, 0, 6], [9, 10, 9, 6], [0, 2, 7, 3], [8, 7, 0, 0], [5, 5, 8, 10]]
[1, 1, 1, 1, 1, 0.2, 0.2, 0.2, 0.2, 0.2,
0.2, 0.2, 0.2, 0.2, 0.2, 0.2, 0.2, 0.2, 0.2, 0.2,
0.2, 0.2, 0.2, 0.2, 0.2, 0.2, 0.2, 0.2, 0.2, 0.2,
0.04, 0.04, 0.04, 0.04, 0.04, 0.04, 0.04, 0.04, 0.04, 0.04,
0.04, 0.04, 0.04, 0.04, 0.04, 0.04, 0.04, 0.04, 0.04, 0.04,
0.04, 0.04, 0.04, 0.04, 0.04, 0.008, 0.008, 0.008, 0.008, 0.008,
0.008, 0.008, 0.008, 0.008, 0.008, 0.008, 0.008, 0.008, 0.008, 0.008,
0.008, 0.008, 0.008, 0.008, 0.008, 0.008, 0.008, 0.008, 0.008, 0.008,
0.0016, 0.0016, 0.0016, 0.0016, 0.0016, 0.0016, 0.0016, 0.0016, 0.0016, 0.0016,
0.0016, 0.0016, 0.0016, 0.0016, 0.0016, 0.0016, 0.0016, 0.0016, 0.0016, 0.0016,
0.0016, 0.0016, 0.0016, 0.0016, 0.0016, 0.00032, 0.00032, 0.00032, 0.00032, 0.00032,
0.00032, 0.00032, 0.00032, 0.00032, 0.00032, 0.00032, 0.00032, 0.00032, 0.00032, 0.00032,
0.00032, 0.00032, 0.00032, 0.00032, 0.00032, 0.00032, 0.00032, 0.00032, 0.00032, 0.00032]
[5, 8, 1, 0, 4, 5, 10, 6, 6, 8,
1, 5, 4, 7, 8, 0, 7, 6, 5, 9,
10, 10, 4, 6, 4, 4, 4, 9, 1, 1,
5, 7, 8, 9, 5, 10, 7, 10, 0, 9,
2, 5, 9, 5, 4, 5, 6, 10, 0, 3,
1, 5, 8, 6, 6, 10, 6, 3, 6, 1,
1, 7, 6, 6, 0, 7, 8, 7, 4, 0,
5, 7, 2, 2, 5, 5, 6, 10, 4, 3,
2, 3, 10, 1, 8, 10, 10, 10, 3, 7,
4, 2, 10, 10, 4, 5, 9, 3, 1, 7,
4, 0, 0, 3, 10, 8, 7, 1, 7, 8,
9, 4, 5, 2, 7, 3, 4, 1, 10, 4,
0, 0, 10, 1, 6, 6, 7, 10, 2, 6]
------------------------------------------------------- 
# stage = 6	# children c = 5	length of each stage p = 5	nodes = 129	# items I = 1
