[71, 32, 32, 4, 25, 51, 73, 17, 28, 31,
8, 16, 23, 37, 83, 22, 71, 12, 36, 31,
60, 69, 38, 68, 69, 53, 3, 52, 30, 56,
19, 67, 88, 18, 71, 80, 69, 44, 97, 63,
41, 5, 79, 31]
[[695, 50, 747], [132, 639, 428], [164, 858, 4], [111, 597, 177], [468, 701, 639], [477, 118, 118], [853, 968, 1061], [574, 254, 304], [180, 1022, 75], [1037, 872, 734],
[610, 804, 20], [593, 936, 659], [257, 337, 753], [598, 448, 586], [775, 152, 524], [650, 966, 979], [5, 719, 847], [1066, 529, 0], [606, 1046, 258], [681, 983, 367],
[314, 829, 70], [671, 321, 242], [567, 915, 579], [219, 413, 263], [42, 424, 415], [903, 311, 281], [781, 316, 236], [527, 281, 765], [864, 887, 1048], [359, 804, 930],
[1063, 354, 658], [32, 1025, 215], [611, 491, 366], [427, 1048, 15], [690, 1090, 777], [342, 892, 1088], [960, 909, 303], [432, 673, 921], [96, 773, 1044], [380, 368, 747],
[209, 330, 0], [103, 699, 261], [655, 210, 753], [258, 637, 700]]
[[5, 7, 8, 10], [5, 6, 1, 10], [2, 2, 7, 2], [4, 10, 9, 0], [6, 1, 10, 3], [10, 2, 9, 7], [9, 5, 10, 8], [7, 6, 10, 1], [3, 7, 0, 6], [2, 10, 6, 5],
[2, 2, 5, 4], [10, 1, 5, 3], [3, 4, 6, 2], [6, 3, 8, 3], [6, 7, 9, 2], [2, 8, 1, 5], [2, 10, 10, 5], [9, 5, 8, 9], [7, 2, 1, 4], [2, 6, 7, 5],
[8, 0, 5, 1], [3, 2, 2, 9], [9, 0, 9, 10], [6, 8, 2, 9], [7, 1, 3, 4], [6, 9, 0, 0], [9, 1, 4, 0], [5, 9, 5, 2], [10, 0, 4, 2], [2, 6, 10, 10],
[5, 8, 9, 0], [6, 0, 9, 0], [2, 10, 2, 6], [8, 1, 7, 7], [2, 0, 7, 6], [10, 0, 8, 7], [0, 1, 9, 0], [6, 6, 10, 0], [2, 8, 0, 6], [7, 8, 6, 9],
[7, 7, 2, 5], [8, 9, 10, 8], [8, 4, 3, 5], [4, 1, 1, 4]]
[1, 1, 0.333333, 0.333333, 0.333333, 0.333333, 0.333333, 0.333333, 0.111111, 0.111111,
0.111111, 0.111111, 0.111111, 0.111111, 0.037037, 0.037037, 0.037037, 0.037037, 0.037037, 0.037037,
0.0123457, 0.0123457, 0.0123457, 0.0123457, 0.0123457, 0.0123457, 0.00411523, 0.00411523, 0.00411523, 0.00411523,
0.00411523, 0.00411523, 0.00137174, 0.00137174, 0.00137174, 0.00137174, 0.00137174, 0.00137174, 0.000457247, 0.000457247,
0.000457247, 0.000457247, 0.000457247, 0.000457247]
[18, 13, 19, 0, 17, 10, 13, 20, 10, 7,
14, 7, 15, 8, 12, 15, 15, 14, 11, 13,
14, 19, 4, 10, 11, 9, 6, 20, 1, 5,
3, 10, 15, 17, 10, 3, 2, 0, 11, 21,
21, 13, 18, 14]
------------------------------------------------------- 
# stage = 8	# children c = 3	length of each stage p = 2	nodes = 43	# items I = 1
