[95, 45, 88, 95, 23, 67, 21, 40, 32, 75,
94, 25, 25, 73, 9, 60, 51, 14, 69, 86,
49, 33, 95, 6, 63, 9, 80, 88, 84, 13,
50, 44, 58, 3, 38, 47, 36, 60, 88, 68,
0, 47, 94, 92]
[[535, 1525, 163], [1449, 78, 272], [1118, 1113, 295], [1770, 1667, 252], [9, 384, 1595], [545, 388, 1598], [223, 788, 1124], [919, 268, 1232], [507, 772, 1122], [813, 1271, 1562],
[965, 1807, 775], [1129, 944, 388], [1401, 216, 1501], [1230, 1520, 857], [1483, 1529, 1241], [766, 1608, 1629], [518, 1831, 105], [1176, 905, 1753], [562, 946, 679], [1685, 1759, 105],
[935, 412, 1446], [1245, 1541, 544], [1633, 630, 294], [1288, 1395, 1814], [299, 566, 1031], [1540, 1332, 793], [857, 1384, 312], [962, 715, 751], [404, 811, 1697], [1083, 184, 1144],
[1188, 1120, 1557], [322, 519, 1252], [866, 1686, 1417], [694, 1128, 966], [196, 1428, 1532], [1227, 656, 552], [1554, 1048, 90], [21, 164, 805], [772, 102, 1617], [624, 1186, 1801],
[1768, 62, 609], [1013, 385, 662], [1800, 785, 502], [1371, 1480, 1165]]
[[4, 8, 10, 8], [2, 2, 6, 2], [0, 10, 5, 4], [2, 8, 7, 10], [3, 2, 1, 5], [8, 7, 10, 9], [5, 10, 1, 8], [6, 2, 1, 8], [8, 0, 5, 10], [0, 9, 2, 9],
[7, 5, 3, 7], [2, 10, 7, 3], [0, 8, 6, 6], [2, 5, 4, 7], [2, 3, 4, 7], [3, 3, 4, 1], [1, 8, 9, 0], [4, 0, 9, 0], [5, 10, 8, 5], [8, 2, 6, 8],
[8, 2, 3, 0], [5, 5, 7, 8], [7, 10, 4, 8], [0, 6, 9, 2], [1, 6, 0, 6], [6, 9, 6, 10], [9, 1, 2, 6], [1, 9, 1, 10], [0, 2, 10, 5], [5, 4, 0, 1],
[1, 2, 10, 0], [9, 6, 2, 10], [10, 0, 5, 4], [9, 10, 3, 7], [9, 5, 0, 0], [1, 1, 8, 10], [3, 7, 5, 9], [9, 3, 8, 9], [6, 5, 9, 4], [10, 9, 1, 9],
[9, 5, 2, 7], [4, 3, 2, 0], [7, 0, 9, 8], [2, 6, 8, 3]]
[1, 1, 0.333333, 0.333333, 0.333333, 0.333333, 0.333333, 0.333333, 0.111111, 0.111111,
0.111111, 0.111111, 0.111111, 0.111111, 0.037037, 0.037037, 0.037037, 0.037037, 0.037037, 0.037037,
0.0123457, 0.0123457, 0.0123457, 0.0123457, 0.0123457, 0.0123457, 0.00411523, 0.00411523, 0.00411523, 0.00411523,
0.00411523, 0.00411523, 0.00137174, 0.00137174, 0.00137174, 0.00137174, 0.00137174, 0.00137174, 0.000457247, 0.000457247,
0.000457247, 0.000457247, 0.000457247, 0.000457247]
[13, 8, 5, 9, 6, 15, 16, 12, 15, 3,
10, 14, 11, 14, 18, 2, 6, 14, 13, 11,
18, 3, 10, 14, 18, 11, 7, 2, 16, 16,
4, 7, 6, 16, 0, 14, 12, 8, 11, 7,
15, 13, 5, 16]
------------------------------------------------------- 
# stage = 8	# children c = 3	length of each stage p = 2	nodes = 43	# items I = 1
