[31, 77, 85, 6, 86, 96, 62, 39, 9, 35,
34, 33, 3, 33, 44, 62, 16, 33, 84, 99,
93, 98, 26, 90, 0, 100, 56, 3, 27, 51,
61, 58, 27, 11, 64, 79, 6, 93, 84, 82,
27, 84, 15, 31, 16, 59, 93, 33, 58, 42,
98, 17, 40, 24, 73, 6, 90, 28, 10, 16,
79, 37, 40, 72, 48, 71, 16, 20, 63, 0,
2, 90, 50, 17, 87, 67, 42, 46, 66, 67,
88, 63, 84, 94, 87, 22, 67, 43, 50, 43,
59, 96, 80, 66, 33, 94, 2, 50, 13, 65,
16, 82, 20, 66, 65, 74, 32, 7, 19, 98]
[[723, 437, 939], [497, 253, 689], [740, 85, 892], [623, 788, 964], [191, 196, 700], [484, 138, 392], [557, 480, 593], [237, 304, 554], [584, 843, 677], [819, 576, 878],
[538, 651, 667], [829, 179, 272], [548, 919, 357], [471, 572, 497], [787, 115, 694], [839, 600, 832], [262, 509, 664], [855, 98, 320], [762, 34, 193], [469, 854, 121],
[699, 744, 773], [396, 603, 304], [669, 504, 253], [378, 327, 177], [876, 144, 293], [922, 336, 245], [136, 598, 106], [800, 805, 526], [150, 597, 561], [665, 418, 767],
[139, 469, 541], [912, 866, 496], [246, 887, 30], [821, 295, 357], [350, 523, 824], [965, 797, 190], [240, 933, 140], [668, 763, 297], [225, 265, 247], [786, 931, 665],
[583, 100, 165], [476, 364, 383], [2, 932, 300], [355, 135, 917], [712, 485, 793], [888, 803, 942], [108, 395, 906], [570, 94, 51], [868, 319, 317], [467, 457, 600],
[162, 392, 52], [649, 868, 738], [384, 222, 52], [36, 577, 187], [306, 642, 24], [451, 560, 827], [423, 21, 253], [359, 591, 669], [411, 811, 18], [80, 308, 797],
[32, 793, 219], [406, 794, 117], [496, 209, 661], [548, 567, 269], [735, 873, 911], [111, 354, 823], [939, 778, 844], [544, 167, 788], [243, 900, 951], [583, 332, 612],
[410, 686, 757], [629, 444, 903], [98, 940, 464], [111, 518, 62], [380, 283, 935], [643, 717, 320], [819, 38, 450], [45, 582, 939], [833, 177, 222], [167, 112, 554],
[131, 844, 593], [888, 825, 67], [821, 923, 38], [316, 64, 556], [700, 767, 192], [665, 762, 261], [337, 611, 299], [787, 657, 881], [757, 842, 410], [9, 361, 844],
[885, 492, 718], [830, 732, 573], [898, 906, 848], [288, 574, 264], [196, 304, 61], [710, 969, 176], [1, 659, 787], [300, 476, 474], [533, 585, 669], [295, 916, 60],
[169, 184, 553], [887, 44, 315], [812, 294, 573], [690, 904, 177], [955, 453, 481], [368, 193, 803], [544, 195, 492], [684, 817, 320], [188, 703, 906], [857, 28, 204]]
[[2, 5, 1, 0], [1, 1, 2, 9], [8, 1, 0, 0], [2, 2, 9, 7], [7, 5, 0, 8], [4, 5, 2, 10], [6, 10, 2, 5], [1, 10, 6, 3], [3, 5, 1, 4], [7, 3, 0, 2],
[3, 9, 2, 3], [9, 9, 8, 3], [3, 8, 0, 5], [2, 0, 3, 7], [9, 5, 1, 10], [3, 5, 1, 6], [9, 2, 8, 5], [4, 6, 5, 7], [2, 8, 10, 0], [4, 8, 1, 6],
[5, 10, 0, 6], [0, 1, 0, 9], [7, 10, 6, 10], [2, 7, 3, 0], [8, 9, 3, 1], [2, 9, 6, 4], [4, 5, 2, 8], [0, 3, 3, 4], [0, 2, 8, 0], [3, 8, 7, 8],
[7, 3, 7, 9], [8, 8, 8, 3], [4, 0, 2, 6], [9, 8, 8, 2], [1, 8, 9, 10], [9, 10, 3, 10], [1, 0, 10, 3], [6, 5, 0, 0], [6, 6, 8, 3], [1, 5, 5, 6],
[5, 7, 10, 2], [3, 8, 4, 2], [5, 0, 1, 4], [0, 5, 1, 10], [3, 0, 0, 10], [3, 1, 10, 9], [5, 7, 0, 6], [1, 5, 1, 5], [10, 10, 7, 2], [7, 9, 4, 10],
[10, 6, 1, 8], [9, 2, 7, 1], [1, 8, 9, 4], [7, 9, 3, 1], [3, 3, 5, 5], [6, 5, 8, 5], [4, 4, 6, 9], [2, 10, 8, 1], [3, 8, 9, 10], [10, 4, 10, 9],
[10, 8, 3, 6], [6, 4, 5, 10], [7, 8, 2, 0], [2, 10, 5, 4], [1, 0, 2, 3], [9, 9, 3, 10], [6, 10, 10, 3], [3, 9, 2, 0], [6, 3, 4, 0], [7, 7, 8, 1],
[5, 10, 1, 7], [7, 6, 1, 8], [5, 1, 9, 3], [10, 10, 0, 3], [10, 10, 7, 0], [6, 7, 1, 0], [10, 5, 0, 4], [2, 8, 5, 5], [5, 6, 1, 10], [10, 0, 5, 2],
[0, 3, 5, 10], [3, 6, 3, 0], [3, 8, 0, 10], [4, 10, 10, 3], [5, 8, 7, 5], [3, 10, 10, 8], [3, 9, 7, 2], [8, 10, 3, 8], [0, 8, 7, 3], [1, 8, 1, 3],
[5, 0, 0, 7], [10, 10, 8, 2], [5, 4, 7, 8], [1, 4, 5, 4], [3, 10, 5, 9], [7, 8, 6, 7], [3, 0, 0, 3], [9, 10, 6, 1], [10, 6, 9, 10], [3, 6, 10, 8],
[9, 7, 5, 8], [9, 8, 2, 1], [5, 5, 8, 1], [0, 3, 8, 3], [4, 6, 4, 0], [6, 10, 10, 3], [3, 6, 0, 4], [0, 0, 1, 7], [5, 4, 4, 3], [10, 6, 3, 2]]
[1, 1, 1, 1, 1, 0.333333, 0.333333, 0.333333, 0.333333, 0.333333,
0.333333, 0.333333, 0.333333, 0.333333, 0.333333, 0.333333, 0.333333, 0.333333, 0.333333, 0.333333,
0.111111, 0.111111, 0.111111, 0.111111, 0.111111, 0.111111, 0.111111, 0.111111, 0.111111, 0.111111,
0.111111, 0.111111, 0.111111, 0.111111, 0.111111, 0.037037, 0.037037, 0.037037, 0.037037, 0.037037,
0.037037, 0.037037, 0.037037, 0.037037, 0.037037, 0.037037, 0.037037, 0.037037, 0.037037, 0.037037,
0.0123457, 0.0123457, 0.0123457, 0.0123457, 0.0123457, 0.0123457, 0.0123457, 0.0123457, 0.0123457, 0.0123457,
0.0123457, 0.0123457, 0.0123457, 0.0123457, 0.0123457, 0.00411523, 0.00411523, 0.00411523, 0.00411523, 0.00411523,
0.00411523, 0.00411523, 0.00411523, 0.00411523, 0.00411523, 0.00411523, 0.00411523, 0.00411523, 0.00411523, 0.00411523,
0.00137174, 0.00137174, 0.00137174, 0.00137174, 0.00137174, 0.00137174, 0.00137174, 0.00137174, 0.00137174, 0.00137174,
0.00137174, 0.00137174, 0.00137174, 0.00137174, 0.00137174, 0.000457247, 0.000457247, 0.000457247, 0.000457247, 0.000457247,
0.000457247, 0.000457247, 0.000457247, 0.000457247, 0.000457247, 0.000457247, 0.000457247, 0.000457247, 0.000457247, 0.000457247]
[8, 3, 5, 0, 4, 6, 7, 5, 4, 2,
2, 9, 7, 0, 2, 6, 5, 0, 4, 4,
2, 3, 3, 0, 0, 1, 3, 9, 6, 8,
8, 1, 8, 8, 3, 2, 8, 9, 6, 1,
6, 1, 4, 1, 4, 0, 6, 8, 4, 7,
3, 7, 8, 5, 0, 3, 0, 7, 9, 6,
9, 8, 8, 3, 7, 2, 4, 7, 8, 1,
1, 8, 3, 8, 5, 8, 1, 6, 5, 7,
4, 7, 3, 7, 7, 1, 4, 1, 6, 3,
6, 1, 0, 3, 9, 9, 4, 8, 1, 0,
3, 2, 4, 9, 7, 7, 6, 7, 8, 5]
------------------------------------------------------- 
# stage = 8	# children c = 3	length of each stage p = 5	nodes = 109	# items I = 1
