[74, 13, 94, 83, 59, 31, 8, 75, 82, 67,
38, 39, 51, 48, 10, 12, 29, 2, 41, 41,
72, 43, 6]
[[1243, 1164, 670], [2095, 254, 1039], [1889, 1335, 245], [86, 570, 965], [672, 1312, 82], [2009, 765, 222], [1423, 884, 654], [1100, 552, 1059], [211, 1142, 1478], [1204, 1741, 1815],
[730, 827, 822], [1401, 766, 745], [283, 166, 1748], [196, 2077, 161], [1161, 593, 1142], [911, 113, 1575], [1133, 1536, 2127], [1455, 480, 522], [357, 691, 1332], [1503, 1563, 917],
[1162, 137, 1744], [1652, 1538, 21], [2065, 1489, 187]]
[[1, 10, 9, 7], [8, 9, 7, 0], [4, 7, 1, 2], [0, 3, 5, 4], [4, 8, 0, 2], [2, 5, 9, 9], [1, 10, 6, 8], [6, 0, 4, 8], [9, 0, 4, 6], [10, 9, 4, 1],
[5, 5, 3, 4], [8, 7, 8, 2], [4, 6, 2, 7], [10, 9, 3, 9], [6, 7, 6, 1], [5, 0, 7, 3], [9, 0, 9, 8], [8, 0, 9, 2], [3, 0, 4, 10], [7, 1, 10, 9],
[6, 10, 3, 3], [8, 6, 1, 3], [0, 6, 4, 6]]
[1, 0.5, 0.5, 0.25, 0.25, 0.125, 0.125, 0.0625, 0.0625, 0.03125,
0.03125, 0.015625, 0.015625, 0.0078125, 0.0078125, 0.00390625, 0.00390625, 0.00195312, 0.00195312, 0.000976562,
0.000976562, 0.000488281, 0.000488281]
[12, 16, 0, 15, 16, 5, 16, 9, 5, 16,
17, 6, 17, 3, 12, 1, 0, 8, 16, 5,
20, 15, 9]
------------------------------------------------------- 
# stage = 12	# children c = 2	length of each stage p = 1	nodes = 22	# items I = 1
