[72, 71, 14, 73, 63, 23, 84, 35, 36, 33,
52, 84, 28, 88, 79, 57, 20, 20, 65, 52,
34, 49, 72, 39, 53, 88, 67, 90, 59, 8,
54, 30]
[[631, 545, 834], [531, 224, 901], [433, 530, 605], [132, 718, 358], [145, 721, 254], [452, 56, 642], [285, 155, 1113], [423, 160, 661], [660, 473, 627], [235, 424, 317],
[351, 1055, 862], [508, 910, 409], [291, 666, 939], [219, 121, 538], [577, 266, 141], [155, 718, 197], [797, 1004, 794], [791, 750, 954], [775, 291, 309], [284, 527, 56],
[1043, 201, 1111], [109, 33, 902], [519, 766, 449], [781, 985, 570], [201, 885, 159], [784, 1040, 201], [304, 41, 528], [1098, 156, 159], [934, 931, 450], [566, 538, 300],
[622, 904, 944], [1056, 1014, 977]]
[[2, 7, 6, 1], [0, 3, 10, 6], [5, 1, 9, 9], [8, 0, 6, 8], [10, 10, 10, 1], [6, 6, 5, 4], [5, 10, 6, 3], [10, 2, 1, 0], [7, 7, 1, 7], [8, 0, 0, 2],
[1, 7, 1, 7], [8, 7, 5, 5], [4, 4, 6, 8], [9, 1, 0, 1], [9, 6, 5, 8], [6, 6, 8, 0], [0, 9, 5, 8], [8, 5, 8, 9], [10, 9, 4, 5], [4, 9, 0, 6],
[0, 4, 2, 9], [3, 2, 9, 1], [6, 3, 10, 1], [7, 7, 10, 5], [4, 4, 0, 1], [9, 8, 8, 8], [7, 1, 1, 9], [8, 1, 2, 9], [5, 4, 5, 9], [4, 3, 8, 10],
[4, 7, 0, 0], [2, 8, 3, 6]]
[1, 1, 0.333333, 0.333333, 0.333333, 0.333333, 0.333333, 0.333333, 0.111111, 0.111111,
0.111111, 0.111111, 0.111111, 0.111111, 0.037037, 0.037037, 0.037037, 0.037037, 0.037037, 0.037037,
0.0123457, 0.0123457, 0.0123457, 0.0123457, 0.0123457, 0.0123457, 0.00411523, 0.00411523, 0.00411523, 0.00411523,
0.00411523, 0.00411523]
[15, 9, 9, 13, 5, 21, 15, 18, 17, 2,
21, 2, 3, 13, 18, 15, 22, 16, 2, 9,
21, 22, 4, 17, 1, 8, 13, 0, 18, 22,
21, 17]
------------------------------------------------------- 
# stage = 6	# children c = 3	length of each stage p = 2	nodes = 31	# items I = 1
