[90, 30, 78, 7, 61, 29, 73, 73, 31, 87,
31, 76, 26, 3, 97, 90, 41, 17, 32, 2,
79, 3, 67, 96, 74, 72, 0, 62, 0, 51,
76, 56, 82, 53, 29, 8, 48, 1, 47, 45,
54, 78, 88, 46, 81, 84]
[[1739, 436, 0], [1359, 633, 1694], [1434, 1696, 850], [1494, 773, 574], [418, 1144, 239], [1263, 1457, 498], [517, 470, 308], [239, 1602, 480], [1033, 1072, 1849], [1109, 373, 1170],
[1567, 943, 438], [1567, 371, 1071], [161, 1805, 1598], [1011, 199, 440], [417, 1380, 416], [1418, 1474, 1873], [1916, 822, 412], [1056, 1062, 84], [367, 926, 1918], [1048, 866, 360],
[1049, 502, 134], [1487, 901, 505], [1389, 1062, 1141], [1056, 905, 172], [1497, 1322, 1552], [744, 1571, 1095], [686, 1557, 749], [1098, 1444, 1811], [13, 642, 1568], [763, 521, 503],
[1885, 1571, 1006], [89, 1127, 738], [594, 586, 1800], [567, 473, 1536], [739, 801, 927], [1122, 1545, 1330], [1048, 300, 1718], [1797, 230, 1231], [508, 1005, 704], [145, 1768, 1226],
[1411, 554, 866], [1248, 643, 824], [55, 68, 1410], [686, 635, 715], [292, 205, 1516], [1219, 1327, 1131]]
[[7, 5, 3, 7], [6, 4, 5, 3], [6, 2, 2, 4], [6, 10, 2, 5], [5, 8, 3, 2], [4, 2, 8, 4], [8, 1, 9, 5], [8, 3, 5, 5], [6, 9, 10, 2], [0, 5, 3, 4],
[5, 5, 6, 1], [3, 7, 4, 6], [2, 7, 9, 6], [7, 6, 0, 5], [7, 7, 8, 3], [10, 3, 8, 4], [10, 5, 6, 8], [8, 9, 1, 3], [1, 6, 2, 2], [2, 6, 9, 2],
[0, 7, 9, 8], [0, 7, 0, 6], [3, 8, 9, 0], [0, 6, 4, 8], [9, 8, 5, 7], [4, 5, 10, 6], [0, 10, 6, 0], [3, 4, 2, 1], [9, 9, 7, 10], [5, 7, 5, 6],
[5, 3, 5, 3], [7, 7, 1, 5], [5, 4, 1, 7], [9, 9, 0, 7], [8, 7, 5, 9], [0, 6, 0, 10], [4, 7, 9, 8], [4, 1, 3, 7], [4, 6, 8, 9], [3, 7, 3, 6],
[10, 3, 2, 8], [1, 3, 5, 8], [10, 8, 6, 8], [3, 4, 7, 8], [1, 3, 3, 3], [4, 4, 8, 6]]
[1, 1, 0.5, 0.5, 0.5, 0.5, 0.25, 0.25, 0.25, 0.25,
0.125, 0.125, 0.125, 0.125, 0.0625, 0.0625, 0.0625, 0.0625, 0.03125, 0.03125,
0.03125, 0.03125, 0.015625, 0.015625, 0.015625, 0.015625, 0.0078125, 0.0078125, 0.0078125, 0.0078125,
0.00390625, 0.00390625, 0.00390625, 0.00390625, 0.00195312, 0.00195312, 0.00195312, 0.00195312, 0.000976562, 0.000976562,
0.000976562, 0.000976562, 0.000488281, 0.000488281, 0.000488281, 0.000488281]
[0, 9, 4, 5, 1, 1, 0, 5, 8, 4,
5, 8, 9, 0, 3, 9, 8, 0, 8, 8,
1, 7, 9, 4, 0, 4, 3, 9, 4, 6,
8, 5, 6, 1, 2, 3, 3, 8, 6, 3,
5, 4, 1, 4, 3, 8]
------------------------------------------------------- 
# stage = 12	# children c = 2	length of each stage p = 2	nodes = 45	# items I = 1
