[23, 14, 65, 9, 86, 42, 30, 2, 93, 92,
18, 52, 56, 79, 69, 32, 58, 23, 28, 71,
18, 57, 87, 55, 97, 11, 45, 45, 61, 97,
31, 84, 77, 96, 93, 62, 37, 90, 30, 96,
81, 48, 48, 3, 93, 83, 35, 16, 5, 29,
54, 90, 87, 40, 45, 49, 17, 90, 94, 78,
52, 24, 28, 28, 86, 20, 56, 89, 9, 52,
84, 57, 66, 98, 60, 59, 80, 61, 41, 52,
91, 95, 41, 43, 1, 52, 92, 85, 41, 51,
63, 93, 41, 57, 87, 26, 77, 8, 14, 53,
60, 98, 9, 26, 96, 35, 51, 41, 96, 58]
[[1367, 1886, 263], [1176, 569, 907], [1452, 856, 696], [973, 1230, 1248], [504, 987, 1524], [1456, 1045, 485], [711, 492, 432], [978, 91, 1680], [1885, 1726, 1345], [550, 1331, 1411],
[1339, 741, 330], [592, 1917, 900], [1499, 1412, 746], [1186, 429, 19], [477, 1880, 1007], [991, 1379, 95], [1477, 134, 1534], [899, 1112, 1625], [622, 30, 385], [958, 1527, 1716],
[1359, 909, 500], [1690, 1502, 460], [1580, 34, 863], [1316, 1220, 282], [1335, 687, 205], [1332, 1679, 1584], [418, 189, 1718], [1952, 78, 1821], [611, 1648, 841], [996, 649, 412],
[1702, 51, 1321], [245, 731, 1813], [1652, 1301, 1848], [1505, 660, 1111], [1787, 39, 1799], [35, 361, 511], [610, 779, 700], [1318, 1722, 778], [1182, 1323, 469], [67, 362, 108],
[1426, 1054, 1107], [790, 289, 828], [647, 1941, 173], [1485, 1490, 833], [639, 310, 1819], [1428, 1293, 1171], [1939, 1903, 1950], [1629, 1264, 705], [1398, 1437, 71], [857, 494, 1380],
[966, 1920, 477], [1063, 1700, 766], [1891, 390, 1698], [107, 865, 221], [1888, 1505, 531], [740, 1923, 814], [1911, 1906, 760], [895, 568, 1015], [590, 9, 495], [662, 867, 1936],
[1032, 823, 1899], [1510, 1886, 1642], [1266, 1820, 1023], [1007, 918, 1888], [218, 1796, 426], [750, 579, 393], [1564, 1481, 1289], [1315, 1366, 1857], [373, 1956, 1867], [1815, 661, 1724],
[784, 684, 590], [726, 237, 519], [1358, 493, 1329], [424, 1501, 1237], [1303, 709, 1076], [719, 449, 646], [1112, 1004, 1117], [1391, 362, 526], [282, 1682, 525], [192, 530, 177],
[906, 1314, 861], [1496, 1030, 88], [1005, 431, 581], [377, 1803, 1072], [1615, 139, 1782], [1681, 858, 274], [370, 961, 1278], [477, 395, 630], [1003, 677, 355], [519, 1816, 1832],
[696, 765, 1189], [547, 1251, 1209], [635, 299, 1641], [206, 1624, 477], [269, 272, 616], [94, 1953, 1474], [1315, 1314, 478], [1584, 1791, 874], [257, 1785, 541], [1560, 347, 1348],
[425, 33, 1103], [1615, 580, 398], [1814, 205, 697], [1498, 411, 1311], [18, 680, 1583], [634, 1721, 1580], [152, 70, 1884], [1577, 1654, 1718], [1441, 901, 1546], [26, 504, 1893]]
[[1, 9, 3, 8], [6, 2, 10, 3], [4, 7, 1, 9], [6, 6, 4, 5], [8, 9, 1, 9], [2, 6, 6, 2], [6, 8, 3, 6], [5, 8, 2, 5], [7, 3, 2, 2], [5, 1, 4, 10],
[6, 3, 6, 2], [10, 0, 7, 7], [7, 6, 4, 9], [1, 8, 0, 7], [5, 1, 2, 8], [9, 3, 2, 5], [6, 4, 8, 1], [4, 10, 9, 10], [2, 4, 10, 1], [4, 6, 7, 9],
[2, 0, 7, 1], [6, 5, 9, 9], [6, 9, 6, 5], [1, 9, 8, 8], [0, 3, 7, 2], [2, 5, 0, 5], [9, 10, 4, 3], [6, 0, 1, 6], [9, 7, 7, 2], [10, 3, 0, 6],
[0, 7, 9, 1], [3, 6, 7, 1], [10, 3, 2, 1], [8, 2, 4, 5], [1, 7, 8, 5], [5, 7, 0, 2], [1, 6, 4, 1], [9, 5, 5, 9], [10, 3, 9, 0], [9, 5, 10, 6],
[7, 1, 6, 2], [3, 8, 7, 3], [4, 2, 6, 10], [8, 7, 1, 9], [0, 3, 8, 9], [8, 2, 8, 5], [5, 4, 3, 2], [9, 3, 6, 3], [2, 1, 4, 4], [10, 0, 5, 1],
[1, 0, 0, 7], [5, 10, 5, 5], [3, 1, 4, 9], [3, 10, 4, 7], [3, 5, 9, 10], [6, 2, 1, 9], [4, 5, 2, 1], [3, 5, 2, 4], [5, 3, 9, 0], [0, 4, 5, 3],
[3, 7, 2, 6], [6, 4, 2, 7], [9, 9, 5, 5], [1, 6, 3, 3], [0, 3, 4, 1], [8, 4, 4, 0], [5, 2, 0, 6], [4, 6, 9, 7], [2, 9, 3, 7], [2, 3, 3, 10],
[0, 8, 4, 10], [1, 5, 2, 10], [6, 4, 1, 1], [8, 5, 1, 3], [5, 2, 9, 10], [6, 5, 6, 6], [4, 7, 2, 4], [9, 4, 3, 9], [10, 7, 8, 1], [10, 8, 0, 5],
[10, 10, 6, 7], [2, 6, 8, 8], [6, 4, 5, 1], [8, 0, 7, 1], [6, 8, 3, 4], [1, 7, 0, 9], [1, 8, 10, 1], [3, 9, 6, 2], [6, 0, 7, 9], [4, 5, 4, 10],
[7, 9, 9, 4], [7, 5, 5, 2], [0, 9, 4, 10], [3, 4, 9, 4], [10, 6, 5, 2], [2, 10, 4, 9], [8, 1, 5, 1], [4, 7, 0, 0], [3, 7, 5, 10], [1, 8, 0, 0],
[4, 2, 10, 7], [7, 6, 1, 6], [0, 4, 9, 2], [1, 0, 9, 9], [10, 1, 10, 3], [6, 8, 2, 9], [4, 7, 7, 4], [2, 5, 2, 7], [7, 10, 1, 3], [6, 0, 8, 6]]
[1, 1, 1, 1, 1, 0.333333, 0.333333, 0.333333, 0.333333, 0.333333,
0.333333, 0.333333, 0.333333, 0.333333, 0.333333, 0.333333, 0.333333, 0.333333, 0.333333, 0.333333,
0.111111, 0.111111, 0.111111, 0.111111, 0.111111, 0.111111, 0.111111, 0.111111, 0.111111, 0.111111,
0.111111, 0.111111, 0.111111, 0.111111, 0.111111, 0.037037, 0.037037, 0.037037, 0.037037, 0.037037,
0.037037, 0.037037, 0.037037, 0.037037, 0.037037, 0.037037, 0.037037, 0.037037, 0.037037, 0.037037,
0.0123457, 0.0123457, 0.0123457, 0.0123457, 0.0123457, 0.0123457, 0.0123457, 0.0123457, 0.0123457, 0.0123457,
0.0123457, 0.0123457, 0.0123457, 0.0123457, 0.0123457, 0.00411523, 0.00411523, 0.00411523, 0.00411523, 0.00411523,
0.00411523, 0.00411523, 0.00411523, 0.00411523, 0.00411523, 0.00411523, 0.00411523, 0.00411523, 0.00411523, 0.00411523,
0.00137174, 0.00137174, 0.00137174, 0.00137174, 0.00137174, 0.00137174, 0.00137174, 0.00137174, 0.00137174, 0.00137174,
0.00137174, 0.00137174, 0.00137174, 0.00137174, 0.00137174, 0.000457247, 0.000457247, 0.000457247, 0.000457247, 0.000457247,
0.000457247, 0.000457247, 0.000457247, 0.000457247, 0.000457247, 0.000457247, 0.000457247, 0.000457247, 0.000457247, 0.000457247]
[15, 9, 18, 6, 17, 1, 16, 13, 3, 6,
14, 2, 15, 8, 6, 6, 8, 15, 5, 0,
16, 11, 11, 8, 9, 7, 3, 7, 11, 3,
6, 2, 9, 5, 2, 0, 10, 16, 8, 0,
10, 13, 9, 4, 15, 9, 13, 12, 12, 0,
14, 5, 3, 1, 17, 13, 9, 13, 6, 10,
0, 18, 14, 7, 19, 12, 19, 1, 11, 18,
16, 0, 17, 7, 6, 0, 0, 12, 13, 12,
11, 18, 15, 6, 7, 19, 8, 13, 17, 13,
2, 3, 16, 17, 19, 3, 6, 14, 17, 0,
8, 4, 11, 14, 1, 17, 12, 6, 19, 11]
------------------------------------------------------- 
# stage = 8	# children c = 3	length of each stage p = 5	nodes = 109	# items I = 1
