[34, 78, 2, 3, 80, 30, 54, 37, 82, 20,
91, 96, 82, 53, 49, 22, 52, 2, 88, 47,
15, 31, 68, 22, 84, 18, 57, 5, 11, 61,
35, 45, 5, 3, 14, 85, 33, 69, 88, 81,
55, 78, 42, 36]
[[431, 496, 757], [925, 512, 481], [688, 363, 440], [914, 631, 157], [147, 723, 113], [758, 433, 394], [69, 459, 742], [387, 360, 220], [603, 2, 410], [280, 35, 445],
[891, 466, 825], [581, 325, 387], [111, 897, 750], [435, 860, 431], [592, 892, 87], [706, 699, 520], [149, 769, 863], [776, 89, 157], [880, 692, 159], [339, 857, 78],
[668, 797, 429], [543, 428, 754], [930, 423, 700], [613, 859, 609], [928, 384, 434], [64, 139, 183], [584, 173, 836], [381, 833, 925], [538, 762, 551], [581, 150, 457],
[659, 702, 187], [137, 294, 499], [775, 157, 923], [524, 655, 715], [67, 632, 148], [501, 697, 172], [568, 214, 229], [453, 595, 111], [312, 182, 873], [863, 647, 907],
[253, 356, 658], [440, 377, 837], [940, 202, 878], [796, 726, 582]]
[[2, 0, 9, 2], [10, 1, 8, 3], [2, 10, 0, 2], [4, 6, 10, 9], [10, 0, 10, 4], [8, 4, 0, 2], [10, 3, 0, 7], [6, 3, 3, 8], [3, 1, 0, 0], [0, 6, 4, 2],
[3, 2, 2, 8], [8, 1, 4, 5], [1, 3, 7, 8], [5, 8, 10, 4], [9, 8, 9, 4], [0, 2, 0, 2], [1, 9, 2, 2], [2, 6, 4, 6], [6, 5, 1, 4], [6, 5, 7, 6],
[6, 4, 1, 10], [1, 9, 3, 10], [4, 0, 1, 5], [0, 1, 5, 1], [10, 7, 3, 2], [1, 6, 6, 7], [0, 5, 9, 4], [8, 6, 8, 3], [10, 9, 2, 9], [5, 4, 8, 10],
[2, 9, 2, 2], [9, 7, 1, 8], [1, 3, 8, 2], [7, 1, 8, 7], [6, 4, 9, 3], [10, 7, 5, 7], [3, 5, 5, 7], [7, 2, 6, 9], [10, 8, 9, 6], [2, 9, 1, 3],
[1, 10, 6, 8], [0, 1, 2, 5], [5, 0, 8, 5], [5, 2, 10, 7]]
[1, 1, 0.333333, 0.333333, 0.333333, 0.333333, 0.333333, 0.333333, 0.111111, 0.111111,
0.111111, 0.111111, 0.111111, 0.111111, 0.037037, 0.037037, 0.037037, 0.037037, 0.037037, 0.037037,
0.0123457, 0.0123457, 0.0123457, 0.0123457, 0.0123457, 0.0123457, 0.00411523, 0.00411523, 0.00411523, 0.00411523,
0.00411523, 0.00411523, 0.00137174, 0.00137174, 0.00137174, 0.00137174, 0.00137174, 0.00137174, 0.000457247, 0.000457247,
0.000457247, 0.000457247, 0.000457247, 0.000457247]
[0, 4, 0, 2, 4, 4, 8, 5, 9, 6,
6, 5, 0, 3, 2, 8, 8, 2, 9, 4,
7, 9, 4, 8, 1, 4, 7, 1, 4, 9,
0, 0, 3, 8, 0, 0, 5, 4, 7, 4,
8, 2, 1, 5]
------------------------------------------------------- 
# stage = 8	# children c = 3	length of each stage p = 2	nodes = 43	# items I = 1
