[32, 57, 91, 89, 85, 61, 39, 70, 75, 3,
88, 66, 92, 39, 72, 48, 88, 64, 76, 47,
20, 48, 80]
[[753, 511, 836], [36, 545, 641], [994, 376, 933], [524, 383, 231], [869, 208, 647], [142, 753, 491], [273, 624, 223], [826, 37, 424], [871, 967, 345], [625, 183, 873],
[314, 937, 73], [840, 973, 309], [480, 966, 685], [102, 179, 68], [24, 47, 276], [361, 881, 719], [852, 153, 32], [765, 670, 69], [189, 540, 726], [224, 855, 910],
[787, 168, 536], [861, 698, 198], [860, 177, 854]]
[[8, 8, 3, 5], [2, 3, 9, 2], [10, 5, 3, 1], [4, 4, 5, 3], [3, 7, 3, 1], [4, 8, 9, 2], [3, 0, 2, 9], [9, 4, 1, 4], [1, 2, 10, 3], [5, 6, 3, 2],
[0, 6, 2, 4], [9, 7, 6, 10], [1, 9, 0, 6], [6, 7, 6, 8], [5, 9, 6, 3], [2, 6, 6, 1], [8, 3, 5, 3], [9, 8, 3, 9], [2, 5, 0, 0], [10, 6, 10, 1],
[4, 9, 5, 9], [3, 0, 6, 9], [7, 10, 10, 9]]
[1, 0.5, 0.5, 0.25, 0.25, 0.125, 0.125, 0.0625, 0.0625, 0.03125,
0.03125, 0.015625, 0.015625, 0.0078125, 0.0078125, 0.00390625, 0.00390625, 0.00195312, 0.00195312, 0.000976562,
0.000976562, 0.000488281, 0.000488281]
[3, 5, 1, 3, 9, 10, 2, 8, 8, 7,
1, 7, 3, 9, 1, 9, 3, 7, 8, 4,
5, 8, 0]
------------------------------------------------------- 
# stage = 12	# children c = 2	length of each stage p = 1	nodes = 22	# items I = 1
