[4, 41, 17, 55, 53, 81, 18, 15, 16, 22,
13, 71, 99, 16, 23, 41, 91, 71, 42, 43,
43, 21, 81, 88, 66, 16, 65, 83, 13, 46,
74, 84, 53, 91, 4, 5, 72, 89, 21, 54,
10, 0, 25, 75, 83, 14, 15, 73, 86, 24,
82, 95, 11, 29, 49, 43, 45, 13, 25, 24,
25, 66, 7, 78, 56, 79, 84, 94, 67]
[[961, 465, 1633], [1302, 3, 120], [1348, 1169, 787], [638, 571, 695], [1265, 506, 353], [820, 1694, 1141], [1839, 1671, 1663], [1401, 999, 1178], [1833, 258, 15], [447, 354, 1800],
[1326, 1315, 340], [1186, 844, 495], [1306, 419, 1664], [320, 1057, 463], [1168, 550, 1121], [1521, 1370, 890], [738, 1436, 636], [628, 913, 1788], [1807, 821, 121], [49, 1268, 476],
[1849, 821, 18], [416, 82, 863], [911, 1541, 1282], [803, 1861, 567], [1418, 1104, 1117], [614, 853, 714], [1504, 1591, 226], [367, 446, 1139], [230, 480, 187], [504, 529, 1607],
[980, 605, 503], [1150, 1021, 737], [88, 160, 505], [1523, 1115, 442], [165, 608, 1698], [1434, 1374, 626], [223, 1105, 444], [449, 1472, 891], [1740, 1855, 1371], [2, 434, 128],
[1609, 1566, 885], [339, 791, 134], [1077, 1032, 294], [1582, 630, 1409], [251, 947, 244], [25, 456, 1618], [651, 679, 798], [1248, 1281, 497], [214, 1096, 579], [1737, 1099, 1165],
[92, 935, 958], [978, 1275, 1902], [1112, 427, 1009], [1406, 236, 1791], [1042, 488, 813], [1438, 665, 1269], [1283, 1316, 23], [156, 791, 1304], [805, 1005, 628], [1385, 970, 1727],
[625, 1062, 737], [1584, 115, 239], [1561, 1227, 666], [797, 860, 1055], [663, 129, 1543], [1476, 1567, 283], [972, 925, 1751], [1147, 1233, 618], [679, 266, 1775]]
[[3, 8, 10, 8], [2, 6, 4, 3], [6, 10, 5, 10], [7, 7, 5, 4], [6, 1, 10, 5], [5, 6, 0, 10], [0, 2, 6, 4], [5, 0, 4, 8], [8, 3, 3, 10], [8, 8, 0, 1],
[7, 6, 0, 1], [0, 3, 6, 4], [4, 5, 9, 7], [10, 9, 6, 10], [10, 2, 3, 4], [2, 5, 0, 8], [7, 3, 5, 4], [9, 5, 3, 5], [0, 3, 7, 9], [6, 0, 2, 8],
[3, 10, 5, 2], [6, 0, 10, 5], [0, 0, 8, 0], [6, 6, 8, 0], [9, 2, 2, 6], [6, 5, 9, 6], [8, 3, 3, 1], [3, 5, 9, 5], [2, 3, 5, 9], [2, 5, 3, 2],
[3, 9, 3, 7], [4, 9, 7, 1], [10, 9, 7, 5], [3, 5, 9, 9], [9, 1, 10, 10], [5, 9, 2, 5], [1, 6, 3, 3], [9, 5, 4, 1], [3, 5, 9, 8], [1, 5, 9, 0],
[2, 3, 3, 5], [6, 0, 2, 2], [10, 1, 0, 2], [8, 2, 8, 10], [8, 0, 0, 6], [5, 2, 6, 7], [7, 4, 2, 9], [7, 9, 7, 9], [1, 9, 2, 7], [9, 4, 8, 6],
[3, 8, 9, 1], [8, 6, 9, 4], [4, 9, 8, 8], [1, 3, 4, 6], [5, 6, 4, 2], [4, 10, 0, 3], [8, 2, 8, 6], [4, 5, 1, 8], [0, 8, 9, 9], [3, 7, 0, 6],
[3, 8, 3, 2], [1, 7, 9, 6], [0, 2, 6, 4], [1, 7, 5, 7], [7, 2, 2, 1], [8, 2, 9, 6], [10, 5, 4, 1], [1, 4, 7, 2], [0, 10, 5, 10]]
[1, 1, 1, 0.5, 0.5, 0.5, 0.5, 0.5, 0.5, 0.25,
0.25, 0.25, 0.25, 0.25, 0.25, 0.125, 0.125, 0.125, 0.125, 0.125,
0.125, 0.0625, 0.0625, 0.0625, 0.0625, 0.0625, 0.0625, 0.03125, 0.03125, 0.03125,
0.03125, 0.03125, 0.03125, 0.015625, 0.015625, 0.015625, 0.015625, 0.015625, 0.015625, 0.0078125,
0.0078125, 0.0078125, 0.0078125, 0.0078125, 0.0078125, 0.00390625, 0.00390625, 0.00390625, 0.00390625, 0.00390625,
0.00390625, 0.00195312, 0.00195312, 0.00195312, 0.00195312, 0.00195312, 0.00195312, 0.000976562, 0.000976562, 0.000976562,
0.000976562, 0.000976562, 0.000976562, 0.000488281, 0.000488281, 0.000488281, 0.000488281, 0.000488281, 0.000488281]
[6, 6, 5, 4, 5, 2, 6, 3, 9, 7,
3, 1, 4, 2, 7, 0, 5, 4, 1, 4,
8, 2, 3, 1, 4, 2, 2, 1, 7, 1,
3, 0, 9, 2, 8, 9, 7, 3, 8, 4,
8, 4, 4, 8, 9, 7, 2, 2, 7, 6,
4, 4, 0, 3, 7, 5, 8, 8, 4, 7,
0, 9, 8, 8, 9, 3, 3, 7, 9]
------------------------------------------------------- 
# stage = 12	# children c = 2	length of each stage p = 3	nodes = 68	# items I = 1
