[76, 19, 65, 91, 2, 80, 78, 58, 35, 27,
72, 45, 54, 38, 41, 40, 28, 45, 36, 18,
82, 45, 55, 43, 21, 87, 57, 74, 42, 18,
41, 17, 4, 73, 74, 73, 52, 18, 97, 87,
45, 34, 98, 65]
[[31, 1322, 147], [246, 1128, 2006], [1648, 1158, 1413], [441, 753, 1608], [1814, 299, 1195], [47, 18, 1832], [1925, 1529, 445], [1947, 980, 310], [674, 1970, 1526], [1149, 1774, 1549],
[1762, 147, 1213], [251, 745, 332], [247, 384, 1490], [1660, 825, 233], [1610, 981, 885], [796, 1380, 903], [970, 1295, 774], [1415, 1584, 1754], [68, 249, 1714], [1594, 1750, 1830],
[1486, 1502, 1978], [689, 95, 713], [1021, 342, 1097], [854, 344, 264], [1439, 1955, 1597], [314, 1093, 968], [1569, 53, 605], [333, 1821, 180], [77, 1889, 781], [133, 1825, 521],
[1964, 1653, 365], [274, 685, 460], [987, 48, 1154], [427, 1254, 1498], [1043, 684, 1795], [631, 1350, 878], [1951, 1262, 1284], [898, 1595, 1095], [1430, 15, 1326], [201, 148, 1141],
[1074, 102, 1137], [1791, 376, 1822], [593, 1716, 212], [1747, 485, 1467]]
[[8, 10, 2, 0], [6, 6, 9, 9], [4, 5, 10, 9], [3, 3, 2, 9], [8, 3, 0, 2], [2, 5, 0, 2], [5, 0, 5, 9], [0, 5, 0, 6], [3, 0, 4, 9], [6, 1, 8, 0],
[6, 5, 7, 9], [8, 9, 5, 3], [2, 4, 6, 4], [9, 4, 5, 1], [3, 8, 8, 1], [1, 6, 6, 4], [7, 10, 0, 2], [9, 8, 0, 4], [0, 8, 1, 8], [4, 6, 10, 6],
[10, 5, 9, 6], [7, 1, 5, 8], [9, 1, 8, 8], [7, 3, 10, 3], [0, 0, 4, 10], [6, 4, 3, 7], [10, 4, 2, 4], [9, 1, 8, 6], [4, 6, 0, 10], [5, 5, 7, 2],
[4, 4, 10, 1], [7, 10, 4, 8], [10, 8, 5, 3], [0, 8, 10, 10], [0, 0, 1, 9], [1, 10, 2, 4], [3, 2, 3, 9], [6, 10, 0, 10], [2, 8, 0, 7], [7, 3, 2, 4],
[9, 7, 6, 9], [3, 3, 7, 3], [3, 8, 10, 3], [5, 1, 7, 9]]
[1, 1, 0.333333, 0.333333, 0.333333, 0.333333, 0.333333, 0.333333, 0.111111, 0.111111,
0.111111, 0.111111, 0.111111, 0.111111, 0.037037, 0.037037, 0.037037, 0.037037, 0.037037, 0.037037,
0.0123457, 0.0123457, 0.0123457, 0.0123457, 0.0123457, 0.0123457, 0.00411523, 0.00411523, 0.00411523, 0.00411523,
0.00411523, 0.00411523, 0.00137174, 0.00137174, 0.00137174, 0.00137174, 0.00137174, 0.00137174, 0.000457247, 0.000457247,
0.000457247, 0.000457247, 0.000457247, 0.000457247]
[5, 17, 16, 11, 12, 10, 7, 13, 2, 3,
18, 9, 12, 5, 9, 13, 4, 7, 17, 1,
16, 3, 1, 1, 12, 2, 1, 4, 19, 20,
6, 0, 18, 7, 1, 0, 15, 20, 16, 18,
3, 14, 7, 16]
------------------------------------------------------- 
# stage = 8	# children c = 3	length of each stage p = 2	nodes = 43	# items I = 1
