[11, 45, 63, 16, 6, 28, 34, 64, 73, 90,
44, 89, 22, 54, 100, 10, 95, 10, 55, 82,
3, 79, 34, 27, 75, 22, 32, 9, 76, 82,
52, 87, 93, 82, 69, 100, 76, 2, 63, 48,
92, 73, 2, 81, 26, 68, 57, 87, 78, 12,
68, 47, 57, 2, 74, 32, 91, 72, 7, 66,
53, 26, 18, 46, 74, 87, 11, 49, 89, 40,
64, 46, 12, 32, 26, 4, 0, 84, 57, 44,
62, 24, 92, 18, 93, 31, 16, 49, 70, 91,
14, 22, 83, 99, 34, 56, 85, 11, 4, 73,
51, 34, 19, 29, 67, 11, 100, 33, 61, 56,
77, 89, 81, 34, 7, 39, 32, 90, 89, 1,
46, 69, 90, 28, 68, 91, 84, 18, 1, 55,
92, 19, 89, 77, 48, 55, 54, 48, 88, 15,
3, 31, 3, 50, 31, 77, 56, 63, 33, 44,
30, 79, 12, 20, 7, 46, 77, 57, 65, 78,
11, 22, 97, 0, 65, 45, 21, 18, 59, 76,
100, 28, 73, 70, 45, 3, 46, 0, 33, 79]
[[369, 662, 908], [747, 300, 972], [1622, 1322, 299], [965, 395, 938], [1484, 117, 1926], [992, 366, 1149], [1308, 394, 1940], [1071, 1129, 1261], [1300, 1037, 1125], [1554, 1979, 169],
[1714, 365, 832], [892, 1366, 1385], [1864, 1005, 724], [180, 1970, 1119], [1118, 1724, 1489], [1315, 733, 1855], [481, 311, 266], [691, 1636, 1648], [1952, 953, 702], [1094, 777, 951],
[1517, 509, 1569], [366, 1401, 952], [1751, 1536, 1957], [492, 1716, 214], [1864, 1105, 1939], [1370, 690, 942], [1495, 1424, 1254], [31, 133, 907], [1679, 355, 130], [651, 1450, 1160],
[1602, 1237, 1669], [1441, 1603, 1341], [411, 1624, 1147], [638, 386, 1133], [1106, 267, 255], [1315, 1890, 1198], [274, 1655, 640], [1781, 1686, 773], [958, 1382, 1128], [1341, 303, 848],
[519, 175, 102], [205, 1616, 1958], [1799, 297, 1599], [1216, 1189, 255], [367, 312, 775], [875, 1880, 682], [91, 171, 607], [984, 223, 310], [1757, 1181, 1945], [1155, 540, 265],
[274, 1059, 693], [629, 1517, 580], [605, 1587, 877], [474, 820, 83], [983, 1440, 648], [1758, 333, 545], [711, 677, 970], [1318, 1661, 1193], [1629, 1688, 644], [1844, 860, 1437],
[127, 1387, 766], [1073, 34, 554], [1653, 892, 158], [548, 1619, 1231], [884, 619, 942], [1786, 648, 1275], [348, 1359, 1952], [1318, 694, 1630], [781, 593, 1588], [1426, 455, 465],
[1133, 835, 123], [1900, 1908, 157], [471, 1579, 1302], [882, 397, 1191], [383, 1534, 1811], [1325, 1337, 476], [870, 1686, 105], [839, 1274, 799], [739, 73, 1646], [344, 1752, 118],
[1063, 1155, 953], [1186, 1072, 1131], [1596, 1796, 727], [915, 948, 1377], [123, 1332, 929], [204, 927, 283], [933, 1798, 239], [1291, 654, 1514], [108, 1647, 1840], [1754, 261, 1862],
[142, 1324, 1287], [1095, 780, 377], [243, 393, 443], [1224, 1561, 1392], [618, 1938, 994], [1800, 412, 1921], [101, 1599, 1736], [593, 907, 661], [377, 1015, 578], [234, 1039, 839],
[366, 1434, 434], [1654, 799, 1214], [301, 1043, 1608], [997, 537, 1439], [659, 1408, 1394], [1653, 1226, 1807], [1845, 1580, 1423], [1851, 190, 347], [529, 568, 1616], [1360, 1055, 925],
[217, 1675, 377], [651, 1599, 1176], [1865, 170, 489], [1743, 1167, 1279], [1200, 1827, 705], [611, 1750, 201], [688, 1612, 51], [381, 1481, 494], [729, 280, 1315], [615, 1641, 641],
[1793, 128, 333], [440, 1032, 1932], [1870, 1167, 119], [376, 928, 1539], [1909, 398, 1383], [884, 1262, 1151], [1085, 1951, 1033], [1389, 602, 784], [1883, 1584, 1065], [1216, 216, 976],
[1857, 280, 1357], [460, 720, 406], [409, 607, 1826], [781, 1237, 771], [337, 1163, 1422], [1974, 317, 702], [1395, 1655, 923], [445, 1061, 1525], [1230, 961, 1127], [565, 447, 1596],
[1794, 321, 1876], [1168, 1034, 614], [1827, 1696, 1221], [1670, 494, 728], [712, 1085, 161], [151, 1329, 478], [853, 741, 150], [1776, 1439, 1211], [1572, 686, 443], [716, 1504, 890],
[329, 1315, 1465], [476, 500, 516], [1090, 597, 230], [581, 285, 977], [1563, 997, 332], [1724, 1148, 1661], [220, 272, 419], [370, 318, 1859], [1835, 1890, 815], [295, 876, 337],
[1438, 1459, 1652], [920, 1935, 423], [1690, 1295, 1020], [190, 1876, 1558], [1167, 1456, 572], [1500, 1451, 1974], [1178, 1671, 516], [1851, 311, 834], [1980, 163, 995], [1065, 711, 141],
[1655, 167, 1600], [1578, 1340, 1805], [18, 1047, 1117], [1291, 1237, 1264], [867, 675, 737], [1692, 192, 205], [1936, 1623, 146], [469, 1744, 711], [1557, 11, 1127], [569, 1077, 1839]]
[[8, 4, 8, 3], [3, 0, 2, 0], [3, 5, 8, 3], [8, 3, 8, 8], [6, 7, 3, 3], [4, 7, 8, 0], [5, 3, 6, 10], [2, 5, 0, 8], [7, 6, 0, 0], [6, 0, 9, 7],
[5, 6, 8, 0], [8, 5, 8, 3], [2, 1, 5, 4], [8, 0, 3, 0], [3, 9, 8, 3], [3, 8, 9, 10], [1, 7, 8, 5], [8, 5, 2, 0], [9, 10, 1, 6], [3, 7, 8, 3],
[8, 2, 7, 3], [2, 10, 1, 3], [8, 10, 4, 9], [7, 2, 7, 9], [9, 2, 3, 4], [7, 3, 5, 6], [1, 4, 10, 4], [0, 7, 7, 7], [7, 1, 8, 9], [10, 10, 10, 5],
[9, 3, 2, 5], [3, 9, 1, 0], [9, 3, 4, 6], [6, 9, 10, 7], [0, 7, 9, 1], [4, 3, 8, 0], [5, 3, 8, 2], [2, 5, 7, 0], [7, 7, 4, 10], [5, 3, 10, 4],
[6, 2, 8, 0], [0, 5, 5, 10], [1, 4, 0, 5], [7, 6, 4, 10], [9, 1, 1, 1], [4, 7, 10, 0], [3, 3, 0, 7], [5, 8, 9, 0], [10, 6, 9, 9], [9, 4, 8, 10],
[8, 6, 3, 2], [1, 5, 2, 10], [4, 1, 9, 8], [6, 9, 9, 8], [10, 7, 4, 4], [4, 2, 3, 2], [6, 1, 9, 2], [5, 4, 10, 0], [10, 2, 3, 0], [5, 3, 8, 9],
[4, 7, 7, 0], [3, 3, 6, 2], [10, 10, 5, 1], [10, 8, 3, 3], [7, 10, 5, 0], [3, 4, 0, 2], [5, 1, 0, 10], [4, 7, 7, 7], [3, 1, 7, 4], [4, 0, 4, 3],
[10, 9, 4, 7], [4, 6, 10, 1], [5, 2, 1, 7], [4, 10, 9, 7], [1, 8, 7, 5], [4, 1, 1, 5], [2, 6, 9, 6], [4, 2, 9, 3], [10, 0, 8, 3], [4, 5, 2, 8],
[7, 1, 4, 10], [1, 0, 6, 0], [8, 0, 3, 1], [1, 3, 6, 3], [7, 2, 7, 1], [3, 3, 2, 2], [4, 0, 3, 8], [5, 6, 3, 0], [5, 7, 10, 6], [8, 5, 4, 5],
[6, 8, 5, 5], [0, 9, 7, 7], [1, 3, 6, 4], [7, 9, 4, 9], [9, 5, 4, 1], [0, 8, 10, 4], [4, 9, 10, 10], [2, 2, 3, 6], [10, 8, 0, 8], [6, 7, 4, 5],
[9, 0, 7, 5], [9, 0, 3, 5], [6, 5, 4, 4], [2, 4, 8, 5], [2, 6, 4, 2], [8, 7, 8, 5], [2, 7, 2, 7], [3, 6, 1, 1], [4, 9, 4, 0], [7, 5, 3, 0],
[0, 8, 3, 0], [1, 0, 3, 1], [4, 8, 2, 10], [2, 10, 4, 3], [6, 6, 10, 8], [0, 0, 7, 2], [7, 1, 1, 2], [4, 4, 2, 2], [10, 5, 3, 9], [4, 6, 9, 6],
[1, 0, 6, 2], [8, 10, 5, 4], [4, 2, 10, 2], [0, 4, 4, 8], [3, 3, 8, 8], [8, 10, 10, 5], [3, 0, 4, 7], [7, 2, 2, 6], [2, 6, 6, 10], [4, 0, 1, 8],
[0, 9, 8, 1], [3, 10, 7, 6], [3, 4, 1, 9], [1, 1, 3, 4], [1, 5, 0, 6], [7, 1, 0, 7], [7, 6, 5, 0], [5, 4, 6, 5], [3, 3, 6, 4], [3, 0, 10, 4],
[4, 10, 2, 4], [0, 3, 8, 10], [9, 7, 6, 3], [6, 6, 9, 2], [1, 3, 1, 4], [7, 7, 10, 8], [9, 3, 1, 10], [4, 10, 3, 6], [9, 3, 10, 7], [4, 8, 6, 2],
[2, 10, 4, 8], [3, 0, 10, 3], [3, 9, 7, 8], [6, 6, 4, 2], [10, 3, 1, 1], [2, 4, 7, 9], [5, 7, 5, 9], [2, 10, 10, 4], [9, 1, 1, 2], [1, 9, 5, 2],
[8, 10, 8, 1], [6, 1, 3, 3], [5, 2, 4, 5], [4, 0, 4, 9], [5, 7, 7, 5], [6, 4, 9, 3], [5, 8, 3, 6], [5, 8, 6, 2], [7, 4, 1, 0], [3, 2, 3, 8],
[4, 7, 1, 8], [6, 3, 4, 9], [10, 9, 4, 4], [3, 2, 7, 8], [9, 10, 2, 3], [5, 8, 3, 10], [10, 4, 9, 3], [6, 1, 9, 8], [7, 10, 5, 0], [0, 7, 9, 0]]
[1, 1, 1, 1, 1, 0.2, 0.2, 0.2, 0.2, 0.2,
0.2, 0.2, 0.2, 0.2, 0.2, 0.2, 0.2, 0.2, 0.2, 0.2,
0.2, 0.2, 0.2, 0.2, 0.2, 0.2, 0.2, 0.2, 0.2, 0.2,
0.04, 0.04, 0.04, 0.04, 0.04, 0.04, 0.04, 0.04, 0.04, 0.04,
0.04, 0.04, 0.04, 0.04, 0.04, 0.04, 0.04, 0.04, 0.04, 0.04,
0.04, 0.04, 0.04, 0.04, 0.04, 0.008, 0.008, 0.008, 0.008, 0.008,
0.008, 0.008, 0.008, 0.008, 0.008, 0.008, 0.008, 0.008, 0.008, 0.008,
0.008, 0.008, 0.008, 0.008, 0.008, 0.008, 0.008, 0.008, 0.008, 0.008,
0.0016, 0.0016, 0.0016, 0.0016, 0.0016, 0.0016, 0.0016, 0.0016, 0.0016, 0.0016,
0.0016, 0.0016, 0.0016, 0.0016, 0.0016, 0.0016, 0.0016, 0.0016, 0.0016, 0.0016,
0.0016, 0.0016, 0.0016, 0.0016, 0.0016, 0.00032, 0.00032, 0.00032, 0.00032, 0.00032,
0.00032, 0.00032, 0.00032, 0.00032, 0.00032, 0.00032, 0.00032, 0.00032, 0.00032, 0.00032,
0.00032, 0.00032, 0.00032, 0.00032, 0.00032, 0.00032, 0.00032, 0.00032, 0.00032, 0.00032,
6.4e-05, 6.4e-05, 6.4e-05, 6.4e-05, 6.4e-05, 6.4e-05, 6.4e-05, 6.4e-05, 6.4e-05, 6.4e-05,
6.4e-05, 6.4e-05, 6.4e-05, 6.4e-05, 6.4e-05, 6.4e-05, 6.4e-05, 6.4e-05, 6.4e-05, 6.4e-05,
6.4e-05, 6.4e-05, 6.4e-05, 6.4e-05, 6.4e-05, 1.28e-05, 1.28e-05, 1.28e-05, 1.28e-05, 1.28e-05,
1.28e-05, 1.28e-05, 1.28e-05, 1.28e-05, 1.28e-05, 1.28e-05, 1.28e-05, 1.28e-05, 1.28e-05, 1.28e-05,
1.28e-05, 1.28e-05, 1.28e-05, 1.28e-05, 1.28e-05, 1.28e-05, 1.28e-05, 1.28e-05, 1.28e-05, 1.28e-05]
[4, 13, 3, 19, 16, 4, 1, 1, 2, 8,
17, 13, 9, 12, 11, 4, 0, 0, 14, 3,
16, 19, 4, 13, 16, 16, 8, 5, 19, 13,
13, 10, 14, 12, 1, 11, 16, 7, 4, 11,
13, 5, 9, 12, 11, 3, 15, 13, 15, 10,
14, 6, 5, 14, 6, 13, 17, 6, 13, 7,
7, 13, 15, 4, 4, 18, 8, 12, 11, 6,
17, 13, 2, 1, 1, 3, 2, 3, 7, 19,
14, 14, 14, 0, 5, 7, 10, 9, 12, 11,
2, 6, 15, 13, 1, 9, 9, 2, 14, 1,
0, 14, 9, 14, 5, 18, 12, 3, 7, 5,
0, 8, 10, 5, 4, 15, 19, 19, 16, 13,
11, 12, 9, 6, 15, 8, 17, 17, 10, 15,
5, 3, 16, 5, 7, 18, 15, 17, 10, 12,
18, 5, 1, 7, 9, 6, 18, 11, 3, 11,
12, 13, 13, 3, 18, 5, 7, 4, 5, 12,
19, 13, 11, 15, 17, 8, 9, 16, 16, 9,
6, 10, 18, 6, 11, 10, 8, 11, 11, 17]
------------------------------------------------------- 
# stage = 8	# children c = 5	length of each stage p = 5	nodes = 179	# items I = 1
