[100, 17, 96, 54, 55, 93, 10, 22, 33, 38,
58, 20, 17, 92, 31, 31, 19, 37, 28, 60,
8, 70, 33, 16, 93, 52, 49, 70, 5, 67,
33, 4, 84, 28, 24, 4, 87, 34, 94, 19,
38, 17, 39, 55, 8, 36, 86, 94, 40, 80,
20, 14, 49, 19, 30, 42, 72, 45, 78, 43,
12, 10, 47, 62, 4, 38, 33, 91, 72, 93,
77, 77, 9, 82, 31, 84, 18, 84, 44, 58,
63, 64, 72, 12, 83, 69, 20, 20, 80, 98,
63, 58, 75, 77, 20, 79, 14, 19, 70, 52,
11, 46, 28, 87, 27, 60, 70, 11, 9, 13]
[[440, 938, 469], [1631, 1698, 191], [149, 908, 373], [2009, 70, 1954], [1293, 2110, 1563], [1844, 1663, 2024], [292, 1256, 382], [1905, 1011, 1296], [1776, 37, 318], [2106, 1061, 2091],
[573, 1821, 901], [1362, 1645, 791], [1554, 2114, 2020], [1927, 1996, 2090], [2073, 1481, 264], [1508, 1517, 1927], [1404, 1809, 1375], [2106, 1906, 259], [1594, 1555, 616], [105, 1853, 1998],
[68, 619, 1691], [1289, 1981, 1528], [273, 1727, 1835], [165, 1846, 1703], [447, 1791, 1056], [711, 1172, 446], [830, 768, 447], [77, 1067, 226], [656, 853, 2101], [1593, 958, 1826],
[1463, 1026, 317], [1346, 508, 491], [747, 1101, 90], [454, 1586, 1937], [349, 2033, 1920], [1725, 936, 964], [363, 2086, 2053], [811, 355, 1312], [1357, 1332, 37], [1330, 797, 996],
[1028, 132, 214], [1666, 1478, 722], [29, 97, 15], [119, 871, 1601], [248, 1540, 1826], [41, 1138, 954], [1325, 1821, 912], [1250, 824, 1268], [754, 53, 472], [792, 1703, 1269],
[1788, 924, 1721], [2002, 462, 1071], [917, 811, 1489], [932, 930, 552], [726, 1499, 2093], [424, 1860, 1423], [1379, 1057, 1116], [163, 500, 1941], [1751, 1254, 186], [415, 2046, 1890],
[2004, 2026, 686], [1597, 93, 1148], [541, 1330, 1959], [2030, 454, 1081], [774, 1180, 772], [739, 1605, 504], [34, 1176, 1882], [1471, 1659, 254], [1284, 1603, 1828], [1470, 2018, 1747],
[1552, 1895, 1965], [110, 1684, 2058], [1578, 97, 1260], [1729, 319, 1715], [683, 1094, 1087], [1775, 25, 564], [152, 380, 2060], [2034, 1851, 1592], [480, 1007, 1067], [180, 669, 1277],
[119, 94, 1364], [2085, 204, 921], [2015, 2103, 1338], [1468, 1704, 1658], [1375, 259, 944], [334, 227, 1289], [1219, 379, 1669], [1151, 605, 1392], [935, 1085, 591], [194, 1585, 1581],
[1792, 1705, 1675], [1028, 1662, 71], [1949, 1869, 46], [1160, 1529, 1751], [1010, 776, 202], [146, 1111, 429], [1435, 522, 1128], [977, 1673, 2053], [561, 801, 1330], [1153, 1315, 788],
[606, 979, 365], [473, 2008, 219], [544, 1829, 280], [911, 1181, 1810], [854, 63, 458], [1376, 209, 1889], [2126, 1965, 283], [1126, 814, 149], [1372, 1375, 1270], [574, 720, 457]]
[[3, 10, 10, 3], [4, 7, 5, 10], [2, 4, 5, 0], [10, 6, 4, 0], [6, 5, 8, 5], [4, 6, 5, 0], [7, 0, 10, 7], [2, 2, 2, 6], [10, 1, 7, 2], [8, 1, 10, 9],
[3, 4, 7, 0], [8, 0, 0, 4], [5, 6, 7, 7], [1, 0, 7, 6], [9, 4, 1, 0], [4, 3, 4, 2], [2, 0, 2, 9], [1, 1, 5, 3], [4, 1, 3, 10], [10, 2, 1, 2],
[8, 7, 9, 8], [5, 4, 1, 3], [6, 2, 1, 9], [3, 6, 0, 6], [4, 2, 4, 4], [1, 7, 7, 3], [6, 10, 3, 5], [10, 2, 5, 8], [9, 1, 3, 3], [5, 4, 4, 10],
[5, 6, 8, 8], [10, 8, 1, 3], [8, 3, 7, 7], [10, 3, 0, 5], [1, 1, 8, 9], [3, 2, 4, 2], [4, 7, 3, 7], [1, 8, 6, 4], [3, 1, 1, 0], [7, 1, 3, 2],
[4, 0, 10, 4], [1, 8, 7, 0], [9, 5, 10, 1], [7, 1, 1, 9], [9, 3, 6, 8], [0, 10, 1, 1], [10, 0, 1, 6], [1, 2, 9, 6], [2, 6, 8, 2], [3, 4, 0, 1],
[9, 8, 0, 4], [10, 0, 2, 6], [3, 6, 3, 1], [4, 2, 2, 1], [2, 1, 7, 2], [3, 3, 6, 4], [9, 3, 4, 10], [5, 2, 0, 2], [0, 10, 6, 8], [10, 6, 3, 2],
[0, 4, 3, 2], [6, 3, 3, 6], [4, 10, 8, 5], [1, 1, 7, 8], [2, 0, 8, 8], [3, 6, 10, 1], [5, 3, 7, 4], [7, 10, 4, 7], [3, 5, 7, 7], [8, 10, 2, 10],
[8, 9, 3, 9], [10, 10, 4, 2], [9, 1, 8, 10], [6, 7, 0, 0], [8, 5, 3, 2], [4, 5, 8, 5], [0, 4, 1, 6], [4, 1, 6, 10], [10, 7, 6, 10], [6, 10, 10, 2],
[10, 7, 1, 5], [1, 10, 3, 7], [4, 6, 9, 6], [10, 6, 0, 10], [0, 10, 3, 2], [1, 7, 1, 0], [3, 7, 8, 8], [6, 7, 10, 5], [3, 10, 8, 2], [9, 1, 9, 1],
[5, 8, 7, 4], [3, 6, 1, 1], [5, 5, 3, 6], [10, 4, 5, 3], [9, 2, 9, 5], [10, 8, 8, 0], [7, 4, 1, 4], [5, 10, 5, 10], [7, 1, 2, 9], [5, 3, 10, 0],
[6, 1, 6, 4], [5, 0, 7, 4], [1, 3, 7, 9], [0, 2, 7, 6], [6, 8, 8, 9], [8, 2, 7, 2], [1, 9, 9, 7], [10, 7, 5, 4], [8, 0, 8, 0], [10, 2, 2, 0]]
[1, 1, 1, 1, 1, 0.333333, 0.333333, 0.333333, 0.333333, 0.333333,
0.333333, 0.333333, 0.333333, 0.333333, 0.333333, 0.333333, 0.333333, 0.333333, 0.333333, 0.333333,
0.111111, 0.111111, 0.111111, 0.111111, 0.111111, 0.111111, 0.111111, 0.111111, 0.111111, 0.111111,
0.111111, 0.111111, 0.111111, 0.111111, 0.111111, 0.037037, 0.037037, 0.037037, 0.037037, 0.037037,
0.037037, 0.037037, 0.037037, 0.037037, 0.037037, 0.037037, 0.037037, 0.037037, 0.037037, 0.037037,
0.0123457, 0.0123457, 0.0123457, 0.0123457, 0.0123457, 0.0123457, 0.0123457, 0.0123457, 0.0123457, 0.0123457,
0.0123457, 0.0123457, 0.0123457, 0.0123457, 0.0123457, 0.00411523, 0.00411523, 0.00411523, 0.00411523, 0.00411523,
0.00411523, 0.00411523, 0.00411523, 0.00411523, 0.00411523, 0.00411523, 0.00411523, 0.00411523, 0.00411523, 0.00411523,
0.00137174, 0.00137174, 0.00137174, 0.00137174, 0.00137174, 0.00137174, 0.00137174, 0.00137174, 0.00137174, 0.00137174,
0.00137174, 0.00137174, 0.00137174, 0.00137174, 0.00137174, 0.000457247, 0.000457247, 0.000457247, 0.000457247, 0.000457247,
0.000457247, 0.000457247, 0.000457247, 0.000457247, 0.000457247, 0.000457247, 0.000457247, 0.000457247, 0.000457247, 0.000457247]
[14, 15, 13, 16, 9, 14, 21, 5, 17, 5,
14, 8, 20, 11, 14, 7, 0, 6, 1, 21,
9, 11, 9, 1, 5, 0, 9, 9, 13, 3,
10, 10, 7, 17, 16, 14, 6, 5, 17, 15,
13, 17, 17, 3, 1, 14, 15, 17, 16, 2,
7, 7, 19, 2, 16, 14, 6, 4, 11, 7,
11, 20, 19, 1, 4, 17, 20, 20, 12, 6,
13, 11, 3, 16, 17, 2, 19, 9, 12, 4,
13, 2, 0, 3, 19, 14, 4, 4, 12, 18,
19, 12, 17, 7, 9, 20, 10, 8, 2, 17,
17, 6, 8, 0, 6, 5, 13, 13, 17, 10]
------------------------------------------------------- 
# stage = 8	# children c = 3	length of each stage p = 5	nodes = 109	# items I = 1
