[61, 80, 86, 5, 61, 5, 0, 3, 74, 20,
45, 61, 48, 94, 52, 12, 7, 11, 30, 40,
11, 83, 55, 92, 77, 45, 38, 100, 36, 46,
43, 63, 92, 29, 34, 52, 0, 34, 21, 74,
55, 33, 34, 69, 26, 52]
[[451, 204, 521], [12, 919, 476], [615, 1040, 905], [875, 88, 14], [525, 1009, 409], [1029, 970, 1025], [575, 252, 418], [339, 209, 1022], [186, 265, 101], [893, 143, 325],
[131, 935, 869], [993, 243, 40], [765, 858, 376], [626, 689, 804], [980, 170, 769], [345, 496, 696], [327, 27, 244], [41, 706, 793], [19, 892, 14], [121, 742, 498],
[786, 169, 389], [951, 458, 632], [287, 519, 446], [663, 101, 91], [763, 377, 602], [488, 723, 54], [480, 346, 421], [21, 387, 83], [814, 747, 271], [829, 868, 309],
[623, 950, 819], [1012, 153, 233], [940, 440, 49], [682, 399, 490], [69, 118, 868], [671, 946, 547], [21, 723, 189], [442, 744, 576], [865, 514, 279], [93, 639, 443],
[402, 558, 689], [177, 866, 842], [751, 762, 578], [800, 400, 977], [246, 810, 391], [70, 437, 634]]
[[1, 0, 1, 5], [8, 1, 3, 8], [8, 7, 6, 2], [1, 0, 10, 6], [6, 5, 8, 5], [9, 7, 4, 4], [8, 7, 10, 5], [10, 10, 6, 0], [8, 7, 3, 5], [9, 6, 1, 4],
[1, 7, 4, 0], [8, 1, 4, 1], [6, 2, 6, 4], [7, 0, 6, 5], [7, 3, 10, 4], [0, 6, 4, 8], [2, 7, 1, 9], [1, 2, 2, 2], [7, 4, 0, 4], [5, 2, 4, 9],
[4, 10, 1, 10], [8, 7, 4, 3], [9, 3, 7, 9], [7, 1, 5, 10], [6, 6, 6, 7], [6, 7, 7, 2], [0, 5, 7, 4], [8, 9, 2, 10], [8, 1, 9, 4], [9, 2, 7, 5],
[4, 1, 3, 0], [0, 6, 8, 7], [1, 2, 1, 7], [9, 9, 8, 7], [3, 4, 0, 9], [2, 1, 9, 8], [2, 7, 10, 9], [8, 6, 3, 10], [6, 5, 8, 6], [0, 6, 2, 0],
[6, 4, 5, 4], [0, 2, 9, 3], [4, 8, 2, 4], [9, 9, 2, 9], [3, 1, 6, 0], [6, 7, 10, 1]]
[1, 1, 0.5, 0.5, 0.5, 0.5, 0.25, 0.25, 0.25, 0.25,
0.125, 0.125, 0.125, 0.125, 0.0625, 0.0625, 0.0625, 0.0625, 0.03125, 0.03125,
0.03125, 0.03125, 0.015625, 0.015625, 0.015625, 0.015625, 0.0078125, 0.0078125, 0.0078125, 0.0078125,
0.00390625, 0.00390625, 0.00390625, 0.00390625, 0.00195312, 0.00195312, 0.00195312, 0.00195312, 0.000976562, 0.000976562,
0.000976562, 0.000976562, 0.000488281, 0.000488281, 0.000488281, 0.000488281]
[1, 5, 8, 5, 8, 1, 5, 6, 0, 10,
10, 0, 4, 10, 6, 10, 2, 10, 8, 7,
7, 2, 1, 3, 5, 7, 10, 2, 6, 9,
9, 9, 0, 7, 8, 3, 9, 3, 1, 10,
5, 5, 9, 5, 5, 4]
------------------------------------------------------- 
# stage = 12	# children c = 2	length of each stage p = 2	nodes = 45	# items I = 1
