[49, 51, 12, 85, 3, 44, 24, 81, 43, 71,
72, 30, 84, 29, 81, 24, 45, 62, 41, 38,
59, 97, 36, 18, 22, 77, 81, 25, 87, 27,
64, 2, 44, 76, 53, 13, 87, 78, 94, 29,
48, 66, 25, 98, 61, 5]
[[245, 461, 1004], [528, 911, 36], [495, 462, 742], [759, 714, 823], [577, 901, 615], [193, 242, 394], [52, 128, 1022], [806, 751, 19], [725, 606, 926], [770, 545, 327],
[172, 845, 842], [149, 400, 780], [239, 949, 215], [982, 681, 984], [778, 285, 858], [366, 532, 73], [760, 585, 201], [755, 364, 1006], [828, 116, 585], [781, 940, 157],
[81, 85, 29], [924, 235, 483], [731, 528, 405], [1001, 483, 113], [958, 288, 452], [789, 655, 985], [916, 442, 543], [144, 225, 961], [123, 80, 104], [762, 862, 17],
[919, 997, 102], [1003, 948, 391], [459, 653, 920], [919, 627, 430], [5, 558, 719], [458, 374, 401], [416, 263, 897], [1013, 407, 149], [947, 584, 230], [24, 319, 65],
[95, 265, 89], [197, 241, 11], [643, 755, 664], [536, 647, 264], [1020, 706, 876], [712, 137, 223]]
[[5, 4, 9, 3], [0, 0, 4, 0], [4, 7, 9, 8], [1, 3, 4, 2], [1, 4, 6, 9], [8, 1, 3, 6], [8, 4, 5, 7], [2, 7, 2, 5], [9, 0, 8, 10], [10, 1, 10, 3],
[7, 9, 10, 6], [1, 1, 8, 0], [6, 3, 9, 3], [4, 0, 9, 10], [4, 3, 6, 4], [8, 8, 9, 7], [7, 7, 6, 6], [6, 5, 7, 2], [1, 4, 6, 2], [6, 4, 0, 1],
[5, 10, 4, 8], [10, 1, 7, 1], [2, 1, 6, 0], [7, 4, 7, 1], [9, 2, 5, 3], [5, 2, 5, 7], [6, 10, 7, 10], [1, 8, 0, 6], [7, 3, 1, 4], [4, 7, 3, 6],
[8, 9, 6, 2], [1, 2, 4, 8], [2, 9, 0, 8], [9, 4, 4, 3], [3, 0, 2, 4], [8, 1, 8, 2], [4, 10, 4, 8], [6, 8, 1, 1], [4, 6, 1, 5], [8, 5, 1, 9],
[2, 1, 6, 9], [5, 8, 1, 6], [8, 2, 10, 4], [3, 8, 4, 7], [5, 9, 2, 9], [6, 3, 10, 10]]
[1, 1, 0.5, 0.5, 0.5, 0.5, 0.25, 0.25, 0.25, 0.25,
0.125, 0.125, 0.125, 0.125, 0.0625, 0.0625, 0.0625, 0.0625, 0.03125, 0.03125,
0.03125, 0.03125, 0.015625, 0.015625, 0.015625, 0.015625, 0.0078125, 0.0078125, 0.0078125, 0.0078125,
0.00390625, 0.00390625, 0.00390625, 0.00390625, 0.00195312, 0.00195312, 0.00195312, 0.00195312, 0.000976562, 0.000976562,
0.000976562, 0.000976562, 0.000488281, 0.000488281, 0.000488281, 0.000488281]
[0, 6, 6, 4, 7, 0, 1, 5, 7, 6,
10, 8, 0, 0, 10, 4, 4, 1, 4, 7,
4, 2, 0, 8, 0, 0, 5, 6, 9, 6,
1, 3, 6, 9, 10, 6, 1, 4, 2, 5,
10, 10, 10, 9, 9, 1]
------------------------------------------------------- 
# stage = 12	# children c = 2	length of each stage p = 2	nodes = 45	# items I = 1
