[81, 6, 75, 44, 11, 26, 97, 85, 7, 17,
35, 31, 0, 78, 98, 63, 96, 27, 43, 10,
64, 35, 65, 93, 31, 62, 70, 56, 12, 96,
11, 93, 68, 86, 2, 79, 12, 65, 63, 86,
82, 64, 16, 83, 41, 80]
[[735, 1675, 2016], [638, 798, 69], [184, 522, 1277], [790, 1554, 642], [1339, 1486, 939], [735, 487, 1340], [105, 2069, 187], [954, 795, 1824], [1133, 566, 1213], [1272, 1319, 1600],
[329, 2054, 1797], [868, 1214, 525], [937, 1398, 1047], [144, 710, 1123], [1379, 571, 1131], [248, 1307, 1618], [110, 2004, 140], [298, 1480, 1527], [644, 543, 23], [380, 1815, 1934],
[1980, 667, 1918], [1708, 1535, 1062], [755, 994, 982], [325, 1730, 214], [2040, 1631, 785], [1102, 1879, 614], [1242, 512, 548], [1382, 810, 550], [1431, 1454, 1093], [1454, 1834, 1431],
[1318, 1745, 620], [1758, 1975, 677], [1342, 660, 1671], [846, 1577, 1923], [1060, 1548, 1485], [1846, 580, 1886], [982, 344, 328], [53, 249, 1138], [603, 1680, 1115], [1697, 1657, 879],
[1650, 1497, 1146], [200, 1186, 1643], [877, 1050, 826], [1070, 1897, 333], [1515, 887, 1881], [930, 1255, 983]]
[[2, 8, 7, 2], [6, 0, 4, 8], [5, 1, 6, 7], [6, 0, 1, 1], [4, 3, 2, 5], [1, 4, 4, 2], [7, 4, 0, 2], [1, 6, 2, 1], [4, 8, 1, 8], [6, 4, 6, 0],
[5, 1, 7, 1], [0, 6, 0, 2], [7, 2, 8, 8], [7, 1, 0, 3], [5, 9, 3, 4], [4, 4, 3, 8], [10, 3, 4, 3], [7, 10, 3, 10], [9, 8, 9, 7], [1, 9, 10, 8],
[10, 7, 6, 6], [6, 4, 7, 10], [2, 9, 1, 6], [0, 5, 2, 10], [6, 4, 2, 2], [3, 3, 10, 10], [0, 9, 5, 10], [5, 4, 7, 4], [9, 0, 8, 4], [4, 5, 1, 4],
[1, 3, 0, 1], [6, 0, 0, 1], [4, 0, 1, 5], [3, 0, 2, 1], [9, 7, 0, 4], [9, 5, 6, 7], [6, 4, 10, 8], [7, 9, 2, 8], [1, 0, 9, 7], [9, 7, 6, 0],
[7, 7, 3, 8], [8, 5, 9, 4], [0, 7, 6, 7], [10, 2, 2, 3], [6, 1, 1, 0], [10, 1, 8, 10]]
[1, 1, 0.5, 0.5, 0.5, 0.5, 0.25, 0.25, 0.25, 0.25,
0.125, 0.125, 0.125, 0.125, 0.0625, 0.0625, 0.0625, 0.0625, 0.03125, 0.03125,
0.03125, 0.03125, 0.015625, 0.015625, 0.015625, 0.015625, 0.0078125, 0.0078125, 0.0078125, 0.0078125,
0.00390625, 0.00390625, 0.00390625, 0.00390625, 0.00195312, 0.00195312, 0.00195312, 0.00195312, 0.000976562, 0.000976562,
0.000976562, 0.000976562, 0.000488281, 0.000488281, 0.000488281, 0.000488281]
[15, 17, 14, 2, 2, 16, 9, 13, 10, 7,
8, 15, 5, 8, 11, 19, 8, 12, 5, 5,
6, 10, 12, 16, 0, 3, 20, 7, 20, 6,
15, 12, 14, 20, 16, 3, 5, 16, 12, 16,
10, 19, 16, 12, 0, 0]
------------------------------------------------------- 
# stage = 12	# children c = 2	length of each stage p = 2	nodes = 45	# items I = 1
