[53, 37, 91, 98, 17, 84, 27, 47, 90, 4,
56, 49, 65, 1, 18, 53, 92, 95, 81, 75,
53, 28, 93, 34, 42, 43, 33, 7, 41, 61,
73, 61, 98, 63, 58, 82, 12, 51, 95, 1,
55, 50, 50, 86, 52, 35]
[[666, 694, 838], [405, 716, 839], [596, 693, 240], [191, 643, 489], [315, 228, 118], [121, 276, 838], [180, 785, 309], [810, 822, 637], [131, 381, 94], [94, 394, 407],
[751, 194, 235], [723, 369, 721], [466, 99, 318], [707, 60, 96], [330, 146, 324], [218, 37, 370], [191, 217, 289], [270, 162, 246], [41, 63, 397], [771, 157, 791],
[312, 42, 119], [317, 535, 258], [808, 135, 357], [260, 842, 188], [126, 77, 334], [450, 295, 371], [591, 486, 358], [14, 526, 290], [30, 567, 353], [428, 242, 510],
[353, 324, 322], [243, 641, 857], [501, 583, 763], [859, 614, 739], [817, 740, 586], [285, 95, 16], [426, 686, 272], [784, 700, 569], [845, 731, 270], [332, 293, 283],
[613, 416, 607], [69, 659, 153], [697, 295, 506], [594, 58, 254], [237, 9, 765], [824, 64, 860]]
[[1, 6, 8, 5], [9, 9, 6, 8], [4, 7, 2, 7], [6, 1, 6, 6], [5, 0, 3, 5], [7, 10, 0, 7], [10, 1, 1, 9], [8, 4, 10, 9], [0, 7, 2, 7], [3, 8, 3, 8],
[3, 5, 4, 9], [4, 8, 3, 7], [9, 4, 1, 3], [4, 10, 8, 3], [0, 10, 10, 8], [1, 9, 5, 10], [4, 5, 7, 7], [2, 10, 2, 3], [2, 5, 2, 7], [2, 3, 1, 9],
[7, 3, 2, 9], [2, 10, 2, 1], [7, 10, 7, 9], [7, 1, 6, 9], [6, 2, 3, 7], [1, 6, 10, 4], [0, 10, 9, 0], [2, 10, 10, 8], [0, 10, 6, 1], [7, 6, 0, 4],
[6, 7, 0, 0], [9, 6, 9, 2], [7, 10, 9, 8], [5, 7, 10, 3], [6, 6, 4, 7], [4, 1, 4, 2], [0, 10, 1, 7], [4, 1, 9, 8], [9, 7, 8, 5], [1, 4, 7, 8],
[3, 4, 3, 7], [9, 3, 10, 4], [7, 1, 9, 0], [2, 2, 3, 0], [0, 4, 6, 4], [4, 4, 1, 2]]
[1, 1, 0.5, 0.5, 0.5, 0.5, 0.25, 0.25, 0.25, 0.25,
0.125, 0.125, 0.125, 0.125, 0.0625, 0.0625, 0.0625, 0.0625, 0.03125, 0.03125,
0.03125, 0.03125, 0.015625, 0.015625, 0.015625, 0.015625, 0.0078125, 0.0078125, 0.0078125, 0.0078125,
0.00390625, 0.00390625, 0.00390625, 0.00390625, 0.00195312, 0.00195312, 0.00195312, 0.00195312, 0.000976562, 0.000976562,
0.000976562, 0.000976562, 0.000488281, 0.000488281, 0.000488281, 0.000488281]
[10, 12, 16, 3, 10, 16, 7, 6, 10, 9,
12, 15, 3, 9, 4, 15, 5, 11, 1, 3,
12, 14, 15, 16, 4, 13, 9, 6, 13, 7,
15, 12, 9, 5, 17, 17, 4, 11, 14, 7,
13, 12, 10, 12, 14, 3]
------------------------------------------------------- 
# stage = 12	# children c = 2	length of each stage p = 2	nodes = 45	# items I = 1
