[40, 12, 8, 74, 6, 98, 56, 61, 4, 32,
73, 81, 58, 88, 35, 31, 28, 69, 36, 20,
22, 100, 37, 3, 70, 36, 0, 65, 15, 84,
63, 22, 62, 37]
[[469, 1291, 360], [478, 616, 753], [222, 195, 775], [82, 573, 153], [1013, 1375, 284], [843, 879, 1503], [1123, 1589, 556], [290, 825, 708], [1500, 867, 1162], [331, 1435, 854],
[579, 234, 805], [939, 1043, 1421], [353, 1596, 277], [1128, 8, 850], [1612, 1021, 885], [225, 193, 94], [388, 1648, 343], [1275, 598, 1168], [313, 427, 695], [1475, 758, 791],
[989, 1338, 1356], [123, 937, 728], [204, 1621, 653], [481, 1078, 661], [1663, 1020, 11], [877, 1576, 536], [971, 294, 844], [1646, 1569, 1442], [1474, 542, 529], [830, 346, 1619],
[1621, 1666, 1617], [1306, 118, 1214], [363, 323, 1165], [1347, 1135, 572]]
[[4, 3, 1, 2], [0, 10, 2, 6], [7, 6, 2, 7], [3, 8, 2, 4], [3, 3, 10, 5], [8, 3, 3, 1], [9, 1, 1, 5], [3, 1, 1, 7], [5, 0, 7, 3], [10, 8, 9, 4],
[1, 9, 10, 4], [4, 1, 7, 7], [4, 4, 10, 0], [5, 2, 1, 4], [3, 0, 9, 4], [1, 8, 9, 4], [9, 4, 5, 6], [1, 1, 0, 2], [10, 10, 4, 3], [9, 9, 8, 3],
[1, 7, 1, 6], [8, 0, 8, 9], [0, 5, 3, 10], [2, 10, 2, 0], [3, 7, 5, 4], [9, 5, 4, 6], [2, 7, 8, 0], [3, 3, 1, 4], [0, 0, 9, 6], [0, 6, 4, 9],
[0, 5, 7, 1], [5, 9, 10, 8], [3, 4, 0, 10], [7, 4, 4, 9]]
[1, 0.333333, 0.333333, 0.333333, 0.111111, 0.111111, 0.111111, 0.037037, 0.037037, 0.037037,
0.0123457, 0.0123457, 0.0123457, 0.00411523, 0.00411523, 0.00411523, 0.00137174, 0.00137174, 0.00137174, 0.000457247,
0.000457247, 0.000457247, 0.000152416, 0.000152416, 0.000152416, 5.08053e-05, 5.08053e-05, 5.08053e-05, 1.69351e-05, 1.69351e-05,
1.69351e-05, 5.64503e-06, 5.64503e-06, 5.64503e-06]
[5, 12, 16, 0, 6, 8, 1, 13, 12, 0,
1, 15, 5, 13, 11, 3, 2, 12, 0, 10,
16, 0, 5, 6, 13, 11, 8, 7, 5, 8,
13, 6, 1, 7]
------------------------------------------------------- 
# stage = 12	# children c = 3	length of each stage p = 1	nodes = 33	# items I = 1
