[93, 100, 50, 54, 46, 65, 30, 97, 86, 83,
98, 99, 50, 89, 94, 70, 62, 95, 41, 62,
35, 40, 15, 79, 53, 4, 78, 31, 3, 30,
81, 96, 29, 97, 15, 41, 61, 45, 3, 12,
27, 67, 78, 44, 56, 71, 13, 17, 31, 54,
46, 32, 61, 61, 10, 13, 65, 54, 10, 35,
84, 57, 97, 79, 53, 12, 19, 80, 23, 22,
59, 17, 90, 2, 61, 11, 39, 74, 95, 70,
94, 40, 1, 54, 67, 11, 33, 99, 65, 44,
33, 15, 67, 96, 94, 87, 74, 80, 66, 98,
68, 91, 14, 57, 93, 75, 34, 31, 14, 29,
0, 7, 69, 68, 28, 2, 45, 61, 0, 10,
71, 100, 92, 38, 95, 51, 24, 35, 30, 56]
[[1232, 656, 161], [631, 776, 2050], [129, 15, 1605], [405, 1666, 1691], [1271, 83, 617], [723, 641, 1000], [250, 989, 85], [324, 1793, 2042], [1659, 98, 1209], [1890, 552, 1903],
[421, 1785, 497], [582, 354, 1273], [570, 1169, 1974], [799, 198, 1578], [1114, 1470, 286], [1731, 817, 927], [670, 1067, 540], [1441, 16, 272], [45, 1675, 1056], [1940, 127, 1609],
[1781, 548, 2018], [216, 1816, 996], [113, 324, 103], [26, 1810, 301], [228, 862, 1771], [1200, 532, 1213], [65, 1888, 218], [1292, 1267, 234], [1564, 1312, 533], [558, 1876, 1346],
[791, 1595, 1894], [747, 435, 1648], [1743, 1234, 597], [470, 1946, 345], [772, 799, 1207], [1167, 1999, 363], [318, 3, 189], [1223, 1295, 1456], [1457, 1483, 1392], [615, 665, 1892],
[1961, 1457, 1425], [418, 828, 484], [4, 1196, 343], [1287, 1666, 227], [1632, 1062, 1026], [1464, 168, 1650], [1827, 486, 277], [2017, 333, 196], [35, 1791, 1679], [52, 1030, 968],
[1944, 1615, 1049], [1994, 2033, 1878], [416, 662, 1698], [759, 1949, 1988], [1673, 144, 989], [1323, 232, 1157], [911, 2059, 267], [1188, 638, 601], [1384, 1360, 1016], [1687, 1412, 670],
[594, 1980, 223], [1643, 1912, 881], [83, 953, 1543], [1781, 336, 1430], [1708, 633, 198], [1321, 1957, 430], [416, 806, 428], [1369, 619, 1752], [594, 2003, 1050], [234, 253, 1086],
[904, 847, 1691], [1814, 428, 1541], [633, 1198, 1118], [114, 917, 79], [168, 1249, 712], [367, 508, 607], [797, 1610, 38], [1225, 1604, 1343], [1602, 136, 1284], [1276, 371, 1537],
[301, 1961, 1008], [1992, 1713, 61], [95, 284, 1259], [1900, 1084, 114], [1979, 1253, 2050], [629, 1620, 1182], [1923, 355, 731], [585, 205, 273], [1928, 431, 1095], [1836, 1707, 1466],
[1998, 632, 2052], [944, 1248, 1703], [1005, 1344, 612], [202, 1182, 1696], [1003, 1785, 887], [991, 352, 1131], [111, 899, 111], [1528, 1484, 316], [425, 1350, 1433], [1521, 1125, 1078],
[1611, 1061, 1711], [1601, 2005, 897], [1243, 1635, 865], [479, 1837, 671], [113, 1464, 394], [1001, 393, 1433], [756, 1191, 270], [867, 657, 379], [1869, 1083, 1729], [1240, 1228, 1478],
[943, 777, 477], [1278, 317, 1107], [799, 184, 1366], [1665, 663, 1141], [960, 1462, 1230], [2041, 1087, 1623], [36, 1844, 1438], [992, 649, 720], [1371, 1143, 427], [1725, 321, 1655],
[1141, 1950, 1056], [243, 1166, 2059], [2036, 1966, 867], [1340, 193, 154], [1105, 1839, 1617], [273, 1818, 642], [521, 1854, 424], [1959, 1471, 1760], [1303, 780, 841], [354, 1129, 1848]]
[[1, 7, 1, 9], [3, 6, 3, 7], [7, 3, 6, 5], [1, 2, 4, 8], [6, 5, 0, 6], [6, 4, 7, 5], [2, 0, 1, 6], [5, 9, 5, 4], [3, 4, 2, 5], [8, 5, 1, 4],
[6, 7, 10, 5], [7, 3, 3, 3], [6, 3, 9, 0], [5, 4, 5, 6], [2, 6, 1, 5], [5, 4, 7, 6], [6, 7, 0, 4], [10, 1, 8, 5], [6, 5, 10, 3], [6, 0, 6, 2],
[1, 2, 2, 5], [4, 7, 0, 6], [1, 1, 9, 6], [4, 5, 1, 10], [1, 0, 3, 0], [1, 10, 3, 8], [4, 3, 0, 0], [1, 4, 0, 3], [4, 0, 8, 9], [7, 6, 2, 6],
[5, 10, 1, 9], [4, 1, 9, 4], [10, 10, 4, 0], [9, 6, 6, 3], [9, 4, 1, 8], [8, 1, 9, 0], [1, 4, 7, 6], [10, 7, 2, 5], [6, 1, 1, 9], [0, 8, 2, 10],
[8, 4, 9, 6], [10, 4, 7, 6], [9, 6, 2, 4], [7, 0, 2, 6], [5, 9, 2, 2], [6, 2, 7, 10], [3, 7, 6, 2], [4, 8, 1, 1], [0, 10, 6, 8], [2, 0, 2, 9],
[7, 4, 0, 1], [2, 3, 8, 7], [10, 8, 10, 3], [10, 4, 3, 0], [0, 9, 2, 3], [5, 2, 2, 3], [10, 6, 9, 10], [7, 0, 8, 1], [2, 9, 2, 5], [10, 8, 10, 9],
[5, 9, 2, 2], [1, 3, 1, 10], [10, 1, 2, 2], [3, 5, 5, 1], [0, 4, 0, 5], [2, 9, 6, 5], [5, 7, 8, 2], [4, 7, 0, 8], [4, 0, 10, 5], [3, 9, 4, 1],
[0, 7, 3, 3], [10, 9, 4, 8], [0, 3, 3, 2], [10, 7, 5, 4], [3, 2, 6, 8], [10, 4, 5, 3], [5, 2, 6, 6], [1, 10, 7, 10], [4, 0, 0, 1], [7, 5, 10, 5],
[6, 2, 5, 5], [7, 0, 9, 0], [0, 2, 6, 8], [4, 9, 9, 7], [0, 4, 3, 10], [2, 8, 7, 6], [6, 8, 6, 0], [0, 5, 5, 6], [5, 0, 0, 1], [0, 7, 1, 9],
[7, 7, 7, 0], [3, 5, 8, 4], [8, 9, 1, 10], [6, 9, 3, 2], [6, 9, 2, 6], [3, 6, 10, 6], [6, 10, 8, 4], [4, 7, 2, 0], [2, 9, 0, 5], [2, 6, 7, 10],
[4, 7, 9, 0], [5, 10, 0, 9], [9, 0, 2, 1], [6, 1, 6, 1], [9, 3, 3, 2], [8, 6, 2, 10], [2, 0, 3, 4], [7, 10, 1, 0], [6, 8, 9, 9], [8, 9, 7, 6],
[8, 7, 5, 3], [8, 0, 3, 4], [1, 6, 6, 10], [10, 8, 7, 2], [9, 10, 4, 5], [10, 4, 3, 3], [1, 2, 2, 9], [9, 7, 2, 6], [4, 6, 8, 10], [4, 0, 4, 6],
[4, 10, 5, 4], [6, 10, 6, 2], [10, 8, 7, 9], [1, 8, 1, 3], [10, 1, 10, 7], [9, 0, 2, 0], [6, 10, 10, 8], [8, 1, 3, 2], [10, 6, 6, 3], [6, 10, 5, 5]]
[1, 1, 1, 1, 1, 0.2, 0.2, 0.2, 0.2, 0.2,
0.2, 0.2, 0.2, 0.2, 0.2, 0.2, 0.2, 0.2, 0.2, 0.2,
0.2, 0.2, 0.2, 0.2, 0.2, 0.2, 0.2, 0.2, 0.2, 0.2,
0.04, 0.04, 0.04, 0.04, 0.04, 0.04, 0.04, 0.04, 0.04, 0.04,
0.04, 0.04, 0.04, 0.04, 0.04, 0.04, 0.04, 0.04, 0.04, 0.04,
0.04, 0.04, 0.04, 0.04, 0.04, 0.008, 0.008, 0.008, 0.008, 0.008,
0.008, 0.008, 0.008, 0.008, 0.008, 0.008, 0.008, 0.008, 0.008, 0.008,
0.008, 0.008, 0.008, 0.008, 0.008, 0.008, 0.008, 0.008, 0.008, 0.008,
0.0016, 0.0016, 0.0016, 0.0016, 0.0016, 0.0016, 0.0016, 0.0016, 0.0016, 0.0016,
0.0016, 0.0016, 0.0016, 0.0016, 0.0016, 0.0016, 0.0016, 0.0016, 0.0016, 0.0016,
0.0016, 0.0016, 0.0016, 0.0016, 0.0016, 0.00032, 0.00032, 0.00032, 0.00032, 0.00032,
0.00032, 0.00032, 0.00032, 0.00032, 0.00032, 0.00032, 0.00032, 0.00032, 0.00032, 0.00032,
0.00032, 0.00032, 0.00032, 0.00032, 0.00032, 0.00032, 0.00032, 0.00032, 0.00032, 0.00032]
[5, 9, 3, 1, 4, 2, 5, 5, 2, 1,
3, 4, 6, 2, 3, 9, 0, 4, 9, 4,
3, 1, 4, 6, 4, 9, 2, 2, 3, 4,
5, 10, 7, 6, 8, 6, 4, 7, 10, 0,
4, 9, 7, 10, 0, 4, 4, 10, 7, 4,
3, 1, 3, 2, 5, 4, 10, 2, 10, 5,
2, 4, 2, 5, 5, 0, 7, 4, 6, 0,
7, 9, 5, 1, 10, 0, 4, 8, 4, 2,
9, 6, 10, 4, 3, 5, 5, 5, 1, 10,
10, 0, 0, 6, 8, 0, 6, 10, 1, 0,
4, 0, 5, 4, 9, 3, 1, 10, 9, 3,
8, 2, 3, 7, 1, 2, 8, 1, 6, 5,
6, 0, 10, 4, 10, 4, 4, 8, 2, 9]
------------------------------------------------------- 
# stage = 6	# children c = 5	length of each stage p = 5	nodes = 129	# items I = 1
