[30, 55, 60, 79, 98, 2, 47, 87, 57, 64,
40, 69, 3, 46, 85, 41, 16, 71, 86, 73,
73, 75, 81, 45, 1, 72, 70, 57, 16, 6,
82, 12, 62, 8, 91, 59, 77, 3, 45, 33,
67, 52, 1, 36, 98, 53, 43, 13, 90, 95,
53, 63, 70, 33, 7, 37, 72, 43, 94, 88,
50, 75, 67, 11, 49, 23, 70, 26, 27, 82,
59, 60, 33, 27, 63, 30, 80, 5, 10, 69,
67, 63, 98, 2, 62, 4, 39, 33, 14, 32,
88, 64, 73, 20, 75, 22, 43, 10, 48, 70,
58, 73, 97, 91, 100, 59, 88, 45, 30, 64,
14, 63, 93, 11, 65, 54, 83, 3, 54, 63,
1, 7, 26, 41, 27, 67, 63, 70, 43, 77]
[[10, 1819, 193], [533, 1651, 1788], [596, 1125, 1665], [1655, 1475, 1184], [806, 427, 1506], [682, 291, 1162], [79, 1405, 1007], [1716, 1692, 417], [594, 128, 898], [1346, 499, 1269],
[1148, 144, 852], [1341, 677, 267], [1258, 908, 1392], [688, 693, 996], [1, 1499, 1058], [1508, 310, 1349], [434, 24, 883], [1441, 1741, 704], [1493, 464, 468], [155, 1810, 602],
[1059, 722, 381], [41, 192, 1059], [308, 1085, 96], [1701, 1773, 424], [461, 1410, 52], [1520, 682, 1868], [633, 1116, 22], [1152, 321, 1763], [1491, 1814, 1862], [88, 1605, 1436],
[325, 793, 287], [707, 834, 479], [1766, 778, 1199], [1497, 608, 1102], [1557, 704, 641], [1609, 1859, 958], [1242, 622, 203], [1264, 1774, 524], [791, 1029, 102], [417, 1118, 1342],
[1853, 1078, 265], [1775, 1785, 734], [18, 1315, 1512], [1217, 577, 1755], [83, 263, 589], [359, 1507, 212], [1317, 878, 834], [1520, 1777, 372], [1679, 332, 1402], [1417, 749, 284],
[888, 366, 1362], [788, 270, 912], [1523, 1794, 356], [1164, 1141, 933], [684, 1224, 831], [1273, 1584, 468], [1485, 1030, 981], [84, 315, 888], [91, 1629, 855], [1128, 1175, 1240],
[1047, 1699, 1606], [539, 616, 1512], [1086, 268, 1435], [1442, 1068, 340], [140, 1752, 1200], [971, 789, 548], [1439, 38, 1213], [550, 1628, 1528], [1073, 1720, 922], [57, 612, 226],
[1297, 1660, 1560], [668, 1834, 306], [309, 1049, 209], [1379, 620, 912], [1355, 760, 793], [684, 1732, 1217], [867, 935, 1256], [209, 1485, 648], [1373, 687, 497], [424, 380, 1110],
[285, 1677, 534], [1846, 474, 497], [1787, 418, 1546], [1631, 1433, 1801], [673, 552, 326], [1101, 871, 1693], [448, 1738, 757], [1339, 76, 7], [116, 1084, 329], [249, 1143, 709],
[1359, 1429, 151], [1528, 1039, 260], [154, 590, 679], [1335, 350, 1747], [900, 1023, 428], [1226, 254, 1299], [683, 702, 801], [1076, 1676, 512], [718, 1792, 1597], [1047, 170, 869],
[1392, 1164, 62], [1178, 821, 736], [1438, 610, 1326], [1752, 1580, 1677], [1628, 610, 829], [1691, 1471, 1083], [754, 284, 1420], [1555, 995, 860], [1703, 1713, 782], [1429, 524, 587],
[62, 1551, 1387], [1631, 858, 1843], [496, 61, 218], [1823, 1813, 1798], [1629, 1206, 537], [222, 1026, 138], [941, 1416, 57], [490, 735, 1052], [986, 567, 529], [1768, 1631, 1053],
[119, 1694, 734], [1506, 1454, 1227], [1114, 1585, 1288], [1332, 1537, 1231], [1259, 1295, 566], [1432, 1153, 1227], [1570, 223, 407], [1262, 713, 1143], [443, 1699, 1345], [607, 1231, 1106]]
[[1, 6, 4, 10], [3, 10, 7, 10], [2, 8, 9, 9], [0, 5, 10, 3], [1, 2, 0, 2], [2, 0, 10, 5], [7, 10, 9, 3], [5, 9, 4, 4], [2, 9, 1, 6], [6, 8, 3, 6],
[4, 2, 5, 4], [5, 2, 5, 4], [2, 5, 4, 4], [4, 3, 9, 9], [0, 5, 0, 6], [3, 4, 8, 6], [0, 10, 10, 6], [5, 2, 2, 7], [2, 5, 9, 6], [5, 4, 8, 7],
[7, 2, 9, 9], [3, 7, 8, 4], [1, 6, 8, 2], [10, 5, 6, 9], [2, 5, 4, 6], [6, 4, 2, 6], [7, 1, 1, 1], [3, 8, 6, 10], [10, 4, 7, 0], [9, 4, 4, 10],
[8, 10, 0, 5], [3, 6, 3, 5], [10, 6, 0, 5], [10, 1, 0, 5], [0, 0, 4, 3], [8, 0, 0, 7], [4, 7, 5, 3], [9, 8, 0, 6], [7, 0, 1, 10], [5, 4, 3, 4],
[8, 1, 9, 6], [0, 7, 0, 0], [7, 4, 1, 4], [2, 2, 9, 5], [7, 4, 6, 6], [1, 6, 1, 6], [5, 0, 4, 8], [3, 7, 1, 0], [6, 8, 6, 7], [4, 6, 5, 10],
[9, 7, 1, 0], [9, 9, 3, 5], [2, 9, 9, 1], [3, 9, 5, 6], [9, 9, 3, 1], [3, 4, 0, 10], [1, 6, 4, 3], [0, 9, 0, 9], [5, 2, 7, 1], [0, 9, 5, 0],
[7, 3, 10, 10], [10, 4, 5, 9], [1, 8, 8, 4], [10, 8, 1, 9], [2, 3, 0, 2], [2, 0, 9, 5], [2, 3, 5, 0], [1, 10, 0, 7], [0, 8, 6, 0], [2, 10, 7, 3],
[5, 2, 5, 5], [9, 7, 1, 0], [8, 1, 0, 8], [2, 7, 3, 2], [10, 6, 3, 10], [3, 1, 6, 1], [10, 10, 10, 10], [9, 6, 2, 2], [7, 5, 5, 5], [10, 6, 3, 8],
[6, 1, 5, 6], [8, 6, 8, 5], [1, 9, 4, 4], [0, 8, 4, 10], [8, 3, 9, 4], [10, 9, 6, 4], [1, 0, 7, 1], [5, 10, 7, 0], [0, 1, 6, 6], [8, 1, 0, 7],
[0, 3, 10, 0], [0, 3, 8, 8], [6, 4, 0, 3], [0, 6, 5, 1], [5, 1, 2, 8], [0, 9, 8, 9], [9, 1, 2, 4], [0, 3, 0, 0], [6, 8, 9, 4], [9, 4, 2, 5],
[8, 2, 6, 6], [6, 1, 8, 9], [2, 8, 6, 1], [5, 1, 8, 3], [2, 0, 5, 3], [1, 3, 1, 5], [1, 9, 9, 10], [2, 9, 2, 9], [9, 7, 4, 5], [8, 1, 3, 8],
[8, 10, 7, 2], [0, 5, 3, 1], [3, 8, 2, 2], [9, 1, 7, 10], [10, 3, 8, 0], [2, 8, 9, 0], [4, 2, 3, 1], [2, 5, 8, 8], [4, 4, 10, 2], [7, 0, 1, 8],
[6, 1, 10, 4], [3, 4, 4, 2], [8, 10, 0, 8], [7, 9, 8, 1], [10, 10, 0, 10], [4, 8, 7, 6], [0, 4, 6, 7], [4, 8, 5, 8], [9, 2, 1, 10], [7, 3, 0, 2]]
[1, 1, 1, 1, 1, 0.2, 0.2, 0.2, 0.2, 0.2,
0.2, 0.2, 0.2, 0.2, 0.2, 0.2, 0.2, 0.2, 0.2, 0.2,
0.2, 0.2, 0.2, 0.2, 0.2, 0.2, 0.2, 0.2, 0.2, 0.2,
0.04, 0.04, 0.04, 0.04, 0.04, 0.04, 0.04, 0.04, 0.04, 0.04,
0.04, 0.04, 0.04, 0.04, 0.04, 0.04, 0.04, 0.04, 0.04, 0.04,
0.04, 0.04, 0.04, 0.04, 0.04, 0.008, 0.008, 0.008, 0.008, 0.008,
0.008, 0.008, 0.008, 0.008, 0.008, 0.008, 0.008, 0.008, 0.008, 0.008,
0.008, 0.008, 0.008, 0.008, 0.008, 0.008, 0.008, 0.008, 0.008, 0.008,
0.0016, 0.0016, 0.0016, 0.0016, 0.0016, 0.0016, 0.0016, 0.0016, 0.0016, 0.0016,
0.0016, 0.0016, 0.0016, 0.0016, 0.0016, 0.0016, 0.0016, 0.0016, 0.0016, 0.0016,
0.0016, 0.0016, 0.0016, 0.0016, 0.0016, 0.00032, 0.00032, 0.00032, 0.00032, 0.00032,
0.00032, 0.00032, 0.00032, 0.00032, 0.00032, 0.00032, 0.00032, 0.00032, 0.00032, 0.00032,
0.00032, 0.00032, 0.00032, 0.00032, 0.00032, 0.00032, 0.00032, 0.00032, 0.00032, 0.00032]
[2, 2, 5, 9, 8, 2, 0, 2, 6, 8,
3, 9, 6, 2, 7, 8, 4, 9, 9, 4,
9, 4, 0, 6, 6, 5, 4, 5, 8, 5,
6, 8, 7, 1, 1, 5, 6, 2, 0, 7,
7, 0, 0, 6, 3, 8, 9, 2, 8, 4,
4, 0, 3, 9, 4, 4, 2, 7, 0, 4,
6, 8, 3, 4, 6, 3, 3, 5, 7, 4,
4, 7, 2, 0, 9, 1, 3, 3, 1, 9,
1, 2, 7, 4, 3, 2, 8, 5, 5, 8,
4, 1, 2, 5, 7, 3, 1, 4, 3, 9,
1, 8, 0, 2, 1, 1, 3, 6, 3, 9,
0, 0, 0, 3, 7, 5, 5, 7, 9, 4,
4, 0, 2, 5, 2, 8, 1, 7, 7, 9]
------------------------------------------------------- 
# stage = 6	# children c = 5	length of each stage p = 5	nodes = 129	# items I = 1
