[0, 21, 39, 97, 32, 47, 2, 89, 4, 71,
61, 16, 82, 39, 50, 73, 92, 6, 83, 65,
7, 33, 78, 59, 72, 39, 40, 30, 93, 44,
97, 59, 66, 35, 55, 64, 48, 57, 53, 18,
95, 13, 34, 76, 19, 51, 48, 77, 23, 97,
41, 30, 30, 85, 56, 1, 23, 62, 31, 82,
6, 94, 40, 38, 28, 95, 1, 43, 18]
[[2053, 831, 2050], [1402, 804, 751], [440, 947, 1466], [1959, 913, 1223], [524, 1660, 984], [858, 2036, 188], [322, 471, 1777], [1612, 521, 2042], [177, 366, 581], [1770, 2119, 1603],
[932, 2015, 277], [493, 1261, 749], [1245, 1369, 1365], [222, 1171, 121], [1445, 1364, 1449], [273, 1890, 1328], [461, 1880, 1799], [1906, 1003, 1988], [1791, 1180, 2022], [216, 794, 1985],
[1487, 1394, 1511], [1764, 1556, 283], [25, 644, 1652], [1390, 534, 335], [1511, 1979, 1367], [803, 95, 1100], [1799, 224, 823], [1442, 2131, 1826], [941, 1433, 518], [807, 1649, 980],
[635, 979, 2042], [1814, 255, 1441], [2098, 2105, 1753], [1593, 1338, 130], [1928, 692, 1778], [806, 1163, 1541], [1906, 805, 1766], [240, 1915, 1408], [1735, 700, 684], [1921, 1507, 2002],
[744, 1810, 492], [297, 1467, 415], [1407, 1408, 363], [671, 513, 1369], [802, 2109, 2061], [91, 759, 735], [1632, 176, 1541], [1241, 417, 1299], [160, 2152, 1667], [513, 1584, 1017],
[26, 171, 338], [186, 136, 1806], [270, 1543, 725], [301, 58, 1238], [1671, 528, 1191], [1575, 619, 1950], [1979, 94, 2126], [1363, 1004, 54], [173, 832, 1874], [1841, 1013, 1301],
[369, 1039, 1140], [708, 894, 1277], [25, 1164, 663], [750, 1465, 389], [1657, 979, 917], [691, 66, 1536], [152, 2045, 1299], [1946, 919, 146], [1669, 1092, 978]]
[[10, 5, 5, 5], [1, 3, 9, 4], [3, 0, 5, 6], [10, 5, 4, 0], [5, 6, 9, 6], [9, 3, 3, 10], [0, 6, 0, 7], [7, 6, 3, 7], [9, 6, 10, 10], [9, 8, 3, 1],
[6, 6, 8, 3], [10, 10, 1, 4], [6, 8, 8, 4], [0, 9, 3, 0], [2, 1, 5, 10], [5, 7, 6, 4], [0, 3, 1, 10], [9, 5, 9, 4], [9, 4, 5, 8], [2, 4, 0, 6],
[1, 6, 10, 1], [5, 0, 10, 7], [0, 2, 6, 3], [9, 10, 5, 10], [2, 7, 7, 0], [10, 3, 2, 8], [8, 5, 6, 8], [9, 4, 3, 10], [10, 2, 0, 4], [0, 8, 1, 9],
[0, 5, 2, 9], [5, 7, 6, 5], [3, 0, 4, 0], [4, 6, 9, 10], [1, 2, 7, 8], [6, 10, 8, 3], [10, 6, 8, 8], [4, 7, 7, 2], [1, 9, 9, 4], [3, 5, 10, 5],
[3, 3, 5, 7], [7, 3, 6, 6], [3, 0, 4, 7], [10, 10, 0, 7], [3, 8, 5, 7], [4, 10, 7, 3], [6, 6, 6, 9], [9, 5, 3, 1], [6, 9, 9, 0], [10, 2, 5, 3],
[3, 7, 10, 0], [6, 10, 6, 9], [5, 9, 4, 7], [8, 0, 9, 3], [4, 4, 10, 2], [7, 3, 4, 0], [10, 0, 0, 9], [2, 3, 1, 3], [10, 10, 4, 3], [7, 10, 0, 2],
[8, 2, 7, 3], [0, 5, 6, 5], [9, 5, 7, 3], [6, 9, 3, 5], [9, 2, 4, 10], [5, 3, 2, 3], [2, 6, 4, 8], [3, 4, 8, 9], [4, 4, 1, 5]]
[1, 1, 1, 0.5, 0.5, 0.5, 0.5, 0.5, 0.5, 0.25,
0.25, 0.25, 0.25, 0.25, 0.25, 0.125, 0.125, 0.125, 0.125, 0.125,
0.125, 0.0625, 0.0625, 0.0625, 0.0625, 0.0625, 0.0625, 0.03125, 0.03125, 0.03125,
0.03125, 0.03125, 0.03125, 0.015625, 0.015625, 0.015625, 0.015625, 0.015625, 0.015625, 0.0078125,
0.0078125, 0.0078125, 0.0078125, 0.0078125, 0.0078125, 0.00390625, 0.00390625, 0.00390625, 0.00390625, 0.00390625,
0.00390625, 0.00195312, 0.00195312, 0.00195312, 0.00195312, 0.00195312, 0.00195312, 0.000976562, 0.000976562, 0.000976562,
0.000976562, 0.000976562, 0.000976562, 0.000488281, 0.000488281, 0.000488281, 0.000488281, 0.000488281, 0.000488281]
[1, 5, 9, 7, 5, 10, 4, 5, 1, 6,
10, 3, 5, 0, 1, 10, 10, 3, 0, 10,
8, 10, 1, 4, 9, 0, 4, 5, 0, 4,
2, 4, 4, 8, 3, 10, 3, 9, 8, 4,
10, 2, 6, 9, 8, 8, 2, 8, 5, 0,
10, 4, 3, 4, 2, 5, 1, 2, 1, 4,
10, 5, 10, 8, 4, 8, 4, 3, 0]
------------------------------------------------------- 
# stage = 12	# children c = 2	length of each stage p = 3	nodes = 68	# items I = 1
