[54, 78, 42, 15, 92, 14, 64, 89, 26, 0,
2, 10, 81, 11, 51, 38, 90, 4, 8, 27,
11, 6, 54, 95, 85, 69, 22, 73, 7, 77,
42, 61, 54, 84, 77, 46, 98, 6, 0, 90,
73, 2, 67, 53, 14, 84, 57, 3, 88, 66,
97, 99, 38, 51, 59, 22, 19, 81, 62, 93,
58, 3, 53, 78, 53, 96, 90, 16, 69]
[[1177, 159, 712], [1535, 1628, 1354], [161, 1594, 96], [1140, 261, 142], [300, 372, 363], [25, 810, 788], [411, 544, 5], [1679, 317, 833], [93, 54, 985], [1510, 246, 1051],
[768, 479, 266], [536, 1071, 951], [156, 288, 811], [1043, 1428, 128], [241, 785, 1291], [604, 1600, 1157], [448, 277, 1701], [453, 223, 284], [1286, 1106, 1129], [1328, 1672, 431],
[1435, 1497, 911], [1701, 1089, 1038], [1708, 302, 1326], [1575, 1345, 1020], [1704, 1586, 861], [317, 1246, 727], [1474, 1694, 1005], [1441, 1204, 284], [1726, 1546, 446], [177, 1140, 384],
[608, 1631, 937], [575, 655, 293], [1613, 629, 595], [261, 471, 206], [1282, 1231, 848], [1199, 1548, 360], [193, 1288, 1110], [254, 51, 1370], [538, 833, 1183], [984, 1010, 1379],
[424, 675, 1277], [1362, 1250, 988], [1655, 186, 1617], [1306, 447, 1144], [568, 1729, 641], [1416, 1195, 1245], [832, 444, 1589], [998, 698, 1641], [635, 1236, 740], [84, 1276, 807],
[1463, 756, 1482], [62, 384, 998], [1050, 1095, 1184], [1724, 667, 1632], [1134, 1235, 683], [42, 1707, 934], [343, 805, 1378], [199, 70, 1132], [106, 705, 1424], [846, 1579, 966],
[709, 364, 1723], [457, 1217, 1163], [1456, 1323, 525], [1696, 1313, 248], [1594, 1504, 1484], [1334, 1546, 1457], [1324, 945, 1319], [969, 1144, 445], [367, 1250, 206]]
[[0, 5, 5, 5], [10, 2, 3, 4], [6, 4, 7, 2], [0, 6, 1, 8], [0, 4, 5, 10], [8, 8, 8, 3], [3, 5, 0, 1], [9, 5, 6, 8], [10, 10, 0, 7], [1, 3, 0, 7],
[5, 5, 8, 3], [0, 9, 1, 0], [0, 4, 8, 9], [2, 4, 1, 5], [7, 0, 4, 3], [3, 0, 0, 0], [10, 0, 7, 0], [1, 5, 5, 6], [10, 2, 10, 10], [9, 9, 8, 10],
[2, 3, 6, 2], [5, 5, 7, 1], [5, 1, 5, 6], [10, 5, 6, 9], [4, 0, 7, 5], [5, 10, 1, 2], [0, 9, 10, 9], [5, 7, 6, 5], [9, 10, 8, 3], [5, 4, 3, 8],
[3, 8, 4, 0], [0, 8, 9, 4], [9, 3, 10, 1], [1, 9, 4, 1], [5, 3, 8, 10], [9, 2, 4, 5], [1, 1, 6, 4], [4, 9, 2, 5], [6, 4, 6, 7], [1, 2, 9, 8],
[4, 8, 10, 5], [4, 1, 6, 9], [2, 1, 6, 0], [3, 0, 3, 3], [10, 10, 7, 1], [8, 7, 7, 4], [9, 0, 9, 0], [2, 7, 6, 6], [3, 3, 9, 7], [4, 2, 4, 7],
[4, 10, 5, 5], [8, 9, 6, 8], [8, 1, 7, 3], [8, 1, 7, 7], [1, 3, 5, 4], [0, 9, 8, 1], [2, 7, 8, 4], [9, 1, 9, 0], [1, 2, 4, 7], [0, 10, 4, 6],
[0, 10, 9, 7], [0, 4, 1, 2], [7, 6, 4, 5], [2, 10, 6, 2], [4, 2, 7, 3], [3, 3, 1, 2], [5, 5, 10, 3], [5, 1, 7, 3], [0, 4, 10, 10]]
[1, 1, 1, 0.5, 0.5, 0.5, 0.5, 0.5, 0.5, 0.25,
0.25, 0.25, 0.25, 0.25, 0.25, 0.125, 0.125, 0.125, 0.125, 0.125,
0.125, 0.0625, 0.0625, 0.0625, 0.0625, 0.0625, 0.0625, 0.03125, 0.03125, 0.03125,
0.03125, 0.03125, 0.03125, 0.015625, 0.015625, 0.015625, 0.015625, 0.015625, 0.015625, 0.0078125,
0.0078125, 0.0078125, 0.0078125, 0.0078125, 0.0078125, 0.00390625, 0.00390625, 0.00390625, 0.00390625, 0.00390625,
0.00390625, 0.00195312, 0.00195312, 0.00195312, 0.00195312, 0.00195312, 0.00195312, 0.000976562, 0.000976562, 0.000976562,
0.000976562, 0.000976562, 0.000976562, 0.000488281, 0.000488281, 0.000488281, 0.000488281, 0.000488281, 0.000488281]
[13, 14, 11, 16, 13, 2, 10, 4, 3, 3,
8, 3, 2, 16, 8, 16, 1, 11, 16, 15,
1, 17, 12, 17, 10, 13, 17, 9, 16, 6,
17, 9, 10, 8, 6, 17, 0, 15, 14, 9,
10, 2, 1, 6, 16, 5, 12, 11, 10, 13,
5, 4, 9, 14, 12, 9, 8, 10, 0, 6,
8, 9, 3, 7, 1, 10, 12, 8, 11]
------------------------------------------------------- 
# stage = 12	# children c = 2	length of each stage p = 3	nodes = 68	# items I = 1
