[97, 69, 88, 24, 57, 24, 45, 78, 15, 12,
85, 98, 37, 23, 11, 63, 71, 51, 1, 20,
46, 9, 48, 95, 87, 35, 31, 57, 71, 20,
54, 34, 90, 41, 24, 12, 31, 69, 91, 46,
47, 41, 44, 85, 64, 21, 47, 0, 73, 49,
20, 85]
[[666, 284, 120], [575, 101, 318], [493, 46, 476], [552, 763, 313], [440, 252, 158], [566, 107, 85], [179, 293, 595], [528, 792, 144], [785, 774, 701], [247, 55, 772],
[162, 721, 253], [634, 493, 706], [148, 534, 300], [173, 282, 260], [486, 271, 512], [644, 385, 167], [278, 564, 461], [421, 641, 449], [114, 170, 420], [11, 417, 23],
[783, 127, 745], [584, 309, 786], [34, 6, 516], [335, 179, 346], [595, 213, 617], [655, 406, 198], [18, 684, 311], [479, 301, 500], [477, 415, 670], [445, 426, 636],
[468, 758, 763], [409, 86, 621], [743, 473, 627], [455, 356, 354], [802, 499, 567], [163, 350, 169], [362, 720, 49], [673, 396, 351], [721, 421, 314], [587, 62, 289],
[419, 530, 595], [731, 488, 229], [548, 427, 702], [371, 79, 254], [725, 429, 301], [36, 140, 651], [206, 502, 568], [255, 723, 512], [154, 640, 129], [17, 776, 543],
[306, 391, 269], [97, 670, 757]]
[[0, 10, 10, 10], [2, 9, 5, 8], [8, 10, 10, 6], [9, 1, 8, 7], [10, 4, 4, 3], [3, 1, 8, 7], [3, 5, 8, 8], [10, 7, 5, 8], [7, 4, 7, 7], [0, 2, 2, 8],
[10, 1, 2, 8], [0, 8, 4, 10], [1, 7, 3, 2], [8, 0, 7, 9], [3, 4, 6, 2], [1, 9, 10, 6], [0, 5, 0, 0], [7, 1, 7, 6], [0, 9, 1, 1], [4, 6, 0, 5],
[0, 3, 5, 6], [2, 1, 5, 5], [4, 9, 6, 5], [8, 3, 9, 8], [8, 7, 9, 2], [8, 3, 6, 9], [1, 8, 10, 5], [1, 10, 8, 1], [1, 2, 7, 3], [1, 1, 6, 5],
[9, 10, 8, 6], [3, 4, 3, 0], [1, 10, 3, 7], [2, 7, 5, 1], [4, 2, 4, 5], [0, 1, 4, 1], [1, 1, 2, 1], [0, 6, 4, 9], [6, 0, 2, 9], [4, 4, 7, 3],
[3, 8, 0, 4], [5, 3, 5, 7], [6, 10, 2, 6], [9, 6, 5, 9], [5, 5, 10, 4], [0, 1, 0, 6], [1, 3, 2, 4], [7, 8, 5, 8], [3, 3, 1, 8], [7, 7, 5, 0],
[4, 5, 6, 2], [9, 9, 0, 4]]
[1, 1, 0.2, 0.2, 0.2, 0.2, 0.2, 0.2, 0.2, 0.2,
0.2, 0.2, 0.04, 0.04, 0.04, 0.04, 0.04, 0.04, 0.04, 0.04,
0.04, 0.04, 0.008, 0.008, 0.008, 0.008, 0.008, 0.008, 0.008, 0.008,
0.008, 0.008, 0.0016, 0.0016, 0.0016, 0.0016, 0.0016, 0.0016, 0.0016, 0.0016,
0.0016, 0.0016, 0.00032, 0.00032, 0.00032, 0.00032, 0.00032, 0.00032, 0.00032, 0.00032,
0.00032, 0.00032]
[0, 4, 3, 13, 0, 10, 0, 3, 13, 1,
0, 8, 13, 16, 0, 11, 0, 8, 2, 6,
14, 0, 2, 5, 8, 2, 2, 5, 9, 15,
5, 0, 7, 8, 3, 2, 5, 14, 5, 14,
7, 5, 9, 6, 6, 9, 12, 7, 0, 2,
4, 2]
------------------------------------------------------- 
# stage = 6	# children c = 5	length of each stage p = 2	nodes = 51	# items I = 1
