[91, 32, 27, 100, 31, 92, 82, 42, 73, 60,
37, 48, 83, 92, 28, 34, 14, 63, 81, 5,
35, 7, 99, 31, 81, 36, 82, 83, 46, 92,
96, 3, 23, 90, 2, 20, 47, 85, 62, 20,
10, 65, 68, 59, 56, 96, 59, 36, 58, 39,
42, 60, 13, 40, 57, 60, 77, 38, 8, 89,
96, 4, 92, 85, 94, 95, 4, 40, 45, 32,
26, 21, 98, 94, 80, 19, 55, 4, 56, 80,
9, 64, 5, 22, 70, 62, 49, 46, 67, 57,
35, 28, 27, 26, 13, 87, 87, 84, 94, 31,
83, 19, 52, 80, 80, 98, 65, 34, 1, 87]
[[67, 622, 723], [933, 592, 325], [357, 275, 370], [270, 526, 326], [467, 91, 439], [41, 68, 807], [614, 753, 399], [826, 729, 15], [337, 95, 612], [535, 283, 306],
[682, 350, 905], [410, 266, 503], [713, 600, 778], [88, 871, 309], [414, 320, 401], [830, 361, 446], [642, 952, 182], [23, 761, 888], [15, 103, 983], [627, 639, 271],
[910, 303, 599], [821, 714, 842], [329, 432, 447], [89, 497, 300], [375, 888, 620], [753, 723, 959], [182, 347, 916], [341, 370, 682], [234, 385, 763], [199, 989, 384],
[448, 905, 687], [29, 731, 383], [871, 65, 792], [300, 131, 294], [601, 506, 187], [226, 265, 910], [167, 447, 239], [66, 788, 609], [725, 4, 971], [493, 180, 966],
[854, 628, 876], [547, 657, 589], [930, 510, 631], [728, 811, 762], [4, 417, 273], [169, 620, 515], [61, 788, 939], [301, 831, 709], [910, 561, 713], [864, 37, 894],
[835, 891, 504], [693, 443, 167], [287, 356, 677], [918, 66, 493], [662, 70, 887], [912, 216, 490], [433, 278, 260], [377, 556, 96], [69, 471, 657], [782, 340, 694],
[658, 157, 591], [168, 850, 16], [312, 119, 372], [989, 42, 438], [465, 704, 486], [334, 599, 679], [824, 37, 957], [89, 391, 518], [185, 460, 967], [820, 225, 289],
[519, 883, 424], [92, 33, 256], [109, 345, 376], [458, 340, 395], [874, 782, 82], [342, 121, 681], [26, 946, 718], [961, 40, 91], [461, 203, 552], [410, 28, 754],
[677, 524, 642], [106, 594, 653], [362, 680, 3], [738, 143, 320], [116, 994, 107], [198, 318, 206], [879, 345, 157], [579, 288, 174], [670, 726, 354], [204, 142, 359],
[958, 819, 884], [583, 902, 460], [241, 269, 145], [221, 985, 265], [542, 106, 265], [649, 281, 583], [855, 165, 905], [989, 744, 175], [146, 396, 902], [500, 578, 26],
[837, 518, 822], [726, 83, 729], [168, 324, 975], [313, 546, 965], [555, 70, 53], [820, 719, 334], [386, 557, 476], [273, 528, 202], [449, 651, 599], [333, 134, 159]]
[[9, 6, 1, 7], [8, 6, 4, 0], [1, 5, 10, 7], [7, 8, 3, 3], [10, 6, 0, 7], [2, 10, 3, 8], [2, 9, 5, 4], [4, 7, 0, 2], [0, 10, 10, 7], [5, 1, 7, 5],
[4, 4, 1, 9], [2, 4, 2, 10], [0, 0, 4, 0], [8, 7, 8, 10], [6, 0, 3, 8], [8, 1, 10, 6], [1, 7, 2, 4], [6, 10, 9, 10], [3, 0, 7, 3], [2, 9, 2, 0],
[7, 6, 0, 4], [1, 7, 3, 7], [7, 4, 4, 2], [6, 1, 9, 7], [7, 0, 0, 2], [8, 8, 0, 1], [6, 7, 2, 8], [3, 5, 7, 10], [9, 7, 1, 10], [3, 2, 4, 9],
[6, 6, 0, 10], [8, 7, 6, 4], [6, 5, 4, 3], [0, 4, 2, 6], [9, 5, 3, 10], [8, 8, 7, 6], [5, 8, 6, 6], [10, 10, 4, 6], [6, 3, 5, 1], [10, 10, 3, 5],
[2, 7, 9, 2], [10, 9, 6, 6], [3, 7, 6, 0], [5, 0, 7, 10], [9, 0, 3, 8], [8, 8, 1, 3], [0, 5, 2, 8], [2, 5, 3, 2], [0, 10, 4, 8], [8, 8, 1, 1],
[4, 7, 10, 9], [8, 4, 6, 4], [4, 10, 1, 2], [5, 1, 3, 3], [6, 6, 0, 6], [9, 3, 8, 9], [2, 10, 4, 0], [7, 6, 10, 0], [0, 9, 10, 6], [3, 5, 10, 5],
[2, 10, 7, 7], [0, 0, 10, 4], [4, 0, 10, 2], [3, 7, 10, 4], [6, 3, 4, 2], [7, 1, 2, 8], [10, 10, 3, 0], [3, 3, 6, 5], [2, 0, 2, 0], [9, 1, 4, 2],
[10, 3, 3, 3], [10, 2, 5, 3], [3, 7, 5, 0], [8, 5, 8, 5], [5, 9, 6, 6], [1, 10, 0, 1], [10, 0, 10, 9], [0, 3, 9, 10], [4, 1, 0, 1], [1, 5, 4, 3],
[1, 9, 3, 7], [4, 9, 2, 7], [7, 6, 2, 7], [5, 0, 6, 4], [1, 6, 0, 1], [9, 10, 9, 1], [9, 10, 2, 9], [4, 7, 1, 4], [5, 2, 9, 7], [0, 0, 3, 5],
[4, 3, 1, 9], [4, 8, 1, 3], [1, 1, 2, 8], [9, 0, 9, 6], [10, 1, 4, 2], [8, 3, 4, 0], [5, 2, 6, 3], [1, 7, 8, 5], [0, 8, 4, 2], [3, 3, 5, 4],
[4, 5, 1, 1], [5, 9, 7, 5], [10, 9, 5, 5], [1, 9, 3, 4], [9, 9, 7, 10], [6, 4, 3, 4], [1, 7, 4, 4], [10, 7, 6, 1], [1, 6, 0, 6], [4, 5, 9, 1]]
[1, 1, 1, 1, 1, 0.333333, 0.333333, 0.333333, 0.333333, 0.333333,
0.333333, 0.333333, 0.333333, 0.333333, 0.333333, 0.333333, 0.333333, 0.333333, 0.333333, 0.333333,
0.111111, 0.111111, 0.111111, 0.111111, 0.111111, 0.111111, 0.111111, 0.111111, 0.111111, 0.111111,
0.111111, 0.111111, 0.111111, 0.111111, 0.111111, 0.037037, 0.037037, 0.037037, 0.037037, 0.037037,
0.037037, 0.037037, 0.037037, 0.037037, 0.037037, 0.037037, 0.037037, 0.037037, 0.037037, 0.037037,
0.0123457, 0.0123457, 0.0123457, 0.0123457, 0.0123457, 0.0123457, 0.0123457, 0.0123457, 0.0123457, 0.0123457,
0.0123457, 0.0123457, 0.0123457, 0.0123457, 0.0123457, 0.00411523, 0.00411523, 0.00411523, 0.00411523, 0.00411523,
0.00411523, 0.00411523, 0.00411523, 0.00411523, 0.00411523, 0.00411523, 0.00411523, 0.00411523, 0.00411523, 0.00411523,
0.00137174, 0.00137174, 0.00137174, 0.00137174, 0.00137174, 0.00137174, 0.00137174, 0.00137174, 0.00137174, 0.00137174,
0.00137174, 0.00137174, 0.00137174, 0.00137174, 0.00137174, 0.000457247, 0.000457247, 0.000457247, 0.000457247, 0.000457247,
0.000457247, 0.000457247, 0.000457247, 0.000457247, 0.000457247, 0.000457247, 0.000457247, 0.000457247, 0.000457247, 0.000457247]
[1, 6, 1, 7, 7, 5, 7, 8, 7, 1,
6, 1, 7, 8, 2, 1, 1, 4, 1, 2,
3, 1, 0, 2, 9, 0, 2, 7, 4, 2,
6, 3, 7, 4, 0, 9, 7, 8, 4, 8,
6, 3, 2, 1, 7, 9, 1, 5, 2, 8,
9, 8, 2, 6, 8, 2, 5, 8, 8, 9,
5, 1, 1, 8, 9, 7, 9, 4, 3, 0,
9, 2, 1, 5, 1, 7, 3, 9, 8, 1,
6, 5, 6, 9, 4, 5, 5, 1, 1, 8,
2, 2, 5, 3, 1, 2, 5, 3, 0, 4,
5, 1, 0, 0, 0, 7, 5, 2, 3, 9]
------------------------------------------------------- 
# stage = 8	# children c = 3	length of each stage p = 5	nodes = 109	# items I = 1
