[60, 82, 68, 2, 38, 100, 72, 95, 52, 79,
5, 10, 75, 17, 97, 45, 57, 28, 28, 48,
51, 44, 50, 19, 89, 88, 67, 65, 66, 52,
100, 93, 33, 33, 95, 37, 32, 32, 98, 84,
77, 3, 60, 51, 87, 22, 62, 9, 51, 91,
57, 68, 0, 6, 87, 55, 60, 19, 19, 92,
71, 85, 50, 70, 17, 10, 73, 15]
[[1181, 1416, 974], [1033, 654, 1767], [1155, 1004, 1264], [1772, 1744, 1107], [543, 1832, 1007], [1237, 1424, 607], [1897, 80, 996], [876, 831, 891], [582, 96, 240], [1303, 1939, 784],
[208, 137, 223], [175, 1170, 1847], [1942, 348, 875], [223, 143, 1612], [1330, 1656, 1467], [361, 1887, 1884], [1938, 1807, 1964], [957, 1676, 1789], [841, 1251, 878], [1082, 577, 841],
[1866, 1755, 978], [112, 1930, 1141], [953, 889, 482], [821, 105, 1595], [1426, 1435, 267], [1886, 789, 177], [1793, 751, 977], [774, 701, 676], [1556, 1543, 1928], [457, 648, 1498],
[1298, 1507, 1277], [1269, 1619, 223], [1403, 1565, 105], [1885, 1379, 210], [496, 828, 639], [764, 737, 421], [941, 1524, 1172], [1919, 321, 867], [618, 1877, 1403], [569, 1327, 74],
[91, 649, 1581], [361, 911, 216], [1554, 338, 775], [1660, 1216, 177], [863, 1713, 1976], [495, 500, 736], [917, 1441, 1253], [1082, 376, 567], [1949, 995, 1437], [1375, 557, 788],
[442, 648, 1437], [1016, 2, 1341], [226, 1557, 672], [1971, 233, 1889], [1141, 1096, 618], [1140, 1592, 1118], [870, 1502, 1552], [146, 607, 1929], [714, 1550, 1917], [174, 1918, 497],
[962, 1354, 139], [1392, 1363, 141], [757, 1589, 691], [1429, 576, 924], [334, 1718, 1014], [952, 881, 1599], [1063, 1751, 1124], [1609, 1898, 724]]
[[1, 3, 5, 6], [9, 0, 9, 4], [9, 10, 10, 9], [2, 5, 10, 5], [4, 4, 1, 5], [2, 5, 4, 6], [7, 8, 0, 2], [2, 4, 10, 1], [7, 2, 6, 6], [3, 4, 8, 10],
[1, 6, 8, 3], [0, 7, 9, 3], [9, 8, 8, 0], [0, 1, 6, 7], [8, 6, 10, 10], [8, 7, 0, 4], [7, 4, 8, 8], [9, 4, 7, 10], [10, 2, 1, 8], [7, 8, 0, 5],
[5, 7, 5, 3], [6, 0, 0, 3], [4, 8, 2, 1], [2, 1, 4, 9], [3, 10, 7, 1], [3, 1, 10, 2], [4, 9, 0, 9], [4, 9, 4, 7], [5, 7, 10, 1], [8, 10, 2, 10],
[5, 3, 10, 7], [2, 3, 4, 5], [2, 0, 7, 6], [10, 4, 6, 1], [2, 4, 0, 6], [1, 4, 2, 6], [0, 1, 5, 6], [10, 6, 4, 4], [9, 3, 1, 0], [6, 5, 5, 6],
[3, 10, 10, 2], [3, 6, 4, 5], [8, 2, 9, 9], [6, 0, 3, 4], [0, 6, 9, 10], [1, 2, 3, 10], [5, 2, 10, 9], [5, 3, 4, 8], [2, 4, 9, 4], [8, 0, 9, 3],
[2, 6, 2, 6], [6, 3, 8, 4], [9, 4, 3, 0], [6, 5, 8, 9], [5, 6, 7, 0], [9, 1, 6, 9], [3, 2, 2, 9], [2, 10, 1, 2], [5, 1, 6, 9], [4, 2, 3, 3],
[6, 4, 1, 2], [7, 7, 0, 2], [2, 6, 0, 9], [5, 6, 8, 6], [9, 8, 4, 9], [7, 3, 10, 10], [5, 5, 9, 9], [7, 10, 10, 3]]
[1, 1, 0.333333, 0.333333, 0.333333, 0.333333, 0.333333, 0.333333, 0.111111, 0.111111,
0.111111, 0.111111, 0.111111, 0.111111, 0.037037, 0.037037, 0.037037, 0.037037, 0.037037, 0.037037,
0.0123457, 0.0123457, 0.0123457, 0.0123457, 0.0123457, 0.0123457, 0.00411523, 0.00411523, 0.00411523, 0.00411523,
0.00411523, 0.00411523, 0.00137174, 0.00137174, 0.00137174, 0.00137174, 0.00137174, 0.00137174, 0.000457247, 0.000457247,
0.000457247, 0.000457247, 0.000457247, 0.000457247, 0.000152416, 0.000152416, 0.000152416, 0.000152416, 0.000152416, 0.000152416,
5.08053e-05, 5.08053e-05, 5.08053e-05, 5.08053e-05, 5.08053e-05, 5.08053e-05, 1.69351e-05, 1.69351e-05, 1.69351e-05, 1.69351e-05,
1.69351e-05, 1.69351e-05, 5.64503e-06, 5.64503e-06, 5.64503e-06, 5.64503e-06, 5.64503e-06, 5.64503e-06]
[13, 13, 19, 10, 4, 5, 4, 17, 1, 12,
2, 13, 8, 10, 18, 13, 2, 3, 10, 18,
12, 10, 17, 3, 2, 0, 9, 15, 12, 12,
4, 6, 16, 19, 6, 13, 17, 19, 15, 5,
2, 5, 3, 13, 9, 10, 16, 4, 17, 11,
5, 13, 11, 9, 15, 16, 12, 1, 6, 3,
4, 14, 1, 9, 14, 13, 16, 14]
------------------------------------------------------- 
# stage = 12	# children c = 3	length of each stage p = 2	nodes = 67	# items I = 1
