[88, 12, 38, 83, 62, 87, 34, 25, 29, 37,
99, 29, 7, 61, 10, 71, 12, 98, 68, 48,
12, 87, 12, 42, 93, 91, 10, 3, 68, 83,
26, 55, 95, 30, 3, 22, 83, 37, 13, 12,
75, 11, 41, 48, 72, 52, 18, 50, 15, 53,
98, 27, 39, 77, 35, 98, 67, 45, 0, 34,
94, 93, 56, 88, 89, 25, 76, 72, 63, 90,
84, 3, 0, 91, 17, 39, 8, 36, 55, 23]
[[1302, 1740, 1622], [1227, 1300, 223], [383, 1152, 13], [384, 1005, 1042], [788, 1846, 1929], [1854, 1263, 1260], [196, 1672, 423], [607, 959, 1426], [254, 296, 1014], [1725, 900, 282],
[1675, 221, 41], [1316, 1448, 933], [1131, 1423, 104], [1145, 1399, 702], [1779, 206, 567], [1727, 80, 1831], [1006, 1849, 1114], [1021, 475, 93], [466, 321, 1962], [1073, 65, 881],
[947, 1740, 694], [580, 667, 1734], [1514, 1799, 1177], [1210, 555, 595], [1912, 1926, 802], [499, 1672, 474], [1922, 289, 342], [1055, 1310, 409], [740, 1368, 730], [721, 52, 387],
[1602, 999, 1719], [1888, 1580, 405], [1642, 705, 1796], [838, 1915, 1943], [1025, 1847, 1888], [1419, 1938, 1171], [1893, 1879, 1052], [1827, 953, 1954], [1828, 1286, 1342], [169, 26, 986],
[556, 1221, 5], [294, 1128, 1177], [292, 789, 1882], [1680, 1219, 1408], [1643, 1837, 866], [1142, 1275, 823], [1906, 780, 313], [977, 218, 859], [951, 66, 164], [1885, 235, 190],
[890, 792, 1003], [487, 678, 151], [1256, 970, 532], [749, 262, 1344], [177, 1905, 1200], [1043, 658, 86], [1459, 583, 866], [1364, 1153, 1085], [242, 1696, 743], [406, 1600, 978],
[189, 101, 1362], [1192, 181, 1633], [935, 1437, 214], [1468, 206, 476], [423, 1956, 1973], [1623, 610, 651], [1301, 88, 826], [187, 1453, 1979], [864, 1287, 1694], [1607, 1286, 905],
[604, 1475, 1007], [1559, 278, 780], [1211, 1214, 236], [1425, 293, 34], [1494, 716, 9], [1486, 1931, 620], [1729, 1251, 300], [575, 1030, 1345], [165, 1894, 652], [1452, 1112, 1938]]
[[1, 6, 9, 5], [4, 7, 9, 9], [5, 7, 0, 5], [4, 0, 3, 3], [5, 3, 9, 9], [3, 9, 6, 9], [4, 9, 1, 1], [10, 6, 9, 9], [10, 7, 3, 3], [4, 10, 1, 7],
[7, 10, 0, 0], [0, 3, 1, 5], [4, 9, 3, 5], [7, 7, 4, 0], [5, 3, 0, 3], [9, 9, 1, 8], [3, 3, 0, 5], [2, 10, 0, 9], [8, 0, 7, 6], [1, 9, 9, 6],
[7, 10, 9, 1], [6, 2, 0, 9], [4, 0, 10, 2], [7, 1, 9, 8], [4, 7, 1, 4], [7, 1, 3, 2], [1, 10, 8, 0], [6, 6, 4, 2], [5, 3, 2, 9], [3, 2, 5, 7],
[0, 5, 10, 7], [4, 6, 4, 6], [2, 5, 10, 7], [4, 0, 9, 3], [9, 4, 4, 4], [10, 8, 5, 2], [9, 7, 0, 2], [9, 4, 9, 9], [7, 6, 3, 0], [1, 5, 4, 4],
[9, 1, 9, 2], [2, 8, 6, 0], [1, 8, 2, 10], [3, 7, 1, 2], [3, 0, 4, 10], [2, 2, 8, 9], [7, 0, 7, 8], [4, 9, 10, 2], [10, 9, 4, 10], [6, 8, 8, 5],
[5, 0, 2, 9], [7, 2, 0, 9], [2, 2, 8, 2], [2, 4, 0, 9], [2, 5, 7, 6], [3, 4, 8, 0], [2, 2, 0, 6], [10, 8, 10, 3], [6, 1, 1, 1], [3, 10, 10, 3],
[1, 7, 5, 1], [9, 3, 0, 1], [8, 5, 7, 9], [9, 5, 10, 10], [5, 8, 5, 4], [3, 4, 7, 8], [6, 6, 9, 7], [3, 8, 0, 2], [2, 5, 4, 1], [9, 4, 2, 4],
[7, 9, 1, 5], [1, 0, 4, 6], [6, 8, 9, 7], [1, 5, 4, 5], [10, 2, 2, 2], [8, 2, 5, 0], [5, 9, 10, 3], [0, 1, 6, 7], [8, 7, 10, 8], [5, 2, 3, 0]]
[1, 1, 1, 1, 1, 0.333333, 0.333333, 0.333333, 0.333333, 0.333333,
0.333333, 0.333333, 0.333333, 0.333333, 0.333333, 0.333333, 0.333333, 0.333333, 0.333333, 0.333333,
0.111111, 0.111111, 0.111111, 0.111111, 0.111111, 0.111111, 0.111111, 0.111111, 0.111111, 0.111111,
0.111111, 0.111111, 0.111111, 0.111111, 0.111111, 0.037037, 0.037037, 0.037037, 0.037037, 0.037037,
0.037037, 0.037037, 0.037037, 0.037037, 0.037037, 0.037037, 0.037037, 0.037037, 0.037037, 0.037037,
0.0123457, 0.0123457, 0.0123457, 0.0123457, 0.0123457, 0.0123457, 0.0123457, 0.0123457, 0.0123457, 0.0123457,
0.0123457, 0.0123457, 0.0123457, 0.0123457, 0.0123457, 0.00411523, 0.00411523, 0.00411523, 0.00411523, 0.00411523,
0.00411523, 0.00411523, 0.00411523, 0.00411523, 0.00411523, 0.00411523, 0.00411523, 0.00411523, 0.00411523, 0.00411523]
[6, 19, 9, 5, 13, 15, 16, 0, 1, 5,
13, 2, 4, 7, 7, 19, 8, 3, 12, 10,
16, 7, 12, 11, 5, 1, 11, 15, 9, 19,
18, 2, 2, 16, 18, 4, 15, 18, 10, 13,
19, 5, 10, 6, 7, 0, 8, 4, 19, 9,
10, 3, 16, 5, 4, 13, 17, 13, 3, 19,
9, 9, 13, 12, 18, 14, 6, 6, 3, 0,
14, 2, 15, 11, 19, 2, 1, 2, 0, 10]
------------------------------------------------------- 
# stage = 6	# children c = 3	length of each stage p = 5	nodes = 79	# items I = 1
