[6, 23, 94, 48, 1, 1, 27, 4, 97, 38,
17, 26, 93, 29, 95, 9, 97, 82, 88, 53,
10, 41, 22, 21, 49, 93, 67, 84, 13, 77,
40, 19, 0, 100, 34, 68, 67, 61, 38, 29,
66, 55, 55, 58, 50, 49, 33, 46, 98, 20,
65, 7, 61, 88, 95, 76, 80, 28, 25, 93,
4, 65, 79, 4, 30, 12, 38, 97, 39, 76,
26, 4, 97, 47, 28, 46, 97, 61, 92, 60,
82, 23, 33, 8, 10, 28, 51, 90, 56, 76,
49, 60, 7, 27, 31, 37, 5, 69, 0, 44,
11, 93]
[[710, 1030, 583], [942, 26, 793], [472, 522, 113], [257, 300, 227], [1020, 632, 610], [555, 325, 41], [458, 958, 1018], [271, 442, 347], [709, 1029, 359], [773, 564, 475],
[583, 106, 465], [126, 8, 491], [791, 353, 885], [904, 482, 145], [1004, 462, 649], [574, 1017, 974], [487, 307, 764], [466, 450, 167], [813, 119, 28], [4, 764, 464],
[352, 307, 570], [817, 305, 579], [141, 57, 804], [898, 833, 246], [916, 797, 708], [525, 332, 686], [460, 819, 865], [56, 117, 276], [223, 802, 267], [123, 807, 1032],
[587, 119, 299], [118, 808, 605], [569, 821, 534], [333, 680, 327], [579, 556, 85], [119, 41, 289], [677, 373, 980], [503, 430, 58], [779, 525, 860], [6, 649, 499],
[1038, 68, 490], [170, 58, 259], [647, 627, 40], [141, 832, 592], [340, 371, 108], [425, 363, 22], [586, 0, 395], [527, 503, 697], [585, 242, 183], [277, 121, 704],
[777, 119, 644], [227, 289, 703], [358, 808, 290], [271, 949, 83], [863, 122, 326], [844, 419, 689], [866, 1006, 562], [93, 493, 25], [791, 950, 140], [846, 187, 261],
[382, 836, 252], [1026, 24, 414], [689, 254, 182], [852, 525, 1004], [807, 221, 86], [93, 937, 505], [655, 763, 343], [177, 728, 836], [74, 351, 618], [214, 157, 678],
[475, 411, 474], [728, 398, 370], [102, 959, 625], [156, 643, 1022], [120, 410, 203], [206, 376, 100], [584, 903, 735], [927, 40, 296], [596, 114, 647], [174, 201, 677],
[852, 676, 48], [159, 236, 318], [529, 210, 110], [114, 367, 753], [97, 487, 1036], [172, 566, 372], [145, 1022, 235], [752, 909, 147], [8, 465, 133], [528, 512, 334],
[37, 196, 1011], [997, 355, 79], [276, 885, 290], [258, 871, 657], [883, 840, 1016], [879, 885, 414], [83, 902, 396], [318, 614, 266], [337, 495, 603], [471, 895, 987],
[805, 932, 144], [648, 889, 371]]
[[10, 5, 3, 8], [6, 7, 7, 7], [0, 0, 6, 8], [9, 6, 8, 10], [10, 4, 4, 2], [7, 2, 2, 10], [10, 5, 4, 2], [5, 7, 8, 4], [1, 1, 0, 5], [8, 7, 0, 9],
[5, 6, 4, 3], [0, 1, 1, 10], [3, 3, 10, 8], [5, 1, 8, 4], [6, 1, 5, 9], [8, 0, 1, 7], [1, 1, 0, 8], [6, 0, 4, 0], [4, 8, 1, 4], [7, 2, 1, 10],
[5, 0, 7, 10], [10, 4, 2, 5], [3, 7, 2, 0], [7, 3, 6, 7], [4, 6, 4, 8], [4, 6, 8, 8], [1, 9, 0, 8], [10, 1, 7, 4], [0, 3, 4, 10], [6, 4, 3, 9],
[0, 5, 8, 5], [8, 3, 1, 10], [7, 3, 7, 0], [9, 2, 6, 10], [9, 6, 7, 8], [6, 1, 0, 6], [3, 4, 3, 7], [6, 6, 5, 6], [0, 0, 0, 6], [3, 2, 3, 8],
[3, 8, 8, 2], [10, 4, 10, 7], [10, 5, 2, 3], [6, 2, 7, 7], [4, 0, 3, 10], [6, 7, 5, 5], [7, 4, 9, 9], [4, 2, 6, 7], [10, 4, 7, 8], [8, 7, 2, 5],
[1, 4, 7, 5], [7, 3, 2, 0], [3, 3, 0, 8], [10, 3, 2, 7], [7, 0, 5, 9], [0, 9, 6, 9], [2, 0, 4, 8], [7, 6, 1, 6], [8, 8, 10, 4], [0, 1, 3, 4],
[2, 3, 1, 2], [4, 1, 9, 10], [10, 1, 8, 9], [10, 1, 7, 0], [2, 9, 8, 7], [2, 7, 3, 10], [4, 2, 4, 3], [1, 5, 7, 3], [8, 6, 3, 10], [5, 1, 9, 2],
[0, 5, 0, 0], [6, 7, 0, 8], [3, 6, 3, 5], [3, 4, 5, 5], [6, 7, 8, 5], [1, 2, 6, 7], [6, 10, 6, 0], [9, 3, 3, 8], [8, 1, 6, 3], [7, 4, 10, 10],
[10, 2, 5, 0], [6, 10, 6, 10], [6, 1, 2, 5], [4, 6, 1, 10], [3, 5, 9, 2], [8, 10, 8, 5], [0, 3, 9, 7], [7, 6, 7, 4], [6, 10, 5, 1], [9, 9, 9, 2],
[10, 0, 5, 1], [4, 6, 1, 8], [0, 8, 8, 7], [7, 5, 1, 5], [8, 8, 0, 2], [1, 5, 6, 7], [4, 0, 8, 0], [7, 4, 0, 7], [2, 5, 8, 7], [0, 7, 4, 9],
[2, 10, 3, 7], [4, 5, 2, 10]]
[1, 1, 1, 0.333333, 0.333333, 0.333333, 0.333333, 0.333333, 0.333333, 0.333333,
0.333333, 0.333333, 0.111111, 0.111111, 0.111111, 0.111111, 0.111111, 0.111111, 0.111111, 0.111111,
0.111111, 0.037037, 0.037037, 0.037037, 0.037037, 0.037037, 0.037037, 0.037037, 0.037037, 0.037037,
0.0123457, 0.0123457, 0.0123457, 0.0123457, 0.0123457, 0.0123457, 0.0123457, 0.0123457, 0.0123457, 0.00411523,
0.00411523, 0.00411523, 0.00411523, 0.00411523, 0.00411523, 0.00411523, 0.00411523, 0.00411523, 0.00137174, 0.00137174,
0.00137174, 0.00137174, 0.00137174, 0.00137174, 0.00137174, 0.00137174, 0.00137174, 0.000457247, 0.000457247, 0.000457247,
0.000457247, 0.000457247, 0.000457247, 0.000457247, 0.000457247, 0.000457247, 0.000152416, 0.000152416, 0.000152416, 0.000152416,
0.000152416, 0.000152416, 0.000152416, 0.000152416, 0.000152416, 5.08053e-05, 5.08053e-05, 5.08053e-05, 5.08053e-05, 5.08053e-05,
5.08053e-05, 5.08053e-05, 5.08053e-05, 5.08053e-05, 1.69351e-05, 1.69351e-05, 1.69351e-05, 1.69351e-05, 1.69351e-05, 1.69351e-05,
1.69351e-05, 1.69351e-05, 1.69351e-05, 5.64503e-06, 5.64503e-06, 5.64503e-06, 5.64503e-06, 5.64503e-06, 5.64503e-06, 5.64503e-06,
5.64503e-06, 5.64503e-06]
[9, 7, 7, 8, 6, 2, 9, 10, 0, 8,
10, 6, 7, 0, 4, 3, 8, 5, 7, 0,
2, 2, 0, 3, 3, 5, 0, 5, 6, 5,
10, 0, 1, 6, 4, 4, 9, 2, 7, 7,
4, 7, 8, 9, 2, 9, 5, 8, 3, 1,
8, 10, 10, 0, 5, 0, 4, 2, 8, 0,
10, 10, 6, 10, 7, 2, 1, 8, 9, 5,
2, 1, 10, 3, 10, 3, 10, 0, 6, 0,
6, 6, 10, 8, 9, 9, 2, 2, 9, 7,
8, 4, 0, 9, 1, 6, 1, 1, 0, 6,
7, 5]
------------------------------------------------------- 
# stage = 12	# children c = 3	length of each stage p = 3	nodes = 101	# items I = 1
