[98, 13, 100, 80, 69, 64, 16, 66, 2, 41,
31, 12, 65, 85, 86, 98, 13, 72, 8, 58,
8, 4, 27, 87, 28, 61, 78, 63, 63, 44,
7, 26, 24, 7, 6, 93, 37, 89, 58, 5,
96, 55, 17, 27]
[[111, 48, 1495], [169, 1289, 326], [1696, 1027, 1959], [234, 1149, 899], [863, 195, 447], [190, 1869, 398], [1992, 1220, 1683], [1006, 29, 1789], [2059, 952, 610], [1722, 318, 908],
[1569, 1927, 956], [982, 1512, 1661], [725, 1126, 23], [18, 1360, 1172], [917, 1639, 1367], [1365, 1829, 571], [1179, 1739, 1791], [196, 80, 1820], [1985, 57, 107], [514, 1779, 425],
[1422, 683, 1768], [1794, 1081, 1198], [1373, 1806, 1740], [812, 1824, 434], [1984, 76, 2073], [686, 857, 1820], [1257, 1452, 893], [382, 1648, 973], [120, 1551, 446], [1725, 1481, 1642],
[68, 237, 243], [1252, 2031, 1324], [368, 739, 1049], [1524, 1551, 207], [1374, 870, 283], [1365, 1556, 1140], [519, 147, 510], [1413, 2027, 76], [1802, 1563, 1044], [167, 1207, 443],
[1225, 691, 97], [1468, 1944, 46], [126, 1728, 785], [591, 1171, 1753]]
[[9, 0, 4, 2], [10, 0, 6, 8], [2, 7, 3, 0], [4, 1, 8, 8], [9, 8, 7, 0], [5, 2, 3, 0], [0, 8, 3, 7], [5, 0, 6, 2], [1, 10, 2, 9], [9, 6, 4, 9],
[2, 7, 8, 5], [9, 5, 2, 7], [2, 9, 5, 7], [9, 8, 6, 9], [3, 7, 6, 6], [7, 10, 8, 6], [10, 8, 2, 6], [4, 6, 4, 4], [1, 1, 9, 10], [5, 1, 4, 7],
[8, 7, 2, 7], [4, 6, 5, 7], [2, 9, 2, 7], [9, 9, 1, 6], [6, 3, 1, 8], [10, 3, 2, 9], [3, 0, 8, 8], [10, 10, 2, 8], [6, 2, 4, 8], [8, 7, 2, 8],
[6, 2, 5, 2], [0, 6, 8, 5], [9, 7, 0, 6], [10, 0, 4, 0], [1, 10, 8, 9], [7, 0, 6, 0], [2, 8, 6, 9], [5, 8, 6, 9], [0, 9, 0, 9], [4, 6, 1, 1],
[2, 2, 5, 1], [0, 8, 2, 1], [5, 8, 9, 2], [6, 2, 0, 7]]
[1, 1, 0.333333, 0.333333, 0.333333, 0.333333, 0.333333, 0.333333, 0.111111, 0.111111,
0.111111, 0.111111, 0.111111, 0.111111, 0.037037, 0.037037, 0.037037, 0.037037, 0.037037, 0.037037,
0.0123457, 0.0123457, 0.0123457, 0.0123457, 0.0123457, 0.0123457, 0.00411523, 0.00411523, 0.00411523, 0.00411523,
0.00411523, 0.00411523, 0.00137174, 0.00137174, 0.00137174, 0.00137174, 0.00137174, 0.00137174, 0.000457247, 0.000457247,
0.000457247, 0.000457247, 0.000457247, 0.000457247]
[14, 2, 13, 19, 14, 1, 17, 6, 12, 16,
15, 9, 14, 9, 20, 14, 18, 18, 0, 16,
13, 4, 6, 13, 10, 3, 2, 3, 16, 20,
15, 6, 5, 19, 18, 16, 7, 15, 7, 8,
13, 0, 1, 6]
------------------------------------------------------- 
# stage = 8	# children c = 3	length of each stage p = 2	nodes = 43	# items I = 1
