[72, 57, 29, 34, 69, 11, 91, 84, 76, 7,
99, 18, 10, 26, 93, 42, 52, 36, 51, 38,
88, 73, 83, 9, 100, 73, 87, 36, 98, 34,
7, 69, 57, 37, 69, 25, 14, 59, 75, 91,
32, 74, 8, 43, 100, 0, 85, 17, 3, 1,
21, 91, 74, 70, 100, 40, 42, 86, 42, 39,
86, 49, 75, 42, 86, 43, 33, 0, 69, 8,
91, 0, 48, 65, 9, 47, 31, 60, 31, 34,
62, 18, 25, 1, 89, 91, 7, 30, 77, 49,
36, 28, 99, 10, 37, 84, 19, 70, 50, 88,
44, 40]
[[81, 433, 686], [42, 99, 405], [595, 387, 98], [147, 749, 213], [654, 123, 267], [515, 728, 675], [359, 755, 144], [949, 249, 285], [910, 804, 14], [572, 788, 872],
[429, 869, 344], [741, 537, 444], [185, 758, 457], [283, 905, 245], [122, 224, 369], [389, 366, 723], [691, 725, 517], [835, 339, 393], [747, 288, 823], [761, 487, 651],
[298, 542, 185], [643, 322, 723], [126, 507, 520], [209, 416, 91], [455, 539, 902], [450, 928, 307], [212, 284, 658], [355, 746, 36], [374, 532, 325], [237, 919, 438],
[888, 257, 19], [112, 900, 341], [461, 652, 474], [21, 861, 890], [699, 942, 94], [640, 431, 649], [574, 269, 933], [271, 625, 718], [308, 38, 876], [259, 862, 835],
[323, 789, 131], [342, 528, 657], [683, 28, 935], [783, 636, 835], [712, 0, 817], [807, 641, 874], [495, 254, 183], [93, 151, 434], [812, 85, 98], [353, 931, 0],
[227, 293, 415], [945, 635, 943], [641, 944, 598], [241, 766, 860], [116, 144, 487], [559, 951, 167], [98, 111, 47], [281, 204, 198], [341, 642, 284], [440, 35, 254],
[440, 262, 174], [481, 834, 809], [90, 140, 793], [314, 382, 224], [213, 124, 368], [700, 683, 358], [493, 781, 95], [166, 689, 300], [952, 656, 942], [275, 135, 603],
[155, 201, 492], [329, 683, 365], [765, 773, 505], [223, 126, 887], [447, 926, 50], [816, 292, 359], [800, 411, 767], [522, 578, 121], [822, 569, 777], [429, 470, 539],
[72, 251, 740], [564, 207, 88], [555, 11, 861], [99, 821, 613], [613, 307, 579], [289, 749, 497], [275, 215, 908], [81, 737, 525], [202, 224, 720], [605, 279, 229],
[183, 938, 481], [550, 167, 688], [638, 722, 325], [539, 448, 185], [778, 100, 118], [396, 15, 494], [519, 290, 709], [467, 958, 111], [618, 786, 922], [378, 431, 240],
[607, 240, 805], [714, 790, 11]]
[[2, 5, 2, 0], [6, 1, 9, 0], [9, 10, 2, 10], [1, 10, 0, 0], [2, 10, 7, 4], [7, 4, 10, 4], [0, 8, 5, 6], [10, 7, 1, 10], [0, 3, 8, 6], [2, 4, 6, 10],
[3, 6, 9, 5], [4, 7, 3, 4], [4, 10, 8, 10], [2, 7, 3, 0], [2, 6, 4, 10], [1, 3, 9, 1], [7, 7, 7, 7], [0, 0, 6, 2], [4, 3, 7, 6], [8, 10, 10, 2],
[7, 5, 1, 7], [10, 2, 7, 2], [9, 1, 1, 8], [4, 9, 9, 9], [5, 3, 4, 3], [1, 10, 5, 5], [0, 1, 10, 9], [9, 9, 9, 4], [4, 10, 0, 3], [10, 8, 3, 8],
[7, 3, 3, 9], [10, 1, 8, 4], [2, 1, 7, 3], [9, 2, 7, 8], [1, 6, 4, 9], [2, 2, 0, 4], [10, 0, 6, 9], [6, 9, 5, 0], [10, 8, 10, 9], [8, 5, 0, 8],
[4, 6, 10, 2], [8, 6, 8, 7], [10, 1, 3, 10], [1, 1, 4, 9], [2, 10, 8, 6], [6, 0, 7, 4], [8, 4, 2, 3], [9, 1, 1, 2], [7, 0, 2, 2], [4, 0, 7, 1],
[10, 0, 0, 10], [1, 2, 8, 1], [10, 3, 6, 6], [3, 0, 8, 10], [4, 8, 2, 0], [9, 3, 0, 5], [1, 2, 5, 5], [0, 2, 4, 9], [0, 3, 8, 10], [5, 5, 10, 5],
[7, 5, 9, 10], [3, 4, 9, 5], [1, 1, 5, 0], [2, 5, 3, 2], [5, 7, 5, 6], [9, 10, 4, 7], [2, 1, 6, 5], [4, 5, 8, 9], [8, 4, 9, 0], [8, 7, 5, 8],
[6, 8, 6, 7], [2, 9, 7, 8], [3, 1, 1, 1], [9, 3, 8, 9], [2, 2, 4, 6], [7, 10, 5, 3], [4, 1, 3, 10], [6, 7, 7, 0], [4, 2, 5, 5], [10, 1, 0, 2],
[2, 1, 4, 1], [4, 10, 10, 6], [1, 1, 10, 7], [1, 2, 10, 5], [3, 0, 2, 8], [7, 10, 8, 1], [1, 2, 6, 9], [3, 6, 1, 3], [5, 3, 4, 9], [0, 2, 2, 0],
[3, 1, 7, 2], [2, 4, 5, 3], [4, 8, 0, 1], [7, 6, 0, 6], [8, 6, 5, 9], [10, 4, 0, 4], [7, 2, 0, 5], [4, 2, 5, 6], [1, 1, 8, 1], [5, 3, 5, 8],
[0, 3, 9, 5], [10, 9, 9, 5]]
[1, 1, 1, 0.333333, 0.333333, 0.333333, 0.333333, 0.333333, 0.333333, 0.333333,
0.333333, 0.333333, 0.111111, 0.111111, 0.111111, 0.111111, 0.111111, 0.111111, 0.111111, 0.111111,
0.111111, 0.037037, 0.037037, 0.037037, 0.037037, 0.037037, 0.037037, 0.037037, 0.037037, 0.037037,
0.0123457, 0.0123457, 0.0123457, 0.0123457, 0.0123457, 0.0123457, 0.0123457, 0.0123457, 0.0123457, 0.00411523,
0.00411523, 0.00411523, 0.00411523, 0.00411523, 0.00411523, 0.00411523, 0.00411523, 0.00411523, 0.00137174, 0.00137174,
0.00137174, 0.00137174, 0.00137174, 0.00137174, 0.00137174, 0.00137174, 0.00137174, 0.000457247, 0.000457247, 0.000457247,
0.000457247, 0.000457247, 0.000457247, 0.000457247, 0.000457247, 0.000457247, 0.000152416, 0.000152416, 0.000152416, 0.000152416,
0.000152416, 0.000152416, 0.000152416, 0.000152416, 0.000152416, 5.08053e-05, 5.08053e-05, 5.08053e-05, 5.08053e-05, 5.08053e-05,
5.08053e-05, 5.08053e-05, 5.08053e-05, 5.08053e-05, 1.69351e-05, 1.69351e-05, 1.69351e-05, 1.69351e-05, 1.69351e-05, 1.69351e-05,
1.69351e-05, 1.69351e-05, 1.69351e-05, 5.64503e-06, 5.64503e-06, 5.64503e-06, 5.64503e-06, 5.64503e-06, 5.64503e-06, 5.64503e-06,
5.64503e-06, 5.64503e-06]
[1, 9, 4, 0, 7, 2, 4, 7, 0, 2,
9, 2, 4, 6, 0, 8, 1, 8, 9, 9,
5, 8, 7, 2, 5, 9, 7, 8, 5, 5,
4, 0, 5, 4, 1, 5, 9, 8, 1, 8,
9, 5, 0, 3, 0, 3, 5, 4, 6, 0,
4, 6, 3, 3, 1, 6, 1, 2, 5, 0,
7, 3, 1, 7, 6, 7, 7, 7, 4, 7,
4, 0, 5, 0, 1, 1, 7, 3, 2, 9,
4, 2, 6, 3, 3, 9, 6, 8, 4, 5,
2, 6, 3, 0, 6, 7, 2, 3, 2, 0,
9, 7]
------------------------------------------------------- 
# stage = 12	# children c = 3	length of each stage p = 3	nodes = 101	# items I = 1
