[55, 68, 17, 12, 65, 41, 92, 49, 14, 100,
25, 94, 8, 35, 13, 90, 39, 76, 92, 43,
94, 36, 37, 17, 12, 25, 27, 53, 70, 20,
46, 91, 88, 30, 2, 18, 37, 94, 68, 51,
94, 59, 44, 68, 60, 23]
[[1118, 112, 1098], [601, 910, 1817], [1379, 1218, 1097], [1241, 1107, 165], [1336, 517, 513], [113, 471, 1717], [383, 925, 1112], [1895, 1244, 1131], [642, 83, 911], [1784, 1119, 1200],
[999, 1864, 938], [1724, 543, 1475], [1619, 1548, 771], [420, 494, 1879], [585, 1456, 474], [725, 1569, 946], [146, 30, 1497], [1258, 4, 445], [93, 646, 154], [1005, 509, 900],
[283, 1134, 842], [848, 936, 1011], [401, 633, 263], [1172, 1054, 383], [1129, 1265, 1839], [1230, 68, 1486], [1802, 1762, 1517], [1003, 1099, 1147], [1448, 1192, 1793], [1602, 1823, 6],
[580, 1733, 1141], [1048, 659, 155], [137, 1060, 415], [27, 310, 1469], [410, 1066, 812], [328, 374, 507], [1440, 254, 347], [661, 1257, 1072], [1808, 409, 1891], [1680, 1637, 1792],
[1686, 1844, 1603], [531, 970, 340], [313, 734, 1400], [728, 387, 1337], [275, 797, 481], [713, 751, 855]]
[[0, 5, 7, 2], [7, 10, 9, 5], [1, 7, 1, 3], [6, 5, 0, 8], [2, 7, 6, 1], [4, 1, 1, 2], [1, 2, 4, 6], [1, 6, 1, 0], [0, 6, 2, 5], [6, 9, 10, 5],
[5, 10, 9, 10], [2, 7, 5, 5], [1, 9, 4, 6], [8, 5, 8, 9], [8, 0, 4, 7], [4, 3, 7, 4], [10, 8, 7, 5], [4, 6, 10, 8], [3, 6, 7, 6], [1, 10, 9, 0],
[8, 2, 6, 5], [5, 2, 1, 0], [2, 5, 8, 6], [9, 2, 8, 6], [8, 4, 0, 2], [8, 8, 10, 1], [2, 4, 5, 1], [3, 3, 1, 9], [3, 6, 3, 8], [6, 4, 7, 6],
[7, 2, 1, 5], [4, 7, 9, 2], [9, 9, 4, 4], [5, 3, 5, 5], [7, 10, 4, 8], [0, 5, 6, 3], [9, 7, 1, 4], [9, 6, 10, 5], [8, 9, 9, 1], [3, 7, 1, 10],
[4, 5, 4, 9], [6, 7, 1, 0], [5, 5, 6, 5], [8, 1, 7, 5], [8, 6, 9, 6], [1, 7, 10, 9]]
[1, 1, 0.5, 0.5, 0.5, 0.5, 0.25, 0.25, 0.25, 0.25,
0.125, 0.125, 0.125, 0.125, 0.0625, 0.0625, 0.0625, 0.0625, 0.03125, 0.03125,
0.03125, 0.03125, 0.015625, 0.015625, 0.015625, 0.015625, 0.0078125, 0.0078125, 0.0078125, 0.0078125,
0.00390625, 0.00390625, 0.00390625, 0.00390625, 0.00195312, 0.00195312, 0.00195312, 0.00195312, 0.000976562, 0.000976562,
0.000976562, 0.000976562, 0.000488281, 0.000488281, 0.000488281, 0.000488281]
[14, 18, 2, 16, 3, 12, 2, 19, 15, 5,
0, 16, 16, 14, 17, 4, 8, 10, 16, 1,
12, 10, 8, 1, 7, 12, 17, 11, 12, 0,
1, 12, 6, 0, 13, 7, 12, 16, 10, 8,
7, 18, 1, 9, 7, 6]
------------------------------------------------------- 
# stage = 12	# children c = 2	length of each stage p = 2	nodes = 45	# items I = 1
