[92, 22, 34, 86, 34, 75, 45, 19, 19, 15,
8, 50, 37, 12, 9, 66, 2, 20, 11, 40]
[[135, 371, 593], [596, 868, 1029], [401, 149, 380], [383, 527, 117], [538, 483, 843], [403, 16, 1059], [923, 645, 371], [33, 608, 487], [954, 64, 728], [525, 636, 210],
[1056, 771, 966], [558, 276, 743], [882, 677, 893], [556, 1060, 714], [1058, 507, 107], [811, 204, 123], [779, 422, 62], [444, 455, 670], [932, 703, 29], [569, 522, 665]]
[[10, 9, 4, 8], [7, 1, 6, 3], [2, 6, 0, 1], [3, 9, 8, 7], [1, 0, 7, 8], [4, 6, 8, 1], [2, 4, 5, 3], [10, 0, 7, 9], [10, 0, 6, 6], [10, 2, 7, 1],
[8, 8, 0, 9], [4, 6, 5, 3], [7, 10, 1, 0], [6, 7, 10, 8], [1, 4, 9, 0], [2, 5, 9, 1], [3, 2, 6, 1], [4, 2, 2, 10], [8, 1, 6, 10], [7, 9, 3, 1]]
[1, 1, 0.333333, 0.333333, 0.333333, 0.333333, 0.333333, 0.333333, 0.111111, 0.111111,
0.111111, 0.111111, 0.111111, 0.111111, 0.037037, 0.037037, 0.037037, 0.037037, 0.037037, 0.037037]
[1, 19, 17, 13, 9, 8, 21, 1, 13, 15,
4, 20, 15, 20, 20, 21, 3, 7, 9, 11]
------------------------------------------------------- 
# stage = 4	# children c = 3	length of each stage p = 2	nodes = 19	# items I = 1
