[54, 20, 48, 93, 1, 27, 21, 18, 98, 48,
32, 41, 65, 30, 62, 25, 51, 5, 40, 81,
42, 61, 71, 83, 79, 35, 53, 44, 31, 15,
44, 86, 2, 92, 44, 3, 19, 31, 88, 16,
45, 19, 57, 9, 15, 85, 1, 32, 56, 41,
12, 65, 69, 49, 47, 47, 85, 67, 91, 15,
48, 34, 67, 50, 93, 77, 19, 11]
[[471, 774, 1220], [1265, 218, 535], [1323, 925, 896], [452, 86, 1241], [993, 845, 1801], [577, 1550, 219], [1639, 322, 312], [401, 560, 1107], [172, 1171, 1716], [1689, 1472, 1413],
[1037, 120, 1291], [1361, 489, 1509], [1000, 1812, 1538], [72, 1368, 1624], [418, 538, 645], [1323, 219, 371], [1542, 34, 1621], [30, 435, 1286], [242, 607, 633], [134, 472, 282],
[651, 613, 1330], [118, 150, 1819], [731, 1150, 912], [445, 327, 456], [1173, 745, 994], [1818, 244, 1213], [1294, 890, 351], [195, 921, 1715], [1481, 267, 1426], [1219, 401, 75],
[605, 1052, 1616], [111, 274, 871], [106, 109, 197], [1018, 554, 1452], [1475, 1727, 373], [1573, 825, 1545], [67, 1223, 612], [418, 1419, 637], [309, 1076, 904], [1736, 1399, 409],
[915, 180, 1461], [1635, 291, 839], [682, 1326, 948], [1808, 520, 1502], [1436, 1099, 509], [914, 849, 438], [1563, 916, 1662], [351, 438, 361], [92, 1676, 541], [996, 1588, 117],
[1405, 1607, 297], [146, 1418, 589], [89, 277, 1019], [1037, 1189, 643], [1643, 801, 1743], [1256, 1715, 1696], [1695, 559, 1716], [637, 910, 330], [998, 107, 182], [1539, 207, 874],
[1656, 717, 1585], [130, 863, 1180], [1647, 57, 561], [1770, 1094, 1750], [589, 18, 1655], [508, 1274, 651], [1308, 249, 1210], [1200, 886, 1224]]
[[8, 4, 5, 3], [5, 5, 7, 7], [8, 2, 10, 1], [8, 5, 5, 6], [1, 4, 10, 5], [4, 6, 1, 9], [5, 5, 5, 2], [3, 6, 5, 0], [9, 8, 3, 1], [2, 0, 8, 10],
[2, 8, 10, 8], [0, 2, 3, 10], [6, 2, 5, 8], [8, 4, 5, 3], [9, 10, 3, 1], [3, 7, 2, 1], [4, 5, 1, 5], [3, 9, 2, 4], [4, 1, 1, 4], [2, 5, 2, 6],
[5, 7, 4, 1], [0, 9, 2, 7], [6, 5, 9, 9], [1, 0, 9, 6], [3, 10, 9, 5], [6, 0, 7, 0], [0, 8, 2, 2], [0, 4, 6, 4], [9, 10, 5, 7], [8, 7, 4, 3],
[1, 2, 0, 3], [0, 9, 7, 1], [8, 3, 4, 1], [3, 0, 1, 1], [9, 2, 1, 7], [6, 8, 0, 3], [7, 5, 10, 3], [1, 3, 4, 1], [3, 4, 2, 1], [0, 7, 1, 6],
[10, 5, 8, 0], [6, 9, 2, 2], [9, 3, 9, 5], [0, 10, 6, 6], [2, 5, 9, 4], [7, 0, 3, 8], [3, 5, 8, 3], [10, 9, 10, 9], [3, 5, 7, 7], [3, 9, 9, 0],
[0, 8, 3, 9], [5, 9, 4, 7], [1, 0, 9, 6], [1, 1, 2, 4], [4, 10, 5, 1], [8, 4, 10, 9], [9, 7, 6, 0], [3, 2, 0, 3], [8, 1, 2, 2], [10, 4, 8, 0],
[5, 6, 5, 4], [6, 7, 8, 8], [6, 0, 10, 1], [5, 7, 10, 1], [1, 3, 10, 3], [6, 8, 6, 3], [9, 6, 4, 8], [0, 1, 7, 3]]
[1, 1, 0.333333, 0.333333, 0.333333, 0.333333, 0.333333, 0.333333, 0.111111, 0.111111,
0.111111, 0.111111, 0.111111, 0.111111, 0.037037, 0.037037, 0.037037, 0.037037, 0.037037, 0.037037,
0.0123457, 0.0123457, 0.0123457, 0.0123457, 0.0123457, 0.0123457, 0.00411523, 0.00411523, 0.00411523, 0.00411523,
0.00411523, 0.00411523, 0.00137174, 0.00137174, 0.00137174, 0.00137174, 0.00137174, 0.00137174, 0.000457247, 0.000457247,
0.000457247, 0.000457247, 0.000457247, 0.000457247, 0.000152416, 0.000152416, 0.000152416, 0.000152416, 0.000152416, 0.000152416,
5.08053e-05, 5.08053e-05, 5.08053e-05, 5.08053e-05, 5.08053e-05, 5.08053e-05, 1.69351e-05, 1.69351e-05, 1.69351e-05, 1.69351e-05,
1.69351e-05, 1.69351e-05, 5.64503e-06, 5.64503e-06, 5.64503e-06, 5.64503e-06, 5.64503e-06, 5.64503e-06]
[0, 1, 1, 6, 1, 3, 5, 6, 1, 7,
0, 3, 8, 9, 9, 5, 3, 0, 5, 2,
1, 2, 2, 2, 1, 4, 6, 0, 2, 5,
2, 6, 1, 3, 4, 3, 3, 4, 7, 8,
9, 1, 1, 4, 4, 0, 1, 4, 6, 1,
7, 6, 1, 7, 0, 1, 1, 8, 6, 1,
3, 0, 1, 2, 6, 9, 0, 6]
------------------------------------------------------- 
# stage = 12	# children c = 3	length of each stage p = 2	nodes = 67	# items I = 1
