[34, 19, 14, 19, 35, 48, 4, 60, 38, 61,
54, 48, 63, 81, 80, 49, 79, 95, 10, 73,
50, 88, 45, 21, 73, 72, 70, 74, 49, 47,
37, 83, 33, 17, 69, 34, 66, 39, 95, 70,
66, 48, 17, 28, 95, 97, 44, 40, 58, 20,
12, 7, 7, 24, 28, 46, 96, 65, 87, 45,
11, 90, 94, 10, 6, 62, 45, 72, 67, 5,
41, 32, 53, 24, 27, 13, 88, 71, 53, 45,
91, 32, 52, 64, 56, 47, 10, 51, 11, 63,
62, 89, 52, 56, 66, 58, 84, 77, 97, 51,
82, 37, 49, 0, 62, 76, 13, 15, 46, 33,
60, 2, 65, 78, 67, 20, 91, 43, 37, 1,
5, 100, 57, 57, 21, 22, 81, 4, 65, 77]
[[859, 612, 617], [665, 707, 299], [99, 762, 225], [1039, 914, 626], [591, 799, 1045], [146, 286, 462], [878, 428, 87], [479, 710, 264], [542, 469, 98], [977, 799, 204],
[288, 599, 816], [905, 208, 464], [145, 305, 170], [370, 287, 27], [997, 877, 827], [983, 1023, 54], [386, 844, 482], [471, 265, 133], [735, 805, 600], [831, 725, 342],
[1035, 1013, 942], [792, 860, 91], [200, 1005, 394], [368, 317, 682], [393, 257, 500], [161, 181, 464], [216, 567, 249], [696, 1038, 512], [830, 714, 260], [373, 487, 984],
[714, 463, 938], [597, 199, 741], [688, 397, 688], [25, 765, 1005], [705, 101, 203], [146, 261, 384], [608, 477, 949], [858, 114, 928], [311, 942, 585], [570, 257, 13],
[497, 971, 477], [378, 511, 676], [61, 140, 16], [749, 163, 779], [697, 869, 878], [898, 1013, 82], [223, 565, 557], [115, 364, 672], [1043, 675, 557], [569, 188, 812],
[583, 683, 726], [1, 5, 178], [677, 64, 318], [691, 813, 480], [411, 451, 292], [230, 292, 246], [313, 515, 811], [868, 628, 116], [483, 612, 792], [1039, 124, 978],
[794, 705, 605], [462, 706, 608], [638, 324, 672], [955, 1013, 426], [378, 365, 877], [668, 596, 110], [914, 907, 623], [667, 718, 194], [783, 145, 806], [516, 125, 928],
[436, 917, 575], [1041, 320, 222], [590, 959, 545], [203, 857, 499], [629, 178, 865], [449, 846, 402], [557, 701, 252], [123, 311, 970], [317, 36, 56], [64, 552, 179],
[990, 988, 40], [506, 970, 358], [727, 501, 260], [215, 704, 58], [712, 276, 234], [520, 723, 23], [922, 223, 723], [115, 344, 1034], [29, 661, 13], [85, 723, 564],
[263, 655, 493], [303, 104, 405], [661, 829, 906], [920, 1044, 552], [978, 700, 826], [156, 161, 493], [177, 25, 714], [900, 140, 2], [876, 167, 661], [887, 251, 326],
[394, 514, 981], [886, 815, 26], [234, 419, 856], [81, 280, 841], [633, 202, 482], [403, 356, 644], [894, 531, 667], [551, 373, 805], [551, 192, 973], [156, 22, 167],
[480, 415, 681], [404, 244, 437], [428, 476, 854], [225, 557, 78], [8, 134, 278], [490, 535, 634], [75, 372, 108], [742, 921, 481], [491, 416, 671], [407, 570, 692],
[572, 1048, 48], [194, 393, 290], [631, 821, 766], [428, 1045, 266], [504, 1053, 398], [782, 484, 933], [357, 560, 246], [466, 243, 109], [945, 734, 523], [558, 82, 34]]
[[7, 7, 8, 8], [6, 1, 6, 5], [2, 8, 3, 0], [3, 10, 4, 0], [8, 10, 0, 0], [10, 1, 4, 3], [1, 7, 3, 3], [10, 7, 2, 5], [3, 10, 0, 9], [0, 6, 2, 2],
[3, 5, 0, 5], [3, 5, 5, 0], [4, 4, 0, 1], [5, 2, 5, 5], [7, 8, 8, 5], [5, 10, 10, 6], [8, 10, 3, 8], [3, 3, 9, 5], [6, 9, 10, 9], [3, 2, 10, 7],
[6, 8, 9, 10], [9, 3, 4, 5], [9, 10, 10, 1], [7, 7, 8, 4], [6, 9, 0, 8], [1, 9, 2, 7], [7, 1, 6, 0], [1, 3, 5, 8], [9, 1, 5, 7], [4, 7, 2, 1],
[4, 10, 2, 9], [5, 8, 1, 9], [6, 1, 6, 5], [10, 8, 0, 4], [7, 6, 2, 9], [7, 6, 4, 5], [7, 9, 2, 10], [3, 2, 0, 7], [10, 2, 5, 2], [0, 6, 1, 4],
[5, 7, 10, 2], [5, 10, 5, 1], [3, 7, 8, 8], [2, 1, 0, 10], [10, 0, 9, 0], [2, 7, 7, 0], [9, 0, 2, 7], [4, 3, 10, 8], [9, 7, 10, 1], [4, 4, 0, 5],
[10, 9, 2, 10], [10, 0, 9, 8], [1, 5, 8, 3], [1, 3, 1, 9], [1, 2, 3, 3], [3, 0, 0, 1], [7, 9, 0, 0], [0, 1, 3, 10], [8, 3, 10, 7], [4, 6, 2, 5],
[10, 0, 6, 9], [1, 8, 5, 2], [10, 9, 3, 2], [7, 4, 2, 4], [2, 2, 2, 2], [3, 6, 0, 0], [7, 8, 6, 0], [3, 8, 5, 0], [6, 1, 10, 5], [7, 4, 5, 6],
[0, 9, 6, 8], [0, 6, 10, 2], [9, 1, 2, 10], [5, 0, 9, 2], [8, 2, 2, 10], [8, 6, 10, 2], [7, 7, 7, 1], [10, 2, 7, 10], [9, 0, 5, 9], [7, 4, 9, 5],
[6, 0, 2, 9], [10, 0, 9, 7], [0, 1, 4, 9], [5, 2, 0, 10], [9, 7, 0, 8], [7, 5, 6, 5], [5, 0, 1, 1], [5, 10, 4, 9], [9, 5, 7, 8], [3, 6, 2, 4],
[5, 7, 2, 8], [7, 2, 7, 3], [7, 7, 1, 4], [1, 5, 7, 4], [5, 9, 4, 8], [6, 8, 6, 4], [0, 1, 10, 4], [5, 0, 8, 8], [5, 10, 5, 1], [10, 10, 4, 6],
[6, 3, 10, 5], [8, 5, 9, 1], [1, 2, 7, 7], [9, 1, 10, 9], [0, 7, 2, 5], [7, 8, 0, 1], [7, 5, 2, 6], [4, 7, 0, 8], [8, 10, 2, 4], [2, 9, 5, 3],
[10, 10, 9, 8], [0, 8, 4, 0], [4, 5, 3, 1], [2, 3, 2, 8], [6, 3, 1, 8], [8, 1, 3, 5], [10, 5, 9, 1], [2, 1, 3, 1], [1, 1, 7, 10], [9, 0, 9, 0],
[5, 1, 10, 6], [3, 0, 1, 9], [3, 2, 5, 0], [2, 8, 3, 1], [1, 0, 0, 3], [1, 3, 2, 0], [2, 9, 9, 9], [9, 7, 10, 2], [8, 7, 6, 9], [7, 7, 6, 10]]
[1, 1, 1, 1, 1, 0.2, 0.2, 0.2, 0.2, 0.2,
0.2, 0.2, 0.2, 0.2, 0.2, 0.2, 0.2, 0.2, 0.2, 0.2,
0.2, 0.2, 0.2, 0.2, 0.2, 0.2, 0.2, 0.2, 0.2, 0.2,
0.04, 0.04, 0.04, 0.04, 0.04, 0.04, 0.04, 0.04, 0.04, 0.04,
0.04, 0.04, 0.04, 0.04, 0.04, 0.04, 0.04, 0.04, 0.04, 0.04,
0.04, 0.04, 0.04, 0.04, 0.04, 0.008, 0.008, 0.008, 0.008, 0.008,
0.008, 0.008, 0.008, 0.008, 0.008, 0.008, 0.008, 0.008, 0.008, 0.008,
0.008, 0.008, 0.008, 0.008, 0.008, 0.008, 0.008, 0.008, 0.008, 0.008,
0.0016, 0.0016, 0.0016, 0.0016, 0.0016, 0.0016, 0.0016, 0.0016, 0.0016, 0.0016,
0.0016, 0.0016, 0.0016, 0.0016, 0.0016, 0.0016, 0.0016, 0.0016, 0.0016, 0.0016,
0.0016, 0.0016, 0.0016, 0.0016, 0.0016, 0.00032, 0.00032, 0.00032, 0.00032, 0.00032,
0.00032, 0.00032, 0.00032, 0.00032, 0.00032, 0.00032, 0.00032, 0.00032, 0.00032, 0.00032,
0.00032, 0.00032, 0.00032, 0.00032, 0.00032, 0.00032, 0.00032, 0.00032, 0.00032, 0.00032]
[8, 3, 6, 4, 7, 5, 4, 8, 3, 9,
5, 5, 0, 0, 4, 4, 4, 2, 1, 5,
3, 7, 0, 1, 10, 7, 2, 6, 9, 7,
0, 0, 3, 1, 6, 8, 2, 3, 3, 2,
1, 2, 10, 2, 10, 8, 4, 10, 10, 8,
3, 10, 6, 4, 3, 10, 4, 4, 6, 0,
0, 1, 2, 1, 8, 2, 1, 2, 2, 3,
0, 8, 2, 5, 3, 2, 10, 8, 9, 1,
3, 3, 3, 6, 8, 8, 10, 0, 2, 6,
7, 9, 6, 5, 9, 9, 6, 10, 5, 3,
2, 9, 4, 10, 10, 1, 1, 8, 10, 9,
5, 7, 8, 7, 10, 3, 9, 1, 8, 6,
4, 10, 0, 8, 8, 7, 3, 10, 6, 1]
------------------------------------------------------- 
# stage = 6	# children c = 5	length of each stage p = 5	nodes = 129	# items I = 1
