[3, 80, 8, 21, 97, 35, 21, 19, 60, 55,
86, 64, 90, 6, 32, 88, 4, 81, 0, 70]
[[236, 660, 329], [663, 366, 822], [180, 212, 143], [176, 188, 544], [168, 824, 1038], [80, 152, 829], [454, 419, 416], [466, 934, 864], [722, 1183, 1231], [1216, 1200, 1141],
[428, 659, 1025], [757, 51, 614], [802, 725, 826], [945, 901, 238], [218, 1070, 285], [479, 373, 931], [532, 50, 80], [948, 1011, 237], [1035, 462, 149], [995, 901, 572]]
[[6, 7, 7, 0], [10, 3, 1, 3], [6, 7, 8, 8], [1, 9, 3, 6], [2, 1, 3, 1], [10, 1, 9, 10], [0, 7, 5, 7], [9, 0, 4, 2], [7, 9, 3, 4], [10, 2, 5, 5],
[9, 3, 1, 8], [10, 4, 4, 1], [3, 5, 0, 3], [6, 9, 2, 6], [5, 5, 2, 4], [3, 4, 6, 8], [2, 7, 2, 1], [10, 7, 7, 8], [8, 8, 6, 7], [10, 8, 6, 3]]
[1, 1, 0.333333, 0.333333, 0.333333, 0.333333, 0.333333, 0.333333, 0.111111, 0.111111,
0.111111, 0.111111, 0.111111, 0.111111, 0.037037, 0.037037, 0.037037, 0.037037, 0.037037, 0.037037]
[12, 5, 4, 0, 8, 5, 7, 4, 6, 11,
10, 2, 2, 12, 8, 7, 6, 3, 12, 8]
------------------------------------------------------- 
# stage = 4	# children c = 3	length of each stage p = 2	nodes = 19	# items I = 1
