[40, 72, 93, 98, 84, 24, 97, 1, 51, 92,
92, 25, 47, 60, 18, 48, 81, 51, 98, 1,
15, 42, 80, 62, 64, 47, 72, 51, 99, 3,
40, 38, 41, 99, 1, 92, 23, 64, 93, 40,
56, 50, 65, 2, 9, 49]
[[93, 1072, 433], [104, 391, 28], [909, 943, 648], [435, 533, 109], [663, 324, 728], [705, 1048, 556], [724, 568, 625], [108, 571, 337], [603, 500, 260], [373, 449, 30],
[338, 543, 338], [7, 647, 730], [373, 792, 909], [1021, 127, 341], [30, 26, 665], [758, 731, 949], [550, 691, 416], [74, 800, 224], [748, 302, 724], [244, 1012, 72],
[274, 587, 952], [950, 594, 836], [579, 967, 527], [387, 124, 991], [728, 154, 1018], [630, 148, 985], [478, 1035, 576], [131, 345, 275], [355, 1094, 914], [315, 237, 62],
[724, 849, 986], [576, 698, 816], [648, 513, 1020], [74, 900, 43], [1066, 864, 534], [219, 730, 682], [103, 445, 616], [1016, 913, 961], [527, 504, 190], [678, 819, 765],
[740, 779, 850], [962, 254, 784], [677, 902, 196], [596, 213, 332], [639, 515, 432], [72, 734, 62]]
[[2, 0, 7, 10], [8, 10, 3, 5], [9, 4, 1, 4], [10, 1, 8, 0], [5, 8, 6, 10], [7, 10, 5, 0], [5, 2, 4, 7], [0, 9, 4, 1], [7, 9, 0, 4], [8, 1, 9, 6],
[6, 9, 9, 5], [10, 4, 3, 2], [1, 9, 0, 9], [6, 5, 7, 0], [5, 0, 6, 5], [7, 8, 4, 4], [6, 4, 8, 1], [6, 5, 7, 1], [3, 3, 4, 0], [7, 7, 3, 7],
[4, 3, 5, 10], [6, 1, 0, 9], [10, 4, 1, 7], [1, 6, 0, 7], [10, 6, 8, 3], [0, 2, 2, 1], [4, 6, 0, 0], [1, 3, 7, 5], [4, 10, 2, 8], [9, 0, 6, 9],
[4, 7, 3, 5], [0, 1, 1, 0], [7, 7, 1, 6], [10, 4, 5, 1], [10, 5, 1, 9], [6, 7, 1, 8], [4, 4, 5, 1], [4, 9, 10, 9], [4, 0, 1, 4], [1, 3, 2, 6],
[8, 4, 10, 5], [8, 5, 6, 5], [10, 6, 4, 6], [0, 5, 3, 4], [7, 7, 5, 1], [3, 2, 8, 7]]
[1, 1, 0.5, 0.5, 0.5, 0.5, 0.25, 0.25, 0.25, 0.25,
0.125, 0.125, 0.125, 0.125, 0.0625, 0.0625, 0.0625, 0.0625, 0.03125, 0.03125,
0.03125, 0.03125, 0.015625, 0.015625, 0.015625, 0.015625, 0.0078125, 0.0078125, 0.0078125, 0.0078125,
0.00390625, 0.00390625, 0.00390625, 0.00390625, 0.00195312, 0.00195312, 0.00195312, 0.00195312, 0.000976562, 0.000976562,
0.000976562, 0.000976562, 0.000488281, 0.000488281, 0.000488281, 0.000488281]
[10, 6, 1, 4, 2, 11, 4, 1, 5, 9,
7, 11, 4, 10, 11, 8, 4, 10, 3, 8,
5, 1, 9, 3, 9, 0, 10, 11, 3, 2,
11, 4, 8, 4, 9, 2, 3, 7, 10, 7,
2, 5, 3, 7, 10, 8]
------------------------------------------------------- 
# stage = 12	# children c = 2	length of each stage p = 2	nodes = 45	# items I = 1
