[87, 68, 88, 66, 49, 55, 66, 14, 47, 28,
96, 89, 6, 81, 7, 18, 90, 94, 82, 82,
14, 9, 79, 16, 95, 1, 30, 51, 33, 84,
93, 86, 52, 80, 17, 67, 0, 49, 82, 47,
77, 43, 1, 49]
[[270, 238, 315], [827, 650, 10], [321, 886, 970], [137, 389, 76], [576, 578, 821], [1036, 1034, 919], [15, 140, 598], [644, 793, 622], [655, 672, 784], [880, 515, 536],
[919, 807, 796], [88, 510, 300], [120, 832, 63], [1112, 991, 474], [42, 444, 1053], [864, 356, 941], [637, 371, 1081], [112, 1037, 751], [756, 569, 277], [395, 303, 814],
[953, 77, 498], [604, 187, 1008], [904, 308, 694], [989, 296, 562], [318, 339, 1006], [225, 79, 216], [20, 738, 609], [1124, 850, 523], [729, 461, 1092], [1028, 878, 249],
[719, 685, 348], [93, 143, 536], [1101, 1070, 866], [672, 913, 38], [88, 107, 377], [1116, 332, 478], [186, 375, 71], [817, 375, 921], [194, 1104, 258], [140, 1008, 1136],
[412, 603, 676], [760, 696, 841], [172, 652, 765], [1060, 200, 555]]
[[9, 2, 4, 7], [8, 4, 2, 5], [4, 4, 5, 2], [10, 7, 4, 10], [8, 8, 10, 5], [1, 1, 8, 10], [2, 0, 8, 4], [10, 9, 3, 9], [10, 6, 3, 5], [10, 5, 0, 1],
[7, 3, 3, 4], [10, 5, 4, 5], [2, 1, 0, 1], [3, 6, 9, 5], [4, 6, 9, 3], [3, 0, 10, 0], [6, 2, 5, 5], [5, 3, 6, 10], [6, 9, 4, 3], [2, 6, 9, 4],
[7, 7, 6, 10], [0, 4, 5, 4], [9, 1, 5, 10], [1, 5, 10, 7], [5, 4, 10, 0], [8, 5, 10, 1], [2, 1, 5, 4], [7, 1, 6, 4], [8, 1, 3, 8], [4, 6, 10, 0],
[6, 4, 10, 5], [7, 7, 0, 2], [0, 10, 0, 6], [5, 8, 6, 5], [10, 9, 9, 6], [10, 4, 8, 7], [4, 10, 2, 6], [3, 1, 6, 9], [3, 5, 4, 0], [10, 4, 0, 8],
[1, 0, 2, 6], [6, 8, 9, 3], [6, 7, 10, 3], [10, 5, 10, 3]]
[1, 1, 0.333333, 0.333333, 0.333333, 0.333333, 0.333333, 0.333333, 0.111111, 0.111111,
0.111111, 0.111111, 0.111111, 0.111111, 0.037037, 0.037037, 0.037037, 0.037037, 0.037037, 0.037037,
0.0123457, 0.0123457, 0.0123457, 0.0123457, 0.0123457, 0.0123457, 0.00411523, 0.00411523, 0.00411523, 0.00411523,
0.00411523, 0.00411523, 0.00137174, 0.00137174, 0.00137174, 0.00137174, 0.00137174, 0.00137174, 0.000457247, 0.000457247,
0.000457247, 0.000457247, 0.000457247, 0.000457247]
[17, 3, 10, 12, 10, 3, 10, 16, 14, 5,
19, 8, 18, 19, 16, 6, 3, 22, 3, 1,
16, 17, 4, 7, 9, 8, 22, 22, 10, 20,
20, 19, 1, 7, 1, 12, 12, 8, 4, 22,
17, 13, 19, 4]
------------------------------------------------------- 
# stage = 8	# children c = 3	length of each stage p = 2	nodes = 43	# items I = 1
