[89, 16, 52, 21, 86, 29, 42, 97, 99, 81,
67, 0, 67, 73, 22, 92, 83, 40, 80, 7,
70, 90, 5, 3, 52, 28, 97, 86, 100, 2,
60, 88, 85, 79, 9, 36, 74, 51, 33, 73,
31, 66, 39, 64, 39, 61, 56, 88, 1, 35,
61, 37, 91, 32, 6, 42, 60, 70, 95, 26,
72, 54, 13, 23, 99, 89, 59, 73, 39]
[[922, 67, 591], [209, 283, 987], [346, 752, 609], [920, 98, 778], [126, 731, 76], [43, 814, 43], [963, 34, 712], [501, 428, 263], [103, 896, 524], [684, 811, 492],
[662, 29, 559], [558, 238, 147], [536, 898, 899], [449, 113, 301], [218, 239, 337], [607, 282, 455], [651, 236, 489], [667, 42, 918], [234, 145, 109], [758, 133, 920],
[555, 795, 949], [418, 344, 492], [565, 184, 381], [769, 633, 494], [374, 156, 37], [711, 763, 633], [158, 718, 869], [960, 376, 215], [173, 611, 360], [282, 673, 493],
[507, 532, 593], [760, 951, 937], [243, 820, 426], [937, 580, 50], [735, 259, 206], [77, 274, 274], [710, 745, 992], [883, 697, 673], [90, 870, 588], [763, 457, 252],
[248, 964, 89], [145, 19, 31], [386, 576, 155], [812, 504, 40], [863, 544, 299], [373, 934, 573], [647, 635, 310], [631, 509, 1007], [295, 912, 172], [883, 667, 629],
[439, 219, 897], [528, 364, 917], [872, 750, 484], [332, 554, 988], [372, 721, 836], [671, 398, 761], [235, 37, 700], [858, 981, 514], [160, 267, 417], [333, 454, 388],
[962, 197, 607], [851, 30, 971], [759, 902, 17], [547, 538, 884], [839, 910, 596], [667, 572, 298], [732, 112, 335], [424, 970, 307], [938, 122, 887]]
[[9, 10, 1, 0], [9, 10, 4, 2], [4, 2, 1, 0], [3, 6, 3, 10], [1, 10, 0, 10], [10, 4, 2, 8], [3, 4, 6, 10], [0, 5, 1, 8], [4, 2, 8, 0], [10, 1, 2, 3],
[1, 4, 1, 4], [8, 3, 3, 7], [2, 2, 7, 1], [4, 7, 9, 5], [9, 2, 5, 9], [7, 6, 4, 9], [8, 1, 9, 6], [0, 1, 7, 1], [3, 9, 4, 0], [1, 5, 7, 1],
[5, 1, 0, 10], [6, 7, 4, 4], [10, 9, 1, 6], [4, 3, 5, 0], [5, 1, 4, 3], [2, 0, 3, 5], [7, 7, 3, 8], [10, 9, 7, 3], [10, 7, 0, 4], [4, 4, 6, 1],
[1, 5, 5, 3], [9, 8, 1, 1], [10, 3, 4, 1], [4, 7, 5, 0], [1, 6, 7, 10], [4, 1, 2, 2], [7, 2, 6, 9], [4, 1, 10, 3], [7, 4, 5, 5], [2, 4, 6, 1],
[8, 10, 0, 10], [5, 3, 10, 4], [10, 4, 3, 3], [6, 5, 5, 2], [5, 0, 0, 8], [0, 8, 0, 7], [1, 3, 10, 3], [8, 5, 2, 5], [2, 3, 2, 5], [4, 1, 10, 3],
[4, 2, 5, 8], [6, 8, 8, 9], [7, 6, 6, 7], [3, 5, 3, 2], [8, 2, 4, 3], [5, 6, 6, 5], [7, 8, 0, 1], [8, 10, 2, 1], [10, 7, 7, 3], [5, 4, 2, 1],
[8, 8, 6, 0], [0, 9, 0, 7], [9, 4, 10, 1], [0, 4, 6, 5], [1, 6, 4, 7], [3, 7, 6, 1], [1, 2, 4, 6], [4, 6, 5, 1], [2, 0, 10, 2]]
[1, 1, 1, 0.5, 0.5, 0.5, 0.5, 0.5, 0.5, 0.25,
0.25, 0.25, 0.25, 0.25, 0.25, 0.125, 0.125, 0.125, 0.125, 0.125,
0.125, 0.0625, 0.0625, 0.0625, 0.0625, 0.0625, 0.0625, 0.03125, 0.03125, 0.03125,
0.03125, 0.03125, 0.03125, 0.015625, 0.015625, 0.015625, 0.015625, 0.015625, 0.015625, 0.0078125,
0.0078125, 0.0078125, 0.0078125, 0.0078125, 0.0078125, 0.00390625, 0.00390625, 0.00390625, 0.00390625, 0.00390625,
0.00390625, 0.00195312, 0.00195312, 0.00195312, 0.00195312, 0.00195312, 0.00195312, 0.000976562, 0.000976562, 0.000976562,
0.000976562, 0.000976562, 0.000976562, 0.000488281, 0.000488281, 0.000488281, 0.000488281, 0.000488281, 0.000488281]
[7, 1, 5, 3, 9, 1, 3, 4, 3, 10,
7, 10, 6, 6, 3, 3, 8, 0, 10, 6,
6, 2, 8, 3, 9, 4, 9, 4, 2, 4,
5, 3, 9, 3, 2, 4, 3, 3, 7, 7,
7, 9, 2, 7, 7, 6, 5, 2, 6, 8,
1, 2, 3, 0, 0, 3, 4, 10, 0, 5,
5, 6, 5, 8, 0, 7, 4, 1, 1]
------------------------------------------------------- 
# stage = 12	# children c = 2	length of each stage p = 3	nodes = 68	# items I = 1
