[71, 43, 4, 88, 43, 18, 80, 71, 90, 54,
71, 53, 29, 54, 20, 39, 1, 74, 23, 2]
[[885, 113, 2060], [507, 1308, 1444], [35, 154, 935], [160, 1560, 1203], [124, 636, 1894], [1666, 577, 1119], [1086, 176, 534], [384, 2010, 1145], [258, 1801, 563], [1191, 308, 20],
[1451, 1193, 273], [1571, 1840, 1581], [1074, 2015, 1876], [68, 234, 1495], [1412, 498, 51], [1225, 83, 768], [264, 1169, 944], [798, 1694, 873], [2, 1952, 733], [565, 1062, 1041]]
[[8, 9, 4, 8], [8, 0, 0, 9], [8, 2, 0, 3], [3, 6, 0, 3], [2, 5, 9, 10], [10, 3, 8, 6], [4, 4, 8, 7], [4, 3, 5, 0], [1, 10, 6, 10], [10, 6, 6, 5],
[7, 6, 9, 10], [1, 7, 0, 3], [1, 9, 1, 0], [10, 9, 5, 3], [2, 2, 8, 5], [3, 2, 3, 3], [10, 9, 2, 10], [3, 6, 4, 10], [2, 0, 7, 3], [7, 7, 5, 9]]
[1, 1, 0.333333, 0.333333, 0.333333, 0.333333, 0.333333, 0.333333, 0.111111, 0.111111,
0.111111, 0.111111, 0.111111, 0.111111, 0.037037, 0.037037, 0.037037, 0.037037, 0.037037, 0.037037]
[5, 7, 17, 20, 9, 9, 5, 0, 1, 10,
7, 5, 18, 17, 3, 17, 16, 0, 6, 13]
------------------------------------------------------- 
# stage = 4	# children c = 3	length of each stage p = 2	nodes = 19	# items I = 1
