[92, 59, 12, 67, 38, 45, 2, 82, 74, 49,
36, 81, 6, 86, 99, 11, 32, 74, 100, 54,
67, 22, 93, 85, 34, 0, 63, 37, 50, 57,
23, 41, 15, 1, 75, 19, 12, 77, 67, 52,
93, 69, 100, 99, 20, 98, 76, 53, 37, 42,
73, 71, 64, 65, 21, 98, 31, 84, 0, 82,
6, 90, 89, 88, 58, 29, 6, 70, 6, 40,
89, 65, 8, 88, 63, 29, 51, 38, 48, 54,
80, 20, 24, 9, 52, 45, 74, 49, 95, 40,
97, 67, 30, 86, 54, 88, 14, 27, 23, 87,
67, 78, 51, 41, 65, 80, 36, 15, 85, 84]
[[649, 209, 832], [1060, 390, 533], [707, 305, 540], [511, 543, 764], [37, 178, 817], [860, 129, 1029], [1079, 906, 824], [590, 982, 332], [1013, 282, 825], [231, 799, 516],
[598, 362, 628], [344, 336, 920], [877, 1043, 140], [233, 370, 585], [900, 407, 763], [631, 181, 893], [574, 76, 615], [214, 568, 413], [547, 495, 696], [286, 628, 409],
[705, 140, 771], [247, 485, 1009], [81, 178, 868], [123, 314, 152], [610, 128, 461], [288, 661, 544], [1083, 149, 522], [514, 266, 4], [928, 813, 499], [440, 1001, 41],
[849, 522, 83], [436, 671, 470], [261, 655, 551], [43, 778, 865], [97, 303, 895], [558, 493, 470], [16, 392, 521], [538, 906, 787], [444, 650, 416], [845, 992, 234],
[886, 657, 756], [871, 7, 342], [256, 268, 997], [807, 213, 591], [488, 310, 796], [297, 770, 105], [669, 786, 497], [6, 140, 220], [794, 486, 772], [26, 245, 679],
[260, 1033, 250], [919, 819, 160], [77, 977, 428], [976, 698, 544], [481, 100, 854], [94, 299, 539], [199, 870, 141], [599, 876, 184], [721, 486, 670], [407, 513, 818],
[988, 675, 765], [153, 508, 400], [215, 585, 291], [643, 475, 989], [3, 859, 991], [858, 953, 106], [213, 1054, 976], [354, 469, 669], [440, 6, 69], [25, 316, 582],
[843, 218, 172], [424, 273, 582], [825, 488, 82], [30, 1034, 557], [922, 1037, 232], [827, 711, 1], [836, 924, 958], [726, 95, 341], [211, 535, 250], [281, 560, 566],
[765, 219, 686], [937, 546, 960], [434, 285, 362], [418, 217, 212], [877, 53, 164], [24, 783, 875], [25, 435, 616], [885, 1063, 711], [43, 189, 160], [293, 470, 623],
[859, 149, 744], [459, 989, 204], [235, 239, 391], [500, 657, 609], [712, 448, 564], [778, 374, 163], [470, 302, 598], [0, 101, 576], [711, 144, 765], [773, 437, 51],
[310, 112, 200], [1055, 474, 5], [173, 709, 244], [467, 123, 901], [1076, 738, 166], [456, 332, 540], [620, 802, 842], [132, 802, 944], [610, 329, 990], [191, 17, 342]]
[[5, 1, 6, 5], [7, 4, 10, 9], [7, 5, 7, 2], [8, 5, 10, 8], [8, 4, 0, 7], [0, 6, 2, 0], [7, 2, 10, 6], [5, 5, 3, 10], [6, 7, 5, 0], [9, 4, 9, 3],
[9, 6, 5, 4], [9, 4, 2, 7], [7, 0, 3, 7], [5, 3, 5, 10], [5, 4, 5, 0], [9, 6, 10, 3], [2, 2, 3, 0], [6, 0, 2, 3], [6, 7, 7, 4], [10, 7, 9, 6],
[8, 10, 0, 0], [3, 5, 10, 6], [10, 4, 6, 6], [0, 4, 9, 0], [4, 0, 10, 9], [0, 1, 1, 4], [6, 6, 8, 5], [3, 5, 9, 9], [4, 9, 7, 5], [4, 6, 1, 1],
[8, 5, 7, 6], [9, 4, 5, 1], [4, 4, 10, 4], [3, 0, 8, 9], [4, 3, 2, 5], [8, 0, 3, 0], [8, 8, 5, 1], [3, 4, 2, 1], [10, 7, 5, 6], [0, 10, 7, 4],
[3, 6, 6, 4], [4, 3, 1, 9], [5, 1, 3, 0], [1, 5, 0, 9], [2, 4, 8, 4], [8, 8, 3, 5], [5, 8, 1, 5], [8, 8, 8, 9], [2, 3, 1, 6], [5, 2, 2, 10],
[3, 4, 8, 2], [9, 7, 10, 9], [0, 5, 0, 6], [3, 3, 1, 8], [1, 2, 0, 7], [8, 8, 5, 10], [10, 6, 4, 4], [6, 6, 1, 7], [10, 7, 10, 6], [3, 7, 3, 1],
[1, 3, 8, 4], [7, 9, 10, 6], [9, 9, 0, 6], [4, 3, 6, 3], [8, 10, 5, 3], [3, 4, 9, 3], [1, 8, 9, 2], [4, 1, 4, 3], [5, 1, 8, 10], [8, 5, 3, 6],
[3, 1, 1, 8], [4, 5, 9, 1], [2, 2, 3, 6], [4, 1, 9, 3], [7, 5, 6, 9], [7, 8, 1, 10], [9, 7, 7, 6], [2, 8, 10, 3], [9, 0, 0, 0], [6, 8, 2, 6],
[8, 3, 1, 1], [2, 8, 5, 9], [3, 9, 7, 8], [6, 8, 5, 2], [5, 1, 6, 5], [7, 5, 8, 3], [5, 7, 3, 9], [2, 3, 5, 10], [6, 4, 0, 8], [2, 3, 4, 3],
[10, 0, 0, 5], [7, 5, 7, 10], [4, 2, 4, 0], [5, 10, 3, 0], [6, 4, 7, 8], [8, 10, 5, 1], [4, 4, 10, 4], [7, 1, 7, 7], [2, 5, 10, 7], [10, 5, 6, 3],
[5, 8, 1, 0], [5, 4, 9, 1], [6, 3, 7, 3], [3, 2, 5, 5], [6, 2, 7, 0], [3, 3, 5, 3], [6, 3, 10, 5], [8, 3, 6, 2], [9, 7, 0, 4], [9, 9, 3, 4]]
[1, 1, 1, 1, 1, 0.333333, 0.333333, 0.333333, 0.333333, 0.333333,
0.333333, 0.333333, 0.333333, 0.333333, 0.333333, 0.333333, 0.333333, 0.333333, 0.333333, 0.333333,
0.111111, 0.111111, 0.111111, 0.111111, 0.111111, 0.111111, 0.111111, 0.111111, 0.111111, 0.111111,
0.111111, 0.111111, 0.111111, 0.111111, 0.111111, 0.037037, 0.037037, 0.037037, 0.037037, 0.037037,
0.037037, 0.037037, 0.037037, 0.037037, 0.037037, 0.037037, 0.037037, 0.037037, 0.037037, 0.037037,
0.0123457, 0.0123457, 0.0123457, 0.0123457, 0.0123457, 0.0123457, 0.0123457, 0.0123457, 0.0123457, 0.0123457,
0.0123457, 0.0123457, 0.0123457, 0.0123457, 0.0123457, 0.00411523, 0.00411523, 0.00411523, 0.00411523, 0.00411523,
0.00411523, 0.00411523, 0.00411523, 0.00411523, 0.00411523, 0.00411523, 0.00411523, 0.00411523, 0.00411523, 0.00411523,
0.00137174, 0.00137174, 0.00137174, 0.00137174, 0.00137174, 0.00137174, 0.00137174, 0.00137174, 0.00137174, 0.00137174,
0.00137174, 0.00137174, 0.00137174, 0.00137174, 0.00137174, 0.000457247, 0.000457247, 0.000457247, 0.000457247, 0.000457247,
0.000457247, 0.000457247, 0.000457247, 0.000457247, 0.000457247, 0.000457247, 0.000457247, 0.000457247, 0.000457247, 0.000457247]
[7, 3, 5, 10, 3, 0, 3, 4, 1, 2,
1, 4, 2, 7, 7, 8, 3, 2, 5, 9,
2, 10, 2, 5, 7, 10, 3, 1, 5, 7,
2, 3, 10, 1, 3, 10, 5, 7, 9, 6,
5, 10, 7, 1, 4, 0, 7, 7, 4, 10,
4, 0, 5, 10, 5, 3, 9, 4, 0, 4,
1, 6, 2, 1, 10, 3, 7, 9, 5, 10,
1, 6, 1, 0, 3, 2, 4, 10, 10, 0,
7, 10, 3, 0, 4, 6, 10, 0, 10, 9,
0, 4, 8, 7, 10, 3, 9, 7, 9, 8,
2, 3, 1, 8, 10, 1, 8, 10, 5, 10]
------------------------------------------------------- 
# stage = 8	# children c = 3	length of each stage p = 5	nodes = 109	# items I = 1
