[67, 69, 59, 16, 32, 25, 40, 65, 73, 1,
74, 87, 14, 83, 8, 7, 65, 41, 7, 27,
61, 75, 16, 100, 32, 74, 54, 28, 96, 77,
23, 28, 11, 48, 45, 9, 74, 85, 74, 12,
52, 14, 66, 33, 63, 74, 40, 27, 81, 47,
54, 42]
[[94, 89, 177], [557, 632, 411], [59, 553, 448], [660, 14, 502], [541, 183, 449], [98, 243, 848], [633, 527, 494], [725, 850, 788], [418, 727, 709], [872, 755, 604],
[386, 245, 89], [860, 198, 722], [370, 257, 374], [214, 314, 686], [717, 855, 869], [562, 53, 509], [509, 82, 135], [399, 203, 381], [286, 622, 504], [391, 890, 358],
[94, 375, 0], [184, 334, 198], [302, 100, 753], [676, 315, 166], [758, 428, 417], [727, 89, 767], [632, 895, 245], [163, 393, 449], [544, 75, 467], [148, 466, 456],
[803, 858, 228], [803, 438, 859], [398, 740, 59], [250, 812, 671], [713, 670, 495], [526, 793, 584], [393, 524, 875], [34, 687, 367], [483, 627, 739], [49, 775, 601],
[803, 678, 558], [130, 877, 95], [88, 374, 231], [444, 20, 143], [214, 129, 813], [709, 656, 101], [689, 445, 625], [663, 479, 708], [426, 62, 434], [264, 408, 606],
[866, 607, 383], [820, 133, 656]]
[[1, 7, 6, 9], [9, 7, 1, 3], [5, 4, 2, 8], [0, 1, 9, 5], [7, 9, 9, 5], [5, 0, 3, 10], [0, 1, 6, 6], [7, 0, 5, 9], [7, 0, 5, 6], [5, 5, 7, 0],
[7, 9, 8, 7], [9, 4, 0, 5], [3, 7, 10, 8], [7, 1, 8, 7], [2, 1, 0, 10], [1, 5, 6, 9], [3, 9, 2, 9], [1, 9, 9, 8], [5, 4, 3, 3], [9, 3, 8, 10],
[8, 6, 7, 4], [7, 2, 0, 9], [3, 10, 6, 3], [2, 10, 1, 6], [7, 1, 2, 8], [10, 9, 4, 2], [2, 5, 6, 9], [6, 1, 8, 3], [7, 3, 7, 1], [3, 5, 9, 5],
[4, 2, 8, 5], [2, 7, 0, 7], [8, 2, 4, 5], [0, 6, 7, 0], [9, 0, 10, 4], [2, 5, 7, 7], [8, 1, 9, 10], [7, 7, 4, 9], [9, 1, 3, 9], [8, 1, 5, 3],
[1, 8, 6, 10], [1, 2, 0, 0], [1, 8, 4, 3], [2, 10, 10, 9], [0, 6, 8, 5], [2, 1, 4, 10], [0, 5, 8, 6], [5, 1, 7, 6], [9, 2, 6, 10], [4, 6, 10, 5],
[3, 2, 6, 3], [1, 4, 1, 10]]
[1, 1, 0.2, 0.2, 0.2, 0.2, 0.2, 0.2, 0.2, 0.2,
0.2, 0.2, 0.04, 0.04, 0.04, 0.04, 0.04, 0.04, 0.04, 0.04,
0.04, 0.04, 0.008, 0.008, 0.008, 0.008, 0.008, 0.008, 0.008, 0.008,
0.008, 0.008, 0.0016, 0.0016, 0.0016, 0.0016, 0.0016, 0.0016, 0.0016, 0.0016,
0.0016, 0.0016, 0.00032, 0.00032, 0.00032, 0.00032, 0.00032, 0.00032, 0.00032, 0.00032,
0.00032, 0.00032]
[9, 5, 5, 8, 9, 1, 18, 3, 17, 8,
7, 11, 3, 4, 0, 11, 17, 5, 11, 0,
6, 3, 8, 4, 12, 0, 6, 12, 10, 17,
3, 10, 1, 3, 10, 10, 17, 18, 14, 9,
10, 1, 14, 1, 4, 10, 3, 6, 15, 16,
6, 1]
------------------------------------------------------- 
# stage = 6	# children c = 5	length of each stage p = 2	nodes = 51	# items I = 1
