[26, 98, 31, 86, 65, 89, 17, 0, 32, 63,
75, 1, 4, 57, 64, 0, 24, 100, 35, 7,
24, 34, 41, 43, 60, 88, 98, 15, 87, 19,
46, 79, 83, 43, 65, 47, 32, 82, 13, 64,
10, 54, 65, 15, 10, 95, 15, 34, 94, 16,
8, 17, 16, 49, 27, 42, 2, 24, 24, 89,
9, 70, 33, 92, 13, 98, 5, 45]
[[399, 883, 584], [902, 806, 814], [199, 927, 567], [544, 519, 631], [581, 416, 131], [765, 82, 929], [857, 372, 480], [1056, 109, 341], [51, 1013, 656], [328, 328, 495],
[455, 727, 195], [1039, 445, 903], [767, 546, 744], [151, 5, 177], [782, 488, 495], [815, 167, 479], [659, 926, 851], [1041, 896, 863], [296, 849, 790], [952, 91, 32],
[264, 448, 661], [459, 401, 20], [276, 1071, 468], [922, 136, 473], [1001, 820, 961], [312, 452, 1030], [792, 25, 870], [557, 1066, 582], [334, 179, 346], [1026, 45, 339],
[1058, 309, 690], [535, 670, 5], [457, 848, 978], [926, 684, 1016], [313, 501, 751], [91, 716, 117], [35, 422, 44], [808, 881, 1012], [206, 32, 105], [454, 1058, 151],
[794, 933, 362], [300, 284, 1033], [305, 742, 795], [100, 484, 296], [30, 699, 699], [683, 790, 329], [800, 728, 751], [746, 352, 449], [673, 558, 383], [680, 1013, 257],
[831, 623, 104], [10, 923, 291], [1043, 44, 935], [654, 144, 333], [852, 77, 1032], [466, 760, 639], [795, 377, 183], [363, 37, 535], [812, 612, 7], [109, 207, 922],
[268, 940, 459], [373, 950, 198], [566, 809, 145], [415, 378, 289], [748, 144, 268], [596, 512, 1029], [149, 222, 320], [332, 585, 259]]
[[9, 0, 3, 4], [5, 4, 7, 9], [9, 3, 2, 7], [7, 4, 2, 1], [0, 1, 5, 4], [4, 8, 5, 4], [6, 1, 6, 7], [1, 3, 9, 10], [1, 10, 1, 6], [3, 6, 3, 10],
[7, 5, 4, 4], [7, 5, 5, 5], [6, 8, 9, 0], [4, 1, 2, 10], [2, 6, 6, 3], [9, 2, 1, 0], [1, 0, 4, 2], [5, 7, 10, 1], [1, 4, 5, 6], [9, 8, 0, 2],
[6, 7, 0, 10], [8, 3, 7, 0], [9, 0, 1, 6], [2, 0, 4, 3], [10, 8, 3, 4], [5, 2, 5, 4], [4, 9, 0, 2], [6, 9, 3, 10], [6, 3, 7, 3], [6, 3, 1, 3],
[3, 1, 9, 3], [10, 0, 6, 9], [8, 7, 2, 0], [8, 6, 3, 1], [4, 1, 2, 8], [10, 5, 6, 5], [6, 2, 7, 2], [4, 8, 5, 5], [9, 1, 9, 9], [1, 2, 5, 7],
[10, 6, 8, 5], [1, 9, 4, 3], [10, 6, 0, 9], [9, 6, 2, 5], [7, 9, 5, 9], [6, 8, 3, 3], [9, 1, 10, 8], [4, 4, 4, 1], [8, 10, 6, 9], [8, 10, 1, 5],
[4, 0, 2, 0], [4, 4, 3, 0], [0, 8, 7, 4], [3, 0, 7, 10], [1, 4, 7, 3], [7, 10, 2, 4], [9, 8, 3, 5], [6, 2, 10, 10], [0, 10, 8, 5], [3, 1, 3, 3],
[7, 0, 6, 0], [0, 2, 10, 10], [5, 7, 1, 1], [6, 3, 5, 2], [10, 6, 7, 5], [7, 5, 2, 7], [4, 10, 1, 6], [0, 3, 7, 8]]
[1, 1, 0.333333, 0.333333, 0.333333, 0.333333, 0.333333, 0.333333, 0.111111, 0.111111,
0.111111, 0.111111, 0.111111, 0.111111, 0.037037, 0.037037, 0.037037, 0.037037, 0.037037, 0.037037,
0.0123457, 0.0123457, 0.0123457, 0.0123457, 0.0123457, 0.0123457, 0.00411523, 0.00411523, 0.00411523, 0.00411523,
0.00411523, 0.00411523, 0.00137174, 0.00137174, 0.00137174, 0.00137174, 0.00137174, 0.00137174, 0.000457247, 0.000457247,
0.000457247, 0.000457247, 0.000457247, 0.000457247, 0.000152416, 0.000152416, 0.000152416, 0.000152416, 0.000152416, 0.000152416,
5.08053e-05, 5.08053e-05, 5.08053e-05, 5.08053e-05, 5.08053e-05, 5.08053e-05, 1.69351e-05, 1.69351e-05, 1.69351e-05, 1.69351e-05,
1.69351e-05, 1.69351e-05, 5.64503e-06, 5.64503e-06, 5.64503e-06, 5.64503e-06, 5.64503e-06, 5.64503e-06]
[5, 0, 6, 1, 1, 1, 9, 1, 9, 4,
6, 0, 8, 1, 0, 1, 1, 9, 9, 3,
0, 8, 6, 2, 4, 5, 9, 0, 8, 6,
4, 3, 5, 8, 7, 2, 1, 6, 8, 8,
1, 9, 6, 10, 5, 2, 1, 2, 1, 8,
7, 5, 6, 3, 5, 2, 1, 1, 4, 9,
7, 6, 2, 1, 3, 10, 7, 7]
------------------------------------------------------- 
# stage = 12	# children c = 3	length of each stage p = 2	nodes = 67	# items I = 1
