[55, 94, 41, 68, 33, 99, 53, 97, 49, 37,
55, 95, 52, 84, 66, 0, 93, 86, 72, 6,
73, 90, 16, 77, 60, 84, 51, 25, 16, 58,
81, 72, 52, 21, 5, 85, 86, 25, 47, 1,
62, 1, 62, 80, 52, 27, 46, 44, 80, 18,
16, 18, 74, 100, 95, 100, 83, 11, 24, 66,
69, 71, 3, 20, 59, 8, 72, 10, 100]
[[1451, 71, 490], [1762, 1647, 1004], [544, 1076, 1230], [1708, 320, 1377], [1197, 893, 188], [1178, 1765, 1245], [1571, 1149, 27], [155, 167, 802], [1299, 252, 740], [462, 1502, 593],
[1181, 393, 665], [880, 386, 1521], [116, 139, 37], [555, 78, 1336], [163, 484, 460], [1330, 1662, 1435], [806, 674, 24], [42, 829, 191], [53, 1337, 1422], [3, 30, 1155],
[596, 420, 758], [470, 1301, 353], [1200, 1417, 493], [1238, 203, 571], [805, 1344, 1056], [474, 114, 158], [140, 920, 41], [165, 171, 79], [1334, 1203, 1416], [987, 1206, 1446],
[1352, 1011, 98], [341, 1482, 608], [1672, 122, 256], [396, 1360, 1437], [968, 396, 221], [1233, 871, 336], [600, 220, 465], [642, 1363, 637], [721, 929, 1049], [1347, 1125, 486],
[233, 708, 1497], [331, 258, 419], [939, 162, 542], [404, 1536, 1111], [1050, 735, 717], [1272, 1177, 797], [1608, 987, 1017], [304, 1629, 1590], [150, 1559, 750], [1199, 1137, 1084],
[894, 1371, 24], [623, 911, 1260], [251, 1060, 631], [2, 673, 399], [1114, 1724, 343], [62, 1227, 730], [859, 1066, 1717], [1085, 579, 786], [906, 730, 576], [865, 1138, 923],
[181, 264, 1503], [1183, 96, 645], [1652, 347, 914], [515, 1328, 1588], [914, 673, 752], [1257, 1713, 210], [218, 12, 485], [1144, 1097, 1064], [161, 1213, 1003]]
[[1, 5, 6, 9], [8, 2, 9, 0], [7, 5, 10, 10], [4, 4, 4, 8], [4, 6, 1, 8], [4, 0, 1, 9], [0, 0, 6, 4], [6, 1, 2, 6], [4, 6, 4, 10], [9, 0, 0, 3],
[3, 8, 2, 7], [0, 4, 5, 4], [8, 4, 2, 1], [2, 1, 8, 2], [1, 4, 4, 8], [3, 6, 1, 5], [2, 5, 5, 9], [5, 3, 1, 6], [9, 1, 2, 9], [3, 5, 1, 0],
[7, 1, 10, 9], [2, 7, 0, 1], [0, 5, 7, 1], [9, 8, 7, 9], [2, 10, 5, 5], [2, 4, 0, 9], [3, 1, 8, 6], [4, 9, 6, 1], [10, 5, 8, 1], [2, 9, 0, 0],
[1, 8, 0, 10], [5, 5, 7, 6], [4, 1, 0, 4], [6, 10, 2, 9], [9, 10, 3, 0], [6, 9, 10, 5], [4, 8, 4, 4], [6, 5, 4, 7], [2, 4, 4, 5], [9, 0, 0, 0],
[0, 10, 2, 4], [7, 5, 0, 5], [2, 3, 3, 9], [2, 3, 1, 4], [0, 6, 6, 6], [9, 10, 0, 9], [2, 2, 3, 9], [1, 4, 8, 10], [3, 10, 3, 10], [4, 3, 2, 5],
[5, 5, 3, 7], [6, 4, 9, 6], [8, 4, 10, 6], [1, 8, 2, 3], [0, 6, 0, 10], [10, 8, 9, 0], [7, 10, 8, 10], [2, 8, 4, 7], [2, 5, 1, 7], [7, 8, 2, 5],
[1, 2, 9, 3], [8, 1, 4, 6], [7, 2, 5, 4], [8, 1, 2, 3], [0, 10, 2, 1], [7, 4, 8, 7], [9, 8, 3, 5], [5, 6, 8, 5], [6, 5, 6, 1]]
[1, 1, 1, 0.5, 0.5, 0.5, 0.5, 0.5, 0.5, 0.25,
0.25, 0.25, 0.25, 0.25, 0.25, 0.125, 0.125, 0.125, 0.125, 0.125,
0.125, 0.0625, 0.0625, 0.0625, 0.0625, 0.0625, 0.0625, 0.03125, 0.03125, 0.03125,
0.03125, 0.03125, 0.03125, 0.015625, 0.015625, 0.015625, 0.015625, 0.015625, 0.015625, 0.0078125,
0.0078125, 0.0078125, 0.0078125, 0.0078125, 0.0078125, 0.00390625, 0.00390625, 0.00390625, 0.00390625, 0.00390625,
0.00390625, 0.00195312, 0.00195312, 0.00195312, 0.00195312, 0.00195312, 0.00195312, 0.000976562, 0.000976562, 0.000976562,
0.000976562, 0.000976562, 0.000976562, 0.000488281, 0.000488281, 0.000488281, 0.000488281, 0.000488281, 0.000488281]
[0, 0, 2, 8, 8, 5, 3, 3, 3, 3,
4, 3, 7, 6, 8, 6, 5, 4, 5, 6,
3, 3, 5, 5, 3, 2, 4, 7, 7, 6,
0, 4, 5, 3, 5, 4, 5, 4, 8, 8,
4, 6, 4, 8, 0, 0, 7, 3, 6, 3,
0, 1, 0, 7, 0, 8, 5, 1, 6, 2,
5, 3, 3, 3, 0, 1, 3, 4, 4]
------------------------------------------------------- 
# stage = 12	# children c = 2	length of each stage p = 3	nodes = 68	# items I = 1
