[19, 19, 74, 2, 26, 2, 5, 76, 29, 28,
61, 96, 59, 54, 58, 42, 2, 32, 90, 68,
75, 39, 2, 94, 43, 95, 11, 58, 10, 78,
43, 96, 63, 17, 98, 56, 19, 2, 31, 14,
98, 58, 9, 22, 11, 34, 64, 81, 32, 19,
48, 6, 25, 16, 0, 68, 10, 11, 26, 21,
56, 35, 16, 85, 52, 81, 40, 37, 49, 38,
52, 12, 62, 27, 35, 74, 27, 65, 20, 60,
85, 68, 32, 9, 50, 32, 43, 27, 10, 35,
14, 32, 71, 97, 16, 22, 43, 23, 60, 59,
61, 78, 71, 89, 4, 5, 62, 99, 37, 82,
58, 21, 15, 90, 97, 32, 89, 39, 25, 65,
75, 39, 97, 45, 1, 79, 67, 45, 1, 93]
[[900, 2011, 1248], [1713, 1445, 317], [712, 2072, 511], [1547, 1442, 1809], [838, 1790, 2108], [191, 1787, 965], [535, 1328, 2045], [763, 1395, 543], [7, 147, 354], [1012, 328, 1976],
[2126, 590, 1861], [1247, 176, 541], [1565, 251, 1975], [1438, 1160, 1291], [1120, 1360, 954], [464, 1551, 614], [791, 2087, 1304], [709, 723, 2061], [1252, 93, 1570], [969, 1105, 1898],
[818, 1104, 362], [2041, 1714, 2027], [456, 514, 151], [304, 1314, 673], [1595, 308, 2033], [1911, 134, 1458], [1888, 925, 780], [427, 1634, 865], [1851, 122, 958], [1294, 1091, 1425],
[428, 1271, 1892], [790, 1186, 1479], [52, 1004, 1355], [204, 670, 542], [239, 1628, 212], [146, 1412, 346], [966, 535, 1271], [1746, 325, 141], [484, 1538, 1752], [805, 67, 78],
[1592, 495, 711], [1357, 647, 1259], [71, 700, 136], [1426, 266, 807], [1969, 505, 308], [1543, 651, 1082], [1890, 979, 980], [396, 2087, 1305], [2026, 1934, 78], [1651, 612, 145],
[1091, 77, 641], [1803, 797, 1288], [935, 868, 1350], [1072, 1657, 1616], [1241, 1499, 2122], [911, 915, 8], [1993, 40, 988], [846, 437, 948], [1513, 1825, 755], [953, 712, 729],
[1099, 1803, 169], [1102, 841, 966], [263, 1777, 1196], [1614, 84, 726], [1103, 1325, 1587], [460, 1598, 1865], [469, 1464, 1905], [819, 1673, 1704], [1129, 421, 1403], [1885, 1375, 2115],
[1976, 347, 1153], [18, 1449, 1995], [346, 1074, 1007], [1543, 2050, 1091], [142, 389, 1778], [1730, 211, 1249], [1468, 680, 2075], [608, 1499, 1621], [186, 1991, 1405], [951, 1749, 653],
[301, 960, 362], [816, 341, 1173], [684, 687, 1609], [1691, 103, 895], [17, 1735, 646], [1795, 700, 857], [917, 41, 1538], [228, 11, 272], [1849, 197, 136], [489, 510, 1247],
[504, 811, 1570], [866, 1628, 1911], [1401, 1674, 471], [246, 601, 2064], [1141, 618, 1672], [1787, 287, 245], [2006, 566, 1775], [1417, 794, 1786], [1052, 2006, 1346], [550, 368, 1856],
[1160, 873, 2030], [603, 1101, 893], [387, 1865, 1929], [220, 1473, 403], [157, 487, 1022], [1829, 1636, 671], [1436, 1515, 1237], [446, 168, 1394], [106, 582, 1273], [814, 494, 1003],
[2032, 1654, 1238], [1935, 1619, 1702], [63, 1368, 1440], [1993, 1589, 786], [269, 1746, 635], [653, 811, 1633], [1324, 120, 383], [1924, 2056, 2040], [1191, 35, 495], [1826, 211, 352],
[64, 116, 1368], [1303, 1414, 861], [878, 1477, 102], [1680, 705, 1691], [1828, 337, 673], [336, 990, 1484], [1331, 1677, 966], [1714, 1474, 895], [990, 2027, 292], [847, 1726, 503]]
[[5, 4, 0, 1], [10, 2, 7, 7], [9, 7, 10, 2], [8, 8, 3, 0], [2, 5, 8, 1], [0, 6, 6, 3], [5, 2, 2, 6], [5, 7, 2, 10], [10, 1, 9, 9], [3, 3, 5, 10],
[8, 2, 10, 5], [0, 2, 3, 0], [8, 10, 2, 6], [5, 6, 8, 9], [6, 10, 2, 0], [4, 4, 8, 3], [5, 7, 1, 6], [8, 5, 5, 6], [5, 4, 0, 5], [5, 2, 4, 2],
[1, 6, 8, 4], [10, 5, 2, 6], [2, 4, 4, 7], [9, 2, 10, 1], [7, 10, 8, 4], [2, 0, 10, 7], [5, 9, 0, 10], [9, 4, 10, 8], [8, 5, 1, 7], [9, 2, 2, 0],
[6, 7, 5, 2], [7, 5, 2, 3], [2, 10, 5, 4], [8, 3, 9, 0], [10, 7, 8, 8], [0, 7, 3, 8], [0, 4, 5, 9], [6, 5, 7, 0], [10, 2, 0, 6], [5, 2, 7, 7],
[10, 2, 9, 8], [5, 5, 8, 2], [2, 6, 8, 2], [0, 0, 9, 0], [2, 1, 7, 7], [6, 4, 7, 6], [6, 7, 10, 0], [8, 7, 5, 7], [9, 3, 4, 1], [6, 0, 3, 8],
[4, 0, 9, 4], [9, 7, 5, 0], [8, 10, 7, 1], [3, 3, 7, 7], [9, 7, 5, 6], [1, 8, 0, 10], [0, 3, 9, 5], [3, 10, 2, 7], [8, 9, 0, 6], [5, 3, 6, 0],
[1, 1, 2, 4], [4, 7, 10, 0], [1, 4, 4, 2], [2, 5, 10, 0], [8, 8, 3, 9], [5, 6, 5, 2], [4, 3, 8, 8], [7, 2, 6, 8], [3, 8, 10, 5], [3, 7, 4, 4],
[1, 8, 7, 1], [0, 4, 10, 8], [2, 3, 6, 7], [7, 9, 8, 9], [2, 3, 4, 7], [5, 0, 2, 6], [6, 10, 1, 9], [7, 5, 1, 6], [0, 6, 5, 1], [10, 2, 7, 10],
[5, 1, 5, 10], [10, 2, 7, 10], [5, 0, 6, 9], [9, 6, 2, 5], [6, 3, 1, 2], [6, 2, 8, 5], [8, 0, 6, 6], [2, 0, 5, 6], [1, 10, 5, 10], [10, 10, 9, 5],
[9, 3, 1, 7], [9, 3, 10, 4], [5, 1, 4, 9], [1, 10, 3, 8], [10, 7, 3, 2], [6, 8, 6, 5], [6, 9, 4, 5], [9, 1, 8, 7], [4, 9, 1, 2], [0, 10, 5, 3],
[9, 7, 1, 10], [7, 3, 7, 4], [8, 8, 4, 1], [4, 10, 7, 10], [9, 0, 4, 5], [1, 2, 10, 3], [9, 0, 6, 7], [8, 9, 10, 6], [5, 10, 6, 10], [0, 0, 2, 6],
[9, 4, 8, 2], [4, 4, 1, 0], [4, 3, 5, 4], [3, 2, 7, 0], [2, 0, 7, 0], [9, 5, 6, 2], [2, 10, 10, 2], [0, 10, 8, 7], [4, 5, 7, 6], [7, 6, 4, 10],
[9, 9, 3, 0], [9, 8, 0, 0], [9, 5, 9, 5], [8, 3, 5, 10], [0, 3, 1, 9], [2, 8, 3, 4], [0, 10, 10, 8], [5, 3, 7, 2], [10, 8, 0, 8], [5, 9, 7, 3]]
[1, 1, 1, 1, 1, 0.2, 0.2, 0.2, 0.2, 0.2,
0.2, 0.2, 0.2, 0.2, 0.2, 0.2, 0.2, 0.2, 0.2, 0.2,
0.2, 0.2, 0.2, 0.2, 0.2, 0.2, 0.2, 0.2, 0.2, 0.2,
0.04, 0.04, 0.04, 0.04, 0.04, 0.04, 0.04, 0.04, 0.04, 0.04,
0.04, 0.04, 0.04, 0.04, 0.04, 0.04, 0.04, 0.04, 0.04, 0.04,
0.04, 0.04, 0.04, 0.04, 0.04, 0.008, 0.008, 0.008, 0.008, 0.008,
0.008, 0.008, 0.008, 0.008, 0.008, 0.008, 0.008, 0.008, 0.008, 0.008,
0.008, 0.008, 0.008, 0.008, 0.008, 0.008, 0.008, 0.008, 0.008, 0.008,
0.0016, 0.0016, 0.0016, 0.0016, 0.0016, 0.0016, 0.0016, 0.0016, 0.0016, 0.0016,
0.0016, 0.0016, 0.0016, 0.0016, 0.0016, 0.0016, 0.0016, 0.0016, 0.0016, 0.0016,
0.0016, 0.0016, 0.0016, 0.0016, 0.0016, 0.00032, 0.00032, 0.00032, 0.00032, 0.00032,
0.00032, 0.00032, 0.00032, 0.00032, 0.00032, 0.00032, 0.00032, 0.00032, 0.00032, 0.00032,
0.00032, 0.00032, 0.00032, 0.00032, 0.00032, 0.00032, 0.00032, 0.00032, 0.00032, 0.00032]
[21, 18, 5, 2, 11, 15, 6, 9, 9, 11,
9, 18, 0, 11, 19, 4, 16, 19, 3, 0,
8, 10, 16, 7, 14, 10, 2, 0, 13, 18,
18, 4, 18, 7, 17, 10, 19, 15, 14, 14,
15, 6, 5, 15, 14, 4, 8, 19, 5, 0,
8, 1, 7, 18, 12, 3, 8, 19, 12, 9,
21, 11, 19, 8, 8, 21, 19, 21, 14, 1,
1, 7, 9, 21, 13, 0, 21, 18, 17, 15,
11, 18, 13, 11, 6, 6, 14, 15, 16, 20,
21, 18, 7, 13, 14, 2, 18, 11, 12, 11,
9, 2, 5, 20, 5, 2, 15, 1, 6, 1,
20, 1, 0, 2, 10, 6, 2, 19, 21, 0,
13, 7, 19, 5, 0, 1, 6, 11, 12, 14]
------------------------------------------------------- 
# stage = 6	# children c = 5	length of each stage p = 5	nodes = 129	# items I = 1
