[14, 47, 46, 21, 70, 67, 21, 44, 42, 11,
85, 69, 7, 3, 62, 50, 6, 49, 13, 23,
79, 74, 76, 18, 60, 78, 4, 68, 86, 30,
86, 66, 43, 31]
[[2047, 1920, 779], [1226, 1707, 1719], [493, 1159, 1663], [361, 938, 1052], [1351, 833, 386], [254, 1971, 994], [1965, 1729, 1800], [1513, 658, 2114], [1741, 376, 1262], [1246, 1978, 2090],
[1937, 1609, 1595], [481, 419, 1066], [2200, 732, 2225], [1627, 1093, 928], [264, 28, 1761], [650, 283, 1316], [1645, 2068, 809], [1029, 1345, 1467], [908, 670, 1663], [1990, 1916, 1405],
[1845, 1618, 778], [1204, 2099, 1197], [2090, 1883, 1930], [2080, 1274, 607], [592, 1538, 636], [2173, 2009, 739], [1073, 1238, 571], [1882, 31, 1737], [934, 759, 171], [361, 514, 1908],
[1587, 123, 1290], [129, 1147, 973], [1147, 821, 620], [841, 485, 1714]]
[[2, 9, 7, 3], [10, 8, 8, 5], [10, 2, 7, 6], [5, 0, 10, 9], [8, 4, 7, 3], [10, 2, 4, 5], [9, 7, 2, 8], [9, 5, 7, 0], [4, 3, 3, 1], [9, 1, 4, 8],
[1, 9, 2, 4], [9, 10, 3, 5], [3, 10, 6, 2], [10, 10, 5, 8], [5, 7, 6, 3], [2, 0, 4, 4], [3, 5, 3, 1], [4, 7, 7, 5], [5, 7, 10, 1], [6, 2, 6, 9],
[10, 1, 10, 10], [10, 4, 5, 4], [1, 9, 7, 1], [9, 9, 5, 10], [4, 8, 9, 8], [2, 4, 3, 5], [0, 0, 6, 5], [0, 0, 3, 10], [1, 2, 7, 9], [5, 0, 2, 6],
[9, 8, 7, 6], [4, 10, 5, 6], [5, 2, 4, 5], [6, 5, 10, 4]]
[1, 0.333333, 0.333333, 0.333333, 0.111111, 0.111111, 0.111111, 0.037037, 0.037037, 0.037037,
0.0123457, 0.0123457, 0.0123457, 0.00411523, 0.00411523, 0.00411523, 0.00137174, 0.00137174, 0.00137174, 0.000457247,
0.000457247, 0.000457247, 0.000152416, 0.000152416, 0.000152416, 5.08053e-05, 5.08053e-05, 5.08053e-05, 1.69351e-05, 1.69351e-05,
1.69351e-05, 5.64503e-06, 5.64503e-06, 5.64503e-06]
[22, 22, 2, 3, 12, 11, 13, 1, 7, 4,
21, 2, 6, 11, 21, 16, 19, 7, 4, 7,
21, 14, 19, 4, 16, 22, 2, 15, 7, 4,
18, 19, 8, 0]
------------------------------------------------------- 
# stage = 12	# children c = 3	length of each stage p = 1	nodes = 33	# items I = 1
