[17, 32, 72, 36, 0, 14, 100, 51, 78, 80,
29, 52, 29, 71, 18, 19, 42, 10, 23, 89]
[[199, 852, 901], [879, 746, 462], [978, 630, 95], [358, 115, 595], [956, 120, 986], [502, 423, 454], [280, 648, 459], [270, 609, 202], [156, 748, 797], [109, 147, 657],
[226, 37, 198], [126, 916, 944], [588, 893, 263], [683, 941, 69], [277, 897, 880], [954, 398, 303], [407, 368, 641], [557, 328, 249], [759, 484, 998], [246, 594, 835]]
[[7, 1, 3, 9], [1, 0, 9, 10], [4, 2, 6, 1], [3, 3, 10, 6], [9, 7, 1, 1], [7, 4, 2, 0], [1, 1, 5, 9], [8, 0, 10, 4], [1, 3, 3, 0], [1, 10, 0, 5],
[1, 4, 7, 3], [5, 4, 7, 1], [9, 8, 3, 3], [0, 5, 3, 10], [5, 6, 7, 2], [7, 6, 7, 6], [7, 8, 7, 9], [5, 5, 3, 6], [9, 8, 7, 3], [10, 4, 2, 6]]
[1, 1, 0.333333, 0.333333, 0.333333, 0.333333, 0.333333, 0.333333, 0.111111, 0.111111,
0.111111, 0.111111, 0.111111, 0.111111, 0.037037, 0.037037, 0.037037, 0.037037, 0.037037, 0.037037]
[15, 9, 2, 6, 11, 1, 13, 0, 4, 1,
11, 5, 4, 18, 11, 3, 9, 9, 6, 20]
------------------------------------------------------- 
# stage = 4	# children c = 3	length of each stage p = 2	nodes = 19	# items I = 1
