[82, 90, 47, 69, 23, 96, 86, 75, 81, 0,
72, 50, 59, 27, 89, 46, 75, 23, 43, 62,
84, 22, 73, 57, 85, 29, 72, 85, 55, 23,
22, 36, 12, 35]
[[604, 77, 675], [942, 423, 389], [1759, 745, 833], [980, 1537, 874], [977, 724, 395], [967, 825, 57], [1472, 1468, 1137], [1112, 655, 1671], [821, 457, 1757], [626, 226, 1702],
[1701, 830, 1415], [140, 1408, 1473], [165, 1296, 347], [998, 406, 13], [1, 1383, 372], [396, 479, 832], [89, 1586, 64], [861, 827, 720], [661, 1649, 812], [547, 39, 1039],
[14, 1375, 1504], [1064, 1150, 1041], [666, 1315, 102], [648, 78, 508], [297, 79, 1526], [669, 111, 135], [1502, 200, 1356], [1566, 696, 313], [50, 1358, 1597], [498, 1540, 1271],
[1537, 1189, 410], [805, 382, 1560], [1482, 683, 640], [1584, 1332, 718]]
[[1, 0, 5, 9], [5, 1, 10, 5], [7, 9, 0, 7], [10, 2, 4, 9], [7, 2, 7, 3], [8, 7, 7, 4], [3, 5, 6, 7], [10, 8, 2, 9], [8, 5, 7, 0], [7, 6, 3, 1],
[2, 3, 8, 1], [5, 1, 8, 2], [1, 3, 3, 7], [10, 0, 0, 3], [3, 5, 8, 0], [0, 0, 10, 6], [3, 4, 4, 10], [0, 7, 0, 0], [10, 6, 2, 2], [6, 8, 2, 5],
[0, 6, 2, 9], [4, 0, 1, 5], [3, 9, 6, 3], [7, 5, 7, 0], [9, 0, 10, 7], [5, 9, 8, 2], [4, 8, 5, 10], [3, 7, 3, 2], [0, 3, 0, 2], [3, 1, 8, 5],
[8, 3, 6, 5], [6, 3, 5, 4], [1, 2, 10, 7], [0, 5, 9, 5]]
[1, 0.333333, 0.333333, 0.333333, 0.111111, 0.111111, 0.111111, 0.037037, 0.037037, 0.037037,
0.0123457, 0.0123457, 0.0123457, 0.00411523, 0.00411523, 0.00411523, 0.00137174, 0.00137174, 0.00137174, 0.000457247,
0.000457247, 0.000457247, 0.000152416, 0.000152416, 0.000152416, 5.08053e-05, 5.08053e-05, 5.08053e-05, 1.69351e-05, 1.69351e-05,
1.69351e-05, 5.64503e-06, 5.64503e-06, 5.64503e-06]
[17, 9, 0, 1, 17, 15, 16, 11, 1, 4,
3, 3, 13, 3, 2, 4, 0, 13, 12, 2,
7, 17, 11, 13, 9, 16, 2, 2, 0, 3,
0, 2, 15, 14]
------------------------------------------------------- 
# stage = 12	# children c = 3	length of each stage p = 1	nodes = 33	# items I = 1
