[30, 29, 2, 57, 65, 29, 25, 46, 92, 81,
27, 9, 86, 72, 68, 77, 95, 75, 79, 50,
14, 17, 52, 12, 52, 25, 38, 42, 68, 47,
61, 64, 42, 29, 20, 6, 24, 11, 18, 15,
92, 45, 91, 78, 16, 24, 20, 77, 100, 99,
94, 13]
[[1765, 936, 539], [1826, 1512, 308], [1107, 1026, 52], [1627, 649, 769], [944, 1945, 1083], [620, 301, 1858], [445, 1300, 1611], [981, 789, 109], [244, 234, 202], [1340, 1550, 1784],
[1804, 1353, 758], [382, 1125, 217], [598, 178, 1151], [558, 1805, 1800], [1328, 696, 1784], [357, 1224, 31], [161, 1578, 1331], [1773, 597, 158], [1790, 749, 300], [30, 36, 1850],
[1722, 1840, 1149], [427, 168, 220], [644, 675, 306], [1795, 1233, 150], [1541, 599, 754], [1271, 864, 16], [1302, 934, 1502], [579, 653, 45], [646, 481, 795], [946, 512, 739],
[743, 272, 617], [1892, 699, 694], [59, 1251, 1369], [365, 1084, 640], [423, 572, 1148], [1177, 1843, 1920], [1102, 1092, 892], [642, 1671, 1545], [596, 355, 65], [1391, 1210, 485],
[168, 1953, 757], [693, 1791, 1365], [1387, 1758, 654], [702, 162, 1647], [1343, 585, 257], [437, 1671, 46], [395, 719, 1138], [1196, 1361, 756], [779, 1957, 1019], [752, 1294, 267],
[1237, 1370, 166], [1903, 102, 1866]]
[[3, 9, 1, 6], [4, 1, 1, 4], [3, 10, 2, 4], [7, 0, 9, 5], [1, 2, 1, 10], [4, 7, 7, 6], [2, 2, 4, 10], [6, 3, 3, 8], [1, 4, 3, 5], [3, 4, 10, 6],
[3, 10, 0, 8], [10, 7, 2, 9], [7, 3, 9, 9], [0, 5, 5, 0], [5, 7, 8, 10], [10, 0, 7, 0], [4, 10, 5, 8], [3, 2, 1, 4], [1, 10, 1, 10], [6, 1, 8, 1],
[3, 6, 10, 1], [10, 2, 1, 2], [9, 9, 1, 6], [7, 8, 6, 0], [7, 10, 6, 8], [10, 6, 10, 1], [5, 0, 9, 10], [0, 6, 0, 3], [0, 8, 4, 8], [9, 3, 10, 5],
[1, 10, 1, 8], [7, 5, 6, 2], [2, 0, 10, 2], [6, 10, 1, 0], [8, 10, 8, 6], [3, 6, 9, 3], [2, 0, 9, 0], [3, 7, 3, 4], [6, 4, 10, 2], [8, 6, 2, 8],
[4, 2, 8, 10], [10, 9, 8, 5], [6, 6, 1, 10], [1, 8, 0, 3], [9, 8, 1, 1], [4, 5, 6, 10], [7, 3, 10, 2], [7, 2, 0, 0], [2, 8, 10, 1], [5, 6, 4, 9],
[10, 3, 6, 0], [1, 5, 2, 10]]
[1, 1, 0.2, 0.2, 0.2, 0.2, 0.2, 0.2, 0.2, 0.2,
0.2, 0.2, 0.04, 0.04, 0.04, 0.04, 0.04, 0.04, 0.04, 0.04,
0.04, 0.04, 0.008, 0.008, 0.008, 0.008, 0.008, 0.008, 0.008, 0.008,
0.008, 0.008, 0.0016, 0.0016, 0.0016, 0.0016, 0.0016, 0.0016, 0.0016, 0.0016,
0.0016, 0.0016, 0.00032, 0.00032, 0.00032, 0.00032, 0.00032, 0.00032, 0.00032, 0.00032,
0.00032, 0.00032]
[15, 12, 12, 9, 10, 7, 1, 1, 11, 1,
11, 11, 3, 11, 18, 16, 19, 13, 10, 8,
12, 13, 7, 5, 0, 3, 4, 6, 3, 5,
4, 10, 5, 7, 10, 16, 14, 17, 8, 4,
13, 4, 14, 8, 11, 2, 10, 11, 9, 11,
6, 14]
------------------------------------------------------- 
# stage = 6	# children c = 5	length of each stage p = 2	nodes = 51	# items I = 1
