[5, 24, 64, 18, 29, 70, 18, 91, 2, 95,
85, 70, 32, 11, 81, 95, 96, 8, 47, 84,
98, 97, 32, 96, 96, 18, 6, 45, 83, 34,
86, 88]
[[257, 523, 1671], [1704, 569, 618], [130, 209, 625], [218, 946, 538], [910, 493, 308], [999, 1399, 1410], [1398, 1554, 1665], [1265, 85, 300], [1082, 782, 406], [1810, 1103, 683],
[831, 1360, 1292], [676, 1238, 36], [1294, 1454, 245], [179, 1672, 1277], [717, 756, 30], [1026, 15, 1429], [696, 1413, 1243], [622, 938, 1328], [922, 195, 371], [1415, 179, 1474],
[358, 1096, 1094], [1651, 1772, 506], [1687, 1326, 220], [192, 1506, 66], [1469, 483, 909], [1499, 1595, 924], [1188, 466, 598], [605, 1174, 1622], [194, 270, 1817], [565, 1771, 257],
[299, 304, 1353], [1393, 129, 1386]]
[[0, 8, 5, 0], [5, 3, 8, 3], [10, 0, 6, 6], [2, 3, 0, 6], [4, 5, 6, 3], [9, 2, 4, 3], [6, 7, 7, 6], [4, 2, 1, 2], [9, 6, 3, 3], [7, 9, 5, 6],
[7, 0, 10, 10], [1, 10, 3, 3], [2, 8, 6, 10], [10, 10, 0, 3], [7, 7, 8, 0], [8, 9, 1, 6], [2, 4, 9, 7], [0, 3, 2, 7], [4, 0, 4, 5], [8, 6, 9, 0],
[3, 4, 8, 0], [2, 8, 2, 9], [5, 10, 7, 2], [6, 8, 8, 8], [10, 4, 4, 10], [6, 4, 5, 10], [2, 7, 2, 0], [2, 9, 9, 3], [1, 6, 2, 3], [1, 4, 10, 6],
[1, 6, 6, 7], [2, 1, 2, 1]]
[1, 1, 0.333333, 0.333333, 0.333333, 0.333333, 0.333333, 0.333333, 0.111111, 0.111111,
0.111111, 0.111111, 0.111111, 0.111111, 0.037037, 0.037037, 0.037037, 0.037037, 0.037037, 0.037037,
0.0123457, 0.0123457, 0.0123457, 0.0123457, 0.0123457, 0.0123457, 0.00411523, 0.00411523, 0.00411523, 0.00411523,
0.00411523, 0.00411523]
[8, 5, 8, 7, 2, 9, 0, 5, 5, 5,
3, 7, 7, 3, 4, 7, 4, 6, 4, 2,
9, 9, 1, 9, 6, 1, 9, 9, 6, 3,
4, 7]
------------------------------------------------------- 
# stage = 6	# children c = 3	length of each stage p = 2	nodes = 31	# items I = 1
