[77, 26, 87, 71, 75, 16, 23, 62, 14, 34,
98, 6, 20, 2, 81, 80, 25, 98, 1, 80,
1, 15, 13, 49, 53, 99, 8, 39, 57, 50,
57, 34, 76, 9, 71, 17, 25, 94, 45, 5,
28, 42, 78, 14, 44, 59, 61, 35, 56, 28,
15, 23, 43, 28, 72, 96, 26, 46, 1, 50,
62, 58, 50, 3, 67, 20, 87, 58, 14, 31,
29, 8, 73, 7, 22, 16, 66, 83, 18, 21,
77, 33, 44, 20, 27, 82, 82, 19, 94, 83,
69, 55, 40, 18, 58, 73, 39, 45, 97, 19,
76, 26, 27, 49, 33, 49, 31, 99, 99, 49,
86, 75, 48, 96, 61, 75, 77, 43, 61, 70,
92, 29, 91, 32, 14, 48, 71, 19, 59, 34,
38, 35, 60, 65, 50, 59, 80, 47, 23, 44,
97, 8, 86, 44, 70, 46, 86, 46, 55, 46,
82, 47, 41, 72, 45, 55, 86, 82, 40, 45,
15, 78, 46, 41, 8, 62, 100, 55, 8, 89,
99, 71, 97, 84, 82, 32, 97, 67, 78, 17]
[[635, 969, 1214], [442, 387, 33], [1021, 515, 870], [733, 966, 1144], [100, 651, 1410], [978, 63, 1481], [1170, 1710, 120], [1149, 440, 645], [1238, 748, 736], [925, 1635, 346],
[413, 454, 1315], [1540, 808, 1702], [1573, 1741, 313], [627, 658, 1191], [1683, 671, 27], [1277, 1649, 2], [854, 915, 1712], [974, 248, 337], [1620, 1399, 997], [452, 420, 729],
[798, 834, 1095], [209, 470, 88], [95, 227, 13], [320, 766, 584], [1512, 633, 1255], [1539, 6, 1000], [1541, 860, 99], [1349, 19, 348], [1598, 1551, 1659], [780, 187, 263],
[1421, 897, 1009], [700, 1106, 1479], [788, 1113, 1618], [714, 1433, 568], [1210, 1129, 1201], [649, 764, 1207], [1649, 489, 164], [1748, 1751, 183], [192, 1533, 1646], [1763, 409, 17],
[211, 14, 826], [1132, 715, 116], [796, 1415, 1229], [598, 225, 758], [1079, 1435, 72], [464, 268, 836], [1584, 13, 1238], [1660, 1674, 1085], [1755, 1778, 802], [1585, 1726, 1212],
[1514, 33, 1226], [524, 1165, 37], [552, 57, 1453], [1693, 568, 1590], [635, 1647, 1210], [619, 207, 1390], [1368, 1703, 1404], [702, 1547, 1262], [1787, 1486, 1136], [773, 1167, 1046],
[81, 865, 991], [1220, 1301, 341], [1257, 37, 310], [806, 1642, 878], [581, 462, 709], [1791, 993, 917], [1365, 545, 804], [865, 1247, 448], [311, 1218, 118], [1448, 88, 1286],
[590, 169, 247], [1582, 1301, 1461], [19, 743, 1410], [329, 1549, 1237], [1208, 314, 1611], [101, 201, 788], [930, 1479, 1334], [1647, 528, 677], [279, 752, 1808], [397, 296, 1808],
[1595, 886, 73], [1755, 564, 1375], [1400, 583, 302], [906, 913, 1763], [327, 217, 174], [34, 230, 375], [823, 1161, 38], [253, 992, 479], [842, 1271, 1231], [834, 1580, 1527],
[738, 1272, 597], [812, 1211, 1074], [371, 707, 1657], [585, 1613, 666], [532, 37, 883], [706, 71, 1026], [994, 806, 371], [944, 1059, 1275], [1423, 1814, 642], [838, 832, 318],
[461, 1571, 1590], [971, 479, 897], [229, 850, 1516], [70, 1435, 1226], [649, 63, 1175], [1444, 682, 1246], [654, 1676, 149], [937, 716, 1120], [308, 324, 1118], [862, 1074, 47],
[1181, 1448, 1530], [867, 603, 193], [1677, 832, 955], [1289, 814, 574], [699, 1463, 637], [58, 1004, 1319], [1217, 1658, 1091], [1366, 692, 1808], [582, 912, 228], [1701, 1775, 1214],
[1660, 1052, 846], [1374, 15, 1361], [1479, 1692, 377], [618, 1166, 1192], [1104, 1777, 751], [1653, 1748, 1755], [1069, 1149, 1510], [344, 611, 298], [248, 1105, 1210], [388, 902, 1169],
[1515, 746, 317], [457, 216, 333], [3, 1695, 209], [292, 497, 1287], [1484, 1601, 1161], [332, 1439, 1093], [183, 692, 338], [1693, 948, 861], [87, 1109, 62], [1298, 1497, 965],
[563, 1108, 1711], [881, 1566, 112], [1214, 1481, 1807], [1335, 1773, 401], [719, 1354, 186], [64, 1686, 1537], [1069, 53, 325], [1319, 1659, 1274], [364, 1746, 567], [426, 1140, 160],
[1391, 1704, 1269], [1199, 769, 931], [1311, 79, 508], [1214, 1414, 377], [1615, 317, 1731], [1714, 381, 1513], [1347, 1362, 1479], [1673, 865, 1322], [1043, 1229, 1164], [1610, 1568, 489],
[1682, 1055, 377], [1047, 438, 1058], [74, 1661, 1137], [582, 972, 735], [960, 683, 965], [787, 493, 1258], [485, 25, 805], [148, 1698, 1670], [1382, 925, 996], [730, 631, 748],
[1219, 497, 1715], [1508, 1457, 250], [750, 1531, 7], [1799, 210, 979], [631, 1170, 1575], [1596, 141, 252], [1038, 538, 277], [27, 686, 71], [1698, 252, 908], [790, 895, 1539]]
[[8, 1, 0, 8], [8, 1, 0, 0], [5, 6, 6, 3], [4, 2, 7, 6], [5, 2, 10, 6], [10, 7, 4, 7], [9, 0, 3, 4], [3, 9, 7, 0], [0, 5, 6, 6], [7, 4, 6, 10],
[0, 1, 2, 2], [1, 9, 8, 4], [1, 8, 0, 0], [2, 4, 5, 9], [2, 8, 1, 5], [7, 8, 3, 5], [2, 9, 0, 7], [3, 5, 6, 3], [4, 7, 5, 6], [3, 0, 10, 4],
[6, 10, 2, 6], [1, 6, 3, 3], [3, 4, 6, 10], [1, 9, 2, 1], [8, 3, 9, 9], [6, 2, 10, 10], [7, 2, 3, 0], [2, 3, 2, 7], [0, 3, 2, 0], [9, 5, 3, 1],
[9, 8, 10, 8], [6, 10, 10, 3], [2, 6, 10, 6], [6, 9, 6, 3], [9, 9, 1, 1], [10, 3, 6, 9], [4, 8, 9, 2], [1, 10, 2, 8], [7, 10, 6, 3], [9, 5, 4, 10],
[9, 4, 5, 2], [0, 9, 5, 10], [6, 4, 9, 3], [6, 4, 1, 10], [10, 10, 2, 9], [10, 2, 7, 6], [10, 2, 7, 8], [5, 1, 5, 1], [3, 9, 3, 1], [7, 7, 9, 0],
[0, 7, 4, 6], [9, 5, 6, 7], [3, 6, 5, 0], [6, 1, 6, 5], [3, 1, 0, 6], [2, 6, 7, 3], [4, 0, 4, 9], [7, 3, 8, 5], [8, 1, 1, 5], [4, 5, 1, 5],
[0, 6, 5, 4], [6, 10, 9, 7], [0, 9, 3, 0], [2, 10, 1, 4], [8, 5, 3, 2], [6, 0, 8, 2], [10, 7, 7, 1], [1, 6, 7, 10], [1, 10, 3, 5], [9, 10, 2, 9],
[6, 5, 7, 7], [2, 8, 0, 9], [1, 1, 0, 7], [10, 6, 7, 9], [2, 3, 9, 1], [9, 3, 0, 9], [2, 1, 3, 10], [9, 3, 6, 5], [6, 3, 1, 9], [0, 1, 5, 10],
[1, 3, 5, 0], [10, 1, 8, 10], [3, 6, 1, 1], [7, 10, 8, 7], [1, 10, 6, 10], [2, 2, 2, 9], [5, 3, 5, 3], [3, 8, 3, 4], [0, 8, 2, 10], [9, 10, 8, 1],
[3, 9, 1, 10], [8, 7, 7, 7], [4, 0, 7, 7], [2, 7, 3, 5], [9, 6, 9, 1], [3, 10, 3, 3], [7, 5, 1, 3], [3, 9, 3, 6], [5, 2, 4, 2], [7, 9, 8, 1],
[9, 2, 8, 1], [9, 9, 6, 7], [4, 2, 6, 7], [1, 7, 8, 6], [0, 9, 10, 3], [5, 0, 7, 10], [0, 0, 0, 7], [9, 8, 8, 8], [10, 3, 7, 8], [1, 0, 5, 3],
[3, 9, 10, 4], [6, 6, 0, 6], [4, 8, 7, 10], [6, 3, 7, 6], [4, 7, 0, 0], [4, 7, 6, 3], [10, 0, 10, 10], [1, 2, 2, 4], [0, 0, 6, 6], [4, 6, 10, 8],
[1, 6, 5, 5], [10, 0, 9, 1], [7, 10, 10, 1], [6, 4, 2, 3], [4, 1, 2, 5], [3, 3, 7, 2], [1, 3, 8, 5], [7, 6, 0, 7], [1, 4, 1, 0], [4, 0, 10, 0],
[8, 10, 10, 1], [3, 2, 4, 5], [1, 5, 0, 3], [6, 7, 5, 7], [10, 2, 10, 5], [6, 10, 1, 8], [3, 2, 6, 5], [0, 6, 6, 8], [3, 3, 9, 4], [5, 3, 9, 5],
[6, 9, 8, 1], [4, 2, 6, 1], [2, 5, 6, 9], [2, 5, 6, 4], [8, 10, 9, 8], [3, 2, 4, 6], [6, 2, 8, 9], [3, 7, 3, 7], [3, 9, 8, 5], [0, 3, 7, 3],
[6, 0, 10, 9], [6, 3, 2, 1], [2, 9, 7, 6], [1, 0, 10, 5], [1, 8, 3, 2], [2, 5, 10, 5], [3, 7, 0, 4], [9, 5, 5, 4], [5, 4, 0, 9], [5, 2, 8, 5],
[10, 5, 9, 0], [3, 9, 3, 4], [4, 6, 5, 6], [0, 4, 9, 2], [0, 9, 6, 7], [1, 9, 1, 5], [0, 1, 3, 5], [2, 10, 10, 1], [4, 9, 10, 5], [5, 2, 10, 7],
[6, 4, 0, 5], [6, 9, 7, 4], [6, 0, 1, 7], [7, 0, 1, 7], [1, 3, 10, 1], [2, 7, 0, 4], [3, 8, 9, 6], [8, 6, 2, 4], [8, 2, 7, 3], [1, 3, 8, 5]]
[1, 1, 1, 1, 1, 0.2, 0.2, 0.2, 0.2, 0.2,
0.2, 0.2, 0.2, 0.2, 0.2, 0.2, 0.2, 0.2, 0.2, 0.2,
0.2, 0.2, 0.2, 0.2, 0.2, 0.2, 0.2, 0.2, 0.2, 0.2,
0.04, 0.04, 0.04, 0.04, 0.04, 0.04, 0.04, 0.04, 0.04, 0.04,
0.04, 0.04, 0.04, 0.04, 0.04, 0.04, 0.04, 0.04, 0.04, 0.04,
0.04, 0.04, 0.04, 0.04, 0.04, 0.008, 0.008, 0.008, 0.008, 0.008,
0.008, 0.008, 0.008, 0.008, 0.008, 0.008, 0.008, 0.008, 0.008, 0.008,
0.008, 0.008, 0.008, 0.008, 0.008, 0.008, 0.008, 0.008, 0.008, 0.008,
0.0016, 0.0016, 0.0016, 0.0016, 0.0016, 0.0016, 0.0016, 0.0016, 0.0016, 0.0016,
0.0016, 0.0016, 0.0016, 0.0016, 0.0016, 0.0016, 0.0016, 0.0016, 0.0016, 0.0016,
0.0016, 0.0016, 0.0016, 0.0016, 0.0016, 0.00032, 0.00032, 0.00032, 0.00032, 0.00032,
0.00032, 0.00032, 0.00032, 0.00032, 0.00032, 0.00032, 0.00032, 0.00032, 0.00032, 0.00032,
0.00032, 0.00032, 0.00032, 0.00032, 0.00032, 0.00032, 0.00032, 0.00032, 0.00032, 0.00032,
6.4e-05, 6.4e-05, 6.4e-05, 6.4e-05, 6.4e-05, 6.4e-05, 6.4e-05, 6.4e-05, 6.4e-05, 6.4e-05,
6.4e-05, 6.4e-05, 6.4e-05, 6.4e-05, 6.4e-05, 6.4e-05, 6.4e-05, 6.4e-05, 6.4e-05, 6.4e-05,
6.4e-05, 6.4e-05, 6.4e-05, 6.4e-05, 6.4e-05, 1.28e-05, 1.28e-05, 1.28e-05, 1.28e-05, 1.28e-05,
1.28e-05, 1.28e-05, 1.28e-05, 1.28e-05, 1.28e-05, 1.28e-05, 1.28e-05, 1.28e-05, 1.28e-05, 1.28e-05,
1.28e-05, 1.28e-05, 1.28e-05, 1.28e-05, 1.28e-05, 1.28e-05, 1.28e-05, 1.28e-05, 1.28e-05, 1.28e-05]
[4, 3, 2, 3, 3, 9, 2, 7, 9, 6,
9, 4, 6, 1, 7, 0, 6, 3, 7, 5,
7, 4, 8, 5, 8, 5, 2, 4, 9, 4,
1, 3, 9, 7, 4, 8, 1, 3, 5, 1,
3, 4, 9, 7, 9, 8, 7, 1, 1, 5,
4, 9, 0, 0, 4, 2, 4, 4, 0, 4,
4, 5, 7, 9, 8, 4, 2, 0, 8, 0,
6, 1, 3, 5, 8, 6, 4, 5, 9, 0,
3, 0, 2, 8, 5, 7, 2, 3, 8, 1,
0, 3, 1, 7, 7, 0, 8, 6, 5, 4,
4, 1, 4, 5, 6, 2, 6, 2, 6, 1,
0, 4, 4, 2, 9, 9, 4, 3, 8, 4,
6, 1, 2, 1, 6, 4, 5, 1, 3, 0,
5, 9, 3, 0, 2, 8, 1, 1, 9, 4,
8, 6, 9, 5, 4, 7, 7, 8, 8, 4,
3, 1, 6, 0, 9, 4, 5, 5, 1, 7,
9, 8, 3, 1, 7, 4, 2, 8, 9, 7,
8, 0, 5, 8, 8, 5, 3, 8, 1, 0]
------------------------------------------------------- 
# stage = 8	# children c = 5	length of each stage p = 5	nodes = 179	# items I = 1
