[25, 70, 93, 100, 59, 62, 2, 59, 41, 99,
70, 84, 38, 11, 96, 19, 47, 2, 83, 10,
66, 65, 54, 19, 70, 67, 36, 64, 69, 20,
16, 61, 91, 75, 60, 15, 36, 28, 74, 44,
26, 9, 27, 65, 21, 22, 50, 68, 24, 32,
78, 57]
[[1910, 1851, 1847], [1193, 1652, 1083], [191, 255, 882], [1656, 742, 856], [711, 614, 1398], [1887, 1054, 1294], [235, 211, 1752], [1544, 993, 1274], [1643, 1609, 571], [1556, 705, 1492],
[860, 1557, 1397], [1650, 804, 1102], [786, 995, 300], [1668, 1594, 1042], [1466, 1247, 1656], [1806, 1187, 1653], [95, 365, 1864], [790, 1909, 1800], [117, 547, 1462], [688, 157, 1109],
[1123, 1017, 719], [573, 1609, 465], [617, 448, 1461], [1806, 1058, 50], [1791, 1467, 1297], [442, 1326, 1427], [148, 1422, 1792], [955, 265, 696], [808, 1271, 1244], [1212, 13, 343],
[1263, 78, 302], [35, 651, 1912], [1390, 210, 1302], [904, 70, 1303], [1843, 803, 823], [135, 1245, 202], [504, 336, 566], [1238, 233, 1720], [1935, 1041, 1045], [174, 1195, 0],
[1406, 511, 78], [1708, 1435, 1618], [615, 878, 1828], [1918, 724, 840], [1274, 1509, 1643], [150, 587, 1831], [1241, 1091, 220], [750, 383, 453], [523, 1260, 436], [510, 376, 573],
[1399, 1782, 26], [1477, 485, 1461]]
[[5, 10, 4, 2], [0, 6, 4, 1], [2, 8, 2, 4], [9, 1, 7, 0], [2, 9, 3, 9], [4, 8, 1, 5], [1, 5, 9, 9], [0, 6, 9, 6], [3, 2, 6, 3], [6, 8, 5, 8],
[5, 7, 0, 3], [7, 5, 1, 9], [3, 2, 7, 5], [10, 7, 8, 1], [1, 6, 8, 10], [10, 4, 3, 3], [4, 9, 6, 10], [6, 9, 5, 9], [4, 5, 2, 0], [10, 1, 7, 1],
[4, 3, 4, 1], [8, 2, 0, 7], [6, 6, 5, 6], [10, 8, 9, 1], [5, 2, 9, 9], [1, 4, 8, 5], [7, 10, 5, 5], [0, 10, 6, 2], [2, 8, 4, 9], [10, 4, 3, 4],
[0, 8, 10, 8], [6, 6, 10, 9], [6, 8, 7, 7], [10, 4, 10, 7], [1, 2, 1, 0], [1, 5, 2, 2], [2, 4, 0, 0], [7, 3, 4, 7], [10, 1, 2, 5], [5, 10, 1, 0],
[6, 8, 8, 5], [2, 5, 1, 1], [8, 0, 1, 9], [5, 2, 0, 8], [6, 9, 8, 2], [0, 10, 7, 10], [0, 8, 2, 5], [7, 3, 5, 2], [9, 0, 8, 0], [6, 7, 0, 3],
[8, 1, 10, 2], [3, 9, 8, 8]]
[1, 1, 0.2, 0.2, 0.2, 0.2, 0.2, 0.2, 0.2, 0.2,
0.2, 0.2, 0.04, 0.04, 0.04, 0.04, 0.04, 0.04, 0.04, 0.04,
0.04, 0.04, 0.008, 0.008, 0.008, 0.008, 0.008, 0.008, 0.008, 0.008,
0.008, 0.008, 0.0016, 0.0016, 0.0016, 0.0016, 0.0016, 0.0016, 0.0016, 0.0016,
0.0016, 0.0016, 0.00032, 0.00032, 0.00032, 0.00032, 0.00032, 0.00032, 0.00032, 0.00032,
0.00032, 0.00032]
[4, 1, 1, 7, 4, 9, 9, 8, 0, 0,
8, 7, 6, 9, 5, 7, 9, 9, 4, 1,
7, 8, 8, 9, 0, 0, 7, 7, 3, 8,
3, 1, 7, 7, 8, 2, 0, 6, 9, 0,
8, 0, 4, 5, 6, 6, 0, 5, 2, 0,
3, 0]
------------------------------------------------------- 
# stage = 6	# children c = 5	length of each stage p = 2	nodes = 51	# items I = 1
