[27, 76, 76, 53, 85, 78, 98, 76, 23, 56,
71, 73, 99, 46, 75, 85, 3, 49, 10, 67,
24, 78, 86, 51, 49, 23, 46, 27, 22, 55,
6, 49, 30, 48, 68, 82, 92, 66, 23, 14,
88, 95, 88, 52, 40, 28, 36, 10, 77, 47,
43, 68]
[[391, 450, 971], [572, 33, 669], [402, 666, 12], [345, 373, 258], [987, 348, 675], [624, 210, 700], [88, 454, 219], [402, 948, 681], [339, 115, 287], [914, 807, 390],
[111, 62, 713], [954, 635, 618], [616, 909, 276], [500, 247, 521], [758, 98, 742], [298, 595, 952], [870, 683, 270], [81, 957, 82], [763, 288, 70], [922, 194, 877],
[305, 177, 811], [890, 124, 438], [500, 612, 340], [776, 104, 459], [161, 735, 557], [903, 905, 16], [719, 767, 699], [989, 720, 520], [64, 347, 808], [134, 262, 874],
[883, 439, 924], [686, 321, 920], [997, 693, 524], [201, 461, 500], [660, 494, 99], [81, 390, 1004], [98, 101, 763], [669, 83, 348], [182, 19, 695], [862, 25, 957],
[729, 780, 260], [517, 330, 453], [429, 319, 138], [825, 392, 471], [317, 44, 966], [417, 1006, 348], [413, 96, 321], [41, 765, 276], [389, 819, 295], [956, 674, 192],
[778, 267, 844], [30, 784, 167]]
[[1, 0, 2, 9], [3, 8, 3, 8], [10, 10, 3, 6], [9, 4, 1, 6], [1, 8, 5, 8], [10, 3, 2, 1], [7, 6, 10, 4], [3, 10, 3, 2], [10, 6, 0, 3], [1, 2, 9, 0],
[10, 2, 4, 8], [4, 4, 2, 5], [10, 7, 2, 9], [8, 2, 8, 2], [8, 8, 6, 9], [5, 8, 9, 4], [1, 10, 5, 0], [10, 2, 9, 9], [4, 0, 5, 6], [4, 7, 0, 3],
[1, 0, 1, 9], [2, 10, 0, 9], [5, 4, 7, 8], [1, 6, 1, 0], [3, 5, 0, 0], [7, 9, 9, 9], [10, 1, 4, 1], [6, 4, 5, 7], [2, 4, 5, 4], [1, 3, 2, 4],
[8, 8, 1, 7], [1, 3, 8, 2], [6, 6, 2, 2], [3, 9, 0, 0], [0, 2, 1, 6], [4, 6, 1, 6], [9, 6, 8, 10], [8, 9, 4, 5], [4, 3, 10, 5], [4, 5, 7, 10],
[1, 7, 10, 2], [5, 10, 2, 3], [10, 3, 10, 3], [8, 9, 7, 6], [2, 5, 3, 10], [3, 5, 2, 7], [9, 2, 10, 2], [5, 4, 2, 4], [0, 1, 6, 5], [10, 8, 9, 7],
[1, 6, 0, 7], [4, 5, 0, 6]]
[1, 1, 0.2, 0.2, 0.2, 0.2, 0.2, 0.2, 0.2, 0.2,
0.2, 0.2, 0.04, 0.04, 0.04, 0.04, 0.04, 0.04, 0.04, 0.04,
0.04, 0.04, 0.008, 0.008, 0.008, 0.008, 0.008, 0.008, 0.008, 0.008,
0.008, 0.008, 0.0016, 0.0016, 0.0016, 0.0016, 0.0016, 0.0016, 0.0016, 0.0016,
0.0016, 0.0016, 0.00032, 0.00032, 0.00032, 0.00032, 0.00032, 0.00032, 0.00032, 0.00032,
0.00032, 0.00032]
[3, 10, 7, 6, 10, 1, 10, 10, 10, 1,
4, 0, 1, 3, 3, 6, 4, 8, 0, 5,
5, 6, 2, 1, 7, 9, 10, 6, 3, 3,
3, 9, 2, 1, 8, 0, 10, 1, 10, 1,
1, 5, 4, 8, 6, 10, 8, 2, 3, 10,
9, 9]
------------------------------------------------------- 
# stage = 6	# children c = 5	length of each stage p = 2	nodes = 51	# items I = 1
