[5, 43, 70, 9, 30, 23, 31, 21, 64, 37,
60, 30, 36, 65, 44, 85, 21, 90, 45, 32,
53, 11, 48, 17, 30, 78, 7, 93, 89, 59,
85, 61, 68, 54, 70, 98, 78, 67, 19, 41,
3, 45, 38, 5, 9, 82, 56, 31, 71, 0,
29, 91, 11, 43, 7, 7, 21, 14, 100, 76,
73, 85, 2, 6, 4, 72, 4, 82, 4, 90,
23, 74, 34, 27, 79, 9, 8, 0, 40, 46,
0, 35, 36, 79, 45, 9, 86, 66, 24, 52,
7, 63, 2, 10, 70, 6, 48, 40, 55, 53,
29, 78]
[[904, 302, 927], [327, 73, 508], [535, 171, 764], [140, 861, 220], [489, 588, 390], [228, 531, 906], [659, 838, 658], [283, 56, 751], [464, 370, 823], [280, 191, 0],
[852, 157, 118], [657, 301, 191], [227, 836, 179], [807, 793, 102], [90, 344, 506], [480, 572, 99], [264, 110, 754], [923, 393, 810], [736, 673, 59], [437, 770, 250],
[437, 684, 224], [371, 403, 525], [563, 447, 423], [742, 316, 278], [844, 222, 623], [412, 519, 73], [328, 783, 183], [898, 584, 392], [586, 198, 882], [645, 635, 714],
[896, 888, 460], [182, 322, 679], [523, 701, 188], [8, 321, 321], [103, 227, 543], [542, 455, 124], [431, 599, 724], [431, 375, 370], [823, 24, 569], [583, 669, 82],
[359, 627, 787], [635, 625, 925], [377, 210, 688], [381, 35, 71], [702, 892, 114], [124, 312, 385], [248, 743, 801], [788, 52, 238], [221, 692, 262], [606, 337, 932],
[504, 697, 437], [353, 210, 879], [340, 403, 151], [844, 785, 2], [915, 365, 710], [845, 489, 84], [293, 554, 644], [156, 220, 696], [210, 257, 450], [473, 863, 788],
[467, 246, 363], [720, 599, 573], [661, 756, 39], [629, 662, 640], [631, 640, 67], [404, 363, 373], [304, 656, 743], [10, 628, 25], [523, 839, 283], [35, 374, 24],
[639, 657, 270], [64, 439, 686], [638, 917, 504], [493, 608, 228], [195, 301, 684], [78, 521, 110], [451, 826, 582], [72, 652, 89], [98, 237, 928], [197, 273, 180],
[221, 912, 653], [308, 793, 154], [56, 493, 133], [376, 802, 557], [604, 59, 859], [167, 137, 442], [93, 405, 146], [675, 293, 799], [764, 391, 98], [570, 404, 187],
[566, 442, 916], [281, 750, 771], [252, 622, 142], [201, 60, 6], [759, 480, 819], [496, 463, 772], [0, 556, 239], [901, 110, 533], [762, 690, 740], [676, 323, 23],
[864, 705, 465], [842, 49, 93]]
[[0, 2, 3, 3], [5, 5, 6, 0], [0, 6, 8, 2], [0, 5, 10, 0], [0, 10, 8, 10], [0, 5, 2, 3], [0, 7, 4, 10], [10, 4, 8, 0], [6, 0, 3, 10], [3, 7, 10, 4],
[2, 5, 4, 0], [9, 3, 10, 7], [2, 7, 6, 1], [2, 6, 2, 0], [1, 7, 10, 0], [9, 7, 0, 3], [5, 1, 2, 8], [9, 10, 1, 9], [4, 4, 8, 0], [7, 7, 8, 8],
[1, 3, 9, 1], [10, 9, 1, 0], [5, 0, 0, 2], [5, 10, 5, 8], [9, 5, 6, 5], [4, 5, 2, 6], [9, 10, 7, 6], [4, 4, 1, 5], [7, 10, 7, 4], [6, 8, 4, 10],
[7, 3, 1, 10], [0, 6, 8, 9], [9, 3, 2, 2], [6, 4, 6, 5], [3, 2, 9, 5], [4, 10, 10, 10], [7, 4, 3, 2], [0, 6, 1, 7], [7, 2, 4, 7], [6, 1, 3, 4],
[2, 5, 4, 9], [9, 0, 1, 10], [0, 10, 4, 5], [9, 2, 4, 3], [6, 5, 5, 4], [0, 5, 9, 5], [7, 3, 1, 1], [2, 3, 3, 3], [8, 8, 10, 5], [6, 0, 4, 4],
[10, 7, 9, 6], [9, 0, 9, 2], [6, 1, 7, 4], [6, 3, 10, 1], [6, 9, 2, 7], [1, 3, 10, 8], [0, 9, 2, 4], [9, 4, 9, 6], [0, 5, 10, 7], [6, 6, 8, 10],
[7, 2, 3, 1], [5, 0, 2, 1], [8, 2, 6, 7], [5, 5, 2, 4], [3, 4, 6, 10], [7, 4, 3, 7], [8, 2, 2, 3], [6, 10, 2, 0], [1, 3, 1, 6], [2, 1, 5, 8],
[1, 0, 4, 5], [3, 7, 7, 6], [9, 2, 3, 5], [5, 6, 0, 2], [6, 2, 3, 10], [10, 5, 0, 0], [6, 1, 4, 6], [1, 8, 3, 2], [6, 6, 5, 10], [0, 1, 3, 7],
[2, 7, 0, 7], [0, 0, 7, 5], [0, 10, 4, 10], [2, 4, 8, 6], [4, 10, 2, 5], [7, 3, 5, 3], [7, 0, 0, 7], [10, 3, 2, 1], [10, 2, 6, 9], [2, 2, 1, 0],
[1, 3, 8, 1], [8, 5, 8, 10], [4, 10, 2, 10], [0, 7, 0, 8], [5, 0, 2, 3], [3, 4, 2, 1], [6, 9, 8, 6], [9, 9, 6, 9], [1, 3, 10, 7], [6, 7, 6, 9],
[4, 8, 8, 5], [3, 8, 2, 6]]
[1, 1, 1, 0.333333, 0.333333, 0.333333, 0.333333, 0.333333, 0.333333, 0.333333,
0.333333, 0.333333, 0.111111, 0.111111, 0.111111, 0.111111, 0.111111, 0.111111, 0.111111, 0.111111,
0.111111, 0.037037, 0.037037, 0.037037, 0.037037, 0.037037, 0.037037, 0.037037, 0.037037, 0.037037,
0.0123457, 0.0123457, 0.0123457, 0.0123457, 0.0123457, 0.0123457, 0.0123457, 0.0123457, 0.0123457, 0.00411523,
0.00411523, 0.00411523, 0.00411523, 0.00411523, 0.00411523, 0.00411523, 0.00411523, 0.00411523, 0.00137174, 0.00137174,
0.00137174, 0.00137174, 0.00137174, 0.00137174, 0.00137174, 0.00137174, 0.00137174, 0.000457247, 0.000457247, 0.000457247,
0.000457247, 0.000457247, 0.000457247, 0.000457247, 0.000457247, 0.000457247, 0.000152416, 0.000152416, 0.000152416, 0.000152416,
0.000152416, 0.000152416, 0.000152416, 0.000152416, 0.000152416, 5.08053e-05, 5.08053e-05, 5.08053e-05, 5.08053e-05, 5.08053e-05,
5.08053e-05, 5.08053e-05, 5.08053e-05, 5.08053e-05, 1.69351e-05, 1.69351e-05, 1.69351e-05, 1.69351e-05, 1.69351e-05, 1.69351e-05,
1.69351e-05, 1.69351e-05, 1.69351e-05, 5.64503e-06, 5.64503e-06, 5.64503e-06, 5.64503e-06, 5.64503e-06, 5.64503e-06, 5.64503e-06,
5.64503e-06, 5.64503e-06]
[15, 11, 17, 1, 17, 2, 14, 8, 14, 13,
15, 6, 11, 15, 2, 1, 3, 7, 7, 9,
18, 11, 18, 14, 11, 15, 11, 17, 7, 7,
0, 2, 15, 2, 15, 9, 0, 18, 17, 10,
18, 11, 8, 5, 16, 1, 16, 17, 10, 16,
8, 11, 2, 4, 4, 4, 18, 4, 18, 2,
1, 10, 3, 7, 5, 10, 6, 15, 9, 3,
10, 10, 14, 14, 3, 8, 16, 18, 5, 5,
8, 18, 15, 14, 9, 16, 16, 7, 1, 7,
16, 2, 8, 8, 4, 2, 11, 18, 9, 10,
9, 13]
------------------------------------------------------- 
# stage = 12	# children c = 3	length of each stage p = 3	nodes = 101	# items I = 1
