[39, 18, 28, 34, 92, 46, 29, 12, 11, 61,
79, 33, 28, 69, 55, 33, 12, 39, 97, 73,
31, 0, 71, 28, 88, 62, 38, 93, 44, 69,
6, 49, 87, 0, 83, 78, 46, 79, 56, 23,
39, 35, 56, 67, 3, 77, 66, 82, 83, 29,
54, 13, 29, 25, 8, 83, 53, 46, 41, 63,
81, 13, 11, 33, 13, 95, 11, 25, 39, 33,
48, 78, 34, 71, 10, 3, 47, 76, 85, 29,
71, 39, 9, 100, 30, 17, 83, 83, 29, 90,
46, 9, 3, 23, 42, 16, 84, 19, 42, 22,
19, 90, 66, 53, 26, 42, 57, 74, 85, 41,
69, 55, 46, 44, 55, 42, 27, 3, 92, 56,
93, 3, 31, 96, 26, 40, 79, 77, 25, 20,
99, 44, 76, 31, 64, 2, 73, 20, 42, 57,
27, 10, 12, 40, 21, 67, 48, 48, 36, 39,
4, 95, 42, 1, 91, 35, 7, 35, 11, 33,
21, 76, 43, 97, 6, 73, 65, 80, 59, 73,
36, 53, 84, 14, 93, 4, 47, 40, 18, 83]
[[45, 1259, 1729], [351, 78, 1065], [961, 583, 1302], [1676, 1813, 1790], [262, 1966, 1417], [1730, 390, 1811], [415, 1149, 1098], [1814, 967, 335], [733, 1383, 1597], [1141, 471, 908],
[342, 1154, 147], [50, 1505, 862], [1752, 1082, 1445], [1034, 738, 1237], [803, 1000, 1819], [836, 1346, 188], [626, 1761, 1974], [340, 1554, 1557], [1312, 266, 1556], [889, 23, 644],
[413, 365, 414], [1197, 1052, 1919], [38, 784, 981], [99, 434, 1719], [1336, 1874, 1335], [1771, 689, 660], [575, 1952, 401], [529, 271, 571], [702, 1584, 1475], [875, 1089, 1498],
[1519, 1502, 1864], [1933, 679, 1532], [447, 1354, 932], [44, 1454, 1366], [1763, 1406, 1219], [1714, 1157, 524], [354, 1732, 455], [1392, 877, 1364], [1963, 1580, 1564], [1417, 1071, 632],
[895, 569, 750], [1375, 1118, 1429], [1523, 1565, 1400], [435, 1610, 833], [417, 1989, 855], [253, 1683, 2012], [777, 653, 340], [1870, 24, 1217], [1850, 603, 1413], [1393, 0, 463],
[4, 1532, 1669], [1391, 1523, 766], [800, 1025, 948], [816, 76, 1174], [265, 1131, 1142], [1120, 1384, 1441], [1112, 777, 710], [68, 1263, 1371], [1922, 1092, 1975], [1315, 464, 591],
[394, 1105, 739], [680, 476, 241], [62, 1913, 1903], [1010, 708, 596], [163, 973, 1727], [1943, 709, 1727], [2000, 437, 1120], [1327, 505, 363], [677, 407, 71], [631, 338, 1173],
[1859, 1369, 894], [577, 28, 1370], [818, 91, 1899], [701, 1738, 1223], [1297, 518, 812], [1640, 1077, 1522], [1346, 1693, 1959], [445, 999, 1081], [1445, 1677, 1488], [133, 924, 1826],
[1306, 763, 1174], [179, 1977, 1840], [166, 775, 547], [681, 92, 264], [1905, 5, 1419], [1333, 261, 475], [834, 1607, 785], [1410, 668, 1784], [470, 730, 56], [1958, 863, 981],
[379, 785, 360], [169, 1601, 316], [2009, 383, 1728], [535, 1065, 436], [1437, 949, 441], [835, 898, 1339], [1948, 1733, 925], [712, 1759, 210], [1112, 845, 1577], [1169, 1419, 1056],
[766, 1798, 457], [1763, 583, 37], [58, 572, 421], [403, 1744, 1486], [839, 1160, 1051], [1918, 612, 1949], [1236, 539, 277], [778, 1888, 652], [1625, 979, 1497], [1181, 764, 895],
[853, 1530, 1309], [1310, 1272, 1893], [1984, 1968, 1081], [1021, 350, 804], [1123, 1826, 1965], [790, 1723, 1193], [1356, 939, 348], [249, 333, 215], [902, 1958, 1831], [1015, 1755, 575],
[527, 587, 721], [1836, 513, 610], [324, 1113, 1194], [1405, 114, 1544], [189, 1874, 1986], [770, 644, 1689], [1963, 2000, 1244], [290, 228, 1577], [1142, 1767, 1514], [1589, 762, 1248],
[780, 1289, 451], [1502, 1741, 1601], [728, 45, 693], [1922, 1450, 1444], [61, 255, 1298], [26, 1662, 558], [1715, 220, 1174], [1575, 1147, 1402], [1131, 268, 1786], [1261, 1858, 527],
[1125, 1254, 432], [1576, 735, 152], [1793, 79, 834], [1103, 2001, 264], [1163, 41, 1156], [1077, 68, 798], [1635, 399, 1018], [788, 1975, 145], [807, 1722, 1050], [572, 963, 1524],
[1736, 67, 758], [147, 260, 109], [936, 32, 189], [1771, 1772, 169], [14, 915, 848], [1807, 1992, 1553], [584, 1607, 568], [219, 1011, 522], [364, 1818, 861], [1414, 1006, 1824],
[1555, 721, 507], [292, 868, 767], [401, 1805, 1437], [590, 1555, 1188], [1397, 185, 719], [224, 1992, 691], [393, 1193, 914], [961, 1412, 541], [100, 1776, 339], [961, 1806, 1345],
[1401, 1340, 46], [1908, 248, 1551], [655, 650, 1972], [708, 1240, 1506], [512, 1253, 307], [1232, 1477, 916], [539, 486, 88], [69, 1448, 1500], [610, 1548, 1892], [1586, 1125, 293]]
[[3, 7, 5, 2], [3, 5, 5, 4], [6, 0, 10, 9], [7, 0, 9, 0], [1, 7, 2, 5], [6, 4, 9, 4], [8, 5, 2, 8], [10, 6, 0, 0], [0, 3, 3, 1], [6, 6, 6, 1],
[7, 3, 8, 3], [1, 5, 1, 3], [10, 4, 8, 5], [8, 4, 8, 5], [7, 10, 0, 4], [3, 1, 5, 2], [2, 6, 3, 9], [1, 7, 8, 8], [0, 4, 9, 1], [9, 0, 2, 6],
[2, 8, 0, 10], [1, 6, 2, 8], [4, 3, 2, 7], [2, 5, 7, 4], [0, 0, 2, 10], [7, 9, 8, 5], [2, 4, 5, 9], [4, 5, 4, 4], [3, 2, 3, 2], [9, 4, 9, 2],
[7, 9, 7, 7], [3, 2, 0, 1], [2, 1, 0, 7], [10, 6, 2, 1], [0, 5, 10, 2], [10, 1, 7, 2], [3, 10, 3, 1], [1, 1, 1, 8], [10, 7, 2, 0], [9, 3, 1, 9],
[2, 10, 5, 1], [6, 5, 0, 6], [10, 8, 8, 10], [9, 4, 10, 1], [2, 2, 1, 1], [1, 0, 8, 9], [5, 10, 9, 3], [2, 8, 10, 4], [8, 5, 3, 3], [8, 3, 7, 8],
[9, 2, 7, 7], [5, 4, 7, 5], [7, 8, 6, 8], [6, 3, 7, 1], [3, 3, 2, 3], [1, 2, 6, 7], [5, 9, 8, 2], [0, 4, 8, 9], [4, 4, 4, 9], [7, 0, 3, 3],
[8, 8, 9, 3], [0, 3, 2, 1], [7, 5, 5, 6], [7, 9, 2, 10], [5, 10, 1, 5], [1, 10, 2, 5], [1, 6, 2, 8], [6, 5, 9, 1], [2, 8, 2, 1], [9, 5, 2, 5],
[8, 5, 9, 2], [1, 0, 1, 7], [8, 0, 10, 9], [10, 1, 2, 10], [5, 4, 5, 9], [7, 4, 8, 8], [10, 9, 9, 6], [3, 9, 10, 9], [2, 8, 0, 3], [7, 10, 10, 4],
[10, 10, 1, 8], [9, 3, 7, 2], [5, 10, 9, 1], [1, 7, 9, 0], [5, 5, 7, 6], [4, 6, 4, 4], [1, 2, 7, 8], [1, 5, 2, 0], [4, 1, 8, 0], [2, 2, 0, 7],
[0, 10, 8, 1], [6, 5, 0, 9], [10, 5, 4, 1], [9, 6, 5, 10], [8, 2, 8, 9], [7, 8, 7, 9], [7, 3, 7, 9], [3, 8, 5, 3], [5, 0, 5, 0], [5, 3, 7, 5],
[8, 0, 6, 6], [4, 1, 5, 1], [1, 0, 8, 8], [6, 2, 4, 2], [3, 0, 0, 7], [6, 3, 10, 0], [4, 2, 9, 9], [5, 5, 3, 0], [3, 8, 6, 7], [7, 10, 6, 8],
[8, 1, 5, 4], [4, 7, 4, 7], [7, 3, 1, 1], [6, 10, 1, 10], [1, 9, 7, 5], [3, 10, 5, 5], [5, 10, 1, 1], [7, 6, 9, 4], [7, 1, 6, 9], [8, 0, 4, 3],
[1, 5, 4, 7], [4, 5, 5, 4], [3, 1, 7, 5], [9, 10, 10, 4], [7, 9, 5, 3], [2, 2, 8, 8], [3, 3, 6, 10], [1, 8, 2, 2], [3, 4, 8, 5], [7, 2, 7, 9],
[3, 3, 3, 10], [1, 0, 3, 8], [7, 7, 1, 10], [9, 7, 7, 10], [8, 0, 7, 10], [9, 9, 10, 10], [2, 7, 4, 10], [7, 10, 8, 8], [2, 9, 8, 1], [7, 9, 10, 3],
[5, 9, 0, 1], [5, 7, 1, 2], [6, 8, 10, 4], [5, 10, 3, 5], [4, 5, 2, 10], [4, 8, 7, 5], [6, 2, 4, 2], [1, 1, 4, 6], [10, 4, 6, 2], [10, 5, 3, 5],
[2, 2, 7, 5], [10, 8, 9, 2], [2, 0, 10, 5], [9, 4, 8, 2], [7, 1, 5, 6], [3, 9, 1, 0], [0, 5, 3, 10], [10, 4, 4, 0], [6, 0, 5, 4], [8, 3, 4, 9],
[2, 3, 1, 0], [7, 9, 2, 1], [10, 5, 7, 0], [1, 7, 1, 2], [1, 4, 1, 1], [8, 4, 1, 1], [2, 4, 3, 9], [6, 7, 5, 8], [8, 6, 6, 3], [4, 6, 2, 1],
[1, 10, 2, 0], [6, 3, 2, 5], [5, 2, 4, 0], [4, 5, 1, 4], [8, 3, 2, 3], [8, 5, 9, 6], [0, 2, 7, 2], [8, 9, 4, 9], [6, 4, 8, 10], [7, 10, 5, 10]]
[1, 1, 1, 1, 1, 0.2, 0.2, 0.2, 0.2, 0.2,
0.2, 0.2, 0.2, 0.2, 0.2, 0.2, 0.2, 0.2, 0.2, 0.2,
0.2, 0.2, 0.2, 0.2, 0.2, 0.2, 0.2, 0.2, 0.2, 0.2,
0.04, 0.04, 0.04, 0.04, 0.04, 0.04, 0.04, 0.04, 0.04, 0.04,
0.04, 0.04, 0.04, 0.04, 0.04, 0.04, 0.04, 0.04, 0.04, 0.04,
0.04, 0.04, 0.04, 0.04, 0.04, 0.008, 0.008, 0.008, 0.008, 0.008,
0.008, 0.008, 0.008, 0.008, 0.008, 0.008, 0.008, 0.008, 0.008, 0.008,
0.008, 0.008, 0.008, 0.008, 0.008, 0.008, 0.008, 0.008, 0.008, 0.008,
0.0016, 0.0016, 0.0016, 0.0016, 0.0016, 0.0016, 0.0016, 0.0016, 0.0016, 0.0016,
0.0016, 0.0016, 0.0016, 0.0016, 0.0016, 0.0016, 0.0016, 0.0016, 0.0016, 0.0016,
0.0016, 0.0016, 0.0016, 0.0016, 0.0016, 0.00032, 0.00032, 0.00032, 0.00032, 0.00032,
0.00032, 0.00032, 0.00032, 0.00032, 0.00032, 0.00032, 0.00032, 0.00032, 0.00032, 0.00032,
0.00032, 0.00032, 0.00032, 0.00032, 0.00032, 0.00032, 0.00032, 0.00032, 0.00032, 0.00032,
6.4e-05, 6.4e-05, 6.4e-05, 6.4e-05, 6.4e-05, 6.4e-05, 6.4e-05, 6.4e-05, 6.4e-05, 6.4e-05,
6.4e-05, 6.4e-05, 6.4e-05, 6.4e-05, 6.4e-05, 6.4e-05, 6.4e-05, 6.4e-05, 6.4e-05, 6.4e-05,
6.4e-05, 6.4e-05, 6.4e-05, 6.4e-05, 6.4e-05, 1.28e-05, 1.28e-05, 1.28e-05, 1.28e-05, 1.28e-05,
1.28e-05, 1.28e-05, 1.28e-05, 1.28e-05, 1.28e-05, 1.28e-05, 1.28e-05, 1.28e-05, 1.28e-05, 1.28e-05,
1.28e-05, 1.28e-05, 1.28e-05, 1.28e-05, 1.28e-05, 1.28e-05, 1.28e-05, 1.28e-05, 1.28e-05, 1.28e-05]
[15, 3, 11, 14, 5, 14, 11, 8, 18, 14,
6, 2, 7, 9, 9, 14, 20, 5, 2, 3,
5, 0, 7, 20, 6, 15, 0, 8, 9, 8,
11, 16, 16, 20, 18, 3, 18, 16, 9, 4,
3, 2, 16, 8, 2, 18, 16, 0, 12, 8,
20, 9, 11, 17, 15, 13, 18, 17, 1, 12,
17, 13, 0, 0, 8, 19, 15, 0, 9, 3,
16, 17, 6, 2, 15, 9, 3, 0, 11, 11,
6, 4, 16, 4, 0, 5, 19, 7, 12, 10,
0, 14, 18, 2, 12, 5, 20, 15, 12, 17,
1, 4, 19, 1, 16, 13, 7, 18, 17, 9,
11, 2, 1, 3, 11, 1, 18, 9, 14, 4,
16, 2, 19, 3, 18, 1, 6, 14, 16, 19,
15, 18, 2, 5, 10, 2, 1, 6, 4, 13,
1, 5, 13, 11, 12, 14, 6, 14, 11, 1,
4, 4, 8, 5, 18, 9, 10, 2, 8, 9,
0, 3, 10, 11, 14, 0, 14, 0, 11, 11,
2, 4, 9, 11, 17, 15, 18, 20, 13, 6]
------------------------------------------------------- 
# stage = 8	# children c = 5	length of each stage p = 5	nodes = 179	# items I = 1
