[42, 68, 93, 74, 0, 20, 10, 84, 71, 32,
28, 9, 12, 40, 10, 82, 58, 0, 4, 38,
61, 22, 85]
[[399, 521, 60], [314, 699, 85], [69, 46, 119], [45, 639, 599], [482, 539, 227], [182, 430, 222], [316, 358, 56], [55, 317, 160], [502, 332, 202], [56, 321, 552],
[157, 17, 370], [368, 332, 366], [453, 551, 412], [723, 596, 349], [619, 225, 35], [846, 557, 465], [216, 20, 121], [272, 75, 588], [582, 728, 217], [785, 784, 538],
[634, 89, 706], [301, 457, 185], [667, 207, 736]]
[[6, 2, 1, 1], [7, 6, 4, 0], [2, 6, 5, 3], [1, 1, 5, 0], [8, 10, 0, 7], [6, 2, 7, 7], [6, 8, 4, 9], [4, 1, 9, 10], [1, 8, 9, 6], [1, 2, 7, 3],
[6, 1, 5, 7], [1, 8, 6, 9], [8, 6, 5, 1], [6, 0, 6, 0], [6, 10, 7, 10], [10, 5, 7, 0], [0, 6, 7, 10], [8, 1, 1, 4], [0, 4, 9, 1], [1, 2, 9, 7],
[7, 1, 7, 0], [1, 2, 0, 6], [2, 7, 5, 10]]
[1, 0.5, 0.5, 0.25, 0.25, 0.125, 0.125, 0.0625, 0.0625, 0.03125,
0.03125, 0.015625, 0.015625, 0.0078125, 0.0078125, 0.00390625, 0.00390625, 0.00195312, 0.00195312, 0.000976562,
0.000976562, 0.000488281, 0.000488281]
[3, 0, 1, 5, 3, 4, 1, 2, 0, 8,
4, 2, 8, 0, 5, 7, 0, 5, 3, 4,
7, 5, 1]
------------------------------------------------------- 
# stage = 12	# children c = 2	length of each stage p = 1	nodes = 22	# items I = 1
