[48, 16, 79, 18, 52, 66, 72, 88, 18, 70,
15, 56, 86, 62, 52, 9, 31, 26, 100, 39,
19, 78, 60, 24, 98, 79, 3, 63, 11, 10,
9, 59, 26, 54, 77, 44, 19, 15, 31, 3,
85, 47, 60, 71, 75, 11, 46, 5, 4, 46,
10, 90, 90, 36, 13, 54, 15, 16, 16, 93,
26, 92, 51, 18, 45, 95, 29, 31, 9]
[[807, 175, 395], [207, 39, 490], [257, 242, 1027], [1037, 252, 451], [844, 990, 166], [722, 490, 331], [781, 225, 190], [91, 69, 235], [516, 370, 204], [873, 1074, 555],
[687, 422, 730], [704, 251, 769], [113, 508, 633], [58, 85, 885], [131, 551, 794], [1001, 896, 202], [250, 595, 50], [441, 308, 823], [298, 825, 111], [502, 616, 807],
[1058, 221, 147], [706, 926, 398], [16, 661, 528], [271, 719, 235], [75, 851, 787], [491, 392, 223], [693, 643, 818], [365, 706, 748], [106, 1004, 491], [921, 46, 26],
[647, 22, 951], [416, 351, 795], [437, 1071, 1078], [965, 260, 716], [119, 1039, 107], [528, 448, 499], [751, 764, 764], [109, 47, 388], [857, 858, 1014], [267, 319, 1061],
[997, 588, 705], [866, 1005, 1056], [202, 360, 667], [198, 947, 550], [914, 688, 507], [643, 134, 956], [765, 507, 638], [447, 616, 307], [458, 14, 83], [390, 985, 403],
[369, 900, 991], [697, 684, 536], [293, 886, 518], [961, 3, 384], [429, 539, 1072], [558, 805, 829], [432, 488, 254], [692, 557, 493], [1000, 1015, 507], [1, 1028, 410],
[26, 1019, 228], [640, 634, 534], [798, 928, 339], [235, 429, 1046], [619, 480, 503], [231, 1038, 226], [1060, 389, 336], [937, 1081, 894], [348, 621, 449]]
[[5, 6, 10, 5], [9, 9, 2, 4], [6, 7, 4, 6], [8, 1, 1, 9], [6, 4, 2, 1], [4, 10, 0, 8], [10, 4, 1, 2], [10, 9, 2, 5], [4, 0, 8, 1], [9, 0, 3, 2],
[7, 7, 8, 3], [6, 8, 10, 1], [1, 1, 0, 3], [9, 0, 10, 8], [2, 0, 0, 2], [7, 0, 5, 0], [0, 2, 1, 8], [2, 4, 10, 8], [9, 8, 9, 4], [5, 6, 3, 4],
[7, 3, 6, 5], [3, 5, 0, 4], [3, 9, 6, 10], [10, 0, 10, 8], [0, 10, 5, 1], [1, 5, 9, 0], [0, 5, 2, 3], [0, 4, 7, 5], [7, 0, 8, 9], [5, 8, 2, 8],
[7, 6, 5, 6], [6, 3, 1, 6], [2, 7, 7, 3], [10, 3, 1, 10], [6, 2, 2, 6], [6, 7, 9, 2], [8, 6, 9, 2], [4, 0, 9, 0], [6, 1, 4, 10], [4, 3, 4, 6],
[10, 9, 8, 7], [0, 7, 6, 6], [9, 6, 0, 4], [3, 9, 5, 9], [5, 3, 0, 7], [2, 7, 5, 6], [9, 7, 6, 0], [10, 8, 7, 8], [4, 2, 4, 4], [9, 9, 9, 6],
[4, 9, 10, 5], [5, 2, 3, 8], [6, 2, 4, 8], [7, 7, 1, 5], [3, 7, 4, 3], [2, 0, 9, 7], [0, 2, 0, 7], [9, 9, 2, 1], [5, 0, 6, 9], [2, 10, 6, 8],
[10, 9, 3, 6], [5, 5, 10, 9], [10, 3, 10, 2], [1, 8, 7, 10], [8, 5, 6, 7], [4, 9, 8, 7], [9, 3, 5, 0], [0, 1, 7, 8], [8, 8, 4, 2]]
[1, 1, 1, 0.5, 0.5, 0.5, 0.5, 0.5, 0.5, 0.25,
0.25, 0.25, 0.25, 0.25, 0.25, 0.125, 0.125, 0.125, 0.125, 0.125,
0.125, 0.0625, 0.0625, 0.0625, 0.0625, 0.0625, 0.0625, 0.03125, 0.03125, 0.03125,
0.03125, 0.03125, 0.03125, 0.015625, 0.015625, 0.015625, 0.015625, 0.015625, 0.015625, 0.0078125,
0.0078125, 0.0078125, 0.0078125, 0.0078125, 0.0078125, 0.00390625, 0.00390625, 0.00390625, 0.00390625, 0.00390625,
0.00390625, 0.00195312, 0.00195312, 0.00195312, 0.00195312, 0.00195312, 0.00195312, 0.000976562, 0.000976562, 0.000976562,
0.000976562, 0.000976562, 0.000976562, 0.000488281, 0.000488281, 0.000488281, 0.000488281, 0.000488281, 0.000488281]
[3, 5, 5, 7, 7, 0, 4, 3, 4, 9,
7, 7, 8, 5, 3, 4, 0, 3, 9, 10,
5, 6, 7, 9, 3, 2, 5, 10, 3, 5,
1, 6, 5, 4, 8, 7, 2, 7, 9, 6,
6, 0, 4, 1, 1, 10, 3, 2, 3, 10,
8, 0, 4, 5, 6, 5, 5, 0, 2, 2,
5, 1, 6, 4, 8, 5, 4, 3, 6]
------------------------------------------------------- 
# stage = 12	# children c = 2	length of each stage p = 3	nodes = 68	# items I = 1
