[56, 71, 6, 23, 54, 52, 24, 95, 97, 0,
29, 69, 63, 51, 53, 50, 10, 84, 87, 17,
36, 48, 84, 42, 66, 21, 13, 27, 34, 19,
69, 91, 56, 76, 13, 76, 94, 3, 70, 90,
70, 99, 25, 99, 15, 78, 48, 26, 27, 34,
9, 64, 48, 93, 5, 13, 14, 18, 7, 14,
3, 42, 4, 25, 84, 84, 0, 77, 87, 70,
33, 57]
[[672, 1492, 1407], [1520, 1867, 1836], [1532, 1488, 1640], [1077, 1102, 824], [600, 453, 1328], [327, 181, 621], [591, 1807, 446], [83, 500, 1], [1323, 556, 742], [1546, 652, 578],
[373, 207, 953], [663, 1727, 1703], [626, 269, 201], [393, 230, 1304], [101, 830, 1757], [1429, 40, 66], [933, 631, 756], [1380, 715, 139], [264, 921, 695], [1762, 594, 1347],
[467, 1723, 1555], [1420, 1269, 292], [133, 23, 1318], [335, 1172, 1548], [1639, 156, 505], [406, 1586, 1301], [1228, 1402, 59], [111, 909, 1530], [250, 57, 578], [946, 1819, 55],
[1176, 414, 1778], [1614, 717, 1175], [34, 851, 81], [235, 1186, 136], [1783, 1708, 293], [1171, 241, 762], [599, 1470, 291], [1414, 1581, 84], [1072, 715, 141], [533, 544, 843],
[1345, 1720, 140], [1250, 345, 858], [1308, 1135, 592], [272, 1370, 661], [409, 1280, 496], [1458, 1334, 737], [347, 60, 1090], [638, 1474, 799], [722, 1429, 397], [1619, 846, 941],
[590, 318, 1544], [1486, 451, 16], [471, 643, 34], [1819, 915, 1404], [607, 207, 1567], [1859, 1665, 1028], [724, 895, 1844], [1814, 417, 1446], [1496, 1139, 1758], [20, 1642, 1487],
[1717, 1115, 1805], [1389, 728, 384], [288, 83, 1783], [323, 785, 825], [610, 1393, 1789], [305, 1379, 464], [216, 986, 1360], [188, 1684, 1777], [517, 1307, 1799], [1158, 211, 451],
[773, 55, 449], [705, 327, 1178]]
[[1, 10, 0, 8], [4, 3, 6, 9], [8, 9, 6, 0], [10, 8, 4, 6], [2, 10, 10, 10], [3, 0, 6, 2], [8, 6, 3, 10], [6, 1, 2, 7], [0, 2, 2, 4], [3, 8, 0, 10],
[7, 5, 10, 4], [2, 1, 8, 2], [1, 7, 2, 2], [5, 8, 4, 1], [1, 5, 0, 7], [6, 2, 2, 4], [2, 4, 6, 4], [0, 7, 1, 7], [10, 0, 9, 1], [1, 4, 4, 0],
[0, 4, 2, 4], [1, 5, 5, 2], [8, 3, 8, 2], [3, 10, 6, 5], [1, 0, 7, 1], [7, 8, 6, 4], [6, 4, 5, 6], [8, 7, 6, 7], [0, 7, 0, 10], [10, 3, 0, 7],
[6, 8, 9, 9], [7, 3, 1, 8], [3, 9, 8, 8], [4, 3, 1, 0], [6, 6, 6, 3], [1, 10, 8, 10], [4, 8, 10, 3], [9, 10, 9, 4], [5, 7, 2, 10], [10, 4, 5, 2],
[0, 2, 10, 2], [6, 0, 2, 1], [5, 6, 2, 4], [4, 0, 3, 8], [6, 0, 10, 5], [8, 8, 7, 2], [4, 10, 1, 2], [1, 7, 2, 10], [7, 2, 1, 2], [0, 2, 1, 3],
[6, 4, 7, 10], [2, 9, 8, 6], [7, 7, 9, 5], [2, 6, 5, 6], [5, 7, 6, 4], [1, 9, 1, 6], [9, 2, 9, 9], [2, 8, 0, 9], [10, 7, 8, 1], [3, 3, 6, 0],
[8, 4, 5, 10], [10, 10, 4, 2], [4, 10, 4, 3], [6, 5, 10, 4], [6, 6, 3, 8], [3, 1, 6, 1], [8, 2, 0, 10], [5, 6, 10, 3], [0, 2, 0, 8], [10, 4, 0, 2],
[2, 2, 3, 8], [8, 0, 2, 3]]
[1, 1, 0.2, 0.2, 0.2, 0.2, 0.2, 0.2, 0.2, 0.2,
0.2, 0.2, 0.04, 0.04, 0.04, 0.04, 0.04, 0.04, 0.04, 0.04,
0.04, 0.04, 0.008, 0.008, 0.008, 0.008, 0.008, 0.008, 0.008, 0.008,
0.008, 0.008, 0.0016, 0.0016, 0.0016, 0.0016, 0.0016, 0.0016, 0.0016, 0.0016,
0.0016, 0.0016, 0.00032, 0.00032, 0.00032, 0.00032, 0.00032, 0.00032, 0.00032, 0.00032,
0.00032, 0.00032, 6.4e-05, 6.4e-05, 6.4e-05, 6.4e-05, 6.4e-05, 6.4e-05, 6.4e-05, 6.4e-05,
6.4e-05, 6.4e-05, 1.28e-05, 1.28e-05, 1.28e-05, 1.28e-05, 1.28e-05, 1.28e-05, 1.28e-05, 1.28e-05,
1.28e-05, 1.28e-05]
[7, 12, 13, 0, 15, 3, 2, 12, 9, 10,
5, 8, 3, 16, 1, 16, 15, 17, 16, 18,
2, 0, 18, 16, 17, 4, 9, 4, 10, 9,
14, 16, 13, 13, 4, 3, 11, 7, 11, 17,
5, 7, 11, 5, 6, 11, 2, 5, 14, 4,
12, 2, 5, 9, 7, 1, 3, 4, 16, 14,
2, 17, 8, 17, 2, 18, 6, 13, 7, 3,
8, 7]
------------------------------------------------------- 
# stage = 8	# children c = 5	length of each stage p = 2	nodes = 71	# items I = 1
