[78, 96, 47, 12, 10, 75, 21, 85, 85, 11,
9, 1, 73, 8, 38, 87, 89, 37, 4, 89,
9, 35, 42, 50, 72, 69, 23, 51, 73, 69,
91, 16, 30, 4, 28, 7, 79, 16, 92, 29,
27, 0, 31, 66, 76, 35, 53, 64, 38, 23,
52, 47, 58, 61, 64, 96, 29, 53, 47, 68,
88, 3, 84, 17, 7, 79, 24, 52, 95, 82,
82, 88]
[[2067, 1140, 1760], [557, 464, 863], [2049, 1377, 1887], [1511, 1931, 182], [1989, 358, 1364], [1573, 1701, 994], [1705, 1062, 1682], [335, 835, 159], [1773, 681, 1753], [1739, 964, 174],
[880, 938, 1310], [551, 1496, 1775], [1414, 1456, 1063], [1209, 878, 906], [1391, 775, 1260], [662, 259, 872], [1656, 1960, 1930], [1249, 206, 672], [1404, 1976, 1350], [1064, 1626, 221],
[1234, 413, 1155], [456, 960, 562], [138, 282, 2014], [1197, 1491, 800], [14, 789, 1575], [1271, 1452, 1830], [50, 1015, 1701], [1977, 172, 1903], [560, 1572, 1790], [1906, 548, 1323],
[38, 1778, 1736], [1194, 145, 604], [1752, 283, 886], [1674, 1481, 288], [385, 1491, 1077], [1956, 669, 436], [1697, 720, 1452], [1305, 608, 1624], [1115, 1164, 1107], [817, 982, 1651],
[47, 1016, 1341], [1784, 121, 1482], [295, 1870, 1762], [1181, 1455, 1154], [1465, 1836, 552], [449, 1703, 1222], [886, 1307, 1938], [245, 519, 457], [1865, 1634, 1621], [879, 362, 510],
[442, 410, 1527], [1779, 101, 1644], [1172, 396, 1425], [845, 1573, 791], [1995, 949, 538], [455, 1398, 148], [1677, 195, 1455], [1526, 440, 1974], [1979, 212, 1516], [1507, 1092, 1874],
[2018, 1530, 195], [1456, 1220, 292], [1011, 299, 684], [348, 1141, 164], [1135, 1043, 1113], [1670, 1498, 423], [1814, 1082, 614], [1177, 519, 1051], [1058, 405, 1263], [485, 1913, 266],
[271, 1842, 1796], [462, 1205, 923]]
[[8, 7, 7, 0], [2, 9, 1, 1], [6, 6, 1, 6], [4, 4, 7, 1], [5, 3, 2, 6], [6, 3, 4, 3], [5, 5, 7, 1], [3, 8, 1, 0], [2, 7, 0, 4], [5, 10, 3, 0],
[5, 5, 5, 9], [9, 1, 9, 2], [4, 0, 6, 8], [1, 10, 0, 7], [5, 8, 8, 8], [5, 8, 6, 8], [4, 4, 10, 7], [3, 3, 6, 9], [8, 0, 5, 4], [1, 3, 4, 3],
[1, 0, 0, 3], [10, 1, 8, 4], [9, 5, 10, 1], [0, 5, 7, 2], [7, 7, 10, 0], [8, 5, 9, 3], [3, 3, 7, 4], [5, 10, 5, 6], [10, 5, 7, 7], [6, 4, 10, 2],
[8, 9, 2, 8], [2, 9, 0, 9], [3, 8, 9, 0], [0, 5, 3, 3], [7, 9, 5, 1], [6, 10, 5, 5], [2, 2, 1, 9], [6, 0, 9, 1], [8, 0, 10, 8], [8, 8, 6, 9],
[3, 3, 8, 3], [6, 9, 4, 2], [5, 7, 1, 0], [6, 7, 3, 6], [9, 5, 4, 2], [3, 1, 4, 0], [10, 1, 6, 5], [7, 2, 4, 8], [3, 10, 9, 7], [8, 2, 10, 1],
[7, 0, 1, 0], [5, 5, 6, 1], [8, 9, 4, 0], [10, 6, 10, 7], [5, 5, 2, 10], [5, 4, 7, 6], [3, 5, 3, 9], [5, 0, 10, 1], [9, 10, 1, 4], [4, 7, 3, 1],
[5, 5, 10, 4], [0, 7, 1, 3], [0, 1, 2, 3], [3, 9, 10, 6], [3, 0, 2, 8], [9, 0, 7, 5], [10, 8, 7, 3], [5, 0, 2, 10], [5, 10, 2, 6], [7, 1, 7, 7],
[2, 10, 8, 5], [6, 7, 9, 8]]
[1, 1, 0.2, 0.2, 0.2, 0.2, 0.2, 0.2, 0.2, 0.2,
0.2, 0.2, 0.04, 0.04, 0.04, 0.04, 0.04, 0.04, 0.04, 0.04,
0.04, 0.04, 0.008, 0.008, 0.008, 0.008, 0.008, 0.008, 0.008, 0.008,
0.008, 0.008, 0.0016, 0.0016, 0.0016, 0.0016, 0.0016, 0.0016, 0.0016, 0.0016,
0.0016, 0.0016, 0.00032, 0.00032, 0.00032, 0.00032, 0.00032, 0.00032, 0.00032, 0.00032,
0.00032, 0.00032, 6.4e-05, 6.4e-05, 6.4e-05, 6.4e-05, 6.4e-05, 6.4e-05, 6.4e-05, 6.4e-05,
6.4e-05, 6.4e-05, 1.28e-05, 1.28e-05, 1.28e-05, 1.28e-05, 1.28e-05, 1.28e-05, 1.28e-05, 1.28e-05,
1.28e-05, 1.28e-05]
[0, 6, 4, 8, 6, 3, 5, 2, 10, 0,
10, 1, 6, 2, 9, 2, 1, 0, 4, 8,
9, 8, 1, 5, 5, 3, 1, 0, 3, 4,
5, 10, 2, 7, 8, 4, 3, 4, 8, 0,
2, 6, 7, 7, 2, 8, 5, 10, 5, 9,
1, 4, 1, 5, 4, 1, 7, 6, 9, 10,
0, 5, 4, 10, 0, 7, 10, 2, 5, 9,
10, 1]
------------------------------------------------------- 
# stage = 8	# children c = 5	length of each stage p = 2	nodes = 71	# items I = 1
