[54, 9, 76, 22, 44, 5, 68, 44, 97, 43,
49, 38, 16, 3, 12, 4, 38, 70, 87, 72,
31, 63, 14, 82, 90, 19, 1, 18, 87, 0,
10, 41, 77, 52, 63, 20, 57, 97, 64, 54,
6, 79, 58, 22, 49, 70, 26, 87, 40, 13,
58, 37, 42, 38, 19, 31, 58, 87, 16, 44,
87, 93, 85, 63, 44, 13, 49, 67, 77, 12,
87, 83, 58, 45, 71, 73, 14, 97, 59, 20]
[[302, 129, 593], [249, 739, 387], [769, 421, 35], [879, 38, 83], [819, 907, 758], [499, 531, 246], [473, 771, 926], [21, 111, 838], [534, 590, 934], [554, 916, 253],
[350, 230, 382], [944, 479, 133], [891, 261, 555], [486, 700, 153], [569, 531, 73], [339, 42, 604], [145, 76, 936], [631, 645, 59], [481, 739, 209], [427, 305, 685],
[680, 216, 916], [622, 720, 955], [755, 623, 228], [870, 669, 488], [36, 798, 32], [657, 697, 622], [821, 842, 698], [769, 485, 355], [389, 526, 106], [158, 513, 960],
[844, 753, 188], [332, 387, 908], [299, 154, 103], [88, 585, 772], [576, 181, 582], [608, 838, 291], [791, 671, 693], [501, 13, 738], [417, 950, 276], [523, 120, 789],
[495, 964, 554], [243, 856, 501], [163, 168, 215], [814, 256, 800], [598, 832, 981], [740, 13, 831], [591, 804, 75], [844, 865, 636], [594, 294, 598], [430, 378, 278],
[231, 873, 803], [345, 129, 671], [406, 840, 839], [622, 667, 107], [982, 825, 500], [976, 578, 73], [379, 729, 877], [14, 586, 314], [650, 740, 609], [808, 183, 987],
[99, 962, 432], [902, 868, 121], [585, 286, 522], [985, 908, 201], [652, 903, 586], [164, 451, 724], [237, 830, 466], [674, 405, 612], [549, 67, 364], [170, 436, 547],
[717, 535, 522], [709, 9, 950], [391, 594, 248], [913, 151, 169], [674, 804, 632], [272, 968, 643], [9, 766, 485], [35, 12, 450], [207, 561, 518], [571, 291, 954]]
[[7, 4, 5, 10], [5, 8, 1, 1], [4, 5, 10, 10], [6, 5, 0, 7], [6, 1, 9, 1], [7, 1, 9, 3], [3, 5, 7, 6], [2, 9, 0, 10], [0, 3, 7, 5], [0, 8, 5, 2],
[0, 4, 1, 6], [7, 10, 0, 2], [1, 10, 3, 6], [9, 10, 9, 1], [4, 5, 5, 5], [1, 3, 2, 1], [6, 9, 4, 4], [5, 9, 6, 3], [0, 6, 8, 8], [5, 8, 10, 4],
[5, 1, 8, 3], [9, 6, 2, 1], [9, 8, 6, 10], [0, 8, 9, 5], [4, 3, 7, 9], [10, 3, 0, 0], [9, 8, 6, 1], [5, 3, 4, 9], [2, 1, 10, 1], [6, 2, 2, 4],
[8, 6, 2, 6], [1, 0, 0, 5], [1, 8, 2, 10], [9, 2, 10, 5], [10, 3, 6, 2], [4, 8, 9, 7], [10, 9, 6, 3], [9, 8, 7, 6], [1, 7, 1, 2], [8, 0, 7, 7],
[8, 7, 6, 4], [9, 3, 9, 6], [6, 4, 7, 0], [0, 5, 5, 10], [1, 0, 0, 10], [6, 7, 5, 7], [2, 5, 9, 10], [5, 3, 4, 0], [9, 0, 4, 5], [3, 2, 1, 8],
[4, 6, 6, 4], [0, 0, 1, 2], [0, 1, 1, 4], [7, 5, 0, 9], [8, 7, 8, 2], [8, 10, 2, 6], [10, 4, 1, 1], [6, 0, 9, 8], [6, 4, 2, 4], [2, 3, 6, 2],
[3, 6, 4, 10], [9, 4, 8, 6], [9, 3, 6, 4], [2, 8, 9, 0], [10, 8, 1, 5], [8, 10, 2, 1], [1, 2, 5, 3], [4, 10, 3, 7], [3, 7, 6, 1], [9, 1, 5, 5],
[4, 0, 9, 4], [6, 7, 4, 5], [4, 5, 8, 10], [2, 8, 9, 3], [0, 4, 6, 4], [1, 9, 9, 4], [5, 2, 3, 1], [3, 6, 6, 5], [4, 5, 9, 10], [10, 1, 2, 2]]
[1, 1, 1, 1, 1, 0.333333, 0.333333, 0.333333, 0.333333, 0.333333,
0.333333, 0.333333, 0.333333, 0.333333, 0.333333, 0.333333, 0.333333, 0.333333, 0.333333, 0.333333,
0.111111, 0.111111, 0.111111, 0.111111, 0.111111, 0.111111, 0.111111, 0.111111, 0.111111, 0.111111,
0.111111, 0.111111, 0.111111, 0.111111, 0.111111, 0.037037, 0.037037, 0.037037, 0.037037, 0.037037,
0.037037, 0.037037, 0.037037, 0.037037, 0.037037, 0.037037, 0.037037, 0.037037, 0.037037, 0.037037,
0.0123457, 0.0123457, 0.0123457, 0.0123457, 0.0123457, 0.0123457, 0.0123457, 0.0123457, 0.0123457, 0.0123457,
0.0123457, 0.0123457, 0.0123457, 0.0123457, 0.0123457, 0.00411523, 0.00411523, 0.00411523, 0.00411523, 0.00411523,
0.00411523, 0.00411523, 0.00411523, 0.00411523, 0.00411523, 0.00411523, 0.00411523, 0.00411523, 0.00411523, 0.00411523]
[0, 7, 2, 7, 3, 0, 2, 8, 2, 1,
3, 3, 9, 7, 8, 6, 8, 8, 0, 9,
7, 4, 5, 0, 8, 0, 8, 2, 9, 6,
5, 0, 9, 0, 8, 7, 2, 7, 5, 7,
4, 6, 2, 2, 1, 3, 3, 4, 5, 4,
6, 9, 4, 0, 9, 7, 8, 8, 4, 6,
0, 4, 6, 8, 5, 5, 7, 7, 6, 4,
9, 0, 7, 2, 0, 7, 1, 8, 3, 8]
------------------------------------------------------- 
# stage = 6	# children c = 3	length of each stage p = 5	nodes = 79	# items I = 1
