[89, 72, 6, 76, 64, 79, 79, 63, 1, 50,
43, 88, 99, 28, 61, 18, 45, 34, 83, 90,
84, 99, 79, 81, 16, 9, 92, 9, 43, 11,
82, 31, 49, 88, 7, 12, 67, 86, 41, 34,
1, 50, 22, 100, 79, 49, 17, 90, 83, 67,
79, 67, 31, 23, 47, 47, 100, 5, 22, 42,
83, 4, 73, 31, 58, 80, 43, 91, 32, 85,
25, 33, 0, 13, 100, 79, 62, 83, 69, 10]
[[297, 388, 853], [146, 555, 297], [809, 910, 54], [302, 490, 554], [763, 643, 946], [722, 771, 184], [225, 22, 846], [225, 341, 718], [814, 492, 769], [169, 907, 276],
[719, 256, 560], [520, 403, 63], [714, 160, 869], [768, 358, 411], [270, 173, 2], [268, 895, 774], [452, 68, 692], [246, 293, 85], [860, 160, 473], [682, 329, 328],
[854, 944, 585], [362, 413, 884], [426, 179, 96], [347, 843, 454], [655, 166, 523], [657, 434, 366], [379, 783, 434], [19, 81, 728], [0, 942, 784], [473, 572, 61],
[802, 374, 902], [335, 736, 367], [271, 214, 442], [263, 458, 337], [613, 165, 503], [188, 718, 938], [554, 46, 773], [884, 65, 750], [560, 66, 744], [396, 435, 264],
[354, 289, 638], [308, 520, 323], [571, 791, 433], [65, 2, 891], [402, 615, 4], [906, 699, 619], [792, 201, 665], [617, 138, 730], [315, 594, 692], [8, 887, 180],
[272, 293, 365], [807, 497, 886], [78, 120, 625], [511, 185, 628], [351, 483, 191], [251, 337, 891], [870, 181, 40], [587, 694, 178], [266, 62, 669], [10, 70, 608],
[190, 238, 901], [556, 941, 450], [390, 71, 466], [67, 479, 651], [591, 830, 82], [679, 133, 420], [622, 900, 601], [662, 539, 244], [737, 805, 202], [458, 712, 168],
[14, 902, 406], [915, 406, 296], [313, 692, 263], [779, 656, 742], [378, 299, 520], [460, 30, 550], [776, 548, 502], [326, 159, 937], [570, 792, 691], [772, 198, 455]]
[[6, 2, 7, 7], [2, 7, 6, 10], [8, 3, 6, 10], [8, 10, 0, 8], [0, 6, 6, 2], [5, 4, 2, 5], [7, 10, 10, 3], [3, 4, 3, 7], [7, 0, 2, 7], [7, 8, 6, 2],
[9, 10, 1, 6], [7, 1, 4, 7], [7, 8, 9, 2], [1, 1, 5, 6], [9, 4, 7, 10], [7, 10, 5, 1], [8, 7, 8, 2], [2, 1, 4, 1], [9, 5, 7, 5], [4, 9, 2, 10],
[6, 9, 10, 5], [8, 4, 0, 7], [6, 5, 4, 0], [5, 9, 1, 0], [3, 9, 3, 6], [8, 7, 5, 6], [0, 10, 1, 2], [9, 1, 10, 2], [10, 9, 8, 8], [0, 6, 2, 5],
[1, 4, 5, 4], [3, 7, 4, 6], [3, 7, 10, 10], [2, 2, 5, 0], [2, 4, 2, 0], [3, 0, 0, 1], [9, 6, 7, 8], [0, 9, 0, 1], [2, 5, 3, 3], [10, 5, 8, 1],
[0, 5, 0, 0], [8, 3, 0, 10], [6, 0, 8, 9], [0, 8, 10, 8], [4, 6, 5, 2], [2, 3, 3, 3], [8, 4, 4, 6], [7, 10, 7, 7], [5, 5, 7, 2], [6, 7, 10, 1],
[6, 7, 9, 6], [2, 6, 3, 4], [0, 6, 6, 0], [9, 7, 1, 5], [0, 4, 0, 8], [3, 5, 2, 8], [8, 10, 8, 3], [4, 7, 3, 10], [3, 10, 6, 6], [3, 7, 10, 1],
[3, 4, 2, 10], [0, 1, 4, 1], [5, 2, 7, 9], [7, 9, 6, 4], [6, 2, 8, 0], [9, 9, 8, 0], [8, 1, 4, 0], [9, 1, 2, 10], [5, 2, 9, 6], [3, 1, 5, 7],
[3, 1, 5, 9], [10, 9, 2, 6], [0, 8, 4, 8], [6, 1, 8, 1], [1, 1, 0, 10], [0, 2, 7, 6], [2, 3, 1, 5], [4, 6, 1, 6], [5, 4, 4, 2], [3, 4, 6, 1]]
[1, 1, 1, 1, 1, 0.333333, 0.333333, 0.333333, 0.333333, 0.333333,
0.333333, 0.333333, 0.333333, 0.333333, 0.333333, 0.333333, 0.333333, 0.333333, 0.333333, 0.333333,
0.111111, 0.111111, 0.111111, 0.111111, 0.111111, 0.111111, 0.111111, 0.111111, 0.111111, 0.111111,
0.111111, 0.111111, 0.111111, 0.111111, 0.111111, 0.037037, 0.037037, 0.037037, 0.037037, 0.037037,
0.037037, 0.037037, 0.037037, 0.037037, 0.037037, 0.037037, 0.037037, 0.037037, 0.037037, 0.037037,
0.0123457, 0.0123457, 0.0123457, 0.0123457, 0.0123457, 0.0123457, 0.0123457, 0.0123457, 0.0123457, 0.0123457,
0.0123457, 0.0123457, 0.0123457, 0.0123457, 0.0123457, 0.00411523, 0.00411523, 0.00411523, 0.00411523, 0.00411523,
0.00411523, 0.00411523, 0.00411523, 0.00411523, 0.00411523, 0.00411523, 0.00411523, 0.00411523, 0.00411523, 0.00411523]
[2, 5, 10, 7, 16, 12, 11, 3, 18, 11,
0, 2, 5, 12, 6, 16, 18, 10, 3, 7,
3, 7, 1, 10, 11, 3, 4, 12, 12, 9,
17, 4, 0, 0, 9, 0, 8, 1, 15, 7,
11, 13, 16, 3, 5, 6, 16, 13, 0, 0,
18, 16, 5, 14, 10, 18, 9, 13, 15, 10,
10, 2, 1, 18, 7, 8, 13, 11, 0, 13,
2, 5, 3, 9, 15, 18, 13, 9, 14, 13]
------------------------------------------------------- 
# stage = 6	# children c = 3	length of each stage p = 5	nodes = 79	# items I = 1
