[73, 17, 1, 26, 33, 44, 0, 89, 65, 11,
9, 30, 48, 58, 41, 2, 65, 86, 79, 84,
29, 73, 89, 89, 46, 11, 52, 78, 86, 55,
86, 24]
[[186, 494, 590], [594, 507, 823], [1024, 238, 966], [1015, 1013, 982], [930, 354, 1094], [605, 989, 1007], [1038, 512, 613], [993, 163, 163], [43, 909, 721], [697, 448, 1010],
[115, 634, 337], [705, 60, 820], [360, 1060, 1058], [158, 931, 904], [1140, 693, 90], [1090, 131, 1079], [930, 25, 448], [399, 994, 611], [539, 1038, 377], [116, 567, 801],
[1102, 682, 267], [271, 219, 328], [1092, 579, 220], [1006, 738, 8], [766, 710, 677], [833, 633, 808], [768, 419, 810], [48, 794, 660], [636, 189, 530], [989, 281, 1098],
[646, 216, 612], [889, 463, 832]]
[[4, 10, 1, 8], [5, 2, 2, 1], [5, 10, 0, 1], [8, 1, 4, 3], [8, 5, 0, 7], [4, 7, 1, 2], [8, 4, 6, 6], [3, 2, 6, 6], [10, 7, 1, 2], [7, 4, 3, 2],
[1, 1, 1, 8], [2, 5, 0, 9], [8, 0, 5, 2], [6, 7, 4, 3], [9, 8, 7, 1], [10, 2, 5, 7], [7, 7, 9, 4], [0, 1, 6, 10], [2, 5, 7, 3], [0, 8, 1, 8],
[6, 4, 8, 1], [9, 0, 2, 7], [8, 8, 7, 6], [10, 1, 2, 5], [6, 1, 9, 4], [0, 2, 4, 1], [7, 0, 4, 5], [6, 3, 1, 2], [7, 9, 1, 4], [9, 4, 0, 5],
[1, 7, 9, 9], [7, 0, 3, 2]]
[1, 1, 0.333333, 0.333333, 0.333333, 0.333333, 0.333333, 0.333333, 0.111111, 0.111111,
0.111111, 0.111111, 0.111111, 0.111111, 0.037037, 0.037037, 0.037037, 0.037037, 0.037037, 0.037037,
0.0123457, 0.0123457, 0.0123457, 0.0123457, 0.0123457, 0.0123457, 0.00411523, 0.00411523, 0.00411523, 0.00411523,
0.00411523, 0.00411523]
[11, 6, 9, 4, 3, 9, 10, 6, 6, 10,
1, 5, 1, 3, 5, 0, 7, 6, 0, 0,
4, 8, 5, 1, 8, 0, 7, 8, 3, 3,
11, 8]
------------------------------------------------------- 
# stage = 6	# children c = 3	length of each stage p = 2	nodes = 31	# items I = 1
