[35, 5, 95, 6, 68, 46, 97, 63, 1, 87,
1, 0, 92, 34, 19, 91, 55, 23, 70, 64,
3, 8, 69, 6, 55, 6, 88, 62, 62, 46,
55, 63, 52, 15, 69, 86, 61, 32, 48, 63,
18, 15, 29, 9, 16, 48]
[[976, 1039, 1503], [786, 630, 996], [57, 553, 181], [1655, 604, 845], [146, 763, 893], [354, 1668, 380], [369, 393, 1236], [1390, 531, 1397], [1498, 179, 1206], [1748, 1345, 1539],
[960, 267, 760], [409, 817, 1390], [1405, 874, 125], [1351, 476, 493], [378, 622, 1021], [1036, 740, 871], [1416, 874, 1028], [834, 446, 1323], [413, 126, 1502], [1619, 1639, 794],
[1341, 545, 1061], [47, 954, 1643], [1438, 306, 699], [1327, 1657, 939], [1585, 1799, 1326], [788, 1017, 248], [1423, 615, 1122], [633, 1213, 1332], [1720, 1627, 1223], [1405, 1192, 808],
[381, 715, 1117], [1206, 527, 253], [1031, 147, 323], [1495, 1238, 162], [616, 769, 144], [124, 1557, 925], [137, 1162, 1541], [1259, 1559, 936], [538, 1462, 509], [1761, 813, 1702],
[515, 958, 363], [1632, 110, 890], [1649, 1142, 801], [155, 583, 222], [317, 963, 991], [225, 852, 495]]
[[7, 3, 7, 0], [6, 4, 5, 1], [3, 4, 2, 2], [4, 1, 7, 4], [3, 5, 10, 0], [7, 8, 4, 10], [0, 10, 10, 6], [10, 10, 7, 5], [0, 1, 3, 7], [6, 7, 8, 7],
[0, 8, 7, 5], [9, 1, 7, 1], [7, 6, 2, 3], [1, 4, 1, 1], [3, 9, 6, 1], [8, 2, 6, 8], [1, 7, 4, 5], [3, 0, 1, 4], [8, 6, 7, 7], [8, 3, 6, 2],
[7, 6, 3, 7], [0, 2, 8, 1], [0, 1, 2, 8], [1, 6, 4, 3], [3, 8, 8, 6], [6, 8, 8, 4], [3, 2, 0, 9], [5, 4, 9, 0], [0, 0, 7, 9], [2, 2, 10, 1],
[4, 2, 7, 5], [8, 0, 8, 9], [7, 6, 5, 2], [3, 0, 6, 4], [3, 4, 1, 6], [9, 10, 4, 7], [10, 0, 5, 0], [1, 4, 1, 5], [6, 8, 8, 2], [9, 6, 0, 5],
[10, 3, 7, 0], [2, 1, 2, 5], [5, 3, 0, 1], [3, 3, 8, 0], [3, 0, 0, 2], [5, 1, 7, 9]]
[1, 1, 0.5, 0.5, 0.5, 0.5, 0.25, 0.25, 0.25, 0.25,
0.125, 0.125, 0.125, 0.125, 0.0625, 0.0625, 0.0625, 0.0625, 0.03125, 0.03125,
0.03125, 0.03125, 0.015625, 0.015625, 0.015625, 0.015625, 0.0078125, 0.0078125, 0.0078125, 0.0078125,
0.00390625, 0.00390625, 0.00390625, 0.00390625, 0.00195312, 0.00195312, 0.00195312, 0.00195312, 0.000976562, 0.000976562,
0.000976562, 0.000976562, 0.000488281, 0.000488281, 0.000488281, 0.000488281]
[3, 7, 14, 2, 7, 16, 18, 0, 14, 5,
14, 17, 17, 6, 10, 11, 17, 16, 5, 9,
9, 5, 2, 13, 17, 15, 13, 11, 4, 13,
9, 2, 14, 17, 15, 7, 11, 12, 15, 5,
3, 1, 7, 3, 7, 0]
------------------------------------------------------- 
# stage = 12	# children c = 2	length of each stage p = 2	nodes = 45	# items I = 1
