[37, 100, 86, 45, 65, 45, 1, 22, 59, 1,
25, 69, 98, 67, 10, 40, 61, 96, 73, 27,
38, 70, 95, 19, 32, 93, 33, 77, 11, 48,
9, 48, 14, 96, 60, 79, 40, 61, 1, 99,
29, 93, 34, 93, 25, 10, 99, 87, 72, 38,
13, 76, 7, 74, 95, 6, 66, 95, 83, 78,
8, 92, 92, 22, 53, 17, 1, 93, 45, 69,
58, 74, 61, 58, 32, 53, 34, 31, 5, 6,
69, 85, 48, 76, 59, 43, 82, 24, 3, 30,
1, 11, 22, 60, 0, 75, 77, 1, 34, 21,
36, 58, 61, 63, 15, 94, 15, 15, 91, 87]
[[1420, 1239, 927], [1852, 1855, 1912], [884, 1542, 1432], [129, 586, 1333], [1183, 1585, 1350], [1539, 17, 299], [1188, 127, 1033], [956, 1486, 1426], [887, 998, 159], [1173, 411, 1002],
[1554, 955, 1365], [1605, 844, 1257], [677, 852, 835], [145, 981, 545], [1479, 200, 1254], [1953, 864, 1271], [1376, 88, 523], [1533, 168, 1133], [996, 1055, 167], [279, 1353, 1666],
[405, 943, 658], [1770, 584, 626], [187, 1261, 1478], [1022, 1407, 495], [1567, 46, 1783], [1945, 1123, 683], [1253, 535, 1859], [900, 104, 63], [69, 224, 243], [1324, 1591, 1596],
[1027, 32, 575], [809, 927, 283], [1435, 1114, 1544], [73, 1261, 111], [1656, 1952, 1245], [1475, 1934, 404], [1283, 347, 63], [1178, 1247, 168], [1242, 440, 1480], [609, 1764, 1108],
[241, 1915, 264], [1904, 760, 315], [223, 1319, 1430], [891, 1392, 727], [127, 1084, 715], [1372, 1684, 1773], [901, 1003, 156], [964, 217, 527], [1132, 583, 967], [1737, 1192, 1856],
[5, 1433, 1807], [269, 497, 1692], [585, 720, 1047], [1139, 736, 476], [990, 863, 684], [829, 271, 404], [639, 1172, 1407], [1883, 173, 749], [447, 429, 1332], [1414, 1290, 1649],
[1306, 1295, 242], [274, 1565, 740], [2, 1274, 1460], [1049, 1537, 1320], [649, 563, 219], [1334, 1392, 491], [1738, 1155, 787], [306, 1075, 84], [1055, 1522, 1602], [1511, 96, 928],
[1196, 527, 260], [563, 801, 949], [1303, 803, 259], [1887, 976, 920], [1244, 1626, 1483], [1463, 996, 35], [1078, 1858, 315], [1866, 200, 1390], [1074, 379, 72], [712, 1891, 168],
[1641, 247, 695], [1901, 810, 620], [886, 1237, 1423], [269, 1161, 436], [313, 1529, 1186], [920, 152, 218], [955, 1231, 1200], [394, 257, 1401], [1784, 1331, 904], [1856, 1168, 831],
[1149, 845, 203], [968, 1870, 137], [1589, 1880, 1375], [172, 185, 1660], [1696, 498, 1225], [918, 1418, 1377], [260, 1497, 1732], [1461, 1892, 1113], [22, 836, 1569], [926, 1817, 773],
[882, 1002, 742], [1085, 6, 648], [1222, 719, 564], [1721, 892, 1837], [1417, 1712, 1459], [678, 1755, 37], [1180, 51, 658], [72, 636, 1674], [1186, 658, 547], [791, 1585, 400]]
[[7, 7, 9, 7], [0, 2, 6, 6], [4, 6, 8, 9], [2, 7, 10, 8], [2, 2, 5, 7], [5, 2, 8, 2], [6, 5, 0, 1], [5, 7, 8, 0], [3, 4, 7, 2], [6, 2, 6, 8],
[8, 3, 6, 8], [9, 5, 6, 0], [6, 9, 5, 9], [10, 0, 0, 5], [5, 1, 6, 8], [6, 1, 8, 8], [5, 4, 8, 9], [6, 1, 5, 1], [2, 0, 8, 0], [4, 3, 9, 10],
[10, 3, 6, 9], [3, 6, 3, 6], [5, 8, 4, 1], [9, 10, 7, 2], [2, 4, 9, 6], [3, 3, 8, 5], [2, 3, 4, 6], [4, 2, 3, 3], [4, 9, 2, 5], [4, 5, 1, 10],
[2, 3, 9, 10], [2, 3, 10, 2], [5, 6, 9, 8], [10, 4, 2, 10], [7, 4, 5, 0], [7, 6, 3, 9], [4, 5, 3, 6], [9, 4, 3, 9], [5, 10, 8, 6], [2, 5, 8, 7],
[1, 6, 4, 9], [10, 5, 8, 6], [9, 0, 6, 3], [6, 8, 1, 8], [2, 5, 1, 9], [7, 5, 8, 0], [4, 3, 6, 5], [9, 3, 1, 10], [10, 4, 8, 7], [7, 3, 3, 3],
[3, 7, 7, 9], [4, 6, 4, 5], [9, 5, 3, 4], [8, 9, 4, 2], [2, 10, 7, 0], [0, 6, 8, 8], [8, 3, 5, 4], [6, 6, 8, 9], [2, 2, 5, 5], [6, 9, 10, 3],
[1, 0, 7, 10], [10, 9, 10, 1], [6, 4, 10, 6], [10, 7, 4, 8], [10, 9, 10, 3], [4, 7, 1, 4], [7, 6, 9, 1], [2, 6, 4, 3], [7, 0, 0, 6], [7, 10, 5, 2],
[3, 4, 8, 1], [9, 1, 7, 6], [8, 6, 9, 10], [1, 8, 4, 8], [1, 2, 9, 3], [9, 2, 4, 3], [0, 3, 9, 5], [2, 1, 7, 4], [3, 3, 5, 1], [4, 1, 5, 0],
[5, 1, 10, 6], [9, 3, 4, 10], [4, 0, 0, 0], [1, 2, 3, 10], [5, 10, 5, 6], [0, 10, 10, 3], [2, 2, 2, 5], [1, 7, 5, 6], [6, 4, 2, 4], [6, 4, 1, 10],
[2, 1, 10, 1], [1, 0, 1, 7], [10, 4, 0, 10], [1, 10, 0, 4], [10, 2, 9, 9], [7, 1, 4, 2], [3, 4, 4, 9], [6, 5, 8, 7], [4, 5, 8, 5], [5, 7, 1, 4],
[9, 10, 1, 0], [9, 10, 4, 6], [1, 0, 4, 6], [1, 7, 6, 4], [0, 10, 1, 5], [4, 7, 10, 8], [2, 7, 1, 5], [2, 0, 8, 0], [0, 7, 0, 7], [7, 2, 3, 6]]
[1, 1, 1, 1, 1, 0.333333, 0.333333, 0.333333, 0.333333, 0.333333,
0.333333, 0.333333, 0.333333, 0.333333, 0.333333, 0.333333, 0.333333, 0.333333, 0.333333, 0.333333,
0.111111, 0.111111, 0.111111, 0.111111, 0.111111, 0.111111, 0.111111, 0.111111, 0.111111, 0.111111,
0.111111, 0.111111, 0.111111, 0.111111, 0.111111, 0.037037, 0.037037, 0.037037, 0.037037, 0.037037,
0.037037, 0.037037, 0.037037, 0.037037, 0.037037, 0.037037, 0.037037, 0.037037, 0.037037, 0.037037,
0.0123457, 0.0123457, 0.0123457, 0.0123457, 0.0123457, 0.0123457, 0.0123457, 0.0123457, 0.0123457, 0.0123457,
0.0123457, 0.0123457, 0.0123457, 0.0123457, 0.0123457, 0.00411523, 0.00411523, 0.00411523, 0.00411523, 0.00411523,
0.00411523, 0.00411523, 0.00411523, 0.00411523, 0.00411523, 0.00411523, 0.00411523, 0.00411523, 0.00411523, 0.00411523,
0.00137174, 0.00137174, 0.00137174, 0.00137174, 0.00137174, 0.00137174, 0.00137174, 0.00137174, 0.00137174, 0.00137174,
0.00137174, 0.00137174, 0.00137174, 0.00137174, 0.00137174, 0.000457247, 0.000457247, 0.000457247, 0.000457247, 0.000457247,
0.000457247, 0.000457247, 0.000457247, 0.000457247, 0.000457247, 0.000457247, 0.000457247, 0.000457247, 0.000457247, 0.000457247]
[15, 10, 4, 18, 2, 16, 17, 10, 7, 8,
13, 15, 2, 15, 15, 13, 1, 6, 9, 1,
0, 14, 6, 10, 7, 8, 6, 13, 6, 14,
19, 15, 3, 17, 17, 4, 0, 0, 7, 4,
0, 16, 0, 7, 9, 11, 2, 0, 19, 10,
0, 19, 6, 3, 1, 0, 4, 11, 9, 3,
13, 18, 1, 4, 12, 1, 10, 9, 11, 13,
12, 17, 10, 13, 0, 10, 10, 4, 3, 8,
3, 0, 2, 13, 14, 2, 13, 7, 0, 15,
8, 17, 11, 14, 10, 2, 4, 11, 3, 15,
15, 9, 9, 4, 9, 10, 1, 8, 9, 19]
------------------------------------------------------- 
# stage = 8	# children c = 3	length of each stage p = 5	nodes = 109	# items I = 1
