[89, 23, 62, 27, 46, 10, 24, 2, 85, 84,
80, 59, 95, 100, 39, 80, 14, 86, 11, 71,
51, 94, 96, 52, 23, 67, 42, 45, 70, 13,
81, 24]
[[665, 94, 141], [446, 205, 359], [653, 608, 617], [37, 34, 260], [344, 24, 651], [473, 28, 313], [760, 442, 681], [300, 246, 122], [158, 596, 270], [518, 694, 535],
[544, 446, 715], [772, 892, 7], [218, 718, 616], [835, 756, 736], [183, 273, 760], [7, 833, 874], [321, 680, 404], [175, 153, 650], [297, 311, 419], [653, 3, 201],
[361, 633, 647], [164, 492, 713], [171, 796, 604], [873, 719, 533], [696, 75, 893], [630, 82, 813], [591, 489, 666], [168, 750, 819], [818, 134, 304], [325, 874, 393],
[612, 322, 113], [346, 486, 692]]
[[4, 2, 9, 2], [0, 4, 0, 3], [3, 8, 0, 7], [0, 2, 3, 6], [8, 0, 5, 0], [8, 3, 7, 8], [1, 5, 6, 10], [2, 4, 4, 5], [6, 2, 5, 7], [6, 5, 8, 7],
[1, 9, 3, 1], [9, 5, 5, 5], [3, 10, 5, 0], [1, 1, 6, 2], [4, 10, 0, 5], [3, 4, 10, 7], [6, 2, 1, 0], [6, 10, 7, 7], [8, 9, 8, 4], [1, 2, 9, 4],
[0, 2, 2, 1], [1, 6, 1, 6], [5, 10, 0, 8], [3, 8, 4, 8], [8, 4, 6, 3], [3, 0, 10, 9], [9, 5, 2, 10], [6, 10, 1, 6], [10, 3, 5, 0], [9, 4, 4, 3],
[4, 2, 9, 5], [8, 1, 0, 6]]
[1, 1, 0.333333, 0.333333, 0.333333, 0.333333, 0.333333, 0.333333, 0.111111, 0.111111,
0.111111, 0.111111, 0.111111, 0.111111, 0.037037, 0.037037, 0.037037, 0.037037, 0.037037, 0.037037,
0.0123457, 0.0123457, 0.0123457, 0.0123457, 0.0123457, 0.0123457, 0.00411523, 0.00411523, 0.00411523, 0.00411523,
0.00411523, 0.00411523]
[6, 8, 9, 8, 4, 1, 8, 1, 9, 8,
6, 7, 2, 7, 4, 6, 2, 0, 3, 3,
7, 9, 1, 4, 7, 0, 5, 8, 3, 0,
5, 2]
------------------------------------------------------- 
# stage = 6	# children c = 3	length of each stage p = 2	nodes = 31	# items I = 1
