[44, 63, 25, 44, 56, 20, 12, 97, 0, 77,
1, 31, 9, 19, 89, 70, 33, 5, 76, 19,
38, 98, 68, 70, 24, 39, 23, 88, 69, 20,
62, 80, 84, 54, 23, 5, 74, 35, 69, 40,
79, 70, 71, 54, 55, 26, 90, 88, 31, 65,
74, 69, 62, 7, 5, 52, 12, 95, 39, 48,
14, 1, 27, 64, 55, 16, 36, 28, 52, 4,
68, 97]
[[876, 558, 299], [1952, 833, 22], [24, 98, 1858], [1136, 1376, 818], [731, 1509, 1034], [2016, 1219, 342], [665, 481, 992], [6, 358, 798], [1816, 1323, 1555], [1043, 1446, 903],
[1641, 283, 1461], [1940, 1544, 255], [1963, 1568, 1701], [1090, 2013, 1038], [1908, 705, 1856], [212, 2029, 1036], [554, 2003, 1517], [855, 2009, 1876], [961, 1786, 468], [1824, 99, 1223],
[688, 1740, 1506], [1457, 949, 1011], [1713, 181, 1888], [683, 1272, 1862], [1721, 449, 1875], [1538, 661, 1173], [1883, 524, 1137], [669, 687, 1107], [1853, 956, 163], [1630, 742, 262],
[814, 1430, 1310], [1628, 157, 1567], [601, 1870, 1057], [1797, 1861, 290], [928, 1543, 47], [72, 351, 17], [1245, 1542, 1888], [1691, 172, 536], [67, 2026, 800], [230, 1617, 1542],
[1839, 1739, 242], [1110, 1328, 399], [1986, 1929, 1577], [1004, 995, 1399], [602, 1231, 211], [649, 1303, 1909], [666, 1857, 1412], [1862, 817, 893], [359, 884, 880], [1160, 1115, 1805],
[2010, 915, 1505], [213, 1334, 794], [612, 589, 2032], [1497, 1593, 296], [857, 156, 1528], [377, 113, 100], [247, 88, 1265], [968, 1950, 43], [1861, 1618, 928], [702, 47, 4],
[1815, 18, 227], [589, 1579, 869], [691, 1499, 766], [684, 958, 1667], [981, 1123, 1823], [1817, 1500, 1245], [1917, 1056, 1333], [1144, 2024, 552], [1187, 1846, 131], [76, 1856, 1525],
[1427, 940, 1544], [963, 1529, 392]]
[[2, 8, 4, 4], [0, 1, 4, 2], [4, 7, 9, 3], [9, 3, 4, 9], [9, 7, 5, 2], [8, 5, 10, 5], [5, 5, 6, 4], [0, 0, 0, 2], [6, 2, 4, 6], [3, 8, 7, 7],
[3, 5, 8, 1], [8, 2, 10, 4], [7, 2, 6, 2], [7, 5, 7, 2], [8, 0, 6, 8], [9, 5, 10, 5], [7, 3, 9, 9], [10, 5, 5, 2], [8, 1, 1, 3], [3, 1, 7, 8],
[1, 1, 10, 9], [6, 4, 9, 4], [4, 2, 10, 2], [7, 10, 5, 2], [0, 4, 0, 10], [7, 3, 10, 3], [4, 1, 6, 5], [0, 1, 0, 1], [2, 10, 10, 8], [1, 6, 10, 3],
[9, 10, 6, 5], [7, 9, 5, 5], [0, 5, 3, 8], [7, 2, 9, 9], [1, 4, 4, 1], [3, 2, 3, 5], [0, 0, 1, 1], [7, 9, 5, 5], [6, 9, 8, 2], [7, 3, 6, 8],
[6, 9, 3, 2], [9, 1, 10, 0], [3, 3, 1, 7], [3, 4, 10, 3], [3, 0, 5, 10], [10, 8, 2, 5], [6, 10, 6, 0], [0, 10, 6, 7], [8, 9, 7, 4], [8, 6, 4, 10],
[7, 4, 4, 0], [6, 3, 1, 9], [2, 4, 6, 10], [1, 8, 4, 5], [6, 8, 6, 6], [7, 1, 0, 2], [9, 6, 7, 4], [1, 9, 1, 7], [2, 5, 5, 9], [7, 6, 5, 7],
[0, 1, 6, 10], [9, 8, 5, 4], [6, 0, 9, 0], [10, 7, 3, 6], [2, 8, 0, 2], [4, 1, 9, 7], [5, 1, 3, 1], [7, 8, 6, 5], [9, 1, 5, 6], [9, 8, 8, 2],
[6, 4, 3, 5], [1, 4, 1, 3]]
[1, 1, 0.2, 0.2, 0.2, 0.2, 0.2, 0.2, 0.2, 0.2,
0.2, 0.2, 0.04, 0.04, 0.04, 0.04, 0.04, 0.04, 0.04, 0.04,
0.04, 0.04, 0.008, 0.008, 0.008, 0.008, 0.008, 0.008, 0.008, 0.008,
0.008, 0.008, 0.0016, 0.0016, 0.0016, 0.0016, 0.0016, 0.0016, 0.0016, 0.0016,
0.0016, 0.0016, 0.00032, 0.00032, 0.00032, 0.00032, 0.00032, 0.00032, 0.00032, 0.00032,
0.00032, 0.00032, 6.4e-05, 6.4e-05, 6.4e-05, 6.4e-05, 6.4e-05, 6.4e-05, 6.4e-05, 6.4e-05,
6.4e-05, 6.4e-05, 1.28e-05, 1.28e-05, 1.28e-05, 1.28e-05, 1.28e-05, 1.28e-05, 1.28e-05, 1.28e-05,
1.28e-05, 1.28e-05]
[3, 2, 19, 9, 14, 11, 20, 3, 17, 16,
6, 5, 18, 20, 13, 15, 13, 8, 10, 17,
17, 0, 6, 1, 12, 6, 3, 8, 7, 14,
20, 13, 1, 0, 15, 12, 3, 2, 11, 8,
20, 19, 4, 1, 12, 7, 0, 0, 20, 11,
18, 2, 11, 6, 8, 2, 6, 7, 3, 18,
20, 3, 2, 20, 2, 14, 10, 19, 19, 0,
16, 9]
------------------------------------------------------- 
# stage = 8	# children c = 5	length of each stage p = 2	nodes = 71	# items I = 1
