[74, 97, 61, 47, 77, 58, 29, 17, 25, 95,
62, 73, 69, 55, 34, 36, 22, 2, 75, 46,
27, 41, 16, 24, 42, 36, 36, 83, 4, 31,
48, 44, 27, 8, 57, 3, 32, 86, 87, 57,
80, 14, 29, 15, 70, 29, 17, 92, 98, 93,
4, 24, 33, 20, 48, 42, 22, 50, 24, 93,
81, 38, 2, 7, 46, 60, 77, 78, 45, 64,
0, 92, 78, 29, 73, 13, 24, 90, 5, 22]
[[949, 336, 723], [685, 820, 795], [741, 844, 682], [864, 625, 218], [553, 984, 894], [379, 293, 864], [37, 668, 812], [741, 595, 709], [383, 752, 974], [957, 854, 805],
[484, 805, 919], [210, 270, 519], [7, 13, 366], [467, 655, 991], [685, 986, 755], [360, 146, 50], [226, 183, 718], [816, 924, 93], [527, 87, 845], [504, 47, 701],
[89, 309, 286], [786, 519, 557], [308, 305, 348], [674, 550, 6], [667, 16, 770], [424, 376, 916], [252, 380, 101], [748, 199, 803], [841, 504, 669], [467, 786, 716],
[946, 653, 803], [235, 442, 103], [570, 750, 408], [918, 426, 736], [702, 871, 752], [475, 75, 130], [393, 327, 289], [273, 853, 266], [854, 474, 770], [525, 941, 337],
[21, 890, 990], [825, 903, 434], [928, 475, 186], [116, 395, 390], [852, 100, 263], [385, 353, 338], [293, 524, 443], [582, 797, 298], [626, 432, 773], [399, 957, 494],
[736, 757, 386], [506, 584, 291], [941, 292, 544], [905, 186, 940], [298, 816, 818], [561, 203, 949], [678, 497, 475], [123, 857, 53], [422, 486, 485], [973, 663, 222],
[469, 401, 979], [634, 907, 343], [703, 628, 413], [250, 536, 599], [968, 834, 418], [566, 175, 621], [517, 853, 896], [992, 977, 756], [823, 179, 244], [310, 154, 907],
[533, 401, 88], [292, 37, 773], [636, 741, 404], [51, 991, 940], [429, 739, 554], [847, 307, 729], [248, 824, 585], [147, 596, 342], [903, 422, 521], [149, 510, 453]]
[[9, 7, 4, 1], [5, 5, 3, 3], [0, 2, 4, 9], [8, 1, 0, 7], [5, 5, 9, 1], [9, 2, 4, 2], [10, 1, 4, 2], [2, 0, 7, 1], [7, 10, 0, 10], [4, 3, 2, 2],
[3, 4, 0, 9], [5, 10, 5, 0], [2, 1, 10, 0], [3, 1, 2, 2], [2, 4, 2, 2], [4, 10, 1, 0], [7, 1, 10, 9], [2, 10, 0, 5], [3, 10, 1, 7], [7, 6, 5, 9],
[5, 2, 7, 8], [3, 7, 8, 3], [1, 9, 5, 5], [6, 7, 4, 2], [6, 1, 0, 9], [1, 9, 1, 2], [6, 3, 9, 2], [7, 1, 9, 2], [3, 5, 8, 4], [0, 6, 7, 10],
[2, 0, 4, 8], [7, 6, 8, 2], [8, 6, 9, 9], [4, 0, 0, 0], [1, 8, 0, 8], [7, 10, 10, 0], [2, 6, 2, 2], [10, 10, 10, 1], [10, 2, 7, 4], [8, 2, 4, 5],
[8, 3, 1, 10], [1, 0, 10, 0], [6, 9, 8, 2], [8, 6, 2, 10], [1, 5, 0, 0], [2, 10, 10, 10], [1, 6, 3, 8], [6, 5, 2, 3], [6, 4, 2, 7], [2, 0, 7, 8],
[9, 3, 10, 4], [7, 0, 1, 8], [5, 10, 6, 5], [8, 3, 4, 7], [7, 5, 4, 2], [10, 7, 5, 4], [9, 5, 0, 0], [3, 6, 6, 10], [7, 5, 1, 3], [5, 3, 9, 8],
[2, 2, 2, 10], [5, 4, 7, 1], [7, 9, 3, 5], [5, 6, 9, 1], [9, 7, 10, 0], [0, 5, 10, 7], [9, 1, 8, 3], [2, 6, 1, 4], [8, 1, 2, 2], [6, 7, 1, 0],
[5, 2, 5, 9], [8, 3, 10, 5], [0, 8, 5, 9], [2, 2, 6, 0], [1, 3, 2, 3], [8, 3, 6, 5], [2, 8, 6, 6], [4, 7, 7, 7], [8, 1, 5, 3], [3, 3, 8, 1]]
[1, 1, 1, 1, 1, 0.333333, 0.333333, 0.333333, 0.333333, 0.333333,
0.333333, 0.333333, 0.333333, 0.333333, 0.333333, 0.333333, 0.333333, 0.333333, 0.333333, 0.333333,
0.111111, 0.111111, 0.111111, 0.111111, 0.111111, 0.111111, 0.111111, 0.111111, 0.111111, 0.111111,
0.111111, 0.111111, 0.111111, 0.111111, 0.111111, 0.037037, 0.037037, 0.037037, 0.037037, 0.037037,
0.037037, 0.037037, 0.037037, 0.037037, 0.037037, 0.037037, 0.037037, 0.037037, 0.037037, 0.037037,
0.0123457, 0.0123457, 0.0123457, 0.0123457, 0.0123457, 0.0123457, 0.0123457, 0.0123457, 0.0123457, 0.0123457,
0.0123457, 0.0123457, 0.0123457, 0.0123457, 0.0123457, 0.00411523, 0.00411523, 0.00411523, 0.00411523, 0.00411523,
0.00411523, 0.00411523, 0.00411523, 0.00411523, 0.00411523, 0.00411523, 0.00411523, 0.00411523, 0.00411523, 0.00411523]
[7, 4, 8, 4, 3, 0, 2, 1, 2, 6,
4, 8, 0, 9, 9, 7, 4, 4, 8, 3,
8, 7, 2, 0, 8, 4, 1, 0, 3, 2,
5, 1, 2, 6, 6, 4, 5, 6, 7, 6,
4, 1, 5, 0, 4, 3, 3, 2, 0, 0,
0, 2, 2, 4, 7, 6, 3, 1, 0, 9,
8, 5, 7, 3, 0, 7, 1, 7, 8, 5,
6, 0, 1, 0, 7, 8, 2, 2, 6, 3]
------------------------------------------------------- 
# stage = 6	# children c = 3	length of each stage p = 5	nodes = 79	# items I = 1
