[99, 51, 68, 7, 56, 92, 8, 13, 76, 3,
96, 17, 44, 55, 19, 98, 3, 25, 28, 50,
49, 82, 18, 44, 72, 76, 6, 76, 61, 77,
37, 25, 94, 4, 33, 15, 63, 7, 29, 38,
10, 24, 55, 21, 79, 40]
[[633, 737, 399], [631, 569, 964], [70, 715, 26], [679, 66, 316], [583, 170, 28], [387, 791, 1], [719, 186, 913], [335, 537, 636], [358, 86, 319], [167, 389, 656],
[814, 309, 680], [160, 941, 537], [71, 298, 199], [438, 264, 606], [41, 847, 776], [70, 522, 855], [411, 188, 328], [611, 863, 153], [194, 168, 239], [513, 675, 968],
[457, 436, 225], [84, 596, 453], [621, 1008, 38], [108, 393, 643], [714, 434, 777], [777, 504, 246], [579, 202, 774], [908, 813, 924], [348, 1007, 379], [587, 808, 2],
[843, 212, 438], [355, 636, 322], [95, 205, 617], [133, 653, 1010], [63, 314, 731], [841, 38, 183], [374, 958, 385], [96, 100, 486], [307, 448, 440], [687, 322, 195],
[689, 452, 747], [414, 807, 331], [23, 902, 876], [640, 323, 476], [937, 386, 77], [616, 174, 455]]
[[0, 1, 3, 10], [3, 7, 10, 1], [2, 1, 0, 5], [9, 6, 7, 8], [3, 4, 3, 6], [5, 9, 9, 3], [1, 8, 9, 3], [7, 8, 8, 7], [7, 9, 4, 10], [3, 3, 9, 3],
[5, 7, 9, 1], [0, 3, 8, 3], [8, 9, 9, 0], [7, 8, 3, 6], [3, 10, 9, 10], [7, 5, 4, 3], [3, 8, 0, 5], [10, 7, 8, 4], [1, 6, 3, 2], [10, 9, 5, 5],
[7, 4, 3, 1], [10, 6, 8, 2], [3, 6, 10, 0], [9, 3, 1, 2], [9, 0, 5, 8], [5, 2, 1, 7], [9, 3, 9, 6], [1, 1, 0, 9], [3, 3, 10, 0], [7, 5, 0, 10],
[1, 10, 8, 8], [0, 8, 8, 10], [8, 2, 7, 2], [5, 7, 7, 3], [10, 3, 9, 9], [5, 7, 5, 6], [10, 5, 7, 6], [10, 7, 3, 9], [5, 1, 5, 3], [9, 2, 2, 4],
[5, 8, 6, 10], [2, 1, 0, 10], [4, 7, 8, 7], [3, 3, 3, 0], [6, 8, 6, 3], [2, 7, 0, 7]]
[1, 1, 0.5, 0.5, 0.5, 0.5, 0.25, 0.25, 0.25, 0.25,
0.125, 0.125, 0.125, 0.125, 0.0625, 0.0625, 0.0625, 0.0625, 0.03125, 0.03125,
0.03125, 0.03125, 0.015625, 0.015625, 0.015625, 0.015625, 0.0078125, 0.0078125, 0.0078125, 0.0078125,
0.00390625, 0.00390625, 0.00390625, 0.00390625, 0.00195312, 0.00195312, 0.00195312, 0.00195312, 0.000976562, 0.000976562,
0.000976562, 0.000976562, 0.000488281, 0.000488281, 0.000488281, 0.000488281]
[11, 20, 12, 16, 17, 19, 18, 10, 8, 12,
2, 10, 2, 8, 3, 4, 15, 7, 5, 6,
2, 17, 16, 21, 5, 16, 10, 4, 21, 8,
19, 15, 12, 14, 1, 16, 21, 20, 14, 14,
5, 2, 10, 4, 16, 11]
------------------------------------------------------- 
# stage = 12	# children c = 2	length of each stage p = 2	nodes = 45	# items I = 1
