[4, 8, 46, 89, 41, 42, 70, 76, 71, 92,
29, 64, 39, 80, 38, 84, 46, 49, 91, 87,
57, 36, 65]
[[168, 95, 897], [498, 309, 878], [130, 735, 583], [713, 230, 224], [364, 360, 128], [201, 673, 374], [98, 913, 742], [777, 311, 171], [569, 565, 775], [713, 168, 58],
[56, 336, 635], [521, 402, 31], [53, 100, 766], [204, 382, 564], [429, 746, 492], [557, 515, 251], [499, 613, 250], [327, 476, 129], [499, 132, 694], [360, 413, 430],
[901, 37, 766], [190, 126, 736], [221, 180, 837]]
[[1, 10, 3, 6], [9, 9, 0, 2], [10, 5, 4, 6], [8, 6, 9, 7], [8, 7, 3, 7], [2, 0, 2, 5], [0, 1, 0, 0], [8, 4, 2, 9], [4, 5, 2, 2], [3, 3, 2, 0],
[6, 4, 6, 4], [0, 3, 9, 8], [10, 1, 4, 10], [0, 4, 2, 0], [6, 3, 10, 3], [5, 10, 1, 9], [4, 1, 9, 5], [2, 10, 6, 9], [3, 10, 0, 3], [2, 9, 10, 10],
[8, 1, 8, 8], [6, 10, 7, 1], [0, 6, 4, 6]]
[1, 0.5, 0.5, 0.25, 0.25, 0.125, 0.125, 0.0625, 0.0625, 0.03125,
0.03125, 0.015625, 0.015625, 0.0078125, 0.0078125, 0.00390625, 0.00390625, 0.00195312, 0.00195312, 0.000976562,
0.000976562, 0.000488281, 0.000488281]
[5, 12, 8, 5, 12, 12, 4, 4, 3, 4,
7, 5, 8, 8, 6, 0, 5, 1, 17, 4,
9, 1, 8]
------------------------------------------------------- 
# stage = 12	# children c = 2	length of each stage p = 1	nodes = 22	# items I = 1
