[40, 22, 69, 100, 99, 58, 43, 61, 44, 42,
64, 37, 93, 53, 49, 75, 96, 3, 82, 94,
72, 29, 55, 96, 83, 25, 100, 85, 18, 21,
59, 59, 10, 27, 58, 8, 86, 0, 35, 96,
8, 99, 32, 67]
[[741, 1830, 560], [1222, 730, 932], [537, 1081, 324], [282, 148, 1801], [185, 1411, 544], [1378, 323, 1603], [434, 1461, 856], [434, 699, 711], [1253, 295, 742], [1024, 1322, 466],
[549, 218, 450], [1110, 974, 1180], [1576, 1511, 1795], [1434, 1328, 98], [924, 1513, 1043], [1468, 1045, 1366], [1226, 1014, 981], [1616, 1448, 1215], [481, 390, 1044], [757, 1414, 520],
[1223, 118, 272], [1674, 762, 1246], [1008, 26, 446], [958, 1461, 1774], [590, 539, 975], [1633, 1541, 174], [688, 455, 722], [1203, 225, 325], [106, 706, 715], [1150, 1464, 1663],
[1671, 841, 1315], [97, 203, 231], [878, 1212, 258], [1324, 1704, 1253], [1252, 1828, 1326], [381, 1615, 1021], [89, 1837, 1011], [812, 1195, 1236], [671, 835, 1477], [1386, 140, 1095],
[737, 1345, 1470], [1587, 976, 1674], [1818, 8, 574], [1610, 866, 1812]]
[[7, 0, 2, 9], [8, 10, 1, 7], [0, 3, 4, 7], [4, 10, 0, 1], [6, 9, 9, 7], [2, 4, 5, 2], [7, 5, 7, 1], [7, 10, 7, 1], [8, 9, 0, 5], [7, 1, 0, 7],
[4, 2, 4, 6], [1, 4, 7, 5], [0, 4, 10, 1], [8, 5, 3, 4], [8, 8, 4, 2], [6, 0, 4, 3], [7, 4, 9, 3], [5, 7, 9, 7], [9, 0, 0, 10], [2, 5, 5, 3],
[9, 4, 4, 5], [7, 5, 9, 4], [3, 2, 7, 9], [0, 0, 1, 8], [4, 8, 9, 7], [4, 7, 1, 0], [7, 1, 0, 8], [4, 3, 0, 1], [5, 2, 6, 2], [7, 2, 6, 8],
[5, 2, 6, 3], [2, 6, 0, 4], [1, 8, 0, 4], [2, 1, 4, 8], [0, 2, 5, 5], [3, 5, 6, 9], [5, 10, 0, 1], [1, 4, 8, 4], [5, 1, 8, 7], [7, 6, 10, 7],
[3, 10, 0, 6], [10, 2, 3, 10], [3, 8, 2, 6], [0, 6, 2, 5]]
[1, 1, 0.333333, 0.333333, 0.333333, 0.333333, 0.333333, 0.333333, 0.111111, 0.111111,
0.111111, 0.111111, 0.111111, 0.111111, 0.037037, 0.037037, 0.037037, 0.037037, 0.037037, 0.037037,
0.0123457, 0.0123457, 0.0123457, 0.0123457, 0.0123457, 0.0123457, 0.00411523, 0.00411523, 0.00411523, 0.00411523,
0.00411523, 0.00411523, 0.00137174, 0.00137174, 0.00137174, 0.00137174, 0.00137174, 0.00137174, 0.000457247, 0.000457247,
0.000457247, 0.000457247, 0.000457247, 0.000457247]
[9, 6, 6, 12, 7, 1, 1, 10, 14, 11,
1, 0, 2, 11, 8, 8, 14, 13, 15, 14,
13, 3, 8, 7, 13, 8, 8, 16, 2, 12,
16, 6, 13, 9, 0, 10, 11, 2, 1, 1,
5, 6, 11, 1]
------------------------------------------------------- 
# stage = 8	# children c = 3	length of each stage p = 2	nodes = 43	# items I = 1
