[66, 3, 54, 35, 37, 71, 69, 17, 81, 67,
73, 58, 23, 21, 59, 82, 47, 85, 76, 56,
1, 24, 55, 0, 70, 3, 74, 15, 50, 2,
11, 82, 72, 32, 17, 76, 2, 52, 93, 83,
18, 65, 40, 7, 52, 66, 55, 99, 50, 30,
20, 52, 55, 76, 18, 24, 79, 58, 39, 95,
61, 17, 77, 99, 49, 94, 74, 17]
[[454, 1773, 1453], [1264, 0, 464], [137, 1104, 1228], [953, 405, 1300], [347, 149, 188], [324, 1387, 1189], [759, 1320, 244], [1513, 1183, 1023], [106, 1502, 1010], [41, 1139, 1113],
[767, 1594, 637], [1748, 609, 638], [1741, 274, 1742], [720, 755, 1675], [243, 1102, 48], [1736, 1426, 963], [1148, 408, 34], [920, 1450, 745], [1471, 1556, 471], [705, 1597, 1610],
[41, 115, 955], [679, 1392, 1092], [845, 1356, 1366], [338, 299, 344], [237, 70, 974], [285, 29, 623], [1248, 705, 560], [810, 1153, 233], [1555, 848, 1317], [1554, 1553, 1137],
[1388, 1122, 780], [94, 1329, 395], [1187, 397, 1279], [776, 736, 1578], [649, 973, 1648], [1623, 786, 1205], [470, 1562, 1438], [558, 595, 815], [791, 1678, 1663], [331, 1456, 1439],
[996, 595, 312], [1304, 689, 1642], [1228, 1404, 1567], [730, 1709, 526], [532, 581, 1027], [1708, 427, 1341], [665, 425, 1126], [326, 983, 1249], [669, 1302, 1151], [555, 1161, 830],
[1522, 1685, 953], [58, 1213, 1170], [1228, 664, 798], [1018, 1394, 730], [1073, 1454, 1311], [1628, 914, 1266], [1193, 1579, 1692], [542, 1433, 426], [15, 326, 1729], [694, 881, 641],
[1052, 155, 550], [228, 1518, 1763], [1398, 969, 178], [1724, 210, 1572], [677, 811, 778], [1516, 663, 1692], [1006, 1384, 1494], [449, 149, 678]]
[[3, 4, 4, 5], [9, 3, 5, 1], [3, 4, 10, 0], [8, 7, 4, 7], [4, 5, 0, 7], [7, 0, 10, 0], [6, 10, 6, 6], [9, 1, 9, 10], [4, 0, 5, 0], [2, 8, 2, 3],
[1, 1, 3, 7], [8, 5, 1, 10], [10, 1, 6, 7], [0, 6, 7, 6], [3, 2, 2, 2], [2, 9, 10, 4], [10, 2, 4, 1], [10, 4, 2, 1], [6, 6, 6, 1], [0, 8, 1, 0],
[9, 7, 7, 7], [0, 1, 3, 4], [4, 3, 4, 4], [1, 1, 8, 9], [4, 10, 8, 3], [4, 0, 2, 8], [6, 9, 9, 4], [6, 8, 2, 2], [5, 9, 8, 3], [9, 0, 7, 2],
[1, 9, 4, 2], [0, 10, 10, 4], [7, 7, 5, 0], [7, 8, 6, 0], [4, 5, 5, 8], [0, 5, 8, 5], [4, 5, 9, 0], [3, 3, 0, 4], [0, 4, 5, 0], [3, 4, 2, 10],
[0, 7, 9, 6], [2, 2, 6, 4], [5, 9, 1, 6], [4, 10, 0, 6], [2, 7, 6, 6], [9, 6, 8, 7], [8, 2, 7, 9], [6, 7, 6, 5], [1, 4, 0, 4], [7, 4, 8, 1],
[1, 8, 5, 5], [5, 6, 9, 7], [0, 2, 0, 7], [6, 7, 3, 3], [9, 8, 1, 3], [4, 7, 6, 6], [10, 4, 8, 4], [8, 3, 3, 9], [0, 9, 1, 3], [2, 8, 9, 2],
[8, 7, 8, 3], [3, 0, 6, 2], [9, 5, 3, 0], [0, 9, 4, 10], [2, 1, 3, 8], [5, 4, 5, 3], [2, 4, 5, 4], [2, 3, 5, 10]]
[1, 1, 0.333333, 0.333333, 0.333333, 0.333333, 0.333333, 0.333333, 0.111111, 0.111111,
0.111111, 0.111111, 0.111111, 0.111111, 0.037037, 0.037037, 0.037037, 0.037037, 0.037037, 0.037037,
0.0123457, 0.0123457, 0.0123457, 0.0123457, 0.0123457, 0.0123457, 0.00411523, 0.00411523, 0.00411523, 0.00411523,
0.00411523, 0.00411523, 0.00137174, 0.00137174, 0.00137174, 0.00137174, 0.00137174, 0.00137174, 0.000457247, 0.000457247,
0.000457247, 0.000457247, 0.000457247, 0.000457247, 0.000152416, 0.000152416, 0.000152416, 0.000152416, 0.000152416, 0.000152416,
5.08053e-05, 5.08053e-05, 5.08053e-05, 5.08053e-05, 5.08053e-05, 5.08053e-05, 1.69351e-05, 1.69351e-05, 1.69351e-05, 1.69351e-05,
1.69351e-05, 1.69351e-05, 5.64503e-06, 5.64503e-06, 5.64503e-06, 5.64503e-06, 5.64503e-06, 5.64503e-06]
[11, 7, 2, 11, 3, 7, 8, 15, 1, 13,
0, 16, 8, 13, 2, 10, 5, 1, 9, 12,
10, 1, 4, 10, 17, 13, 4, 11, 17, 14,
13, 9, 2, 4, 4, 4, 16, 13, 4, 7,
8, 16, 9, 3, 10, 3, 4, 2, 4, 16,
4, 2, 5, 1, 0, 8, 4, 17, 12, 17,
0, 8, 12, 7, 13, 6, 5, 16]
------------------------------------------------------- 
# stage = 12	# children c = 3	length of each stage p = 2	nodes = 67	# items I = 1
