[70, 33, 7, 94, 95, 70, 69, 92, 83, 4,
81, 80, 57, 65, 80, 75, 62, 91, 59, 3,
70, 46, 51, 84, 21, 15, 73, 93, 48, 100,
15, 84, 99, 89, 43, 93, 24, 79, 85, 73,
83, 31, 53, 39, 96, 32, 81, 58, 89, 39,
27, 59, 85, 45, 8, 73, 60, 47, 65, 75,
12, 46, 24, 10, 34, 68, 70, 25, 12, 20,
98, 95, 51, 50, 0, 46, 48, 81, 70, 3,
19, 64, 28, 71, 8, 36, 43, 34, 49, 74,
75, 62, 20, 66, 72, 20, 100, 7, 45, 11,
27, 43]
[[225, 128, 592], [1278, 1834, 312], [823, 1532, 1289], [803, 448, 1400], [1532, 1710, 1612], [1173, 276, 999], [796, 1000, 86], [1863, 400, 30], [171, 1953, 1153], [871, 317, 1670],
[249, 36, 1292], [841, 1315, 569], [647, 1632, 1595], [1430, 385, 1538], [274, 1917, 1197], [1886, 533, 1473], [834, 823, 1968], [414, 636, 317], [1989, 807, 1764], [1092, 1172, 31],
[205, 915, 1612], [991, 1251, 876], [1560, 1392, 2003], [598, 772, 337], [85, 1046, 1748], [1282, 881, 1775], [199, 1209, 547], [116, 1118, 1183], [1978, 1056, 1485], [1185, 1642, 606],
[710, 1847, 1016], [272, 281, 216], [642, 1841, 1608], [594, 389, 329], [931, 474, 869], [122, 1251, 1244], [1897, 944, 1948], [394, 554, 1015], [1071, 481, 1565], [2050, 1160, 1157],
[606, 1871, 447], [1116, 92, 729], [1332, 734, 13], [889, 1329, 1947], [713, 1754, 1916], [1582, 1371, 1116], [776, 1217, 9], [673, 1105, 563], [1182, 126, 538], [696, 125, 1698],
[1347, 225, 1012], [1289, 1341, 1104], [1512, 116, 1333], [1525, 1006, 105], [916, 1719, 1353], [781, 744, 673], [1897, 1520, 1385], [1400, 1687, 439], [1457, 818, 565], [1995, 1009, 185],
[1136, 1850, 1955], [98, 1088, 740], [696, 549, 856], [1523, 1569, 1862], [1122, 434, 1024], [425, 1215, 1263], [592, 555, 226], [1977, 1449, 1914], [366, 855, 175], [425, 799, 678],
[104, 1429, 478], [9, 1527, 1060], [749, 1718, 1610], [1605, 1190, 622], [911, 262, 550], [1429, 181, 1259], [641, 773, 1308], [868, 194, 706], [225, 54, 1561], [1945, 479, 309],
[573, 78, 1232], [1051, 87, 709], [60, 330, 1921], [1164, 1429, 1060], [1280, 1834, 816], [1324, 1213, 997], [532, 1348, 1265], [1840, 1710, 1459], [495, 1429, 1513], [5, 1324, 1486],
[1859, 1897, 1564], [1041, 391, 1145], [1244, 1996, 969], [1114, 604, 348], [1668, 1884, 1676], [434, 1158, 332], [925, 1184, 1681], [1684, 974, 834], [1092, 963, 213], [48, 463, 1537],
[1029, 271, 877], [542, 806, 1268]]
[[8, 3, 7, 1], [2, 9, 6, 4], [1, 5, 7, 9], [7, 10, 8, 10], [4, 5, 3, 10], [9, 6, 0, 9], [3, 9, 2, 6], [3, 6, 6, 10], [7, 1, 0, 9], [8, 5, 3, 9],
[8, 8, 7, 4], [6, 4, 1, 8], [9, 4, 7, 6], [9, 8, 4, 1], [4, 6, 5, 6], [10, 10, 5, 7], [0, 5, 5, 8], [8, 6, 4, 5], [2, 0, 7, 6], [2, 6, 3, 0],
[0, 10, 6, 7], [5, 8, 8, 8], [4, 0, 3, 3], [10, 8, 8, 8], [0, 3, 3, 9], [7, 7, 1, 7], [5, 9, 2, 7], [2, 3, 6, 2], [1, 10, 9, 4], [8, 4, 1, 1],
[3, 4, 2, 0], [1, 0, 7, 0], [1, 10, 9, 6], [5, 8, 1, 10], [4, 3, 5, 7], [5, 0, 9, 6], [10, 6, 10, 7], [8, 1, 6, 9], [5, 7, 10, 5], [5, 6, 3, 6],
[3, 10, 10, 6], [7, 0, 4, 1], [2, 9, 8, 7], [7, 4, 2, 4], [8, 10, 10, 6], [9, 5, 2, 2], [1, 10, 7, 6], [5, 10, 10, 7], [9, 8, 2, 3], [8, 6, 4, 8],
[2, 1, 4, 9], [4, 4, 1, 1], [4, 0, 5, 2], [5, 8, 4, 5], [7, 9, 9, 0], [6, 7, 7, 2], [4, 7, 6, 10], [1, 8, 8, 3], [8, 1, 0, 1], [4, 1, 2, 6],
[1, 6, 8, 4], [3, 0, 7, 8], [7, 6, 8, 1], [0, 2, 3, 4], [8, 7, 1, 9], [3, 9, 10, 0], [9, 8, 1, 2], [7, 1, 8, 6], [7, 3, 0, 8], [1, 7, 6, 7],
[0, 1, 8, 0], [2, 9, 4, 10], [4, 6, 6, 7], [2, 3, 7, 0], [1, 6, 0, 8], [5, 8, 4, 0], [10, 2, 8, 9], [9, 1, 5, 8], [3, 2, 8, 3], [10, 0, 2, 3],
[4, 6, 8, 6], [9, 2, 5, 10], [6, 5, 6, 0], [1, 8, 0, 0], [10, 7, 9, 6], [8, 2, 3, 9], [2, 1, 10, 1], [10, 1, 2, 3], [5, 10, 9, 4], [1, 1, 1, 5],
[7, 7, 6, 6], [4, 4, 4, 3], [9, 0, 8, 7], [2, 0, 3, 5], [10, 3, 6, 9], [2, 7, 1, 8], [6, 9, 10, 6], [8, 0, 0, 4], [8, 4, 8, 10], [7, 1, 1, 5],
[2, 9, 10, 4], [7, 3, 9, 7]]
[1, 1, 1, 0.333333, 0.333333, 0.333333, 0.333333, 0.333333, 0.333333, 0.333333,
0.333333, 0.333333, 0.111111, 0.111111, 0.111111, 0.111111, 0.111111, 0.111111, 0.111111, 0.111111,
0.111111, 0.037037, 0.037037, 0.037037, 0.037037, 0.037037, 0.037037, 0.037037, 0.037037, 0.037037,
0.0123457, 0.0123457, 0.0123457, 0.0123457, 0.0123457, 0.0123457, 0.0123457, 0.0123457, 0.0123457, 0.00411523,
0.00411523, 0.00411523, 0.00411523, 0.00411523, 0.00411523, 0.00411523, 0.00411523, 0.00411523, 0.00137174, 0.00137174,
0.00137174, 0.00137174, 0.00137174, 0.00137174, 0.00137174, 0.00137174, 0.00137174, 0.000457247, 0.000457247, 0.000457247,
0.000457247, 0.000457247, 0.000457247, 0.000457247, 0.000457247, 0.000457247, 0.000152416, 0.000152416, 0.000152416, 0.000152416,
0.000152416, 0.000152416, 0.000152416, 0.000152416, 0.000152416, 5.08053e-05, 5.08053e-05, 5.08053e-05, 5.08053e-05, 5.08053e-05,
5.08053e-05, 5.08053e-05, 5.08053e-05, 5.08053e-05, 1.69351e-05, 1.69351e-05, 1.69351e-05, 1.69351e-05, 1.69351e-05, 1.69351e-05,
1.69351e-05, 1.69351e-05, 1.69351e-05, 5.64503e-06, 5.64503e-06, 5.64503e-06, 5.64503e-06, 5.64503e-06, 5.64503e-06, 5.64503e-06,
5.64503e-06, 5.64503e-06]
[9, 3, 7, 5, 1, 2, 2, 4, 3, 2,
8, 2, 9, 7, 2, 3, 5, 1, 9, 10,
4, 1, 0, 1, 1, 7, 0, 2, 7, 0,
0, 6, 0, 4, 9, 7, 4, 6, 9, 2,
8, 7, 7, 0, 4, 0, 4, 7, 9, 10,
1, 7, 10, 3, 7, 8, 4, 8, 2, 1,
8, 7, 4, 2, 1, 8, 3, 3, 3, 9,
0, 1, 7, 1, 2, 1, 0, 9, 10, 4,
9, 10, 2, 0, 5, 5, 9, 8, 10, 0,
8, 10, 6, 8, 5, 3, 10, 0, 3, 4,
7, 3]
------------------------------------------------------- 
# stage = 12	# children c = 3	length of each stage p = 3	nodes = 101	# items I = 1
