[72, 90, 78, 72, 32, 42, 99, 10, 78, 36,
16, 80, 99, 69, 22, 14, 29, 13, 18, 16,
81, 10, 86, 33, 82, 3, 81, 10, 56, 18,
38, 94, 74, 15]
[[1794, 1900, 329], [1759, 1904, 723], [998, 95, 1882], [915, 351, 351], [1521, 1753, 11], [646, 765, 1819], [1459, 980, 889], [1011, 384, 42], [1288, 1578, 664], [466, 952, 745],
[316, 805, 703], [18, 622, 37], [741, 992, 132], [53, 1280, 1798], [404, 859, 981], [1729, 877, 1746], [1606, 395, 784], [554, 778, 541], [596, 1438, 177], [632, 1276, 502],
[1378, 1593, 679], [1453, 1611, 673], [863, 1724, 1037], [995, 1777, 375], [223, 1554, 606], [1205, 1341, 1484], [381, 378, 1251], [538, 932, 1401], [1079, 900, 897], [628, 904, 232],
[502, 340, 1197], [1181, 1166, 866], [1226, 87, 20], [322, 454, 1797]]
[[0, 3, 10, 5], [4, 5, 7, 2], [3, 3, 2, 5], [4, 9, 3, 0], [5, 3, 4, 10], [7, 6, 10, 1], [9, 8, 3, 5], [2, 2, 9, 0], [5, 6, 5, 7], [0, 10, 9, 1],
[0, 0, 7, 5], [8, 8, 5, 2], [0, 8, 2, 7], [3, 10, 9, 0], [8, 10, 5, 8], [1, 1, 8, 4], [8, 0, 0, 6], [10, 10, 8, 10], [8, 2, 4, 5], [10, 8, 6, 10],
[5, 8, 7, 8], [5, 3, 8, 2], [2, 1, 8, 2], [2, 5, 6, 8], [5, 5, 4, 2], [4, 1, 0, 1], [3, 4, 5, 0], [10, 0, 10, 4], [6, 4, 0, 0], [5, 6, 1, 6],
[7, 9, 6, 10], [2, 1, 5, 5], [4, 9, 6, 8], [10, 6, 8, 0]]
[1, 0.333333, 0.333333, 0.333333, 0.111111, 0.111111, 0.111111, 0.037037, 0.037037, 0.037037,
0.0123457, 0.0123457, 0.0123457, 0.00411523, 0.00411523, 0.00411523, 0.00137174, 0.00137174, 0.00137174, 0.000457247,
0.000457247, 0.000457247, 0.000152416, 0.000152416, 0.000152416, 5.08053e-05, 5.08053e-05, 5.08053e-05, 1.69351e-05, 1.69351e-05,
1.69351e-05, 5.64503e-06, 5.64503e-06, 5.64503e-06]
[2, 4, 17, 18, 17, 3, 13, 11, 7, 16,
4, 16, 0, 14, 17, 14, 13, 4, 18, 9,
13, 11, 17, 15, 12, 1, 19, 9, 4, 4,
15, 5, 0, 11]
------------------------------------------------------- 
# stage = 12	# children c = 3	length of each stage p = 1	nodes = 33	# items I = 1
