[72, 78, 8, 97, 82, 55, 55, 65, 40, 77,
85, 32, 66, 67, 45, 84, 37, 22, 13, 3,
6, 31, 73, 14, 65, 24, 44, 6, 14, 26,
77, 86, 71, 51, 48, 18, 6, 2, 83, 12,
79, 34, 44, 10, 0, 90, 60, 3, 11, 73,
7, 17, 70, 46, 99, 35, 37, 8, 7, 17,
35, 51, 2, 72, 1, 16, 90, 74, 18, 38,
86, 63, 72, 97, 39, 38, 86, 100, 42, 63,
72, 15, 47, 42, 27, 45, 43, 30, 53, 16,
47, 54, 67, 15, 25, 35, 31, 81, 8, 15,
19, 61, 78, 57, 57, 84, 96, 8, 83, 37,
71, 20, 18, 17, 62, 45, 28, 71, 76, 82,
88, 89, 1, 20, 4, 27, 55, 35, 7, 30,
51, 93, 91, 95, 50, 13, 78, 45, 21, 26,
48, 58, 47, 66, 76, 75, 77, 70, 46, 18,
17, 100, 7, 19, 19, 11, 46, 41, 12, 19,
71, 63, 79, 27, 24, 28, 40, 68, 39, 61,
95, 87, 85, 41, 18, 60, 15, 61, 97, 27]
[[154, 443, 981], [438, 572, 137], [531, 327, 823], [280, 110, 910], [355, 177, 180], [710, 651, 562], [272, 509, 156], [774, 981, 1004], [370, 745, 297], [59, 981, 781],
[887, 149, 211], [882, 615, 811], [6, 133, 152], [857, 441, 262], [753, 824, 468], [961, 521, 105], [538, 793, 642], [694, 553, 637], [713, 952, 369], [24, 1011, 336],
[834, 912, 514], [31, 780, 115], [870, 814, 276], [8, 658, 717], [298, 425, 528], [766, 373, 63], [872, 911, 856], [528, 619, 395], [152, 346, 333], [521, 371, 358],
[885, 191, 284], [413, 250, 79], [529, 134, 893], [805, 142, 565], [537, 468, 991], [79, 221, 378], [142, 107, 303], [12, 635, 922], [407, 815, 255], [769, 350, 654],
[113, 222, 873], [426, 635, 109], [505, 178, 271], [412, 984, 413], [978, 535, 881], [983, 642, 116], [347, 784, 223], [650, 796, 887], [586, 217, 688], [841, 0, 25],
[509, 114, 275], [368, 568, 938], [505, 59, 103], [776, 471, 101], [203, 435, 664], [99, 432, 292], [215, 779, 90], [467, 443, 914], [340, 16, 117], [42, 885, 118],
[95, 381, 260], [398, 777, 828], [323, 269, 915], [454, 59, 372], [583, 263, 836], [233, 362, 282], [525, 577, 48], [615, 58, 519], [543, 398, 535], [660, 469, 435],
[806, 564, 816], [80, 991, 607], [936, 300, 876], [837, 782, 936], [224, 351, 213], [74, 584, 603], [356, 123, 194], [432, 766, 253], [952, 295, 651], [501, 983, 134],
[936, 776, 727], [766, 884, 704], [360, 807, 18], [250, 630, 800], [200, 882, 137], [413, 956, 721], [2, 327, 872], [225, 759, 624], [478, 725, 919], [143, 241, 888],
[278, 163, 678], [1005, 958, 549], [695, 332, 342], [713, 582, 1000], [499, 811, 897], [664, 210, 867], [399, 241, 180], [257, 466, 968], [881, 972, 707], [814, 101, 948],
[716, 379, 126], [409, 398, 98], [958, 79, 430], [314, 820, 26], [328, 333, 837], [211, 997, 34], [65, 410, 303], [273, 667, 797], [227, 562, 755], [963, 390, 856],
[897, 93, 250], [37, 502, 648], [135, 474, 756], [565, 816, 562], [592, 130, 924], [415, 370, 935], [477, 463, 332], [808, 736, 13], [619, 992, 604], [360, 941, 994],
[231, 852, 73], [481, 890, 603], [143, 11, 63], [899, 605, 907], [476, 211, 52], [386, 626, 422], [335, 118, 885], [695, 926, 635], [709, 532, 641], [299, 920, 596],
[279, 137, 435], [381, 646, 339], [1012, 790, 378], [90, 675, 983], [997, 165, 180], [35, 551, 835], [485, 915, 953], [356, 596, 893], [6, 319, 439], [647, 618, 346],
[230, 926, 511], [693, 321, 172], [18, 319, 962], [396, 409, 651], [394, 421, 845], [574, 456, 410], [395, 942, 311], [362, 312, 936], [242, 346, 241], [709, 994, 888],
[41, 238, 828], [581, 959, 135], [753, 977, 482], [729, 387, 892], [394, 781, 327], [225, 342, 783], [664, 765, 739], [975, 114, 38], [897, 384, 384], [125, 79, 392],
[27, 149, 658], [855, 758, 603], [990, 525, 594], [486, 240, 982], [392, 662, 749], [719, 916, 105], [489, 566, 899], [214, 555, 1013], [280, 467, 411], [693, 592, 490],
[71, 647, 667], [758, 488, 411], [347, 492, 936], [942, 978, 190], [938, 357, 881], [701, 90, 811], [807, 579, 391], [692, 822, 946], [719, 116, 399], [116, 809, 5]]
[[10, 7, 2, 7], [8, 2, 0, 6], [4, 5, 9, 5], [6, 2, 5, 0], [9, 5, 4, 0], [8, 1, 8, 8], [6, 9, 5, 5], [9, 5, 10, 8], [10, 2, 2, 8], [2, 2, 1, 6],
[6, 10, 9, 1], [1, 3, 10, 8], [6, 3, 6, 3], [3, 3, 9, 7], [10, 1, 1, 9], [6, 10, 4, 4], [10, 7, 10, 1], [7, 0, 5, 0], [0, 3, 1, 10], [4, 0, 6, 10],
[2, 1, 0, 3], [3, 9, 10, 2], [0, 10, 9, 4], [9, 3, 8, 6], [8, 7, 7, 2], [6, 10, 3, 4], [2, 4, 3, 6], [3, 7, 3, 3], [7, 3, 6, 10], [10, 3, 10, 8],
[0, 9, 2, 9], [10, 8, 4, 7], [3, 9, 7, 9], [8, 10, 2, 8], [2, 3, 1, 5], [9, 4, 6, 5], [5, 10, 2, 5], [2, 10, 2, 3], [6, 2, 10, 3], [0, 2, 8, 3],
[9, 5, 10, 7], [4, 1, 2, 6], [2, 4, 9, 0], [6, 4, 3, 1], [3, 3, 4, 4], [1, 4, 5, 5], [7, 2, 9, 5], [4, 6, 6, 1], [0, 5, 8, 5], [4, 8, 9, 6],
[1, 8, 5, 6], [1, 6, 7, 3], [8, 9, 5, 9], [2, 10, 3, 9], [10, 1, 3, 2], [6, 9, 3, 6], [1, 9, 9, 5], [6, 8, 10, 6], [5, 2, 1, 4], [8, 6, 5, 5],
[4, 10, 1, 6], [7, 3, 3, 7], [4, 4, 9, 8], [1, 10, 4, 2], [8, 2, 6, 3], [10, 3, 9, 2], [5, 8, 7, 0], [3, 1, 4, 7], [10, 5, 1, 4], [8, 4, 9, 0],
[6, 7, 8, 7], [4, 10, 8, 1], [2, 1, 5, 10], [4, 1, 0, 9], [10, 7, 7, 0], [6, 0, 8, 3], [6, 7, 8, 1], [9, 6, 1, 4], [1, 8, 10, 5], [7, 7, 5, 7],
[8, 8, 7, 10], [9, 7, 6, 6], [1, 2, 7, 5], [3, 2, 7, 9], [9, 4, 8, 7], [8, 10, 0, 7], [7, 8, 0, 1], [4, 5, 9, 10], [2, 3, 9, 9], [8, 4, 3, 9],
[7, 10, 1, 8], [10, 8, 4, 8], [10, 1, 2, 6], [0, 0, 2, 5], [9, 2, 7, 0], [5, 3, 0, 7], [6, 7, 4, 3], [10, 7, 10, 4], [4, 0, 1, 3], [7, 5, 9, 6],
[4, 9, 1, 5], [9, 2, 8, 5], [2, 2, 6, 8], [5, 4, 4, 0], [9, 6, 1, 8], [2, 0, 10, 6], [1, 0, 7, 6], [3, 5, 10, 8], [1, 10, 0, 0], [1, 6, 3, 3],
[9, 7, 0, 1], [0, 3, 0, 10], [9, 1, 5, 10], [2, 5, 5, 1], [3, 0, 5, 7], [3, 4, 2, 5], [3, 2, 3, 2], [6, 6, 4, 2], [3, 2, 4, 1], [3, 2, 9, 2],
[3, 2, 10, 3], [7, 2, 2, 8], [2, 7, 2, 6], [10, 4, 9, 0], [4, 1, 3, 0], [5, 7, 2, 8], [7, 4, 8, 0], [6, 6, 0, 8], [8, 10, 0, 2], [1, 1, 0, 2],
[6, 2, 8, 5], [5, 6, 4, 9], [5, 7, 9, 10], [1, 10, 6, 8], [3, 3, 6, 10], [7, 6, 7, 5], [5, 5, 5, 5], [4, 5, 7, 9], [6, 2, 3, 0], [6, 5, 9, 0],
[1, 6, 8, 0], [5, 3, 7, 6], [4, 2, 3, 1], [7, 10, 6, 10], [3, 0, 4, 5], [4, 9, 3, 10], [0, 5, 10, 6], [10, 6, 4, 10], [10, 2, 8, 4], [3, 2, 9, 8],
[3, 1, 9, 10], [10, 2, 9, 0], [0, 1, 5, 4], [8, 7, 1, 9], [1, 9, 2, 9], [5, 5, 8, 4], [5, 4, 7, 8], [6, 5, 5, 9], [4, 3, 8, 3], [3, 5, 3, 4],
[4, 9, 8, 1], [5, 10, 8, 4], [8, 9, 2, 0], [3, 9, 3, 8], [2, 8, 3, 8], [2, 9, 7, 6], [10, 2, 8, 1], [7, 0, 5, 9], [7, 0, 0, 10], [8, 8, 3, 4],
[4, 4, 4, 7], [2, 5, 2, 2], [2, 4, 10, 2], [0, 4, 7, 10], [7, 4, 9, 1], [4, 3, 0, 10], [4, 0, 9, 1], [6, 2, 3, 0], [4, 8, 5, 6], [2, 6, 8, 3]]
[1, 1, 1, 1, 1, 0.2, 0.2, 0.2, 0.2, 0.2,
0.2, 0.2, 0.2, 0.2, 0.2, 0.2, 0.2, 0.2, 0.2, 0.2,
0.2, 0.2, 0.2, 0.2, 0.2, 0.2, 0.2, 0.2, 0.2, 0.2,
0.04, 0.04, 0.04, 0.04, 0.04, 0.04, 0.04, 0.04, 0.04, 0.04,
0.04, 0.04, 0.04, 0.04, 0.04, 0.04, 0.04, 0.04, 0.04, 0.04,
0.04, 0.04, 0.04, 0.04, 0.04, 0.008, 0.008, 0.008, 0.008, 0.008,
0.008, 0.008, 0.008, 0.008, 0.008, 0.008, 0.008, 0.008, 0.008, 0.008,
0.008, 0.008, 0.008, 0.008, 0.008, 0.008, 0.008, 0.008, 0.008, 0.008,
0.0016, 0.0016, 0.0016, 0.0016, 0.0016, 0.0016, 0.0016, 0.0016, 0.0016, 0.0016,
0.0016, 0.0016, 0.0016, 0.0016, 0.0016, 0.0016, 0.0016, 0.0016, 0.0016, 0.0016,
0.0016, 0.0016, 0.0016, 0.0016, 0.0016, 0.00032, 0.00032, 0.00032, 0.00032, 0.00032,
0.00032, 0.00032, 0.00032, 0.00032, 0.00032, 0.00032, 0.00032, 0.00032, 0.00032, 0.00032,
0.00032, 0.00032, 0.00032, 0.00032, 0.00032, 0.00032, 0.00032, 0.00032, 0.00032, 0.00032,
6.4e-05, 6.4e-05, 6.4e-05, 6.4e-05, 6.4e-05, 6.4e-05, 6.4e-05, 6.4e-05, 6.4e-05, 6.4e-05,
6.4e-05, 6.4e-05, 6.4e-05, 6.4e-05, 6.4e-05, 6.4e-05, 6.4e-05, 6.4e-05, 6.4e-05, 6.4e-05,
6.4e-05, 6.4e-05, 6.4e-05, 6.4e-05, 6.4e-05, 1.28e-05, 1.28e-05, 1.28e-05, 1.28e-05, 1.28e-05,
1.28e-05, 1.28e-05, 1.28e-05, 1.28e-05, 1.28e-05, 1.28e-05, 1.28e-05, 1.28e-05, 1.28e-05, 1.28e-05,
1.28e-05, 1.28e-05, 1.28e-05, 1.28e-05, 1.28e-05, 1.28e-05, 1.28e-05, 1.28e-05, 1.28e-05, 1.28e-05]
[1, 10, 7, 10, 3, 7, 8, 3, 9, 1,
9, 10, 9, 3, 4, 6, 2, 2, 8, 10,
1, 4, 5, 8, 1, 6, 9, 2, 0, 5,
2, 5, 0, 4, 7, 4, 6, 2, 2, 2,
5, 1, 7, 9, 7, 10, 1, 1, 10, 8,
3, 10, 6, 5, 9, 10, 1, 5, 0, 4,
4, 1, 4, 2, 4, 8, 8, 3, 6, 8,
2, 7, 3, 8, 2, 6, 3, 7, 9, 9,
5, 8, 0, 1, 5, 8, 1, 9, 2, 4,
6, 8, 4, 1, 10, 0, 1, 4, 5, 3,
2, 3, 4, 4, 3, 9, 5, 1, 7, 9,
10, 8, 5, 8, 5, 5, 0, 8, 7, 7,
9, 5, 0, 1, 8, 1, 6, 5, 9, 6,
0, 8, 7, 0, 5, 0, 1, 4, 10, 4,
0, 1, 2, 3, 4, 1, 7, 2, 1, 3,
0, 8, 7, 0, 3, 3, 6, 5, 7, 4,
3, 5, 10, 10, 8, 5, 4, 5, 1, 6,
6, 4, 1, 7, 3, 6, 1, 2, 6, 9]
------------------------------------------------------- 
# stage = 8	# children c = 5	length of each stage p = 5	nodes = 179	# items I = 1
