[7, 5, 30, 38, 15, 69, 86, 88, 21, 90,
89, 68, 43, 45, 90, 42, 9, 28, 91, 10,
57, 10, 28, 35, 43, 73, 15, 60, 22, 62,
94, 96, 67, 24, 33, 83, 59, 86, 36, 46,
41, 25, 81, 84, 36, 36, 92, 11, 64, 82,
21, 21]
[[718, 168, 720], [437, 208, 756], [167, 78, 867], [926, 325, 97], [532, 923, 712], [732, 441, 245], [246, 537, 8], [138, 495, 258], [750, 707, 597], [727, 417, 223],
[909, 192, 271], [566, 508, 479], [379, 676, 558], [303, 538, 762], [401, 127, 622], [49, 738, 120], [294, 863, 658], [181, 58, 210], [318, 687, 796], [915, 472, 271],
[75, 438, 463], [346, 61, 29], [704, 441, 584], [198, 623, 179], [18, 903, 306], [640, 10, 923], [639, 304, 844], [354, 365, 781], [443, 683, 526], [297, 656, 55],
[568, 731, 493], [910, 13, 434], [939, 717, 754], [580, 916, 434], [759, 813, 395], [1, 389, 405], [925, 85, 588], [705, 440, 10], [543, 762, 694], [126, 116, 286],
[181, 563, 896], [554, 531, 909], [45, 527, 683], [799, 44, 535], [290, 682, 405], [564, 563, 794], [26, 545, 880], [494, 186, 256], [504, 729, 75], [134, 856, 71],
[299, 94, 634], [252, 527, 222]]
[[0, 5, 1, 3], [9, 5, 10, 8], [9, 1, 4, 6], [8, 6, 5, 3], [9, 1, 1, 5], [5, 3, 5, 1], [4, 1, 0, 6], [3, 10, 2, 1], [4, 3, 3, 2], [6, 2, 9, 5],
[1, 0, 9, 7], [6, 3, 10, 5], [4, 10, 10, 8], [2, 3, 7, 5], [2, 6, 0, 5], [5, 2, 5, 7], [5, 8, 8, 9], [10, 6, 1, 1], [6, 10, 6, 10], [0, 6, 4, 3],
[5, 2, 9, 5], [5, 5, 10, 7], [0, 10, 0, 3], [10, 5, 0, 2], [2, 8, 1, 10], [1, 2, 9, 5], [0, 5, 4, 0], [9, 7, 3, 3], [9, 1, 6, 1], [5, 4, 6, 3],
[1, 6, 7, 1], [9, 5, 3, 0], [2, 2, 9, 1], [5, 7, 4, 3], [1, 8, 3, 10], [4, 5, 0, 0], [4, 7, 1, 7], [9, 8, 0, 10], [1, 7, 0, 0], [1, 2, 9, 1],
[4, 7, 0, 7], [4, 4, 10, 3], [10, 1, 1, 2], [4, 1, 2, 8], [6, 2, 5, 4], [8, 3, 2, 9], [10, 2, 7, 9], [2, 6, 8, 5], [0, 8, 1, 2], [1, 10, 6, 9],
[9, 7, 0, 2], [6, 3, 8, 0]]
[1, 1, 0.2, 0.2, 0.2, 0.2, 0.2, 0.2, 0.2, 0.2,
0.2, 0.2, 0.04, 0.04, 0.04, 0.04, 0.04, 0.04, 0.04, 0.04,
0.04, 0.04, 0.008, 0.008, 0.008, 0.008, 0.008, 0.008, 0.008, 0.008,
0.008, 0.008, 0.0016, 0.0016, 0.0016, 0.0016, 0.0016, 0.0016, 0.0016, 0.0016,
0.0016, 0.0016, 0.00032, 0.00032, 0.00032, 0.00032, 0.00032, 0.00032, 0.00032, 0.00032,
0.00032, 0.00032]
[4, 11, 8, 3, 17, 17, 8, 10, 1, 10,
9, 15, 8, 3, 11, 11, 17, 14, 5, 15,
1, 17, 11, 7, 10, 15, 17, 3, 4, 2,
4, 6, 14, 8, 15, 0, 18, 4, 2, 5,
7, 10, 9, 9, 14, 7, 3, 17, 8, 12,
8, 14]
------------------------------------------------------- 
# stage = 6	# children c = 5	length of each stage p = 2	nodes = 51	# items I = 1
