[48, 17, 22, 31, 6, 37, 35, 80, 2, 2,
46, 79, 4, 73, 55, 68, 29, 44, 1, 5,
76, 35, 43, 100, 95, 20, 98, 68, 28, 48,
9, 76, 65, 98, 73, 71, 34, 8, 16, 3,
77, 28, 82, 47, 1, 3, 14, 97, 13, 16,
68, 55, 51, 77, 55, 11, 97, 18, 80, 91,
66, 89, 33, 97, 86, 5, 34, 86, 80, 50,
89, 56]
[[849, 298, 540], [362, 468, 127], [376, 697, 740], [303, 34, 267], [263, 543, 500], [669, 633, 141], [598, 442, 826], [284, 56, 701], [802, 63, 274], [810, 89, 486],
[362, 808, 784], [772, 292, 244], [769, 668, 64], [632, 841, 846], [21, 227, 511], [391, 766, 137], [532, 486, 579], [350, 640, 635], [173, 564, 699], [318, 497, 788],
[804, 729, 589], [580, 494, 3], [825, 385, 542], [759, 139, 505], [727, 30, 602], [230, 422, 490], [367, 824, 847], [817, 297, 479], [574, 340, 166], [265, 658, 533],
[46, 584, 254], [635, 157, 748], [508, 104, 126], [172, 863, 135], [678, 582, 166], [402, 682, 458], [763, 172, 404], [602, 111, 571], [203, 555, 34], [369, 691, 562],
[772, 737, 139], [149, 364, 296], [767, 872, 270], [15, 167, 125], [21, 845, 707], [187, 239, 511], [645, 872, 553], [41, 466, 534], [613, 670, 212], [517, 31, 25],
[201, 804, 632], [340, 823, 118], [506, 582, 112], [776, 468, 279], [23, 489, 116], [600, 546, 226], [104, 313, 90], [657, 354, 557], [184, 837, 349], [266, 476, 250],
[161, 678, 46], [793, 10, 739], [33, 517, 444], [15, 285, 782], [165, 309, 263], [281, 779, 809], [377, 5, 114], [468, 533, 468], [147, 717, 298], [366, 105, 774],
[616, 266, 444], [663, 51, 325]]
[[3, 7, 3, 10], [2, 3, 0, 4], [3, 3, 5, 4], [5, 8, 5, 10], [8, 5, 8, 3], [2, 4, 6, 9], [0, 4, 0, 0], [4, 7, 0, 7], [1, 3, 4, 3], [4, 2, 5, 8],
[5, 9, 10, 8], [6, 2, 5, 2], [8, 3, 3, 10], [7, 9, 7, 5], [2, 7, 6, 7], [1, 4, 1, 3], [5, 4, 4, 9], [6, 8, 4, 10], [6, 3, 7, 10], [6, 2, 1, 3],
[5, 5, 0, 10], [1, 7, 5, 4], [1, 9, 9, 3], [2, 10, 4, 7], [3, 6, 3, 10], [3, 8, 9, 7], [9, 3, 5, 4], [5, 6, 5, 8], [9, 6, 8, 0], [0, 2, 2, 2],
[0, 0, 3, 2], [10, 5, 7, 1], [0, 8, 0, 2], [3, 7, 9, 2], [10, 3, 6, 3], [8, 1, 0, 4], [5, 8, 2, 5], [10, 4, 5, 10], [4, 8, 10, 2], [2, 4, 1, 1],
[2, 10, 3, 5], [6, 10, 7, 3], [1, 1, 6, 9], [0, 7, 0, 5], [2, 3, 8, 2], [5, 3, 10, 8], [0, 10, 8, 1], [3, 9, 2, 3], [8, 3, 9, 3], [2, 3, 4, 3],
[4, 9, 10, 2], [5, 9, 7, 5], [1, 5, 7, 4], [6, 7, 1, 6], [6, 9, 5, 7], [7, 7, 0, 2], [10, 7, 5, 0], [10, 8, 3, 2], [6, 1, 4, 9], [10, 10, 3, 9],
[2, 0, 2, 8], [5, 4, 1, 9], [0, 7, 5, 6], [1, 3, 8, 10], [8, 1, 10, 6], [9, 2, 8, 4], [1, 10, 2, 0], [7, 3, 9, 9], [3, 1, 4, 6], [3, 6, 4, 3],
[0, 8, 7, 1], [9, 5, 9, 7]]
[1, 1, 0.2, 0.2, 0.2, 0.2, 0.2, 0.2, 0.2, 0.2,
0.2, 0.2, 0.04, 0.04, 0.04, 0.04, 0.04, 0.04, 0.04, 0.04,
0.04, 0.04, 0.008, 0.008, 0.008, 0.008, 0.008, 0.008, 0.008, 0.008,
0.008, 0.008, 0.0016, 0.0016, 0.0016, 0.0016, 0.0016, 0.0016, 0.0016, 0.0016,
0.0016, 0.0016, 0.00032, 0.00032, 0.00032, 0.00032, 0.00032, 0.00032, 0.00032, 0.00032,
0.00032, 0.00032, 6.4e-05, 6.4e-05, 6.4e-05, 6.4e-05, 6.4e-05, 6.4e-05, 6.4e-05, 6.4e-05,
6.4e-05, 6.4e-05, 1.28e-05, 1.28e-05, 1.28e-05, 1.28e-05, 1.28e-05, 1.28e-05, 1.28e-05, 1.28e-05,
1.28e-05, 1.28e-05]
[0, 3, 2, 6, 4, 1, 0, 5, 7, 4,
8, 4, 4, 7, 2, 7, 6, 8, 8, 2,
0, 2, 0, 2, 5, 8, 8, 7, 1, 4,
1, 4, 3, 1, 5, 2, 4, 4, 2, 8,
3, 7, 8, 2, 0, 0, 0, 3, 4, 2,
5, 2, 7, 0, 4, 5, 4, 8, 5, 6,
5, 0, 8, 5, 3, 0, 1, 6, 6, 7,
3, 5]
------------------------------------------------------- 
# stage = 8	# children c = 5	length of each stage p = 2	nodes = 71	# items I = 1
