[9, 3, 50, 25, 80, 44, 73, 14, 88, 14,
1, 88, 1, 81, 63, 15, 94, 43, 17, 49,
62, 91, 5, 10, 99, 40, 94, 1, 12, 82,
16, 88, 85, 67, 79, 30, 77, 17, 44, 30,
98, 45, 84, 99]
[[53, 45, 1358], [2018, 2031, 533], [2033, 600, 518], [1836, 524, 888], [1698, 1034, 2056], [1420, 760, 962], [2135, 1876, 352], [562, 2070, 79], [867, 853, 1034], [1969, 1129, 621],
[738, 219, 667], [2096, 1274, 497], [428, 1107, 134], [2185, 1980, 659], [2110, 1477, 730], [1965, 1934, 1490], [1964, 905, 1165], [115, 1467, 72], [1432, 133, 925], [266, 1139, 1091],
[887, 1877, 347], [591, 1772, 1622], [1088, 1237, 1766], [1223, 258, 1545], [919, 1405, 2059], [1649, 1170, 829], [938, 2171, 1734], [1141, 86, 1000], [250, 555, 170], [1175, 821, 1309],
[1303, 746, 985], [1650, 1337, 1794], [108, 1463, 2068], [911, 1723, 126], [1493, 441, 1531], [1351, 1127, 1738], [1217, 2065, 1709], [750, 42, 832], [787, 292, 1387], [957, 504, 1246],
[65, 1807, 1029], [1050, 294, 1403], [1881, 1640, 665], [1749, 351, 187]]
[[4, 3, 0, 5], [6, 7, 3, 6], [0, 8, 1, 6], [7, 4, 5, 1], [4, 7, 9, 6], [2, 3, 4, 1], [0, 1, 4, 7], [2, 2, 5, 6], [3, 3, 1, 7], [10, 4, 3, 8],
[10, 4, 3, 6], [6, 7, 6, 9], [3, 4, 4, 3], [6, 6, 2, 4], [8, 6, 10, 10], [6, 4, 5, 8], [5, 4, 4, 3], [6, 5, 0, 5], [7, 2, 10, 3], [9, 5, 1, 10],
[7, 3, 2, 2], [8, 4, 5, 5], [8, 4, 2, 2], [6, 5, 10, 0], [10, 1, 3, 3], [7, 2, 9, 3], [2, 8, 4, 0], [0, 3, 10, 5], [5, 10, 6, 2], [3, 0, 5, 9],
[4, 7, 0, 8], [10, 8, 8, 9], [10, 10, 0, 4], [10, 9, 7, 1], [4, 10, 10, 2], [2, 7, 7, 7], [6, 2, 9, 7], [2, 3, 5, 4], [8, 6, 1, 8], [3, 8, 4, 0],
[5, 4, 4, 4], [0, 10, 3, 4], [9, 2, 4, 9], [9, 1, 6, 4]]
[1, 1, 0.333333, 0.333333, 0.333333, 0.333333, 0.333333, 0.333333, 0.111111, 0.111111,
0.111111, 0.111111, 0.111111, 0.111111, 0.037037, 0.037037, 0.037037, 0.037037, 0.037037, 0.037037,
0.0123457, 0.0123457, 0.0123457, 0.0123457, 0.0123457, 0.0123457, 0.00411523, 0.00411523, 0.00411523, 0.00411523,
0.00411523, 0.00411523, 0.00137174, 0.00137174, 0.00137174, 0.00137174, 0.00137174, 0.00137174, 0.000457247, 0.000457247,
0.000457247, 0.000457247, 0.000457247, 0.000457247]
[17, 7, 13, 3, 13, 14, 11, 17, 3, 10,
8, 2, 12, 5, 0, 14, 14, 17, 16, 10,
6, 19, 14, 15, 4, 17, 22, 2, 14, 16,
0, 4, 18, 7, 6, 5, 13, 2, 14, 16,
13, 19, 0, 19]
------------------------------------------------------- 
# stage = 8	# children c = 3	length of each stage p = 2	nodes = 43	# items I = 1
