[62, 37, 79, 76, 86, 15, 21, 47, 39, 14,
42, 8, 71, 48, 17, 28, 52, 22, 8, 96,
44, 77, 16, 46, 69, 82, 56, 88, 95, 98,
31, 57, 1, 9, 99, 87, 25, 86, 100, 30,
66, 41, 4, 37, 55, 21, 65, 6, 43, 74,
1, 54, 50, 84, 66, 86, 65, 21, 73, 59,
85, 70, 82, 86, 80, 47, 38, 71, 99]
[[130, 44, 776], [309, 590, 803], [381, 621, 244], [795, 638, 388], [840, 904, 155], [135, 713, 931], [616, 562, 81], [843, 657, 195], [325, 920, 320], [514, 448, 308],
[446, 281, 54], [925, 590, 645], [742, 673, 968], [0, 482, 621], [91, 39, 241], [934, 862, 657], [879, 493, 233], [960, 52, 592], [857, 378, 526], [191, 594, 975],
[201, 55, 958], [256, 980, 264], [603, 438, 937], [585, 141, 136], [908, 232, 863], [852, 180, 739], [225, 73, 934], [458, 735, 689], [65, 606, 769], [293, 499, 377],
[970, 402, 134], [942, 658, 128], [220, 963, 269], [860, 265, 410], [10, 187, 642], [873, 741, 822], [328, 966, 597], [965, 141, 346], [668, 894, 952], [451, 889, 167],
[828, 874, 569], [963, 830, 930], [793, 753, 907], [76, 329, 186], [486, 339, 76], [830, 914, 817], [368, 944, 500], [965, 923, 343], [325, 605, 939], [979, 70, 842],
[848, 601, 730], [432, 280, 277], [376, 87, 732], [297, 852, 75], [186, 54, 414], [262, 885, 44], [93, 955, 2], [295, 935, 926], [638, 962, 545], [591, 956, 318],
[150, 520, 621], [880, 952, 901], [171, 44, 690], [903, 44, 556], [978, 230, 611], [108, 492, 212], [152, 287, 869], [155, 583, 818], [783, 923, 497]]
[[6, 10, 6, 2], [3, 2, 4, 2], [4, 2, 9, 8], [3, 3, 0, 0], [8, 2, 2, 0], [0, 5, 1, 8], [8, 7, 4, 3], [9, 6, 5, 5], [4, 0, 5, 7], [0, 10, 7, 4],
[10, 3, 2, 3], [6, 0, 3, 3], [2, 4, 1, 0], [9, 1, 6, 6], [8, 9, 8, 4], [4, 2, 7, 6], [2, 2, 2, 0], [10, 8, 2, 9], [9, 2, 1, 3], [2, 3, 6, 2],
[7, 6, 0, 5], [7, 5, 0, 2], [3, 8, 6, 5], [8, 1, 1, 8], [3, 1, 8, 2], [7, 0, 0, 6], [0, 0, 9, 1], [3, 2, 3, 10], [6, 2, 4, 2], [7, 2, 2, 8],
[9, 7, 0, 6], [8, 1, 4, 9], [1, 10, 0, 8], [8, 9, 3, 9], [9, 10, 10, 1], [2, 0, 0, 8], [2, 4, 9, 7], [5, 9, 2, 3], [5, 3, 9, 0], [4, 0, 9, 3],
[0, 7, 1, 8], [6, 2, 6, 4], [2, 5, 6, 2], [4, 4, 8, 6], [7, 4, 1, 1], [3, 3, 4, 6], [6, 0, 7, 9], [10, 3, 1, 10], [0, 0, 5, 6], [1, 1, 8, 3],
[4, 1, 3, 8], [6, 0, 2, 2], [3, 1, 1, 6], [4, 3, 10, 9], [1, 4, 7, 0], [8, 6, 10, 6], [5, 5, 10, 6], [4, 7, 7, 6], [7, 10, 2, 2], [8, 2, 2, 0],
[3, 1, 4, 5], [4, 4, 3, 5], [8, 8, 4, 3], [2, 3, 9, 7], [6, 8, 2, 8], [3, 9, 2, 10], [6, 4, 1, 1], [6, 1, 2, 7], [2, 4, 1, 4]]
[1, 1, 1, 0.5, 0.5, 0.5, 0.5, 0.5, 0.5, 0.25,
0.25, 0.25, 0.25, 0.25, 0.25, 0.125, 0.125, 0.125, 0.125, 0.125,
0.125, 0.0625, 0.0625, 0.0625, 0.0625, 0.0625, 0.0625, 0.03125, 0.03125, 0.03125,
0.03125, 0.03125, 0.03125, 0.015625, 0.015625, 0.015625, 0.015625, 0.015625, 0.015625, 0.0078125,
0.0078125, 0.0078125, 0.0078125, 0.0078125, 0.0078125, 0.00390625, 0.00390625, 0.00390625, 0.00390625, 0.00390625,
0.00390625, 0.00195312, 0.00195312, 0.00195312, 0.00195312, 0.00195312, 0.00195312, 0.000976562, 0.000976562, 0.000976562,
0.000976562, 0.000976562, 0.000976562, 0.000488281, 0.000488281, 0.000488281, 0.000488281, 0.000488281, 0.000488281]
[7, 10, 3, 5, 2, 8, 12, 19, 14, 11,
16, 12, 19, 14, 6, 0, 12, 18, 8, 2,
13, 8, 1, 4, 16, 18, 10, 0, 15, 1,
4, 19, 4, 5, 13, 16, 9, 4, 15, 10,
16, 8, 2, 11, 15, 2, 18, 9, 3, 7,
5, 7, 11, 9, 11, 10, 11, 18, 19, 6,
14, 14, 14, 7, 1, 17, 2, 13, 19]
------------------------------------------------------- 
# stage = 12	# children c = 2	length of each stage p = 3	nodes = 68	# items I = 1
