[17, 78, 78, 32, 39, 58, 8, 6, 75, 70,
42, 32, 38, 21, 35, 12, 83, 15, 76, 94,
99, 94, 72, 23, 16, 11, 3, 75, 16, 67,
55, 0, 44, 32, 32, 83, 56, 7, 90, 97,
77, 98, 28, 81, 18, 29]
[[48, 462, 873], [671, 526, 589], [22, 60, 216], [26, 23, 49], [552, 25, 47], [659, 105, 21], [563, 396, 407], [186, 167, 686], [273, 494, 564], [37, 351, 393],
[542, 399, 757], [510, 68, 280], [97, 897, 341], [215, 825, 364], [264, 472, 390], [213, 128, 397], [234, 691, 695], [544, 780, 862], [325, 148, 353], [889, 87, 705],
[279, 629, 101], [132, 137, 71], [314, 234, 63], [655, 351, 888], [115, 518, 357], [407, 731, 486], [706, 868, 174], [398, 507, 49], [355, 734, 198], [610, 718, 285],
[312, 899, 817], [316, 28, 49], [387, 343, 185], [451, 93, 536], [336, 110, 51], [596, 419, 783], [177, 122, 746], [351, 520, 250], [303, 777, 79], [501, 385, 699],
[688, 697, 693], [502, 108, 722], [551, 496, 62], [638, 849, 155], [172, 182, 168], [223, 778, 587]]
[[1, 3, 8, 5], [10, 2, 4, 8], [3, 5, 10, 6], [4, 10, 1, 2], [10, 1, 7, 6], [10, 0, 0, 8], [0, 1, 7, 7], [5, 10, 3, 6], [0, 0, 9, 0], [2, 2, 8, 3],
[6, 6, 9, 10], [3, 8, 2, 0], [9, 9, 4, 7], [8, 5, 2, 8], [4, 9, 2, 9], [7, 5, 3, 5], [3, 1, 3, 5], [4, 10, 7, 8], [5, 3, 7, 8], [1, 7, 6, 8],
[4, 10, 2, 1], [4, 5, 7, 6], [1, 7, 5, 6], [0, 8, 1, 3], [7, 4, 7, 9], [3, 3, 6, 6], [6, 1, 3, 5], [8, 7, 3, 10], [7, 5, 0, 9], [8, 5, 5, 8],
[2, 10, 3, 2], [5, 4, 3, 10], [9, 10, 9, 10], [2, 2, 6, 7], [3, 7, 1, 10], [4, 2, 9, 0], [8, 8, 9, 3], [2, 3, 0, 4], [0, 4, 4, 3], [8, 8, 3, 4],
[5, 10, 2, 6], [1, 8, 2, 5], [2, 1, 4, 6], [4, 0, 4, 10], [8, 1, 2, 0], [2, 1, 2, 3]]
[1, 1, 0.5, 0.5, 0.5, 0.5, 0.25, 0.25, 0.25, 0.25,
0.125, 0.125, 0.125, 0.125, 0.0625, 0.0625, 0.0625, 0.0625, 0.03125, 0.03125,
0.03125, 0.03125, 0.015625, 0.015625, 0.015625, 0.015625, 0.0078125, 0.0078125, 0.0078125, 0.0078125,
0.00390625, 0.00390625, 0.00390625, 0.00390625, 0.00195312, 0.00195312, 0.00195312, 0.00195312, 0.000976562, 0.000976562,
0.000976562, 0.000976562, 0.000488281, 0.000488281, 0.000488281, 0.000488281]
[5, 9, 2, 7, 3, 2, 0, 3, 5, 1,
2, 7, 7, 4, 0, 4, 6, 1, 8, 0,
7, 6, 9, 0, 6, 2, 8, 1, 0, 0,
0, 8, 9, 6, 4, 3, 3, 3, 2, 0,
7, 0, 5, 5, 9, 8]
------------------------------------------------------- 
# stage = 12	# children c = 2	length of each stage p = 2	nodes = 45	# items I = 1
