[81, 1, 88, 94, 2, 67, 38, 7, 30, 80,
82, 56, 81, 34, 88, 95, 69, 46, 94, 78]
[[1753, 618, 1366], [399, 703, 552], [1607, 787, 1276], [1613, 1226, 1133], [1580, 333, 1185], [707, 719, 748], [1753, 1040, 909], [379, 1427, 238], [983, 842, 765], [150, 768, 1612],
[513, 261, 469], [1379, 660, 673], [170, 7, 960], [946, 1620, 425], [319, 939, 259], [1004, 1646, 978], [1752, 1139, 258], [900, 1518, 1185], [639, 740, 266], [1404, 890, 534]]
[[0, 1, 1, 10], [5, 5, 8, 8], [7, 8, 5, 7], [9, 2, 8, 8], [7, 8, 3, 5], [3, 6, 8, 5], [0, 3, 5, 1], [7, 2, 8, 6], [1, 9, 3, 4], [1, 1, 10, 6],
[9, 4, 0, 7], [6, 8, 2, 1], [4, 4, 6, 7], [10, 1, 1, 10], [5, 6, 9, 1], [6, 7, 7, 6], [3, 0, 10, 3], [1, 10, 7, 8], [1, 6, 3, 6], [3, 5, 7, 7]]
[1, 1, 0.333333, 0.333333, 0.333333, 0.333333, 0.333333, 0.333333, 0.111111, 0.111111,
0.111111, 0.111111, 0.111111, 0.111111, 0.037037, 0.037037, 0.037037, 0.037037, 0.037037, 0.037037]
[3, 1, 2, 7, 0, 1, 4, 1, 7, 8,
5, 3, 7, 2, 7, 4, 7, 3, 6, 7]
------------------------------------------------------- 
# stage = 4	# children c = 3	length of each stage p = 2	nodes = 19	# items I = 1
