[7, 26, 31, 58, 18, 60, 49, 56, 72, 53,
62, 65, 73, 6, 58, 32, 0, 61, 73, 8,
2, 89, 70, 15, 99, 4, 93, 98, 68, 80,
77, 75, 72, 8, 99, 91, 68, 47, 46, 5,
0, 74, 70, 39, 46, 94, 71, 46, 21, 43,
20, 90]
[[814, 372, 1566], [1116, 1479, 1279], [669, 1753, 222], [721, 1740, 1346], [710, 41, 1290], [1538, 1385, 145], [1691, 1476, 916], [1581, 1395, 1750], [756, 445, 508], [373, 574, 1338],
[386, 1052, 1374], [1616, 70, 756], [1133, 403, 411], [1019, 1124, 389], [268, 1499, 430], [1222, 1275, 1479], [1367, 868, 1194], [521, 352, 827], [173, 1108, 936], [681, 1481, 1175],
[1683, 1532, 465], [1296, 1386, 536], [290, 422, 939], [701, 1105, 1728], [755, 1373, 1465], [849, 833, 642], [567, 103, 1511], [1761, 624, 101], [490, 462, 1209], [1427, 1143, 592],
[840, 1065, 26], [969, 599, 1077], [1505, 553, 1163], [347, 918, 506], [313, 1673, 1544], [16, 425, 615], [658, 992, 718], [407, 655, 1007], [172, 1145, 1469], [1045, 474, 514],
[1638, 978, 1243], [1328, 1612, 1506], [643, 1355, 297], [1470, 1702, 1216], [215, 1679, 791], [1423, 1695, 1216], [276, 256, 110], [659, 327, 765], [1330, 500, 1575], [701, 1545, 1713],
[879, 1085, 594], [361, 316, 444]]
[[9, 8, 3, 0], [4, 6, 3, 7], [2, 8, 5, 9], [3, 5, 10, 3], [7, 10, 8, 8], [1, 5, 7, 10], [6, 1, 6, 8], [7, 1, 10, 3], [7, 0, 4, 1], [4, 7, 8, 7],
[2, 0, 5, 6], [6, 4, 7, 2], [1, 4, 8, 2], [10, 2, 10, 3], [1, 3, 9, 6], [5, 6, 10, 1], [6, 1, 0, 10], [6, 9, 6, 8], [7, 0, 1, 2], [2, 9, 2, 1],
[0, 8, 3, 8], [8, 1, 0, 10], [4, 9, 3, 7], [4, 0, 7, 8], [1, 7, 8, 5], [3, 3, 1, 0], [2, 2, 2, 2], [9, 3, 4, 8], [0, 5, 5, 9], [4, 6, 6, 7],
[2, 9, 3, 5], [8, 10, 2, 9], [5, 10, 2, 8], [1, 3, 8, 1], [5, 9, 3, 2], [1, 5, 10, 10], [9, 4, 6, 2], [8, 1, 7, 0], [9, 0, 5, 6], [8, 7, 2, 0],
[5, 4, 9, 6], [7, 4, 5, 0], [2, 8, 0, 1], [1, 10, 1, 8], [1, 7, 8, 8], [7, 5, 8, 3], [5, 0, 9, 0], [5, 9, 1, 10], [1, 8, 3, 8], [1, 8, 6, 4],
[4, 6, 5, 3], [3, 6, 0, 3]]
[1, 1, 0.2, 0.2, 0.2, 0.2, 0.2, 0.2, 0.2, 0.2,
0.2, 0.2, 0.04, 0.04, 0.04, 0.04, 0.04, 0.04, 0.04, 0.04,
0.04, 0.04, 0.008, 0.008, 0.008, 0.008, 0.008, 0.008, 0.008, 0.008,
0.008, 0.008, 0.0016, 0.0016, 0.0016, 0.0016, 0.0016, 0.0016, 0.0016, 0.0016,
0.0016, 0.0016, 0.00032, 0.00032, 0.00032, 0.00032, 0.00032, 0.00032, 0.00032, 0.00032,
0.00032, 0.00032]
[1, 11, 4, 7, 10, 5, 16, 17, 10, 1,
8, 10, 12, 1, 11, 10, 15, 1, 12, 16,
2, 12, 4, 16, 14, 11, 16, 4, 1, 9,
7, 3, 5, 1, 8, 16, 15, 7, 2, 14,
0, 17, 9, 4, 6, 17, 11, 13, 3, 9,
10, 2]
------------------------------------------------------- 
# stage = 6	# children c = 5	length of each stage p = 2	nodes = 51	# items I = 1
