[6, 76, 79, 54, 91, 84, 52, 98, 3, 42,
17, 87, 51, 36, 23, 0, 9, 63, 60, 61,
4, 18, 91, 61, 42, 88, 40, 41, 73, 45,
27, 45, 88, 72, 65, 44, 55, 16, 41, 24,
58, 24, 77, 76, 60, 0, 42, 70, 29, 2,
30, 100, 20, 20, 61, 62, 74, 67, 3, 46,
79, 97, 91, 32, 68, 56, 76, 23, 38, 83,
47, 63, 7, 91, 38, 67, 91, 80, 2, 86,
82, 32, 86, 69, 18, 12, 97, 59, 45, 66,
4, 23, 62, 62, 55, 97, 84, 30, 19, 21,
80, 32, 84, 87, 22, 88, 19, 79, 68, 22,
31, 15, 20, 83, 50, 5, 95, 47, 64, 39,
12, 34, 29, 41, 96, 84, 37, 45, 81, 22]
[[651, 905, 550], [397, 965, 429], [362, 518, 502], [983, 781, 436], [479, 113, 77], [165, 424, 187], [863, 981, 694], [550, 134, 464], [748, 217, 456], [871, 217, 389],
[406, 587, 295], [676, 984, 261], [824, 347, 498], [328, 331, 280], [483, 529, 112], [279, 694, 537], [185, 559, 519], [880, 110, 372], [345, 577, 309], [521, 169, 526],
[910, 575, 115], [206, 970, 100], [467, 796, 448], [965, 843, 498], [964, 46, 29], [78, 325, 723], [615, 510, 2], [853, 110, 831], [226, 175, 128], [535, 696, 297],
[781, 607, 592], [896, 813, 563], [996, 0, 79], [164, 965, 641], [663, 930, 687], [692, 727, 731], [135, 62, 961], [138, 915, 72], [688, 861, 965], [816, 116, 662],
[833, 897, 988], [426, 794, 802], [708, 511, 802], [507, 675, 487], [867, 339, 138], [275, 750, 865], [7, 886, 928], [687, 743, 563], [760, 432, 425], [445, 967, 542],
[109, 801, 440], [98, 946, 954], [620, 656, 466], [142, 882, 860], [630, 750, 919], [768, 26, 670], [634, 752, 557], [282, 440, 20], [846, 919, 452], [272, 366, 140],
[533, 194, 941], [693, 292, 889], [648, 631, 265], [833, 774, 866], [413, 405, 617], [333, 892, 363], [5, 246, 116], [281, 529, 275], [302, 95, 196], [473, 367, 562],
[613, 620, 756], [275, 314, 767], [883, 681, 400], [867, 515, 893], [734, 928, 18], [71, 981, 910], [434, 986, 157], [269, 986, 405], [545, 8, 500], [741, 482, 587],
[23, 814, 208], [498, 808, 522], [266, 692, 204], [385, 560, 438], [997, 14, 86], [16, 86, 68], [926, 520, 773], [803, 790, 761], [209, 336, 769], [710, 796, 970],
[298, 819, 505], [225, 318, 314], [747, 303, 726], [670, 408, 6], [827, 406, 21], [913, 423, 107], [701, 69, 346], [475, 872, 137], [955, 801, 192], [445, 231, 707],
[416, 248, 246], [640, 473, 564], [674, 939, 587], [120, 329, 995], [126, 157, 402], [865, 789, 544], [691, 210, 614], [39, 686, 206], [894, 361, 8], [88, 806, 239],
[514, 942, 487], [761, 583, 679], [45, 258, 619], [632, 97, 948], [347, 224, 824], [469, 808, 615], [14, 501, 544], [347, 540, 949], [554, 435, 312], [562, 242, 837],
[521, 757, 780], [727, 238, 365], [408, 283, 342], [746, 635, 440], [696, 701, 383], [240, 171, 192], [574, 904, 693], [120, 252, 234], [70, 806, 389], [382, 89, 631]]
[[0, 0, 7, 5], [5, 0, 6, 1], [7, 4, 2, 1], [2, 8, 4, 4], [1, 6, 7, 0], [3, 2, 6, 8], [3, 10, 3, 0], [7, 5, 7, 5], [3, 4, 9, 6], [4, 4, 6, 0],
[6, 8, 2, 8], [3, 4, 10, 4], [0, 4, 4, 3], [7, 9, 0, 10], [8, 3, 9, 2], [7, 5, 8, 10], [9, 6, 6, 0], [8, 1, 1, 1], [7, 1, 7, 0], [5, 7, 4, 5],
[0, 7, 6, 5], [5, 4, 5, 2], [6, 1, 2, 2], [6, 10, 10, 3], [3, 3, 3, 9], [2, 2, 10, 10], [3, 5, 8, 7], [1, 1, 10, 1], [6, 6, 7, 0], [10, 10, 0, 5],
[0, 3, 5, 4], [0, 5, 7, 2], [8, 9, 0, 9], [0, 9, 8, 4], [3, 5, 9, 2], [4, 8, 1, 0], [1, 6, 9, 1], [5, 10, 4, 3], [0, 8, 6, 0], [2, 0, 2, 8],
[9, 1, 6, 8], [8, 1, 10, 9], [6, 8, 0, 9], [5, 1, 9, 7], [8, 7, 6, 0], [4, 8, 2, 4], [5, 6, 3, 5], [6, 3, 1, 3], [2, 5, 0, 10], [7, 10, 8, 0],
[7, 6, 9, 10], [8, 5, 4, 3], [2, 10, 1, 4], [6, 1, 7, 0], [5, 10, 6, 10], [0, 7, 2, 3], [10, 0, 0, 6], [10, 9, 7, 4], [2, 3, 1, 8], [9, 6, 0, 9],
[3, 0, 2, 9], [10, 7, 8, 5], [4, 1, 4, 5], [8, 4, 6, 7], [4, 6, 1, 1], [2, 6, 3, 5], [9, 2, 2, 5], [6, 1, 1, 10], [10, 2, 6, 7], [9, 1, 10, 3],
[2, 1, 8, 8], [5, 1, 3, 7], [7, 4, 6, 8], [10, 9, 2, 6], [1, 2, 10, 5], [1, 0, 4, 0], [2, 9, 8, 1], [10, 5, 2, 2], [7, 10, 8, 1], [9, 0, 7, 5],
[4, 2, 2, 1], [10, 2, 6, 9], [3, 5, 3, 4], [3, 8, 3, 6], [4, 9, 5, 1], [3, 7, 1, 10], [4, 10, 10, 0], [10, 6, 5, 2], [8, 6, 3, 5], [6, 7, 3, 9],
[10, 7, 1, 3], [2, 4, 7, 6], [2, 10, 5, 5], [4, 7, 5, 6], [4, 2, 6, 3], [8, 0, 3, 3], [4, 7, 9, 9], [1, 1, 7, 1], [8, 8, 2, 8], [10, 9, 3, 1],
[6, 7, 7, 10], [3, 10, 5, 5], [1, 0, 8, 7], [9, 1, 10, 1], [6, 6, 10, 5], [6, 6, 6, 1], [2, 6, 10, 1], [2, 2, 1, 8], [7, 6, 7, 10], [5, 1, 4, 4],
[10, 0, 0, 9], [10, 8, 8, 3], [2, 7, 8, 8], [0, 2, 9, 2], [8, 8, 2, 0], [9, 3, 8, 5], [9, 3, 3, 1], [2, 5, 5, 2], [5, 3, 9, 2], [9, 6, 5, 0],
[2, 3, 8, 2], [5, 7, 3, 2], [2, 3, 0, 0], [4, 9, 4, 0], [1, 7, 1, 3], [1, 4, 3, 5], [5, 1, 7, 3], [5, 2, 2, 5], [3, 10, 8, 8], [4, 9, 8, 5]]
[1, 1, 1, 1, 1, 0.2, 0.2, 0.2, 0.2, 0.2,
0.2, 0.2, 0.2, 0.2, 0.2, 0.2, 0.2, 0.2, 0.2, 0.2,
0.2, 0.2, 0.2, 0.2, 0.2, 0.2, 0.2, 0.2, 0.2, 0.2,
0.04, 0.04, 0.04, 0.04, 0.04, 0.04, 0.04, 0.04, 0.04, 0.04,
0.04, 0.04, 0.04, 0.04, 0.04, 0.04, 0.04, 0.04, 0.04, 0.04,
0.04, 0.04, 0.04, 0.04, 0.04, 0.008, 0.008, 0.008, 0.008, 0.008,
0.008, 0.008, 0.008, 0.008, 0.008, 0.008, 0.008, 0.008, 0.008, 0.008,
0.008, 0.008, 0.008, 0.008, 0.008, 0.008, 0.008, 0.008, 0.008, 0.008,
0.0016, 0.0016, 0.0016, 0.0016, 0.0016, 0.0016, 0.0016, 0.0016, 0.0016, 0.0016,
0.0016, 0.0016, 0.0016, 0.0016, 0.0016, 0.0016, 0.0016, 0.0016, 0.0016, 0.0016,
0.0016, 0.0016, 0.0016, 0.0016, 0.0016, 0.00032, 0.00032, 0.00032, 0.00032, 0.00032,
0.00032, 0.00032, 0.00032, 0.00032, 0.00032, 0.00032, 0.00032, 0.00032, 0.00032, 0.00032,
0.00032, 0.00032, 0.00032, 0.00032, 0.00032, 0.00032, 0.00032, 0.00032, 0.00032, 0.00032]
[9, 8, 4, 6, 1, 3, 8, 7, 0, 1,
7, 7, 9, 8, 9, 0, 5, 8, 3, 4,
9, 5, 4, 6, 0, 5, 7, 3, 0, 1,
9, 1, 1, 5, 8, 2, 2, 6, 3, 3,
4, 3, 3, 3, 2, 6, 7, 6, 9, 5,
6, 7, 9, 5, 0, 6, 0, 9, 8, 1,
8, 4, 7, 5, 6, 8, 2, 3, 2, 3,
0, 0, 2, 6, 3, 1, 8, 0, 9, 8,
0, 2, 3, 3, 5, 8, 0, 7, 9, 3,
4, 9, 3, 3, 7, 2, 7, 1, 9, 8,
4, 3, 9, 9, 6, 7, 2, 8, 6, 0,
3, 4, 8, 5, 3, 7, 6, 6, 2, 7,
2, 5, 3, 2, 6, 6, 8, 4, 7, 7]
------------------------------------------------------- 
# stage = 6	# children c = 5	length of each stage p = 5	nodes = 129	# items I = 1
