[98, 55, 12, 80, 59, 74, 60, 53, 80, 33,
35, 30, 91, 2, 13, 1, 31, 47, 0, 16,
9, 6, 96, 99, 68, 56, 66, 21, 70, 22,
53, 67, 43, 65, 12, 1, 5, 73, 54, 51,
72, 55, 81, 28, 57, 61, 30, 88, 7, 97,
3, 84, 2, 66, 48, 36, 88, 80, 24, 57,
1, 77, 24, 10, 7, 36, 78, 79, 75, 31,
29, 13]
[[825, 1572, 1633], [210, 282, 1237], [1044, 962, 67], [1742, 1152, 410], [1793, 1228, 943], [1444, 1566, 804], [953, 1002, 384], [772, 1275, 1880], [726, 748, 233], [406, 1263, 1477],
[933, 105, 1001], [583, 315, 1219], [1756, 1295, 198], [1759, 989, 1286], [186, 799, 530], [1129, 259, 48], [1870, 1213, 1050], [270, 1921, 278], [102, 599, 1026], [271, 1005, 306],
[1749, 1875, 411], [702, 474, 662], [1922, 182, 1894], [136, 1941, 899], [1358, 79, 1698], [1824, 1145, 1958], [1872, 1031, 1123], [939, 1237, 996], [1217, 1339, 1595], [195, 1547, 617],
[501, 1248, 508], [912, 1950, 918], [1511, 1888, 1100], [1421, 1960, 993], [336, 1270, 1009], [1971, 1110, 170], [1881, 999, 1137], [956, 1874, 390], [1952, 1043, 1665], [1563, 1238, 1228],
[132, 1740, 428], [576, 604, 395], [1494, 131, 235], [546, 1488, 148], [1476, 1761, 1418], [501, 1748, 481], [607, 1581, 1480], [1744, 553, 1370], [150, 521, 429], [1751, 36, 1667],
[932, 169, 1359], [1360, 745, 1964], [1691, 192, 47], [1863, 674, 1536], [27, 102, 1249], [1381, 539, 1013], [1862, 1146, 546], [1294, 842, 1099], [680, 992, 1556], [1045, 696, 1592],
[729, 1628, 1697], [40, 1004, 459], [20, 648, 587], [4, 527, 1197], [1476, 490, 1300], [741, 1871, 1839], [1690, 1686, 938], [252, 996, 1780], [1287, 1613, 725], [859, 674, 1421],
[467, 1339, 1065], [117, 1380, 21]]
[[6, 6, 1, 5], [7, 0, 10, 1], [3, 8, 2, 6], [10, 0, 3, 6], [2, 8, 0, 0], [5, 1, 4, 4], [9, 7, 7, 6], [0, 6, 6, 4], [1, 6, 7, 6], [4, 7, 6, 6],
[2, 8, 10, 1], [7, 2, 5, 7], [10, 5, 6, 2], [5, 10, 7, 3], [5, 1, 7, 5], [7, 3, 8, 7], [7, 4, 2, 0], [9, 8, 6, 0], [4, 6, 1, 0], [8, 6, 5, 6],
[10, 9, 8, 4], [9, 2, 5, 1], [3, 10, 4, 0], [0, 1, 7, 7], [6, 7, 8, 4], [5, 1, 3, 9], [7, 4, 7, 3], [9, 10, 7, 8], [9, 2, 10, 5], [5, 4, 6, 6],
[3, 10, 4, 4], [10, 0, 9, 3], [6, 4, 7, 0], [6, 10, 7, 0], [2, 3, 3, 9], [2, 8, 4, 0], [0, 3, 5, 3], [5, 9, 9, 6], [7, 3, 8, 6], [1, 7, 9, 7],
[0, 3, 5, 4], [1, 1, 5, 1], [2, 8, 10, 3], [4, 1, 1, 4], [2, 5, 5, 7], [3, 3, 0, 10], [4, 9, 3, 6], [3, 10, 0, 1], [3, 6, 6, 2], [5, 0, 3, 8],
[6, 0, 0, 10], [10, 10, 1, 1], [4, 6, 6, 6], [10, 6, 3, 3], [2, 7, 7, 3], [6, 8, 5, 7], [1, 0, 7, 6], [9, 8, 3, 4], [6, 1, 2, 5], [1, 3, 6, 5],
[10, 1, 0, 7], [6, 4, 8, 8], [9, 5, 1, 2], [0, 4, 8, 1], [2, 2, 7, 0], [0, 9, 4, 6], [10, 6, 1, 9], [8, 7, 2, 7], [7, 0, 1, 2], [2, 9, 10, 0],
[3, 9, 1, 1], [2, 7, 2, 4]]
[1, 1, 0.2, 0.2, 0.2, 0.2, 0.2, 0.2, 0.2, 0.2,
0.2, 0.2, 0.04, 0.04, 0.04, 0.04, 0.04, 0.04, 0.04, 0.04,
0.04, 0.04, 0.008, 0.008, 0.008, 0.008, 0.008, 0.008, 0.008, 0.008,
0.008, 0.008, 0.0016, 0.0016, 0.0016, 0.0016, 0.0016, 0.0016, 0.0016, 0.0016,
0.0016, 0.0016, 0.00032, 0.00032, 0.00032, 0.00032, 0.00032, 0.00032, 0.00032, 0.00032,
0.00032, 0.00032, 6.4e-05, 6.4e-05, 6.4e-05, 6.4e-05, 6.4e-05, 6.4e-05, 6.4e-05, 6.4e-05,
6.4e-05, 6.4e-05, 1.28e-05, 1.28e-05, 1.28e-05, 1.28e-05, 1.28e-05, 1.28e-05, 1.28e-05, 1.28e-05,
1.28e-05, 1.28e-05]
[4, 3, 0, 6, 2, 6, 7, 2, 2, 8,
7, 2, 3, 7, 5, 4, 8, 8, 3, 7,
6, 4, 1, 1, 0, 3, 7, 6, 5, 0,
5, 4, 3, 6, 2, 5, 7, 4, 9, 9,
8, 9, 0, 0, 6, 7, 9, 6, 9, 1,
7, 9, 9, 5, 4, 2, 9, 9, 1, 6,
6, 0, 9, 9, 0, 9, 3, 3, 7, 5,
7, 5]
------------------------------------------------------- 
# stage = 8	# children c = 5	length of each stage p = 2	nodes = 71	# items I = 1
