[72, 39, 58, 47, 68, 38, 54, 62, 63, 58,
8, 53, 65, 84, 43, 49, 0, 16, 95, 42]
[[735, 258, 475], [460, 725, 690], [355, 717, 681], [665, 441, 515], [403, 77, 772], [281, 322, 383], [197, 677, 128], [164, 339, 652], [524, 747, 423], [11, 124, 455],
[587, 531, 385], [143, 72, 190], [505, 99, 580], [266, 436, 693], [453, 839, 443], [897, 792, 765], [360, 69, 522], [160, 234, 533], [812, 430, 360], [908, 441, 484]]
[[5, 6, 3, 5], [9, 3, 6, 5], [7, 4, 4, 10], [6, 4, 1, 2], [8, 3, 10, 3], [9, 10, 2, 0], [0, 2, 2, 9], [1, 1, 8, 7], [5, 9, 1, 3], [2, 7, 8, 9],
[9, 10, 6, 5], [3, 7, 5, 9], [8, 4, 0, 4], [2, 2, 4, 2], [2, 5, 10, 4], [4, 7, 0, 9], [3, 10, 10, 5], [4, 7, 1, 3], [4, 7, 6, 6], [1, 0, 4, 10]]
[1, 1, 0.333333, 0.333333, 0.333333, 0.333333, 0.333333, 0.333333, 0.111111, 0.111111,
0.111111, 0.111111, 0.111111, 0.111111, 0.037037, 0.037037, 0.037037, 0.037037, 0.037037, 0.037037]
[1, 0, 0, 1, 1, 7, 4, 9, 8, 3,
9, 4, 7, 5, 7, 0, 0, 6, 4, 3]
------------------------------------------------------- 
# stage = 4	# children c = 3	length of each stage p = 2	nodes = 19	# items I = 1
