[62, 29, 43, 65, 51, 37, 14, 72, 1, 51,
21, 68, 67, 6, 73, 30, 11, 22, 62, 89,
70, 5, 38]
[[834, 1184, 892], [1152, 1656, 641], [1174, 651, 1497], [454, 957, 433], [375, 252, 914], [872, 1673, 35], [1402, 525, 1304], [61, 1588, 1473], [591, 709, 1139], [976, 1238, 1541],
[1261, 368, 677], [449, 1177, 628], [747, 303, 937], [539, 757, 1551], [972, 790, 98], [1543, 1662, 67], [1578, 1017, 249], [834, 1078, 132], [259, 1326, 841], [1056, 254, 374],
[892, 1516, 399], [1227, 1622, 1233], [1512, 664, 1536]]
[[5, 3, 0, 1], [10, 0, 6, 10], [5, 10, 6, 7], [8, 4, 5, 7], [1, 5, 9, 4], [3, 0, 2, 10], [2, 5, 2, 10], [6, 1, 3, 0], [2, 3, 2, 1], [3, 6, 9, 8],
[5, 5, 2, 0], [7, 6, 6, 8], [0, 4, 0, 1], [2, 2, 0, 5], [5, 0, 2, 0], [1, 6, 10, 2], [9, 1, 1, 2], [7, 0, 8, 0], [3, 9, 9, 8], [4, 4, 3, 2],
[6, 3, 3, 9], [4, 1, 1, 9], [0, 3, 8, 1]]
[1, 0.5, 0.5, 0.25, 0.25, 0.125, 0.125, 0.0625, 0.0625, 0.03125,
0.03125, 0.015625, 0.015625, 0.0078125, 0.0078125, 0.00390625, 0.00390625, 0.00195312, 0.00195312, 0.000976562,
0.000976562, 0.000488281, 0.000488281]
[0, 4, 2, 6, 8, 6, 4, 1, 2, 2,
3, 0, 0, 4, 5, 8, 0, 1, 5, 5,
8, 5, 8]
------------------------------------------------------- 
# stage = 12	# children c = 2	length of each stage p = 1	nodes = 22	# items I = 1
