[79, 76, 80, 64, 94, 68, 75, 2, 98, 90,
93, 91, 92, 0, 38, 76, 29, 70, 89, 76,
26, 49, 96, 5, 4, 92, 45, 16, 5, 13,
40, 84, 55, 86, 14, 49, 53, 55, 51, 51,
44, 9, 7, 2, 77, 11, 44, 72, 81, 99,
13, 74, 13, 8, 45, 17, 66, 56, 33, 37,
69, 40, 21, 24, 25, 1, 39, 79, 56, 56,
96, 66, 32, 2, 34, 75, 80, 78, 46, 26,
76, 59, 100, 90, 33, 45, 6, 65, 67, 6,
1, 36, 46, 89, 26, 37, 90, 31, 82, 11,
87, 77, 44, 85, 45, 44, 59, 91, 22, 4,
17, 64, 29, 16, 19, 28, 27, 93, 93, 95,
99, 95, 97, 10, 49, 22, 13, 5, 53, 96]
[[292, 996, 29], [456, 599, 1906], [1068, 1144, 206], [1465, 831, 1130], [695, 764, 961], [1407, 1347, 1587], [911, 1017, 287], [725, 2015, 1797], [826, 510, 1990], [246, 60, 1546],
[1113, 1874, 1934], [1142, 200, 1925], [311, 661, 939], [517, 2126, 1163], [1039, 83, 1319], [1393, 883, 536], [850, 1186, 946], [529, 1911, 831], [1719, 2129, 1341], [1579, 246, 793],
[388, 751, 2059], [192, 1286, 1652], [2118, 1597, 183], [319, 1506, 1701], [874, 1937, 1177], [64, 1200, 2060], [2122, 1442, 508], [938, 1364, 1811], [1161, 953, 1810], [1894, 402, 1448],
[557, 182, 70], [2009, 375, 1356], [1531, 1885, 215], [1714, 74, 1721], [1285, 949, 920], [332, 405, 1513], [1784, 397, 825], [162, 1336, 59], [1973, 367, 1012], [1046, 132, 807],
[364, 81, 989], [1956, 2090, 756], [574, 1491, 511], [789, 1075, 2108], [1902, 1753, 319], [85, 2085, 724], [1598, 1132, 1121], [293, 1294, 327], [1875, 530, 87], [757, 968, 1741],
[956, 724, 1214], [1946, 551, 567], [572, 1125, 2058], [476, 1307, 396], [454, 471, 1541], [773, 556, 1496], [1497, 24, 498], [488, 1840, 1185], [208, 1585, 1107], [1817, 1734, 2075],
[1428, 561, 669], [512, 1899, 612], [1079, 341, 1130], [400, 209, 307], [188, 663, 170], [1729, 828, 119], [487, 1717, 143], [378, 1598, 1375], [1563, 1806, 830], [2062, 1493, 1957],
[2007, 183, 388], [546, 87, 157], [551, 559, 2020], [1681, 351, 100], [1380, 2061, 155], [1550, 1660, 984], [1669, 1539, 571], [1205, 1917, 39], [450, 742, 1237], [673, 674, 2122],
[500, 2073, 1697], [280, 2012, 1785], [437, 433, 1736], [1849, 2114, 2087], [1949, 1364, 2018], [2105, 176, 940], [351, 1238, 349], [314, 313, 1659], [1876, 155, 271], [983, 220, 338],
[368, 112, 281], [2065, 1914, 163], [1720, 221, 596], [1326, 1463, 2102], [675, 1282, 728], [563, 649, 905], [895, 392, 1535], [1245, 707, 1240], [166, 453, 1395], [437, 828, 1008],
[167, 1196, 512], [449, 1132, 297], [4, 114, 2040], [2123, 833, 1373], [2095, 1508, 2048], [694, 1464, 2089], [991, 1751, 352], [396, 866, 1059], [1636, 424, 904], [293, 862, 1124],
[693, 421, 191], [1206, 870, 715], [895, 267, 829], [805, 260, 1054], [1571, 1747, 1955], [1489, 1833, 1289], [840, 694, 302], [1192, 482, 561], [1643, 1510, 985], [1939, 1196, 1847],
[934, 1889, 139], [517, 357, 401], [1232, 1252, 668], [1453, 1450, 320], [378, 283, 2068], [203, 1164, 1771], [884, 2004, 1858], [1186, 1067, 210], [1747, 580, 1113], [603, 1912, 179]]
[[0, 2, 7, 3], [5, 2, 5, 8], [10, 5, 5, 5], [0, 1, 6, 9], [9, 7, 5, 6], [8, 9, 9, 2], [9, 8, 7, 1], [2, 6, 10, 0], [9, 7, 2, 1], [7, 5, 7, 6],
[8, 1, 1, 8], [1, 5, 6, 8], [1, 9, 3, 8], [7, 2, 10, 3], [8, 7, 3, 10], [0, 2, 8, 9], [7, 10, 10, 3], [4, 5, 10, 1], [6, 9, 8, 5], [1, 1, 2, 2],
[0, 6, 10, 5], [6, 8, 7, 3], [2, 10, 0, 2], [10, 8, 1, 7], [8, 9, 8, 10], [3, 7, 10, 8], [3, 7, 2, 4], [6, 3, 5, 4], [9, 2, 8, 4], [10, 4, 5, 1],
[1, 5, 4, 0], [2, 3, 7, 8], [10, 5, 8, 1], [10, 5, 7, 1], [1, 7, 3, 5], [10, 8, 10, 8], [0, 7, 10, 8], [9, 2, 10, 10], [7, 1, 10, 8], [4, 5, 3, 1],
[8, 0, 0, 5], [5, 7, 6, 4], [4, 8, 10, 1], [3, 7, 8, 1], [3, 5, 10, 10], [8, 9, 9, 2], [8, 6, 10, 10], [0, 1, 0, 6], [10, 1, 1, 5], [6, 5, 7, 8],
[2, 4, 10, 6], [0, 7, 7, 1], [1, 6, 0, 9], [2, 9, 10, 10], [3, 7, 9, 3], [8, 8, 8, 8], [9, 9, 0, 2], [3, 7, 0, 6], [10, 10, 10, 10], [6, 6, 1, 7],
[0, 10, 4, 0], [9, 3, 0, 1], [8, 7, 2, 6], [4, 10, 3, 0], [6, 3, 3, 10], [8, 3, 3, 7], [2, 2, 5, 6], [6, 4, 0, 4], [3, 2, 5, 10], [3, 3, 9, 1],
[10, 1, 7, 2], [9, 8, 2, 5], [0, 3, 2, 6], [6, 5, 1, 6], [5, 6, 10, 9], [8, 0, 3, 0], [2, 6, 0, 6], [9, 9, 7, 8], [8, 1, 8, 5], [9, 0, 10, 7],
[3, 1, 2, 8], [4, 1, 1, 7], [7, 1, 3, 2], [1, 4, 3, 3], [10, 1, 7, 8], [8, 1, 4, 6], [2, 1, 9, 0], [10, 8, 5, 1], [7, 8, 9, 9], [7, 10, 3, 4],
[0, 6, 6, 10], [0, 7, 1, 10], [8, 8, 6, 4], [10, 10, 8, 1], [9, 6, 0, 9], [1, 5, 10, 8], [0, 6, 4, 8], [5, 7, 10, 4], [0, 3, 3, 0], [9, 4, 9, 4],
[0, 4, 8, 10], [1, 5, 9, 10], [9, 7, 6, 10], [0, 3, 5, 0], [7, 9, 6, 0], [3, 3, 4, 4], [7, 5, 2, 5], [10, 0, 9, 10], [4, 5, 7, 3], [10, 5, 1, 9],
[0, 7, 6, 0], [9, 1, 9, 5], [8, 5, 5, 1], [8, 7, 3, 2], [2, 5, 5, 10], [4, 4, 9, 8], [9, 3, 1, 6], [6, 0, 2, 6], [5, 9, 4, 3], [8, 3, 7, 5],
[6, 10, 6, 1], [5, 7, 4, 7], [0, 9, 6, 4], [0, 2, 10, 7], [3, 9, 1, 9], [9, 1, 5, 4], [10, 9, 5, 7], [10, 10, 2, 5], [10, 6, 7, 2], [1, 9, 9, 1]]
[1, 1, 1, 1, 1, 0.2, 0.2, 0.2, 0.2, 0.2,
0.2, 0.2, 0.2, 0.2, 0.2, 0.2, 0.2, 0.2, 0.2, 0.2,
0.2, 0.2, 0.2, 0.2, 0.2, 0.2, 0.2, 0.2, 0.2, 0.2,
0.04, 0.04, 0.04, 0.04, 0.04, 0.04, 0.04, 0.04, 0.04, 0.04,
0.04, 0.04, 0.04, 0.04, 0.04, 0.04, 0.04, 0.04, 0.04, 0.04,
0.04, 0.04, 0.04, 0.04, 0.04, 0.008, 0.008, 0.008, 0.008, 0.008,
0.008, 0.008, 0.008, 0.008, 0.008, 0.008, 0.008, 0.008, 0.008, 0.008,
0.008, 0.008, 0.008, 0.008, 0.008, 0.008, 0.008, 0.008, 0.008, 0.008,
0.0016, 0.0016, 0.0016, 0.0016, 0.0016, 0.0016, 0.0016, 0.0016, 0.0016, 0.0016,
0.0016, 0.0016, 0.0016, 0.0016, 0.0016, 0.0016, 0.0016, 0.0016, 0.0016, 0.0016,
0.0016, 0.0016, 0.0016, 0.0016, 0.0016, 0.00032, 0.00032, 0.00032, 0.00032, 0.00032,
0.00032, 0.00032, 0.00032, 0.00032, 0.00032, 0.00032, 0.00032, 0.00032, 0.00032, 0.00032,
0.00032, 0.00032, 0.00032, 0.00032, 0.00032, 0.00032, 0.00032, 0.00032, 0.00032, 0.00032]
[2, 2, 4, 10, 4, 4, 7, 5, 1, 7,
5, 1, 8, 0, 0, 0, 7, 7, 0, 2,
1, 7, 4, 6, 0, 4, 7, 1, 6, 10,
1, 9, 9, 5, 10, 10, 9, 6, 5, 6,
0, 10, 5, 6, 8, 6, 3, 4, 6, 9,
1, 3, 2, 2, 7, 9, 6, 10, 4, 9,
1, 6, 5, 4, 5, 3, 6, 5, 0, 3,
1, 1, 8, 7, 5, 8, 5, 8, 1, 8,
10, 1, 2, 1, 0, 8, 4, 8, 7, 7,
5, 5, 6, 8, 0, 1, 2, 3, 8, 6,
5, 6, 7, 4, 4, 2, 3, 6, 8, 4,
7, 3, 8, 0, 8, 10, 5, 6, 8, 3,
9, 7, 0, 9, 4, 1, 6, 4, 8, 4]
------------------------------------------------------- 
# stage = 6	# children c = 5	length of each stage p = 5	nodes = 129	# items I = 1
