[7, 67, 2, 15, 34, 40, 57, 62, 36, 97,
93, 24, 65, 86, 91, 6, 3, 10, 24, 52,
79, 97, 24, 7, 12, 70, 1, 96, 79, 48,
26, 53, 14, 95, 68, 14, 0, 91, 42, 37,
54, 35, 27, 18, 87, 17, 91, 90, 94, 14,
7, 72, 77, 31, 45, 90, 67, 46, 51, 11,
94, 43, 64, 74, 4, 98, 54, 4, 89, 97,
7, 42, 98, 34, 26, 84, 17, 84, 39, 10]
[[1448, 1518, 17], [193, 1512, 165], [849, 1794, 1095], [703, 1445, 1779], [1248, 1562, 1398], [1694, 1276, 1714], [892, 582, 133], [498, 1246, 1048], [1788, 1078, 1283], [222, 832, 1632],
[681, 429, 1299], [975, 899, 1237], [1418, 1748, 1181], [662, 601, 1052], [868, 275, 1040], [415, 118, 465], [555, 1010, 1325], [966, 1785, 997], [440, 1722, 501], [1723, 370, 1333],
[1504, 1328, 188], [1230, 453, 1087], [616, 20, 985], [223, 959, 1586], [1275, 1827, 10], [465, 668, 405], [1207, 1501, 1415], [958, 616, 1349], [105, 1333, 1498], [606, 1483, 294],
[89, 1413, 1623], [277, 792, 502], [1642, 1409, 799], [776, 1632, 1758], [788, 1334, 161], [798, 1799, 1106], [1480, 1432, 756], [1044, 540, 1649], [819, 922, 1409], [743, 1528, 1041],
[1038, 43, 603], [1087, 598, 1396], [1589, 389, 1231], [814, 1165, 1289], [998, 102, 772], [1159, 1177, 997], [692, 806, 579], [1448, 276, 1396], [1524, 1372, 467], [1082, 265, 421],
[272, 1303, 742], [1152, 539, 1340], [697, 554, 155], [354, 1368, 1597], [1644, 515, 125], [565, 101, 1302], [1563, 793, 534], [568, 390, 1087], [390, 340, 608], [857, 1422, 873],
[1555, 120, 602], [446, 1273, 1418], [1786, 396, 121], [367, 1028, 1489], [113, 821, 431], [238, 1663, 532], [1817, 1375, 1325], [777, 369, 141], [13, 759, 482], [899, 42, 330],
[198, 1598, 451], [1078, 470, 150], [645, 683, 823], [767, 1050, 0], [682, 1164, 821], [1113, 1402, 634], [1645, 1369, 435], [1396, 572, 1082], [1538, 586, 267], [446, 1762, 310]]
[[2, 7, 9, 1], [7, 4, 3, 2], [1, 8, 6, 0], [3, 1, 4, 9], [4, 8, 1, 8], [2, 2, 9, 6], [3, 1, 6, 10], [4, 5, 2, 6], [10, 9, 7, 6], [3, 8, 6, 2],
[5, 2, 2, 7], [1, 4, 3, 5], [2, 4, 3, 2], [7, 10, 9, 8], [0, 4, 7, 4], [8, 7, 9, 7], [6, 3, 1, 7], [1, 7, 9, 4], [7, 9, 9, 8], [3, 2, 1, 3],
[6, 2, 5, 0], [1, 1, 6, 2], [4, 3, 4, 1], [8, 2, 6, 3], [4, 5, 8, 3], [2, 4, 5, 7], [3, 4, 5, 4], [4, 6, 7, 8], [8, 10, 7, 7], [1, 2, 9, 5],
[3, 1, 4, 1], [1, 8, 2, 5], [3, 0, 8, 3], [2, 3, 10, 3], [7, 2, 7, 9], [8, 1, 6, 3], [10, 2, 0, 9], [5, 7, 1, 8], [8, 5, 7, 10], [2, 10, 4, 5],
[8, 2, 6, 10], [3, 6, 1, 8], [8, 8, 6, 4], [8, 1, 7, 5], [4, 5, 3, 9], [2, 4, 4, 8], [9, 1, 7, 9], [9, 10, 2, 6], [10, 8, 5, 2], [1, 4, 10, 10],
[0, 5, 1, 8], [6, 6, 2, 8], [1, 5, 4, 1], [9, 9, 9, 5], [8, 4, 1, 6], [3, 3, 1, 2], [1, 4, 2, 0], [7, 1, 10, 7], [4, 0, 4, 8], [7, 4, 6, 6],
[7, 10, 7, 3], [6, 3, 6, 1], [7, 7, 5, 8], [0, 4, 8, 10], [7, 10, 10, 3], [9, 8, 10, 0], [6, 1, 9, 0], [3, 2, 6, 10], [10, 0, 0, 4], [4, 6, 5, 9],
[0, 9, 5, 0], [2, 2, 8, 9], [0, 6, 10, 9], [3, 9, 8, 9], [8, 6, 8, 0], [8, 3, 8, 5], [2, 8, 9, 4], [1, 4, 2, 0], [2, 7, 0, 2], [8, 7, 10, 8]]
[1, 1, 1, 1, 1, 0.333333, 0.333333, 0.333333, 0.333333, 0.333333,
0.333333, 0.333333, 0.333333, 0.333333, 0.333333, 0.333333, 0.333333, 0.333333, 0.333333, 0.333333,
0.111111, 0.111111, 0.111111, 0.111111, 0.111111, 0.111111, 0.111111, 0.111111, 0.111111, 0.111111,
0.111111, 0.111111, 0.111111, 0.111111, 0.111111, 0.037037, 0.037037, 0.037037, 0.037037, 0.037037,
0.037037, 0.037037, 0.037037, 0.037037, 0.037037, 0.037037, 0.037037, 0.037037, 0.037037, 0.037037,
0.0123457, 0.0123457, 0.0123457, 0.0123457, 0.0123457, 0.0123457, 0.0123457, 0.0123457, 0.0123457, 0.0123457,
0.0123457, 0.0123457, 0.0123457, 0.0123457, 0.0123457, 0.00411523, 0.00411523, 0.00411523, 0.00411523, 0.00411523,
0.00411523, 0.00411523, 0.00411523, 0.00411523, 0.00411523, 0.00411523, 0.00411523, 0.00411523, 0.00411523, 0.00411523]
[5, 2, 2, 4, 4, 8, 3, 0, 4, 4,
8, 9, 6, 6, 2, 1, 6, 5, 0, 7,
8, 4, 0, 1, 7, 1, 1, 8, 0, 9,
8, 1, 8, 4, 9, 5, 0, 1, 3, 9,
0, 0, 0, 2, 4, 4, 4, 0, 6, 3,
0, 5, 8, 3, 2, 6, 4, 8, 4, 8,
4, 6, 9, 5, 3, 5, 7, 5, 0, 4,
2, 7, 7, 6, 1, 4, 8, 8, 9, 7]
------------------------------------------------------- 
# stage = 6	# children c = 3	length of each stage p = 5	nodes = 79	# items I = 1
