[31, 97, 0, 48, 40, 93, 68, 42, 89, 5,
48, 79, 18, 25, 55, 67, 23, 66, 70, 40,
74, 74, 4, 51, 21, 4, 10, 45, 13, 10,
41, 44, 7, 42, 58, 13, 34, 93, 55, 89,
98, 3, 34, 16, 95, 89, 49, 17, 55, 18,
23, 95, 92, 94, 11, 79, 98, 21, 90, 77,
99, 30, 88, 72, 72, 45, 85, 72, 37, 6,
61, 35, 9, 61, 51, 70, 49, 66, 53, 70,
84, 76, 64, 41, 69, 76, 86, 32, 63, 75,
8, 61, 71, 96, 32, 43, 41, 17, 81, 78,
23, 7, 12, 99, 68, 29, 34, 17, 95, 87,
87, 44, 28, 17, 51, 63, 93, 2, 95, 55,
77, 2, 83, 48, 99, 14, 57, 5, 98, 3]
[[2207, 585, 953], [11, 1800, 949], [1129, 307, 52], [2061, 582, 1096], [959, 1199, 157], [398, 273, 96], [2130, 714, 987], [800, 2003, 2222], [2273, 1462, 723], [102, 901, 1404],
[1913, 757, 1989], [202, 454, 1125], [1151, 1269, 1118], [1203, 980, 1700], [1986, 1939, 234], [1829, 2023, 507], [1925, 1489, 1222], [248, 2289, 560], [119, 1897, 2022], [843, 1999, 572],
[2247, 1247, 1016], [1572, 1449, 1156], [32, 2286, 75], [1150, 825, 741], [499, 460, 329], [419, 1975, 2038], [926, 1549, 1176], [1834, 1797, 800], [2080, 1603, 32], [1752, 95, 2031],
[2010, 2028, 614], [361, 1249, 1749], [1518, 1281, 1685], [1593, 80, 159], [2020, 265, 305], [2035, 684, 2280], [1722, 1297, 1164], [234, 466, 297], [720, 196, 1900], [753, 1948, 1681],
[119, 1293, 1358], [733, 1655, 2294], [132, 822, 1224], [1503, 2101, 991], [1348, 1770, 942], [1653, 1454, 1313], [1268, 511, 259], [81, 745, 725], [64, 1152, 607], [1964, 1905, 204],
[980, 2024, 1184], [2339, 93, 488], [1968, 2262, 996], [841, 1100, 746], [1518, 97, 165], [110, 1750, 1305], [1423, 667, 1816], [1368, 434, 2248], [1779, 499, 1049], [36, 2149, 603],
[2277, 779, 2313], [1110, 453, 2092], [1284, 70, 2003], [2280, 597, 752], [675, 2116, 535], [526, 1912, 2285], [1517, 670, 287], [983, 2038, 722], [566, 1152, 907], [1615, 1188, 705],
[1904, 1115, 1484], [1866, 1911, 1937], [1608, 845, 2007], [946, 460, 254], [1385, 1136, 2056], [1920, 1348, 1303], [1541, 515, 1973], [1828, 1184, 1346], [2236, 1750, 147], [792, 1014, 1022],
[1498, 567, 1823], [631, 2119, 1383], [2255, 1062, 1914], [1597, 2009, 24], [1537, 729, 846], [928, 298, 2194], [2231, 1839, 44], [1539, 1003, 914], [534, 888, 313], [368, 1681, 1013],
[1076, 514, 1266], [548, 831, 1035], [1617, 735, 1783], [1181, 2019, 1441], [891, 1205, 1856], [1737, 2134, 2155], [1266, 1700, 1329], [997, 889, 2018], [1911, 1109, 556], [1911, 1163, 1923],
[573, 2239, 2123], [1840, 436, 603], [210, 2054, 1025], [1993, 570, 693], [770, 1147, 1584], [275, 219, 1367], [2116, 1485, 403], [781, 2168, 1292], [448, 1729, 2087], [690, 975, 900],
[2299, 1548, 474], [2071, 723, 911], [324, 933, 300], [1349, 262, 556], [1728, 1032, 1703], [961, 993, 1922], [2015, 445, 742], [67, 1226, 246], [1045, 1360, 1661], [467, 2051, 285],
[1367, 1685, 1833], [1842, 1406, 2243], [88, 1730, 825], [74, 414, 773], [316, 2142, 1491], [2019, 438, 134], [1276, 2139, 579], [1704, 2206, 1491], [1950, 586, 500], [1260, 1054, 2237]]
[[10, 10, 1, 8], [9, 3, 8, 3], [0, 8, 8, 2], [0, 6, 0, 8], [5, 3, 8, 8], [8, 8, 4, 5], [2, 10, 0, 2], [8, 10, 1, 5], [8, 0, 2, 6], [2, 9, 8, 2],
[6, 5, 4, 4], [1, 4, 1, 6], [5, 8, 2, 1], [5, 6, 6, 5], [3, 6, 7, 0], [4, 6, 5, 1], [7, 6, 5, 9], [2, 2, 9, 8], [8, 3, 1, 7], [5, 1, 2, 0],
[7, 2, 10, 1], [8, 3, 4, 9], [10, 9, 9, 1], [4, 2, 0, 9], [6, 5, 5, 8], [8, 4, 3, 3], [5, 4, 10, 10], [3, 10, 8, 10], [2, 5, 9, 8], [9, 2, 7, 6],
[9, 3, 7, 3], [3, 7, 10, 9], [1, 5, 4, 7], [7, 5, 10, 1], [10, 7, 9, 0], [7, 7, 0, 7], [1, 7, 4, 10], [8, 9, 5, 6], [2, 10, 7, 5], [4, 7, 2, 6],
[10, 4, 0, 6], [10, 0, 7, 7], [7, 5, 5, 1], [10, 3, 8, 10], [0, 0, 7, 8], [9, 0, 1, 9], [10, 9, 4, 4], [5, 4, 8, 4], [6, 8, 10, 3], [6, 4, 10, 1],
[7, 3, 0, 5], [6, 9, 4, 6], [9, 0, 1, 5], [9, 3, 4, 9], [1, 6, 0, 4], [10, 6, 6, 3], [1, 3, 7, 8], [7, 4, 7, 1], [7, 7, 6, 3], [5, 8, 7, 1],
[7, 9, 7, 5], [10, 0, 1, 9], [6, 1, 2, 3], [5, 6, 4, 7], [9, 0, 4, 3], [3, 9, 4, 8], [5, 9, 0, 9], [6, 6, 8, 2], [2, 4, 8, 1], [2, 9, 10, 6],
[9, 10, 7, 3], [5, 1, 10, 1], [1, 1, 4, 2], [10, 8, 0, 3], [6, 9, 1, 0], [4, 7, 2, 6], [10, 8, 7, 1], [5, 4, 6, 1], [1, 2, 4, 4], [3, 2, 5, 3],
[1, 9, 5, 10], [7, 5, 2, 0], [4, 1, 9, 6], [8, 10, 2, 7], [7, 7, 7, 10], [10, 2, 0, 0], [4, 3, 5, 6], [5, 10, 9, 4], [9, 3, 3, 3], [7, 3, 1, 9],
[4, 0, 4, 0], [10, 4, 5, 4], [10, 1, 4, 9], [1, 4, 7, 4], [7, 1, 10, 10], [10, 8, 4, 8], [9, 5, 9, 3], [9, 8, 1, 2], [6, 4, 0, 3], [6, 6, 8, 5],
[7, 10, 1, 9], [1, 9, 0, 9], [8, 10, 6, 7], [5, 8, 2, 3], [3, 9, 7, 1], [7, 6, 1, 2], [8, 2, 4, 2], [8, 1, 5, 2], [9, 7, 9, 10], [3, 9, 6, 0],
[8, 2, 8, 2], [10, 8, 4, 0], [7, 9, 10, 3], [2, 1, 3, 0], [1, 7, 0, 9], [6, 5, 9, 4], [10, 8, 2, 2], [6, 8, 1, 2], [8, 9, 4, 6], [4, 6, 6, 0],
[4, 6, 3, 7], [7, 7, 5, 6], [1, 5, 4, 8], [8, 0, 10, 8], [8, 1, 8, 2], [10, 9, 4, 5], [5, 6, 0, 10], [2, 7, 10, 6], [2, 1, 0, 7], [6, 3, 2, 7]]
[1, 1, 1, 1, 1, 0.2, 0.2, 0.2, 0.2, 0.2,
0.2, 0.2, 0.2, 0.2, 0.2, 0.2, 0.2, 0.2, 0.2, 0.2,
0.2, 0.2, 0.2, 0.2, 0.2, 0.2, 0.2, 0.2, 0.2, 0.2,
0.04, 0.04, 0.04, 0.04, 0.04, 0.04, 0.04, 0.04, 0.04, 0.04,
0.04, 0.04, 0.04, 0.04, 0.04, 0.04, 0.04, 0.04, 0.04, 0.04,
0.04, 0.04, 0.04, 0.04, 0.04, 0.008, 0.008, 0.008, 0.008, 0.008,
0.008, 0.008, 0.008, 0.008, 0.008, 0.008, 0.008, 0.008, 0.008, 0.008,
0.008, 0.008, 0.008, 0.008, 0.008, 0.008, 0.008, 0.008, 0.008, 0.008,
0.0016, 0.0016, 0.0016, 0.0016, 0.0016, 0.0016, 0.0016, 0.0016, 0.0016, 0.0016,
0.0016, 0.0016, 0.0016, 0.0016, 0.0016, 0.0016, 0.0016, 0.0016, 0.0016, 0.0016,
0.0016, 0.0016, 0.0016, 0.0016, 0.0016, 0.00032, 0.00032, 0.00032, 0.00032, 0.00032,
0.00032, 0.00032, 0.00032, 0.00032, 0.00032, 0.00032, 0.00032, 0.00032, 0.00032, 0.00032,
0.00032, 0.00032, 0.00032, 0.00032, 0.00032, 0.00032, 0.00032, 0.00032, 0.00032, 0.00032]
[20, 18, 3, 21, 5, 13, 14, 23, 23, 11,
19, 9, 3, 3, 22, 8, 23, 22, 3, 19,
14, 15, 11, 11, 11, 20, 23, 5, 6, 9,
10, 15, 12, 20, 16, 8, 16, 3, 6, 7,
4, 23, 16, 15, 12, 19, 9, 17, 7, 13,
21, 22, 13, 10, 7, 20, 12, 0, 0, 19,
23, 19, 9, 6, 10, 17, 0, 13, 9, 0,
8, 12, 8, 9, 3, 4, 3, 11, 20, 22,
4, 6, 14, 10, 11, 0, 23, 16, 1, 7,
21, 7, 3, 6, 3, 14, 3, 3, 8, 1,
16, 14, 21, 14, 7, 11, 16, 22, 20, 20,
16, 22, 7, 20, 7, 18, 6, 22, 7, 10,
17, 11, 7, 5, 21, 18, 12, 16, 10, 18]
------------------------------------------------------- 
# stage = 6	# children c = 5	length of each stage p = 5	nodes = 129	# items I = 1
