[34, 10, 16, 78, 91, 79, 23, 73, 50, 52,
24, 9, 55, 8, 83, 100, 22, 14, 45, 65,
16, 84, 78, 96, 99, 90, 43, 68, 24, 70,
16, 24, 46, 32]
[[697, 870, 802], [551, 118, 326], [334, 93, 732], [143, 538, 737], [672, 373, 702], [856, 615, 299], [394, 792, 53], [664, 713, 70], [52, 580, 650], [91, 27, 480],
[690, 675, 479], [621, 305, 597], [76, 640, 640], [759, 733, 258], [625, 534, 631], [406, 520, 326], [705, 864, 247], [709, 658, 90], [779, 660, 620], [558, 751, 597],
[167, 521, 351], [596, 271, 657], [272, 298, 426], [42, 186, 288], [300, 761, 822], [10, 296, 421], [336, 131, 415], [534, 790, 152], [574, 648, 762], [323, 286, 642],
[49, 403, 292], [351, 129, 514], [137, 401, 812], [563, 393, 77]]
[[4, 4, 6, 1], [7, 2, 1, 8], [3, 5, 5, 6], [2, 0, 7, 9], [6, 10, 7, 6], [5, 5, 10, 7], [1, 6, 3, 6], [6, 1, 1, 9], [5, 5, 8, 1], [7, 7, 7, 9],
[2, 2, 4, 2], [0, 0, 1, 6], [10, 8, 1, 4], [2, 10, 9, 1], [5, 0, 5, 10], [1, 6, 6, 4], [1, 3, 5, 6], [10, 0, 4, 1], [2, 8, 2, 0], [8, 3, 5, 6],
[0, 4, 8, 0], [3, 5, 2, 7], [5, 5, 4, 4], [1, 10, 8, 0], [0, 0, 6, 10], [0, 0, 10, 0], [6, 1, 1, 2], [4, 6, 8, 2], [10, 5, 0, 1], [10, 0, 6, 2],
[6, 10, 6, 5], [7, 1, 3, 7], [2, 9, 6, 2], [7, 3, 3, 3]]
[1, 0.333333, 0.333333, 0.333333, 0.111111, 0.111111, 0.111111, 0.037037, 0.037037, 0.037037,
0.0123457, 0.0123457, 0.0123457, 0.00411523, 0.00411523, 0.00411523, 0.00137174, 0.00137174, 0.00137174, 0.000457247,
0.000457247, 0.000457247, 0.000152416, 0.000152416, 0.000152416, 5.08053e-05, 5.08053e-05, 5.08053e-05, 1.69351e-05, 1.69351e-05,
1.69351e-05, 5.64503e-06, 5.64503e-06, 5.64503e-06]
[12, 11, 7, 6, 2, 3, 13, 1, 4, 14,
16, 3, 6, 1, 1, 5, 15, 0, 11, 9,
16, 15, 7, 14, 15, 0, 13, 5, 17, 11,
9, 13, 12, 10]
------------------------------------------------------- 
# stage = 12	# children c = 3	length of each stage p = 1	nodes = 33	# items I = 1
