[19, 85, 46, 36, 69, 26, 53, 29, 54, 49,
67, 40, 15, 9, 92, 66, 33, 70, 51, 3,
63, 11, 36]
[[480, 872, 459], [913, 129, 542], [856, 207, 671], [644, 160, 300], [85, 888, 917], [58, 648, 97], [128, 419, 614], [448, 755, 821], [396, 972, 13], [366, 645, 954],
[179, 469, 197], [956, 408, 644], [524, 290, 851], [539, 279, 37], [839, 364, 925], [126, 422, 917], [223, 550, 680], [181, 343, 461], [28, 83, 778], [359, 449, 449],
[658, 628, 918], [855, 610, 352], [525, 478, 961]]
[[2, 0, 5, 0], [4, 6, 7, 3], [1, 2, 2, 4], [3, 5, 2, 10], [5, 4, 9, 9], [2, 0, 5, 3], [2, 6, 10, 3], [2, 7, 4, 2], [7, 10, 2, 10], [5, 7, 2, 4],
[7, 2, 8, 0], [7, 8, 10, 0], [1, 7, 9, 1], [5, 4, 5, 7], [8, 2, 9, 10], [7, 0, 0, 4], [8, 2, 1, 0], [8, 3, 4, 4], [5, 10, 4, 10], [6, 2, 8, 5],
[7, 7, 7, 1], [9, 10, 6, 4], [1, 4, 1, 9]]
[1, 0.5, 0.5, 0.25, 0.25, 0.125, 0.125, 0.0625, 0.0625, 0.03125,
0.03125, 0.015625, 0.015625, 0.0078125, 0.0078125, 0.00390625, 0.00390625, 0.00195312, 0.00195312, 0.000976562,
0.000976562, 0.000488281, 0.000488281]
[13, 5, 18, 13, 10, 14, 16, 0, 19, 2,
3, 9, 15, 6, 14, 8, 9, 16, 8, 15,
15, 0, 17]
------------------------------------------------------- 
# stage = 12	# children c = 2	length of each stage p = 1	nodes = 22	# items I = 1
