[84, 60, 75, 47, 55, 52, 100, 83, 40, 17,
61, 61, 34, 81, 5, 40, 50, 51, 88, 33,
17, 3, 89, 18, 75, 40, 72, 11, 37, 35,
44, 20, 61, 19, 33, 16, 37, 32, 65, 44,
16, 25, 4, 50, 72, 9, 91, 22, 60, 44,
55, 43, 47, 9, 61, 88, 16, 100, 66, 53,
0, 9, 39, 61, 28, 39, 77, 32, 71]
[[231, 711, 24], [147, 968, 247], [478, 221, 210], [578, 561, 322], [1002, 978, 555], [951, 653, 30], [15, 334, 615], [309, 562, 344], [348, 585, 772], [469, 471, 945],
[319, 702, 185], [343, 381, 151], [122, 859, 372], [332, 970, 933], [187, 969, 441], [742, 449, 91], [304, 999, 425], [919, 305, 987], [795, 654, 101], [564, 120, 104],
[39, 439, 806], [224, 314, 719], [910, 436, 576], [815, 768, 75], [745, 487, 41], [718, 762, 490], [809, 63, 486], [766, 515, 323], [283, 307, 977], [384, 404, 629],
[489, 978, 65], [827, 199, 379], [544, 642, 347], [652, 454, 113], [259, 731, 132], [300, 447, 426], [322, 253, 490], [340, 552, 537], [663, 835, 376], [638, 216, 312],
[264, 237, 287], [865, 597, 19], [776, 673, 661], [121, 857, 647], [769, 113, 375], [433, 413, 354], [860, 267, 608], [882, 607, 692], [416, 267, 524], [324, 437, 272],
[637, 234, 510], [456, 631, 104], [7, 404, 309], [668, 57, 163], [847, 358, 276], [220, 792, 221], [574, 649, 488], [714, 528, 627], [403, 476, 426], [927, 332, 864],
[732, 501, 630], [239, 958, 258], [878, 497, 194], [184, 698, 787], [882, 542, 142], [155, 762, 934], [911, 869, 112], [931, 112, 172], [555, 48, 648]]
[[2, 3, 8, 5], [2, 7, 3, 5], [8, 5, 1, 5], [9, 9, 10, 1], [8, 6, 5, 1], [3, 10, 0, 7], [4, 4, 9, 4], [10, 0, 6, 1], [1, 3, 5, 3], [8, 8, 8, 3],
[0, 7, 9, 7], [6, 6, 6, 1], [1, 9, 2, 3], [8, 2, 10, 0], [6, 8, 2, 3], [7, 8, 5, 8], [10, 10, 1, 5], [5, 7, 7, 3], [4, 5, 10, 8], [9, 6, 9, 8],
[4, 9, 0, 0], [0, 8, 9, 4], [4, 0, 8, 0], [7, 0, 6, 6], [8, 5, 9, 2], [0, 5, 5, 2], [8, 2, 10, 6], [6, 6, 4, 9], [4, 2, 9, 2], [0, 5, 6, 4],
[5, 1, 2, 1], [1, 6, 5, 9], [10, 4, 9, 10], [9, 1, 1, 7], [4, 9, 0, 8], [4, 4, 6, 6], [7, 2, 8, 5], [7, 3, 7, 0], [5, 7, 1, 4], [2, 5, 1, 1],
[7, 10, 9, 3], [10, 10, 10, 1], [6, 9, 9, 8], [2, 5, 3, 7], [7, 0, 1, 2], [2, 6, 2, 5], [2, 1, 9, 5], [6, 10, 4, 2], [8, 3, 6, 5], [0, 3, 6, 5],
[1, 2, 2, 2], [5, 6, 7, 2], [6, 9, 4, 6], [4, 4, 0, 5], [5, 10, 8, 1], [7, 1, 1, 2], [2, 7, 7, 1], [9, 0, 6, 10], [3, 8, 10, 8], [1, 7, 8, 6],
[3, 10, 1, 5], [1, 2, 10, 7], [10, 7, 8, 6], [7, 9, 7, 9], [4, 3, 8, 2], [2, 3, 10, 3], [10, 10, 9, 0], [6, 5, 6, 7], [4, 8, 1, 6]]
[1, 1, 1, 0.5, 0.5, 0.5, 0.5, 0.5, 0.5, 0.25,
0.25, 0.25, 0.25, 0.25, 0.25, 0.125, 0.125, 0.125, 0.125, 0.125,
0.125, 0.0625, 0.0625, 0.0625, 0.0625, 0.0625, 0.0625, 0.03125, 0.03125, 0.03125,
0.03125, 0.03125, 0.03125, 0.015625, 0.015625, 0.015625, 0.015625, 0.015625, 0.015625, 0.0078125,
0.0078125, 0.0078125, 0.0078125, 0.0078125, 0.0078125, 0.00390625, 0.00390625, 0.00390625, 0.00390625, 0.00390625,
0.00390625, 0.00195312, 0.00195312, 0.00195312, 0.00195312, 0.00195312, 0.00195312, 0.000976562, 0.000976562, 0.000976562,
0.000976562, 0.000976562, 0.000976562, 0.000488281, 0.000488281, 0.000488281, 0.000488281, 0.000488281, 0.000488281]
[20, 5, 20, 16, 20, 1, 12, 11, 2, 1,
20, 20, 10, 16, 5, 10, 7, 7, 2, 2,
6, 1, 7, 15, 7, 3, 14, 14, 17, 7,
15, 5, 6, 4, 13, 9, 8, 12, 19, 3,
0, 9, 6, 13, 8, 0, 13, 0, 16, 4,
9, 1, 1, 9, 18, 1, 16, 8, 10, 1,
19, 17, 5, 5, 17, 3, 1, 18, 14]
------------------------------------------------------- 
# stage = 12	# children c = 2	length of each stage p = 3	nodes = 68	# items I = 1
