[23, 28, 57, 9, 42, 5, 34, 65, 34, 89,
39, 21, 9, 73, 100, 62, 74, 30, 88, 3,
6, 57, 23, 41, 15, 2, 83, 72, 46, 9,
93, 35, 3, 16, 45, 12, 88, 45, 77, 88,
0, 15, 8, 9, 89, 7]
[[373, 988, 375], [651, 325, 115], [861, 381, 253], [798, 893, 836], [978, 652, 657], [771, 764, 459], [415, 844, 581], [223, 1038, 817], [827, 264, 303], [383, 116, 159],
[165, 489, 1020], [541, 1012, 305], [656, 705, 558], [910, 463, 412], [578, 402, 936], [196, 5, 532], [655, 420, 337], [68, 516, 335], [757, 303, 471], [933, 686, 587],
[52, 724, 948], [32, 225, 921], [209, 753, 458], [768, 495, 922], [12, 34, 156], [820, 102, 33], [312, 629, 454], [649, 697, 970], [857, 286, 105], [288, 51, 792],
[748, 104, 348], [656, 8, 573], [409, 90, 286], [868, 858, 654], [622, 742, 688], [650, 522, 790], [683, 706, 379], [97, 316, 948], [939, 5, 66], [917, 165, 118],
[541, 913, 94], [889, 530, 1014], [422, 939, 64], [580, 639, 794], [194, 221, 368], [754, 743, 890]]
[[9, 10, 2, 10], [0, 9, 4, 10], [8, 5, 4, 5], [4, 3, 2, 1], [10, 7, 1, 3], [3, 10, 4, 9], [1, 4, 6, 8], [2, 4, 1, 10], [3, 1, 9, 2], [8, 0, 1, 5],
[6, 3, 8, 8], [4, 10, 7, 4], [4, 9, 5, 8], [8, 7, 4, 8], [0, 8, 3, 1], [2, 4, 0, 3], [3, 7, 5, 0], [6, 5, 3, 10], [8, 0, 7, 2], [10, 1, 4, 4],
[8, 9, 10, 4], [6, 3, 1, 4], [9, 4, 3, 0], [7, 1, 4, 10], [9, 7, 9, 2], [1, 1, 1, 8], [2, 6, 8, 1], [7, 1, 3, 5], [8, 2, 9, 1], [3, 8, 4, 2],
[1, 7, 0, 6], [7, 2, 4, 5], [10, 0, 7, 9], [1, 6, 4, 1], [1, 1, 1, 8], [0, 4, 0, 9], [5, 7, 8, 6], [4, 10, 6, 4], [7, 7, 10, 1], [9, 1, 6, 6],
[1, 0, 3, 3], [4, 7, 4, 5], [7, 5, 0, 7], [8, 1, 3, 0], [6, 10, 6, 0], [9, 2, 4, 3]]
[1, 1, 0.5, 0.5, 0.5, 0.5, 0.25, 0.25, 0.25, 0.25,
0.125, 0.125, 0.125, 0.125, 0.0625, 0.0625, 0.0625, 0.0625, 0.03125, 0.03125,
0.03125, 0.03125, 0.015625, 0.015625, 0.015625, 0.015625, 0.0078125, 0.0078125, 0.0078125, 0.0078125,
0.00390625, 0.00390625, 0.00390625, 0.00390625, 0.00195312, 0.00195312, 0.00195312, 0.00195312, 0.000976562, 0.000976562,
0.000976562, 0.000976562, 0.000488281, 0.000488281, 0.000488281, 0.000488281]
[5, 3, 6, 4, 5, 5, 9, 3, 2, 4,
3, 10, 6, 7, 6, 3, 2, 0, 9, 4,
10, 4, 0, 3, 4, 5, 0, 3, 5, 10,
7, 7, 7, 5, 8, 4, 5, 3, 0, 5,
10, 10, 0, 1, 10, 3]
------------------------------------------------------- 
# stage = 12	# children c = 2	length of each stage p = 2	nodes = 45	# items I = 1
