[86, 53, 12, 78, 87, 50, 57, 98, 13, 87,
93, 11, 63, 13, 77, 18, 73, 59, 47, 34,
46, 71, 93, 66, 80, 69, 27, 13, 68, 17,
91, 19, 70, 70, 63, 23, 19, 19, 87, 100,
73, 46, 77, 1, 59, 54, 20, 31, 79, 67,
31, 24]
[[265, 349, 854], [895, 832, 642], [604, 299, 818], [566, 319, 537], [815, 581, 684], [814, 831, 171], [868, 200, 51], [252, 486, 693], [846, 154, 428], [20, 378, 335],
[119, 635, 676], [69, 627, 604], [704, 319, 895], [610, 886, 302], [244, 789, 875], [16, 691, 803], [187, 647, 99], [230, 900, 577], [12, 834, 731], [440, 854, 197],
[767, 69, 833], [532, 131, 548], [224, 835, 867], [216, 533, 841], [510, 769, 727], [482, 786, 514], [381, 61, 258], [472, 284, 246], [145, 288, 176], [868, 720, 126],
[162, 575, 188], [83, 203, 311], [631, 428, 242], [586, 636, 767], [524, 242, 633], [347, 724, 507], [853, 193, 560], [207, 665, 844], [445, 802, 228], [621, 767, 44],
[740, 17, 612], [16, 92, 815], [327, 715, 339], [561, 397, 63], [424, 17, 306], [145, 356, 118], [652, 306, 312], [309, 505, 73], [241, 47, 868], [462, 660, 731],
[498, 488, 740], [206, 504, 832]]
[[0, 8, 6, 2], [5, 9, 4, 2], [3, 6, 3, 1], [4, 1, 6, 5], [0, 3, 2, 5], [0, 1, 5, 10], [2, 0, 4, 1], [7, 4, 6, 7], [0, 1, 8, 5], [8, 1, 8, 9],
[5, 9, 10, 7], [10, 5, 2, 8], [7, 2, 2, 7], [1, 6, 5, 3], [6, 9, 5, 2], [1, 9, 8, 1], [8, 3, 6, 5], [2, 3, 1, 8], [1, 1, 4, 10], [4, 4, 7, 0],
[7, 8, 6, 8], [3, 9, 10, 7], [5, 2, 8, 6], [0, 3, 7, 6], [6, 3, 9, 8], [4, 10, 3, 6], [0, 8, 3, 3], [10, 8, 1, 6], [5, 7, 2, 6], [3, 10, 1, 9],
[1, 9, 4, 10], [10, 10, 5, 5], [2, 3, 0, 6], [0, 4, 10, 10], [10, 2, 2, 9], [0, 3, 3, 3], [9, 3, 8, 1], [2, 9, 8, 1], [5, 0, 9, 4], [10, 1, 7, 1],
[2, 7, 5, 2], [9, 5, 1, 8], [5, 1, 5, 3], [5, 8, 5, 1], [9, 2, 0, 0], [9, 9, 10, 1], [9, 6, 3, 6], [7, 10, 7, 9], [4, 10, 9, 1], [2, 0, 9, 8],
[1, 1, 9, 4], [7, 3, 5, 5]]
[1, 1, 0.2, 0.2, 0.2, 0.2, 0.2, 0.2, 0.2, 0.2,
0.2, 0.2, 0.04, 0.04, 0.04, 0.04, 0.04, 0.04, 0.04, 0.04,
0.04, 0.04, 0.008, 0.008, 0.008, 0.008, 0.008, 0.008, 0.008, 0.008,
0.008, 0.008, 0.0016, 0.0016, 0.0016, 0.0016, 0.0016, 0.0016, 0.0016, 0.0016,
0.0016, 0.0016, 0.00032, 0.00032, 0.00032, 0.00032, 0.00032, 0.00032, 0.00032, 0.00032,
0.00032, 0.00032]
[4, 4, 4, 10, 14, 9, 9, 8, 16, 9,
3, 17, 17, 10, 4, 15, 13, 17, 4, 0,
2, 18, 7, 5, 15, 13, 2, 7, 5, 14,
1, 15, 12, 6, 0, 9, 14, 10, 10, 17,
5, 18, 4, 4, 1, 16, 10, 10, 4, 10,
2, 1]
------------------------------------------------------- 
# stage = 6	# children c = 5	length of each stage p = 2	nodes = 51	# items I = 1
