[28, 81, 92, 22, 42, 40, 41, 37, 41, 55,
60, 59, 35, 21, 96, 45, 55, 37, 33, 55,
10, 53, 79, 45, 32, 32, 36, 76, 11, 38,
100, 39, 18, 57, 62, 60, 64, 2, 63, 4,
23, 23, 29, 25, 10, 91, 70, 31, 27, 2,
86, 3, 55, 65, 15, 54, 63, 51, 96, 74,
89, 61, 80, 6, 17, 7, 66, 47, 76, 96,
51, 99, 18, 46, 90, 95, 36, 59, 25, 64,
61, 10, 33, 83, 41, 48, 36, 70, 100, 98,
10, 54, 58, 56, 61, 41, 63, 93, 89, 4,
88, 5, 69, 72, 52, 59, 66, 88, 17, 91]
[[710, 59, 600], [655, 287, 55], [330, 451, 85], [590, 223, 833], [395, 507, 574], [101, 872, 538], [0, 963, 203], [874, 895, 671], [38, 524, 342], [190, 107, 28],
[70, 817, 87], [148, 950, 829], [203, 303, 303], [288, 371, 5], [599, 766, 967], [197, 346, 862], [735, 801, 849], [416, 698, 767], [110, 736, 769], [908, 404, 354],
[936, 929, 650], [501, 100, 623], [354, 758, 405], [135, 69, 776], [140, 669, 44], [130, 344, 390], [471, 557, 214], [343, 973, 390], [588, 561, 150], [836, 492, 32],
[213, 906, 962], [863, 886, 540], [510, 263, 322], [915, 853, 391], [192, 17, 538], [236, 602, 882], [104, 96, 462], [318, 894, 458], [709, 506, 43], [337, 820, 13],
[824, 56, 398], [809, 398, 307], [373, 386, 48], [173, 779, 379], [564, 971, 396], [581, 686, 477], [941, 790, 573], [427, 587, 491], [363, 774, 475], [861, 589, 318],
[353, 436, 829], [751, 724, 250], [536, 575, 636], [62, 748, 438], [441, 790, 888], [316, 394, 597], [793, 359, 865], [844, 264, 930], [358, 105, 205], [833, 445, 794],
[174, 798, 709], [27, 50, 456], [732, 64, 54], [392, 581, 280], [308, 500, 93], [219, 294, 943], [294, 110, 780], [638, 955, 522], [591, 791, 105], [797, 648, 550],
[92, 300, 826], [801, 782, 876], [280, 538, 418], [789, 930, 22], [92, 261, 523], [641, 936, 295], [85, 253, 861], [865, 891, 839], [865, 961, 131], [970, 259, 779],
[544, 351, 558], [393, 631, 363], [748, 911, 901], [189, 202, 854], [667, 749, 594], [668, 868, 553], [963, 953, 284], [847, 319, 654], [187, 207, 638], [319, 201, 375],
[576, 223, 204], [157, 94, 835], [976, 842, 248], [900, 510, 905], [256, 200, 677], [328, 868, 569], [881, 854, 23], [643, 725, 343], [320, 390, 28], [436, 709, 229],
[811, 309, 907], [494, 921, 25], [352, 920, 345], [78, 322, 855], [6, 578, 78], [162, 906, 946], [209, 288, 302], [687, 931, 50], [53, 275, 440], [82, 189, 628]]
[[5, 6, 8, 3], [0, 6, 4, 6], [9, 3, 10, 7], [2, 3, 4, 3], [8, 6, 2, 7], [7, 0, 7, 3], [8, 8, 8, 10], [1, 1, 8, 5], [5, 3, 8, 5], [8, 10, 0, 6],
[1, 8, 2, 3], [0, 4, 6, 6], [8, 6, 1, 4], [6, 8, 5, 2], [3, 3, 1, 2], [4, 7, 7, 9], [9, 2, 1, 6], [0, 1, 1, 1], [9, 1, 2, 7], [5, 6, 2, 2],
[10, 3, 4, 6], [9, 9, 6, 1], [1, 5, 4, 3], [1, 9, 10, 10], [1, 0, 3, 10], [1, 2, 0, 8], [3, 0, 2, 6], [6, 3, 6, 5], [6, 10, 9, 3], [9, 4, 4, 8],
[7, 8, 1, 9], [7, 0, 6, 6], [1, 8, 5, 0], [10, 3, 9, 3], [3, 0, 7, 9], [3, 3, 1, 8], [2, 0, 0, 9], [2, 2, 7, 10], [9, 8, 6, 3], [6, 1, 9, 7],
[9, 1, 8, 7], [2, 4, 8, 5], [4, 4, 1, 6], [5, 2, 1, 6], [2, 1, 4, 3], [1, 9, 2, 10], [6, 8, 2, 0], [7, 9, 7, 4], [8, 2, 0, 10], [6, 8, 4, 9],
[10, 5, 4, 5], [6, 5, 0, 6], [4, 2, 9, 5], [1, 0, 3, 5], [6, 5, 5, 1], [2, 2, 5, 10], [2, 3, 10, 9], [9, 1, 7, 8], [5, 9, 0, 0], [1, 0, 6, 3],
[1, 5, 6, 2], [3, 9, 7, 10], [2, 2, 0, 2], [2, 3, 1, 4], [6, 9, 2, 4], [9, 7, 10, 3], [3, 0, 3, 2], [9, 7, 5, 10], [10, 10, 10, 3], [6, 7, 0, 6],
[7, 9, 8, 9], [1, 8, 0, 5], [4, 1, 7, 2], [6, 4, 5, 10], [2, 6, 10, 1], [1, 3, 9, 0], [2, 7, 1, 8], [1, 1, 2, 8], [8, 10, 4, 7], [7, 2, 1, 10],
[3, 6, 1, 10], [0, 5, 7, 2], [9, 6, 1, 10], [9, 9, 9, 9], [5, 10, 5, 6], [10, 7, 1, 7], [6, 3, 4, 1], [5, 3, 9, 9], [10, 10, 6, 10], [2, 2, 1, 1],
[6, 1, 9, 3], [10, 5, 1, 4], [5, 4, 8, 2], [0, 9, 9, 5], [1, 0, 4, 4], [4, 2, 2, 1], [10, 6, 0, 2], [8, 10, 3, 2], [0, 10, 5, 10], [5, 4, 1, 8],
[9, 9, 10, 7], [5, 6, 1, 4], [5, 3, 9, 7], [5, 9, 8, 5], [5, 8, 7, 2], [5, 8, 2, 6], [5, 5, 3, 10], [8, 3, 7, 4], [1, 4, 0, 5], [0, 0, 9, 5]]
[1, 1, 1, 1, 1, 0.333333, 0.333333, 0.333333, 0.333333, 0.333333,
0.333333, 0.333333, 0.333333, 0.333333, 0.333333, 0.333333, 0.333333, 0.333333, 0.333333, 0.333333,
0.111111, 0.111111, 0.111111, 0.111111, 0.111111, 0.111111, 0.111111, 0.111111, 0.111111, 0.111111,
0.111111, 0.111111, 0.111111, 0.111111, 0.111111, 0.037037, 0.037037, 0.037037, 0.037037, 0.037037,
0.037037, 0.037037, 0.037037, 0.037037, 0.037037, 0.037037, 0.037037, 0.037037, 0.037037, 0.037037,
0.0123457, 0.0123457, 0.0123457, 0.0123457, 0.0123457, 0.0123457, 0.0123457, 0.0123457, 0.0123457, 0.0123457,
0.0123457, 0.0123457, 0.0123457, 0.0123457, 0.0123457, 0.00411523, 0.00411523, 0.00411523, 0.00411523, 0.00411523,
0.00411523, 0.00411523, 0.00411523, 0.00411523, 0.00411523, 0.00411523, 0.00411523, 0.00411523, 0.00411523, 0.00411523,
0.00137174, 0.00137174, 0.00137174, 0.00137174, 0.00137174, 0.00137174, 0.00137174, 0.00137174, 0.00137174, 0.00137174,
0.00137174, 0.00137174, 0.00137174, 0.00137174, 0.00137174, 0.000457247, 0.000457247, 0.000457247, 0.000457247, 0.000457247,
0.000457247, 0.000457247, 0.000457247, 0.000457247, 0.000457247, 0.000457247, 0.000457247, 0.000457247, 0.000457247, 0.000457247]
[1, 12, 0, 3, 5, 12, 11, 3, 17, 19,
0, 10, 5, 9, 12, 1, 9, 7, 2, 11,
12, 10, 0, 14, 0, 3, 0, 11, 0, 18,
3, 17, 4, 2, 18, 9, 8, 15, 18, 9,
15, 10, 10, 1, 13, 6, 10, 9, 19, 4,
9, 0, 17, 10, 17, 5, 4, 0, 8, 0,
12, 10, 1, 0, 7, 1, 1, 5, 9, 6,
7, 11, 19, 1, 4, 14, 19, 10, 0, 16,
18, 3, 19, 10, 8, 19, 1, 10, 13, 4,
16, 17, 7, 19, 1, 14, 12, 11, 1, 17,
2, 16, 19, 8, 13, 14, 3, 16, 11, 17]
------------------------------------------------------- 
# stage = 8	# children c = 3	length of each stage p = 5	nodes = 109	# items I = 1
