[30, 12, 24, 58, 93, 98, 91, 2, 77, 36,
54, 22, 72, 53, 68, 81, 11, 89, 41, 8,
88, 43, 91, 73, 95, 17, 78, 71, 77, 99,
37, 73]
[[469, 906, 654], [553, 495, 342], [650, 472, 375], [472, 319, 406], [366, 907, 162], [241, 98, 403], [128, 91, 106], [907, 862, 190], [911, 209, 499], [461, 670, 787],
[221, 226, 780], [48, 865, 449], [390, 688, 8], [765, 248, 327], [345, 614, 321], [593, 28, 505], [83, 157, 596], [275, 237, 631], [465, 322, 840], [137, 783, 597],
[12, 177, 909], [878, 225, 34], [414, 701, 723], [508, 640, 58], [835, 158, 758], [330, 751, 787], [835, 7, 117], [519, 282, 440], [323, 748, 762], [251, 58, 718],
[21, 70, 895], [104, 122, 293]]
[[1, 8, 0, 9], [3, 4, 10, 2], [5, 4, 0, 6], [8, 6, 10, 6], [3, 8, 10, 7], [9, 9, 5, 2], [3, 2, 10, 0], [4, 6, 6, 5], [2, 4, 1, 3], [9, 9, 5, 1],
[3, 5, 5, 0], [10, 4, 5, 2], [0, 4, 9, 9], [0, 3, 9, 4], [5, 8, 4, 9], [4, 8, 3, 4], [2, 5, 7, 9], [3, 10, 8, 6], [4, 2, 5, 3], [4, 10, 4, 4],
[1, 2, 1, 1], [6, 10, 3, 9], [8, 8, 8, 10], [3, 9, 3, 3], [1, 8, 1, 3], [7, 9, 7, 9], [9, 1, 0, 3], [9, 4, 5, 10], [6, 6, 10, 10], [4, 2, 9, 1],
[8, 4, 9, 1], [2, 10, 4, 2]]
[1, 1, 0.333333, 0.333333, 0.333333, 0.333333, 0.333333, 0.333333, 0.111111, 0.111111,
0.111111, 0.111111, 0.111111, 0.111111, 0.037037, 0.037037, 0.037037, 0.037037, 0.037037, 0.037037,
0.0123457, 0.0123457, 0.0123457, 0.0123457, 0.0123457, 0.0123457, 0.00411523, 0.00411523, 0.00411523, 0.00411523,
0.00411523, 0.00411523]
[2, 4, 5, 3, 7, 3, 4, 0, 5, 6,
0, 0, 3, 9, 8, 6, 6, 2, 0, 5,
0, 5, 2, 5, 4, 8, 2, 1, 0, 3,
6, 3]
------------------------------------------------------- 
# stage = 6	# children c = 3	length of each stage p = 2	nodes = 31	# items I = 1
