[54, 24, 22, 16, 18, 1, 58, 57, 78, 18,
67, 98, 29, 76, 24, 66, 44, 87, 38, 51,
84, 68, 66, 27, 65, 76, 73, 20, 58, 36,
35, 11, 26, 24, 94, 44, 25, 51, 67, 3,
35, 0, 67, 64, 76, 91, 96, 86, 43, 34,
36, 26]
[[709, 1730, 546], [150, 1932, 212], [660, 1365, 1906], [566, 1088, 2092], [313, 636, 267], [1477, 1959, 1660], [1690, 126, 705], [1448, 1192, 142], [535, 1649, 30], [2037, 946, 2004],
[1414, 531, 1633], [1961, 1658, 341], [72, 1194, 1706], [855, 1760, 694], [1823, 2074, 206], [2090, 1450, 1041], [526, 1039, 1168], [1231, 1363, 1236], [250, 774, 784], [1257, 1687, 606],
[36, 1001, 1137], [1670, 1838, 1671], [2011, 786, 765], [492, 1641, 424], [1186, 1363, 1374], [269, 229, 723], [1310, 755, 638], [377, 862, 2001], [1614, 1112, 675], [1274, 1245, 261],
[1881, 1282, 138], [1894, 1828, 852], [1465, 614, 1639], [1106, 1106, 55], [406, 1169, 295], [1781, 1438, 524], [1380, 1624, 1279], [2019, 878, 1017], [1919, 1368, 29], [1470, 541, 150],
[608, 321, 308], [1723, 115, 35], [475, 456, 649], [990, 1562, 1756], [2022, 844, 1801], [216, 524, 1138], [1717, 1905, 1638], [895, 699, 415], [1913, 1494, 659], [818, 864, 1201],
[1945, 348, 1522], [153, 2071, 513]]
[[3, 3, 9, 8], [1, 0, 10, 0], [3, 6, 8, 2], [1, 7, 7, 6], [7, 1, 1, 3], [9, 10, 10, 1], [6, 1, 2, 2], [9, 5, 2, 0], [8, 9, 8, 7], [10, 8, 5, 2],
[3, 2, 3, 2], [9, 8, 8, 3], [9, 8, 7, 7], [7, 6, 6, 1], [5, 8, 1, 4], [2, 2, 2, 9], [0, 10, 3, 10], [5, 9, 0, 6], [0, 1, 8, 8], [9, 6, 0, 6],
[1, 5, 0, 6], [9, 7, 7, 4], [2, 7, 6, 3], [7, 8, 1, 7], [5, 4, 5, 0], [2, 3, 6, 1], [4, 4, 7, 0], [8, 5, 4, 9], [0, 5, 2, 7], [10, 8, 9, 1],
[4, 4, 4, 0], [10, 3, 5, 5], [8, 8, 5, 8], [0, 9, 7, 2], [0, 3, 1, 8], [7, 5, 4, 5], [10, 7, 1, 9], [4, 0, 9, 6], [2, 2, 4, 2], [6, 9, 7, 1],
[7, 10, 7, 5], [6, 2, 6, 7], [3, 7, 2, 10], [1, 7, 4, 10], [1, 4, 6, 3], [4, 4, 9, 6], [7, 0, 6, 0], [9, 0, 10, 3], [10, 4, 7, 4], [6, 2, 0, 10],
[9, 0, 7, 10], [5, 1, 7, 6]]
[1, 1, 0.2, 0.2, 0.2, 0.2, 0.2, 0.2, 0.2, 0.2,
0.2, 0.2, 0.04, 0.04, 0.04, 0.04, 0.04, 0.04, 0.04, 0.04,
0.04, 0.04, 0.008, 0.008, 0.008, 0.008, 0.008, 0.008, 0.008, 0.008,
0.008, 0.008, 0.0016, 0.0016, 0.0016, 0.0016, 0.0016, 0.0016, 0.0016, 0.0016,
0.0016, 0.0016, 0.00032, 0.00032, 0.00032, 0.00032, 0.00032, 0.00032, 0.00032, 0.00032,
0.00032, 0.00032]
[3, 9, 10, 0, 0, 2, 9, 2, 8, 8,
8, 0, 7, 0, 8, 3, 7, 2, 4, 10,
8, 7, 2, 2, 6, 7, 8, 10, 1, 8,
4, 10, 0, 3, 0, 7, 0, 10, 1, 3,
9, 4, 4, 7, 0, 3, 3, 1, 1, 7,
3, 6]
------------------------------------------------------- 
# stage = 6	# children c = 5	length of each stage p = 2	nodes = 51	# items I = 1
