[43, 74, 56, 91, 38, 77, 73, 54, 75, 38,
83, 4, 85, 0, 65, 16, 71, 100, 85, 65]
[[381, 919, 966], [1500, 263, 1475], [487, 1830, 331], [777, 1714, 1170], [1012, 1458, 742], [1431, 200, 1606], [1800, 59, 963], [760, 1392, 927], [1207, 1097, 54], [1010, 1636, 1739],
[1843, 156, 797], [948, 349, 1613], [1115, 836, 1582], [138, 305, 128], [1309, 9, 278], [743, 133, 478], [488, 625, 1090], [1451, 77, 621], [517, 1284, 1718], [1125, 987, 186]]
[[8, 0, 10, 10], [5, 10, 10, 6], [2, 8, 10, 8], [3, 4, 9, 1], [0, 5, 5, 1], [6, 4, 4, 2], [0, 7, 9, 8], [6, 5, 9, 3], [4, 8, 2, 9], [5, 2, 2, 7],
[8, 0, 2, 1], [4, 0, 2, 2], [3, 5, 3, 10], [9, 5, 1, 7], [1, 9, 2, 5], [3, 9, 8, 7], [6, 9, 4, 9], [9, 6, 6, 6], [6, 6, 7, 8], [5, 9, 8, 8]]
[1, 1, 0.333333, 0.333333, 0.333333, 0.333333, 0.333333, 0.333333, 0.111111, 0.111111,
0.111111, 0.111111, 0.111111, 0.111111, 0.037037, 0.037037, 0.037037, 0.037037, 0.037037, 0.037037]
[3, 15, 16, 5, 10, 7, 10, 4, 18, 9,
0, 5, 7, 6, 8, 9, 4, 11, 4, 16]
------------------------------------------------------- 
# stage = 4	# children c = 3	length of each stage p = 2	nodes = 19	# items I = 1
