[95, 78, 96, 86, 21, 91, 87, 67, 85, 68,
93, 59, 39, 10, 56, 36, 8, 30, 96, 54,
21, 36, 52, 47, 87, 95, 46, 56, 2, 97,
80, 98, 40, 75, 49, 62, 31, 1, 28, 82,
36, 88, 40, 75, 64, 62, 77, 73, 93, 73,
93, 80, 75, 45, 94, 61, 39, 39, 16, 8,
36, 96, 72, 42, 36, 87, 3, 67, 89, 99,
14, 24, 86, 20, 65, 49, 83, 42, 21, 41,
14, 14, 87, 55, 25, 80, 15, 30, 86, 98,
38, 88, 59, 76, 29, 61, 63, 100, 94, 17,
98, 7]
[[892, 639, 378], [2, 12, 340], [259, 830, 882], [105, 696, 342], [442, 414, 14], [765, 513, 378], [620, 266, 442], [477, 557, 880], [493, 531, 826], [455, 781, 418],
[0, 747, 131], [378, 749, 317], [893, 82, 221], [849, 362, 165], [439, 804, 754], [454, 817, 341], [832, 685, 781], [348, 237, 412], [476, 730, 17], [376, 259, 798],
[794, 433, 793], [173, 811, 617], [491, 26, 873], [886, 124, 309], [126, 563, 361], [880, 91, 253], [469, 171, 186], [498, 693, 423], [911, 243, 227], [176, 620, 660],
[223, 662, 167], [90, 836, 227], [881, 401, 253], [829, 361, 377], [212, 661, 15], [574, 789, 280], [75, 506, 452], [261, 79, 219], [859, 238, 637], [334, 588, 331],
[69, 811, 241], [410, 150, 151], [637, 105, 726], [139, 182, 336], [516, 395, 71], [705, 217, 109], [234, 466, 615], [686, 901, 868], [153, 834, 180], [790, 243, 769],
[369, 486, 828], [611, 896, 52], [762, 608, 332], [737, 747, 688], [147, 511, 331], [218, 465, 548], [501, 699, 262], [365, 459, 238], [307, 786, 146], [488, 651, 563],
[505, 268, 123], [407, 879, 268], [634, 890, 876], [214, 701, 871], [902, 848, 630], [308, 314, 169], [104, 816, 868], [367, 429, 575], [779, 736, 436], [925, 472, 335],
[737, 51, 603], [108, 633, 731], [376, 341, 695], [500, 729, 470], [445, 705, 566], [150, 261, 880], [493, 366, 18], [436, 907, 447], [259, 760, 432], [869, 7, 904],
[278, 918, 204], [130, 101, 837], [861, 477, 426], [630, 226, 229], [348, 671, 182], [914, 69, 618], [116, 563, 232], [309, 247, 213], [4, 506, 221], [610, 450, 228],
[589, 902, 221], [41, 106, 496], [878, 41, 47], [552, 845, 447], [29, 267, 367], [211, 429, 436], [77, 720, 247], [309, 277, 494], [696, 455, 249], [917, 140, 873],
[220, 903, 849], [615, 18, 204]]
[[6, 0, 2, 1], [8, 7, 9, 4], [7, 2, 8, 8], [7, 2, 9, 4], [8, 2, 7, 2], [1, 5, 1, 6], [5, 10, 2, 6], [7, 4, 6, 0], [2, 9, 2, 8], [3, 9, 1, 9],
[1, 9, 6, 8], [0, 4, 2, 9], [5, 7, 9, 6], [0, 10, 10, 3], [8, 1, 8, 4], [3, 3, 5, 3], [10, 5, 1, 3], [3, 2, 1, 4], [1, 5, 0, 10], [7, 0, 8, 1],
[5, 4, 6, 5], [2, 3, 7, 10], [5, 4, 3, 6], [7, 6, 10, 5], [0, 0, 8, 4], [2, 7, 6, 1], [1, 6, 1, 6], [4, 7, 8, 10], [1, 1, 2, 3], [4, 9, 2, 9],
[2, 3, 3, 8], [10, 2, 2, 10], [2, 8, 1, 2], [2, 8, 2, 1], [1, 3, 7, 4], [10, 2, 3, 9], [3, 5, 1, 8], [2, 1, 6, 2], [5, 7, 10, 4], [9, 10, 1, 9],
[5, 3, 10, 7], [9, 1, 8, 8], [2, 3, 1, 10], [5, 2, 9, 9], [6, 8, 6, 8], [10, 10, 10, 4], [7, 8, 6, 3], [7, 5, 0, 2], [6, 10, 7, 2], [9, 3, 9, 0],
[6, 10, 10, 0], [0, 6, 9, 6], [4, 2, 1, 3], [2, 9, 5, 7], [4, 9, 10, 10], [1, 10, 10, 8], [7, 6, 10, 5], [9, 6, 5, 2], [6, 3, 3, 4], [9, 10, 8, 0],
[2, 7, 1, 2], [5, 4, 9, 10], [2, 8, 9, 2], [6, 8, 10, 2], [1, 7, 8, 9], [3, 0, 0, 7], [3, 3, 0, 0], [1, 6, 9, 3], [2, 0, 3, 7], [4, 1, 4, 5],
[7, 0, 7, 2], [6, 4, 5, 8], [0, 0, 6, 1], [0, 4, 6, 2], [8, 6, 0, 7], [1, 9, 8, 1], [9, 0, 9, 1], [1, 0, 6, 8], [10, 0, 9, 5], [4, 3, 0, 2],
[3, 4, 4, 1], [9, 10, 3, 4], [4, 3, 0, 3], [0, 8, 5, 9], [8, 1, 8, 7], [10, 1, 4, 9], [1, 2, 2, 3], [3, 2, 6, 4], [5, 8, 6, 3], [5, 9, 7, 7],
[0, 5, 0, 0], [2, 3, 7, 8], [2, 5, 4, 10], [6, 8, 9, 6], [9, 9, 9, 1], [9, 2, 6, 3], [8, 10, 6, 3], [8, 0, 8, 6], [5, 6, 6, 5], [9, 3, 2, 9],
[6, 6, 9, 10], [2, 5, 5, 9]]
[1, 1, 1, 0.333333, 0.333333, 0.333333, 0.333333, 0.333333, 0.333333, 0.333333,
0.333333, 0.333333, 0.111111, 0.111111, 0.111111, 0.111111, 0.111111, 0.111111, 0.111111, 0.111111,
0.111111, 0.037037, 0.037037, 0.037037, 0.037037, 0.037037, 0.037037, 0.037037, 0.037037, 0.037037,
0.0123457, 0.0123457, 0.0123457, 0.0123457, 0.0123457, 0.0123457, 0.0123457, 0.0123457, 0.0123457, 0.00411523,
0.00411523, 0.00411523, 0.00411523, 0.00411523, 0.00411523, 0.00411523, 0.00411523, 0.00411523, 0.00137174, 0.00137174,
0.00137174, 0.00137174, 0.00137174, 0.00137174, 0.00137174, 0.00137174, 0.00137174, 0.000457247, 0.000457247, 0.000457247,
0.000457247, 0.000457247, 0.000457247, 0.000457247, 0.000457247, 0.000457247, 0.000152416, 0.000152416, 0.000152416, 0.000152416,
0.000152416, 0.000152416, 0.000152416, 0.000152416, 0.000152416, 5.08053e-05, 5.08053e-05, 5.08053e-05, 5.08053e-05, 5.08053e-05,
5.08053e-05, 5.08053e-05, 5.08053e-05, 5.08053e-05, 1.69351e-05, 1.69351e-05, 1.69351e-05, 1.69351e-05, 1.69351e-05, 1.69351e-05,
1.69351e-05, 1.69351e-05, 1.69351e-05, 5.64503e-06, 5.64503e-06, 5.64503e-06, 5.64503e-06, 5.64503e-06, 5.64503e-06, 5.64503e-06,
5.64503e-06, 5.64503e-06]
[7, 1, 3, 4, 14, 10, 11, 10, 18, 2,
15, 17, 5, 13, 2, 16, 4, 4, 18, 9,
4, 6, 10, 17, 6, 2, 9, 18, 10, 17,
9, 0, 7, 18, 13, 16, 5, 7, 14, 2,
0, 17, 2, 2, 3, 1, 11, 3, 3, 3,
7, 9, 2, 2, 17, 12, 3, 2, 4, 12,
1, 16, 12, 6, 13, 7, 11, 8, 9, 4,
12, 15, 7, 14, 18, 12, 18, 7, 1, 5,
1, 12, 7, 0, 9, 17, 18, 11, 9, 12,
14, 3, 12, 3, 2, 5, 18, 10, 16, 17,
12, 2]
------------------------------------------------------- 
# stage = 12	# children c = 3	length of each stage p = 3	nodes = 101	# items I = 1
