[51, 91, 57, 23, 20, 100, 58, 15, 10, 31,
11, 34, 2, 21, 6, 51, 49, 46, 12, 66,
8, 62, 94, 32, 41, 32, 41, 9, 12, 20,
93, 63, 77, 49, 87, 63, 14, 10, 78, 25,
41, 89, 25, 44, 9, 98, 61, 24, 44, 73,
90, 18, 0, 49, 16, 41, 81, 23, 16, 94,
43, 8, 22, 19, 23, 8, 82, 37]
[[770, 1921, 572], [240, 1192, 1152], [819, 784, 854], [1278, 928, 71], [183, 1122, 741], [288, 576, 431], [357, 1020, 1149], [283, 641, 1195], [476, 754, 916], [1306, 807, 1561],
[940, 1395, 1241], [1512, 1635, 192], [423, 213, 794], [1277, 1492, 1723], [1166, 1675, 604], [1908, 1781, 1181], [98, 79, 2019], [1247, 180, 601], [383, 474, 1173], [1299, 1781, 1799],
[619, 480, 1135], [1860, 1992, 530], [2053, 357, 743], [606, 1452, 176], [88, 560, 1669], [693, 227, 1391], [1692, 325, 1288], [1652, 1572, 1468], [194, 1955, 1943], [1185, 1014, 1483],
[925, 1451, 1781], [2, 1071, 1714], [532, 883, 1889], [1093, 1489, 1101], [1270, 1578, 1661], [880, 212, 1706], [213, 1722, 2031], [1501, 1315, 1362], [729, 1327, 1076], [431, 453, 31],
[1732, 1379, 1301], [1454, 1381, 313], [927, 1731, 1196], [758, 765, 626], [1859, 1853, 2022], [1279, 493, 2052], [926, 706, 1715], [716, 2025, 971], [19, 513, 239], [1095, 944, 511],
[945, 617, 1890], [187, 1889, 1030], [318, 758, 520], [1514, 1334, 1103], [1958, 952, 898], [1740, 2049, 1391], [1733, 734, 1915], [1390, 1450, 1699], [120, 1287, 154], [178, 141, 916],
[689, 1086, 1534], [338, 1091, 1182], [1186, 1409, 1758], [1706, 682, 1033], [568, 400, 1985], [1466, 81, 1975], [616, 1814, 468], [290, 963, 1918]]
[[8, 2, 2, 9], [10, 9, 9, 9], [3, 0, 4, 1], [8, 0, 8, 8], [4, 8, 7, 9], [5, 2, 7, 4], [6, 5, 10, 3], [10, 2, 8, 5], [5, 10, 4, 4], [8, 2, 0, 10],
[1, 4, 0, 7], [3, 9, 5, 5], [4, 10, 3, 7], [0, 9, 1, 4], [1, 9, 8, 0], [0, 3, 6, 3], [2, 10, 5, 9], [10, 6, 8, 0], [8, 6, 8, 0], [2, 0, 3, 7],
[8, 7, 1, 6], [3, 2, 0, 4], [9, 6, 2, 10], [9, 8, 2, 9], [5, 8, 7, 3], [1, 2, 3, 9], [9, 9, 10, 0], [7, 0, 5, 3], [5, 7, 9, 8], [9, 9, 1, 6],
[4, 4, 5, 0], [10, 5, 10, 3], [0, 4, 6, 1], [7, 7, 9, 3], [6, 6, 3, 0], [6, 9, 3, 1], [5, 2, 9, 1], [9, 9, 7, 1], [0, 10, 1, 10], [3, 9, 2, 1],
[1, 6, 3, 8], [3, 10, 9, 7], [5, 1, 7, 0], [8, 0, 1, 0], [0, 9, 0, 9], [7, 5, 8, 7], [3, 8, 4, 6], [6, 7, 7, 7], [0, 8, 2, 3], [7, 0, 10, 1],
[0, 5, 0, 8], [3, 1, 7, 3], [10, 7, 10, 4], [10, 8, 0, 2], [5, 5, 8, 9], [10, 3, 6, 10], [9, 6, 1, 6], [7, 0, 5, 5], [3, 5, 0, 6], [5, 7, 9, 2],
[1, 7, 7, 1], [2, 5, 1, 7], [8, 8, 3, 7], [0, 9, 5, 9], [3, 6, 2, 8], [4, 6, 2, 6], [9, 0, 1, 3], [8, 9, 6, 7]]
[1, 1, 0.333333, 0.333333, 0.333333, 0.333333, 0.333333, 0.333333, 0.111111, 0.111111,
0.111111, 0.111111, 0.111111, 0.111111, 0.037037, 0.037037, 0.037037, 0.037037, 0.037037, 0.037037,
0.0123457, 0.0123457, 0.0123457, 0.0123457, 0.0123457, 0.0123457, 0.00411523, 0.00411523, 0.00411523, 0.00411523,
0.00411523, 0.00411523, 0.00137174, 0.00137174, 0.00137174, 0.00137174, 0.00137174, 0.00137174, 0.000457247, 0.000457247,
0.000457247, 0.000457247, 0.000457247, 0.000457247, 0.000152416, 0.000152416, 0.000152416, 0.000152416, 0.000152416, 0.000152416,
5.08053e-05, 5.08053e-05, 5.08053e-05, 5.08053e-05, 5.08053e-05, 5.08053e-05, 1.69351e-05, 1.69351e-05, 1.69351e-05, 1.69351e-05,
1.69351e-05, 1.69351e-05, 5.64503e-06, 5.64503e-06, 5.64503e-06, 5.64503e-06, 5.64503e-06, 5.64503e-06]
[18, 17, 4, 14, 7, 6, 14, 11, 5, 9,
6, 7, 2, 0, 4, 6, 9, 0, 14, 7,
8, 2, 17, 0, 10, 11, 8, 13, 0, 17,
3, 3, 0, 20, 15, 9, 17, 1, 2, 13,
8, 6, 18, 3, 8, 20, 16, 18, 3, 3,
1, 16, 1, 10, 16, 10, 0, 15, 11, 14,
13, 5, 14, 1, 19, 11, 15, 14]
------------------------------------------------------- 
# stage = 12	# children c = 3	length of each stage p = 2	nodes = 67	# items I = 1
