[25, 87, 27, 97, 95, 15, 9, 70, 83, 56,
4, 20, 79, 54, 61, 5, 48, 4, 44, 42,
19, 83, 11, 81, 36, 76, 8, 47, 70, 66,
90, 95, 52, 17, 58, 46, 32, 33, 16, 81,
55, 87, 1, 0, 6, 28, 72, 54, 99, 15,
97, 84, 65, 74, 31, 67, 50, 39, 13, 19,
71, 3, 80, 90, 87, 37, 35, 85, 37, 17,
66, 92, 71, 33, 92, 77, 27, 63, 31, 92,
45, 94, 76, 9, 67, 6, 76, 83, 11, 55,
1, 82, 58, 82, 71, 10, 85, 73, 96, 88,
56, 61, 80, 26, 60, 37, 3, 87, 0, 0,
78, 45, 94, 19, 20, 26, 25, 96, 9, 36,
50, 77, 85, 75, 24, 55, 85, 76, 94, 46]
[[25, 853, 548], [809, 719, 60], [489, 348, 96], [647, 492, 573], [42, 798, 504], [174, 543, 972], [204, 895, 128], [285, 858, 72], [910, 68, 567], [71, 965, 92],
[831, 303, 257], [691, 76, 976], [752, 914, 288], [848, 525, 93], [734, 568, 203], [550, 54, 747], [486, 607, 606], [615, 204, 429], [687, 78, 845], [567, 497, 86],
[1007, 293, 389], [228, 984, 814], [168, 12, 692], [804, 173, 181], [209, 907, 61], [413, 421, 464], [124, 220, 35], [42, 835, 587], [819, 834, 1014], [628, 713, 475],
[27, 684, 80], [416, 912, 377], [194, 392, 389], [886, 161, 910], [380, 370, 93], [441, 783, 863], [217, 219, 47], [600, 262, 194], [152, 393, 340], [130, 1022, 18],
[953, 13, 14], [1034, 777, 927], [375, 972, 631], [76, 134, 792], [299, 862, 475], [392, 616, 570], [567, 833, 790], [614, 398, 364], [120, 898, 757], [809, 340, 743],
[827, 257, 68], [153, 603, 158], [392, 978, 94], [1024, 367, 576], [92, 1014, 403], [567, 370, 1019], [102, 938, 128], [204, 864, 526], [568, 297, 736], [289, 70, 40],
[345, 209, 298], [761, 362, 901], [919, 755, 156], [1013, 55, 871], [902, 147, 849], [617, 715, 531], [948, 817, 781], [40, 333, 958], [915, 901, 219], [615, 154, 289],
[656, 499, 846], [954, 225, 172], [131, 108, 239], [287, 434, 294], [470, 648, 442], [283, 229, 469], [815, 141, 598], [908, 529, 931], [830, 408, 796], [13, 1024, 950],
[650, 644, 762], [808, 910, 299], [981, 5, 755], [532, 641, 153], [139, 75, 113], [581, 707, 342], [14, 834, 831], [960, 706, 673], [855, 501, 45], [615, 862, 33],
[877, 825, 677], [603, 597, 551], [902, 890, 905], [970, 735, 510], [87, 874, 933], [549, 767, 604], [203, 93, 402], [1035, 17, 73], [672, 872, 922], [29, 451, 748],
[63, 292, 885], [52, 208, 447], [952, 422, 649], [133, 356, 348], [643, 792, 186], [540, 305, 953], [109, 508, 10], [511, 855, 375], [932, 839, 211], [818, 869, 1010],
[879, 244, 615], [40, 644, 823], [835, 908, 557], [449, 5, 226], [797, 648, 1018], [296, 501, 635], [561, 610, 107], [920, 433, 275], [259, 678, 426], [471, 808, 259],
[793, 999, 851], [372, 4, 460], [507, 839, 332], [29, 600, 338], [603, 710, 298], [585, 1006, 799], [532, 531, 721], [987, 763, 467], [226, 1023, 109], [653, 806, 229]]
[[5, 9, 9, 4], [0, 5, 7, 8], [6, 0, 0, 6], [3, 2, 1, 7], [7, 9, 1, 7], [2, 4, 0, 0], [6, 10, 2, 8], [10, 4, 4, 2], [0, 1, 5, 1], [4, 1, 9, 0],
[1, 8, 6, 4], [10, 5, 0, 4], [3, 10, 0, 4], [3, 1, 2, 8], [9, 4, 3, 6], [7, 5, 6, 7], [6, 0, 6, 9], [10, 3, 9, 0], [0, 2, 2, 8], [7, 0, 2, 9],
[10, 2, 2, 3], [1, 4, 0, 8], [7, 1, 3, 3], [6, 10, 10, 2], [8, 4, 0, 8], [7, 7, 6, 7], [9, 9, 2, 3], [7, 4, 10, 7], [5, 1, 8, 4], [4, 6, 2, 0],
[7, 3, 3, 2], [2, 0, 2, 0], [4, 0, 8, 9], [7, 3, 5, 3], [10, 6, 5, 7], [10, 4, 3, 2], [6, 9, 7, 8], [4, 7, 8, 0], [10, 9, 0, 0], [7, 3, 0, 10],
[3, 6, 8, 0], [7, 1, 1, 7], [7, 6, 3, 4], [0, 4, 7, 4], [2, 1, 1, 4], [6, 7, 2, 5], [3, 2, 5, 10], [5, 3, 7, 9], [9, 3, 7, 4], [4, 8, 0, 9],
[2, 1, 2, 2], [5, 7, 6, 5], [6, 5, 7, 10], [1, 9, 3, 2], [0, 6, 10, 4], [10, 7, 2, 6], [10, 7, 10, 1], [2, 8, 10, 4], [9, 10, 6, 1], [5, 10, 4, 9],
[2, 0, 9, 1], [7, 1, 3, 8], [7, 3, 10, 4], [10, 1, 0, 7], [6, 8, 8, 8], [4, 5, 2, 2], [2, 6, 2, 7], [6, 4, 6, 8], [5, 2, 10, 10], [3, 0, 5, 8],
[3, 4, 2, 0], [3, 0, 7, 9], [8, 2, 7, 1], [7, 7, 2, 10], [2, 2, 4, 6], [6, 8, 4, 9], [10, 1, 9, 0], [10, 3, 9, 3], [8, 0, 3, 0], [0, 9, 8, 6],
[0, 2, 6, 6], [9, 6, 3, 0], [8, 7, 7, 3], [3, 9, 2, 2], [8, 0, 3, 7], [1, 10, 10, 7], [10, 1, 6, 8], [10, 3, 1, 10], [5, 7, 3, 3], [0, 6, 1, 8],
[3, 8, 1, 6], [4, 1, 6, 1], [10, 7, 7, 0], [6, 6, 8, 3], [5, 3, 9, 4], [4, 0, 2, 9], [5, 5, 10, 6], [10, 0, 1, 2], [7, 2, 6, 0], [3, 10, 0, 2],
[7, 7, 1, 2], [0, 7, 4, 6], [10, 2, 8, 1], [0, 8, 8, 4], [1, 7, 8, 0], [5, 9, 0, 1], [1, 4, 0, 2], [3, 9, 3, 10], [5, 4, 0, 3], [0, 2, 7, 8],
[2, 3, 9, 3], [0, 6, 7, 10], [0, 2, 8, 3], [0, 6, 3, 1], [10, 3, 2, 3], [10, 5, 0, 2], [7, 9, 5, 7], [9, 2, 2, 1], [3, 9, 4, 3], [2, 9, 1, 2],
[0, 9, 5, 9], [5, 8, 0, 2], [9, 0, 3, 8], [5, 2, 10, 10], [9, 3, 6, 8], [3, 6, 9, 6], [4, 0, 7, 6], [7, 8, 6, 5], [5, 9, 3, 8], [5, 1, 8, 3]]
[1, 1, 1, 1, 1, 0.2, 0.2, 0.2, 0.2, 0.2,
0.2, 0.2, 0.2, 0.2, 0.2, 0.2, 0.2, 0.2, 0.2, 0.2,
0.2, 0.2, 0.2, 0.2, 0.2, 0.2, 0.2, 0.2, 0.2, 0.2,
0.04, 0.04, 0.04, 0.04, 0.04, 0.04, 0.04, 0.04, 0.04, 0.04,
0.04, 0.04, 0.04, 0.04, 0.04, 0.04, 0.04, 0.04, 0.04, 0.04,
0.04, 0.04, 0.04, 0.04, 0.04, 0.008, 0.008, 0.008, 0.008, 0.008,
0.008, 0.008, 0.008, 0.008, 0.008, 0.008, 0.008, 0.008, 0.008, 0.008,
0.008, 0.008, 0.008, 0.008, 0.008, 0.008, 0.008, 0.008, 0.008, 0.008,
0.0016, 0.0016, 0.0016, 0.0016, 0.0016, 0.0016, 0.0016, 0.0016, 0.0016, 0.0016,
0.0016, 0.0016, 0.0016, 0.0016, 0.0016, 0.0016, 0.0016, 0.0016, 0.0016, 0.0016,
0.0016, 0.0016, 0.0016, 0.0016, 0.0016, 0.00032, 0.00032, 0.00032, 0.00032, 0.00032,
0.00032, 0.00032, 0.00032, 0.00032, 0.00032, 0.00032, 0.00032, 0.00032, 0.00032, 0.00032,
0.00032, 0.00032, 0.00032, 0.00032, 0.00032, 0.00032, 0.00032, 0.00032, 0.00032, 0.00032]
[10, 3, 6, 6, 16, 9, 6, 5, 8, 15,
5, 20, 16, 17, 6, 3, 10, 5, 12, 4,
3, 1, 0, 2, 17, 18, 18, 14, 13, 9,
17, 15, 16, 0, 9, 10, 15, 0, 15, 0,
18, 7, 13, 4, 9, 2, 2, 10, 14, 0,
12, 12, 20, 19, 10, 1, 14, 19, 6, 8,
13, 17, 4, 8, 14, 17, 17, 7, 16, 7,
20, 10, 14, 14, 7, 12, 11, 11, 12, 8,
3, 6, 9, 13, 12, 9, 2, 0, 2, 13,
15, 7, 9, 16, 14, 2, 2, 12, 16, 15,
0, 19, 18, 17, 10, 7, 10, 5, 11, 17,
19, 18, 3, 12, 12, 7, 5, 12, 0, 0,
16, 13, 19, 0, 15, 9, 14, 13, 12, 16]
------------------------------------------------------- 
# stage = 6	# children c = 5	length of each stage p = 5	nodes = 129	# items I = 1
