[7, 25, 71, 62, 39, 62, 63, 22, 89, 78,
21, 67, 34, 31, 57, 4, 57, 74, 93, 20,
23, 35, 8, 53, 56, 81, 7, 49, 81, 38,
8, 88, 29, 79, 50, 68, 40, 79, 90, 95,
56, 78, 28, 90, 8, 51, 95, 66, 24, 53,
52, 13, 88, 60, 67, 9, 40, 74, 24, 88,
78, 32, 75, 7, 77, 91, 41, 84, 35, 31,
78, 91, 75, 5, 47, 83, 56, 7, 14, 46,
26, 66, 60, 80, 93, 26, 55, 99, 66, 79,
86, 10, 10, 27, 17, 87, 84, 58, 70, 19,
55, 14, 76, 96, 19, 89, 79, 42, 96, 59]
[[924, 434, 56], [560, 1000, 644], [407, 851, 300], [501, 603, 231], [106, 519, 660], [124, 680, 896], [780, 486, 777], [499, 854, 27], [234, 94, 567], [470, 133, 830],
[531, 1057, 560], [588, 556, 856], [170, 259, 645], [829, 57, 187], [356, 521, 2], [312, 645, 682], [147, 722, 465], [220, 517, 615], [247, 751, 710], [110, 517, 843],
[236, 1049, 134], [796, 575, 1048], [591, 41, 246], [532, 166, 661], [719, 523, 120], [17, 835, 62], [1058, 278, 80], [461, 498, 597], [14, 41, 644], [20, 151, 100],
[159, 387, 445], [294, 480, 316], [638, 367, 715], [884, 899, 882], [841, 915, 343], [962, 932, 474], [320, 928, 753], [400, 685, 547], [293, 1058, 589], [937, 374, 740],
[333, 534, 424], [778, 124, 904], [32, 762, 567], [748, 943, 404], [926, 722, 615], [565, 980, 844], [1039, 238, 6], [26, 996, 692], [574, 227, 1046], [101, 461, 358],
[137, 794, 188], [919, 869, 312], [761, 197, 13], [624, 241, 956], [325, 105, 974], [940, 1028, 893], [722, 1006, 427], [25, 1032, 720], [717, 544, 243], [1059, 1003, 704],
[713, 437, 795], [902, 294, 960], [510, 352, 95], [523, 976, 695], [775, 239, 800], [1046, 476, 767], [173, 136, 7], [600, 519, 1039], [616, 174, 880], [860, 529, 117],
[860, 181, 554], [951, 379, 849], [849, 889, 497], [241, 709, 411], [936, 780, 1009], [674, 764, 423], [737, 937, 917], [40, 834, 375], [18, 388, 907], [194, 186, 375],
[669, 343, 914], [520, 232, 589], [665, 20, 416], [100, 261, 421], [511, 135, 140], [816, 105, 200], [177, 139, 434], [33, 179, 206], [766, 555, 952], [611, 45, 435],
[282, 715, 778], [492, 173, 1010], [19, 838, 326], [794, 938, 587], [153, 745, 18], [651, 500, 482], [148, 1035, 621], [582, 6, 800], [84, 68, 652], [1036, 680, 697],
[409, 962, 350], [483, 393, 881], [790, 770, 1015], [54, 502, 187], [1000, 1014, 933], [1018, 961, 729], [796, 47, 702], [355, 629, 5], [452, 713, 73], [42, 1046, 49]]
[[6, 2, 6, 3], [2, 5, 9, 7], [10, 9, 0, 6], [6, 4, 7, 1], [4, 0, 9, 3], [10, 7, 3, 1], [7, 9, 8, 1], [6, 8, 9, 1], [10, 2, 3, 0], [5, 10, 5, 4],
[8, 4, 8, 1], [8, 2, 2, 1], [3, 10, 3, 2], [4, 6, 3, 0], [2, 10, 0, 6], [5, 7, 8, 2], [9, 9, 2, 3], [8, 6, 5, 4], [10, 3, 5, 7], [5, 6, 7, 6],
[5, 8, 9, 9], [1, 10, 7, 2], [7, 7, 8, 1], [3, 3, 4, 10], [10, 4, 2, 6], [10, 6, 10, 9], [9, 2, 4, 1], [8, 9, 8, 0], [4, 4, 7, 3], [3, 4, 5, 0],
[9, 1, 10, 2], [2, 1, 10, 2], [6, 0, 8, 3], [6, 5, 0, 4], [7, 4, 3, 3], [0, 9, 1, 4], [2, 9, 7, 4], [0, 0, 2, 9], [1, 1, 9, 3], [1, 9, 3, 7],
[9, 0, 8, 4], [3, 8, 6, 0], [10, 9, 1, 8], [6, 2, 1, 8], [9, 7, 10, 9], [7, 1, 8, 6], [1, 6, 7, 2], [2, 0, 7, 0], [9, 4, 2, 2], [0, 8, 0, 10],
[5, 10, 8, 0], [10, 7, 8, 9], [1, 6, 7, 6], [7, 2, 10, 8], [9, 7, 8, 9], [5, 4, 10, 3], [7, 10, 3, 7], [8, 1, 4, 2], [0, 10, 0, 0], [5, 6, 9, 6],
[1, 3, 0, 9], [6, 10, 4, 2], [6, 0, 0, 0], [2, 8, 2, 9], [8, 3, 3, 3], [5, 6, 3, 5], [5, 3, 3, 8], [9, 10, 2, 0], [3, 2, 7, 7], [1, 9, 7, 6],
[7, 5, 4, 10], [1, 4, 8, 7], [8, 10, 10, 2], [5, 0, 5, 8], [3, 9, 4, 10], [8, 6, 8, 9], [8, 2, 3, 7], [1, 10, 0, 8], [5, 5, 5, 6], [9, 1, 2, 4],
[0, 10, 6, 3], [10, 10, 0, 0], [8, 4, 10, 3], [8, 6, 0, 3], [8, 3, 0, 7], [1, 0, 3, 6], [3, 8, 10, 2], [9, 10, 4, 9], [7, 0, 10, 6], [8, 0, 4, 3],
[2, 1, 4, 0], [7, 4, 1, 5], [6, 1, 1, 7], [0, 4, 2, 3], [0, 10, 3, 9], [7, 8, 6, 3], [6, 5, 7, 3], [3, 0, 6, 4], [1, 10, 2, 9], [2, 3, 1, 8],
[5, 2, 4, 3], [5, 4, 6, 3], [1, 8, 1, 8], [5, 5, 0, 0], [9, 7, 1, 1], [5, 7, 5, 4], [4, 5, 2, 4], [9, 1, 1, 1], [2, 3, 4, 5], [7, 8, 8, 8]]
[1, 1, 1, 1, 1, 0.333333, 0.333333, 0.333333, 0.333333, 0.333333,
0.333333, 0.333333, 0.333333, 0.333333, 0.333333, 0.333333, 0.333333, 0.333333, 0.333333, 0.333333,
0.111111, 0.111111, 0.111111, 0.111111, 0.111111, 0.111111, 0.111111, 0.111111, 0.111111, 0.111111,
0.111111, 0.111111, 0.111111, 0.111111, 0.111111, 0.037037, 0.037037, 0.037037, 0.037037, 0.037037,
0.037037, 0.037037, 0.037037, 0.037037, 0.037037, 0.037037, 0.037037, 0.037037, 0.037037, 0.037037,
0.0123457, 0.0123457, 0.0123457, 0.0123457, 0.0123457, 0.0123457, 0.0123457, 0.0123457, 0.0123457, 0.0123457,
0.0123457, 0.0123457, 0.0123457, 0.0123457, 0.0123457, 0.00411523, 0.00411523, 0.00411523, 0.00411523, 0.00411523,
0.00411523, 0.00411523, 0.00411523, 0.00411523, 0.00411523, 0.00411523, 0.00411523, 0.00411523, 0.00411523, 0.00411523,
0.00137174, 0.00137174, 0.00137174, 0.00137174, 0.00137174, 0.00137174, 0.00137174, 0.00137174, 0.00137174, 0.00137174,
0.00137174, 0.00137174, 0.00137174, 0.00137174, 0.00137174, 0.000457247, 0.000457247, 0.000457247, 0.000457247, 0.000457247,
0.000457247, 0.000457247, 0.000457247, 0.000457247, 0.000457247, 0.000457247, 0.000457247, 0.000457247, 0.000457247, 0.000457247]
[19, 14, 1, 7, 5, 10, 19, 3, 7, 20,
15, 12, 14, 21, 18, 5, 11, 10, 3, 3,
11, 6, 1, 10, 4, 18, 11, 17, 18, 1,
18, 4, 0, 15, 10, 7, 8, 3, 21, 14,
19, 19, 13, 7, 6, 0, 10, 3, 16, 7,
14, 1, 2, 6, 17, 1, 3, 16, 10, 1,
7, 14, 3, 0, 11, 0, 20, 0, 5, 21,
0, 10, 0, 17, 5, 2, 18, 1, 7, 18,
9, 17, 16, 3, 19, 17, 1, 21, 7, 7,
14, 20, 21, 8, 21, 20, 19, 11, 9, 9,
13, 3, 6, 14, 17, 2, 5, 18, 18, 7]
------------------------------------------------------- 
# stage = 8	# children c = 3	length of each stage p = 5	nodes = 109	# items I = 1
