[65, 71, 29, 68, 11, 53, 85, 40, 78, 42,
56, 54, 46, 37, 77, 81, 99, 53, 30, 35]
[[133, 2120, 840], [469, 780, 2], [765, 1437, 538], [1383, 1824, 347], [1776, 301, 1914], [1350, 295, 1719], [517, 1994, 213], [760, 424, 261], [1980, 682, 1372], [1432, 1874, 1302],
[1076, 2007, 258], [953, 275, 1038], [955, 1040, 275], [531, 1461, 1136], [878, 73, 475], [1829, 460, 770], [1347, 977, 564], [1560, 774, 25], [1822, 553, 1946], [30, 1022, 656]]
[[8, 2, 2, 2], [9, 2, 2, 5], [8, 1, 1, 0], [8, 10, 7, 6], [1, 0, 4, 1], [6, 6, 2, 5], [2, 10, 4, 7], [8, 6, 3, 5], [6, 3, 5, 3], [4, 7, 6, 1],
[6, 7, 2, 3], [7, 9, 9, 6], [7, 1, 5, 0], [5, 5, 6, 6], [5, 8, 2, 0], [1, 3, 3, 8], [7, 8, 0, 0], [2, 4, 10, 8], [1, 1, 0, 6], [9, 7, 10, 3]]
[1, 1, 0.333333, 0.333333, 0.333333, 0.333333, 0.333333, 0.333333, 0.111111, 0.111111,
0.111111, 0.111111, 0.111111, 0.111111, 0.037037, 0.037037, 0.037037, 0.037037, 0.037037, 0.037037]
[3, 1, 2, 11, 9, 5, 10, 4, 11, 2,
0, 4, 8, 1, 5, 7, 9, 10, 6, 10]
------------------------------------------------------- 
# stage = 4	# children c = 3	length of each stage p = 2	nodes = 19	# items I = 1
