[16, 23, 26, 80, 60, 15, 46, 28, 89, 33,
91, 43, 39, 23, 41, 90, 6, 71, 88, 13,
26, 53, 3, 37, 1, 28, 85, 88, 16, 85,
48, 99, 8, 74, 78, 34, 56, 90, 63, 44,
23, 19, 54, 62, 8, 61, 17, 14, 31, 4,
94, 23, 23, 98, 60, 25, 92, 10, 12, 74,
61, 26, 72, 69, 67, 16, 70, 22, 5, 99,
32, 95, 17, 52, 56, 25, 79, 73, 5, 76,
44, 65, 99, 67, 28, 24, 58, 20, 34, 36,
60, 96, 63, 99, 30, 29, 14, 66, 17, 86,
64, 49, 47, 81, 68, 2, 72, 46, 42, 43,
22, 86, 8, 20, 18, 36, 11, 77, 22, 45,
12, 83, 6, 75, 47, 3, 70, 61, 69, 87,
12, 33, 2, 59, 80, 70, 28, 52, 15, 36,
61, 3, 88, 69, 91, 5, 72, 1, 82, 94,
12, 95, 42, 19, 35, 89, 89, 72, 15, 23,
24, 28, 56, 26, 53, 2, 62, 81, 20, 44,
83, 81, 47, 70, 16, 3, 76, 88, 4, 57]
[[1941, 1700, 904], [1122, 788, 1337], [785, 1467, 156], [845, 1427, 1834], [643, 576, 312], [1628, 1787, 1868], [1372, 1404, 1738], [36, 467, 842], [848, 1383, 783], [291, 775, 1279],
[1934, 572, 964], [694, 1694, 1752], [15, 463, 1075], [43, 1181, 486], [1749, 1824, 935], [45, 1308, 578], [1914, 536, 1982], [1636, 572, 306], [335, 1420, 1689], [1118, 1583, 320],
[381, 1501, 892], [1217, 179, 442], [825, 66, 778], [1900, 109, 1959], [243, 1858, 1767], [1178, 1776, 931], [1756, 1546, 1340], [1594, 1166, 1912], [1772, 1373, 1189], [1318, 347, 756],
[1638, 601, 114], [515, 1818, 165], [957, 500, 104], [1735, 384, 85], [1678, 499, 1816], [1301, 1549, 1576], [89, 1161, 1106], [1429, 740, 128], [1197, 496, 1374], [242, 1686, 1721],
[999, 1309, 178], [985, 1824, 1997], [1022, 637, 353], [1126, 229, 737], [1084, 1779, 1109], [884, 937, 642], [316, 1026, 1804], [1422, 439, 400], [1422, 1636, 768], [652, 1879, 439],
[358, 734, 1748], [408, 1591, 1428], [389, 597, 49], [742, 1596, 150], [1352, 664, 1930], [317, 1548, 851], [959, 1864, 1877], [619, 1142, 172], [1019, 420, 1680], [1788, 1073, 1415],
[211, 1303, 5], [1959, 1711, 1596], [1243, 1973, 50], [1164, 571, 1646], [1315, 1795, 166], [1101, 96, 1586], [1952, 1056, 1306], [1685, 1675, 304], [1729, 679, 724], [1393, 323, 1669],
[793, 534, 956], [670, 349, 524], [251, 1464, 481], [301, 612, 924], [1819, 1927, 704], [1857, 884, 800], [1427, 820, 1856], [717, 361, 1388], [1021, 74, 1939], [1617, 1340, 246],
[1271, 2005, 652], [83, 659, 873], [607, 782, 321], [960, 955, 933], [1885, 758, 717], [573, 599, 1601], [1373, 1898, 278], [1086, 599, 511], [458, 1492, 458], [381, 1094, 1798],
[499, 349, 1659], [1023, 432, 302], [1896, 1040, 1085], [201, 2000, 24], [1006, 1741, 655], [1595, 298, 1126], [1053, 1672, 1009], [1331, 742, 1480], [1714, 1072, 957], [156, 1325, 1923],
[1954, 1824, 256], [1597, 831, 560], [1772, 583, 1472], [713, 784, 1329], [609, 1662, 1054], [1264, 1242, 1353], [247, 279, 1009], [1128, 1482, 1623], [592, 1180, 679], [1421, 1337, 1876],
[1328, 1147, 1556], [1456, 601, 243], [1, 357, 826], [1473, 942, 1482], [786, 1551, 1128], [1841, 672, 226], [1178, 919, 505], [43, 31, 1859], [1538, 495, 1024], [73, 1917, 217],
[1949, 1101, 1236], [1489, 542, 1837], [1732, 543, 50], [542, 0, 992], [1896, 659, 528], [1008, 356, 1072], [1107, 1406, 1991], [1612, 1321, 1894], [1328, 843, 373], [336, 916, 274],
[425, 849, 1376], [1661, 194, 1790], [1483, 1926, 317], [1405, 324, 189], [382, 204, 720], [782, 1084, 1076], [1726, 175, 466], [1701, 1660, 1787], [1579, 972, 614], [1952, 1180, 1402],
[83, 1605, 235], [1331, 1250, 301], [1105, 589, 211], [1294, 1995, 535], [1483, 233, 611], [60, 887, 1696], [1136, 597, 1743], [1475, 154, 1387], [1246, 1733, 215], [1733, 1541, 1395],
[991, 1496, 856], [1099, 683, 1979], [1400, 1660, 552], [1612, 938, 403], [3, 278, 508], [615, 338, 1267], [167, 1346, 1736], [1782, 805, 1890], [1154, 1924, 1479], [1241, 1641, 877],
[493, 488, 357], [1349, 1587, 913], [1184, 972, 557], [1609, 568, 1368], [2012, 443, 1646], [377, 930, 1856], [1644, 969, 1186], [1237, 736, 1992], [1111, 1890, 1900], [447, 987, 1397],
[1324, 1480, 1885], [1553, 686, 1457], [450, 1870, 285], [1008, 1463, 725], [360, 1332, 1168], [1878, 1581, 83], [1718, 1081, 924], [760, 302, 1660], [608, 1286, 1406], [492, 1733, 378]]
[[8, 6, 10, 9], [4, 5, 8, 9], [9, 6, 8, 0], [2, 3, 7, 10], [10, 3, 6, 7], [9, 3, 7, 1], [3, 3, 0, 3], [9, 10, 9, 5], [3, 7, 3, 5], [1, 9, 3, 8],
[2, 0, 8, 4], [3, 2, 2, 0], [6, 8, 7, 2], [9, 2, 3, 10], [5, 2, 0, 2], [10, 10, 7, 2], [4, 8, 7, 5], [4, 10, 2, 7], [8, 8, 0, 1], [0, 0, 10, 6],
[6, 7, 8, 5], [7, 10, 2, 10], [1, 3, 1, 0], [0, 6, 0, 4], [3, 5, 9, 8], [2, 9, 2, 10], [6, 0, 9, 6], [1, 9, 10, 7], [3, 6, 1, 8], [5, 4, 7, 4],
[5, 7, 2, 5], [2, 0, 9, 6], [5, 5, 1, 7], [1, 1, 4, 5], [1, 1, 10, 2], [8, 9, 10, 9], [2, 9, 6, 5], [0, 0, 9, 5], [7, 9, 8, 10], [9, 4, 3, 1],
[7, 2, 6, 8], [3, 0, 1, 4], [10, 0, 7, 7], [7, 4, 5, 10], [0, 9, 2, 1], [9, 1, 4, 6], [8, 0, 3, 5], [4, 6, 6, 1], [8, 2, 7, 0], [0, 8, 4, 10],
[6, 9, 6, 3], [0, 9, 0, 1], [7, 2, 2, 5], [1, 4, 9, 10], [4, 1, 2, 7], [5, 8, 6, 2], [10, 2, 0, 8], [9, 3, 7, 4], [1, 0, 5, 2], [9, 5, 3, 3],
[6, 3, 9, 7], [5, 5, 4, 8], [7, 6, 4, 1], [2, 10, 2, 1], [10, 2, 10, 8], [5, 4, 0, 5], [5, 5, 7, 1], [9, 8, 5, 4], [9, 1, 9, 3], [6, 1, 0, 0],
[5, 4, 0, 7], [1, 2, 7, 1], [2, 4, 9, 8], [8, 7, 2, 2], [2, 7, 2, 9], [2, 7, 0, 0], [8, 9, 3, 3], [8, 2, 4, 3], [6, 2, 10, 8], [4, 6, 7, 6],
[10, 3, 1, 6], [0, 1, 8, 0], [6, 10, 9, 8], [4, 9, 8, 1], [5, 10, 3, 3], [1, 5, 6, 7], [7, 3, 2, 0], [8, 7, 4, 5], [0, 4, 0, 9], [5, 9, 9, 1],
[6, 5, 9, 9], [1, 5, 10, 6], [4, 0, 7, 5], [5, 0, 10, 10], [4, 2, 8, 10], [7, 2, 4, 7], [6, 5, 5, 9], [1, 3, 10, 5], [6, 7, 3, 7], [1, 1, 1, 5],
[1, 8, 8, 5], [9, 7, 4, 0], [7, 2, 8, 4], [4, 1, 0, 8], [6, 4, 6, 7], [5, 4, 0, 1], [9, 3, 6, 10], [4, 7, 2, 4], [5, 8, 9, 1], [4, 2, 10, 1],
[4, 7, 3, 6], [8, 1, 1, 2], [5, 6, 7, 9], [10, 7, 10, 8], [9, 3, 5, 2], [0, 5, 6, 5], [2, 2, 4, 4], [5, 3, 5, 7], [8, 6, 1, 3], [8, 2, 5, 0],
[8, 2, 9, 5], [7, 6, 0, 5], [10, 5, 6, 8], [8, 10, 0, 10], [2, 4, 4, 5], [5, 7, 1, 2], [1, 2, 5, 9], [3, 9, 7, 0], [9, 6, 6, 5], [10, 4, 9, 7],
[10, 4, 4, 5], [3, 4, 3, 3], [6, 7, 8, 0], [1, 10, 0, 2], [10, 4, 9, 2], [2, 6, 3, 0], [10, 7, 3, 9], [0, 10, 4, 8], [3, 8, 3, 5], [0, 4, 8, 6],
[0, 6, 7, 10], [5, 7, 0, 2], [0, 9, 5, 0], [2, 8, 9, 1], [2, 2, 9, 0], [10, 2, 9, 3], [8, 10, 6, 8], [3, 3, 2, 1], [7, 9, 9, 10], [3, 9, 2, 2],
[6, 7, 2, 8], [2, 1, 8, 4], [1, 6, 4, 0], [6, 0, 1, 1], [8, 7, 10, 9], [9, 1, 10, 5], [8, 7, 5, 9], [5, 7, 0, 9], [3, 3, 7, 3], [2, 2, 7, 1],
[6, 9, 10, 1], [10, 1, 2, 5], [6, 10, 4, 2], [9, 1, 8, 6], [8, 0, 3, 3], [5, 3, 10, 6], [4, 4, 9, 4], [6, 5, 5, 1], [1, 5, 0, 9], [4, 3, 4, 8],
[0, 8, 0, 8], [9, 6, 1, 7], [6, 4, 8, 0], [8, 7, 6, 1], [1, 4, 6, 5], [7, 9, 7, 8], [1, 5, 7, 5], [6, 9, 1, 7], [6, 1, 4, 2], [5, 5, 9, 0]]
[1, 1, 1, 1, 1, 0.2, 0.2, 0.2, 0.2, 0.2,
0.2, 0.2, 0.2, 0.2, 0.2, 0.2, 0.2, 0.2, 0.2, 0.2,
0.2, 0.2, 0.2, 0.2, 0.2, 0.2, 0.2, 0.2, 0.2, 0.2,
0.04, 0.04, 0.04, 0.04, 0.04, 0.04, 0.04, 0.04, 0.04, 0.04,
0.04, 0.04, 0.04, 0.04, 0.04, 0.04, 0.04, 0.04, 0.04, 0.04,
0.04, 0.04, 0.04, 0.04, 0.04, 0.008, 0.008, 0.008, 0.008, 0.008,
0.008, 0.008, 0.008, 0.008, 0.008, 0.008, 0.008, 0.008, 0.008, 0.008,
0.008, 0.008, 0.008, 0.008, 0.008, 0.008, 0.008, 0.008, 0.008, 0.008,
0.0016, 0.0016, 0.0016, 0.0016, 0.0016, 0.0016, 0.0016, 0.0016, 0.0016, 0.0016,
0.0016, 0.0016, 0.0016, 0.0016, 0.0016, 0.0016, 0.0016, 0.0016, 0.0016, 0.0016,
0.0016, 0.0016, 0.0016, 0.0016, 0.0016, 0.00032, 0.00032, 0.00032, 0.00032, 0.00032,
0.00032, 0.00032, 0.00032, 0.00032, 0.00032, 0.00032, 0.00032, 0.00032, 0.00032, 0.00032,
0.00032, 0.00032, 0.00032, 0.00032, 0.00032, 0.00032, 0.00032, 0.00032, 0.00032, 0.00032,
6.4e-05, 6.4e-05, 6.4e-05, 6.4e-05, 6.4e-05, 6.4e-05, 6.4e-05, 6.4e-05, 6.4e-05, 6.4e-05,
6.4e-05, 6.4e-05, 6.4e-05, 6.4e-05, 6.4e-05, 6.4e-05, 6.4e-05, 6.4e-05, 6.4e-05, 6.4e-05,
6.4e-05, 6.4e-05, 6.4e-05, 6.4e-05, 6.4e-05, 1.28e-05, 1.28e-05, 1.28e-05, 1.28e-05, 1.28e-05,
1.28e-05, 1.28e-05, 1.28e-05, 1.28e-05, 1.28e-05, 1.28e-05, 1.28e-05, 1.28e-05, 1.28e-05, 1.28e-05,
1.28e-05, 1.28e-05, 1.28e-05, 1.28e-05, 1.28e-05, 1.28e-05, 1.28e-05, 1.28e-05, 1.28e-05, 1.28e-05]
[12, 12, 1, 19, 9, 15, 18, 12, 9, 19,
10, 5, 2, 11, 0, 5, 17, 18, 14, 1,
10, 20, 18, 7, 19, 1, 5, 15, 17, 13,
12, 3, 12, 7, 14, 5, 1, 4, 13, 1,
14, 15, 9, 2, 11, 18, 10, 10, 20, 4,
0, 11, 11, 17, 2, 9, 20, 13, 10, 11,
10, 1, 6, 20, 1, 13, 11, 1, 14, 0,
13, 10, 11, 19, 18, 20, 15, 4, 6, 0,
5, 9, 14, 13, 3, 1, 20, 3, 12, 7,
7, 13, 3, 18, 17, 16, 11, 12, 8, 8,
13, 2, 17, 20, 4, 16, 9, 7, 1, 19,
0, 13, 15, 11, 7, 12, 5, 9, 18, 10,
10, 9, 9, 10, 19, 3, 0, 7, 20, 17,
13, 2, 0, 20, 17, 16, 10, 3, 16, 7,
20, 8, 2, 12, 9, 4, 15, 18, 16, 11,
1, 15, 6, 5, 10, 10, 17, 7, 9, 19,
3, 15, 6, 11, 4, 8, 3, 10, 0, 5,
3, 18, 10, 19, 19, 12, 17, 0, 15, 19]
------------------------------------------------------- 
# stage = 8	# children c = 5	length of each stage p = 5	nodes = 179	# items I = 1
