[24, 28, 18, 90, 98, 21, 59, 9, 98, 72,
17, 53, 85, 98, 69, 95, 87, 81, 27, 100,
12, 47, 81, 86, 78, 27, 82, 15, 89, 19,
85, 80, 48, 2, 35, 11, 23, 94, 20, 88,
32, 4, 6, 16]
[[974, 593, 253], [1477, 1749, 292], [184, 1400, 60], [1836, 527, 940], [704, 839, 51], [167, 1429, 1771], [1521, 239, 772], [1473, 1305, 1039], [1780, 1097, 1100], [684, 1013, 1366],
[1297, 1859, 31], [1550, 1280, 1652], [1715, 1336, 1124], [1775, 1116, 1524], [787, 1821, 307], [710, 60, 1736], [425, 1581, 48], [1197, 1127, 1225], [308, 851, 394], [1280, 1535, 1279],
[718, 776, 1082], [749, 399, 434], [345, 186, 1642], [1470, 33, 831], [938, 692, 724], [1245, 1274, 656], [926, 1699, 310], [974, 968, 1309], [271, 1148, 104], [665, 500, 1512],
[1817, 1090, 360], [971, 1711, 759], [1406, 128, 945], [992, 1470, 850], [1823, 480, 1414], [619, 1726, 760], [1276, 724, 531], [1458, 1570, 1371], [839, 1713, 591], [815, 322, 963],
[399, 211, 125], [760, 1183, 1836], [1391, 533, 1837], [281, 1525, 1379]]
[[3, 6, 5, 5], [3, 5, 3, 4], [0, 8, 3, 8], [9, 0, 7, 0], [2, 7, 7, 10], [2, 9, 0, 2], [10, 10, 8, 0], [9, 6, 10, 10], [1, 4, 5, 4], [8, 8, 9, 8],
[5, 10, 4, 1], [0, 9, 1, 0], [3, 7, 10, 5], [5, 8, 6, 2], [7, 1, 2, 4], [7, 2, 3, 9], [4, 8, 0, 1], [3, 7, 8, 6], [7, 10, 7, 7], [8, 7, 7, 0],
[3, 4, 4, 6], [1, 10, 9, 6], [0, 9, 8, 8], [0, 1, 6, 5], [9, 6, 6, 0], [3, 1, 6, 8], [0, 3, 4, 8], [8, 9, 7, 9], [0, 0, 2, 10], [10, 0, 3, 8],
[10, 1, 5, 8], [2, 9, 0, 9], [3, 5, 7, 4], [6, 3, 1, 7], [4, 3, 2, 1], [10, 9, 8, 10], [7, 10, 7, 4], [0, 10, 2, 8], [9, 5, 3, 9], [2, 4, 6, 5],
[9, 2, 7, 2], [5, 8, 7, 7], [9, 10, 8, 8], [6, 5, 5, 3]]
[1, 1, 0.333333, 0.333333, 0.333333, 0.333333, 0.333333, 0.333333, 0.111111, 0.111111,
0.111111, 0.111111, 0.111111, 0.111111, 0.037037, 0.037037, 0.037037, 0.037037, 0.037037, 0.037037,
0.0123457, 0.0123457, 0.0123457, 0.0123457, 0.0123457, 0.0123457, 0.00411523, 0.00411523, 0.00411523, 0.00411523,
0.00411523, 0.00411523, 0.00137174, 0.00137174, 0.00137174, 0.00137174, 0.00137174, 0.00137174, 0.000457247, 0.000457247,
0.000457247, 0.000457247, 0.000457247, 0.000457247]
[3, 8, 0, 0, 6, 8, 3, 1, 7, 2,
6, 0, 4, 7, 0, 6, 7, 2, 1, 7,
5, 4, 4, 9, 0, 8, 2, 4, 3, 9,
5, 9, 2, 3, 6, 2, 9, 1, 6, 8,
7, 4, 7, 6]
------------------------------------------------------- 
# stage = 8	# children c = 3	length of each stage p = 2	nodes = 43	# items I = 1
