[54, 88, 3, 2, 62, 50, 63, 38, 90, 40,
95, 97, 29, 44, 78, 41, 47, 19, 18, 11,
87, 100, 1, 11, 80, 3, 37, 96, 65, 71,
97, 85, 24, 66, 87, 86, 16, 49, 23, 72,
89, 84, 68, 84, 27, 11]
[[1601, 765, 1031], [685, 1443, 1862], [2021, 1647, 2161], [1532, 1621, 1319], [1603, 1203, 917], [7, 1091, 1032], [2148, 1648, 1399], [832, 2168, 1348], [1792, 1177, 1860], [2125, 1430, 400],
[1390, 840, 1165], [229, 549, 417], [1115, 1594, 1088], [1084, 935, 517], [212, 1562, 1720], [153, 1569, 1835], [1186, 549, 315], [1609, 405, 291], [765, 6, 1469], [433, 1155, 707],
[2049, 354, 571], [1023, 1799, 145], [464, 723, 1739], [1552, 831, 482], [2069, 1043, 1068], [621, 1197, 1661], [1480, 1407, 19], [1795, 824, 1640], [2087, 613, 1646], [388, 1047, 610],
[119, 904, 2180], [691, 951, 811], [836, 1415, 1534], [383, 1991, 174], [2082, 892, 241], [958, 1513, 462], [428, 2017, 1869], [1663, 1621, 501], [1111, 540, 139], [1782, 928, 1186],
[1416, 1047, 1114], [1404, 762, 2066], [23, 1598, 313], [582, 1006, 113], [1972, 2112, 1005], [21, 878, 1543]]
[[4, 3, 0, 6], [1, 3, 9, 4], [9, 10, 5, 6], [5, 2, 0, 1], [10, 7, 5, 2], [2, 5, 5, 9], [5, 3, 7, 6], [0, 6, 9, 5], [7, 9, 9, 8], [10, 5, 0, 8],
[2, 3, 1, 8], [5, 2, 7, 4], [7, 1, 4, 7], [7, 7, 5, 1], [10, 0, 6, 10], [6, 2, 2, 0], [9, 9, 8, 8], [4, 6, 6, 6], [9, 5, 1, 3], [7, 8, 5, 1],
[10, 7, 9, 4], [3, 3, 3, 2], [1, 9, 0, 7], [0, 2, 5, 9], [10, 3, 5, 3], [7, 0, 7, 6], [5, 9, 9, 0], [6, 4, 10, 3], [0, 8, 7, 2], [10, 9, 4, 0],
[7, 4, 6, 6], [5, 0, 2, 4], [1, 7, 5, 9], [5, 1, 4, 9], [10, 0, 7, 4], [2, 6, 7, 1], [2, 2, 3, 1], [0, 7, 10, 5], [10, 5, 9, 4], [4, 10, 6, 5],
[4, 9, 1, 10], [10, 5, 6, 8], [4, 0, 1, 6], [6, 6, 7, 8], [6, 10, 7, 6], [5, 7, 10, 4]]
[1, 1, 0.5, 0.5, 0.5, 0.5, 0.25, 0.25, 0.25, 0.25,
0.125, 0.125, 0.125, 0.125, 0.0625, 0.0625, 0.0625, 0.0625, 0.03125, 0.03125,
0.03125, 0.03125, 0.015625, 0.015625, 0.015625, 0.015625, 0.0078125, 0.0078125, 0.0078125, 0.0078125,
0.00390625, 0.00390625, 0.00390625, 0.00390625, 0.00195312, 0.00195312, 0.00195312, 0.00195312, 0.000976562, 0.000976562,
0.000976562, 0.000976562, 0.000488281, 0.000488281, 0.000488281, 0.000488281]
[20, 3, 11, 13, 16, 1, 15, 6, 9, 12,
10, 0, 2, 8, 6, 4, 14, 4, 14, 21,
16, 20, 3, 16, 11, 15, 9, 6, 7, 6,
4, 16, 13, 20, 14, 12, 17, 16, 14, 10,
16, 1, 16, 13, 20, 12]
------------------------------------------------------- 
# stage = 12	# children c = 2	length of each stage p = 2	nodes = 45	# items I = 1
