[28, 22, 1, 16, 31, 51, 58, 70, 95, 42,
75, 62, 20, 77, 48, 4, 52, 14, 89, 73,
41, 72, 29, 79, 68, 82, 92, 75, 26, 53,
40, 20, 41, 41, 36, 72, 58, 61, 7, 52,
69, 82, 80, 89, 24, 28, 94, 76, 8, 48,
14, 50, 20, 10, 95, 54, 92, 86, 28, 84,
4, 69, 4, 46, 76, 6, 84, 34, 67, 58,
52, 1]
[[1034, 418, 156], [16, 804, 352], [1046, 177, 15], [956, 40, 212], [508, 608, 912], [314, 702, 117], [718, 52, 559], [1025, 532, 342], [897, 801, 499], [666, 243, 524],
[853, 168, 420], [1009, 772, 115], [840, 709, 879], [855, 34, 919], [545, 543, 1005], [935, 857, 598], [1052, 1053, 650], [503, 969, 660], [323, 236, 353], [822, 902, 596],
[824, 646, 242], [135, 25, 1014], [837, 865, 93], [607, 89, 127], [1004, 634, 670], [900, 460, 1005], [389, 991, 949], [1039, 972, 288], [591, 186, 524], [422, 487, 904],
[1018, 789, 442], [151, 925, 1054], [644, 131, 288], [737, 739, 377], [864, 634, 1011], [1013, 426, 949], [909, 815, 309], [750, 224, 172], [516, 293, 946], [1040, 715, 324],
[835, 102, 4], [755, 840, 407], [700, 375, 539], [988, 590, 756], [843, 346, 281], [223, 837, 185], [64, 637, 479], [373, 865, 703], [24, 272, 474], [970, 790, 80],
[772, 1104, 182], [254, 750, 1022], [662, 929, 876], [679, 286, 357], [326, 21, 181], [85, 244, 496], [858, 895, 612], [228, 747, 368], [409, 771, 119], [883, 110, 387],
[441, 882, 382], [101, 614, 24], [601, 754, 431], [368, 324, 717], [204, 128, 738], [972, 801, 461], [360, 550, 247], [972, 256, 472], [818, 665, 134], [937, 439, 831],
[803, 880, 82], [76, 459, 697]]
[[4, 7, 0, 8], [1, 7, 4, 1], [8, 6, 2, 3], [9, 2, 2, 2], [2, 4, 3, 2], [0, 7, 5, 4], [10, 5, 9, 3], [9, 3, 9, 3], [10, 7, 9, 9], [1, 2, 0, 9],
[8, 0, 0, 4], [3, 2, 4, 5], [4, 8, 7, 5], [2, 10, 7, 1], [5, 5, 3, 3], [8, 10, 4, 6], [6, 0, 4, 5], [3, 2, 1, 0], [3, 1, 3, 6], [1, 7, 9, 6],
[2, 4, 9, 5], [3, 5, 6, 6], [10, 9, 8, 5], [8, 10, 0, 1], [0, 3, 4, 3], [5, 6, 1, 6], [5, 4, 10, 7], [10, 9, 0, 10], [0, 9, 4, 3], [3, 9, 8, 0],
[7, 5, 5, 3], [4, 4, 2, 2], [5, 7, 5, 10], [0, 5, 4, 5], [9, 3, 10, 6], [10, 10, 6, 10], [8, 8, 1, 9], [6, 9, 9, 1], [1, 4, 2, 3], [8, 4, 6, 2],
[9, 9, 10, 7], [3, 1, 0, 0], [3, 10, 6, 0], [8, 10, 0, 5], [6, 10, 4, 10], [6, 0, 0, 7], [4, 0, 8, 10], [3, 3, 10, 1], [2, 8, 7, 3], [7, 7, 3, 10],
[4, 8, 0, 1], [5, 9, 5, 0], [8, 9, 0, 1], [9, 9, 6, 1], [10, 3, 9, 0], [7, 7, 1, 7], [4, 6, 8, 0], [2, 1, 9, 7], [7, 9, 6, 1], [7, 0, 0, 2],
[7, 9, 1, 4], [7, 7, 5, 4], [10, 3, 4, 4], [10, 4, 0, 1], [8, 9, 0, 0], [8, 9, 5, 4], [5, 0, 5, 1], [10, 3, 1, 6], [1, 2, 10, 7], [7, 2, 9, 6],
[6, 3, 0, 3], [5, 9, 3, 2]]
[1, 1, 0.2, 0.2, 0.2, 0.2, 0.2, 0.2, 0.2, 0.2,
0.2, 0.2, 0.04, 0.04, 0.04, 0.04, 0.04, 0.04, 0.04, 0.04,
0.04, 0.04, 0.008, 0.008, 0.008, 0.008, 0.008, 0.008, 0.008, 0.008,
0.008, 0.008, 0.0016, 0.0016, 0.0016, 0.0016, 0.0016, 0.0016, 0.0016, 0.0016,
0.0016, 0.0016, 0.00032, 0.00032, 0.00032, 0.00032, 0.00032, 0.00032, 0.00032, 0.00032,
0.00032, 0.00032, 6.4e-05, 6.4e-05, 6.4e-05, 6.4e-05, 6.4e-05, 6.4e-05, 6.4e-05, 6.4e-05,
6.4e-05, 6.4e-05, 1.28e-05, 1.28e-05, 1.28e-05, 1.28e-05, 1.28e-05, 1.28e-05, 1.28e-05, 1.28e-05,
1.28e-05, 1.28e-05]
[8, 21, 4, 15, 0, 1, 12, 8, 11, 18,
17, 1, 9, 21, 18, 20, 10, 12, 21, 12,
14, 16, 5, 13, 6, 2, 11, 10, 21, 14,
2, 14, 2, 21, 18, 15, 17, 8, 14, 16,
1, 9, 3, 3, 21, 12, 1, 7, 18, 20,
9, 11, 3, 3, 12, 3, 19, 19, 3, 1,
5, 13, 10, 3, 13, 7, 18, 14, 3, 9,
1, 22]
------------------------------------------------------- 
# stage = 8	# children c = 5	length of each stage p = 2	nodes = 71	# items I = 1
