[25, 5, 68, 76, 51, 38, 44, 7, 63, 80,
21, 20, 78, 23, 12, 71, 58, 86, 26, 33,
30, 11, 33, 20, 48, 90, 80, 38, 95, 60,
96, 86, 31, 63, 62, 82, 1, 72, 90, 64,
17, 77, 50, 95, 100, 29, 32, 24, 14, 58,
23, 10, 35, 56, 31, 50, 11, 77, 54, 72,
36, 50, 58, 68, 12, 86, 15, 80, 23, 71,
9, 41]
[[165, 1052, 285], [702, 1211, 1269], [1013, 100, 927], [869, 1161, 43], [1271, 183, 451], [382, 451, 858], [123, 1423, 1624], [1770, 422, 564], [1024, 143, 28], [1591, 1246, 1522],
[802, 1412, 1018], [1337, 558, 423], [800, 1571, 773], [171, 885, 378], [464, 350, 811], [916, 733, 1262], [218, 1106, 1129], [36, 1321, 1552], [600, 539, 139], [878, 324, 1385],
[594, 1376, 1241], [56, 908, 1800], [479, 152, 9], [1502, 574, 894], [74, 1038, 1495], [885, 398, 672], [342, 616, 1778], [1721, 902, 1293], [1467, 1752, 276], [1606, 824, 600],
[1186, 1668, 421], [871, 1724, 1329], [865, 647, 1481], [1125, 343, 249], [463, 667, 1288], [152, 1553, 1686], [824, 339, 747], [797, 254, 93], [534, 1722, 40], [811, 1772, 1114],
[1661, 1152, 977], [276, 468, 1145], [49, 1333, 237], [1531, 652, 580], [224, 1366, 1248], [1512, 1518, 1245], [1643, 537, 1584], [834, 1584, 282], [927, 312, 198], [1217, 1373, 415],
[526, 1479, 11], [1753, 1755, 479], [1092, 1805, 7], [1329, 1780, 909], [354, 198, 469], [46, 155, 182], [1541, 242, 969], [1319, 1076, 747], [45, 447, 1309], [494, 1665, 877],
[909, 385, 550], [920, 332, 749], [1400, 1674, 998], [1657, 1448, 972], [760, 1802, 1421], [1480, 292, 1576], [106, 27, 12], [1075, 1596, 1338], [266, 1641, 1785], [1575, 329, 88],
[896, 1488, 473], [1696, 603, 1055]]
[[6, 6, 8, 4], [2, 10, 4, 1], [10, 0, 9, 8], [4, 2, 8, 6], [5, 2, 4, 1], [5, 6, 9, 7], [3, 4, 8, 8], [2, 7, 0, 8], [0, 6, 10, 2], [6, 3, 4, 5],
[1, 0, 0, 5], [2, 9, 0, 7], [9, 5, 8, 1], [9, 4, 8, 0], [7, 3, 8, 9], [0, 8, 6, 9], [3, 4, 10, 9], [7, 3, 1, 9], [1, 2, 3, 3], [9, 2, 10, 5],
[5, 6, 6, 3], [10, 3, 3, 4], [5, 0, 2, 3], [6, 7, 1, 10], [0, 0, 6, 5], [1, 6, 3, 2], [8, 5, 5, 6], [5, 3, 0, 10], [9, 4, 2, 6], [5, 4, 0, 10],
[2, 0, 2, 9], [7, 4, 6, 7], [2, 10, 2, 4], [5, 3, 4, 2], [6, 10, 6, 0], [2, 4, 10, 9], [6, 0, 2, 1], [2, 0, 0, 2], [10, 1, 0, 6], [3, 4, 1, 5],
[2, 1, 7, 7], [4, 1, 8, 9], [9, 1, 9, 9], [6, 7, 5, 10], [5, 7, 0, 7], [6, 10, 9, 5], [9, 8, 9, 1], [10, 10, 4, 1], [0, 10, 7, 3], [0, 2, 1, 7],
[3, 8, 5, 7], [4, 10, 7, 9], [4, 7, 3, 10], [4, 0, 2, 2], [6, 1, 3, 3], [0, 6, 5, 10], [5, 10, 2, 3], [1, 1, 10, 4], [9, 4, 1, 1], [1, 6, 8, 5],
[0, 1, 3, 5], [10, 5, 7, 5], [4, 9, 6, 3], [2, 0, 2, 7], [8, 2, 10, 9], [3, 7, 1, 10], [0, 0, 0, 1], [6, 9, 4, 6], [8, 7, 0, 7], [0, 6, 10, 4],
[2, 5, 7, 4], [4, 7, 0, 10]]
[1, 1, 0.2, 0.2, 0.2, 0.2, 0.2, 0.2, 0.2, 0.2,
0.2, 0.2, 0.04, 0.04, 0.04, 0.04, 0.04, 0.04, 0.04, 0.04,
0.04, 0.04, 0.008, 0.008, 0.008, 0.008, 0.008, 0.008, 0.008, 0.008,
0.008, 0.008, 0.0016, 0.0016, 0.0016, 0.0016, 0.0016, 0.0016, 0.0016, 0.0016,
0.0016, 0.0016, 0.00032, 0.00032, 0.00032, 0.00032, 0.00032, 0.00032, 0.00032, 0.00032,
0.00032, 0.00032, 6.4e-05, 6.4e-05, 6.4e-05, 6.4e-05, 6.4e-05, 6.4e-05, 6.4e-05, 6.4e-05,
6.4e-05, 6.4e-05, 1.28e-05, 1.28e-05, 1.28e-05, 1.28e-05, 1.28e-05, 1.28e-05, 1.28e-05, 1.28e-05,
1.28e-05, 1.28e-05]
[15, 9, 15, 9, 2, 7, 11, 18, 16, 3,
13, 17, 13, 13, 11, 0, 8, 8, 2, 17,
14, 4, 6, 17, 8, 18, 12, 18, 18, 11,
7, 15, 18, 16, 16, 0, 13, 13, 2, 0,
13, 7, 13, 7, 16, 1, 5, 17, 17, 2,
4, 5, 17, 15, 10, 4, 15, 2, 15, 16,
3, 14, 11, 9, 1, 3, 8, 1, 4, 0,
12, 10]
------------------------------------------------------- 
# stage = 8	# children c = 5	length of each stage p = 2	nodes = 71	# items I = 1
