[87, 38, 10, 70, 74, 97, 57, 50, 31, 5,
65, 73, 78, 58, 88, 15, 35, 31, 42, 83,
50, 41, 74, 34, 42, 84, 62, 89, 26, 85,
21, 79, 23, 31, 49, 97, 94, 72, 12, 92,
78, 77, 64, 55, 34, 18, 36, 36, 15, 78,
85, 65, 85, 59, 65, 26, 42, 26, 82, 34,
11, 2, 13, 0, 34, 28, 63, 94, 100, 75,
85, 43, 52, 15, 65, 52, 100, 0, 88, 14]
[[283, 351, 685], [964, 434, 506], [59, 723, 721], [234, 268, 628], [191, 54, 95], [310, 844, 341], [460, 977, 738], [88, 587, 544], [967, 646, 974], [106, 46, 710],
[479, 991, 711], [154, 944, 134], [310, 1003, 507], [681, 887, 775], [959, 729, 480], [705, 28, 974], [35, 138, 941], [773, 887, 167], [967, 844, 813], [930, 950, 509],
[279, 419, 489], [990, 223, 423], [774, 533, 65], [270, 865, 603], [696, 813, 321], [826, 507, 1010], [789, 193, 137], [719, 616, 14], [886, 573, 508], [338, 142, 447],
[498, 422, 516], [987, 51, 739], [49, 826, 923], [776, 746, 777], [368, 81, 229], [339, 907, 737], [338, 686, 580], [125, 44, 185], [800, 581, 408], [958, 569, 201],
[395, 56, 273], [561, 33, 324], [290, 82, 800], [202, 508, 536], [629, 876, 617], [858, 865, 514], [234, 192, 850], [814, 979, 894], [650, 418, 464], [708, 366, 684],
[909, 411, 740], [171, 972, 423], [146, 251, 156], [946, 103, 664], [121, 732, 530], [389, 230, 34], [553, 464, 888], [392, 929, 856], [936, 218, 924], [40, 926, 279],
[724, 475, 690], [453, 296, 302], [527, 442, 203], [683, 378, 307], [336, 149, 689], [516, 538, 919], [551, 80, 23], [428, 122, 952], [934, 48, 820], [847, 88, 385],
[777, 812, 860], [106, 915, 146], [408, 81, 238], [612, 764, 266], [569, 751, 416], [247, 917, 954], [156, 107, 685], [840, 185, 807], [431, 769, 855], [240, 606, 593]]
[[2, 7, 4, 3], [3, 10, 1, 7], [6, 0, 5, 8], [4, 4, 3, 5], [10, 6, 6, 7], [3, 6, 0, 5], [8, 5, 7, 10], [7, 6, 8, 9], [2, 10, 1, 3], [9, 0, 10, 4],
[0, 5, 1, 5], [7, 2, 10, 5], [6, 3, 10, 10], [10, 10, 2, 5], [3, 7, 3, 10], [3, 0, 8, 5], [10, 7, 7, 6], [8, 6, 0, 8], [9, 10, 0, 4], [0, 9, 9, 4],
[1, 8, 3, 0], [5, 6, 6, 8], [2, 9, 5, 3], [7, 0, 7, 6], [8, 3, 1, 3], [9, 10, 9, 6], [8, 8, 10, 6], [6, 6, 10, 7], [3, 1, 6, 8], [7, 10, 4, 7],
[6, 9, 0, 2], [10, 7, 6, 5], [10, 7, 6, 6], [5, 2, 10, 0], [10, 9, 6, 5], [4, 5, 0, 5], [6, 6, 1, 0], [5, 5, 6, 0], [1, 6, 0, 9], [0, 6, 1, 8],
[2, 7, 1, 5], [8, 1, 5, 7], [8, 0, 0, 2], [4, 0, 7, 8], [4, 6, 7, 9], [0, 2, 7, 0], [6, 7, 7, 4], [2, 9, 1, 2], [5, 0, 6, 0], [1, 0, 8, 10],
[10, 8, 10, 1], [6, 4, 7, 10], [0, 3, 6, 9], [3, 2, 7, 7], [7, 4, 0, 7], [2, 10, 9, 5], [0, 4, 6, 10], [3, 3, 7, 2], [9, 6, 1, 2], [9, 8, 1, 9],
[10, 5, 5, 2], [7, 2, 8, 1], [6, 6, 8, 8], [6, 4, 0, 4], [9, 6, 1, 10], [7, 7, 1, 3], [0, 2, 5, 9], [8, 4, 5, 7], [9, 0, 8, 3], [2, 5, 4, 6],
[9, 10, 1, 2], [4, 1, 6, 2], [6, 6, 10, 2], [2, 0, 4, 2], [0, 7, 10, 6], [1, 4, 3, 8], [2, 9, 1, 4], [1, 3, 8, 10], [3, 9, 2, 7], [0, 6, 7, 6]]
[1, 1, 1, 1, 1, 0.333333, 0.333333, 0.333333, 0.333333, 0.333333,
0.333333, 0.333333, 0.333333, 0.333333, 0.333333, 0.333333, 0.333333, 0.333333, 0.333333, 0.333333,
0.111111, 0.111111, 0.111111, 0.111111, 0.111111, 0.111111, 0.111111, 0.111111, 0.111111, 0.111111,
0.111111, 0.111111, 0.111111, 0.111111, 0.111111, 0.037037, 0.037037, 0.037037, 0.037037, 0.037037,
0.037037, 0.037037, 0.037037, 0.037037, 0.037037, 0.037037, 0.037037, 0.037037, 0.037037, 0.037037,
0.0123457, 0.0123457, 0.0123457, 0.0123457, 0.0123457, 0.0123457, 0.0123457, 0.0123457, 0.0123457, 0.0123457,
0.0123457, 0.0123457, 0.0123457, 0.0123457, 0.0123457, 0.00411523, 0.00411523, 0.00411523, 0.00411523, 0.00411523,
0.00411523, 0.00411523, 0.00411523, 0.00411523, 0.00411523, 0.00411523, 0.00411523, 0.00411523, 0.00411523, 0.00411523]
[13, 20, 16, 19, 6, 2, 4, 9, 6, 7,
20, 0, 12, 20, 18, 15, 14, 16, 14, 0,
5, 9, 18, 8, 18, 0, 11, 10, 1, 10,
20, 4, 16, 2, 10, 6, 2, 0, 9, 17,
0, 20, 17, 12, 15, 14, 1, 5, 13, 1,
5, 14, 19, 2, 18, 10, 14, 7, 15, 5,
14, 20, 12, 5, 9, 5, 9, 17, 8, 12,
13, 1, 7, 15, 0, 6, 13, 4, 5, 8]
------------------------------------------------------- 
# stage = 6	# children c = 3	length of each stage p = 5	nodes = 79	# items I = 1
