[41, 34, 9, 84, 4, 56, 32, 12, 18, 90,
97, 0, 70, 41, 15, 47, 28, 37, 87, 56,
76, 30, 34, 38, 80, 93, 87, 80, 22, 81,
40, 63, 14, 15, 12, 85, 72, 44, 97, 56,
100, 59, 22, 69]
[[1355, 546, 1192], [734, 1246, 690], [1630, 644, 325], [206, 695, 1608], [12, 657, 996], [1777, 95, 1696], [166, 41, 754], [1709, 702, 905], [1478, 483, 1763], [1286, 1540, 109],
[555, 949, 9], [1748, 1038, 609], [1792, 722, 1253], [171, 282, 1303], [1779, 294, 1314], [829, 1426, 1409], [579, 1592, 805], [687, 1355, 1507], [947, 241, 1345], [764, 1528, 293],
[227, 1437, 596], [1536, 1239, 1634], [199, 1085, 1710], [1453, 610, 47], [164, 443, 1641], [1478, 627, 475], [295, 1206, 1421], [1100, 1248, 185], [16, 249, 426], [715, 367, 8],
[1008, 595, 800], [1604, 185, 1393], [1293, 1685, 1833], [1057, 546, 497], [458, 710, 941], [1454, 1542, 1568], [1929, 1837, 182], [1405, 346, 784], [1590, 362, 1033], [1370, 431, 1401],
[733, 1439, 1350], [1533, 451, 889], [980, 1744, 628], [867, 210, 1174]]
[[8, 8, 5, 0], [6, 1, 8, 7], [3, 10, 6, 10], [0, 0, 0, 10], [7, 9, 1, 3], [3, 2, 7, 6], [2, 8, 0, 6], [6, 0, 5, 1], [8, 8, 2, 2], [7, 8, 9, 9],
[5, 2, 8, 6], [2, 8, 3, 9], [4, 5, 0, 7], [5, 7, 1, 7], [2, 1, 1, 6], [1, 4, 8, 8], [1, 8, 10, 9], [5, 6, 5, 0], [8, 2, 4, 8], [10, 7, 5, 1],
[10, 3, 8, 5], [8, 9, 10, 8], [9, 0, 4, 8], [2, 1, 5, 4], [9, 2, 0, 1], [6, 5, 1, 1], [7, 5, 10, 4], [2, 2, 5, 10], [3, 0, 4, 9], [8, 2, 6, 6],
[0, 10, 1, 3], [0, 7, 7, 7], [7, 5, 9, 3], [8, 8, 4, 4], [1, 1, 6, 1], [1, 9, 0, 2], [7, 3, 0, 2], [5, 7, 8, 5], [6, 8, 6, 5], [4, 0, 1, 9],
[5, 8, 1, 2], [4, 4, 4, 5], [3, 8, 6, 3], [6, 6, 5, 1]]
[1, 1, 0.333333, 0.333333, 0.333333, 0.333333, 0.333333, 0.333333, 0.111111, 0.111111,
0.111111, 0.111111, 0.111111, 0.111111, 0.037037, 0.037037, 0.037037, 0.037037, 0.037037, 0.037037,
0.0123457, 0.0123457, 0.0123457, 0.0123457, 0.0123457, 0.0123457, 0.00411523, 0.00411523, 0.00411523, 0.00411523,
0.00411523, 0.00411523, 0.00137174, 0.00137174, 0.00137174, 0.00137174, 0.00137174, 0.00137174, 0.000457247, 0.000457247,
0.000457247, 0.000457247, 0.000457247, 0.000457247]
[4, 8, 6, 0, 4, 8, 3, 0, 1, 2,
7, 9, 6, 9, 8, 6, 0, 7, 4, 7,
8, 0, 7, 2, 8, 4, 6, 8, 9, 4,
8, 0, 7, 7, 6, 4, 1, 9, 9, 8,
2, 4, 8, 3]
------------------------------------------------------- 
# stage = 8	# children c = 3	length of each stage p = 2	nodes = 43	# items I = 1
