[94, 32, 2, 18, 87, 87, 12, 94, 11, 79,
73, 73, 4, 79, 26, 100, 62, 77, 16, 69,
23, 37, 3, 60, 48, 80, 82, 7, 61, 38,
6, 54]
[[112, 102, 330], [87, 37, 555], [861, 88, 186], [745, 415, 606], [538, 373, 952], [927, 741, 559], [991, 138, 483], [114, 566, 206], [176, 603, 262], [878, 606, 560],
[271, 734, 679], [601, 821, 732], [146, 672, 836], [332, 392, 225], [954, 930, 615], [880, 847, 330], [413, 812, 484], [912, 943, 40], [93, 93, 643], [371, 971, 239],
[947, 216, 974], [616, 833, 769], [323, 979, 416], [133, 301, 824], [375, 229, 728], [990, 99, 565], [310, 529, 368], [810, 415, 285], [850, 524, 378], [483, 895, 339],
[722, 833, 572], [670, 423, 395]]
[[7, 10, 9, 1], [6, 5, 5, 7], [7, 0, 5, 0], [3, 0, 7, 3], [9, 6, 0, 9], [10, 5, 5, 9], [10, 6, 9, 8], [5, 3, 2, 10], [0, 9, 0, 6], [3, 3, 2, 8],
[4, 7, 6, 5], [5, 3, 9, 3], [7, 9, 0, 6], [1, 5, 4, 0], [0, 0, 7, 3], [2, 9, 2, 2], [5, 2, 7, 8], [3, 9, 3, 7], [4, 7, 0, 7], [8, 7, 9, 4],
[3, 9, 9, 4], [1, 0, 5, 1], [10, 1, 2, 1], [8, 4, 1, 2], [6, 8, 8, 7], [5, 9, 2, 7], [5, 2, 3, 1], [9, 10, 3, 1], [8, 1, 3, 9], [0, 8, 8, 10],
[7, 10, 9, 4], [3, 10, 4, 7]]
[1, 1, 0.333333, 0.333333, 0.333333, 0.333333, 0.333333, 0.333333, 0.111111, 0.111111,
0.111111, 0.111111, 0.111111, 0.111111, 0.037037, 0.037037, 0.037037, 0.037037, 0.037037, 0.037037,
0.0123457, 0.0123457, 0.0123457, 0.0123457, 0.0123457, 0.0123457, 0.00411523, 0.00411523, 0.00411523, 0.00411523,
0.00411523, 0.00411523]
[17, 13, 10, 6, 12, 7, 11, 6, 1, 13,
13, 0, 13, 20, 8, 14, 14, 9, 18, 14,
10, 5, 4, 20, 19, 7, 2, 1, 11, 13,
9, 0]
------------------------------------------------------- 
# stage = 6	# children c = 3	length of each stage p = 2	nodes = 31	# items I = 1
