[83, 72, 52, 71, 96, 89, 80, 33, 41, 24,
61, 54, 63, 12, 14, 0, 30, 30, 15, 54,
0, 75, 7, 63, 48, 47, 26, 57, 15, 86,
52, 98, 23, 70, 68, 85, 24, 14, 17, 66,
4, 44, 86, 33, 22, 100, 34, 53, 97, 49,
73, 63, 91, 81, 25, 4, 27, 18, 62, 8,
70, 80, 6, 94, 49, 40, 78, 74, 20, 62,
5, 25, 72, 91, 58, 95, 56, 58, 13, 18,
74, 86, 81, 64, 32, 73, 68, 60, 91, 96,
68, 26, 75, 40, 86, 91, 47, 30, 30, 67,
92, 35, 58, 29, 92, 83, 90, 13, 40, 2,
99, 13, 55, 79, 43, 87, 17, 11, 12, 7,
6, 81, 0, 48, 87, 86, 38, 33, 15, 68]
[[287, 905, 594], [358, 898, 254], [249, 9, 689], [396, 770, 31], [774, 841, 143], [178, 74, 22], [164, 688, 427], [970, 749, 364], [252, 692, 153], [1001, 800, 527],
[305, 51, 397], [899, 757, 607], [118, 1007, 617], [807, 715, 351], [150, 453, 156], [293, 979, 578], [315, 107, 578], [55, 390, 292], [767, 642, 984], [920, 955, 60],
[760, 224, 111], [469, 88, 868], [40, 206, 151], [657, 325, 178], [320, 475, 979], [824, 80, 922], [366, 744, 1030], [257, 111, 732], [549, 878, 338], [845, 75, 257],
[905, 835, 830], [328, 268, 918], [508, 656, 436], [1008, 278, 73], [150, 946, 548], [94, 735, 976], [328, 65, 684], [670, 322, 795], [366, 183, 638], [16, 340, 25],
[622, 557, 860], [416, 197, 440], [298, 706, 60], [46, 1026, 686], [119, 140, 597], [1015, 582, 296], [955, 223, 709], [952, 893, 344], [711, 572, 875], [661, 588, 528],
[686, 174, 49], [858, 590, 595], [610, 200, 265], [1019, 246, 603], [669, 713, 743], [578, 692, 638], [186, 960, 861], [208, 876, 718], [552, 899, 602], [739, 873, 155],
[231, 871, 329], [629, 694, 232], [188, 616, 780], [801, 599, 339], [368, 581, 16], [423, 123, 21], [25, 658, 981], [886, 866, 133], [917, 730, 1032], [483, 781, 181],
[986, 1013, 17], [628, 954, 23], [860, 106, 639], [952, 219, 203], [255, 587, 784], [272, 1010, 219], [641, 348, 189], [586, 546, 367], [31, 775, 61], [375, 223, 155],
[557, 521, 132], [922, 113, 398], [945, 285, 504], [896, 202, 723], [411, 457, 622], [507, 41, 944], [39, 682, 256], [228, 580, 115], [596, 611, 890], [1005, 987, 77],
[124, 856, 947], [604, 742, 24], [1002, 999, 310], [818, 859, 860], [853, 235, 629], [439, 54, 671], [696, 93, 665], [264, 322, 210], [379, 918, 133], [234, 199, 84],
[659, 324, 940], [570, 928, 994], [943, 207, 957], [217, 1025, 781], [389, 843, 328], [1018, 594, 382], [653, 602, 476], [283, 867, 798], [841, 558, 1028], [974, 792, 191],
[371, 416, 863], [623, 298, 756], [582, 205, 275], [503, 770, 264], [596, 123, 419], [924, 106, 326], [271, 71, 240], [59, 702, 71], [169, 507, 630], [161, 794, 734],
[700, 129, 114], [528, 752, 413], [596, 298, 618], [871, 114, 353], [447, 710, 824], [179, 599, 930], [505, 182, 314], [745, 241, 1016], [129, 410, 836], [71, 919, 594]]
[[10, 5, 3, 10], [8, 6, 9, 2], [4, 1, 10, 4], [6, 4, 4, 8], [1, 3, 9, 6], [5, 0, 4, 7], [1, 10, 3, 9], [4, 0, 8, 3], [3, 9, 2, 9], [4, 10, 1, 7],
[9, 0, 0, 4], [2, 4, 10, 3], [8, 8, 7, 2], [7, 0, 9, 8], [0, 10, 5, 2], [8, 2, 5, 1], [10, 5, 10, 1], [4, 0, 8, 2], [9, 9, 5, 0], [2, 4, 2, 8],
[0, 9, 10, 7], [10, 6, 2, 8], [6, 7, 10, 1], [8, 2, 2, 7], [5, 0, 8, 10], [9, 6, 10, 8], [2, 4, 6, 2], [7, 8, 0, 7], [7, 8, 3, 4], [4, 3, 10, 8],
[0, 9, 9, 6], [9, 10, 2, 3], [10, 8, 0, 8], [3, 9, 3, 3], [0, 10, 6, 7], [5, 6, 1, 10], [1, 4, 3, 5], [6, 2, 0, 6], [9, 8, 1, 5], [7, 1, 7, 4],
[9, 7, 10, 0], [5, 1, 3, 6], [9, 9, 0, 3], [2, 2, 3, 4], [4, 4, 7, 10], [5, 6, 3, 1], [3, 4, 5, 8], [3, 1, 10, 2], [8, 7, 0, 1], [8, 3, 5, 6],
[0, 3, 8, 2], [5, 9, 4, 8], [0, 10, 7, 5], [5, 0, 5, 8], [2, 10, 3, 6], [9, 2, 6, 6], [9, 6, 5, 7], [9, 8, 0, 7], [1, 8, 8, 4], [6, 1, 1, 7],
[9, 9, 10, 3], [7, 2, 0, 7], [10, 1, 0, 8], [3, 6, 4, 0], [10, 7, 5, 7], [5, 5, 3, 4], [1, 0, 8, 5], [0, 10, 10, 9], [6, 8, 2, 0], [10, 0, 7, 10],
[2, 6, 7, 3], [1, 9, 3, 1], [4, 6, 6, 7], [1, 9, 0, 0], [8, 8, 3, 8], [5, 3, 4, 9], [9, 4, 9, 8], [3, 4, 5, 5], [10, 0, 6, 9], [9, 8, 8, 0],
[3, 3, 7, 2], [2, 7, 0, 10], [3, 4, 5, 6], [7, 7, 5, 5], [1, 3, 0, 4], [7, 4, 7, 4], [4, 2, 3, 2], [8, 0, 1, 1], [4, 8, 1, 4], [3, 2, 3, 4],
[6, 6, 10, 0], [2, 2, 3, 1], [4, 1, 5, 9], [5, 1, 3, 9], [2, 6, 10, 8], [6, 0, 7, 8], [8, 9, 1, 9], [0, 2, 2, 4], [6, 0, 2, 9], [2, 5, 8, 4],
[6, 3, 3, 10], [2, 6, 8, 2], [1, 5, 0, 5], [5, 7, 1, 1], [5, 2, 10, 3], [3, 0, 5, 9], [9, 7, 5, 9], [10, 3, 3, 4], [4, 6, 3, 6], [1, 9, 7, 0],
[4, 7, 5, 9], [1, 4, 8, 5], [7, 6, 6, 8], [4, 1, 4, 2], [6, 10, 0, 6], [0, 3, 8, 2], [9, 0, 6, 8], [9, 2, 8, 0], [7, 1, 10, 9], [5, 5, 3, 10],
[9, 9, 7, 2], [8, 1, 4, 2], [9, 3, 8, 7], [4, 3, 9, 3], [3, 4, 9, 10], [7, 7, 0, 3], [8, 8, 1, 0], [0, 2, 0, 10], [10, 7, 1, 5], [6, 4, 7, 2]]
[1, 1, 1, 1, 1, 0.2, 0.2, 0.2, 0.2, 0.2,
0.2, 0.2, 0.2, 0.2, 0.2, 0.2, 0.2, 0.2, 0.2, 0.2,
0.2, 0.2, 0.2, 0.2, 0.2, 0.2, 0.2, 0.2, 0.2, 0.2,
0.04, 0.04, 0.04, 0.04, 0.04, 0.04, 0.04, 0.04, 0.04, 0.04,
0.04, 0.04, 0.04, 0.04, 0.04, 0.04, 0.04, 0.04, 0.04, 0.04,
0.04, 0.04, 0.04, 0.04, 0.04, 0.008, 0.008, 0.008, 0.008, 0.008,
0.008, 0.008, 0.008, 0.008, 0.008, 0.008, 0.008, 0.008, 0.008, 0.008,
0.008, 0.008, 0.008, 0.008, 0.008, 0.008, 0.008, 0.008, 0.008, 0.008,
0.0016, 0.0016, 0.0016, 0.0016, 0.0016, 0.0016, 0.0016, 0.0016, 0.0016, 0.0016,
0.0016, 0.0016, 0.0016, 0.0016, 0.0016, 0.0016, 0.0016, 0.0016, 0.0016, 0.0016,
0.0016, 0.0016, 0.0016, 0.0016, 0.0016, 0.00032, 0.00032, 0.00032, 0.00032, 0.00032,
0.00032, 0.00032, 0.00032, 0.00032, 0.00032, 0.00032, 0.00032, 0.00032, 0.00032, 0.00032,
0.00032, 0.00032, 0.00032, 0.00032, 0.00032, 0.00032, 0.00032, 0.00032, 0.00032, 0.00032]
[9, 7, 10, 1, 1, 5, 10, 4, 1, 1,
7, 9, 9, 1, 7, 4, 9, 7, 3, 3,
7, 2, 5, 4, 6, 3, 6, 5, 3, 8,
10, 1, 8, 1, 3, 0, 0, 4, 4, 8,
1, 10, 10, 9, 8, 0, 3, 0, 8, 7,
2, 7, 6, 6, 6, 7, 1, 10, 8, 10,
0, 6, 10, 2, 3, 2, 5, 7, 7, 7,
6, 6, 7, 4, 1, 3, 1, 6, 2, 2,
5, 10, 2, 9, 8, 9, 7, 7, 10, 4,
2, 0, 4, 0, 2, 1, 6, 3, 4, 2,
2, 3, 3, 9, 9, 10, 5, 2, 2, 5,
3, 9, 3, 1, 9, 7, 3, 8, 6, 3,
6, 1, 6, 8, 2, 10, 3, 1, 8, 9]
------------------------------------------------------- 
# stage = 6	# children c = 5	length of each stage p = 5	nodes = 129	# items I = 1
