[95, 75, 34, 13, 100, 11, 22, 48, 48, 28,
17, 73, 41, 0, 67, 86, 8, 75, 58, 81,
69, 0, 23, 93, 21, 50, 10, 39, 49, 96,
51, 10, 71, 52, 23, 36, 63, 11, 84, 77,
6, 0, 50, 47, 67, 83, 33, 42, 57, 57,
22, 92]
[[1390, 350, 1792], [1843, 1692, 871], [655, 1734, 1864], [72, 86, 1713], [2034, 1813, 1752], [779, 904, 448], [1861, 1387, 564], [1504, 998, 1958], [894, 980, 191], [1194, 440, 507],
[409, 454, 857], [139, 236, 1174], [1010, 1577, 1532], [1498, 273, 242], [1149, 245, 679], [1525, 1024, 1583], [598, 823, 1594], [1162, 265, 530], [1058, 1845, 134], [1936, 1663, 1261],
[381, 11, 1715], [1925, 150, 1951], [1723, 1847, 1467], [1193, 1969, 364], [59, 1057, 610], [738, 1206, 1634], [945, 1804, 1082], [477, 904, 2033], [1007, 587, 441], [1827, 1147, 42],
[1026, 1528, 53], [680, 15, 890], [1255, 1738, 675], [1346, 1555, 582], [1711, 238, 263], [259, 976, 1470], [517, 1921, 1898], [223, 336, 1427], [195, 2029, 2014], [1322, 1795, 1785],
[1364, 759, 1251], [1418, 63, 1953], [246, 1319, 253], [1607, 603, 1809], [127, 938, 671], [1077, 1883, 1648], [1171, 339, 1507], [1007, 1248, 468], [1058, 67, 435], [1696, 1389, 168],
[1419, 692, 1614], [1295, 48, 1677]]
[[6, 5, 3, 8], [9, 7, 0, 1], [0, 2, 4, 3], [0, 3, 10, 1], [3, 2, 9, 5], [2, 0, 4, 8], [8, 1, 7, 7], [10, 2, 2, 5], [6, 3, 3, 4], [9, 1, 3, 9],
[3, 6, 1, 3], [7, 0, 2, 10], [0, 10, 2, 0], [10, 5, 9, 5], [6, 5, 2, 5], [6, 2, 9, 1], [5, 10, 5, 3], [9, 8, 1, 2], [3, 0, 3, 9], [9, 4, 8, 10],
[3, 9, 8, 0], [3, 6, 6, 9], [10, 8, 2, 5], [8, 9, 4, 2], [8, 9, 4, 4], [4, 5, 4, 6], [4, 8, 4, 2], [10, 10, 10, 0], [8, 8, 0, 9], [1, 6, 6, 9],
[1, 8, 1, 9], [4, 5, 10, 1], [1, 3, 5, 6], [6, 8, 10, 10], [3, 3, 0, 2], [0, 10, 2, 9], [5, 0, 5, 7], [5, 0, 5, 6], [8, 7, 3, 1], [10, 2, 0, 1],
[3, 4, 7, 9], [1, 4, 9, 4], [5, 7, 4, 5], [6, 6, 1, 1], [4, 7, 6, 9], [7, 9, 5, 3], [5, 6, 2, 5], [8, 1, 4, 0], [3, 9, 7, 4], [2, 3, 6, 7],
[10, 8, 1, 4], [1, 1, 3, 5]]
[1, 1, 0.2, 0.2, 0.2, 0.2, 0.2, 0.2, 0.2, 0.2,
0.2, 0.2, 0.04, 0.04, 0.04, 0.04, 0.04, 0.04, 0.04, 0.04,
0.04, 0.04, 0.008, 0.008, 0.008, 0.008, 0.008, 0.008, 0.008, 0.008,
0.008, 0.008, 0.0016, 0.0016, 0.0016, 0.0016, 0.0016, 0.0016, 0.0016, 0.0016,
0.0016, 0.0016, 0.00032, 0.00032, 0.00032, 0.00032, 0.00032, 0.00032, 0.00032, 0.00032,
0.00032, 0.00032]
[3, 9, 10, 1, 9, 10, 2, 1, 0, 6,
0, 4, 5, 6, 9, 2, 1, 2, 9, 5,
1, 10, 10, 9, 5, 0, 7, 2, 3, 4,
10, 1, 4, 10, 4, 6, 2, 7, 2, 1,
6, 9, 2, 2, 9, 6, 1, 5, 9, 3,
3, 6]
------------------------------------------------------- 
# stage = 6	# children c = 5	length of each stage p = 2	nodes = 51	# items I = 1
