[58, 90, 64, 20, 65, 42, 23, 37, 53, 74,
40, 38, 6, 33, 34, 70, 63, 12, 73, 37]
[[1624, 1703, 998], [1631, 373, 1570], [138, 429, 1425], [453, 635, 347], [952, 1169, 633], [405, 1776, 1215], [1336, 1706, 1740], [918, 928, 1379], [543, 1473, 915], [1682, 1411, 989],
[1145, 1171, 891], [279, 1001, 1264], [48, 1076, 1693], [1410, 1529, 464], [1757, 616, 1569], [589, 957, 1480], [1741, 493, 1322], [1680, 1347, 449], [1194, 89, 57], [308, 1708, 1404]]
[[1, 6, 10, 3], [8, 1, 10, 0], [7, 9, 9, 3], [2, 3, 4, 0], [3, 10, 3, 10], [1, 2, 7, 9], [7, 4, 5, 6], [3, 10, 9, 4], [5, 6, 7, 1], [7, 5, 1, 1],
[1, 10, 2, 1], [0, 6, 1, 4], [4, 5, 1, 5], [5, 6, 2, 1], [0, 5, 5, 3], [4, 3, 8, 9], [7, 2, 10, 3], [7, 1, 2, 8], [9, 4, 8, 10], [9, 9, 1, 2]]
[1, 1, 0.333333, 0.333333, 0.333333, 0.333333, 0.333333, 0.333333, 0.111111, 0.111111,
0.111111, 0.111111, 0.111111, 0.111111, 0.037037, 0.037037, 0.037037, 0.037037, 0.037037, 0.037037]
[0, 5, 7, 9, 4, 7, 2, 9, 5, 7,
2, 3, 8, 2, 6, 9, 8, 1, 4, 0]
------------------------------------------------------- 
# stage = 4	# children c = 3	length of each stage p = 2	nodes = 19	# items I = 1
