[48, 44, 68, 85, 18, 92, 83, 75, 67, 97,
77, 30, 94, 8, 69, 44, 85, 12, 66, 48,
89, 81, 44, 83, 57, 82, 56, 30, 83, 100,
55, 31, 9, 22, 15, 27, 80, 64, 68, 47,
60, 44, 43, 20, 19, 78, 64, 70, 91, 30,
17, 79, 77, 62, 61, 100, 9, 83, 97, 93,
82, 51, 23, 91, 73, 4, 85, 19]
[[999, 250, 1361], [1706, 56, 1214], [1112, 1824, 725], [739, 1414, 1734], [845, 1139, 853], [1295, 1109, 1704], [35, 836, 1461], [825, 1192, 259], [327, 1220, 973], [1418, 365, 702],
[428, 1364, 952], [1789, 1206, 1450], [1138, 895, 1410], [440, 1635, 1401], [751, 615, 675], [1605, 45, 361], [21, 522, 1197], [60, 1789, 967], [761, 251, 322], [1734, 247, 1129],
[1014, 675, 629], [543, 1041, 412], [129, 756, 1307], [116, 1196, 1077], [94, 82, 270], [1211, 264, 757], [1573, 728, 1722], [905, 1230, 1646], [449, 126, 475], [1213, 437, 1164],
[478, 28, 1839], [1549, 572, 1457], [96, 1143, 348], [1845, 1701, 121], [1058, 1795, 645], [1770, 1141, 910], [662, 1291, 215], [519, 774, 1445], [743, 1223, 1571], [1660, 572, 585],
[959, 1050, 614], [1375, 734, 1628], [967, 1272, 906], [1757, 1252, 1184], [13, 887, 1556], [658, 792, 1274], [145, 32, 701], [360, 993, 1475], [382, 1736, 1275], [88, 1531, 1847],
[1116, 1067, 1474], [1730, 577, 785], [1493, 121, 192], [976, 13, 1445], [295, 26, 909], [1851, 1127, 279], [1260, 1714, 311], [538, 210, 1304], [590, 592, 1618], [1, 1123, 1726],
[1848, 374, 929], [1458, 681, 1506], [820, 309, 1628], [1013, 1727, 218], [1035, 157, 245], [79, 585, 1814], [358, 422, 1663], [1111, 961, 450]]
[[2, 7, 0, 0], [4, 7, 5, 0], [4, 5, 1, 8], [9, 6, 7, 5], [7, 10, 7, 1], [1, 10, 4, 5], [10, 10, 6, 5], [1, 0, 7, 1], [5, 7, 2, 7], [3, 5, 7, 5],
[8, 8, 0, 6], [2, 7, 0, 9], [7, 8, 8, 6], [5, 1, 0, 5], [9, 4, 10, 9], [2, 6, 10, 8], [0, 10, 2, 1], [3, 10, 7, 0], [5, 7, 7, 7], [2, 7, 4, 7],
[2, 10, 2, 6], [1, 0, 9, 8], [5, 8, 6, 7], [1, 6, 2, 1], [3, 3, 2, 6], [2, 7, 7, 7], [2, 1, 2, 2], [6, 4, 9, 7], [3, 9, 2, 2], [9, 0, 0, 1],
[6, 6, 7, 5], [10, 7, 4, 3], [10, 4, 7, 10], [1, 3, 7, 1], [4, 7, 3, 9], [0, 10, 5, 1], [8, 7, 4, 4], [5, 2, 6, 9], [8, 0, 3, 6], [7, 7, 9, 7],
[0, 3, 6, 10], [7, 0, 9, 9], [5, 1, 7, 3], [0, 10, 5, 6], [4, 9, 0, 9], [0, 6, 5, 6], [4, 8, 1, 0], [2, 8, 5, 1], [1, 1, 9, 6], [10, 8, 2, 5],
[7, 8, 8, 6], [7, 0, 1, 1], [7, 10, 8, 7], [3, 3, 1, 7], [9, 0, 8, 1], [9, 2, 0, 8], [1, 9, 3, 10], [4, 3, 4, 10], [0, 10, 5, 8], [0, 4, 9, 7],
[4, 6, 2, 7], [9, 1, 2, 6], [1, 10, 7, 8], [10, 5, 5, 10], [1, 6, 9, 6], [10, 0, 5, 10], [10, 8, 7, 8], [10, 3, 3, 1]]
[1, 1, 0.333333, 0.333333, 0.333333, 0.333333, 0.333333, 0.333333, 0.111111, 0.111111,
0.111111, 0.111111, 0.111111, 0.111111, 0.037037, 0.037037, 0.037037, 0.037037, 0.037037, 0.037037,
0.0123457, 0.0123457, 0.0123457, 0.0123457, 0.0123457, 0.0123457, 0.00411523, 0.00411523, 0.00411523, 0.00411523,
0.00411523, 0.00411523, 0.00137174, 0.00137174, 0.00137174, 0.00137174, 0.00137174, 0.00137174, 0.000457247, 0.000457247,
0.000457247, 0.000457247, 0.000457247, 0.000457247, 0.000152416, 0.000152416, 0.000152416, 0.000152416, 0.000152416, 0.000152416,
5.08053e-05, 5.08053e-05, 5.08053e-05, 5.08053e-05, 5.08053e-05, 5.08053e-05, 1.69351e-05, 1.69351e-05, 1.69351e-05, 1.69351e-05,
1.69351e-05, 1.69351e-05, 5.64503e-06, 5.64503e-06, 5.64503e-06, 5.64503e-06, 5.64503e-06, 5.64503e-06]
[3, 7, 4, 15, 17, 4, 12, 16, 7, 9,
2, 10, 14, 11, 10, 9, 12, 10, 10, 9,
4, 10, 16, 2, 8, 10, 5, 8, 9, 15,
14, 5, 15, 18, 0, 10, 16, 16, 2, 12,
8, 15, 15, 8, 18, 18, 1, 12, 18, 1,
13, 1, 6, 18, 14, 13, 8, 8, 8, 9,
14, 15, 8, 13, 16, 3, 17, 18]
------------------------------------------------------- 
# stage = 12	# children c = 3	length of each stage p = 2	nodes = 67	# items I = 1
