[18, 29, 68, 67, 32, 77, 18, 31, 72, 63,
2, 59, 13, 72, 73, 23, 46, 18, 59, 34,
56, 48, 84, 69, 49, 60, 6, 40, 49, 36,
64, 33, 65, 98, 100, 98, 74, 84, 95, 45,
47, 97, 3, 26, 35, 43, 49, 81, 27, 75,
82, 84]
[[37, 961, 223], [946, 1004, 292], [736, 618, 63], [741, 472, 623], [495, 352, 938], [359, 614, 301], [16, 804, 841], [657, 431, 681], [141, 85, 925], [362, 34, 384],
[509, 951, 209], [605, 761, 205], [897, 489, 824], [832, 94, 160], [447, 589, 384], [249, 821, 998], [551, 837, 666], [384, 486, 969], [57, 628, 47], [855, 862, 961],
[103, 364, 905], [184, 969, 658], [389, 730, 12], [77, 555, 986], [237, 1002, 440], [494, 116, 253], [484, 667, 962], [15, 923, 313], [984, 853, 813], [23, 572, 667],
[857, 547, 903], [754, 731, 864], [276, 992, 587], [160, 62, 6], [11, 171, 0], [451, 665, 996], [576, 142, 527], [402, 157, 443], [715, 5, 160], [392, 29, 604],
[52, 886, 143], [827, 504, 874], [556, 652, 858], [7, 685, 792], [13, 696, 964], [13, 11, 621], [882, 587, 635], [401, 989, 664], [844, 569, 670], [876, 961, 699],
[472, 885, 449], [615, 705, 825]]
[[5, 8, 4, 6], [1, 1, 5, 9], [10, 5, 1, 0], [0, 8, 8, 5], [7, 8, 5, 10], [7, 6, 0, 9], [5, 7, 6, 9], [5, 9, 5, 9], [4, 7, 2, 3], [6, 5, 2, 4],
[10, 1, 4, 8], [7, 1, 3, 3], [9, 6, 2, 5], [1, 0, 2, 5], [8, 8, 3, 0], [6, 6, 9, 8], [0, 10, 1, 6], [4, 1, 8, 4], [0, 1, 10, 7], [2, 0, 0, 9],
[6, 0, 2, 6], [1, 4, 0, 7], [10, 1, 7, 3], [5, 4, 0, 5], [3, 10, 9, 5], [0, 7, 7, 0], [6, 7, 8, 7], [7, 6, 5, 3], [4, 5, 9, 3], [7, 7, 10, 6],
[6, 7, 9, 9], [0, 8, 1, 3], [7, 10, 8, 8], [4, 3, 8, 0], [10, 3, 7, 6], [9, 10, 7, 1], [3, 3, 4, 10], [8, 4, 6, 3], [0, 2, 10, 0], [10, 0, 1, 7],
[0, 7, 4, 2], [10, 10, 0, 9], [1, 5, 3, 10], [5, 10, 0, 6], [3, 5, 5, 0], [7, 9, 2, 7], [10, 1, 7, 9], [0, 6, 3, 9], [2, 5, 0, 2], [5, 1, 9, 6],
[6, 1, 3, 9], [10, 2, 4, 2]]
[1, 1, 0.2, 0.2, 0.2, 0.2, 0.2, 0.2, 0.2, 0.2,
0.2, 0.2, 0.04, 0.04, 0.04, 0.04, 0.04, 0.04, 0.04, 0.04,
0.04, 0.04, 0.008, 0.008, 0.008, 0.008, 0.008, 0.008, 0.008, 0.008,
0.008, 0.008, 0.0016, 0.0016, 0.0016, 0.0016, 0.0016, 0.0016, 0.0016, 0.0016,
0.0016, 0.0016, 0.00032, 0.00032, 0.00032, 0.00032, 0.00032, 0.00032, 0.00032, 0.00032,
0.00032, 0.00032]
[4, 5, 2, 8, 4, 0, 9, 4, 4, 4,
2, 8, 9, 0, 0, 9, 1, 2, 0, 4,
3, 4, 1, 7, 1, 5, 9, 2, 9, 9,
5, 0, 9, 6, 8, 0, 1, 0, 10, 6,
4, 10, 1, 6, 1, 8, 8, 8, 8, 0,
2, 4]
------------------------------------------------------- 
# stage = 6	# children c = 5	length of each stage p = 2	nodes = 51	# items I = 1
