[24, 56, 22, 76, 57, 74, 64, 65, 82, 43,
76, 84, 44, 34, 90, 100, 92, 5, 52, 19,
100, 15, 25, 71, 54, 36, 11, 44, 17, 18,
15, 7, 40, 38, 83, 97, 11, 46, 61, 93,
55, 3, 42, 99, 37, 32, 65, 95, 3, 83,
13, 2, 98, 4, 73, 18, 41, 85, 62, 24,
69, 44, 31, 8, 82, 14, 5, 59, 26]
[[955, 433, 906], [270, 273, 343], [881, 491, 397], [461, 291, 609], [433, 341, 661], [37, 374, 956], [141, 539, 389], [409, 620, 557], [359, 140, 523], [293, 267, 298],
[122, 2, 510], [807, 51, 561], [152, 932, 54], [328, 395, 123], [937, 606, 464], [379, 421, 839], [337, 563, 158], [504, 972, 556], [839, 111, 474], [142, 405, 519],
[440, 305, 522], [950, 114, 573], [291, 45, 285], [345, 373, 458], [247, 90, 67], [711, 469, 488], [330, 806, 53], [267, 90, 804], [823, 929, 915], [300, 849, 100],
[819, 292, 406], [121, 22, 520], [472, 314, 343], [757, 437, 716], [994, 684, 807], [63, 176, 56], [329, 284, 641], [161, 551, 731], [965, 155, 441], [660, 233, 292],
[539, 830, 362], [945, 952, 385], [245, 204, 477], [589, 740, 692], [85, 736, 157], [670, 577, 333], [727, 906, 617], [370, 69, 947], [879, 812, 880], [100, 253, 115],
[393, 792, 723], [755, 739, 455], [918, 762, 660], [175, 131, 402], [868, 217, 916], [27, 665, 495], [138, 394, 403], [533, 542, 473], [260, 424, 65], [142, 302, 318],
[35, 695, 112], [759, 231, 629], [992, 927, 394], [654, 105, 525], [834, 751, 520], [752, 556, 188], [27, 694, 582], [431, 7, 903], [682, 268, 107]]
[[0, 10, 9, 0], [7, 1, 1, 1], [5, 8, 8, 10], [8, 9, 6, 0], [5, 8, 2, 5], [1, 6, 6, 9], [1, 10, 7, 0], [10, 10, 8, 0], [10, 4, 9, 4], [5, 9, 3, 0],
[6, 9, 8, 1], [5, 3, 1, 10], [9, 1, 4, 0], [7, 10, 9, 7], [8, 6, 5, 7], [3, 2, 5, 0], [4, 4, 2, 10], [2, 5, 10, 6], [1, 5, 5, 7], [7, 5, 4, 5],
[6, 9, 5, 3], [6, 2, 8, 1], [8, 0, 9, 9], [3, 1, 10, 5], [3, 1, 4, 3], [5, 1, 9, 6], [7, 2, 0, 3], [7, 5, 6, 2], [1, 1, 3, 5], [1, 9, 7, 7],
[10, 3, 5, 0], [4, 4, 5, 6], [6, 10, 9, 9], [0, 6, 4, 5], [8, 3, 6, 4], [6, 2, 4, 5], [1, 6, 10, 2], [4, 4, 9, 3], [5, 3, 3, 10], [6, 7, 5, 1],
[6, 1, 10, 4], [7, 1, 8, 4], [2, 3, 6, 6], [5, 0, 0, 6], [6, 0, 8, 8], [2, 6, 1, 8], [8, 2, 5, 3], [9, 8, 2, 2], [9, 10, 5, 6], [9, 2, 8, 1],
[5, 4, 7, 9], [2, 6, 4, 6], [4, 0, 3, 6], [6, 2, 3, 1], [5, 6, 4, 1], [3, 4, 2, 0], [3, 5, 6, 2], [7, 1, 1, 10], [3, 6, 8, 5], [1, 2, 9, 3],
[2, 2, 10, 6], [4, 0, 6, 7], [7, 8, 7, 8], [2, 7, 8, 3], [1, 1, 5, 8], [3, 4, 5, 6], [9, 3, 10, 8], [3, 8, 1, 5], [10, 9, 9, 2]]
[1, 1, 1, 0.5, 0.5, 0.5, 0.5, 0.5, 0.5, 0.25,
0.25, 0.25, 0.25, 0.25, 0.25, 0.125, 0.125, 0.125, 0.125, 0.125,
0.125, 0.0625, 0.0625, 0.0625, 0.0625, 0.0625, 0.0625, 0.03125, 0.03125, 0.03125,
0.03125, 0.03125, 0.03125, 0.015625, 0.015625, 0.015625, 0.015625, 0.015625, 0.015625, 0.0078125,
0.0078125, 0.0078125, 0.0078125, 0.0078125, 0.0078125, 0.00390625, 0.00390625, 0.00390625, 0.00390625, 0.00390625,
0.00390625, 0.00195312, 0.00195312, 0.00195312, 0.00195312, 0.00195312, 0.00195312, 0.000976562, 0.000976562, 0.000976562,
0.000976562, 0.000976562, 0.000976562, 0.000488281, 0.000488281, 0.000488281, 0.000488281, 0.000488281, 0.000488281]
[4, 0, 1, 1, 8, 1, 0, 1, 1, 9,
0, 3, 5, 5, 1, 5, 8, 9, 5, 5,
4, 1, 5, 2, 7, 0, 8, 7, 6, 9,
7, 7, 1, 4, 9, 0, 0, 9, 8, 7,
5, 6, 5, 0, 1, 3, 5, 6, 8, 5,
4, 4, 0, 3, 5, 0, 0, 7, 3, 8,
9, 4, 3, 3, 5, 5, 5, 5, 5]
------------------------------------------------------- 
# stage = 12	# children c = 2	length of each stage p = 3	nodes = 68	# items I = 1
