[23, 1, 2, 56, 29, 40, 100, 39, 6, 47,
38, 90, 35, 18, 9, 48, 66, 47, 68, 33,
27, 80, 14, 70, 19, 61, 94, 30, 14, 82,
0, 3, 49, 70, 59, 78, 9, 24, 83, 16,
72, 87, 72, 73, 5, 81, 21, 37, 95, 55,
37, 88, 34, 51, 57, 19, 79, 50, 16, 59,
98, 16, 62, 46, 86, 88, 90, 62, 11, 73,
78, 49, 25, 15, 22, 30, 96, 9, 68, 90,
30, 71, 77, 64, 21, 100, 49, 100, 49, 65,
24, 12, 48, 87, 58, 100, 74, 48, 61, 85,
87, 4, 0, 78, 19, 89, 75, 82, 64, 42,
37, 94, 12, 81, 23, 100, 80, 72, 66, 96,
3, 90, 7, 17, 76, 32, 83, 15, 46, 44,
67, 32, 14, 67, 76, 0, 21, 50, 82, 85,
58, 85, 78, 36, 65, 0, 36, 45, 38, 68,
6, 7, 23, 13, 24, 66, 11, 74, 81, 57,
84, 47, 55, 98, 80, 31, 64, 0, 81, 11,
51, 39, 97, 95, 75, 61, 95, 77, 72, 100]
[[905, 1815, 1767], [1292, 846, 1968], [1996, 1195, 1429], [1993, 1859, 1847], [1215, 1081, 430], [246, 227, 1072], [1904, 1899, 142], [1261, 1198, 109], [1101, 1587, 1350], [1461, 1041, 272],
[149, 342, 483], [312, 1634, 1738], [677, 1619, 921], [94, 1600, 1176], [1941, 1211, 245], [359, 1865, 881], [1840, 154, 1176], [1982, 1415, 362], [79, 912, 346], [1837, 361, 1795],
[505, 918, 126], [988, 1230, 156], [714, 1907, 1775], [32, 2001, 1771], [1616, 326, 1379], [258, 1094, 1232], [1139, 922, 1794], [711, 1300, 1197], [1073, 1787, 505], [1827, 1612, 866],
[7, 513, 1784], [133, 1501, 1411], [697, 612, 1714], [461, 644, 1704], [628, 656, 426], [403, 914, 1520], [1636, 449, 838], [1418, 1160, 126], [1012, 630, 1913], [1925, 853, 1921],
[780, 860, 422], [960, 993, 1924], [767, 1691, 932], [470, 548, 1576], [570, 1584, 220], [996, 1988, 1543], [913, 8, 1992], [1751, 1834, 1141], [1878, 1242, 167], [1779, 1156, 1020],
[1689, 332, 1881], [99, 1700, 1270], [419, 456, 1357], [1759, 926, 301], [1323, 1496, 1886], [1952, 888, 258], [1891, 1801, 266], [1871, 1541, 496], [1408, 1407, 1739], [1575, 1582, 1291],
[584, 1259, 1623], [861, 1767, 1311], [119, 582, 1767], [1885, 330, 1089], [174, 49, 981], [48, 397, 1870], [714, 276, 1659], [1388, 544, 1188], [1885, 1952, 991], [8, 1924, 562],
[1299, 904, 217], [910, 1765, 380], [617, 280, 963], [373, 153, 1701], [1870, 328, 1750], [840, 784, 136], [698, 1499, 820], [345, 875, 1364], [1942, 1156, 1713], [1329, 1164, 1625],
[1891, 859, 517], [505, 165, 270], [885, 783, 550], [244, 1564, 704], [1945, 1422, 1440], [1684, 658, 212], [216, 1356, 1711], [1444, 98, 983], [797, 436, 127], [906, 1765, 1700],
[519, 41, 955], [1444, 954, 1121], [110, 1839, 300], [1068, 72, 1864], [168, 413, 1682], [1608, 85, 329], [1821, 709, 81], [1928, 142, 179], [899, 1347, 1023], [1435, 649, 777],
[1123, 1168, 1226], [66, 1008, 168], [1595, 1118, 403], [1895, 174, 883], [1747, 343, 1297], [1826, 1951, 1790], [551, 156, 488], [632, 73, 1038], [1220, 1380, 781], [231, 803, 1430],
[1416, 322, 994], [1038, 389, 398], [1614, 1984, 1516], [6, 264, 86], [1297, 407, 429], [582, 221, 777], [361, 772, 1341], [1257, 1813, 1414], [691, 1021, 1191], [1880, 1660, 1994],
[1706, 1473, 305], [1096, 499, 1102], [1494, 510, 1482], [998, 516, 1746], [1084, 1813, 142], [1922, 792, 771], [687, 1561, 1952], [424, 806, 1753], [235, 1905, 1170], [1426, 1773, 1226],
[1816, 1875, 687], [109, 959, 1595], [1619, 441, 93], [1090, 1439, 1017], [1232, 919, 1226], [1374, 829, 414], [542, 1924, 1975], [482, 337, 1177], [223, 980, 1070], [1801, 394, 1239],
[1015, 198, 1102], [99, 716, 49], [1694, 323, 490], [183, 1821, 325], [1608, 1042, 1245], [822, 812, 470], [1237, 1354, 791], [1200, 232, 1536], [774, 455, 504], [1844, 652, 1306],
[1072, 1668, 1504], [162, 1767, 616], [620, 1857, 1348], [1110, 28, 1157], [1844, 1636, 595], [1485, 854, 1408], [1955, 487, 1158], [1142, 84, 1391], [666, 858, 242], [1578, 690, 895],
[872, 158, 551], [773, 729, 714], [1797, 1349, 967], [1133, 447, 995], [279, 687, 1027], [874, 160, 277], [678, 104, 765], [1837, 1654, 849], [1216, 309, 103], [1458, 283, 793],
[341, 1564, 1360], [1300, 325, 77], [410, 110, 1426], [1377, 1652, 269], [768, 1931, 957], [1795, 1201, 1117], [469, 1880, 1629], [1234, 101, 1272], [479, 1317, 1989], [582, 1171, 260]]
[[9, 10, 10, 7], [0, 4, 1, 7], [3, 3, 7, 6], [9, 5, 1, 1], [4, 2, 1, 8], [8, 1, 7, 7], [10, 10, 10, 2], [8, 1, 3, 4], [10, 3, 0, 10], [7, 1, 6, 8],
[3, 2, 3, 1], [8, 4, 2, 10], [4, 1, 5, 0], [3, 1, 7, 2], [10, 6, 2, 7], [6, 6, 0, 5], [7, 1, 2, 1], [0, 8, 9, 3], [9, 10, 4, 6], [1, 5, 3, 6],
[4, 9, 4, 7], [10, 9, 7, 7], [5, 10, 3, 9], [3, 2, 1, 8], [1, 3, 7, 1], [9, 3, 5, 7], [2, 7, 0, 3], [10, 4, 7, 4], [0, 0, 9, 8], [10, 4, 5, 2],
[1, 8, 9, 4], [8, 10, 10, 9], [0, 6, 0, 9], [9, 3, 4, 9], [10, 4, 1, 10], [6, 9, 1, 6], [7, 10, 4, 6], [3, 9, 6, 2], [4, 4, 6, 2], [1, 3, 0, 1],
[9, 0, 9, 5], [3, 2, 3, 1], [4, 3, 9, 0], [1, 10, 6, 8], [7, 10, 2, 9], [6, 8, 0, 0], [2, 5, 2, 1], [8, 2, 1, 5], [1, 10, 8, 2], [10, 1, 1, 3],
[4, 10, 1, 3], [7, 8, 0, 2], [5, 0, 9, 1], [9, 9, 1, 9], [1, 1, 10, 8], [1, 0, 2, 2], [8, 10, 3, 7], [9, 2, 9, 0], [0, 8, 3, 7], [5, 2, 7, 0],
[2, 5, 10, 0], [2, 0, 9, 3], [1, 7, 0, 2], [7, 0, 3, 5], [0, 4, 10, 7], [6, 6, 8, 6], [4, 0, 1, 7], [2, 8, 5, 5], [1, 4, 3, 3], [2, 0, 6, 1],
[7, 5, 2, 1], [5, 3, 6, 3], [7, 4, 0, 0], [8, 6, 5, 10], [4, 6, 5, 7], [1, 8, 10, 2], [0, 0, 5, 2], [0, 10, 2, 7], [4, 2, 9, 7], [5, 2, 0, 10],
[4, 9, 10, 0], [4, 4, 10, 8], [8, 2, 2, 10], [0, 10, 1, 0], [0, 5, 0, 0], [4, 0, 8, 6], [2, 4, 2, 7], [6, 2, 6, 9], [9, 4, 9, 0], [6, 6, 7, 4],
[9, 9, 3, 7], [7, 2, 5, 7], [7, 3, 7, 0], [4, 2, 6, 4], [4, 7, 10, 9], [7, 3, 7, 6], [7, 3, 6, 3], [9, 0, 7, 5], [10, 8, 1, 4], [10, 4, 0, 7],
[8, 5, 5, 10], [6, 10, 1, 10], [6, 0, 8, 2], [4, 2, 6, 9], [5, 0, 10, 2], [0, 4, 7, 8], [1, 7, 1, 10], [0, 1, 6, 6], [5, 9, 3, 0], [8, 5, 8, 1],
[5, 6, 2, 7], [6, 8, 4, 10], [8, 3, 1, 9], [8, 8, 6, 7], [2, 8, 6, 3], [7, 10, 7, 1], [7, 0, 1, 2], [5, 10, 4, 8], [3, 4, 5, 7], [1, 7, 6, 10],
[10, 7, 6, 5], [3, 1, 0, 5], [7, 4, 6, 4], [4, 1, 3, 9], [1, 3, 0, 4], [0, 4, 10, 3], [6, 4, 8, 8], [0, 4, 5, 9], [9, 0, 1, 1], [10, 1, 5, 5],
[6, 9, 7, 8], [10, 10, 6, 0], [2, 6, 2, 2], [9, 2, 3, 4], [4, 1, 1, 3], [3, 4, 10, 1], [4, 0, 1, 2], [2, 6, 7, 6], [4, 3, 3, 4], [0, 9, 2, 1],
[2, 3, 1, 0], [5, 5, 3, 7], [4, 2, 10, 5], [7, 9, 4, 9], [8, 5, 0, 10], [0, 5, 5, 3], [6, 6, 5, 7], [4, 5, 6, 6], [8, 7, 5, 0], [10, 8, 8, 1],
[10, 5, 6, 4], [2, 0, 3, 10], [3, 1, 7, 4], [5, 10, 5, 0], [5, 10, 5, 7], [2, 0, 2, 0], [6, 5, 9, 5], [0, 4, 7, 0], [10, 0, 2, 10], [9, 5, 7, 2],
[5, 1, 4, 10], [0, 9, 10, 5], [6, 3, 10, 8], [1, 1, 6, 7], [5, 5, 2, 5], [9, 7, 3, 6], [5, 6, 3, 4], [9, 8, 6, 3], [9, 10, 2, 9], [8, 0, 1, 1],
[3, 0, 7, 4], [0, 3, 10, 3], [6, 10, 8, 2], [4, 1, 9, 9], [5, 10, 2, 3], [8, 8, 7, 6], [7, 9, 3, 2], [9, 2, 3, 10], [3, 0, 2, 1], [1, 1, 4, 7]]
[1, 1, 1, 1, 1, 0.2, 0.2, 0.2, 0.2, 0.2,
0.2, 0.2, 0.2, 0.2, 0.2, 0.2, 0.2, 0.2, 0.2, 0.2,
0.2, 0.2, 0.2, 0.2, 0.2, 0.2, 0.2, 0.2, 0.2, 0.2,
0.04, 0.04, 0.04, 0.04, 0.04, 0.04, 0.04, 0.04, 0.04, 0.04,
0.04, 0.04, 0.04, 0.04, 0.04, 0.04, 0.04, 0.04, 0.04, 0.04,
0.04, 0.04, 0.04, 0.04, 0.04, 0.008, 0.008, 0.008, 0.008, 0.008,
0.008, 0.008, 0.008, 0.008, 0.008, 0.008, 0.008, 0.008, 0.008, 0.008,
0.008, 0.008, 0.008, 0.008, 0.008, 0.008, 0.008, 0.008, 0.008, 0.008,
0.0016, 0.0016, 0.0016, 0.0016, 0.0016, 0.0016, 0.0016, 0.0016, 0.0016, 0.0016,
0.0016, 0.0016, 0.0016, 0.0016, 0.0016, 0.0016, 0.0016, 0.0016, 0.0016, 0.0016,
0.0016, 0.0016, 0.0016, 0.0016, 0.0016, 0.00032, 0.00032, 0.00032, 0.00032, 0.00032,
0.00032, 0.00032, 0.00032, 0.00032, 0.00032, 0.00032, 0.00032, 0.00032, 0.00032, 0.00032,
0.00032, 0.00032, 0.00032, 0.00032, 0.00032, 0.00032, 0.00032, 0.00032, 0.00032, 0.00032,
6.4e-05, 6.4e-05, 6.4e-05, 6.4e-05, 6.4e-05, 6.4e-05, 6.4e-05, 6.4e-05, 6.4e-05, 6.4e-05,
6.4e-05, 6.4e-05, 6.4e-05, 6.4e-05, 6.4e-05, 6.4e-05, 6.4e-05, 6.4e-05, 6.4e-05, 6.4e-05,
6.4e-05, 6.4e-05, 6.4e-05, 6.4e-05, 6.4e-05, 1.28e-05, 1.28e-05, 1.28e-05, 1.28e-05, 1.28e-05,
1.28e-05, 1.28e-05, 1.28e-05, 1.28e-05, 1.28e-05, 1.28e-05, 1.28e-05, 1.28e-05, 1.28e-05, 1.28e-05,
1.28e-05, 1.28e-05, 1.28e-05, 1.28e-05, 1.28e-05, 1.28e-05, 1.28e-05, 1.28e-05, 1.28e-05, 1.28e-05]
[4, 6, 6, 6, 5, 0, 9, 3, 2, 1,
2, 6, 10, 10, 3, 3, 2, 5, 5, 4,
10, 0, 0, 8, 5, 4, 5, 8, 7, 1,
5, 2, 10, 3, 6, 10, 10, 0, 1, 7,
2, 9, 10, 8, 7, 2, 10, 9, 10, 9,
7, 7, 7, 1, 2, 2, 8, 7, 3, 0,
0, 1, 5, 5, 8, 6, 10, 6, 9, 4,
2, 9, 4, 6, 6, 7, 7, 2, 4, 1,
10, 2, 9, 3, 2, 3, 9, 1, 4, 8,
2, 2, 7, 8, 0, 9, 5, 6, 6, 8,
2, 8, 10, 1, 5, 10, 8, 2, 4, 3,
7, 1, 9, 2, 1, 10, 6, 2, 3, 5,
7, 1, 2, 5, 0, 10, 8, 5, 3, 9,
5, 6, 3, 2, 5, 2, 6, 3, 4, 0,
4, 10, 6, 3, 0, 1, 8, 2, 0, 4,
8, 5, 5, 8, 4, 1, 6, 5, 1, 9,
10, 3, 4, 5, 4, 7, 1, 3, 8, 3,
7, 5, 9, 1, 8, 10, 5, 1, 2, 2]
------------------------------------------------------- 
# stage = 8	# children c = 5	length of each stage p = 5	nodes = 179	# items I = 1
