[32, 80, 72, 14, 33, 39, 17, 69, 27, 52,
18, 70, 66, 18, 85, 77, 88, 54, 96, 66,
87, 12, 13, 22, 56, 57, 7, 85, 22, 21,
72, 20, 1, 43, 35, 0, 82, 18, 69, 8,
70, 53, 45, 35]
[[491, 375, 420], [985, 480, 469], [213, 821, 864], [264, 253, 58], [869, 402, 962], [784, 908, 955], [568, 22, 907], [902, 849, 506], [573, 540, 148], [946, 449, 658],
[768, 940, 15], [938, 907, 495], [388, 870, 47], [233, 115, 300], [41, 734, 452], [753, 250, 342], [689, 818, 114], [577, 451, 963], [834, 775, 484], [982, 702, 684],
[622, 201, 605], [387, 120, 243], [632, 258, 95], [680, 491, 979], [730, 282, 695], [164, 16, 945], [256, 456, 494], [370, 783, 695], [64, 598, 451], [299, 562, 903],
[983, 934, 854], [319, 52, 974], [563, 684, 213], [408, 95, 454], [368, 826, 736], [813, 990, 503], [489, 227, 959], [983, 597, 723], [410, 661, 303], [611, 960, 615],
[496, 674, 530], [331, 994, 332], [37, 288, 1016], [0, 696, 93]]
[[8, 3, 8, 5], [3, 7, 10, 7], [3, 9, 2, 10], [8, 10, 2, 6], [5, 4, 7, 7], [1, 0, 5, 10], [0, 7, 5, 7], [7, 3, 7, 2], [6, 2, 5, 7], [10, 4, 3, 0],
[3, 4, 0, 9], [3, 0, 2, 8], [4, 10, 2, 3], [8, 7, 2, 9], [2, 6, 5, 7], [9, 10, 9, 3], [2, 1, 10, 10], [6, 1, 8, 7], [5, 8, 5, 6], [6, 8, 2, 8],
[7, 4, 1, 2], [10, 1, 0, 10], [5, 3, 6, 4], [1, 2, 5, 1], [3, 2, 9, 9], [1, 6, 5, 6], [2, 0, 0, 8], [6, 2, 4, 0], [4, 3, 2, 1], [2, 1, 0, 8],
[2, 4, 10, 3], [6, 4, 4, 10], [4, 0, 8, 6], [7, 1, 10, 9], [10, 10, 4, 5], [10, 6, 3, 2], [9, 3, 1, 1], [4, 0, 9, 5], [4, 8, 8, 0], [10, 0, 10, 1],
[0, 5, 7, 5], [4, 7, 1, 3], [4, 4, 6, 4], [10, 9, 4, 9]]
[1, 1, 0.333333, 0.333333, 0.333333, 0.333333, 0.333333, 0.333333, 0.111111, 0.111111,
0.111111, 0.111111, 0.111111, 0.111111, 0.037037, 0.037037, 0.037037, 0.037037, 0.037037, 0.037037,
0.0123457, 0.0123457, 0.0123457, 0.0123457, 0.0123457, 0.0123457, 0.00411523, 0.00411523, 0.00411523, 0.00411523,
0.00411523, 0.00411523, 0.00137174, 0.00137174, 0.00137174, 0.00137174, 0.00137174, 0.00137174, 0.000457247, 0.000457247,
0.000457247, 0.000457247, 0.000457247, 0.000457247]
[1, 0, 9, 19, 4, 10, 15, 11, 15, 14,
8, 17, 17, 1, 19, 15, 18, 17, 18, 9,
20, 9, 0, 16, 10, 4, 7, 0, 4, 0,
3, 20, 8, 5, 8, 4, 9, 18, 8, 20,
0, 11, 19, 9]
------------------------------------------------------- 
# stage = 8	# children c = 3	length of each stage p = 2	nodes = 43	# items I = 1
