[47, 66, 83, 68, 19, 14, 33, 18, 85, 84,
92, 57, 19, 71, 28, 99, 24, 100, 18, 57,
47, 80, 12, 72, 47, 4, 19, 72, 94, 5,
91, 7, 71, 73, 75, 90, 54, 74, 74, 38,
57, 32, 61, 76, 2, 89, 74, 94, 54, 58,
50, 1]
[[572, 721, 122], [398, 588, 657], [58, 707, 309], [87, 770, 241], [701, 50, 722], [555, 213, 37], [214, 227, 443], [544, 601, 48], [221, 141, 210], [126, 515, 476],
[138, 268, 305], [333, 666, 73], [98, 725, 780], [480, 885, 730], [721, 766, 854], [624, 429, 174], [734, 716, 401], [284, 368, 182], [332, 662, 323], [616, 862, 839],
[199, 107, 214], [504, 441, 880], [650, 612, 785], [538, 272, 777], [448, 101, 651], [409, 798, 260], [583, 712, 83], [164, 103, 524], [346, 508, 294], [743, 304, 263],
[689, 504, 443], [83, 188, 64], [70, 839, 676], [36, 557, 56], [813, 112, 230], [571, 595, 208], [831, 285, 27], [95, 523, 203], [619, 49, 784], [20, 792, 196],
[283, 588, 773], [727, 671, 68], [791, 815, 14], [648, 851, 571], [777, 844, 757], [187, 596, 459], [468, 607, 817], [568, 702, 447], [771, 429, 497], [735, 449, 396],
[38, 806, 165], [811, 713, 16]]
[[0, 10, 4, 6], [2, 7, 1, 1], [4, 4, 9, 6], [4, 9, 7, 9], [8, 8, 3, 2], [8, 3, 1, 6], [10, 7, 1, 7], [0, 10, 4, 0], [9, 8, 5, 0], [5, 4, 2, 9],
[8, 9, 3, 1], [6, 8, 9, 3], [5, 1, 3, 1], [5, 5, 7, 4], [10, 6, 0, 10], [5, 5, 9, 3], [0, 3, 2, 5], [7, 2, 2, 2], [0, 3, 3, 6], [0, 1, 8, 3],
[1, 0, 4, 6], [5, 9, 8, 2], [4, 6, 2, 9], [0, 9, 0, 10], [1, 2, 4, 6], [2, 4, 8, 2], [7, 9, 7, 7], [9, 4, 0, 10], [4, 4, 3, 8], [1, 0, 10, 5],
[6, 10, 2, 5], [8, 2, 4, 7], [2, 6, 2, 4], [0, 8, 4, 7], [7, 0, 2, 3], [2, 2, 2, 7], [4, 5, 2, 5], [3, 10, 9, 9], [8, 0, 3, 5], [0, 5, 0, 2],
[1, 0, 4, 10], [9, 8, 4, 3], [7, 6, 6, 9], [8, 8, 3, 0], [0, 5, 3, 3], [3, 1, 10, 0], [10, 1, 3, 8], [6, 3, 8, 5], [4, 1, 2, 0], [8, 7, 3, 4],
[2, 9, 2, 9], [4, 6, 9, 4]]
[1, 1, 0.2, 0.2, 0.2, 0.2, 0.2, 0.2, 0.2, 0.2,
0.2, 0.2, 0.04, 0.04, 0.04, 0.04, 0.04, 0.04, 0.04, 0.04,
0.04, 0.04, 0.008, 0.008, 0.008, 0.008, 0.008, 0.008, 0.008, 0.008,
0.008, 0.008, 0.0016, 0.0016, 0.0016, 0.0016, 0.0016, 0.0016, 0.0016, 0.0016,
0.0016, 0.0016, 0.00032, 0.00032, 0.00032, 0.00032, 0.00032, 0.00032, 0.00032, 0.00032,
0.00032, 0.00032]
[4, 3, 6, 3, 2, 7, 0, 0, 1, 0,
8, 6, 5, 8, 3, 4, 1, 1, 6, 1,
8, 7, 0, 7, 0, 2, 3, 7, 1, 7,
8, 2, 8, 4, 6, 1, 2, 4, 3, 2,
1, 0, 3, 7, 2, 5, 6, 6, 0, 6,
5, 1]
------------------------------------------------------- 
# stage = 6	# children c = 5	length of each stage p = 2	nodes = 51	# items I = 1
