[91, 4, 85, 72, 58, 17, 47, 25, 60, 1,
91, 76, 58, 38, 56, 55, 19, 19, 74, 57,
11, 100, 67, 93, 19, 30, 73, 10, 14, 31,
93, 4, 35, 77, 42, 59, 60, 55, 51, 86,
56, 41, 61, 80, 46, 84, 35, 31, 2, 75,
54, 81, 40, 20, 73, 25, 16, 11, 35, 97,
42, 27, 68, 77, 70, 9, 1, 29, 65, 52,
81, 87, 60, 42, 67, 72, 25, 1, 2, 94,
76, 56, 74, 82, 42, 12, 6, 25, 23, 42,
21, 65, 35, 89, 7, 5, 65, 9, 0, 96,
27, 82, 82, 87, 90, 48, 58, 14, 15, 26]
[[899, 92, 177], [155, 257, 627], [232, 277, 478], [932, 467, 828], [556, 157, 578], [785, 829, 547], [445, 670, 670], [963, 213, 729], [927, 576, 96], [386, 31, 164],
[263, 928, 254], [439, 27, 511], [9, 257, 787], [485, 133, 197], [254, 687, 355], [832, 415, 127], [322, 858, 797], [991, 764, 1009], [661, 633, 528], [757, 1019, 558],
[919, 223, 429], [115, 662, 454], [624, 669, 712], [354, 97, 843], [552, 351, 473], [907, 124, 888], [1032, 445, 687], [771, 379, 393], [723, 1038, 1026], [192, 736, 988],
[748, 598, 154], [119, 711, 815], [573, 279, 427], [226, 633, 523], [12, 126, 874], [483, 1031, 997], [312, 1007, 383], [1000, 719, 762], [336, 383, 741], [303, 575, 420],
[234, 267, 1018], [386, 386, 671], [144, 957, 950], [570, 125, 524], [36, 135, 651], [908, 619, 625], [848, 929, 573], [174, 872, 235], [934, 149, 618], [618, 452, 135],
[1038, 684, 400], [998, 12, 784], [612, 154, 684], [503, 724, 807], [1027, 760, 943], [619, 612, 503], [186, 403, 375], [759, 576, 189], [993, 451, 338], [554, 11, 789],
[687, 1047, 416], [30, 988, 426], [814, 541, 581], [440, 1042, 248], [190, 1013, 1009], [76, 573, 564], [579, 759, 965], [953, 462, 482], [85, 398, 934], [421, 950, 945],
[153, 581, 935], [568, 611, 865], [994, 367, 347], [518, 807, 333], [765, 997, 287], [717, 17, 860], [222, 594, 563], [128, 490, 1023], [611, 573, 362], [486, 995, 255],
[372, 89, 834], [248, 657, 389], [56, 593, 754], [402, 52, 504], [735, 817, 444], [1020, 475, 459], [823, 697, 1054], [327, 826, 485], [293, 378, 2], [655, 864, 995],
[909, 179, 27], [686, 427, 685], [16, 482, 219], [770, 884, 271], [217, 560, 32], [662, 523, 507], [64, 287, 146], [59, 613, 970], [543, 906, 291], [543, 503, 98],
[481, 355, 275], [508, 1041, 702], [134, 1, 125], [353, 769, 1007], [625, 987, 510], [655, 592, 1031], [103, 654, 260], [249, 712, 873], [160, 196, 722], [451, 739, 166]]
[[4, 6, 8, 7], [0, 3, 8, 3], [8, 0, 9, 4], [8, 0, 10, 4], [7, 7, 8, 3], [10, 4, 10, 4], [1, 2, 0, 8], [6, 5, 6, 8], [1, 3, 2, 1], [4, 0, 2, 10],
[0, 9, 4, 6], [10, 3, 8, 6], [8, 5, 7, 7], [8, 6, 9, 9], [6, 9, 4, 10], [4, 10, 6, 3], [1, 8, 4, 5], [6, 5, 5, 4], [3, 9, 0, 2], [10, 8, 7, 7],
[1, 3, 1, 9], [8, 10, 7, 3], [9, 9, 1, 2], [9, 7, 5, 10], [2, 7, 2, 7], [1, 7, 0, 3], [5, 9, 5, 2], [7, 1, 9, 6], [5, 10, 4, 2], [10, 9, 3, 8],
[7, 4, 8, 3], [9, 0, 0, 10], [5, 3, 6, 5], [10, 4, 8, 3], [3, 2, 5, 10], [2, 4, 3, 7], [1, 7, 7, 0], [3, 8, 6, 10], [2, 3, 1, 9], [1, 1, 6, 7],
[4, 10, 1, 2], [4, 7, 3, 7], [7, 8, 4, 9], [10, 7, 3, 1], [3, 8, 10, 6], [6, 6, 3, 6], [9, 4, 4, 9], [6, 9, 5, 8], [8, 4, 8, 1], [0, 0, 8, 7],
[7, 1, 4, 6], [8, 7, 5, 9], [5, 5, 4, 0], [0, 8, 6, 7], [10, 8, 5, 3], [6, 8, 10, 2], [1, 7, 3, 10], [8, 1, 7, 2], [0, 9, 8, 9], [5, 1, 7, 8],
[6, 10, 6, 4], [5, 10, 0, 4], [8, 4, 8, 1], [1, 5, 3, 1], [1, 5, 0, 7], [6, 5, 9, 4], [3, 5, 2, 7], [6, 8, 2, 1], [7, 9, 3, 1], [8, 1, 3, 3],
[5, 9, 5, 5], [3, 6, 6, 3], [0, 6, 10, 4], [10, 7, 9, 2], [1, 9, 7, 5], [6, 10, 4, 2], [8, 7, 1, 3], [8, 3, 7, 1], [1, 10, 6, 5], [5, 1, 6, 4],
[5, 5, 8, 4], [10, 4, 5, 9], [3, 1, 3, 9], [9, 7, 10, 4], [1, 9, 8, 10], [1, 2, 0, 3], [1, 4, 6, 4], [5, 1, 8, 8], [4, 4, 0, 2], [6, 5, 0, 9],
[4, 2, 6, 3], [9, 3, 7, 9], [10, 4, 8, 1], [6, 6, 2, 5], [10, 6, 10, 2], [5, 5, 10, 7], [7, 10, 9, 3], [2, 8, 10, 7], [10, 5, 10, 6], [6, 4, 4, 6],
[7, 10, 5, 0], [5, 5, 6, 2], [9, 3, 4, 3], [6, 2, 8, 3], [1, 5, 4, 4], [2, 3, 9, 10], [7, 8, 5, 2], [10, 8, 6, 6], [7, 9, 7, 0], [3, 2, 2, 1]]
[1, 1, 1, 1, 1, 0.333333, 0.333333, 0.333333, 0.333333, 0.333333,
0.333333, 0.333333, 0.333333, 0.333333, 0.333333, 0.333333, 0.333333, 0.333333, 0.333333, 0.333333,
0.111111, 0.111111, 0.111111, 0.111111, 0.111111, 0.111111, 0.111111, 0.111111, 0.111111, 0.111111,
0.111111, 0.111111, 0.111111, 0.111111, 0.111111, 0.037037, 0.037037, 0.037037, 0.037037, 0.037037,
0.037037, 0.037037, 0.037037, 0.037037, 0.037037, 0.037037, 0.037037, 0.037037, 0.037037, 0.037037,
0.0123457, 0.0123457, 0.0123457, 0.0123457, 0.0123457, 0.0123457, 0.0123457, 0.0123457, 0.0123457, 0.0123457,
0.0123457, 0.0123457, 0.0123457, 0.0123457, 0.0123457, 0.00411523, 0.00411523, 0.00411523, 0.00411523, 0.00411523,
0.00411523, 0.00411523, 0.00411523, 0.00411523, 0.00411523, 0.00411523, 0.00411523, 0.00411523, 0.00411523, 0.00411523,
0.00137174, 0.00137174, 0.00137174, 0.00137174, 0.00137174, 0.00137174, 0.00137174, 0.00137174, 0.00137174, 0.00137174,
0.00137174, 0.00137174, 0.00137174, 0.00137174, 0.00137174, 0.000457247, 0.000457247, 0.000457247, 0.000457247, 0.000457247,
0.000457247, 0.000457247, 0.000457247, 0.000457247, 0.000457247, 0.000457247, 0.000457247, 0.000457247, 0.000457247, 0.000457247]
[8, 4, 0, 9, 1, 2, 8, 9, 0, 1,
16, 14, 0, 15, 0, 21, 2, 2, 8, 10,
9, 4, 17, 12, 0, 3, 18, 1, 1, 14,
13, 7, 16, 18, 17, 11, 17, 19, 2, 5,
18, 15, 1, 11, 10, 1, 14, 14, 13, 8,
13, 8, 8, 19, 11, 7, 8, 21, 14, 9,
10, 21, 14, 9, 0, 10, 12, 19, 21, 3,
17, 16, 7, 9, 2, 21, 3, 12, 10, 18,
15, 19, 21, 20, 7, 7, 10, 3, 13, 17,
7, 1, 11, 1, 11, 5, 1, 7, 14, 19,
7, 21, 0, 10, 12, 2, 16, 3, 14, 0]
------------------------------------------------------- 
# stage = 8	# children c = 3	length of each stage p = 5	nodes = 109	# items I = 1
