[75, 64, 6, 79, 13, 46, 61, 20, 80, 93,
15, 7, 14, 68, 63, 87, 44, 98, 32, 94,
39, 25, 68, 33, 13, 95, 8, 95, 59, 11,
25, 33, 75, 31, 78, 54, 44, 4, 75, 23,
97, 56, 97, 11, 24, 60, 64, 34, 23, 96,
94, 29, 21, 61, 28, 0, 22, 36, 96, 81,
47, 87, 80, 88, 85, 57, 8, 28, 61, 83,
17, 24]
[[434, 46, 66], [485, 981, 38], [679, 365, 462], [370, 230, 311], [651, 711, 439], [190, 965, 417], [462, 63, 107], [968, 191, 421], [282, 766, 442], [431, 604, 678],
[180, 46, 724], [182, 531, 649], [221, 154, 22], [619, 460, 253], [931, 119, 900], [314, 245, 810], [668, 708, 873], [775, 620, 9], [204, 838, 775], [582, 277, 323],
[268, 457, 370], [928, 640, 837], [585, 797, 928], [544, 424, 396], [733, 299, 516], [641, 614, 761], [459, 290, 413], [341, 9, 970], [286, 149, 816], [69, 731, 102],
[393, 936, 495], [699, 808, 143], [544, 338, 940], [416, 882, 309], [813, 623, 608], [337, 208, 230], [42, 668, 456], [456, 945, 465], [370, 239, 614], [194, 244, 290],
[232, 573, 170], [728, 280, 978], [871, 761, 260], [756, 185, 86], [73, 6, 709], [617, 279, 854], [848, 258, 530], [248, 650, 419], [714, 28, 658], [272, 222, 838],
[498, 391, 420], [604, 127, 700], [591, 934, 405], [787, 634, 591], [874, 707, 533], [527, 269, 813], [389, 125, 79], [855, 309, 729], [282, 959, 757], [876, 240, 915],
[723, 674, 250], [87, 287, 377], [723, 814, 256], [137, 609, 890], [728, 491, 542], [269, 955, 811], [26, 352, 872], [105, 152, 189], [770, 434, 157], [471, 255, 333],
[331, 914, 15], [581, 9, 302]]
[[2, 0, 7, 4], [0, 5, 4, 2], [7, 5, 4, 4], [9, 7, 3, 2], [5, 7, 5, 9], [8, 0, 0, 10], [8, 5, 3, 6], [10, 0, 4, 2], [0, 0, 6, 9], [3, 8, 9, 0],
[3, 1, 4, 1], [8, 5, 1, 0], [10, 6, 7, 8], [4, 6, 5, 10], [0, 7, 5, 9], [7, 8, 9, 5], [6, 2, 1, 10], [0, 10, 8, 1], [0, 10, 0, 6], [5, 10, 5, 4],
[3, 1, 10, 5], [7, 3, 4, 6], [10, 7, 2, 4], [2, 0, 9, 7], [0, 10, 6, 9], [7, 1, 10, 8], [0, 8, 1, 3], [7, 4, 6, 10], [6, 5, 2, 0], [6, 6, 4, 3],
[1, 6, 7, 3], [4, 3, 10, 5], [2, 3, 3, 8], [4, 1, 3, 3], [7, 4, 6, 4], [7, 10, 1, 2], [3, 4, 0, 9], [8, 3, 0, 9], [7, 7, 2, 1], [9, 10, 4, 9],
[3, 5, 6, 5], [6, 9, 6, 3], [1, 0, 5, 8], [10, 4, 8, 2], [8, 6, 1, 6], [9, 1, 2, 6], [6, 2, 5, 2], [2, 9, 1, 3], [3, 7, 6, 8], [4, 2, 9, 5],
[2, 3, 0, 1], [5, 8, 2, 3], [3, 1, 7, 2], [0, 7, 6, 6], [10, 0, 7, 1], [9, 8, 2, 10], [4, 8, 5, 6], [8, 3, 0, 8], [4, 0, 8, 10], [6, 10, 0, 10],
[0, 5, 10, 0], [1, 5, 4, 0], [5, 0, 10, 1], [8, 1, 9, 0], [8, 4, 4, 5], [5, 5, 3, 10], [3, 0, 7, 10], [8, 7, 7, 8], [1, 4, 6, 2], [9, 10, 1, 1],
[9, 0, 0, 4], [2, 9, 2, 8]]
[1, 1, 0.2, 0.2, 0.2, 0.2, 0.2, 0.2, 0.2, 0.2,
0.2, 0.2, 0.04, 0.04, 0.04, 0.04, 0.04, 0.04, 0.04, 0.04,
0.04, 0.04, 0.008, 0.008, 0.008, 0.008, 0.008, 0.008, 0.008, 0.008,
0.008, 0.008, 0.0016, 0.0016, 0.0016, 0.0016, 0.0016, 0.0016, 0.0016, 0.0016,
0.0016, 0.0016, 0.00032, 0.00032, 0.00032, 0.00032, 0.00032, 0.00032, 0.00032, 0.00032,
0.00032, 0.00032, 6.4e-05, 6.4e-05, 6.4e-05, 6.4e-05, 6.4e-05, 6.4e-05, 6.4e-05, 6.4e-05,
6.4e-05, 6.4e-05, 1.28e-05, 1.28e-05, 1.28e-05, 1.28e-05, 1.28e-05, 1.28e-05, 1.28e-05, 1.28e-05,
1.28e-05, 1.28e-05]
[8, 7, 0, 5, 1, 0, 7, 0, 1, 5,
3, 8, 8, 7, 3, 8, 4, 3, 3, 6,
2, 1, 3, 4, 7, 6, 9, 0, 9, 2,
4, 8, 8, 5, 5, 8, 9, 8, 4, 9,
5, 6, 2, 5, 7, 7, 2, 3, 4, 4,
1, 8, 7, 6, 3, 6, 3, 8, 1, 0,
5, 1, 9, 0, 5, 4, 3, 0, 3, 5,
3, 9]
------------------------------------------------------- 
# stage = 8	# children c = 5	length of each stage p = 2	nodes = 71	# items I = 1
