[64, 76, 39, 42, 1, 93, 4, 29, 48, 9,
18, 93, 62, 30, 30, 37, 58, 65, 35, 70,
73, 48, 92, 1, 74, 55, 44, 50, 66, 21,
32, 29, 63, 37, 37, 64, 29, 7, 59, 43,
83, 78, 1, 44, 74, 32, 48, 98, 63, 83,
33, 35, 97, 91, 2, 71, 46, 46, 20, 11,
33, 19, 40, 96, 56, 77, 59, 52, 84, 18,
95, 66, 62, 63, 76, 1, 95, 90, 99, 57,
39, 31, 58, 35, 22, 60, 5, 34, 72, 93,
45, 5, 78, 51, 0, 33, 94, 26, 51, 43,
10, 12, 75, 38, 75, 16, 39, 35, 6, 37,
58, 11, 34, 15, 12, 22, 41, 85, 56, 79,
77, 0, 84, 20, 17, 51, 19, 10, 43, 71]
[[1912, 1440, 33], [1366, 566, 539], [1473, 1050, 2048], [1608, 275, 1127], [655, 2034, 665], [2008, 1700, 1546], [1515, 912, 851], [752, 452, 933], [1883, 1244, 34], [1410, 1537, 943],
[203, 1379, 765], [689, 1127, 1332], [1681, 529, 764], [1658, 519, 1492], [714, 1628, 1908], [1832, 1565, 1538], [1760, 1462, 832], [540, 143, 1737], [1926, 409, 910], [1961, 1819, 830],
[1286, 404, 591], [2051, 1093, 1718], [1765, 703, 629], [911, 743, 1148], [786, 1910, 705], [1076, 53, 653], [996, 1813, 497], [1828, 735, 641], [1495, 590, 1503], [787, 933, 1251],
[1617, 148, 1655], [137, 582, 1130], [237, 276, 215], [866, 1641, 1411], [397, 356, 1703], [1555, 1432, 1756], [137, 358, 1951], [635, 568, 1068], [1729, 445, 40], [1161, 1686, 1427],
[794, 1232, 1575], [831, 1823, 86], [1961, 442, 816], [558, 1309, 386], [1969, 1706, 742], [1601, 1190, 556], [1739, 1781, 914], [1, 798, 1936], [1069, 456, 310], [1562, 2070, 1996],
[918, 793, 1611], [876, 6, 1816], [962, 1967, 187], [1778, 907, 1949], [546, 1258, 2037], [1288, 788, 1610], [1845, 909, 1320], [1141, 910, 47], [1459, 361, 956], [1770, 305, 955],
[77, 1677, 130], [70, 482, 136], [268, 1897, 485], [456, 2058, 1845], [787, 533, 1032], [754, 204, 202], [293, 431, 1111], [2066, 1572, 403], [495, 1414, 1217], [1451, 1113, 1975],
[788, 1643, 1581], [1371, 96, 2063], [1960, 364, 1890], [827, 1273, 1877], [601, 2061, 792], [1633, 1197, 996], [1835, 1490, 1427], [1328, 1938, 1382], [113, 362, 725], [1783, 195, 220],
[1687, 983, 1863], [1198, 736, 1959], [1643, 625, 253], [1462, 1452, 1526], [1721, 435, 1969], [443, 2068, 1095], [1439, 214, 967], [1249, 1995, 834], [560, 37, 1649], [1285, 1820, 1844],
[1505, 1436, 1209], [1750, 1016, 327], [1639, 589, 952], [274, 433, 786], [182, 84, 1221], [81, 980, 1671], [1629, 801, 1885], [979, 2050, 1809], [1813, 539, 228], [1845, 206, 2048],
[0, 1711, 1867], [1663, 1844, 812], [1990, 1412, 1854], [1325, 68, 217], [40, 703, 301], [1715, 1237, 1734], [1315, 796, 464], [1130, 1775, 444], [1321, 1970, 1436], [1550, 126, 1643],
[1980, 127, 1736], [1776, 1790, 1509], [971, 1709, 1303], [754, 963, 1371], [971, 1457, 4], [1725, 1101, 1241], [1388, 798, 419], [1853, 310, 123], [679, 1632, 476], [44, 1564, 602],
[1687, 1473, 729], [1353, 1632, 901], [1244, 985, 993], [477, 1739, 338], [1848, 1093, 1795], [234, 1200, 1278], [1929, 518, 6], [277, 753, 316], [854, 1432, 330], [1783, 1929, 1894]]
[[3, 0, 10, 1], [9, 5, 0, 4], [5, 9, 9, 6], [10, 0, 3, 1], [8, 2, 9, 7], [1, 6, 4, 7], [5, 1, 7, 0], [10, 6, 8, 0], [4, 7, 0, 2], [10, 0, 6, 2],
[7, 4, 6, 4], [2, 7, 5, 8], [9, 4, 3, 8], [8, 7, 4, 3], [6, 0, 3, 3], [4, 9, 4, 8], [3, 4, 10, 0], [2, 3, 0, 9], [5, 6, 0, 6], [2, 3, 3, 9],
[7, 6, 6, 5], [0, 0, 6, 7], [9, 7, 10, 1], [5, 1, 9, 6], [5, 7, 4, 7], [8, 4, 3, 3], [10, 1, 7, 10], [5, 10, 6, 1], [4, 1, 4, 4], [10, 8, 9, 7],
[4, 7, 8, 7], [8, 4, 0, 3], [0, 4, 8, 7], [8, 10, 8, 5], [9, 4, 4, 3], [3, 10, 3, 5], [10, 5, 10, 7], [3, 6, 3, 7], [2, 0, 2, 9], [5, 2, 10, 3],
[5, 7, 10, 2], [4, 7, 8, 3], [0, 10, 6, 2], [8, 7, 7, 5], [2, 4, 1, 5], [9, 3, 10, 0], [3, 1, 9, 6], [2, 6, 8, 7], [3, 5, 7, 5], [0, 2, 8, 9],
[2, 2, 9, 8], [7, 6, 2, 9], [8, 1, 1, 6], [4, 1, 5, 6], [0, 1, 10, 0], [8, 7, 7, 9], [0, 2, 3, 0], [4, 10, 9, 6], [10, 6, 1, 6], [1, 1, 5, 7],
[3, 6, 3, 5], [5, 8, 0, 6], [7, 0, 4, 4], [5, 1, 2, 5], [3, 6, 5, 7], [3, 2, 1, 2], [8, 0, 8, 7], [2, 0, 3, 3], [7, 4, 8, 10], [10, 7, 5, 7],
[7, 10, 0, 1], [9, 3, 7, 10], [7, 10, 4, 10], [10, 3, 10, 5], [2, 7, 1, 4], [6, 3, 5, 2], [7, 0, 10, 5], [7, 5, 1, 3], [2, 10, 3, 9], [2, 8, 6, 7],
[7, 10, 4, 5], [1, 3, 10, 3], [9, 10, 5, 4], [2, 10, 4, 7], [8, 3, 1, 5], [6, 0, 6, 6], [0, 9, 2, 0], [4, 8, 6, 10], [6, 10, 4, 7], [1, 3, 8, 8],
[2, 2, 1, 2], [10, 3, 10, 7], [4, 9, 1, 9], [8, 6, 4, 8], [4, 5, 8, 9], [2, 1, 8, 6], [1, 10, 0, 0], [2, 8, 8, 3], [8, 7, 5, 7], [10, 2, 2, 1],
[10, 1, 10, 7], [7, 2, 4, 1], [7, 10, 8, 7], [1, 3, 3, 0], [2, 3, 0, 2], [10, 8, 5, 7], [4, 9, 2, 1], [0, 4, 0, 10], [5, 0, 6, 2], [0, 8, 1, 5],
[6, 7, 1, 5], [10, 2, 5, 10], [4, 3, 1, 3], [0, 5, 10, 2], [3, 1, 1, 1], [3, 1, 1, 9], [10, 5, 9, 10], [1, 8, 4, 7], [4, 4, 10, 1], [6, 4, 9, 10],
[7, 10, 0, 5], [2, 9, 5, 5], [8, 4, 7, 1], [5, 6, 8, 3], [9, 4, 2, 8], [1, 5, 4, 5], [9, 1, 4, 2], [5, 2, 0, 10], [10, 0, 2, 2], [9, 7, 5, 7]]
[1, 1, 1, 1, 1, 0.2, 0.2, 0.2, 0.2, 0.2,
0.2, 0.2, 0.2, 0.2, 0.2, 0.2, 0.2, 0.2, 0.2, 0.2,
0.2, 0.2, 0.2, 0.2, 0.2, 0.2, 0.2, 0.2, 0.2, 0.2,
0.04, 0.04, 0.04, 0.04, 0.04, 0.04, 0.04, 0.04, 0.04, 0.04,
0.04, 0.04, 0.04, 0.04, 0.04, 0.04, 0.04, 0.04, 0.04, 0.04,
0.04, 0.04, 0.04, 0.04, 0.04, 0.008, 0.008, 0.008, 0.008, 0.008,
0.008, 0.008, 0.008, 0.008, 0.008, 0.008, 0.008, 0.008, 0.008, 0.008,
0.008, 0.008, 0.008, 0.008, 0.008, 0.008, 0.008, 0.008, 0.008, 0.008,
0.0016, 0.0016, 0.0016, 0.0016, 0.0016, 0.0016, 0.0016, 0.0016, 0.0016, 0.0016,
0.0016, 0.0016, 0.0016, 0.0016, 0.0016, 0.0016, 0.0016, 0.0016, 0.0016, 0.0016,
0.0016, 0.0016, 0.0016, 0.0016, 0.0016, 0.00032, 0.00032, 0.00032, 0.00032, 0.00032,
0.00032, 0.00032, 0.00032, 0.00032, 0.00032, 0.00032, 0.00032, 0.00032, 0.00032, 0.00032,
0.00032, 0.00032, 0.00032, 0.00032, 0.00032, 0.00032, 0.00032, 0.00032, 0.00032, 0.00032]
[8, 4, 3, 2, 20, 1, 11, 3, 18, 14,
18, 11, 9, 18, 15, 20, 16, 13, 20, 3,
4, 6, 12, 2, 17, 16, 12, 2, 8, 1,
5, 1, 2, 18, 8, 19, 3, 3, 12, 4,
17, 18, 4, 5, 16, 14, 6, 20, 7, 10,
15, 3, 10, 12, 7, 6, 14, 8, 2, 7,
17, 17, 11, 10, 10, 9, 3, 19, 14, 12,
4, 2, 20, 10, 20, 18, 13, 16, 7, 0,
1, 17, 20, 13, 3, 12, 20, 20, 18, 19,
4, 11, 7, 0, 11, 8, 8, 11, 19, 18,
5, 5, 17, 2, 11, 10, 15, 10, 5, 14,
9, 4, 6, 3, 17, 2, 4, 2, 7, 13,
5, 11, 1, 19, 10, 19, 12, 13, 13, 19]
------------------------------------------------------- 
# stage = 6	# children c = 5	length of each stage p = 5	nodes = 129	# items I = 1
