[1, 43, 9, 45, 52, 85, 26, 92, 30, 91,
29, 20, 66, 43, 53, 95, 75, 37, 4, 35,
24, 58, 7, 86, 25, 91, 46, 7, 85, 6,
4, 53, 49, 80, 98, 68, 30, 90, 25, 61,
80, 54, 81, 11, 97, 33]
[[995, 353, 67], [495, 966, 88], [1124, 416, 974], [685, 755, 83], [226, 791, 620], [826, 762, 555], [808, 231, 573], [227, 636, 809], [335, 424, 519], [1099, 548, 385],
[199, 399, 739], [267, 870, 561], [355, 826, 977], [161, 344, 564], [244, 570, 188], [864, 228, 950], [251, 1012, 13], [825, 96, 649], [490, 431, 1074], [1009, 386, 478],
[226, 562, 853], [965, 805, 555], [358, 1136, 238], [167, 153, 582], [708, 397, 1128], [896, 94, 188], [702, 345, 57], [715, 2, 153], [221, 468, 560], [127, 309, 946],
[581, 536, 340], [266, 333, 1], [821, 692, 1137], [1035, 859, 146], [473, 399, 544], [433, 151, 638], [622, 829, 959], [679, 377, 962], [808, 574, 262], [224, 677, 572],
[2, 114, 1084], [343, 356, 273], [344, 33, 965], [314, 1045, 657], [460, 350, 1056], [1004, 784, 40]]
[[1, 4, 8, 8], [4, 8, 0, 2], [10, 2, 1, 5], [4, 9, 1, 3], [8, 10, 4, 0], [10, 5, 3, 5], [4, 3, 1, 10], [10, 0, 6, 0], [4, 1, 6, 6], [7, 5, 6, 7],
[7, 8, 10, 0], [4, 0, 1, 10], [8, 3, 8, 8], [9, 0, 0, 2], [1, 0, 10, 0], [9, 6, 10, 1], [7, 3, 7, 4], [8, 3, 9, 4], [0, 6, 4, 2], [4, 6, 1, 1],
[9, 9, 7, 7], [7, 8, 8, 8], [6, 7, 6, 4], [0, 5, 5, 6], [9, 2, 10, 6], [5, 6, 0, 3], [1, 2, 5, 5], [8, 6, 4, 5], [2, 1, 10, 9], [7, 7, 4, 0],
[2, 10, 4, 0], [5, 8, 6, 1], [8, 3, 7, 0], [9, 5, 1, 8], [8, 6, 0, 5], [10, 5, 8, 10], [4, 8, 6, 9], [2, 10, 9, 2], [7, 0, 3, 10], [6, 9, 0, 3],
[0, 6, 1, 9], [0, 2, 5, 8], [8, 5, 1, 5], [8, 9, 4, 10], [6, 8, 8, 7], [7, 4, 9, 2]]
[1, 1, 0.5, 0.5, 0.5, 0.5, 0.25, 0.25, 0.25, 0.25,
0.125, 0.125, 0.125, 0.125, 0.0625, 0.0625, 0.0625, 0.0625, 0.03125, 0.03125,
0.03125, 0.03125, 0.015625, 0.015625, 0.015625, 0.015625, 0.0078125, 0.0078125, 0.0078125, 0.0078125,
0.00390625, 0.00390625, 0.00390625, 0.00390625, 0.00195312, 0.00195312, 0.00195312, 0.00195312, 0.000976562, 0.000976562,
0.000976562, 0.000976562, 0.000488281, 0.000488281, 0.000488281, 0.000488281]
[5, 8, 0, 9, 16, 8, 17, 12, 6, 20,
17, 4, 19, 0, 6, 22, 3, 20, 3, 17,
3, 2, 3, 21, 22, 15, 1, 6, 8, 19,
16, 20, 8, 17, 12, 19, 3, 2, 19, 4,
7, 16, 3, 0, 22, 21]
------------------------------------------------------- 
# stage = 12	# children c = 2	length of each stage p = 2	nodes = 45	# items I = 1
