[33, 48, 97, 67, 11, 24, 85, 8, 67, 88,
30, 0, 25, 0, 1, 38, 47, 91, 56, 72,
20, 45, 18, 64, 9, 44, 43, 97, 31, 14,
0, 31, 62, 63, 64, 39, 88, 49, 47, 54,
2, 44, 20, 28]
[[173, 803, 323], [51, 712, 699], [958, 117, 213], [271, 262, 22], [15, 197, 490], [632, 212, 467], [544, 843, 575], [592, 43, 416], [272, 84, 925], [58, 632, 539],
[36, 678, 382], [359, 601, 6], [930, 599, 956], [183, 870, 258], [205, 757, 328], [568, 301, 412], [75, 846, 295], [650, 350, 338], [106, 622, 294], [904, 552, 926],
[355, 588, 516], [609, 947, 157], [488, 917, 756], [484, 141, 539], [614, 218, 208], [942, 786, 510], [394, 733, 396], [561, 423, 746], [771, 402, 281], [105, 218, 833],
[904, 445, 462], [460, 94, 321], [618, 454, 279], [286, 938, 292], [697, 465, 382], [906, 447, 209], [456, 714, 942], [724, 187, 278], [382, 959, 552], [535, 936, 642],
[281, 880, 127], [615, 381, 93], [936, 871, 548], [127, 197, 398]]
[[3, 0, 0, 8], [7, 9, 1, 3], [2, 9, 4, 7], [3, 4, 4, 6], [6, 5, 10, 6], [3, 4, 8, 5], [7, 5, 10, 7], [2, 8, 1, 3], [8, 1, 10, 2], [8, 9, 5, 10],
[7, 9, 6, 9], [1, 9, 2, 7], [3, 10, 1, 6], [3, 9, 10, 9], [3, 9, 5, 3], [6, 6, 5, 2], [5, 4, 4, 3], [2, 10, 2, 7], [6, 7, 3, 7], [5, 5, 2, 8],
[2, 3, 1, 6], [10, 0, 2, 3], [8, 7, 4, 1], [0, 9, 3, 3], [0, 8, 6, 0], [5, 7, 8, 9], [1, 0, 6, 6], [4, 8, 1, 6], [9, 2, 10, 8], [1, 10, 9, 7],
[4, 1, 8, 4], [8, 1, 6, 7], [9, 1, 7, 1], [6, 4, 10, 5], [3, 3, 0, 5], [9, 1, 9, 7], [2, 7, 3, 1], [6, 10, 8, 0], [9, 5, 2, 7], [6, 8, 3, 2],
[8, 10, 1, 3], [2, 1, 9, 3], [2, 7, 6, 1], [7, 4, 6, 9]]
[1, 1, 0.333333, 0.333333, 0.333333, 0.333333, 0.333333, 0.333333, 0.111111, 0.111111,
0.111111, 0.111111, 0.111111, 0.111111, 0.037037, 0.037037, 0.037037, 0.037037, 0.037037, 0.037037,
0.0123457, 0.0123457, 0.0123457, 0.0123457, 0.0123457, 0.0123457, 0.00411523, 0.00411523, 0.00411523, 0.00411523,
0.00411523, 0.00411523, 0.00137174, 0.00137174, 0.00137174, 0.00137174, 0.00137174, 0.00137174, 0.000457247, 0.000457247,
0.000457247, 0.000457247, 0.000457247, 0.000457247]
[15, 14, 3, 9, 9, 16, 7, 11, 16, 16,
12, 9, 19, 6, 10, 10, 0, 10, 11, 4,
16, 0, 0, 10, 9, 4, 17, 12, 18, 8,
14, 17, 15, 1, 2, 19, 10, 6, 8, 10,
3, 3, 12, 13]
------------------------------------------------------- 
# stage = 8	# children c = 3	length of each stage p = 2	nodes = 43	# items I = 1
