[7, 52, 53, 14, 7, 95, 86, 89, 92, 59,
92, 50, 85, 6, 91, 79, 15, 98, 59, 65,
59, 27, 31]
[[130, 329, 83], [519, 729, 526], [384, 719, 91], [1074, 634, 526], [1022, 533, 569], [1035, 559, 198], [679, 793, 410], [423, 1110, 978], [533, 938, 14], [952, 191, 12],
[473, 321, 9], [556, 508, 738], [751, 892, 3], [842, 512, 637], [247, 81, 839], [816, 784, 276], [682, 9, 737], [761, 100, 725], [617, 633, 541], [299, 131, 732],
[1101, 604, 721], [1110, 39, 107], [394, 458, 667]]
[[9, 5, 0, 0], [0, 6, 3, 9], [7, 9, 10, 10], [10, 3, 2, 4], [1, 9, 3, 10], [6, 1, 2, 4], [7, 6, 0, 4], [8, 3, 0, 6], [7, 9, 6, 5], [4, 8, 3, 10],
[6, 1, 9, 3], [4, 9, 7, 3], [7, 10, 3, 1], [10, 5, 5, 6], [9, 3, 8, 6], [4, 8, 1, 0], [6, 6, 5, 8], [1, 7, 7, 5], [8, 5, 9, 10], [1, 5, 2, 9],
[3, 5, 8, 0], [8, 2, 6, 4], [3, 1, 10, 7]]
[1, 0.5, 0.5, 0.25, 0.25, 0.125, 0.125, 0.0625, 0.0625, 0.03125,
0.03125, 0.015625, 0.015625, 0.0078125, 0.0078125, 0.00390625, 0.00390625, 0.00195312, 0.00195312, 0.000976562,
0.000976562, 0.000488281, 0.000488281]
[0, 6, 16, 7, 1, 0, 21, 17, 3, 22,
21, 6, 19, 2, 19, 4, 16, 16, 15, 5,
8, 10, 4]
------------------------------------------------------- 
# stage = 12	# children c = 2	length of each stage p = 1	nodes = 22	# items I = 1
