[57, 1, 66, 45, 81, 83, 88, 1, 54, 9,
12, 63, 14, 28, 87, 33, 52, 39, 34, 38,
49, 3, 30, 5, 36, 56, 52, 41, 44, 33,
90, 67, 34, 21]
[[981, 1028, 1068], [10, 990, 796], [590, 1008, 173], [1038, 822, 91], [1066, 81, 1038], [113, 859, 532], [347, 212, 199], [701, 1100, 641], [525, 415, 857], [774, 228, 611],
[1029, 842, 159], [617, 852, 782], [301, 1075, 310], [106, 633, 20], [942, 587, 102], [500, 700, 593], [1032, 679, 805], [863, 268, 426], [24, 425, 473], [882, 87, 333],
[13, 748, 63], [172, 253, 548], [586, 186, 143], [896, 292, 776], [549, 866, 251], [283, 254, 583], [876, 919, 894], [202, 670, 794], [260, 327, 107], [733, 97, 938],
[1066, 854, 574], [762, 658, 459], [942, 133, 645], [1085, 1029, 569]]
[[5, 4, 4, 2], [5, 4, 9, 7], [10, 6, 4, 1], [3, 6, 0, 10], [5, 6, 9, 2], [4, 6, 8, 10], [0, 9, 10, 4], [9, 0, 0, 1], [4, 5, 3, 7], [9, 10, 3, 6],
[6, 5, 5, 7], [0, 5, 6, 6], [9, 2, 6, 2], [8, 1, 2, 7], [10, 1, 9, 8], [10, 10, 9, 2], [4, 1, 9, 0], [10, 0, 6, 5], [5, 9, 1, 4], [3, 5, 10, 1],
[7, 3, 1, 2], [5, 3, 7, 2], [2, 6, 0, 0], [5, 7, 2, 7], [7, 9, 5, 6], [9, 0, 0, 2], [9, 10, 6, 10], [4, 3, 9, 9], [6, 10, 9, 9], [1, 6, 10, 3],
[10, 8, 1, 2], [4, 1, 9, 9], [0, 3, 4, 7], [1, 2, 7, 8]]
[1, 0.333333, 0.333333, 0.333333, 0.111111, 0.111111, 0.111111, 0.037037, 0.037037, 0.037037,
0.0123457, 0.0123457, 0.0123457, 0.00411523, 0.00411523, 0.00411523, 0.00137174, 0.00137174, 0.00137174, 0.000457247,
0.000457247, 0.000457247, 0.000152416, 0.000152416, 0.000152416, 5.08053e-05, 5.08053e-05, 5.08053e-05, 1.69351e-05, 1.69351e-05,
1.69351e-05, 5.64503e-06, 5.64503e-06, 5.64503e-06]
[8, 19, 12, 10, 18, 22, 20, 15, 8, 4,
4, 16, 6, 5, 9, 18, 2, 19, 14, 11,
16, 8, 15, 2, 13, 12, 17, 12, 20, 9,
14, 12, 13, 19]
------------------------------------------------------- 
# stage = 12	# children c = 3	length of each stage p = 1	nodes = 33	# items I = 1
