[52, 61, 71, 84, 1, 87, 11, 55, 73, 81,
88, 9, 77, 46, 53, 61, 68, 40, 1, 68,
12, 16, 70, 100, 30, 19, 16, 8, 11, 50,
39, 29, 77, 76, 12, 78, 28, 90, 100, 67,
70, 87, 76, 47, 99, 28, 74, 66, 34, 41,
100, 46]
[[66, 443, 253], [175, 143, 138], [816, 475, 764], [644, 697, 516], [696, 296, 455], [50, 514, 666], [71, 93, 288], [575, 3, 638], [63, 303, 329], [836, 9, 562],
[594, 75, 81], [848, 251, 224], [62, 603, 236], [827, 783, 9], [879, 555, 305], [870, 142, 355], [613, 213, 908], [901, 788, 911], [152, 387, 750], [17, 300, 760],
[580, 894, 835], [197, 354, 162], [422, 877, 766], [658, 316, 161], [203, 271, 253], [45, 217, 395], [860, 366, 144], [845, 804, 468], [832, 32, 856], [195, 49, 232],
[31, 165, 662], [866, 363, 553], [565, 321, 506], [867, 55, 822], [104, 258, 629], [357, 763, 382], [752, 700, 749], [432, 621, 165], [901, 65, 197], [833, 260, 706],
[601, 751, 408], [339, 694, 307], [428, 795, 628], [10, 738, 683], [368, 842, 477], [533, 736, 777], [916, 100, 553], [277, 533, 710], [442, 510, 775], [175, 879, 572],
[417, 556, 399], [825, 431, 629]]
[[1, 8, 9, 0], [10, 8, 6, 9], [2, 3, 1, 9], [9, 3, 8, 5], [3, 1, 6, 7], [5, 2, 6, 4], [2, 1, 7, 9], [1, 3, 9, 3], [9, 7, 1, 6], [2, 7, 4, 2],
[8, 3, 9, 6], [6, 4, 9, 7], [6, 2, 2, 9], [2, 6, 3, 4], [5, 10, 1, 7], [0, 10, 10, 8], [4, 0, 3, 4], [6, 6, 6, 3], [9, 2, 8, 3], [6, 4, 8, 1],
[5, 10, 0, 7], [6, 3, 1, 0], [0, 2, 7, 0], [10, 4, 8, 3], [3, 10, 7, 9], [5, 0, 10, 1], [2, 7, 4, 8], [10, 2, 10, 4], [10, 8, 0, 3], [0, 10, 2, 0],
[1, 9, 9, 0], [1, 7, 1, 4], [6, 8, 2, 9], [8, 1, 10, 10], [7, 2, 6, 4], [2, 3, 8, 1], [0, 6, 5, 0], [6, 5, 9, 5], [3, 5, 6, 2], [1, 5, 6, 5],
[3, 6, 3, 9], [6, 1, 7, 2], [3, 0, 6, 3], [3, 1, 4, 3], [7, 7, 1, 2], [1, 8, 6, 3], [2, 10, 3, 2], [4, 10, 7, 5], [5, 9, 4, 0], [10, 9, 0, 0],
[9, 4, 3, 1], [5, 5, 4, 0]]
[1, 1, 0.2, 0.2, 0.2, 0.2, 0.2, 0.2, 0.2, 0.2,
0.2, 0.2, 0.04, 0.04, 0.04, 0.04, 0.04, 0.04, 0.04, 0.04,
0.04, 0.04, 0.008, 0.008, 0.008, 0.008, 0.008, 0.008, 0.008, 0.008,
0.008, 0.008, 0.0016, 0.0016, 0.0016, 0.0016, 0.0016, 0.0016, 0.0016, 0.0016,
0.0016, 0.0016, 0.00032, 0.00032, 0.00032, 0.00032, 0.00032, 0.00032, 0.00032, 0.00032,
0.00032, 0.00032]
[0, 8, 6, 7, 9, 5, 0, 5, 8, 5,
0, 3, 0, 6, 1, 0, 6, 7, 0, 1,
9, 5, 4, 1, 1, 1, 3, 6, 0, 0,
1, 4, 3, 6, 2, 2, 6, 0, 1, 4,
2, 5, 4, 0, 5, 7, 3, 8, 6, 1,
4, 1]
------------------------------------------------------- 
# stage = 6	# children c = 5	length of each stage p = 2	nodes = 51	# items I = 1
