[34, 16, 13, 72, 12, 56, 89, 30, 71, 48,
39, 14, 55, 8, 82, 72, 82, 13, 68, 5,
63, 48, 98, 88, 46, 43, 88, 9, 47, 33,
49, 82, 49, 62, 53, 27, 84, 41, 23, 55,
56, 62, 69, 77, 70, 16, 14, 51, 30, 83,
23, 93, 97, 20, 81, 42, 29, 34, 18, 76,
33, 67, 23, 82, 96, 76, 75, 45]
[[439, 787, 688], [323, 775, 867], [433, 554, 800], [2, 57, 122], [836, 346, 77], [555, 490, 142], [509, 702, 798], [562, 778, 93], [51, 278, 258], [459, 53, 85],
[758, 571, 30], [526, 52, 885], [551, 565, 597], [509, 567, 655], [631, 561, 80], [709, 195, 571], [9, 704, 431], [807, 424, 289], [901, 554, 646], [317, 92, 700],
[481, 9, 429], [512, 614, 482], [476, 323, 126], [231, 832, 772], [886, 622, 412], [125, 410, 686], [696, 498, 470], [285, 463, 52], [574, 522, 686], [300, 839, 778],
[158, 400, 866], [587, 70, 559], [227, 625, 40], [432, 856, 873], [283, 822, 574], [695, 26, 142], [461, 801, 719], [89, 165, 261], [220, 819, 784], [906, 277, 702],
[843, 435, 260], [788, 180, 330], [506, 487, 113], [546, 919, 49], [577, 282, 871], [309, 135, 55], [530, 675, 856], [328, 843, 179], [590, 143, 156], [532, 128, 433],
[313, 129, 26], [653, 918, 286], [141, 582, 773], [255, 286, 850], [304, 864, 211], [333, 331, 426], [388, 862, 180], [402, 348, 182], [660, 17, 325], [817, 549, 532],
[329, 21, 662], [435, 753, 738], [721, 52, 478], [652, 307, 764], [581, 690, 786], [872, 181, 197], [377, 648, 217], [636, 129, 565]]
[[1, 5, 6, 5], [4, 2, 5, 3], [0, 8, 6, 5], [10, 6, 2, 8], [2, 8, 6, 2], [6, 2, 10, 9], [9, 0, 8, 6], [7, 9, 3, 6], [3, 10, 9, 5], [1, 1, 8, 1],
[9, 2, 5, 7], [8, 7, 4, 0], [4, 10, 2, 8], [0, 10, 4, 7], [9, 1, 2, 5], [8, 5, 9, 9], [2, 5, 3, 3], [6, 10, 3, 4], [1, 8, 0, 9], [2, 2, 9, 6],
[0, 10, 1, 0], [9, 5, 7, 7], [4, 7, 10, 1], [1, 8, 10, 4], [2, 0, 5, 8], [10, 8, 0, 9], [3, 9, 8, 5], [1, 4, 9, 1], [3, 10, 10, 2], [2, 6, 7, 6],
[2, 7, 5, 1], [2, 2, 3, 3], [3, 7, 9, 0], [4, 9, 10, 6], [6, 5, 9, 5], [9, 8, 4, 2], [5, 3, 2, 8], [7, 7, 1, 7], [3, 7, 8, 4], [7, 10, 7, 8],
[6, 5, 9, 8], [2, 6, 3, 8], [0, 0, 2, 7], [8, 4, 7, 0], [7, 7, 8, 1], [4, 8, 8, 7], [4, 3, 9, 9], [2, 5, 7, 6], [0, 3, 4, 0], [9, 5, 8, 7],
[5, 8, 3, 0], [1, 0, 1, 6], [7, 7, 7, 0], [4, 2, 6, 6], [5, 4, 5, 6], [8, 10, 10, 6], [2, 1, 6, 0], [7, 3, 5, 10], [9, 8, 9, 10], [6, 8, 3, 1],
[4, 8, 10, 7], [8, 5, 2, 0], [8, 5, 6, 3], [4, 6, 9, 6], [7, 4, 4, 1], [5, 7, 10, 3], [3, 6, 0, 9], [3, 1, 10, 7]]
[1, 1, 0.333333, 0.333333, 0.333333, 0.333333, 0.333333, 0.333333, 0.111111, 0.111111,
0.111111, 0.111111, 0.111111, 0.111111, 0.037037, 0.037037, 0.037037, 0.037037, 0.037037, 0.037037,
0.0123457, 0.0123457, 0.0123457, 0.0123457, 0.0123457, 0.0123457, 0.00411523, 0.00411523, 0.00411523, 0.00411523,
0.00411523, 0.00411523, 0.00137174, 0.00137174, 0.00137174, 0.00137174, 0.00137174, 0.00137174, 0.000457247, 0.000457247,
0.000457247, 0.000457247, 0.000457247, 0.000457247, 0.000152416, 0.000152416, 0.000152416, 0.000152416, 0.000152416, 0.000152416,
5.08053e-05, 5.08053e-05, 5.08053e-05, 5.08053e-05, 5.08053e-05, 5.08053e-05, 1.69351e-05, 1.69351e-05, 1.69351e-05, 1.69351e-05,
1.69351e-05, 1.69351e-05, 5.64503e-06, 5.64503e-06, 5.64503e-06, 5.64503e-06, 5.64503e-06, 5.64503e-06]
[4, 1, 2, 2, 7, 1, 0, 9, 0, 6,
3, 5, 9, 9, 0, 9, 4, 5, 1, 6,
9, 3, 0, 1, 4, 2, 5, 9, 2, 8,
1, 9, 9, 7, 4, 3, 3, 6, 3, 8,
9, 8, 4, 1, 9, 9, 8, 9, 6, 2,
1, 7, 9, 0, 4, 2, 5, 8, 2, 6,
0, 4, 7, 9, 1, 8, 2, 2]
------------------------------------------------------- 
# stage = 12	# children c = 3	length of each stage p = 2	nodes = 67	# items I = 1
