[10, 59, 38, 65, 11, 56, 100, 53, 99, 67,
0, 68, 84, 82, 33, 65, 74, 6, 33, 53,
3, 80, 9, 73, 99, 11, 78, 65, 66, 8,
69, 76, 34, 6, 6, 45, 29, 73, 64, 27,
39, 64, 61, 22, 45, 94, 87, 85, 66, 86,
37, 70, 65, 46, 8, 30, 23, 86, 95, 89,
60, 30, 31, 60, 2, 37, 4, 31]
[[1136, 177, 48], [1144, 1738, 553], [1737, 29, 250], [258, 882, 481], [789, 290, 318], [634, 533, 2010], [511, 134, 1186], [671, 54, 583], [178, 1880, 1127], [1796, 1235, 309],
[949, 353, 1808], [997, 801, 832], [855, 521, 165], [1105, 779, 1047], [1586, 872, 642], [1904, 811, 1175], [1897, 1322, 613], [369, 1297, 667], [953, 1476, 1851], [1384, 1254, 372],
[997, 1508, 29], [92, 1809, 831], [924, 646, 656], [394, 1752, 1435], [1441, 624, 1611], [1387, 1833, 1726], [544, 1016, 1031], [1158, 1385, 310], [1129, 1642, 1090], [267, 1008, 1649],
[639, 1310, 1139], [1991, 1402, 930], [804, 1630, 1577], [1460, 6, 615], [181, 752, 543], [1096, 121, 358], [805, 1988, 678], [1140, 432, 46], [1450, 865, 992], [1845, 1132, 1305],
[1476, 1076, 597], [1919, 1049, 1303], [135, 1853, 915], [1016, 599, 226], [1631, 84, 282], [1479, 1180, 1725], [1837, 1289, 1695], [1820, 411, 1431], [1170, 1166, 279], [144, 993, 1411],
[1449, 1773, 469], [28, 1674, 1518], [1331, 1809, 657], [1551, 112, 560], [1081, 1743, 644], [1363, 508, 1129], [1070, 1650, 400], [52, 1452, 812], [1483, 604, 1978], [1762, 748, 257],
[460, 1502, 12], [233, 834, 990], [1752, 148, 781], [1713, 1003, 893], [256, 66, 1941], [204, 1429, 1753], [1333, 1803, 1385], [1038, 1855, 819]]
[[9, 1, 10, 5], [9, 6, 2, 9], [7, 7, 9, 4], [8, 7, 2, 6], [1, 5, 0, 5], [4, 5, 2, 4], [0, 0, 7, 0], [10, 5, 0, 7], [4, 10, 1, 1], [4, 1, 10, 0],
[7, 7, 2, 2], [1, 5, 8, 2], [8, 7, 6, 2], [1, 8, 6, 10], [6, 2, 8, 3], [5, 8, 10, 10], [8, 10, 0, 10], [9, 8, 8, 3], [2, 10, 5, 4], [4, 1, 4, 2],
[8, 10, 2, 7], [5, 6, 6, 9], [8, 3, 2, 1], [1, 10, 9, 7], [9, 7, 6, 6], [2, 3, 7, 5], [0, 0, 7, 5], [1, 9, 5, 7], [7, 7, 3, 1], [2, 9, 0, 8],
[1, 0, 7, 0], [10, 5, 5, 7], [10, 0, 0, 2], [1, 7, 7, 2], [7, 1, 5, 6], [10, 10, 2, 6], [4, 5, 6, 4], [1, 4, 1, 1], [4, 7, 1, 1], [1, 7, 8, 10],
[5, 8, 1, 7], [5, 8, 7, 10], [7, 1, 6, 6], [9, 6, 2, 2], [10, 6, 6, 0], [10, 5, 1, 3], [10, 1, 2, 1], [6, 0, 9, 0], [6, 10, 5, 9], [7, 1, 9, 3],
[0, 2, 7, 9], [8, 7, 9, 5], [2, 2, 6, 1], [6, 5, 2, 5], [6, 5, 4, 1], [3, 2, 0, 9], [1, 5, 8, 6], [5, 4, 7, 5], [6, 4, 2, 1], [0, 9, 7, 1],
[1, 0, 2, 7], [5, 3, 10, 1], [6, 4, 0, 9], [6, 0, 5, 8], [6, 2, 1, 9], [6, 9, 1, 10], [2, 1, 10, 0], [0, 6, 1, 10]]
[1, 1, 0.333333, 0.333333, 0.333333, 0.333333, 0.333333, 0.333333, 0.111111, 0.111111,
0.111111, 0.111111, 0.111111, 0.111111, 0.037037, 0.037037, 0.037037, 0.037037, 0.037037, 0.037037,
0.0123457, 0.0123457, 0.0123457, 0.0123457, 0.0123457, 0.0123457, 0.00411523, 0.00411523, 0.00411523, 0.00411523,
0.00411523, 0.00411523, 0.00137174, 0.00137174, 0.00137174, 0.00137174, 0.00137174, 0.00137174, 0.000457247, 0.000457247,
0.000457247, 0.000457247, 0.000457247, 0.000457247, 0.000152416, 0.000152416, 0.000152416, 0.000152416, 0.000152416, 0.000152416,
5.08053e-05, 5.08053e-05, 5.08053e-05, 5.08053e-05, 5.08053e-05, 5.08053e-05, 1.69351e-05, 1.69351e-05, 1.69351e-05, 1.69351e-05,
1.69351e-05, 1.69351e-05, 5.64503e-06, 5.64503e-06, 5.64503e-06, 5.64503e-06, 5.64503e-06, 5.64503e-06]
[0, 5, 5, 2, 7, 7, 0, 10, 10, 4,
9, 9, 4, 3, 8, 0, 9, 6, 4, 6,
5, 10, 4, 5, 5, 6, 4, 9, 4, 5,
3, 6, 9, 0, 10, 1, 2, 8, 9, 6,
9, 2, 3, 10, 2, 6, 6, 2, 1, 6,
4, 0, 6, 0, 8, 3, 5, 8, 6, 1,
7, 0, 5, 6, 0, 2, 6, 6]
------------------------------------------------------- 
# stage = 12	# children c = 3	length of each stage p = 2	nodes = 67	# items I = 1
