[27, 60, 42, 4, 3, 86, 37, 52, 12, 34,
92, 28, 16, 70, 79, 62, 83, 47, 77, 1,
5, 77, 67, 87, 5, 55, 39, 0, 64, 66,
67, 57, 25, 9, 61, 95, 61, 65, 47, 39,
65, 4, 33, 81, 74, 12, 8, 22, 59, 85,
23, 30, 28, 90, 83, 100, 45, 88, 100, 75,
53, 32, 31, 45, 41, 59, 39, 68, 23]
[[304, 2069, 45], [449, 2084, 1194], [978, 308, 482], [1143, 1666, 277], [1038, 321, 888], [1811, 1258, 584], [1890, 243, 986], [312, 799, 2039], [847, 446, 254], [1157, 1375, 1914],
[1744, 1679, 1299], [1256, 1596, 1233], [299, 423, 1008], [249, 1566, 2142], [2144, 453, 312], [349, 1731, 1037], [933, 1470, 1281], [1386, 1250, 1547], [1274, 1564, 1993], [1529, 571, 1218],
[759, 1782, 213], [2059, 887, 1809], [608, 653, 82], [1616, 902, 1115], [1607, 363, 1036], [1386, 712, 616], [273, 1112, 2087], [1554, 348, 1186], [950, 1622, 599], [259, 1000, 637],
[1477, 1760, 268], [1691, 1135, 1155], [816, 1743, 1276], [898, 1208, 1645], [2014, 132, 2008], [899, 1518, 36], [1515, 1258, 1149], [918, 661, 1497], [2104, 1078, 435], [20, 805, 903],
[657, 131, 2130], [393, 1289, 1114], [1015, 2106, 706], [140, 320, 1381], [1786, 183, 980], [1643, 549, 1966], [1147, 1532, 1073], [145, 299, 1202], [1109, 1871, 1747], [1011, 1358, 401],
[1914, 1482, 0], [1893, 1875, 1289], [323, 740, 711], [1029, 880, 1032], [1878, 2133, 682], [707, 1093, 699], [522, 89, 80], [1063, 234, 1997], [114, 810, 1184], [1861, 1821, 391],
[1730, 1585, 1874], [1730, 794, 1598], [868, 1118, 1805], [1047, 2147, 2], [2079, 1341, 2135], [77, 1516, 1077], [776, 1505, 1166], [856, 417, 867], [170, 2149, 1677]]
[[8, 6, 1, 7], [7, 0, 2, 0], [10, 7, 10, 9], [10, 9, 0, 6], [6, 6, 2, 3], [6, 10, 8, 4], [3, 9, 5, 9], [8, 0, 5, 3], [6, 6, 0, 0], [4, 2, 0, 3],
[8, 10, 2, 5], [6, 0, 0, 0], [5, 0, 3, 9], [8, 9, 0, 1], [8, 6, 8, 3], [4, 1, 6, 10], [7, 6, 9, 10], [9, 9, 0, 4], [7, 2, 9, 0], [1, 8, 0, 6],
[8, 1, 4, 4], [0, 5, 3, 6], [9, 0, 9, 2], [1, 2, 10, 7], [9, 8, 6, 7], [5, 4, 9, 10], [7, 7, 8, 8], [4, 9, 1, 0], [8, 3, 2, 6], [8, 5, 10, 4],
[3, 6, 4, 3], [9, 2, 8, 7], [8, 1, 1, 0], [5, 10, 10, 1], [4, 8, 7, 9], [4, 6, 7, 10], [10, 9, 6, 5], [1, 3, 10, 2], [10, 1, 5, 6], [1, 2, 2, 10],
[3, 1, 10, 7], [0, 8, 6, 4], [5, 3, 0, 7], [9, 7, 6, 6], [3, 10, 1, 2], [3, 0, 5, 0], [10, 10, 6, 1], [0, 6, 9, 1], [7, 8, 8, 7], [5, 4, 9, 8],
[5, 8, 4, 1], [4, 9, 8, 6], [6, 9, 8, 7], [7, 0, 7, 4], [0, 0, 5, 9], [6, 3, 10, 2], [10, 6, 7, 2], [8, 4, 0, 2], [1, 2, 1, 3], [9, 9, 7, 5],
[5, 3, 1, 10], [3, 7, 4, 1], [7, 9, 10, 1], [0, 8, 1, 8], [3, 7, 10, 9], [0, 10, 9, 10], [0, 10, 0, 9], [7, 8, 3, 1], [0, 3, 1, 3]]
[1, 1, 1, 0.5, 0.5, 0.5, 0.5, 0.5, 0.5, 0.25,
0.25, 0.25, 0.25, 0.25, 0.25, 0.125, 0.125, 0.125, 0.125, 0.125,
0.125, 0.0625, 0.0625, 0.0625, 0.0625, 0.0625, 0.0625, 0.03125, 0.03125, 0.03125,
0.03125, 0.03125, 0.03125, 0.015625, 0.015625, 0.015625, 0.015625, 0.015625, 0.015625, 0.0078125,
0.0078125, 0.0078125, 0.0078125, 0.0078125, 0.0078125, 0.00390625, 0.00390625, 0.00390625, 0.00390625, 0.00390625,
0.00390625, 0.00195312, 0.00195312, 0.00195312, 0.00195312, 0.00195312, 0.00195312, 0.000976562, 0.000976562, 0.000976562,
0.000976562, 0.000976562, 0.000976562, 0.000488281, 0.000488281, 0.000488281, 0.000488281, 0.000488281, 0.000488281]
[6, 4, 7, 7, 1, 8, 4, 1, 5, 10,
10, 0, 4, 5, 3, 8, 8, 2, 10, 3,
4, 10, 9, 3, 1, 4, 8, 0, 7, 2,
8, 6, 6, 6, 4, 4, 6, 2, 1, 4,
4, 10, 9, 9, 2, 2, 5, 2, 3, 5,
3, 10, 9, 9, 3, 1, 10, 5, 9, 10,
0, 7, 8, 3, 3, 4, 4, 0, 2]
------------------------------------------------------- 
# stage = 12	# children c = 2	length of each stage p = 3	nodes = 68	# items I = 1
