[40, 81, 20, 35, 31, 25, 100, 100, 85, 20,
91, 98, 79, 73, 35, 81, 97, 55, 13, 64,
65, 26, 17, 70, 30, 85, 3, 81, 1, 88,
48, 41, 68, 68, 42, 99, 60, 8, 64, 10,
28, 54, 74, 6, 93, 9, 53, 55, 30, 67,
18, 96, 59, 36, 31, 90, 87, 0, 36, 89,
88, 84, 96, 21, 17, 4, 86, 43, 12, 50,
20, 6]
[[460, 723, 261], [366, 346, 387], [810, 787, 2], [293, 487, 279], [4, 482, 612], [44, 543, 725], [863, 261, 834], [635, 31, 874], [81, 940, 759], [698, 410, 562],
[109, 870, 583], [370, 534, 929], [55, 385, 55], [315, 678, 543], [851, 940, 323], [504, 25, 867], [270, 186, 169], [402, 119, 458], [317, 201, 439], [375, 197, 849],
[937, 306, 58], [561, 933, 592], [788, 287, 18], [844, 602, 953], [428, 494, 934], [751, 296, 258], [916, 823, 701], [127, 267, 821], [585, 841, 320], [65, 257, 517],
[212, 235, 122], [270, 94, 353], [862, 883, 640], [178, 66, 540], [429, 494, 332], [662, 543, 628], [920, 758, 493], [919, 885, 760], [781, 768, 899], [142, 131, 198],
[917, 343, 690], [337, 870, 785], [947, 71, 709], [629, 506, 775], [210, 935, 567], [800, 638, 408], [469, 856, 207], [260, 817, 390], [318, 896, 199], [259, 337, 587],
[457, 552, 228], [188, 889, 139], [14, 877, 210], [21, 804, 14], [94, 313, 950], [661, 154, 886], [368, 623, 784], [575, 884, 899], [7, 500, 836], [463, 759, 214],
[349, 257, 766], [577, 703, 953], [717, 15, 170], [225, 37, 15], [240, 131, 328], [488, 91, 739], [415, 459, 661], [497, 332, 843], [437, 339, 384], [572, 101, 185],
[84, 450, 699], [851, 68, 443]]
[[0, 9, 8, 1], [8, 10, 1, 0], [8, 10, 2, 2], [6, 0, 2, 6], [9, 3, 8, 2], [10, 10, 2, 4], [2, 1, 9, 4], [4, 9, 1, 5], [7, 7, 6, 3], [5, 7, 1, 2],
[6, 1, 2, 10], [1, 4, 6, 8], [5, 1, 10, 2], [9, 1, 7, 0], [0, 3, 4, 5], [1, 4, 10, 6], [0, 3, 7, 3], [8, 6, 4, 2], [7, 6, 1, 8], [9, 5, 5, 1],
[5, 2, 4, 3], [3, 9, 4, 2], [1, 6, 7, 0], [8, 4, 4, 7], [5, 1, 10, 2], [7, 1, 4, 2], [6, 4, 8, 4], [7, 1, 3, 1], [3, 5, 5, 5], [3, 7, 7, 4],
[0, 1, 4, 9], [5, 9, 3, 8], [8, 2, 10, 2], [4, 2, 4, 10], [4, 0, 1, 0], [1, 2, 2, 4], [8, 5, 9, 0], [1, 3, 3, 10], [4, 7, 6, 7], [3, 9, 4, 9],
[1, 4, 1, 3], [4, 3, 0, 8], [1, 10, 8, 2], [1, 8, 5, 9], [2, 3, 8, 1], [5, 0, 1, 9], [5, 7, 4, 9], [6, 8, 5, 5], [10, 6, 6, 3], [8, 6, 0, 9],
[3, 7, 10, 4], [4, 4, 1, 7], [7, 9, 8, 10], [9, 7, 9, 3], [2, 2, 10, 8], [8, 5, 0, 8], [9, 6, 9, 4], [10, 8, 3, 2], [4, 2, 4, 8], [4, 5, 2, 9],
[1, 9, 9, 10], [5, 5, 1, 7], [7, 9, 2, 2], [3, 0, 10, 2], [4, 7, 6, 1], [4, 7, 3, 8], [7, 6, 3, 0], [9, 6, 10, 0], [2, 6, 8, 5], [0, 9, 2, 5],
[8, 2, 7, 9], [1, 5, 9, 5]]
[1, 1, 0.2, 0.2, 0.2, 0.2, 0.2, 0.2, 0.2, 0.2,
0.2, 0.2, 0.04, 0.04, 0.04, 0.04, 0.04, 0.04, 0.04, 0.04,
0.04, 0.04, 0.008, 0.008, 0.008, 0.008, 0.008, 0.008, 0.008, 0.008,
0.008, 0.008, 0.0016, 0.0016, 0.0016, 0.0016, 0.0016, 0.0016, 0.0016, 0.0016,
0.0016, 0.0016, 0.00032, 0.00032, 0.00032, 0.00032, 0.00032, 0.00032, 0.00032, 0.00032,
0.00032, 0.00032, 6.4e-05, 6.4e-05, 6.4e-05, 6.4e-05, 6.4e-05, 6.4e-05, 6.4e-05, 6.4e-05,
6.4e-05, 6.4e-05, 1.28e-05, 1.28e-05, 1.28e-05, 1.28e-05, 1.28e-05, 1.28e-05, 1.28e-05, 1.28e-05,
1.28e-05, 1.28e-05]
[2, 1, 6, 5, 9, 6, 5, 5, 1, 2,
2, 7, 2, 4, 6, 0, 1, 1, 5, 5,
4, 6, 3, 3, 9, 8, 5, 1, 6, 7,
0, 1, 1, 3, 3, 5, 3, 3, 7, 0,
6, 0, 7, 2, 1, 8, 0, 5, 5, 0,
8, 2, 3, 0, 4, 8, 1, 3, 5, 6,
0, 0, 5, 4, 5, 5, 4, 6, 2, 7,
9, 8]
------------------------------------------------------- 
# stage = 8	# children c = 5	length of each stage p = 2	nodes = 71	# items I = 1
