[26, 64, 7, 100, 17, 74, 47, 11, 75, 50,
7, 86, 91, 18, 14, 60, 12, 81, 13, 75,
75, 71, 50, 63, 90, 37, 17, 10, 53, 59,
0, 79, 23, 75, 44, 6, 14, 91, 84, 89,
7, 92, 40, 98, 76, 54, 57, 54, 0, 37,
28, 75, 7, 45, 38, 97, 82, 21, 73, 34,
46, 40, 79, 35, 14, 22, 42, 28, 80, 92,
83, 87, 49, 22, 84, 24, 42, 7, 79, 42,
44, 73, 83, 51, 17, 87, 13, 100, 7, 87,
100, 54, 26, 79, 55, 6, 67, 97, 34, 46,
55, 16, 99, 3, 4, 83, 28, 46, 56, 73,
88, 100, 45, 70, 16, 29, 23, 96, 95, 97,
48, 94, 50, 40, 38, 72, 46, 72, 68, 46,
84, 22, 62, 83, 93, 32, 31, 20, 78, 87,
59, 65, 52, 70, 1, 34, 99, 91, 29, 93,
87, 44, 87, 3, 84, 91, 75, 97, 62, 42,
8, 46, 31, 71, 95, 90, 69, 25, 9, 47,
11, 68, 78, 63, 3, 79, 63, 2, 69, 92]
[[822, 1504, 1750], [742, 1806, 748], [1792, 1550, 1508], [1994, 1369, 1960], [1250, 102, 883], [1588, 536, 156], [874, 1941, 1593], [637, 1677, 1785], [1615, 972, 1357], [1797, 563, 123],
[1719, 1168, 1627], [1170, 1911, 1351], [1701, 1403, 601], [1126, 1097, 1970], [786, 265, 1855], [1670, 1853, 91], [1609, 428, 2032], [903, 1065, 1410], [605, 597, 299], [1745, 94, 862],
[1869, 1813, 2030], [1413, 683, 1641], [464, 301, 744], [1065, 1427, 1842], [735, 131, 24], [508, 1584, 1660], [599, 893, 5], [549, 1796, 1070], [1959, 101, 1450], [175, 1847, 1544],
[820, 1633, 1275], [550, 746, 1958], [109, 1211, 2043], [853, 2059, 1170], [612, 712, 1301], [419, 1220, 585], [2080, 1819, 1479], [1868, 285, 975], [639, 2027, 1077], [6, 1985, 841],
[1551, 722, 174], [526, 1273, 920], [184, 1165, 1914], [2010, 1801, 1891], [1098, 331, 520], [99, 533, 1740], [685, 313, 1259], [1947, 99, 1328], [839, 738, 1272], [1916, 527, 958],
[457, 1861, 1463], [631, 87, 653], [1335, 272, 1601], [949, 2065, 1320], [757, 1080, 1434], [1060, 1180, 1750], [500, 1648, 2064], [1543, 1512, 80], [788, 51, 601], [1843, 1751, 1128],
[718, 1991, 907], [99, 323, 994], [535, 1658, 1049], [1920, 307, 1032], [940, 1065, 1895], [291, 1908, 992], [2041, 326, 340], [2022, 1869, 1635], [1885, 357, 1687], [186, 1983, 1138],
[1315, 619, 1046], [2005, 501, 1369], [699, 819, 727], [1532, 656, 1035], [264, 1596, 1883], [76, 1670, 1708], [852, 1412, 1817], [1192, 1351, 1386], [745, 937, 1743], [132, 1123, 1644],
[1270, 138, 2046], [16, 1926, 247], [1169, 326, 1066], [1896, 1858, 1506], [848, 39, 1019], [648, 1981, 390], [57, 750, 1802], [1657, 1726, 853], [961, 388, 1790], [404, 303, 614],
[1831, 1356, 752], [1577, 1372, 379], [1824, 458, 705], [808, 55, 480], [14, 903, 302], [1033, 1335, 2066], [1423, 1175, 734], [925, 749, 160], [1779, 1493, 548], [1486, 1898, 634],
[17, 1429, 1990], [553, 924, 1062], [715, 665, 1304], [1420, 1256, 1359], [1683, 1270, 2045], [1768, 4, 1080], [1751, 1210, 172], [185, 53, 705], [345, 1832, 115], [676, 1235, 1796],
[1310, 1036, 1143], [1000, 1372, 2067], [2063, 4, 649], [1284, 1207, 1689], [343, 807, 876], [305, 492, 880], [1386, 2026, 8], [1341, 129, 1927], [2046, 474, 1676], [79, 1151, 611],
[1875, 161, 1430], [935, 1162, 719], [702, 925, 506], [1352, 1992, 1713], [958, 252, 220], [1617, 557, 495], [198, 1726, 439], [206, 985, 568], [1916, 731, 825], [1509, 810, 1759],
[1903, 386, 1921], [1251, 1104, 783], [1753, 1807, 1708], [2043, 859, 1617], [1456, 1600, 1652], [1677, 1134, 1992], [89, 1332, 1636], [311, 1321, 321], [662, 1154, 1052], [1488, 363, 1646],
[1164, 184, 2032], [785, 1218, 836], [1568, 888, 343], [976, 848, 1202], [510, 222, 502], [1945, 1682, 1637], [1855, 1554, 669], [1408, 1866, 1774], [1512, 445, 628], [481, 1933, 775],
[44, 798, 959], [1859, 1583, 94], [396, 852, 765], [739, 1828, 1614], [1942, 39, 1619], [361, 1984, 1218], [1781, 1756, 689], [151, 864, 255], [1708, 293, 484], [253, 775, 117],
[1028, 602, 915], [1770, 162, 199], [1647, 558, 1051], [113, 1080, 796], [1510, 939, 835], [1046, 1084, 737], [2047, 565, 410], [436, 499, 1275], [692, 124, 1351], [959, 161, 1909],
[1076, 1189, 429], [1992, 660, 374], [108, 7, 715], [942, 120, 1795], [1738, 1630, 435], [274, 376, 1302], [1011, 340, 1650], [1204, 777, 67], [179, 1252, 2057], [1531, 128, 135]]
[[6, 0, 2, 0], [7, 6, 3, 3], [0, 9, 1, 10], [5, 3, 1, 8], [2, 3, 0, 7], [4, 3, 0, 9], [7, 3, 7, 4], [10, 8, 4, 5], [6, 4, 4, 0], [10, 7, 3, 10],
[3, 5, 10, 9], [6, 0, 4, 9], [3, 5, 3, 7], [8, 4, 4, 5], [5, 0, 9, 2], [8, 0, 5, 4], [5, 9, 4, 2], [3, 6, 2, 5], [0, 10, 3, 6], [10, 7, 4, 1],
[10, 8, 6, 6], [10, 10, 0, 2], [8, 7, 4, 4], [6, 9, 6, 0], [6, 8, 0, 9], [3, 0, 3, 3], [10, 4, 10, 8], [10, 1, 9, 7], [9, 2, 2, 6], [0, 0, 8, 6],
[8, 10, 10, 3], [9, 3, 1, 2], [1, 10, 0, 4], [0, 2, 6, 10], [4, 3, 5, 1], [4, 1, 9, 1], [4, 0, 7, 2], [10, 3, 8, 7], [2, 6, 8, 9], [9, 7, 0, 10],
[6, 10, 2, 4], [10, 8, 4, 1], [0, 9, 3, 2], [0, 10, 3, 2], [8, 9, 4, 7], [1, 10, 1, 1], [5, 7, 9, 4], [1, 7, 3, 6], [6, 5, 10, 3], [0, 1, 5, 0],
[9, 6, 3, 7], [5, 4, 9, 2], [2, 0, 8, 1], [10, 9, 3, 5], [4, 10, 9, 5], [6, 10, 0, 0], [3, 0, 3, 3], [10, 6, 4, 8], [10, 5, 4, 4], [9, 0, 5, 1],
[0, 0, 0, 9], [9, 3, 3, 0], [2, 10, 6, 9], [7, 6, 7, 10], [4, 10, 3, 4], [4, 5, 10, 3], [8, 4, 6, 6], [4, 0, 5, 3], [0, 6, 1, 7], [7, 2, 8, 8],
[10, 1, 4, 4], [5, 0, 4, 10], [8, 5, 1, 1], [10, 0, 3, 5], [2, 9, 9, 5], [7, 4, 8, 5], [8, 7, 10, 2], [7, 5, 10, 4], [6, 1, 8, 1], [1, 10, 0, 8],
[4, 10, 9, 1], [10, 10, 6, 0], [8, 5, 5, 4], [7, 0, 7, 2], [5, 7, 2, 1], [1, 0, 3, 8], [1, 9, 9, 3], [9, 7, 0, 0], [4, 7, 0, 3], [7, 6, 3, 2],
[9, 6, 5, 3], [6, 1, 3, 0], [8, 6, 10, 10], [4, 0, 5, 5], [10, 1, 8, 6], [6, 6, 6, 10], [1, 6, 0, 8], [0, 2, 8, 7], [8, 2, 9, 4], [4, 10, 2, 10],
[3, 0, 7, 7], [0, 1, 2, 10], [0, 8, 5, 6], [2, 10, 5, 3], [3, 4, 9, 3], [6, 6, 0, 3], [9, 7, 5, 0], [6, 6, 10, 10], [6, 7, 6, 6], [6, 8, 4, 7],
[4, 7, 0, 6], [6, 4, 9, 10], [8, 7, 0, 3], [0, 9, 4, 7], [5, 8, 7, 1], [3, 5, 9, 9], [1, 4, 2, 5], [0, 6, 1, 4], [1, 0, 8, 7], [4, 6, 4, 1],
[0, 5, 4, 9], [3, 6, 6, 7], [3, 2, 6, 6], [5, 4, 2, 6], [6, 5, 1, 4], [9, 0, 6, 8], [9, 3, 5, 2], [9, 7, 3, 7], [1, 5, 6, 3], [1, 1, 10, 4],
[1, 3, 9, 7], [7, 0, 0, 0], [3, 10, 5, 0], [9, 0, 8, 7], [4, 0, 10, 0], [8, 0, 6, 7], [6, 1, 8, 5], [0, 5, 7, 10], [8, 5, 4, 4], [4, 5, 5, 5],
[2, 8, 5, 0], [8, 1, 6, 10], [10, 5, 0, 7], [3, 6, 2, 7], [5, 10, 1, 3], [5, 7, 2, 0], [1, 7, 3, 3], [10, 6, 9, 1], [3, 1, 0, 0], [2, 6, 9, 2],
[9, 9, 7, 1], [2, 7, 9, 5], [7, 8, 8, 10], [4, 10, 8, 4], [4, 0, 7, 3], [6, 3, 5, 9], [5, 5, 8, 5], [9, 6, 5, 7], [2, 0, 8, 2], [7, 4, 7, 1],
[0, 4, 0, 4], [1, 9, 6, 6], [7, 1, 7, 3], [2, 10, 10, 7], [4, 5, 0, 2], [9, 5, 7, 9], [3, 5, 0, 0], [7, 7, 1, 7], [9, 0, 10, 9], [7, 5, 2, 3],
[4, 9, 4, 7], [9, 2, 1, 0], [5, 1, 1, 4], [5, 8, 2, 6], [0, 1, 6, 8], [6, 6, 2, 3], [6, 1, 1, 0], [5, 3, 3, 9], [10, 6, 3, 8], [8, 5, 7, 0]]
[1, 1, 1, 1, 1, 0.2, 0.2, 0.2, 0.2, 0.2,
0.2, 0.2, 0.2, 0.2, 0.2, 0.2, 0.2, 0.2, 0.2, 0.2,
0.2, 0.2, 0.2, 0.2, 0.2, 0.2, 0.2, 0.2, 0.2, 0.2,
0.04, 0.04, 0.04, 0.04, 0.04, 0.04, 0.04, 0.04, 0.04, 0.04,
0.04, 0.04, 0.04, 0.04, 0.04, 0.04, 0.04, 0.04, 0.04, 0.04,
0.04, 0.04, 0.04, 0.04, 0.04, 0.008, 0.008, 0.008, 0.008, 0.008,
0.008, 0.008, 0.008, 0.008, 0.008, 0.008, 0.008, 0.008, 0.008, 0.008,
0.008, 0.008, 0.008, 0.008, 0.008, 0.008, 0.008, 0.008, 0.008, 0.008,
0.0016, 0.0016, 0.0016, 0.0016, 0.0016, 0.0016, 0.0016, 0.0016, 0.0016, 0.0016,
0.0016, 0.0016, 0.0016, 0.0016, 0.0016, 0.0016, 0.0016, 0.0016, 0.0016, 0.0016,
0.0016, 0.0016, 0.0016, 0.0016, 0.0016, 0.00032, 0.00032, 0.00032, 0.00032, 0.00032,
0.00032, 0.00032, 0.00032, 0.00032, 0.00032, 0.00032, 0.00032, 0.00032, 0.00032, 0.00032,
0.00032, 0.00032, 0.00032, 0.00032, 0.00032, 0.00032, 0.00032, 0.00032, 0.00032, 0.00032,
6.4e-05, 6.4e-05, 6.4e-05, 6.4e-05, 6.4e-05, 6.4e-05, 6.4e-05, 6.4e-05, 6.4e-05, 6.4e-05,
6.4e-05, 6.4e-05, 6.4e-05, 6.4e-05, 6.4e-05, 6.4e-05, 6.4e-05, 6.4e-05, 6.4e-05, 6.4e-05,
6.4e-05, 6.4e-05, 6.4e-05, 6.4e-05, 6.4e-05, 1.28e-05, 1.28e-05, 1.28e-05, 1.28e-05, 1.28e-05,
1.28e-05, 1.28e-05, 1.28e-05, 1.28e-05, 1.28e-05, 1.28e-05, 1.28e-05, 1.28e-05, 1.28e-05, 1.28e-05,
1.28e-05, 1.28e-05, 1.28e-05, 1.28e-05, 1.28e-05, 1.28e-05, 1.28e-05, 1.28e-05, 1.28e-05, 1.28e-05]
[9, 16, 12, 8, 9, 3, 15, 18, 5, 8,
17, 8, 13, 20, 15, 18, 11, 17, 13, 1,
15, 19, 16, 4, 14, 19, 3, 2, 14, 6,
12, 8, 13, 5, 6, 6, 6, 6, 18, 17,
19, 17, 18, 15, 20, 15, 20, 13, 6, 19,
0, 8, 6, 4, 0, 10, 14, 16, 3, 20,
6, 10, 16, 16, 17, 11, 16, 19, 11, 19,
4, 5, 13, 5, 6, 16, 17, 15, 4, 11,
2, 13, 19, 14, 15, 16, 19, 10, 0, 4,
18, 16, 2, 4, 17, 3, 13, 14, 7, 16,
18, 14, 11, 3, 19, 13, 4, 8, 14, 10,
4, 6, 9, 5, 2, 12, 9, 11, 9, 6,
20, 3, 2, 9, 0, 3, 10, 20, 4, 9,
3, 0, 5, 10, 3, 2, 11, 6, 15, 8,
10, 18, 16, 13, 19, 20, 1, 10, 9, 20,
13, 13, 4, 15, 11, 10, 11, 16, 19, 3,
10, 15, 1, 16, 0, 19, 14, 13, 9, 13,
8, 15, 4, 3, 19, 18, 5, 15, 14, 13]
------------------------------------------------------- 
# stage = 8	# children c = 5	length of each stage p = 5	nodes = 179	# items I = 1
