[97, 29, 53, 97, 85, 71, 17, 37, 82, 56,
35, 69, 56, 2, 93, 47, 41, 52, 44, 39,
5, 38, 58, 17, 17, 78, 40, 44, 18, 88,
100, 82, 17, 53, 44, 68, 90, 27, 5, 71,
83, 6, 5, 5, 76, 98, 18, 16, 50, 62,
56, 55, 66, 80, 73, 84, 57, 79, 94, 42,
67, 93, 90, 50, 11, 100, 17, 0, 26, 89,
72, 8, 62, 43, 13, 37, 41, 32, 53, 91,
60, 75, 11, 93, 54, 50, 76, 78, 29, 35,
86, 62, 27, 75, 78, 39, 40, 61, 39, 66,
16, 77]
[[1275, 1457, 1272], [1318, 918, 749], [162, 1722, 539], [473, 61, 941], [10, 1533, 498], [1385, 2154, 716], [21, 2065, 2026], [659, 985, 1498], [1822, 543, 1579], [1092, 321, 1160],
[1391, 256, 389], [435, 1574, 2195], [1184, 396, 1690], [1724, 870, 411], [1325, 880, 1945], [1824, 926, 531], [1200, 1835, 1256], [998, 266, 902], [1156, 749, 1445], [507, 1841, 1767],
[327, 1004, 2023], [1604, 99, 30], [1572, 1284, 426], [1034, 1668, 1296], [1445, 1653, 837], [2050, 1249, 423], [353, 221, 30], [270, 2107, 1185], [1172, 1035, 1934], [389, 202, 207],
[816, 529, 2100], [612, 2134, 2199], [1530, 138, 2143], [1956, 1172, 243], [1025, 1277, 1897], [522, 1988, 918], [945, 1001, 2028], [1863, 1271, 567], [820, 215, 263], [1414, 1493, 465],
[1622, 81, 1883], [1494, 1581, 449], [1465, 883, 587], [1381, 612, 419], [284, 297, 1696], [2181, 819, 116], [1760, 424, 1118], [1560, 59, 161], [787, 880, 1265], [1050, 66, 1418],
[176, 348, 1499], [2059, 1842, 853], [1168, 1968, 396], [1755, 2009, 1008], [2174, 65, 2193], [302, 19, 784], [419, 1779, 1208], [197, 1999, 2156], [358, 558, 808], [283, 269, 1762],
[1701, 1333, 771], [1861, 2052, 385], [1374, 992, 1013], [1770, 1407, 794], [1439, 1353, 860], [1404, 315, 1767], [2189, 734, 1318], [2057, 1819, 1977], [1985, 2178, 1195], [1453, 1121, 1464],
[1876, 1483, 1457], [419, 1116, 1281], [1692, 1150, 45], [478, 692, 1452], [1272, 2131, 1465], [792, 2196, 441], [331, 2157, 2063], [309, 646, 1655], [58, 1292, 265], [1254, 1405, 1386],
[490, 1053, 1529], [1948, 132, 1305], [1889, 485, 227], [1935, 1851, 1808], [2047, 1783, 371], [2173, 348, 339], [386, 1567, 1156], [221, 1877, 1803], [1876, 1935, 867], [2141, 961, 932],
[2188, 112, 646], [1489, 720, 1666], [567, 381, 2151], [1682, 976, 1774], [1262, 1684, 1330], [1634, 1629, 338], [1973, 675, 1905], [902, 896, 1554], [1365, 1433, 2150], [892, 6, 883],
[1824, 854, 1883], [242, 116, 375]]
[[8, 5, 7, 2], [0, 7, 3, 10], [10, 10, 7, 2], [7, 10, 5, 8], [8, 2, 0, 8], [1, 2, 10, 2], [0, 8, 0, 1], [2, 10, 0, 0], [4, 7, 2, 2], [3, 3, 0, 0],
[2, 7, 2, 10], [6, 5, 7, 2], [5, 6, 10, 6], [8, 10, 8, 6], [7, 9, 7, 10], [8, 7, 8, 0], [3, 8, 0, 4], [0, 0, 4, 2], [5, 5, 10, 1], [10, 5, 1, 5],
[9, 0, 9, 6], [8, 7, 1, 5], [3, 6, 2, 9], [3, 8, 7, 4], [5, 8, 7, 5], [8, 9, 5, 3], [3, 3, 2, 1], [6, 3, 4, 4], [1, 2, 10, 10], [7, 9, 2, 8],
[4, 4, 5, 5], [1, 1, 8, 4], [9, 4, 7, 5], [2, 1, 6, 6], [2, 8, 5, 8], [9, 9, 1, 10], [9, 9, 9, 6], [5, 9, 1, 10], [2, 6, 2, 1], [8, 10, 5, 4],
[1, 10, 9, 4], [1, 4, 8, 1], [10, 2, 10, 8], [9, 9, 8, 7], [8, 4, 0, 2], [3, 2, 10, 3], [8, 0, 3, 5], [10, 6, 8, 1], [6, 6, 3, 5], [9, 0, 6, 8],
[0, 3, 6, 7], [2, 1, 3, 10], [3, 2, 10, 6], [4, 10, 8, 10], [10, 0, 3, 7], [6, 0, 6, 10], [6, 9, 4, 4], [7, 9, 0, 7], [1, 6, 1, 3], [7, 5, 0, 8],
[5, 0, 4, 9], [10, 1, 6, 7], [10, 9, 3, 3], [9, 10, 3, 3], [6, 5, 7, 3], [3, 7, 8, 3], [0, 10, 4, 5], [2, 5, 3, 7], [5, 5, 3, 2], [4, 9, 7, 3],
[8, 10, 4, 4], [7, 5, 7, 3], [0, 2, 4, 1], [7, 10, 2, 6], [9, 7, 0, 9], [1, 3, 5, 4], [6, 6, 6, 10], [3, 2, 0, 9], [10, 5, 2, 5], [10, 8, 6, 8],
[10, 10, 8, 4], [9, 10, 10, 6], [6, 0, 4, 5], [1, 8, 9, 8], [1, 2, 5, 4], [2, 6, 2, 2], [9, 3, 5, 8], [0, 0, 4, 8], [10, 10, 1, 6], [9, 1, 1, 3],
[10, 4, 8, 0], [10, 5, 6, 0], [7, 10, 5, 8], [5, 5, 8, 3], [8, 2, 9, 8], [2, 0, 3, 10], [10, 5, 5, 7], [6, 5, 10, 3], [9, 5, 1, 6], [8, 8, 6, 5],
[5, 9, 0, 10], [4, 8, 0, 10]]
[1, 1, 1, 0.333333, 0.333333, 0.333333, 0.333333, 0.333333, 0.333333, 0.333333,
0.333333, 0.333333, 0.111111, 0.111111, 0.111111, 0.111111, 0.111111, 0.111111, 0.111111, 0.111111,
0.111111, 0.037037, 0.037037, 0.037037, 0.037037, 0.037037, 0.037037, 0.037037, 0.037037, 0.037037,
0.0123457, 0.0123457, 0.0123457, 0.0123457, 0.0123457, 0.0123457, 0.0123457, 0.0123457, 0.0123457, 0.00411523,
0.00411523, 0.00411523, 0.00411523, 0.00411523, 0.00411523, 0.00411523, 0.00411523, 0.00411523, 0.00137174, 0.00137174,
0.00137174, 0.00137174, 0.00137174, 0.00137174, 0.00137174, 0.00137174, 0.00137174, 0.000457247, 0.000457247, 0.000457247,
0.000457247, 0.000457247, 0.000457247, 0.000457247, 0.000457247, 0.000457247, 0.000152416, 0.000152416, 0.000152416, 0.000152416,
0.000152416, 0.000152416, 0.000152416, 0.000152416, 0.000152416, 5.08053e-05, 5.08053e-05, 5.08053e-05, 5.08053e-05, 5.08053e-05,
5.08053e-05, 5.08053e-05, 5.08053e-05, 5.08053e-05, 1.69351e-05, 1.69351e-05, 1.69351e-05, 1.69351e-05, 1.69351e-05, 1.69351e-05,
1.69351e-05, 1.69351e-05, 1.69351e-05, 5.64503e-06, 5.64503e-06, 5.64503e-06, 5.64503e-06, 5.64503e-06, 5.64503e-06, 5.64503e-06,
5.64503e-06, 5.64503e-06]
[9, 5, 21, 8, 3, 13, 9, 2, 2, 2,
4, 4, 11, 0, 3, 21, 3, 4, 19, 6,
2, 20, 17, 4, 19, 13, 0, 14, 12, 19,
11, 15, 21, 11, 3, 10, 8, 11, 18, 22,
17, 15, 13, 17, 14, 5, 1, 11, 4, 5,
11, 13, 11, 22, 5, 21, 0, 22, 7, 3,
0, 17, 16, 12, 16, 22, 5, 18, 18, 17,
4, 11, 16, 5, 20, 15, 4, 16, 20, 6,
17, 12, 5, 16, 19, 12, 13, 22, 22, 0,
7, 11, 12, 3, 21, 12, 2, 15, 3, 1,
6, 16]
------------------------------------------------------- 
# stage = 12	# children c = 3	length of each stage p = 3	nodes = 101	# items I = 1
