[40, 97, 9, 23, 19, 33, 39, 81, 36, 22,
57, 96, 34, 64, 5, 53, 31, 5, 32, 72,
15, 92, 16, 36, 74, 26, 83, 53, 10, 86,
81, 51, 48, 56, 40, 68, 89, 45, 14, 91,
68, 72, 87, 1, 35, 58, 54, 66, 30, 52,
3, 45, 43, 86, 81, 84, 12, 30, 2, 89,
82, 83, 39, 29, 39, 46, 63, 94]
[[1086, 1387, 304], [1692, 1584, 908], [1540, 1603, 1209], [1502, 699, 108], [1540, 1425, 926], [1286, 462, 451], [340, 422, 1223], [763, 220, 1730], [1384, 350, 9], [512, 946, 727],
[1216, 2032, 55], [1338, 1483, 1458], [187, 964, 1002], [1397, 225, 1520], [1505, 1765, 886], [190, 810, 1166], [459, 968, 1588], [1682, 1732, 1627], [1354, 875, 1795], [1363, 1387, 682],
[31, 362, 473], [1964, 1701, 1956], [1363, 1888, 679], [306, 1226, 904], [1644, 491, 429], [289, 681, 1239], [1455, 1141, 149], [803, 582, 1699], [189, 1936, 515], [1984, 1058, 1720],
[425, 1090, 24], [898, 995, 1725], [613, 117, 1372], [1292, 423, 540], [2014, 1886, 849], [384, 116, 1348], [1442, 1572, 248], [1591, 134, 831], [1049, 323, 526], [1564, 66, 1585],
[1225, 491, 434], [1067, 1389, 1429], [551, 2002, 1364], [1924, 1053, 1787], [405, 1008, 1614], [1072, 1393, 1549], [361, 776, 1062], [428, 126, 1014], [1259, 993, 1155], [1785, 316, 1221],
[1311, 1359, 1712], [1745, 368, 1042], [933, 919, 803], [238, 784, 1856], [1844, 1007, 805], [1217, 1897, 2016], [707, 200, 551], [1587, 446, 495], [360, 1523, 1488], [1515, 1249, 1804],
[677, 320, 1105], [330, 1883, 1291], [1190, 576, 151], [1811, 632, 754], [1426, 235, 1579], [173, 1271, 1418], [2007, 1796, 1436], [500, 1143, 1882]]
[[8, 5, 2, 9], [8, 2, 4, 1], [7, 1, 6, 10], [9, 1, 6, 9], [5, 3, 9, 9], [8, 0, 8, 4], [5, 10, 3, 10], [0, 7, 1, 7], [1, 3, 5, 7], [5, 8, 8, 0],
[9, 1, 10, 6], [2, 5, 4, 6], [7, 0, 4, 4], [0, 1, 7, 3], [10, 10, 2, 10], [4, 2, 6, 4], [5, 10, 9, 9], [5, 7, 9, 1], [8, 6, 7, 9], [10, 0, 4, 6],
[9, 8, 8, 10], [8, 4, 0, 7], [1, 1, 6, 4], [3, 0, 8, 6], [8, 6, 4, 2], [0, 0, 3, 7], [7, 9, 3, 4], [7, 7, 8, 6], [2, 5, 5, 10], [8, 3, 6, 7],
[4, 0, 0, 7], [9, 6, 1, 6], [0, 5, 6, 9], [4, 7, 3, 9], [5, 6, 2, 2], [0, 10, 8, 3], [2, 0, 2, 10], [3, 7, 5, 8], [5, 3, 2, 3], [8, 3, 7, 8],
[7, 0, 4, 0], [7, 8, 9, 0], [1, 9, 2, 2], [6, 8, 5, 8], [8, 5, 6, 0], [10, 0, 6, 4], [1, 9, 5, 9], [1, 10, 4, 6], [8, 9, 6, 5], [4, 2, 3, 5],
[9, 5, 5, 4], [2, 10, 2, 8], [3, 6, 8, 0], [6, 2, 3, 5], [0, 8, 4, 10], [6, 8, 6, 3], [6, 10, 6, 8], [0, 9, 3, 9], [1, 8, 3, 1], [6, 3, 9, 7],
[9, 5, 7, 2], [7, 10, 7, 5], [6, 9, 2, 10], [7, 8, 2, 0], [6, 7, 9, 6], [3, 10, 4, 5], [5, 5, 4, 0], [6, 3, 5, 4]]
[1, 1, 0.333333, 0.333333, 0.333333, 0.333333, 0.333333, 0.333333, 0.111111, 0.111111,
0.111111, 0.111111, 0.111111, 0.111111, 0.037037, 0.037037, 0.037037, 0.037037, 0.037037, 0.037037,
0.0123457, 0.0123457, 0.0123457, 0.0123457, 0.0123457, 0.0123457, 0.00411523, 0.00411523, 0.00411523, 0.00411523,
0.00411523, 0.00411523, 0.00137174, 0.00137174, 0.00137174, 0.00137174, 0.00137174, 0.00137174, 0.000457247, 0.000457247,
0.000457247, 0.000457247, 0.000457247, 0.000457247, 0.000152416, 0.000152416, 0.000152416, 0.000152416, 0.000152416, 0.000152416,
5.08053e-05, 5.08053e-05, 5.08053e-05, 5.08053e-05, 5.08053e-05, 5.08053e-05, 1.69351e-05, 1.69351e-05, 1.69351e-05, 1.69351e-05,
1.69351e-05, 1.69351e-05, 5.64503e-06, 5.64503e-06, 5.64503e-06, 5.64503e-06, 5.64503e-06, 5.64503e-06]
[11, 2, 11, 15, 8, 14, 17, 20, 9, 5,
9, 2, 0, 6, 13, 14, 19, 6, 8, 3,
7, 8, 7, 1, 7, 1, 5, 12, 16, 8,
12, 9, 14, 20, 15, 13, 16, 2, 7, 16,
3, 8, 14, 11, 15, 14, 19, 17, 17, 9,
13, 8, 2, 8, 9, 20, 14, 19, 2, 14,
4, 1, 8, 10, 7, 13, 18, 7]
------------------------------------------------------- 
# stage = 12	# children c = 3	length of each stage p = 2	nodes = 67	# items I = 1
