[9, 37, 54, 78, 54, 13, 68, 15, 74, 79,
96, 25, 96, 83, 54, 93, 8, 26, 79, 47,
92, 22, 96, 58, 65, 4, 59, 75, 2, 97,
19, 11, 34, 73]
[[241, 1465, 928], [604, 1114, 131], [1756, 1615, 1255], [1452, 1537, 1978], [1013, 1139, 853], [2026, 1890, 2000], [2054, 1423, 19], [214, 981, 1003], [1057, 1843, 553], [1693, 620, 1759],
[1907, 862, 1141], [535, 1249, 173], [666, 705, 1571], [1704, 75, 808], [1599, 1088, 1947], [369, 814, 1537], [69, 568, 660], [1954, 566, 1641], [874, 1623, 1184], [1427, 1234, 1805],
[887, 841, 367], [2028, 1376, 1399], [1984, 1825, 21], [1255, 1446, 96], [2064, 746, 968], [1711, 898, 1565], [949, 968, 1917], [1609, 839, 400], [1168, 1714, 1806], [52, 841, 740],
[1857, 1728, 1581], [2007, 1457, 657], [1106, 1141, 182], [1128, 314, 1412]]
[[10, 9, 6, 2], [9, 6, 9, 3], [4, 0, 4, 1], [4, 1, 1, 4], [6, 10, 10, 10], [0, 6, 9, 5], [5, 4, 4, 8], [8, 2, 5, 6], [0, 1, 6, 8], [7, 5, 9, 0],
[3, 2, 0, 8], [1, 1, 10, 6], [0, 9, 5, 10], [2, 1, 4, 7], [5, 6, 2, 0], [8, 8, 6, 7], [9, 0, 2, 3], [5, 0, 3, 6], [0, 1, 1, 0], [3, 0, 6, 3],
[8, 0, 0, 10], [1, 3, 5, 4], [9, 7, 4, 5], [4, 9, 10, 0], [9, 1, 3, 1], [10, 5, 7, 8], [6, 9, 8, 7], [7, 3, 9, 4], [1, 9, 4, 0], [10, 7, 4, 7],
[1, 7, 10, 4], [5, 9, 4, 1], [8, 6, 2, 5], [9, 7, 2, 2]]
[1, 0.333333, 0.333333, 0.333333, 0.111111, 0.111111, 0.111111, 0.037037, 0.037037, 0.037037,
0.0123457, 0.0123457, 0.0123457, 0.00411523, 0.00411523, 0.00411523, 0.00137174, 0.00137174, 0.00137174, 0.000457247,
0.000457247, 0.000457247, 0.000152416, 0.000152416, 0.000152416, 5.08053e-05, 5.08053e-05, 5.08053e-05, 1.69351e-05, 1.69351e-05,
1.69351e-05, 5.64503e-06, 5.64503e-06, 5.64503e-06]
[5, 5, 0, 3, 5, 4, 4, 1, 8, 10,
3, 7, 9, 9, 4, 6, 6, 6, 4, 9,
8, 6, 5, 5, 0, 5, 4, 4, 0, 8,
1, 10, 3, 10]
------------------------------------------------------- 
# stage = 12	# children c = 3	length of each stage p = 1	nodes = 33	# items I = 1
