[65, 6, 4, 9, 37, 66, 67, 91, 73, 94,
60, 33, 12, 66, 60, 16, 10, 35, 60, 37,
89, 55, 55, 68, 76, 70, 28, 52, 70, 48,
4, 1, 21, 76, 77, 58, 41, 43, 14, 80,
2, 74, 79, 14]
[[701, 942, 140], [95, 156, 676], [1180, 346, 1075], [570, 658, 319], [181, 113, 169], [414, 906, 1076], [695, 576, 684], [620, 211, 352], [417, 1015, 947], [955, 643, 1056],
[744, 157, 767], [839, 208, 923], [283, 156, 38], [126, 726, 696], [401, 907, 809], [570, 135, 529], [415, 830, 1105], [1099, 218, 84], [219, 636, 1099], [1167, 404, 510],
[991, 1104, 623], [571, 756, 786], [263, 995, 942], [301, 1121, 436], [952, 335, 112], [574, 861, 202], [1058, 89, 987], [931, 1143, 18], [1016, 131, 654], [928, 66, 1014],
[207, 1057, 931], [830, 397, 455], [384, 615, 263], [94, 871, 198], [530, 636, 488], [642, 1165, 162], [844, 992, 206], [644, 736, 118], [618, 565, 249], [40, 262, 315],
[1054, 469, 140], [753, 67, 537], [22, 451, 1107], [285, 545, 791]]
[[0, 4, 4, 10], [10, 1, 10, 6], [6, 4, 7, 6], [9, 2, 10, 10], [4, 9, 3, 3], [0, 1, 6, 0], [5, 5, 2, 3], [2, 5, 7, 0], [7, 9, 8, 7], [10, 7, 0, 6],
[9, 7, 1, 8], [7, 9, 7, 9], [5, 10, 2, 5], [9, 6, 3, 3], [10, 4, 4, 10], [9, 0, 8, 3], [9, 5, 8, 7], [10, 8, 0, 8], [2, 10, 5, 7], [6, 10, 6, 1],
[7, 6, 4, 5], [10, 6, 6, 7], [10, 0, 6, 6], [9, 3, 9, 8], [8, 5, 2, 7], [2, 0, 5, 3], [10, 8, 10, 3], [6, 3, 4, 2], [7, 7, 6, 7], [2, 1, 3, 1],
[10, 8, 5, 9], [0, 3, 4, 7], [6, 4, 3, 7], [4, 6, 10, 3], [2, 7, 6, 8], [0, 9, 10, 7], [5, 5, 1, 5], [5, 3, 6, 4], [0, 9, 0, 9], [10, 4, 5, 6],
[8, 9, 2, 10], [2, 10, 0, 4], [6, 5, 1, 4], [3, 10, 10, 6]]
[1, 1, 0.333333, 0.333333, 0.333333, 0.333333, 0.333333, 0.333333, 0.111111, 0.111111,
0.111111, 0.111111, 0.111111, 0.111111, 0.037037, 0.037037, 0.037037, 0.037037, 0.037037, 0.037037,
0.0123457, 0.0123457, 0.0123457, 0.0123457, 0.0123457, 0.0123457, 0.00411523, 0.00411523, 0.00411523, 0.00411523,
0.00411523, 0.00411523, 0.00137174, 0.00137174, 0.00137174, 0.00137174, 0.00137174, 0.00137174, 0.000457247, 0.000457247,
0.000457247, 0.000457247, 0.000457247, 0.000457247]
[14, 9, 23, 21, 15, 1, 1, 12, 19, 17,
14, 15, 19, 23, 17, 11, 17, 10, 20, 8,
0, 14, 14, 23, 0, 18, 22, 20, 14, 20,
16, 6, 4, 18, 17, 11, 20, 18, 11, 11,
18, 10, 6, 1]
------------------------------------------------------- 
# stage = 8	# children c = 3	length of each stage p = 2	nodes = 43	# items I = 1
