[69, 96, 31, 9, 48, 99, 67, 80, 27, 33,
35, 86, 14, 89, 84, 7, 93, 100, 60, 2,
80, 52, 84, 50, 87, 66, 24, 30, 47, 66,
48, 82, 27, 80, 91, 75, 78, 57, 20, 71,
91, 55, 57, 71, 10, 6, 44, 2, 72, 4,
5, 52, 56, 89, 68, 9, 20, 92, 39, 33,
23, 53, 15, 50, 32, 5, 91, 77, 63, 11,
47, 53]
[[1377, 39, 160], [1569, 559, 1257], [1012, 1716, 162], [1153, 951, 1375], [1950, 1504, 817], [896, 1036, 489], [1401, 1140, 572], [1453, 197, 1347], [736, 459, 256], [1145, 1108, 193],
[829, 518, 233], [990, 121, 792], [684, 1133, 542], [1251, 319, 1493], [1063, 303, 1031], [1881, 1603, 100], [403, 1441, 1645], [1380, 1331, 1842], [1164, 100, 738], [1824, 1649, 1846],
[50, 916, 802], [687, 343, 1327], [1480, 1027, 493], [459, 715, 1217], [389, 1779, 1924], [1824, 1693, 1560], [362, 533, 1438], [40, 1913, 802], [319, 1110, 902], [1461, 967, 988],
[1745, 1422, 1904], [984, 142, 280], [344, 59, 1712], [837, 518, 460], [87, 1312, 272], [448, 1169, 402], [41, 1935, 936], [1883, 412, 1286], [1122, 1135, 430], [57, 630, 1801],
[1450, 812, 1660], [1387, 1796, 1803], [1668, 173, 1862], [1413, 1414, 818], [1873, 1906, 567], [583, 387, 173], [985, 833, 142], [1921, 749, 554], [1241, 1872, 1690], [108, 366, 757],
[346, 1816, 1569], [40, 1641, 1802], [280, 1342, 8], [579, 1192, 1422], [1801, 1502, 1765], [401, 118, 186], [575, 1508, 1019], [1121, 1866, 205], [112, 1544, 110], [1802, 89, 881],
[996, 436, 730], [1002, 880, 404], [837, 1160, 183], [1249, 1739, 1779], [1109, 11, 1315], [907, 412, 1837], [1093, 1391, 1378], [549, 545, 1682], [755, 658, 1259], [865, 897, 1349],
[1746, 331, 222], [914, 1333, 1102]]
[[9, 3, 4, 0], [1, 6, 4, 0], [2, 7, 6, 4], [7, 9, 4, 7], [3, 5, 10, 10], [2, 8, 7, 6], [2, 7, 8, 4], [0, 2, 5, 8], [4, 9, 6, 3], [2, 10, 3, 3],
[4, 7, 7, 9], [5, 0, 5, 6], [5, 5, 5, 5], [0, 1, 9, 2], [7, 6, 4, 5], [9, 9, 2, 0], [5, 9, 3, 8], [6, 5, 0, 0], [1, 5, 9, 5], [5, 4, 0, 8],
[7, 6, 0, 5], [5, 10, 8, 1], [5, 1, 5, 1], [9, 7, 10, 3], [3, 3, 9, 10], [8, 7, 8, 7], [1, 6, 1, 4], [8, 2, 1, 2], [8, 0, 8, 2], [10, 5, 2, 2],
[4, 7, 2, 2], [1, 1, 4, 5], [2, 2, 2, 10], [10, 10, 5, 9], [3, 6, 3, 10], [6, 2, 1, 1], [2, 9, 2, 10], [1, 4, 2, 4], [9, 2, 6, 10], [3, 10, 2, 6],
[0, 2, 3, 8], [10, 6, 6, 3], [2, 7, 0, 6], [10, 1, 8, 10], [9, 10, 10, 8], [1, 10, 1, 10], [1, 8, 7, 2], [5, 8, 6, 3], [10, 8, 0, 8], [3, 5, 0, 3],
[1, 0, 10, 9], [10, 7, 7, 6], [4, 6, 4, 5], [3, 5, 2, 2], [0, 7, 4, 4], [4, 0, 7, 2], [6, 8, 10, 9], [0, 8, 2, 1], [6, 1, 9, 3], [6, 5, 10, 8],
[9, 3, 2, 1], [6, 2, 3, 7], [9, 5, 0, 1], [3, 5, 3, 9], [0, 0, 8, 0], [8, 8, 2, 3], [7, 0, 6, 2], [3, 3, 8, 1], [6, 10, 2, 2], [10, 3, 7, 6],
[8, 5, 7, 10], [10, 8, 8, 0]]
[1, 1, 0.2, 0.2, 0.2, 0.2, 0.2, 0.2, 0.2, 0.2,
0.2, 0.2, 0.04, 0.04, 0.04, 0.04, 0.04, 0.04, 0.04, 0.04,
0.04, 0.04, 0.008, 0.008, 0.008, 0.008, 0.008, 0.008, 0.008, 0.008,
0.008, 0.008, 0.0016, 0.0016, 0.0016, 0.0016, 0.0016, 0.0016, 0.0016, 0.0016,
0.0016, 0.0016, 0.00032, 0.00032, 0.00032, 0.00032, 0.00032, 0.00032, 0.00032, 0.00032,
0.00032, 0.00032, 6.4e-05, 6.4e-05, 6.4e-05, 6.4e-05, 6.4e-05, 6.4e-05, 6.4e-05, 6.4e-05,
6.4e-05, 6.4e-05, 1.28e-05, 1.28e-05, 1.28e-05, 1.28e-05, 1.28e-05, 1.28e-05, 1.28e-05, 1.28e-05,
1.28e-05, 1.28e-05]
[1, 16, 16, 2, 3, 2, 17, 18, 1, 7,
7, 8, 2, 9, 8, 8, 10, 1, 14, 6,
16, 9, 17, 13, 8, 17, 19, 4, 5, 1,
9, 14, 6, 18, 12, 9, 16, 5, 19, 4,
11, 15, 19, 15, 5, 10, 18, 6, 13, 8,
4, 17, 0, 5, 5, 19, 15, 11, 5, 3,
7, 9, 11, 13, 15, 13, 11, 11, 16, 3,
18, 11]
------------------------------------------------------- 
# stage = 8	# children c = 5	length of each stage p = 2	nodes = 71	# items I = 1
