[68, 34, 51, 74, 87, 6, 60, 61, 1, 13,
10, 3, 28, 63, 13, 53, 88, 10, 92, 94,
99, 64, 55, 13, 23, 66, 41, 19, 13, 31,
14, 82, 31, 31, 21, 84, 37, 81, 44, 4,
60, 21, 74, 89]
[[2126, 1641, 675], [1684, 1137, 1637], [926, 1326, 259], [431, 129, 1692], [305, 1744, 1482], [1690, 1348, 1894], [1080, 324, 665], [320, 1246, 736], [355, 85, 629], [2020, 756, 979],
[1656, 745, 483], [194, 292, 1621], [169, 1692, 1284], [428, 461, 1413], [458, 766, 1494], [1940, 793, 706], [34, 1873, 1504], [700, 531, 1087], [1910, 886, 1173], [402, 1243, 1929],
[1382, 762, 1011], [202, 1431, 1303], [160, 1600, 1333], [1444, 2028, 131], [721, 823, 897], [78, 627, 27], [1258, 661, 237], [626, 1835, 768], [50, 2083, 2128], [1223, 348, 1709],
[1015, 67, 334], [363, 744, 1765], [4, 904, 1228], [1337, 212, 1594], [1468, 1407, 280], [702, 1959, 1381], [1203, 1081, 380], [1440, 44, 552], [546, 94, 498], [537, 1792, 1321],
[109, 1144, 1388], [918, 1508, 469], [1020, 1512, 1374], [586, 1186, 2060]]
[[8, 4, 0, 9], [4, 5, 9, 9], [1, 7, 6, 6], [9, 0, 4, 10], [8, 10, 5, 4], [0, 4, 1, 7], [9, 7, 3, 2], [7, 6, 8, 2], [10, 7, 1, 3], [1, 10, 10, 1],
[4, 5, 7, 1], [6, 10, 0, 1], [9, 5, 6, 8], [7, 5, 4, 3], [10, 8, 5, 6], [3, 1, 7, 0], [8, 8, 1, 7], [5, 0, 8, 9], [6, 3, 8, 10], [2, 8, 0, 9],
[2, 4, 6, 7], [8, 0, 10, 7], [6, 5, 1, 7], [6, 6, 7, 1], [3, 8, 8, 6], [8, 4, 2, 1], [7, 0, 9, 9], [8, 10, 5, 9], [1, 1, 5, 7], [10, 5, 2, 3],
[10, 1, 10, 3], [7, 4, 4, 10], [1, 1, 3, 7], [3, 5, 7, 10], [5, 5, 6, 3], [2, 1, 10, 2], [2, 4, 9, 10], [9, 0, 2, 6], [1, 1, 9, 8], [3, 0, 5, 4],
[0, 8, 9, 3], [1, 3, 3, 6], [7, 7, 7, 9], [8, 6, 0, 8]]
[1, 1, 0.333333, 0.333333, 0.333333, 0.333333, 0.333333, 0.333333, 0.111111, 0.111111,
0.111111, 0.111111, 0.111111, 0.111111, 0.037037, 0.037037, 0.037037, 0.037037, 0.037037, 0.037037,
0.0123457, 0.0123457, 0.0123457, 0.0123457, 0.0123457, 0.0123457, 0.00411523, 0.00411523, 0.00411523, 0.00411523,
0.00411523, 0.00411523, 0.00137174, 0.00137174, 0.00137174, 0.00137174, 0.00137174, 0.00137174, 0.000457247, 0.000457247,
0.000457247, 0.000457247, 0.000457247, 0.000457247]
[14, 11, 13, 16, 19, 8, 0, 20, 15, 12,
7, 5, 16, 15, 13, 3, 14, 19, 3, 12,
7, 14, 21, 9, 15, 16, 17, 2, 9, 2,
3, 4, 18, 1, 11, 20, 9, 19, 20, 17,
7, 13, 7, 12]
------------------------------------------------------- 
# stage = 8	# children c = 3	length of each stage p = 2	nodes = 43	# items I = 1
