[21, 20, 54, 0, 7, 2, 31, 31, 34, 8,
57, 31, 2, 75, 78, 40, 96, 14, 97, 22,
1, 56, 8, 58, 21, 57, 55, 78, 10, 91,
66, 31, 10, 86]
[[62, 126, 258], [499, 847, 118], [778, 589, 603], [268, 477, 115], [156, 5, 460], [779, 342, 434], [369, 598, 616], [631, 824, 657], [564, 797, 250], [363, 883, 629],
[607, 945, 755], [865, 372, 649], [864, 78, 285], [395, 227, 644], [511, 384, 530], [852, 91, 873], [333, 460, 518], [830, 19, 389], [416, 583, 114], [666, 947, 44],
[342, 482, 870], [144, 276, 171], [675, 187, 249], [7, 583, 358], [532, 141, 742], [110, 874, 833], [30, 255, 221], [548, 132, 240], [818, 548, 705], [933, 143, 580],
[858, 485, 109], [776, 511, 385], [828, 233, 454], [124, 240, 918]]
[[2, 2, 3, 6], [5, 6, 6, 0], [6, 6, 2, 8], [5, 4, 2, 10], [1, 0, 10, 9], [9, 7, 2, 1], [8, 8, 2, 0], [3, 2, 5, 5], [2, 8, 9, 7], [1, 4, 5, 5],
[8, 7, 2, 3], [0, 5, 0, 10], [3, 8, 8, 0], [2, 10, 10, 0], [5, 2, 0, 8], [2, 3, 0, 4], [10, 7, 9, 0], [1, 3, 4, 7], [8, 6, 10, 6], [9, 8, 5, 0],
[6, 0, 0, 8], [8, 10, 6, 2], [10, 5, 9, 1], [8, 7, 5, 7], [4, 3, 6, 3], [4, 10, 10, 10], [3, 10, 5, 2], [5, 10, 0, 9], [8, 0, 7, 5], [8, 0, 8, 8],
[5, 4, 7, 1], [0, 2, 8, 2], [3, 3, 5, 6], [0, 5, 5, 4]]
[1, 0.333333, 0.333333, 0.333333, 0.111111, 0.111111, 0.111111, 0.037037, 0.037037, 0.037037,
0.0123457, 0.0123457, 0.0123457, 0.00411523, 0.00411523, 0.00411523, 0.00137174, 0.00137174, 0.00137174, 0.000457247,
0.000457247, 0.000457247, 0.000152416, 0.000152416, 0.000152416, 5.08053e-05, 5.08053e-05, 5.08053e-05, 1.69351e-05, 1.69351e-05,
1.69351e-05, 5.64503e-06, 5.64503e-06, 5.64503e-06]
[2, 8, 10, 4, 1, 9, 1, 10, 7, 16,
18, 15, 8, 17, 2, 17, 18, 17, 15, 14,
16, 11, 0, 2, 6, 1, 12, 7, 0, 18,
5, 19, 4, 3]
------------------------------------------------------- 
# stage = 12	# children c = 3	length of each stage p = 1	nodes = 33	# items I = 1
