[66, 60, 46, 50, 73, 20, 98, 89, 66, 56,
34, 63, 54, 98, 15, 85, 36, 16, 72, 48,
92, 56, 56, 33, 89, 13, 52, 72, 14, 46,
39, 46, 72, 51]
[[440, 473, 466], [535, 77, 1642], [755, 1378, 412], [1183, 1473, 41], [978, 1497, 1357], [548, 821, 15], [629, 979, 1429], [1130, 716, 769], [1135, 1305, 514], [467, 1124, 670],
[1581, 1564, 1144], [352, 404, 1221], [300, 1160, 896], [704, 648, 667], [745, 1618, 469], [407, 463, 1282], [414, 1092, 566], [149, 519, 1275], [918, 1654, 877], [1424, 418, 306],
[392, 304, 175], [1536, 649, 572], [1054, 949, 29], [247, 1645, 669], [914, 695, 584], [1375, 1095, 1048], [963, 1501, 437], [1529, 1650, 957], [1101, 865, 916], [284, 587, 1335],
[590, 979, 1631], [758, 812, 585], [1330, 171, 1526], [1351, 410, 1476]]
[[0, 3, 10, 3], [7, 9, 9, 4], [9, 6, 2, 1], [3, 8, 2, 10], [8, 2, 0, 5], [9, 6, 1, 9], [2, 3, 0, 2], [1, 4, 5, 10], [7, 3, 1, 1], [1, 10, 3, 9],
[3, 5, 10, 5], [0, 10, 4, 9], [2, 2, 3, 9], [7, 2, 5, 9], [6, 4, 1, 5], [8, 6, 3, 3], [9, 2, 2, 9], [1, 6, 7, 3], [0, 4, 8, 1], [1, 10, 10, 1],
[10, 0, 10, 6], [2, 3, 5, 6], [7, 4, 10, 2], [8, 2, 3, 5], [4, 6, 3, 3], [1, 8, 6, 1], [10, 1, 0, 0], [0, 8, 2, 0], [8, 10, 6, 0], [0, 9, 4, 5],
[0, 3, 8, 9], [5, 0, 3, 7], [4, 6, 9, 5], [1, 2, 5, 0]]
[1, 0.333333, 0.333333, 0.333333, 0.111111, 0.111111, 0.111111, 0.037037, 0.037037, 0.037037,
0.0123457, 0.0123457, 0.0123457, 0.00411523, 0.00411523, 0.00411523, 0.00137174, 0.00137174, 0.00137174, 0.000457247,
0.000457247, 0.000457247, 0.000152416, 0.000152416, 0.000152416, 5.08053e-05, 5.08053e-05, 5.08053e-05, 1.69351e-05, 1.69351e-05,
1.69351e-05, 5.64503e-06, 5.64503e-06, 5.64503e-06]
[0, 3, 2, 5, 5, 8, 0, 7, 0, 8,
5, 3, 3, 4, 1, 0, 6, 3, 7, 7,
6, 6, 7, 4, 8, 3, 0, 2, 7, 5,
1, 7, 6, 3]
------------------------------------------------------- 
# stage = 12	# children c = 3	length of each stage p = 1	nodes = 33	# items I = 1
