[58, 60, 12, 47, 88, 94, 39, 84, 8, 59,
70, 75, 38, 15, 68, 60, 98, 68, 37, 9,
76, 21, 85, 41, 12, 81, 76, 75, 42, 36,
91, 100, 96, 69, 47, 49, 62, 52, 99, 36,
77, 68, 11, 15, 49, 79, 41, 46, 46, 78,
21, 88, 66, 6, 96, 78, 53, 71, 52, 95,
6, 9, 61, 69, 78, 74, 17, 40, 25, 83,
76, 69, 50, 87, 84, 100, 32, 24, 11, 78]
[[278, 956, 905], [264, 953, 700], [299, 451, 314], [404, 470, 364], [373, 277, 704], [98, 655, 305], [193, 939, 577], [753, 380, 194], [46, 503, 235], [733, 373, 423],
[762, 129, 388], [676, 862, 350], [854, 171, 279], [177, 53, 749], [19, 426, 504], [724, 2, 169], [38, 196, 586], [94, 427, 966], [288, 943, 947], [1, 685, 329],
[424, 456, 927], [813, 610, 799], [641, 473, 970], [399, 650, 501], [157, 669, 927], [662, 402, 929], [309, 910, 603], [895, 482, 40], [348, 770, 461], [304, 771, 155],
[634, 674, 611], [48, 965, 230], [847, 615, 703], [304, 23, 831], [805, 650, 978], [741, 790, 859], [158, 108, 256], [239, 481, 738], [748, 829, 986], [218, 142, 244],
[373, 254, 918], [462, 303, 892], [692, 628, 986], [873, 933, 487], [191, 225, 146], [648, 445, 414], [516, 603, 522], [250, 320, 481], [988, 78, 319], [461, 296, 931],
[705, 148, 663], [633, 610, 444], [12, 781, 82], [7, 141, 493], [964, 333, 718], [588, 981, 172], [12, 975, 253], [12, 234, 574], [494, 700, 130], [291, 170, 426],
[231, 353, 574], [373, 464, 663], [295, 477, 453], [846, 953, 594], [348, 926, 927], [545, 2, 395], [717, 14, 848], [449, 26, 560], [32, 520, 269], [631, 290, 908],
[66, 521, 271], [119, 372, 735], [782, 668, 690], [244, 523, 131], [316, 350, 66], [722, 895, 68], [126, 99, 551], [453, 548, 578], [22, 58, 576], [761, 689, 866]]
[[1, 8, 10, 9], [6, 9, 6, 8], [1, 1, 7, 3], [3, 2, 2, 6], [2, 3, 3, 2], [1, 1, 8, 2], [5, 5, 10, 9], [9, 1, 9, 8], [7, 8, 6, 2], [6, 1, 10, 8],
[1, 5, 9, 4], [7, 0, 10, 8], [1, 0, 8, 3], [0, 3, 3, 5], [6, 2, 1, 2], [3, 10, 0, 0], [8, 6, 0, 1], [6, 9, 9, 7], [3, 5, 9, 8], [5, 7, 3, 5],
[5, 9, 8, 5], [1, 9, 8, 5], [0, 9, 8, 1], [9, 8, 10, 4], [1, 9, 5, 5], [7, 2, 1, 10], [7, 9, 5, 0], [5, 9, 5, 10], [7, 0, 3, 7], [9, 0, 1, 7],
[10, 9, 6, 6], [6, 6, 8, 6], [2, 0, 0, 9], [2, 0, 6, 8], [9, 0, 8, 1], [7, 0, 9, 2], [9, 1, 9, 5], [0, 8, 1, 8], [5, 5, 3, 9], [9, 9, 4, 0],
[9, 5, 9, 1], [5, 4, 7, 1], [3, 4, 0, 8], [2, 9, 10, 0], [9, 6, 5, 9], [4, 4, 4, 7], [9, 5, 5, 8], [3, 10, 6, 1], [2, 5, 0, 7], [7, 7, 6, 8],
[9, 6, 6, 9], [2, 5, 9, 0], [10, 1, 7, 1], [3, 0, 8, 0], [5, 2, 6, 6], [10, 1, 8, 1], [4, 6, 8, 10], [1, 1, 7, 8], [7, 0, 7, 10], [4, 3, 8, 3],
[5, 5, 4, 6], [3, 10, 6, 7], [1, 1, 2, 1], [1, 8, 2, 5], [2, 9, 2, 3], [10, 10, 0, 5], [8, 5, 2, 1], [9, 10, 2, 3], [2, 4, 9, 6], [3, 3, 0, 5],
[4, 2, 4, 3], [9, 4, 9, 0], [0, 0, 3, 0], [8, 1, 3, 4], [7, 5, 5, 3], [2, 6, 4, 5], [10, 0, 9, 3], [3, 9, 6, 6], [9, 10, 9, 7], [1, 5, 7, 2]]
[1, 1, 1, 1, 1, 0.333333, 0.333333, 0.333333, 0.333333, 0.333333,
0.333333, 0.333333, 0.333333, 0.333333, 0.333333, 0.333333, 0.333333, 0.333333, 0.333333, 0.333333,
0.111111, 0.111111, 0.111111, 0.111111, 0.111111, 0.111111, 0.111111, 0.111111, 0.111111, 0.111111,
0.111111, 0.111111, 0.111111, 0.111111, 0.111111, 0.037037, 0.037037, 0.037037, 0.037037, 0.037037,
0.037037, 0.037037, 0.037037, 0.037037, 0.037037, 0.037037, 0.037037, 0.037037, 0.037037, 0.037037,
0.0123457, 0.0123457, 0.0123457, 0.0123457, 0.0123457, 0.0123457, 0.0123457, 0.0123457, 0.0123457, 0.0123457,
0.0123457, 0.0123457, 0.0123457, 0.0123457, 0.0123457, 0.00411523, 0.00411523, 0.00411523, 0.00411523, 0.00411523,
0.00411523, 0.00411523, 0.00411523, 0.00411523, 0.00411523, 0.00411523, 0.00411523, 0.00411523, 0.00411523, 0.00411523]
[0, 0, 6, 0, 9, 3, 4, 0, 5, 1,
4, 7, 6, 3, 3, 5, 0, 1, 2, 4,
0, 5, 3, 0, 5, 9, 7, 2, 4, 6,
1, 2, 6, 2, 0, 5, 5, 6, 8, 0,
3, 4, 8, 6, 3, 1, 5, 0, 2, 6,
2, 4, 6, 9, 3, 7, 3, 9, 9, 3,
1, 1, 1, 1, 0, 7, 1, 4, 3, 3,
7, 5, 5, 3, 1, 1, 4, 2, 0, 2]
------------------------------------------------------- 
# stage = 6	# children c = 3	length of each stage p = 5	nodes = 79	# items I = 1
