[82, 75, 58, 31, 67, 45, 25, 61, 6, 9,
50, 16, 38, 30, 19, 78, 39, 43, 5, 76,
30, 57, 85, 100, 61, 97, 89, 9, 92, 29,
34, 73, 70, 92, 70, 3, 2, 95, 64, 8,
70, 80, 91, 74, 9, 10, 17, 14, 53, 22,
91, 83, 45, 41, 49, 72, 37, 37, 47, 28,
67, 81, 67, 2, 73, 36, 5, 75]
[[601, 246, 418], [107, 325, 627], [676, 645, 810], [129, 962, 922], [377, 91, 645], [806, 76, 475], [15, 884, 250], [378, 111, 76], [176, 557, 389], [276, 792, 985],
[689, 372, 210], [86, 425, 481], [659, 80, 105], [449, 155, 1013], [296, 478, 29], [887, 264, 105], [341, 279, 935], [537, 603, 992], [614, 725, 528], [1003, 1002, 246],
[913, 670, 618], [102, 702, 990], [529, 340, 1016], [634, 789, 151], [572, 10, 629], [601, 897, 839], [653, 218, 43], [567, 755, 647], [539, 348, 297], [1013, 276, 278],
[238, 168, 894], [803, 216, 575], [772, 745, 916], [767, 304, 630], [864, 876, 641], [419, 403, 517], [183, 35, 681], [227, 548, 416], [820, 66, 710], [96, 59, 933],
[321, 243, 80], [194, 25, 243], [770, 743, 988], [611, 436, 272], [220, 225, 73], [807, 644, 422], [250, 828, 457], [931, 34, 1006], [272, 854, 1018], [929, 896, 2],
[841, 196, 246], [867, 391, 217], [89, 86, 907], [3, 697, 322], [221, 863, 547], [240, 596, 117], [663, 846, 945], [99, 702, 925], [30, 975, 704], [995, 883, 579],
[943, 649, 776], [114, 495, 92], [332, 531, 178], [218, 534, 821], [486, 701, 609], [979, 941, 184], [75, 583, 976], [1020, 629, 658]]
[[8, 0, 9, 9], [6, 5, 7, 10], [1, 9, 3, 10], [6, 5, 5, 3], [8, 10, 0, 2], [4, 7, 0, 9], [0, 7, 4, 3], [1, 5, 6, 8], [6, 4, 6, 10], [8, 1, 7, 7],
[10, 0, 7, 5], [3, 1, 7, 10], [9, 7, 10, 2], [1, 10, 1, 1], [4, 3, 2, 4], [6, 9, 1, 10], [2, 5, 10, 8], [6, 6, 5, 4], [4, 10, 9, 6], [0, 3, 5, 7],
[8, 4, 9, 10], [1, 8, 9, 4], [9, 1, 8, 5], [10, 7, 4, 1], [1, 1, 8, 6], [6, 2, 10, 8], [1, 6, 3, 10], [10, 6, 6, 5], [10, 2, 4, 10], [0, 3, 3, 7],
[4, 9, 1, 3], [3, 4, 2, 2], [5, 10, 8, 0], [10, 5, 9, 0], [1, 10, 8, 9], [6, 1, 3, 3], [4, 6, 2, 2], [9, 3, 9, 0], [10, 9, 3, 2], [2, 3, 5, 5],
[1, 0, 4, 0], [6, 0, 10, 5], [10, 7, 1, 5], [7, 4, 7, 9], [8, 9, 0, 6], [0, 7, 6, 8], [3, 7, 0, 5], [9, 3, 9, 10], [3, 2, 10, 7], [2, 9, 10, 10],
[4, 0, 3, 9], [3, 10, 7, 0], [6, 5, 5, 4], [10, 0, 2, 3], [6, 2, 6, 4], [3, 4, 1, 6], [4, 0, 1, 6], [8, 0, 4, 10], [10, 7, 8, 2], [4, 2, 0, 10],
[7, 5, 4, 6], [6, 6, 9, 10], [6, 5, 1, 9], [7, 2, 2, 1], [2, 1, 5, 8], [2, 9, 7, 10], [3, 2, 1, 7], [4, 1, 7, 0]]
[1, 1, 0.333333, 0.333333, 0.333333, 0.333333, 0.333333, 0.333333, 0.111111, 0.111111,
0.111111, 0.111111, 0.111111, 0.111111, 0.037037, 0.037037, 0.037037, 0.037037, 0.037037, 0.037037,
0.0123457, 0.0123457, 0.0123457, 0.0123457, 0.0123457, 0.0123457, 0.00411523, 0.00411523, 0.00411523, 0.00411523,
0.00411523, 0.00411523, 0.00137174, 0.00137174, 0.00137174, 0.00137174, 0.00137174, 0.00137174, 0.000457247, 0.000457247,
0.000457247, 0.000457247, 0.000457247, 0.000457247, 0.000152416, 0.000152416, 0.000152416, 0.000152416, 0.000152416, 0.000152416,
5.08053e-05, 5.08053e-05, 5.08053e-05, 5.08053e-05, 5.08053e-05, 5.08053e-05, 1.69351e-05, 1.69351e-05, 1.69351e-05, 1.69351e-05,
1.69351e-05, 1.69351e-05, 5.64503e-06, 5.64503e-06, 5.64503e-06, 5.64503e-06, 5.64503e-06, 5.64503e-06]
[6, 7, 6, 7, 0, 4, 7, 10, 8, 8,
3, 3, 6, 6, 2, 9, 6, 8, 5, 7,
6, 10, 9, 5, 9, 1, 0, 1, 5, 7,
6, 1, 7, 10, 1, 4, 6, 8, 10, 9,
2, 8, 2, 8, 6, 0, 7, 9, 9, 5,
2, 5, 0, 0, 2, 8, 5, 4, 2, 2,
3, 6, 2, 10, 0, 9, 0, 9]
------------------------------------------------------- 
# stage = 12	# children c = 3	length of each stage p = 2	nodes = 67	# items I = 1
