[20, 72, 75, 10, 32, 83, 77, 24, 28, 3,
28, 48, 67, 72, 37, 57, 12, 61, 62, 47,
67, 46, 63, 36, 52, 95, 70, 10, 21, 23,
58, 41, 95, 99, 51, 94, 82, 28, 17, 76,
98, 46, 90, 65, 84, 26]
[[40, 591, 237], [230, 264, 35], [969, 1065, 260], [971, 503, 1064], [498, 960, 96], [283, 813, 953], [529, 93, 75], [1054, 936, 379], [757, 842, 68], [764, 904, 239],
[863, 944, 762], [1032, 36, 1026], [1067, 1006, 1021], [189, 839, 386], [183, 267, 208], [280, 550, 1022], [95, 1012, 1047], [170, 996, 846], [550, 616, 550], [550, 310, 384],
[721, 35, 258], [413, 1067, 227], [369, 997, 163], [253, 116, 934], [571, 300, 131], [780, 512, 613], [664, 539, 555], [641, 641, 414], [349, 53, 1030], [900, 603, 202],
[214, 254, 237], [405, 667, 166], [632, 969, 25], [727, 84, 74], [591, 655, 374], [654, 365, 818], [197, 1029, 287], [685, 533, 860], [29, 814, 914], [991, 644, 379],
[123, 791, 634], [292, 58, 163], [390, 622, 1064], [416, 211, 78], [490, 802, 734], [796, 318, 1031]]
[[8, 7, 0, 0], [9, 6, 3, 5], [6, 1, 8, 9], [4, 7, 5, 6], [1, 5, 4, 0], [1, 8, 2, 2], [3, 6, 10, 9], [0, 7, 1, 6], [1, 1, 6, 0], [5, 7, 3, 0],
[8, 9, 8, 0], [4, 0, 4, 5], [5, 8, 5, 5], [6, 6, 5, 7], [10, 4, 5, 10], [9, 6, 5, 10], [5, 10, 8, 8], [4, 9, 7, 0], [8, 4, 0, 10], [2, 2, 4, 5],
[10, 7, 10, 3], [2, 2, 10, 1], [6, 5, 9, 4], [9, 2, 2, 2], [10, 8, 10, 1], [7, 4, 1, 2], [8, 10, 1, 10], [1, 3, 3, 10], [10, 2, 2, 2], [5, 2, 1, 9],
[5, 9, 1, 3], [9, 1, 3, 8], [9, 1, 7, 3], [5, 9, 3, 1], [8, 2, 0, 8], [5, 3, 7, 5], [4, 9, 5, 7], [0, 4, 3, 5], [0, 2, 7, 9], [3, 10, 4, 2],
[0, 1, 3, 4], [10, 7, 5, 5], [9, 3, 0, 2], [5, 7, 5, 9], [6, 8, 3, 4], [1, 4, 8, 2]]
[1, 1, 0.5, 0.5, 0.5, 0.5, 0.25, 0.25, 0.25, 0.25,
0.125, 0.125, 0.125, 0.125, 0.0625, 0.0625, 0.0625, 0.0625, 0.03125, 0.03125,
0.03125, 0.03125, 0.015625, 0.015625, 0.015625, 0.015625, 0.0078125, 0.0078125, 0.0078125, 0.0078125,
0.00390625, 0.00390625, 0.00390625, 0.00390625, 0.00195312, 0.00195312, 0.00195312, 0.00195312, 0.000976562, 0.000976562,
0.000976562, 0.000976562, 0.000488281, 0.000488281, 0.000488281, 0.000488281]
[11, 9, 18, 9, 9, 13, 9, 21, 6, 20,
17, 17, 4, 3, 3, 0, 14, 11, 6, 10,
13, 21, 5, 6, 16, 19, 12, 1, 19, 4,
7, 11, 11, 9, 16, 9, 17, 6, 2, 8,
10, 4, 18, 14, 8, 14]
------------------------------------------------------- 
# stage = 12	# children c = 2	length of each stage p = 2	nodes = 45	# items I = 1
