[68, 90, 0, 81, 88, 23, 99, 31, 61, 54,
70, 35, 2, 48, 65, 59, 41, 60, 24, 17,
51, 90, 40, 26, 55, 66, 23, 60, 70, 33,
6, 37, 22, 73, 84, 76, 62, 82, 7, 89,
1, 43, 23, 4, 57, 89]
[[238, 453, 240], [753, 174, 502], [276, 246, 589], [844, 237, 179], [385, 72, 339], [156, 747, 650], [535, 692, 147], [642, 332, 849], [480, 245, 260], [722, 471, 721],
[24, 709, 305], [265, 584, 471], [759, 852, 717], [471, 827, 84], [642, 334, 157], [111, 483, 26], [762, 148, 710], [31, 790, 172], [2, 392, 417], [254, 245, 10],
[106, 261, 711], [403, 518, 425], [4, 408, 408], [714, 1, 357], [798, 643, 691], [77, 746, 296], [103, 638, 444], [813, 661, 364], [107, 655, 749], [516, 40, 124],
[526, 138, 377], [367, 541, 26], [793, 537, 426], [323, 381, 427], [672, 302, 192], [485, 379, 68], [782, 475, 699], [356, 410, 490], [713, 518, 276], [592, 164, 308],
[708, 683, 446], [215, 180, 109], [233, 95, 646], [659, 410, 150], [208, 212, 452], [400, 698, 823]]
[[1, 0, 8, 5], [3, 1, 3, 9], [8, 8, 7, 9], [4, 0, 2, 5], [6, 3, 7, 2], [2, 3, 5, 7], [1, 6, 8, 5], [1, 9, 2, 3], [9, 8, 6, 10], [10, 7, 6, 7],
[2, 3, 4, 7], [3, 6, 1, 10], [7, 6, 10, 8], [9, 4, 2, 0], [0, 10, 3, 10], [7, 5, 0, 5], [2, 7, 3, 10], [1, 9, 7, 4], [1, 0, 9, 3], [4, 10, 0, 10],
[3, 10, 7, 2], [4, 7, 2, 2], [7, 3, 10, 3], [8, 0, 6, 8], [5, 9, 8, 6], [8, 2, 8, 7], [0, 6, 10, 2], [3, 10, 10, 7], [8, 4, 9, 10], [1, 9, 1, 8],
[1, 0, 9, 7], [9, 4, 2, 3], [1, 8, 8, 7], [8, 5, 3, 6], [10, 1, 9, 2], [9, 6, 7, 6], [0, 3, 5, 1], [1, 4, 7, 0], [3, 5, 5, 1], [7, 6, 3, 8],
[3, 9, 2, 1], [1, 6, 5, 0], [5, 3, 1, 1], [10, 8, 8, 8], [1, 0, 9, 0], [3, 3, 10, 4]]
[1, 1, 0.5, 0.5, 0.5, 0.5, 0.25, 0.25, 0.25, 0.25,
0.125, 0.125, 0.125, 0.125, 0.0625, 0.0625, 0.0625, 0.0625, 0.03125, 0.03125,
0.03125, 0.03125, 0.015625, 0.015625, 0.015625, 0.015625, 0.0078125, 0.0078125, 0.0078125, 0.0078125,
0.00390625, 0.00390625, 0.00390625, 0.00390625, 0.00195312, 0.00195312, 0.00195312, 0.00195312, 0.000976562, 0.000976562,
0.000976562, 0.000976562, 0.000488281, 0.000488281, 0.000488281, 0.000488281]
[1, 1, 8, 3, 6, 8, 1, 2, 2, 7,
8, 8, 6, 6, 6, 7, 8, 7, 3, 1,
0, 7, 3, 1, 5, 1, 0, 8, 3, 0,
5, 4, 4, 7, 3, 5, 4, 8, 0, 1,
5, 8, 1, 3, 2, 1]
------------------------------------------------------- 
# stage = 12	# children c = 2	length of each stage p = 2	nodes = 45	# items I = 1
