[99, 65, 16, 71, 11, 82, 12, 14, 50, 95,
49, 33, 16, 19, 58, 15, 100, 37, 74, 30,
33, 2, 23, 82, 14, 25, 97, 50, 52, 20,
99, 51, 51, 14, 88, 62, 62, 100, 42, 12,
60, 91, 11, 77, 10, 35]
[[1993, 1938, 837], [936, 735, 976], [57, 59, 494], [1707, 1815, 2010], [119, 1986, 1152], [817, 486, 1872], [469, 1149, 1265], [778, 1837, 616], [1165, 1717, 756], [1285, 1661, 1078],
[135, 1610, 956], [957, 486, 1675], [1933, 543, 1734], [367, 207, 1490], [334, 310, 1416], [1470, 1127, 1902], [1298, 1581, 1007], [503, 315, 784], [1104, 1480, 457], [1860, 722, 74],
[878, 841, 1668], [1818, 1782, 95], [1449, 1656, 638], [1139, 2023, 829], [569, 297, 1124], [1986, 1768, 207], [1844, 1006, 1772], [792, 1494, 43], [1576, 554, 1508], [2018, 354, 170],
[32, 1232, 995], [1685, 1006, 734], [1780, 411, 330], [358, 1534, 309], [1172, 60, 607], [252, 2030, 315], [443, 1830, 1321], [172, 562, 755], [215, 79, 1309], [1707, 53, 1663],
[1877, 85, 835], [829, 1754, 1841], [1547, 1474, 192], [1877, 1833, 1711], [142, 961, 1755], [733, 1213, 1741]]
[[7, 3, 6, 2], [6, 8, 1, 5], [4, 3, 7, 10], [1, 10, 6, 4], [6, 1, 7, 3], [2, 4, 1, 4], [8, 10, 2, 9], [9, 9, 4, 5], [10, 8, 6, 3], [5, 7, 8, 7],
[10, 3, 7, 9], [2, 2, 0, 8], [1, 7, 9, 4], [10, 8, 6, 7], [7, 8, 3, 5], [5, 8, 9, 2], [5, 4, 6, 9], [0, 1, 5, 8], [4, 1, 5, 4], [2, 5, 10, 1],
[0, 8, 5, 10], [6, 9, 4, 0], [5, 8, 6, 10], [3, 4, 10, 6], [8, 3, 4, 6], [5, 10, 1, 7], [0, 4, 1, 0], [8, 9, 2, 8], [5, 5, 5, 9], [4, 9, 9, 9],
[4, 4, 6, 7], [6, 3, 3, 1], [7, 7, 7, 10], [4, 7, 6, 3], [0, 5, 3, 8], [4, 5, 5, 9], [9, 10, 7, 2], [7, 3, 9, 0], [8, 2, 6, 1], [5, 9, 3, 1],
[3, 10, 9, 6], [4, 5, 9, 5], [10, 1, 2, 1], [5, 6, 10, 3], [3, 4, 3, 10], [8, 1, 9, 3]]
[1, 1, 0.5, 0.5, 0.5, 0.5, 0.25, 0.25, 0.25, 0.25,
0.125, 0.125, 0.125, 0.125, 0.0625, 0.0625, 0.0625, 0.0625, 0.03125, 0.03125,
0.03125, 0.03125, 0.015625, 0.015625, 0.015625, 0.015625, 0.0078125, 0.0078125, 0.0078125, 0.0078125,
0.00390625, 0.00390625, 0.00390625, 0.00390625, 0.00195312, 0.00195312, 0.00195312, 0.00195312, 0.000976562, 0.000976562,
0.000976562, 0.000976562, 0.000488281, 0.000488281, 0.000488281, 0.000488281]
[7, 7, 9, 1, 5, 7, 5, 0, 8, 6,
9, 8, 2, 4, 5, 7, 9, 2, 2, 10,
8, 0, 3, 1, 0, 2, 2, 0, 7, 1,
4, 0, 8, 6, 4, 4, 10, 1, 10, 9,
5, 8, 7, 7, 8, 2]
------------------------------------------------------- 
# stage = 12	# children c = 2	length of each stage p = 2	nodes = 45	# items I = 1
