[100, 46, 70, 98, 78, 29, 18, 83, 49, 69,
11, 27, 91, 96, 58, 29, 72, 86, 59, 54,
36, 44, 98, 39, 73, 21, 76, 59, 7, 11,
88, 73, 58, 23, 71, 35, 52, 89, 85, 1,
23, 96, 95, 14, 57, 18, 9, 95, 3, 35,
49, 39, 79, 12, 45, 17, 33, 87, 76, 6,
98, 29, 80, 21, 53, 16, 57, 4]
[[1591, 1746, 1531], [471, 910, 922], [49, 447, 1826], [1406, 42, 124], [1571, 2077, 1516], [1997, 929, 877], [785, 1858, 1094], [193, 142, 1620], [1948, 1870, 999], [191, 888, 843],
[435, 692, 437], [179, 1163, 1347], [1102, 1213, 1795], [1141, 832, 50], [1631, 616, 340], [1360, 460, 1270], [85, 1611, 1341], [1179, 18, 1850], [1012, 1966, 1933], [224, 370, 668],
[1068, 1172, 1360], [1505, 1351, 737], [699, 300, 163], [707, 1807, 1361], [1123, 1652, 1978], [1464, 859, 651], [947, 944, 110], [501, 336, 128], [198, 1349, 307], [2131, 1573, 677],
[1012, 488, 1849], [586, 206, 1048], [1323, 1272, 1714], [1486, 1979, 1735], [1060, 950, 1234], [885, 627, 306], [1537, 1940, 1251], [2013, 288, 1953], [2141, 853, 1515], [661, 1197, 1302],
[1338, 57, 3], [1401, 1009, 210], [296, 179, 1482], [223, 2031, 1674], [171, 938, 837], [1405, 1824, 1830], [2078, 1574, 1617], [1176, 1434, 119], [1342, 1788, 1338], [705, 296, 382],
[2007, 1634, 805], [2010, 882, 1814], [433, 1544, 206], [128, 2134, 84], [1803, 152, 1023], [487, 1924, 1060], [165, 1849, 847], [2148, 1238, 128], [114, 793, 1916], [1818, 1498, 425],
[48, 1718, 272], [1219, 1942, 1155], [881, 588, 912], [1453, 717, 1259], [1538, 367, 1778], [774, 1220, 1549], [47, 1385, 1611], [894, 1747, 696]]
[[1, 8, 0, 5], [7, 4, 2, 1], [9, 9, 5, 10], [0, 10, 10, 1], [2, 6, 7, 8], [4, 2, 8, 2], [3, 8, 10, 4], [2, 7, 8, 1], [4, 6, 6, 0], [9, 7, 10, 7],
[5, 5, 6, 3], [2, 3, 4, 4], [7, 9, 0, 0], [9, 8, 1, 2], [5, 0, 6, 5], [5, 1, 6, 9], [8, 10, 7, 6], [6, 7, 0, 9], [10, 6, 1, 1], [10, 3, 4, 6],
[0, 4, 5, 9], [10, 4, 9, 4], [2, 5, 7, 7], [4, 2, 3, 10], [10, 10, 3, 4], [4, 3, 2, 1], [10, 2, 3, 7], [3, 5, 0, 3], [9, 3, 2, 8], [7, 0, 10, 9],
[3, 6, 5, 6], [6, 8, 5, 5], [6, 9, 9, 10], [10, 10, 10, 7], [1, 2, 3, 4], [5, 2, 8, 1], [5, 8, 9, 2], [8, 6, 0, 10], [10, 4, 5, 5], [10, 10, 10, 5],
[6, 7, 3, 4], [6, 2, 0, 5], [2, 2, 9, 7], [4, 4, 8, 7], [10, 4, 9, 8], [8, 8, 7, 7], [1, 10, 1, 0], [9, 9, 4, 3], [5, 7, 7, 9], [7, 5, 3, 9],
[7, 0, 3, 9], [2, 0, 6, 2], [2, 2, 8, 10], [10, 2, 6, 9], [1, 5, 8, 8], [3, 1, 0, 7], [6, 5, 3, 2], [0, 7, 9, 7], [5, 1, 4, 7], [10, 10, 7, 10],
[10, 4, 7, 10], [6, 2, 6, 5], [5, 1, 3, 6], [0, 1, 0, 6], [7, 4, 6, 5], [0, 2, 10, 5], [3, 3, 10, 0], [0, 7, 8, 0]]
[1, 1, 0.333333, 0.333333, 0.333333, 0.333333, 0.333333, 0.333333, 0.111111, 0.111111,
0.111111, 0.111111, 0.111111, 0.111111, 0.037037, 0.037037, 0.037037, 0.037037, 0.037037, 0.037037,
0.0123457, 0.0123457, 0.0123457, 0.0123457, 0.0123457, 0.0123457, 0.00411523, 0.00411523, 0.00411523, 0.00411523,
0.00411523, 0.00411523, 0.00137174, 0.00137174, 0.00137174, 0.00137174, 0.00137174, 0.00137174, 0.000457247, 0.000457247,
0.000457247, 0.000457247, 0.000457247, 0.000457247, 0.000152416, 0.000152416, 0.000152416, 0.000152416, 0.000152416, 0.000152416,
5.08053e-05, 5.08053e-05, 5.08053e-05, 5.08053e-05, 5.08053e-05, 5.08053e-05, 1.69351e-05, 1.69351e-05, 1.69351e-05, 1.69351e-05,
1.69351e-05, 1.69351e-05, 5.64503e-06, 5.64503e-06, 5.64503e-06, 5.64503e-06, 5.64503e-06, 5.64503e-06]
[9, 1, 1, 0, 10, 1, 2, 8, 10, 4,
4, 4, 5, 2, 5, 4, 0, 1, 7, 8,
4, 3, 1, 5, 8, 0, 9, 4, 5, 1,
10, 3, 6, 7, 2, 9, 2, 1, 6, 10,
1, 1, 1, 10, 9, 4, 2, 6, 8, 0,
5, 3, 4, 4, 7, 1, 0, 3, 4, 7,
1, 0, 2, 0, 4, 5, 4, 0]
------------------------------------------------------- 
# stage = 12	# children c = 3	length of each stage p = 2	nodes = 67	# items I = 1
