[62, 10, 77, 53, 87, 82, 58, 97, 24, 26,
26, 38, 62, 41, 93, 22, 65, 23, 33, 76,
29, 16, 52, 74, 95, 8, 89, 79, 17, 18,
5, 45, 95, 82, 98, 47, 30, 22, 44, 20,
48, 36, 24, 76, 77, 17, 65, 41, 6, 98,
84, 2, 13, 1, 76, 74, 9, 65, 53, 27,
49, 24, 72, 9, 5, 36, 57, 1, 58, 67,
88, 72, 2, 12, 48, 45, 29, 79, 87, 35]
[[973, 917, 16], [9, 367, 822], [549, 696, 10], [795, 442, 420], [661, 395, 362], [92, 800, 799], [980, 147, 272], [28, 575, 670], [884, 937, 801], [869, 522, 520],
[831, 973, 447], [325, 460, 292], [157, 19, 988], [636, 814, 908], [66, 953, 781], [428, 523, 69], [237, 512, 216], [978, 18, 791], [657, 381, 216], [937, 259, 738],
[466, 568, 198], [391, 893, 659], [684, 528, 678], [159, 174, 970], [546, 709, 410], [336, 615, 412], [874, 330, 924], [100, 317, 421], [369, 975, 280], [63, 399, 17],
[279, 343, 585], [478, 735, 956], [146, 897, 963], [302, 534, 146], [750, 89, 333], [169, 895, 948], [581, 778, 288], [984, 356, 605], [883, 204, 67], [641, 267, 935],
[658, 547, 288], [721, 34, 501], [164, 649, 407], [136, 429, 941], [282, 188, 509], [93, 826, 413], [51, 886, 669], [808, 357, 35], [422, 718, 239], [959, 368, 506],
[381, 504, 531], [669, 234, 565], [179, 398, 692], [64, 13, 130], [484, 764, 787], [2, 858, 623], [884, 909, 987], [562, 726, 353], [75, 626, 549], [314, 72, 917],
[299, 454, 899], [830, 601, 611], [405, 259, 487], [575, 323, 500], [706, 285, 274], [971, 287, 141], [603, 649, 528], [77, 690, 263], [899, 765, 367], [457, 89, 909],
[852, 388, 841], [760, 227, 451], [380, 110, 710], [868, 164, 43], [377, 870, 328], [651, 850, 94], [792, 932, 221], [329, 18, 911], [70, 918, 686], [907, 853, 253]]
[[7, 7, 0, 7], [1, 0, 4, 5], [3, 9, 10, 2], [1, 5, 8, 0], [10, 8, 2, 0], [3, 5, 0, 1], [7, 9, 10, 1], [9, 8, 7, 3], [2, 5, 10, 1], [3, 1, 6, 4],
[8, 5, 6, 9], [9, 2, 8, 6], [10, 8, 7, 1], [0, 7, 0, 8], [3, 10, 7, 10], [5, 1, 2, 7], [7, 10, 9, 8], [1, 2, 2, 9], [8, 6, 6, 4], [8, 1, 10, 6],
[9, 4, 7, 9], [0, 7, 4, 1], [5, 10, 9, 8], [0, 9, 3, 5], [9, 1, 3, 8], [3, 5, 6, 9], [9, 10, 2, 5], [0, 2, 0, 7], [6, 5, 4, 5], [10, 6, 4, 4],
[5, 3, 0, 4], [10, 3, 9, 8], [2, 1, 5, 3], [4, 10, 2, 3], [9, 2, 8, 8], [2, 6, 2, 7], [0, 4, 10, 10], [0, 1, 2, 3], [2, 2, 7, 2], [5, 6, 10, 5],
[5, 3, 8, 10], [2, 8, 0, 9], [0, 6, 4, 0], [1, 7, 7, 10], [0, 4, 9, 9], [6, 9, 2, 8], [0, 7, 8, 3], [0, 8, 8, 4], [9, 6, 1, 0], [3, 1, 7, 1],
[5, 1, 2, 6], [8, 7, 3, 6], [10, 1, 5, 3], [9, 5, 9, 9], [10, 7, 0, 0], [4, 6, 4, 0], [10, 5, 9, 1], [4, 5, 2, 9], [6, 2, 2, 1], [8, 5, 8, 5],
[4, 2, 8, 2], [5, 6, 10, 4], [2, 8, 4, 4], [1, 6, 4, 1], [9, 2, 2, 0], [6, 2, 7, 1], [3, 7, 1, 9], [10, 9, 3, 4], [9, 0, 4, 3], [4, 1, 5, 7],
[7, 8, 9, 9], [1, 1, 10, 0], [1, 10, 9, 7], [10, 6, 7, 2], [0, 8, 0, 0], [4, 1, 2, 2], [10, 6, 3, 4], [6, 6, 9, 2], [3, 7, 9, 5], [6, 6, 3, 8]]
[1, 1, 1, 1, 1, 0.333333, 0.333333, 0.333333, 0.333333, 0.333333,
0.333333, 0.333333, 0.333333, 0.333333, 0.333333, 0.333333, 0.333333, 0.333333, 0.333333, 0.333333,
0.111111, 0.111111, 0.111111, 0.111111, 0.111111, 0.111111, 0.111111, 0.111111, 0.111111, 0.111111,
0.111111, 0.111111, 0.111111, 0.111111, 0.111111, 0.037037, 0.037037, 0.037037, 0.037037, 0.037037,
0.037037, 0.037037, 0.037037, 0.037037, 0.037037, 0.037037, 0.037037, 0.037037, 0.037037, 0.037037,
0.0123457, 0.0123457, 0.0123457, 0.0123457, 0.0123457, 0.0123457, 0.0123457, 0.0123457, 0.0123457, 0.0123457,
0.0123457, 0.0123457, 0.0123457, 0.0123457, 0.0123457, 0.00411523, 0.00411523, 0.00411523, 0.00411523, 0.00411523,
0.00411523, 0.00411523, 0.00411523, 0.00411523, 0.00411523, 0.00411523, 0.00411523, 0.00411523, 0.00411523, 0.00411523]
[7, 6, 3, 3, 5, 9, 4, 8, 3, 2,
7, 3, 3, 3, 8, 4, 4, 1, 2, 0,
5, 3, 7, 8, 6, 2, 7, 1, 0, 8,
3, 6, 5, 0, 5, 0, 1, 3, 6, 2,
7, 9, 1, 8, 0, 2, 5, 3, 1, 1,
5, 8, 6, 6, 7, 7, 5, 2, 1, 0,
1, 7, 4, 8, 6, 3, 2, 0, 7, 5,
7, 1, 2, 2, 6, 7, 7, 8, 7, 1]
------------------------------------------------------- 
# stage = 6	# children c = 3	length of each stage p = 5	nodes = 79	# items I = 1
