[46, 38, 97, 41, 71, 36, 33, 8, 31, 34,
64, 87, 21, 62, 50, 89, 54, 93, 36, 89,
59, 63, 28, 42, 87, 86, 79, 7, 2, 63,
35, 14]
[[1039, 1771, 14], [1339, 822, 777], [980, 387, 1603], [263, 1455, 1894], [403, 1280, 221], [1188, 467, 1150], [409, 997, 1099], [591, 1146, 1231], [1122, 1152, 613], [1165, 614, 568],
[580, 301, 414], [1168, 1640, 1236], [19, 1268, 271], [1622, 179, 1726], [238, 583, 1080], [1033, 419, 1548], [257, 828, 1193], [1356, 67, 414], [1236, 1189, 1566], [1849, 428, 828],
[1065, 1008, 1129], [127, 824, 843], [11, 843, 185], [283, 1114, 364], [657, 0, 1521], [386, 1034, 14], [582, 1291, 842], [1775, 1296, 910], [837, 606, 747], [1051, 1103, 1176],
[1879, 816, 832], [1082, 944, 1657]]
[[5, 1, 3, 6], [0, 10, 4, 10], [10, 7, 7, 6], [3, 4, 7, 8], [8, 1, 5, 3], [10, 0, 10, 5], [10, 10, 9, 0], [6, 7, 1, 1], [6, 2, 7, 4], [2, 9, 1, 10],
[4, 7, 5, 7], [0, 2, 2, 9], [1, 7, 10, 10], [5, 9, 2, 3], [6, 0, 3, 1], [5, 4, 2, 10], [7, 7, 3, 7], [6, 3, 6, 10], [10, 1, 4, 8], [1, 5, 6, 0],
[1, 3, 10, 5], [1, 1, 8, 5], [0, 0, 7, 5], [3, 7, 4, 8], [2, 6, 4, 8], [7, 10, 5, 6], [9, 7, 3, 10], [1, 8, 0, 1], [0, 8, 6, 0], [10, 1, 5, 10],
[10, 10, 2, 2], [5, 5, 10, 7]]
[1, 1, 0.333333, 0.333333, 0.333333, 0.333333, 0.333333, 0.333333, 0.111111, 0.111111,
0.111111, 0.111111, 0.111111, 0.111111, 0.037037, 0.037037, 0.037037, 0.037037, 0.037037, 0.037037,
0.0123457, 0.0123457, 0.0123457, 0.0123457, 0.0123457, 0.0123457, 0.00411523, 0.00411523, 0.00411523, 0.00411523,
0.00411523, 0.00411523]
[3, 0, 0, 2, 8, 9, 0, 3, 0, 5,
3, 5, 4, 9, 2, 2, 9, 2, 7, 4,
8, 5, 0, 9, 2, 5, 5, 8, 6, 5,
0, 8]
------------------------------------------------------- 
# stage = 6	# children c = 3	length of each stage p = 2	nodes = 31	# items I = 1
