[40, 96, 28, 55, 8, 57, 44, 66, 27, 58,
37, 41, 67, 81, 75, 29, 6, 57, 6, 34,
88, 27, 91, 9, 95, 13, 93, 23, 43, 43,
44, 49, 5, 72, 3, 13, 95, 14, 80, 89,
72, 83, 29, 38, 30, 71]
[[181, 623, 1918], [1137, 1003, 170], [1397, 1843, 162], [1715, 1950, 1665], [1148, 669, 1233], [1413, 773, 1692], [1059, 1299, 1070], [1550, 68, 1576], [873, 1613, 1851], [892, 1904, 1705],
[1671, 1075, 1318], [622, 256, 365], [793, 643, 1198], [955, 1348, 1191], [1610, 539, 1860], [886, 1953, 1623], [622, 45, 1912], [1692, 1595, 970], [1311, 1458, 626], [195, 394, 1520],
[890, 1055, 639], [1199, 1678, 1842], [1564, 1461, 528], [1752, 1406, 1876], [986, 49, 458], [890, 935, 1401], [1503, 547, 1446], [1459, 282, 75], [472, 583, 1533], [89, 1726, 917],
[599, 1606, 963], [228, 848, 1631], [113, 1402, 125], [1588, 1197, 1531], [1507, 227, 1580], [956, 1117, 1505], [1347, 663, 96], [837, 1112, 1325], [912, 575, 1909], [1435, 664, 668],
[1343, 253, 317], [349, 482, 1166], [23, 595, 611], [148, 227, 799], [669, 724, 1026], [1239, 670, 1133]]
[[5, 10, 6, 6], [8, 6, 0, 9], [9, 1, 10, 4], [9, 6, 9, 4], [6, 7, 8, 0], [4, 0, 7, 2], [4, 8, 10, 5], [7, 7, 0, 10], [5, 4, 5, 2], [0, 5, 10, 9],
[4, 7, 0, 2], [0, 8, 4, 6], [2, 2, 4, 6], [2, 10, 8, 6], [5, 8, 9, 1], [2, 8, 0, 5], [1, 4, 6, 1], [7, 5, 9, 1], [1, 7, 1, 10], [4, 6, 5, 7],
[8, 9, 2, 8], [6, 9, 1, 1], [6, 8, 2, 6], [5, 1, 10, 7], [3, 5, 6, 10], [10, 4, 9, 9], [10, 0, 8, 3], [4, 0, 10, 10], [7, 0, 7, 3], [9, 8, 2, 2],
[3, 2, 6, 9], [3, 5, 3, 6], [10, 9, 4, 7], [1, 2, 3, 0], [0, 9, 3, 4], [9, 1, 3, 4], [10, 8, 5, 8], [3, 7, 10, 7], [9, 3, 5, 0], [9, 8, 6, 6],
[4, 10, 1, 5], [0, 4, 3, 0], [3, 5, 3, 10], [4, 6, 1, 3], [2, 6, 0, 5], [2, 8, 1, 1]]
[1, 1, 0.5, 0.5, 0.5, 0.5, 0.25, 0.25, 0.25, 0.25,
0.125, 0.125, 0.125, 0.125, 0.0625, 0.0625, 0.0625, 0.0625, 0.03125, 0.03125,
0.03125, 0.03125, 0.015625, 0.015625, 0.015625, 0.015625, 0.0078125, 0.0078125, 0.0078125, 0.0078125,
0.00390625, 0.00390625, 0.00390625, 0.00390625, 0.00195312, 0.00195312, 0.00195312, 0.00195312, 0.000976562, 0.000976562,
0.000976562, 0.000976562, 0.000488281, 0.000488281, 0.000488281, 0.000488281]
[7, 0, 5, 3, 2, 2, 5, 8, 7, 3,
8, 3, 7, 3, 9, 5, 0, 3, 2, 6,
6, 2, 5, 8, 8, 4, 9, 5, 2, 6,
0, 3, 1, 2, 8, 0, 7, 8, 7, 7,
3, 6, 3, 9, 2, 2]
------------------------------------------------------- 
# stage = 12	# children c = 2	length of each stage p = 2	nodes = 45	# items I = 1
