[84, 69, 57, 85, 95, 46, 61, 21, 11, 45,
62, 1, 27, 6, 34, 53, 20, 0, 12, 4]
[[762, 132, 920], [595, 406, 45], [515, 741, 872], [812, 757, 906], [510, 367, 270], [262, 33, 927], [280, 867, 303], [477, 22, 964], [199, 232, 116], [452, 269, 422],
[652, 61, 876], [602, 8, 313], [0, 523, 406], [224, 687, 516], [161, 227, 883], [753, 812, 917], [710, 122, 166], [365, 922, 188], [359, 151, 743], [475, 925, 42]]
[[10, 10, 10, 10], [7, 1, 1, 5], [7, 1, 10, 5], [2, 2, 5, 4], [1, 8, 5, 8], [8, 1, 4, 4], [2, 3, 1, 5], [6, 7, 3, 5], [4, 2, 2, 0], [2, 3, 3, 9],
[5, 3, 1, 5], [5, 6, 9, 6], [4, 3, 1, 10], [3, 5, 2, 5], [7, 1, 8, 0], [8, 0, 3, 10], [1, 5, 8, 1], [8, 1, 8, 2], [4, 9, 6, 7], [3, 4, 2, 5]]
[1, 1, 0.333333, 0.333333, 0.333333, 0.333333, 0.333333, 0.333333, 0.111111, 0.111111,
0.111111, 0.111111, 0.111111, 0.111111, 0.037037, 0.037037, 0.037037, 0.037037, 0.037037, 0.037037]
[17, 16, 15, 1, 8, 5, 17, 7, 16, 13,
12, 3, 0, 6, 19, 5, 15, 7, 5, 0]
------------------------------------------------------- 
# stage = 4	# children c = 3	length of each stage p = 2	nodes = 19	# items I = 1
