[3, 45, 20, 48, 77, 66, 60, 15, 1, 58,
18, 59, 75, 24, 53, 85, 41, 15, 13, 50]
[[950, 864, 962], [839, 736, 133], [576, 299, 690], [289, 266, 876], [586, 457, 375], [414, 966, 256], [515, 846, 777], [790, 652, 587], [172, 529, 620], [612, 375, 520],
[909, 355, 736], [253, 546, 824], [387, 152, 154], [429, 763, 420], [335, 379, 877], [62, 146, 225], [640, 13, 101], [769, 803, 106], [387, 327, 635], [359, 292, 362]]
[[2, 10, 9, 0], [6, 8, 3, 5], [1, 3, 9, 7], [0, 2, 6, 1], [5, 2, 9, 2], [4, 3, 5, 1], [10, 9, 8, 10], [1, 10, 5, 3], [10, 1, 1, 5], [10, 5, 9, 0],
[8, 7, 5, 6], [9, 0, 5, 1], [1, 1, 2, 5], [4, 7, 4, 3], [3, 1, 3, 5], [1, 6, 6, 9], [7, 8, 3, 4], [2, 10, 3, 8], [6, 8, 2, 3], [7, 5, 4, 8]]
[1, 1, 0.333333, 0.333333, 0.333333, 0.333333, 0.333333, 0.333333, 0.111111, 0.111111,
0.111111, 0.111111, 0.111111, 0.111111, 0.037037, 0.037037, 0.037037, 0.037037, 0.037037, 0.037037]
[1, 6, 8, 2, 6, 6, 0, 8, 5, 4,
7, 3, 3, 1, 5, 2, 5, 3, 2, 5]
------------------------------------------------------- 
# stage = 4	# children c = 3	length of each stage p = 2	nodes = 19	# items I = 1
