[54, 16, 11, 55, 16, 9, 19, 64, 0, 54,
55, 51, 49, 9, 64, 52, 8, 33, 35, 34,
82, 83, 94, 91, 46, 13, 21, 10, 42, 94,
88, 96, 9, 99, 16, 92, 7, 35, 56, 8,
90, 10, 25, 4, 19, 89, 23, 94, 21, 24,
28, 69, 6, 21, 59, 19, 1, 47, 29, 9,
40, 17, 72, 50, 82, 88, 41, 90, 23, 63,
64, 79, 74, 55, 83, 59, 43, 72, 53, 30,
96, 47, 65, 2, 34, 24, 21, 1, 37, 16,
11, 43, 100, 83, 59, 82, 70, 67, 37, 59,
29, 67]
[[598, 865, 786], [381, 79, 906], [674, 561, 132], [630, 33, 669], [703, 170, 438], [164, 263, 616], [477, 811, 478], [146, 664, 503], [116, 305, 709], [245, 256, 393],
[816, 855, 344], [688, 804, 906], [248, 564, 121], [862, 280, 154], [617, 551, 324], [624, 715, 155], [326, 760, 534], [372, 907, 285], [876, 109, 158], [671, 837, 414],
[632, 739, 837], [62, 81, 727], [54, 329, 859], [175, 277, 225], [811, 462, 345], [222, 654, 628], [859, 549, 475], [48, 7, 468], [333, 883, 145], [491, 208, 68],
[473, 840, 807], [397, 471, 456], [692, 93, 353], [638, 751, 198], [431, 648, 661], [776, 438, 883], [491, 384, 86], [52, 432, 94], [88, 333, 545], [233, 392, 322],
[302, 865, 730], [677, 830, 287], [702, 609, 863], [141, 815, 700], [340, 332, 434], [569, 677, 873], [106, 736, 825], [193, 356, 825], [287, 444, 244], [400, 245, 636],
[722, 547, 587], [539, 793, 72], [394, 581, 681], [343, 290, 150], [611, 630, 50], [614, 767, 727], [141, 874, 117], [52, 153, 473], [877, 8, 485], [689, 408, 731],
[411, 699, 364], [84, 324, 725], [638, 286, 392], [405, 198, 683], [123, 377, 881], [174, 77, 735], [469, 218, 695], [155, 752, 416], [628, 283, 424], [200, 58, 832],
[17, 37, 617], [863, 604, 509], [675, 328, 364], [635, 302, 562], [886, 425, 25], [422, 167, 585], [243, 637, 371], [506, 792, 692], [8, 74, 61], [432, 756, 602],
[832, 773, 639], [104, 291, 811], [181, 52, 226], [545, 255, 528], [675, 710, 521], [701, 218, 689], [854, 461, 894], [311, 535, 340], [89, 543, 414], [633, 543, 257],
[803, 29, 598], [96, 133, 889], [908, 315, 509], [702, 860, 333], [316, 190, 129], [837, 459, 347], [180, 399, 376], [160, 278, 911], [500, 368, 108], [483, 569, 219],
[308, 26, 248], [906, 122, 864]]
[[2, 9, 7, 10], [5, 6, 4, 1], [5, 5, 7, 0], [1, 0, 9, 1], [1, 9, 0, 4], [6, 4, 9, 6], [10, 10, 9, 1], [8, 6, 7, 10], [2, 1, 9, 7], [7, 1, 6, 10],
[6, 0, 8, 5], [1, 7, 6, 2], [3, 4, 4, 9], [6, 2, 5, 5], [10, 3, 4, 7], [7, 9, 5, 10], [10, 1, 4, 6], [2, 0, 5, 8], [0, 1, 2, 10], [6, 6, 10, 9],
[0, 1, 8, 4], [3, 0, 10, 1], [3, 1, 6, 0], [0, 0, 8, 8], [2, 1, 4, 2], [10, 7, 0, 9], [6, 0, 8, 1], [7, 6, 0, 5], [7, 8, 9, 9], [8, 6, 10, 9],
[6, 3, 7, 6], [2, 4, 1, 2], [4, 3, 4, 3], [0, 2, 10, 4], [1, 8, 6, 8], [1, 6, 0, 8], [1, 9, 6, 7], [3, 3, 3, 9], [7, 0, 2, 7], [2, 3, 9, 6],
[7, 0, 8, 5], [1, 7, 9, 2], [2, 4, 10, 3], [8, 8, 10, 9], [6, 5, 3, 7], [9, 7, 5, 3], [7, 7, 10, 9], [9, 6, 3, 5], [4, 0, 10, 5], [5, 6, 7, 6],
[0, 4, 7, 6], [1, 6, 5, 6], [1, 8, 2, 8], [4, 6, 0, 9], [2, 8, 6, 0], [1, 9, 3, 5], [7, 0, 9, 1], [7, 3, 7, 5], [8, 2, 0, 7], [8, 3, 0, 9],
[10, 1, 4, 1], [7, 4, 0, 7], [10, 4, 6, 0], [2, 9, 4, 9], [8, 2, 8, 2], [5, 3, 7, 0], [5, 5, 6, 2], [7, 4, 10, 6], [5, 3, 5, 1], [6, 3, 7, 5],
[7, 2, 4, 9], [9, 8, 5, 6], [10, 3, 8, 2], [4, 2, 1, 9], [6, 7, 9, 2], [0, 8, 6, 4], [1, 0, 5, 5], [2, 10, 10, 9], [1, 3, 6, 9], [0, 0, 4, 8],
[1, 0, 9, 5], [0, 10, 1, 6], [6, 0, 6, 4], [8, 1, 8, 7], [0, 1, 1, 0], [0, 10, 9, 0], [0, 4, 9, 10], [3, 0, 7, 4], [0, 5, 8, 1], [4, 9, 5, 8],
[9, 1, 2, 5], [0, 10, 10, 9], [9, 10, 9, 10], [9, 8, 10, 9], [10, 8, 8, 0], [8, 3, 3, 7], [6, 0, 8, 9], [7, 0, 6, 6], [1, 6, 9, 0], [4, 8, 9, 2],
[5, 8, 1, 3], [3, 0, 0, 0]]
[1, 1, 1, 0.333333, 0.333333, 0.333333, 0.333333, 0.333333, 0.333333, 0.333333,
0.333333, 0.333333, 0.111111, 0.111111, 0.111111, 0.111111, 0.111111, 0.111111, 0.111111, 0.111111,
0.111111, 0.037037, 0.037037, 0.037037, 0.037037, 0.037037, 0.037037, 0.037037, 0.037037, 0.037037,
0.0123457, 0.0123457, 0.0123457, 0.0123457, 0.0123457, 0.0123457, 0.0123457, 0.0123457, 0.0123457, 0.00411523,
0.00411523, 0.00411523, 0.00411523, 0.00411523, 0.00411523, 0.00411523, 0.00411523, 0.00411523, 0.00137174, 0.00137174,
0.00137174, 0.00137174, 0.00137174, 0.00137174, 0.00137174, 0.00137174, 0.00137174, 0.000457247, 0.000457247, 0.000457247,
0.000457247, 0.000457247, 0.000457247, 0.000457247, 0.000457247, 0.000457247, 0.000152416, 0.000152416, 0.000152416, 0.000152416,
0.000152416, 0.000152416, 0.000152416, 0.000152416, 0.000152416, 5.08053e-05, 5.08053e-05, 5.08053e-05, 5.08053e-05, 5.08053e-05,
5.08053e-05, 5.08053e-05, 5.08053e-05, 5.08053e-05, 1.69351e-05, 1.69351e-05, 1.69351e-05, 1.69351e-05, 1.69351e-05, 1.69351e-05,
1.69351e-05, 1.69351e-05, 1.69351e-05, 5.64503e-06, 5.64503e-06, 5.64503e-06, 5.64503e-06, 5.64503e-06, 5.64503e-06, 5.64503e-06,
5.64503e-06, 5.64503e-06]
[6, 3, 1, 4, 3, 8, 4, 2, 8, 7,
3, 9, 6, 3, 9, 3, 0, 0, 5, 1,
1, 5, 3, 6, 7, 7, 2, 9, 1, 4,
7, 0, 7, 2, 8, 3, 5, 8, 7, 1,
3, 9, 6, 6, 2, 1, 9, 8, 5, 3,
6, 6, 6, 9, 1, 0, 0, 0, 9, 5,
1, 2, 0, 1, 3, 0, 3, 2, 3, 6,
5, 9, 8, 5, 9, 1, 8, 3, 6, 4,
1, 2, 3, 7, 7, 3, 1, 1, 5, 1,
8, 7, 5, 5, 8, 2, 9, 7, 0, 1,
1, 3]
------------------------------------------------------- 
# stage = 12	# children c = 3	length of each stage p = 3	nodes = 101	# items I = 1
