[31, 91, 25, 79, 62, 75, 42, 46, 62, 49,
71, 6, 93, 94, 25, 83, 42, 35, 65, 37,
33, 38, 34, 94, 79, 35, 17, 17, 5, 60,
40, 36, 16, 31, 15, 79, 73, 23, 91, 34,
38, 62, 6, 31, 21, 99, 80, 63, 100, 45,
66, 32, 83, 100, 92, 62, 0, 8, 45, 6,
68, 51, 8, 51, 49, 90, 29, 21]
[[628, 354, 320], [146, 1301, 60], [1823, 329, 897], [1608, 1504, 925], [778, 1135, 1160], [1227, 1099, 919], [1683, 350, 1142], [68, 440, 88], [1610, 1930, 1613], [96, 27, 215],
[919, 656, 261], [1239, 802, 1562], [1300, 346, 1891], [1889, 1954, 1424], [535, 453, 589], [1387, 1372, 1380], [336, 776, 1730], [1478, 537, 199], [1259, 176, 1822], [901, 1935, 1849],
[808, 884, 534], [1069, 1815, 1028], [661, 836, 1067], [273, 754, 742], [1390, 1290, 1196], [1671, 398, 289], [1080, 734, 758], [531, 1905, 1295], [423, 1193, 1163], [274, 1786, 1127],
[152, 624, 1703], [379, 1385, 1548], [1099, 1738, 413], [195, 41, 860], [938, 1123, 1842], [1826, 823, 269], [144, 1903, 1004], [594, 155, 938], [1889, 578, 1823], [1081, 852, 1638],
[1901, 697, 1954], [1633, 1076, 1369], [1210, 1867, 828], [1624, 92, 561], [513, 722, 1684], [76, 577, 536], [345, 413, 160], [1349, 1008, 316], [8, 618, 894], [1831, 1700, 1439],
[1191, 1322, 165], [1174, 984, 1241], [572, 224, 1137], [1401, 1540, 921], [1654, 1745, 1643], [1368, 1821, 249], [1904, 195, 355], [94, 1237, 1363], [410, 937, 10], [996, 798, 1402],
[464, 18, 753], [629, 884, 1430], [1562, 1457, 1654], [421, 579, 915], [1034, 262, 689], [707, 1630, 231], [648, 1256, 118], [1003, 1042, 1355]]
[[4, 2, 8, 3], [2, 4, 10, 5], [8, 3, 2, 0], [9, 0, 5, 4], [10, 7, 7, 4], [6, 0, 5, 4], [9, 6, 9, 8], [9, 5, 6, 2], [6, 3, 5, 8], [5, 2, 0, 2],
[6, 3, 0, 2], [1, 5, 6, 0], [1, 2, 2, 7], [1, 5, 10, 10], [10, 6, 7, 8], [10, 0, 8, 5], [1, 1, 0, 7], [1, 1, 7, 5], [2, 8, 8, 3], [2, 3, 1, 2],
[4, 2, 7, 3], [7, 4, 0, 4], [0, 5, 1, 8], [5, 10, 2, 4], [9, 0, 0, 10], [10, 8, 5, 1], [3, 2, 2, 3], [3, 2, 5, 7], [4, 0, 8, 9], [4, 8, 1, 2],
[2, 2, 10, 5], [10, 10, 10, 8], [9, 10, 8, 8], [5, 0, 8, 8], [2, 10, 10, 5], [10, 2, 0, 1], [2, 6, 0, 5], [4, 1, 5, 4], [1, 3, 10, 10], [2, 7, 7, 9],
[6, 2, 7, 10], [0, 4, 5, 2], [1, 4, 6, 10], [7, 4, 0, 7], [10, 9, 1, 1], [8, 7, 4, 10], [10, 3, 9, 10], [10, 3, 9, 3], [4, 3, 0, 4], [5, 6, 5, 4],
[10, 9, 3, 4], [2, 4, 1, 10], [2, 2, 1, 0], [7, 5, 8, 4], [6, 4, 4, 3], [5, 0, 4, 7], [1, 5, 1, 6], [0, 4, 10, 8], [2, 3, 0, 4], [5, 1, 3, 7],
[1, 2, 5, 7], [5, 2, 0, 9], [4, 2, 10, 10], [0, 4, 6, 1], [9, 5, 5, 7], [9, 5, 2, 0], [6, 2, 2, 0], [1, 6, 5, 1]]
[1, 1, 0.333333, 0.333333, 0.333333, 0.333333, 0.333333, 0.333333, 0.111111, 0.111111,
0.111111, 0.111111, 0.111111, 0.111111, 0.037037, 0.037037, 0.037037, 0.037037, 0.037037, 0.037037,
0.0123457, 0.0123457, 0.0123457, 0.0123457, 0.0123457, 0.0123457, 0.00411523, 0.00411523, 0.00411523, 0.00411523,
0.00411523, 0.00411523, 0.00137174, 0.00137174, 0.00137174, 0.00137174, 0.00137174, 0.00137174, 0.000457247, 0.000457247,
0.000457247, 0.000457247, 0.000457247, 0.000457247, 0.000152416, 0.000152416, 0.000152416, 0.000152416, 0.000152416, 0.000152416,
5.08053e-05, 5.08053e-05, 5.08053e-05, 5.08053e-05, 5.08053e-05, 5.08053e-05, 1.69351e-05, 1.69351e-05, 1.69351e-05, 1.69351e-05,
1.69351e-05, 1.69351e-05, 5.64503e-06, 5.64503e-06, 5.64503e-06, 5.64503e-06, 5.64503e-06, 5.64503e-06]
[9, 7, 9, 3, 7, 9, 0, 0, 0, 2,
1, 1, 7, 9, 1, 3, 0, 6, 3, 1,
2, 1, 7, 8, 4, 3, 3, 6, 9, 4,
1, 3, 1, 4, 0, 7, 9, 7, 2, 0,
3, 6, 0, 9, 2, 5, 2, 8, 0, 9,
1, 5, 9, 1, 5, 1, 7, 6, 4, 9,
0, 2, 7, 9, 7, 1, 9, 1]
------------------------------------------------------- 
# stage = 12	# children c = 3	length of each stage p = 2	nodes = 67	# items I = 1
