[59, 85, 69, 25, 82, 79, 25, 80, 28, 53,
86, 63, 54, 68, 21, 74, 51, 60, 61, 34,
11, 58, 86, 80, 96, 2, 19, 63, 91, 2,
49, 49, 87, 84, 41, 34, 63, 32, 13, 91,
51, 65, 53, 71, 33, 40, 44, 50, 0, 71,
84, 78, 28, 35, 57, 90, 4, 42, 53, 61,
44, 1, 77, 97, 86, 17, 31, 48, 15, 10,
4, 66, 76, 57, 36, 75, 97, 46, 24, 63]
[[318, 1267, 87], [2184, 1137, 246], [1869, 1301, 1614], [1870, 1155, 110], [346, 1088, 1498], [960, 679, 1067], [1103, 1816, 538], [471, 1962, 711], [1639, 119, 870], [1592, 44, 2059],
[1971, 362, 1080], [2058, 354, 25], [113, 2223, 1326], [1781, 1901, 289], [1892, 55, 1378], [1144, 1016, 2057], [20, 2173, 1681], [558, 452, 1397], [1269, 2091, 1516], [2139, 1491, 1614],
[2006, 1216, 2031], [894, 1083, 139], [973, 1196, 171], [53, 731, 2126], [397, 377, 2182], [1775, 1576, 952], [1640, 1596, 933], [1130, 2154, 1385], [281, 1232, 1230], [1852, 1179, 530],
[1274, 940, 1746], [1059, 1888, 637], [1199, 616, 1833], [1370, 723, 373], [1304, 1120, 804], [1240, 703, 134], [0, 98, 1730], [933, 1228, 1693], [126, 1563, 733], [1357, 1223, 1912],
[1941, 252, 660], [1441, 1311, 303], [2079, 318, 973], [1720, 1742, 1696], [2147, 801, 625], [760, 2041, 1328], [894, 2096, 1480], [433, 783, 516], [2126, 910, 2134], [667, 75, 1111],
[333, 2016, 1417], [1048, 1265, 537], [1351, 1152, 855], [132, 681, 352], [1882, 582, 1207], [315, 1396, 1002], [1698, 45, 906], [932, 532, 1744], [1503, 466, 408], [1391, 1133, 537],
[310, 1466, 361], [1782, 268, 1680], [73, 1673, 641], [982, 1859, 1322], [1388, 1496, 1958], [349, 1811, 1109], [1406, 1263, 1208], [66, 4, 1740], [1810, 1507, 2206], [26, 706, 1093],
[617, 1070, 313], [1032, 606, 636], [467, 679, 117], [1108, 1716, 1977], [238, 858, 1281], [4, 1208, 846], [1113, 368, 2164], [129, 488, 2222], [1869, 53, 1537], [1829, 79, 2243]]
[[4, 1, 7, 6], [7, 0, 5, 2], [7, 4, 7, 9], [7, 7, 5, 8], [1, 10, 2, 3], [9, 5, 3, 9], [6, 9, 6, 7], [3, 7, 2, 5], [7, 8, 1, 3], [8, 6, 5, 4],
[10, 10, 1, 4], [5, 6, 2, 6], [5, 4, 10, 1], [8, 0, 0, 3], [10, 4, 8, 0], [10, 9, 6, 6], [6, 7, 9, 3], [2, 3, 6, 10], [2, 5, 3, 7], [9, 3, 1, 3],
[8, 9, 2, 3], [7, 0, 6, 6], [5, 2, 5, 4], [0, 0, 10, 6], [5, 6, 7, 5], [9, 0, 4, 9], [5, 5, 4, 3], [9, 3, 4, 4], [10, 7, 7, 6], [7, 0, 0, 10],
[2, 5, 1, 2], [3, 9, 6, 6], [4, 3, 0, 2], [3, 2, 10, 7], [7, 3, 10, 3], [4, 4, 7, 3], [0, 1, 9, 5], [0, 9, 5, 2], [1, 4, 3, 4], [3, 7, 10, 7],
[8, 8, 10, 1], [10, 7, 6, 5], [8, 5, 8, 1], [9, 3, 4, 7], [2, 0, 0, 2], [10, 3, 3, 9], [7, 6, 3, 10], [0, 0, 7, 9], [7, 4, 8, 6], [0, 3, 9, 6],
[8, 5, 7, 5], [8, 0, 10, 8], [9, 10, 0, 6], [0, 3, 5, 8], [7, 6, 5, 5], [4, 1, 3, 0], [3, 0, 7, 1], [3, 3, 7, 10], [8, 3, 2, 3], [1, 1, 1, 9],
[10, 10, 4, 10], [0, 9, 5, 5], [4, 0, 10, 9], [10, 3, 9, 1], [3, 3, 2, 5], [7, 8, 2, 2], [9, 4, 6, 9], [5, 5, 7, 2], [4, 0, 2, 4], [10, 5, 9, 1],
[5, 8, 10, 5], [9, 7, 4, 0], [8, 6, 3, 2], [3, 5, 5, 0], [9, 9, 9, 1], [3, 5, 4, 5], [5, 4, 9, 2], [9, 5, 4, 2], [0, 1, 5, 8], [6, 9, 8, 4]]
[1, 1, 1, 1, 1, 0.333333, 0.333333, 0.333333, 0.333333, 0.333333,
0.333333, 0.333333, 0.333333, 0.333333, 0.333333, 0.333333, 0.333333, 0.333333, 0.333333, 0.333333,
0.111111, 0.111111, 0.111111, 0.111111, 0.111111, 0.111111, 0.111111, 0.111111, 0.111111, 0.111111,
0.111111, 0.111111, 0.111111, 0.111111, 0.111111, 0.037037, 0.037037, 0.037037, 0.037037, 0.037037,
0.037037, 0.037037, 0.037037, 0.037037, 0.037037, 0.037037, 0.037037, 0.037037, 0.037037, 0.037037,
0.0123457, 0.0123457, 0.0123457, 0.0123457, 0.0123457, 0.0123457, 0.0123457, 0.0123457, 0.0123457, 0.0123457,
0.0123457, 0.0123457, 0.0123457, 0.0123457, 0.0123457, 0.00411523, 0.00411523, 0.00411523, 0.00411523, 0.00411523,
0.00411523, 0.00411523, 0.00411523, 0.00411523, 0.00411523, 0.00411523, 0.00411523, 0.00411523, 0.00411523, 0.00411523]
[7, 10, 4, 10, 5, 3, 4, 9, 0, 6,
4, 4, 7, 3, 11, 5, 7, 9, 1, 7,
10, 3, 8, 0, 3, 10, 8, 1, 0, 3,
2, 5, 4, 5, 11, 8, 6, 4, 5, 11,
11, 3, 9, 7, 4, 1, 11, 11, 5, 4,
0, 10, 9, 2, 11, 6, 7, 1, 9, 2,
11, 11, 1, 9, 11, 7, 7, 6, 0, 10,
2, 5, 1, 6, 11, 3, 3, 5, 4, 11]
------------------------------------------------------- 
# stage = 6	# children c = 3	length of each stage p = 5	nodes = 79	# items I = 1
