[9, 48, 80, 66, 33, 31, 7, 39, 17, 86,
81, 75, 34, 74, 69, 40, 37, 39, 88, 3,
68, 41, 3, 65, 31, 95, 34, 38, 65, 55,
95, 75, 2, 40, 6, 1, 37, 80, 40, 55,
65, 20, 96, 99, 60, 65, 5, 97, 3, 59,
67, 38]
[[1335, 883, 1570], [1661, 1024, 2115], [1010, 646, 1574], [2019, 137, 969], [110, 120, 1503], [1377, 1882, 1289], [1105, 851, 1442], [798, 1960, 825], [738, 41, 344], [849, 62, 376],
[638, 1398, 1259], [31, 1468, 692], [555, 301, 1339], [2129, 143, 1476], [1507, 839, 1596], [1419, 40, 1887], [532, 1145, 1147], [383, 352, 930], [1208, 1676, 1558], [2138, 934, 1620],
[338, 1573, 1427], [6, 13, 718], [699, 569, 1605], [447, 1107, 158], [1923, 438, 997], [1928, 266, 1037], [47, 1384, 591], [1194, 1767, 944], [534, 799, 1029], [501, 1346, 1964],
[2121, 1684, 1360], [1958, 100, 1959], [1085, 799, 351], [1100, 1832, 2045], [1258, 2164, 892], [78, 1915, 1158], [1702, 371, 366], [702, 1565, 2133], [55, 2099, 1341], [1085, 1009, 511],
[872, 1540, 604], [641, 1321, 704], [423, 815, 2089], [1361, 1915, 1744], [1229, 1582, 1731], [530, 1661, 2055], [1688, 1772, 249], [2054, 297, 224], [420, 353, 732], [1761, 1438, 1742],
[681, 719, 1105], [1286, 1360, 835]]
[[1, 9, 3, 9], [9, 4, 6, 2], [5, 8, 4, 9], [5, 3, 3, 1], [5, 5, 9, 2], [10, 5, 7, 8], [9, 6, 8, 7], [0, 4, 8, 2], [1, 1, 9, 8], [5, 4, 10, 8],
[10, 2, 6, 4], [5, 9, 6, 8], [1, 2, 10, 0], [5, 5, 6, 3], [0, 4, 9, 10], [6, 6, 1, 7], [5, 8, 2, 8], [10, 2, 5, 9], [2, 9, 1, 7], [7, 5, 2, 8],
[5, 2, 7, 0], [5, 2, 1, 5], [4, 10, 4, 0], [4, 3, 7, 7], [9, 8, 3, 8], [10, 6, 5, 1], [5, 6, 6, 10], [9, 6, 6, 3], [8, 2, 3, 0], [2, 5, 6, 7],
[2, 8, 7, 6], [10, 1, 1, 8], [9, 4, 4, 6], [8, 9, 5, 2], [2, 9, 0, 0], [5, 6, 3, 0], [6, 7, 1, 8], [10, 5, 2, 1], [0, 7, 6, 10], [7, 7, 6, 3],
[9, 10, 10, 6], [6, 2, 7, 8], [10, 7, 6, 4], [2, 9, 2, 8], [3, 3, 3, 2], [6, 4, 4, 7], [0, 10, 4, 7], [4, 8, 9, 2], [5, 6, 6, 0], [8, 2, 6, 7],
[9, 1, 9, 0], [0, 1, 6, 1]]
[1, 1, 0.2, 0.2, 0.2, 0.2, 0.2, 0.2, 0.2, 0.2,
0.2, 0.2, 0.04, 0.04, 0.04, 0.04, 0.04, 0.04, 0.04, 0.04,
0.04, 0.04, 0.008, 0.008, 0.008, 0.008, 0.008, 0.008, 0.008, 0.008,
0.008, 0.008, 0.0016, 0.0016, 0.0016, 0.0016, 0.0016, 0.0016, 0.0016, 0.0016,
0.0016, 0.0016, 0.00032, 0.00032, 0.00032, 0.00032, 0.00032, 0.00032, 0.00032, 0.00032,
0.00032, 0.00032]
[2, 11, 7, 21, 6, 12, 0, 9, 20, 9,
1, 11, 16, 14, 11, 2, 16, 19, 4, 4,
13, 6, 0, 15, 6, 8, 20, 19, 11, 15,
7, 12, 4, 0, 3, 17, 19, 5, 10, 14,
20, 21, 18, 8, 6, 6, 16, 12, 1, 5,
14, 19]
------------------------------------------------------- 
# stage = 6	# children c = 5	length of each stage p = 2	nodes = 51	# items I = 1
