[52, 13, 46, 72, 73, 15, 85, 62, 49, 83,
17, 12, 22, 8, 13, 82, 97, 51, 48, 4,
1, 61, 47, 23, 85, 90, 100, 0, 53, 13,
37, 71, 26, 83]
[[1371, 779, 668], [1339, 584, 337], [525, 502, 1144], [397, 332, 1214], [911, 950, 208], [1155, 976, 948], [716, 1304, 493], [726, 1337, 446], [1070, 665, 407], [786, 288, 994],
[1056, 2, 115], [194, 1213, 572], [531, 209, 946], [18, 478, 1150], [1104, 1389, 570], [1312, 886, 16], [602, 73, 1320], [1095, 671, 1000], [1413, 211, 135], [290, 869, 296],
[1156, 267, 298], [1144, 334, 1511], [186, 865, 62], [1132, 755, 540], [753, 329, 272], [1195, 1513, 1030], [1084, 585, 1103], [874, 22, 117], [216, 1435, 200], [224, 195, 1070],
[520, 1224, 1209], [690, 838, 13], [671, 896, 751], [606, 370, 1506]]
[[2, 8, 7, 6], [2, 5, 4, 4], [4, 2, 9, 9], [7, 8, 5, 9], [5, 1, 10, 8], [7, 9, 6, 3], [0, 10, 0, 8], [3, 6, 0, 3], [3, 5, 9, 6], [10, 0, 10, 2],
[2, 8, 0, 10], [3, 4, 8, 9], [5, 5, 4, 0], [3, 9, 3, 1], [8, 3, 8, 9], [9, 8, 2, 2], [2, 9, 6, 0], [10, 5, 2, 1], [0, 0, 9, 4], [2, 4, 0, 6],
[10, 2, 6, 0], [0, 9, 2, 6], [1, 10, 5, 0], [5, 5, 0, 5], [1, 6, 3, 0], [0, 3, 0, 9], [2, 7, 0, 4], [1, 9, 8, 9], [1, 3, 9, 10], [10, 9, 6, 1],
[8, 9, 10, 0], [1, 10, 6, 2], [3, 7, 3, 1], [0, 1, 10, 2]]
[1, 0.333333, 0.333333, 0.333333, 0.111111, 0.111111, 0.111111, 0.037037, 0.037037, 0.037037,
0.0123457, 0.0123457, 0.0123457, 0.00411523, 0.00411523, 0.00411523, 0.00137174, 0.00137174, 0.00137174, 0.000457247,
0.000457247, 0.000457247, 0.000152416, 0.000152416, 0.000152416, 5.08053e-05, 5.08053e-05, 5.08053e-05, 1.69351e-05, 1.69351e-05,
1.69351e-05, 5.64503e-06, 5.64503e-06, 5.64503e-06]
[1, 4, 5, 7, 4, 1, 0, 4, 0, 6,
3, 6, 7, 4, 1, 2, 2, 3, 1, 5,
6, 5, 3, 6, 7, 6, 6, 0, 5, 5,
2, 1, 5, 5]
------------------------------------------------------- 
# stage = 12	# children c = 3	length of each stage p = 1	nodes = 33	# items I = 1
