[23, 77, 44, 88, 48, 44, 74, 33, 82, 80,
18, 27, 5, 36, 57, 20, 62, 31, 70, 0,
80, 45, 43, 77, 86, 86, 15, 63, 17, 24,
63, 6, 0, 6, 95, 14, 51, 68, 14, 99,
13, 32, 25, 19, 34, 48, 39, 63, 45, 75,
63, 24, 19, 72, 1, 71, 57, 83, 33, 41,
6, 96, 47, 73, 69, 7, 88, 19, 42, 68,
84, 55, 100, 76, 74, 33, 23, 79, 96, 69,
53, 24, 93, 38, 97, 60, 8, 19, 42, 42,
60, 48, 3, 74, 88, 72, 81, 75, 57, 89,
42, 41]
[[336, 134, 568], [958, 649, 317], [769, 540, 804], [930, 601, 178], [798, 365, 492], [930, 390, 400], [63, 214, 212], [894, 141, 780], [708, 614, 494], [518, 211, 530],
[307, 115, 665], [443, 641, 882], [760, 392, 405], [114, 890, 1006], [293, 670, 939], [353, 150, 897], [753, 800, 94], [533, 676, 235], [296, 366, 417], [790, 452, 196],
[888, 327, 311], [535, 770, 952], [400, 81, 912], [373, 195, 785], [947, 488, 5], [869, 409, 742], [748, 145, 524], [410, 678, 182], [214, 542, 117], [199, 900, 137],
[396, 771, 465], [275, 874, 803], [210, 256, 884], [690, 197, 648], [25, 127, 704], [617, 564, 96], [341, 294, 827], [433, 273, 55], [183, 487, 598], [300, 686, 48],
[6, 650, 819], [471, 926, 676], [256, 704, 500], [709, 376, 698], [339, 988, 393], [611, 587, 957], [707, 496, 819], [84, 929, 74], [140, 94, 129], [738, 981, 816],
[786, 987, 16], [156, 8, 942], [400, 264, 628], [900, 541, 573], [148, 448, 543], [541, 42, 112], [480, 317, 176], [282, 402, 87], [942, 542, 767], [54, 848, 298],
[438, 184, 267], [454, 926, 861], [379, 308, 694], [575, 191, 217], [130, 925, 666], [241, 449, 276], [939, 497, 593], [97, 779, 563], [184, 272, 87], [952, 326, 503],
[232, 764, 688], [68, 786, 164], [497, 733, 473], [173, 291, 232], [391, 1007, 139], [625, 231, 588], [469, 152, 68], [44, 250, 415], [176, 2, 687], [263, 522, 581],
[335, 323, 913], [591, 391, 682], [755, 456, 397], [210, 630, 256], [442, 589, 246], [582, 782, 477], [152, 233, 197], [806, 863, 447], [790, 21, 450], [27, 871, 972],
[609, 188, 277], [72, 779, 236], [754, 516, 261], [720, 295, 891], [976, 737, 462], [790, 887, 226], [249, 608, 27], [15, 396, 890], [462, 754, 912], [480, 782, 765],
[3, 959, 521], [866, 13, 282]]
[[7, 10, 6, 10], [9, 2, 7, 7], [4, 0, 8, 10], [8, 10, 6, 4], [4, 2, 5, 6], [4, 9, 1, 1], [6, 9, 6, 4], [0, 6, 5, 7], [5, 0, 5, 2], [0, 10, 9, 5],
[10, 4, 2, 5], [4, 8, 10, 6], [8, 2, 1, 2], [9, 3, 1, 5], [1, 6, 9, 10], [1, 1, 7, 5], [10, 10, 7, 10], [9, 3, 4, 8], [7, 6, 3, 9], [4, 0, 4, 1],
[0, 6, 1, 10], [7, 1, 4, 8], [7, 0, 5, 8], [1, 1, 0, 0], [9, 5, 10, 7], [8, 2, 3, 5], [8, 6, 3, 10], [4, 6, 10, 4], [1, 9, 1, 8], [10, 5, 3, 4],
[3, 8, 2, 4], [8, 0, 2, 6], [6, 0, 3, 3], [2, 4, 6, 8], [8, 10, 6, 1], [5, 5, 3, 4], [1, 3, 10, 1], [8, 2, 5, 10], [8, 5, 1, 5], [4, 4, 10, 10],
[2, 0, 0, 4], [4, 7, 10, 1], [4, 5, 0, 7], [8, 3, 0, 10], [6, 8, 0, 2], [8, 3, 10, 5], [7, 0, 9, 0], [4, 8, 8, 6], [8, 8, 8, 10], [4, 8, 0, 6],
[0, 0, 2, 9], [1, 0, 8, 6], [8, 6, 6, 5], [7, 5, 9, 3], [5, 7, 1, 10], [4, 9, 3, 10], [7, 10, 9, 9], [5, 7, 5, 5], [7, 5, 3, 6], [6, 9, 1, 3],
[2, 7, 7, 10], [10, 5, 0, 5], [10, 0, 2, 3], [9, 3, 0, 3], [2, 7, 0, 7], [3, 5, 0, 10], [10, 1, 3, 3], [0, 5, 5, 0], [10, 1, 10, 10], [4, 9, 2, 3],
[9, 2, 4, 5], [5, 4, 9, 6], [0, 9, 0, 1], [1, 0, 0, 9], [2, 3, 2, 0], [6, 7, 0, 4], [6, 9, 1, 10], [7, 3, 0, 3], [3, 4, 8, 6], [6, 6, 1, 4],
[2, 2, 5, 3], [2, 3, 2, 2], [4, 2, 2, 0], [9, 3, 4, 2], [1, 3, 10, 6], [4, 10, 9, 7], [1, 6, 2, 7], [0, 4, 0, 2], [4, 3, 4, 4], [6, 4, 7, 10],
[6, 9, 8, 2], [10, 10, 4, 0], [2, 3, 6, 6], [0, 2, 2, 1], [9, 3, 6, 7], [5, 6, 9, 9], [7, 2, 2, 2], [4, 7, 10, 10], [6, 6, 1, 5], [5, 3, 4, 6],
[4, 8, 1, 4], [0, 2, 3, 7]]
[1, 1, 1, 0.333333, 0.333333, 0.333333, 0.333333, 0.333333, 0.333333, 0.333333,
0.333333, 0.333333, 0.111111, 0.111111, 0.111111, 0.111111, 0.111111, 0.111111, 0.111111, 0.111111,
0.111111, 0.037037, 0.037037, 0.037037, 0.037037, 0.037037, 0.037037, 0.037037, 0.037037, 0.037037,
0.0123457, 0.0123457, 0.0123457, 0.0123457, 0.0123457, 0.0123457, 0.0123457, 0.0123457, 0.0123457, 0.00411523,
0.00411523, 0.00411523, 0.00411523, 0.00411523, 0.00411523, 0.00411523, 0.00411523, 0.00411523, 0.00137174, 0.00137174,
0.00137174, 0.00137174, 0.00137174, 0.00137174, 0.00137174, 0.00137174, 0.00137174, 0.000457247, 0.000457247, 0.000457247,
0.000457247, 0.000457247, 0.000457247, 0.000457247, 0.000457247, 0.000457247, 0.000152416, 0.000152416, 0.000152416, 0.000152416,
0.000152416, 0.000152416, 0.000152416, 0.000152416, 0.000152416, 5.08053e-05, 5.08053e-05, 5.08053e-05, 5.08053e-05, 5.08053e-05,
5.08053e-05, 5.08053e-05, 5.08053e-05, 5.08053e-05, 1.69351e-05, 1.69351e-05, 1.69351e-05, 1.69351e-05, 1.69351e-05, 1.69351e-05,
1.69351e-05, 1.69351e-05, 1.69351e-05, 5.64503e-06, 5.64503e-06, 5.64503e-06, 5.64503e-06, 5.64503e-06, 5.64503e-06, 5.64503e-06,
5.64503e-06, 5.64503e-06]
[4, 9, 9, 4, 3, 6, 13, 17, 19, 19,
9, 12, 6, 9, 0, 16, 2, 7, 19, 1,
14, 9, 14, 5, 19, 14, 2, 9, 9, 13,
0, 11, 10, 12, 4, 5, 19, 1, 17, 2,
8, 1, 18, 16, 6, 15, 13, 7, 0, 9,
8, 17, 4, 17, 0, 15, 11, 16, 1, 14,
14, 11, 9, 8, 13, 8, 7, 4, 19, 11,
19, 4, 17, 16, 6, 3, 14, 7, 8, 8,
9, 19, 18, 6, 1, 14, 20, 5, 15, 11,
7, 1, 4, 20, 0, 8, 2, 3, 7, 14,
3, 4]
------------------------------------------------------- 
# stage = 12	# children c = 3	length of each stage p = 3	nodes = 101	# items I = 1
