[48, 43, 2, 16, 66, 88, 26, 36, 83, 4,
58, 96, 50, 6, 49, 38, 48, 48, 69, 61,
17, 24, 70, 96, 15, 67, 72, 75, 92, 66,
64, 6, 8, 66]
[[677, 693, 568], [310, 637, 498], [138, 48, 266], [889, 458, 442], [699, 245, 773], [587, 206, 397], [335, 128, 977], [91, 483, 958], [365, 425, 953], [436, 144, 964],
[363, 223, 652], [333, 533, 283], [233, 73, 740], [499, 963, 192], [343, 656, 845], [111, 645, 45], [916, 383, 582], [887, 474, 467], [840, 242, 892], [787, 678, 438],
[147, 443, 662], [201, 776, 597], [893, 412, 671], [627, 313, 628], [221, 657, 686], [61, 170, 326], [514, 80, 111], [498, 370, 993], [965, 204, 229], [253, 393, 907],
[692, 540, 344], [348, 144, 523], [945, 31, 935], [610, 658, 242]]
[[2, 5, 10, 10], [6, 6, 10, 2], [5, 10, 3, 10], [5, 6, 8, 9], [8, 6, 10, 0], [1, 10, 9, 3], [0, 6, 3, 2], [0, 3, 1, 1], [9, 10, 0, 2], [5, 9, 4, 10],
[6, 6, 7, 1], [1, 3, 8, 9], [9, 7, 7, 8], [6, 3, 0, 5], [7, 1, 7, 6], [5, 6, 7, 1], [3, 5, 3, 8], [1, 6, 5, 8], [1, 0, 7, 2], [3, 4, 9, 10],
[1, 3, 7, 5], [6, 6, 10, 0], [7, 4, 6, 1], [9, 0, 2, 1], [6, 4, 8, 5], [10, 0, 2, 9], [0, 7, 9, 1], [10, 5, 0, 9], [8, 6, 1, 1], [1, 1, 1, 8],
[3, 8, 8, 10], [8, 8, 1, 1], [10, 9, 7, 7], [9, 7, 5, 8]]
[1, 0.333333, 0.333333, 0.333333, 0.111111, 0.111111, 0.111111, 0.037037, 0.037037, 0.037037,
0.0123457, 0.0123457, 0.0123457, 0.00411523, 0.00411523, 0.00411523, 0.00137174, 0.00137174, 0.00137174, 0.000457247,
0.000457247, 0.000457247, 0.000152416, 0.000152416, 0.000152416, 5.08053e-05, 5.08053e-05, 5.08053e-05, 1.69351e-05, 1.69351e-05,
1.69351e-05, 5.64503e-06, 5.64503e-06, 5.64503e-06]
[4, 4, 3, 3, 6, 1, 6, 4, 2, 0,
10, 7, 5, 7, 5, 5, 4, 7, 5, 1,
7, 7, 6, 1, 0, 9, 10, 8, 5, 6,
5, 5, 7, 4]
------------------------------------------------------- 
# stage = 12	# children c = 3	length of each stage p = 1	nodes = 33	# items I = 1
