[84, 71, 34, 61, 54, 19, 35, 63, 39, 47,
1, 11, 14, 94, 0, 15, 0, 36, 80, 50,
12, 0, 53]
[[545, 418, 382], [122, 293, 847], [845, 467, 528], [349, 861, 119], [135, 181, 502], [43, 867, 74], [730, 673, 746], [676, 112, 850], [796, 822, 899], [221, 789, 246],
[565, 429, 566], [43, 551, 761], [792, 394, 324], [415, 743, 182], [436, 780, 265], [33, 726, 228], [10, 551, 803], [756, 224, 817], [603, 115, 734], [597, 238, 520],
[745, 804, 45], [308, 749, 498], [164, 636, 794]]
[[6, 9, 7, 1], [2, 1, 9, 8], [0, 0, 9, 2], [2, 3, 8, 1], [0, 3, 9, 0], [7, 4, 2, 2], [9, 9, 5, 0], [4, 6, 8, 10], [2, 2, 0, 2], [2, 7, 0, 2],
[7, 9, 2, 10], [1, 9, 9, 10], [1, 7, 9, 6], [9, 9, 8, 7], [8, 1, 6, 10], [7, 3, 7, 7], [3, 7, 9, 5], [4, 9, 6, 9], [7, 8, 6, 7], [4, 5, 6, 3],
[10, 4, 10, 9], [3, 5, 3, 9], [6, 9, 8, 0]]
[1, 0.5, 0.5, 0.25, 0.25, 0.125, 0.125, 0.0625, 0.0625, 0.03125,
0.03125, 0.015625, 0.015625, 0.0078125, 0.0078125, 0.00390625, 0.00390625, 0.00195312, 0.00195312, 0.000976562,
0.000976562, 0.000488281, 0.000488281]
[8, 2, 7, 5, 8, 4, 1, 0, 1, 3,
5, 5, 1, 7, 2, 3, 4, 3, 6, 5,
9, 4, 7]
------------------------------------------------------- 
# stage = 12	# children c = 2	length of each stage p = 1	nodes = 22	# items I = 1
