[17, 28, 13, 53, 40, 28, 23, 13, 16, 26,
93, 47, 25, 92, 47, 97, 82, 72, 58, 38,
42, 22, 91]
[[1119, 573, 131], [378, 519, 244], [46, 999, 186], [618, 310, 587], [1069, 582, 430], [1076, 502, 510], [936, 782, 1106], [73, 205, 415], [659, 217, 396], [1126, 63, 428],
[767, 937, 1002], [653, 158, 119], [897, 1117, 1119], [839, 333, 27], [24, 245, 364], [209, 164, 621], [720, 1101, 1], [669, 929, 206], [839, 432, 179], [990, 401, 242],
[261, 923, 22], [1018, 419, 1092], [1138, 1072, 1052]]
[[2, 10, 2, 1], [9, 5, 2, 0], [7, 9, 8, 1], [10, 0, 6, 5], [8, 4, 10, 3], [3, 8, 7, 7], [8, 0, 7, 7], [1, 0, 1, 1], [0, 4, 1, 9], [9, 1, 7, 4],
[10, 4, 5, 9], [5, 9, 4, 0], [2, 1, 3, 3], [8, 10, 0, 3], [9, 7, 10, 10], [5, 9, 10, 3], [2, 9, 10, 10], [10, 7, 1, 9], [9, 4, 8, 1], [3, 10, 2, 3],
[9, 5, 7, 6], [3, 7, 9, 1], [1, 6, 9, 4]]
[1, 0.5, 0.5, 0.25, 0.25, 0.125, 0.125, 0.0625, 0.0625, 0.03125,
0.03125, 0.015625, 0.015625, 0.0078125, 0.0078125, 0.00390625, 0.00390625, 0.00195312, 0.00195312, 0.000976562,
0.000976562, 0.000488281, 0.000488281]
[11, 6, 11, 2, 3, 0, 5, 10, 7, 10,
9, 2, 4, 10, 8, 3, 9, 5, 4, 4,
4, 10, 9]
------------------------------------------------------- 
# stage = 12	# children c = 2	length of each stage p = 1	nodes = 22	# items I = 1
