[97, 98, 85, 30, 56, 14, 76, 56, 54, 70,
88, 83, 81, 32, 93, 42, 61, 3, 46, 93,
59, 16, 39, 51, 91, 100, 0, 30, 43, 1,
53, 6]
[[2018, 154, 346], [2386, 2159, 147], [592, 338, 322], [2355, 25, 607], [97, 524, 1532], [1825, 1087, 1580], [1326, 2517, 1704], [491, 2493, 1790], [532, 1217, 2063], [284, 385, 214],
[1795, 2404, 369], [2141, 1620, 1896], [1657, 1581, 2234], [1979, 1398, 1627], [1955, 864, 2151], [317, 151, 700], [1265, 845, 48], [431, 1337, 3], [1589, 1237, 588], [482, 1521, 341],
[697, 778, 207], [434, 2288, 1196], [2330, 775, 239], [1394, 2122, 1005], [484, 1539, 1869], [97, 1856, 1388], [166, 583, 2234], [214, 382, 1033], [2123, 1972, 2270], [2079, 2454, 621],
[2420, 2519, 768], [1996, 2321, 518]]
[[9, 8, 1, 7], [7, 3, 0, 10], [8, 2, 1, 4], [8, 9, 3, 8], [3, 0, 6, 7], [7, 5, 1, 7], [6, 3, 8, 8], [7, 2, 10, 3], [10, 9, 10, 6], [0, 9, 5, 8],
[9, 5, 10, 6], [3, 3, 1, 6], [1, 7, 2, 6], [2, 3, 2, 6], [4, 8, 3, 10], [10, 0, 2, 8], [8, 0, 1, 8], [9, 5, 3, 5], [10, 3, 0, 2], [4, 10, 6, 5],
[6, 6, 1, 6], [8, 1, 2, 1], [8, 5, 9, 5], [4, 10, 0, 1], [10, 2, 7, 6], [7, 10, 0, 4], [2, 9, 4, 6], [8, 10, 10, 1], [5, 9, 8, 2], [10, 10, 2, 5],
[2, 9, 9, 6], [8, 9, 5, 5]]
[1, 1, 0.333333, 0.333333, 0.333333, 0.333333, 0.333333, 0.333333, 0.111111, 0.111111,
0.111111, 0.111111, 0.111111, 0.111111, 0.037037, 0.037037, 0.037037, 0.037037, 0.037037, 0.037037,
0.0123457, 0.0123457, 0.0123457, 0.0123457, 0.0123457, 0.0123457, 0.00411523, 0.00411523, 0.00411523, 0.00411523,
0.00411523, 0.00411523]
[6, 7, 9, 2, 4, 10, 8, 5, 9, 10,
2, 6, 0, 11, 6, 6, 11, 1, 12, 4,
4, 8, 3, 10, 11, 7, 10, 3, 0, 12,
9, 10]
------------------------------------------------------- 
# stage = 6	# children c = 3	length of each stage p = 2	nodes = 31	# items I = 1
