[41, 54, 32, 19, 48, 90, 56, 72, 51, 25,
11, 62, 3, 95, 4, 84, 9, 1, 3, 33,
3, 96, 66]
[[322, 139, 1146], [1000, 1040, 258], [42, 1108, 760], [1009, 886, 816], [468, 336, 1097], [998, 808, 458], [335, 402, 1083], [507, 1077, 107], [735, 478, 73], [1042, 368, 1036],
[987, 282, 767], [986, 134, 660], [836, 176, 212], [449, 777, 690], [857, 837, 1026], [807, 687, 686], [857, 615, 680], [793, 714, 202], [492, 301, 680], [566, 936, 640],
[46, 775, 922], [813, 205, 648], [1065, 1042, 416]]
[[10, 8, 5, 3], [1, 4, 9, 8], [4, 10, 3, 0], [8, 5, 10, 7], [2, 5, 7, 5], [8, 5, 0, 1], [4, 9, 1, 8], [5, 3, 3, 2], [10, 7, 4, 0], [9, 0, 9, 2],
[10, 10, 2, 8], [4, 10, 2, 4], [2, 10, 9, 0], [4, 7, 1, 6], [3, 3, 1, 6], [4, 5, 7, 3], [10, 0, 2, 8], [0, 9, 8, 0], [8, 8, 6, 10], [7, 8, 3, 10],
[5, 10, 8, 7], [4, 9, 2, 7], [10, 2, 0, 4]]
[1, 0.5, 0.5, 0.25, 0.25, 0.125, 0.125, 0.0625, 0.0625, 0.03125,
0.03125, 0.015625, 0.015625, 0.0078125, 0.0078125, 0.00390625, 0.00390625, 0.00195312, 0.00195312, 0.000976562,
0.000976562, 0.000488281, 0.000488281]
[3, 5, 12, 12, 8, 15, 19, 12, 6, 7,
13, 7, 5, 10, 15, 7, 3, 12, 20, 11,
21, 22, 9]
------------------------------------------------------- 
# stage = 12	# children c = 2	length of each stage p = 1	nodes = 22	# items I = 1
