[82, 20, 58, 74, 15, 76, 80, 28, 33, 95,
21, 43, 55, 0, 77, 75, 40, 73, 78, 50,
34, 64, 5, 21, 68, 32, 33, 51, 76, 88,
77, 23, 74, 35, 98, 55, 77, 43, 83, 76,
38, 4, 18, 93, 71, 61, 34, 11, 33, 78,
27, 67, 42, 32, 54, 9, 64, 88, 27, 5,
41, 3, 29, 14, 4, 26, 69, 48, 69, 51,
23, 73, 21, 8, 32, 93, 69, 66, 70, 69,
9, 97, 35, 51, 96, 90, 27, 25, 43, 54,
31, 50, 57, 60, 64, 28, 52, 32, 76, 20,
49, 65, 94, 71, 73, 92, 63, 8, 23, 32,
77, 32, 28, 78, 84, 90, 33, 10, 15, 42,
30, 46, 92, 53, 72, 21, 81, 23, 53, 22,
43, 2, 54, 2, 73, 93, 60, 1, 0, 83,
33, 43, 15, 27, 88, 65, 17, 87, 41, 32,
29, 71, 44, 87, 23, 15, 8, 71, 38, 27,
59, 47, 29, 12, 16, 68, 5, 76, 69, 72,
59, 68, 82, 40, 62, 69, 4, 45, 55, 45]
[[271, 494, 2067], [1684, 1481, 365], [1153, 556, 1767], [515, 903, 365], [464, 540, 375], [781, 996, 952], [487, 1607, 1752], [1308, 431, 966], [1187, 849, 1062], [86, 1157, 699],
[1547, 1429, 106], [408, 2025, 1587], [774, 2090, 1056], [1453, 488, 1959], [730, 952, 1412], [18, 1733, 1320], [970, 1132, 809], [1635, 323, 153], [1513, 1510, 1002], [457, 1596, 41],
[1157, 2055, 382], [175, 346, 1320], [1762, 32, 1292], [700, 1485, 1780], [1572, 1127, 1644], [1896, 1145, 1259], [10, 1028, 1304], [819, 545, 1627], [2002, 2058, 2049], [886, 1427, 439],
[1958, 1496, 377], [1252, 1671, 1753], [1484, 228, 1785], [1689, 1958, 64], [263, 324, 1191], [1908, 102, 219], [2079, 1142, 1247], [1265, 1962, 1792], [1804, 1846, 644], [647, 1645, 2071],
[1087, 397, 362], [376, 561, 2033], [11, 2046, 1173], [1796, 529, 1014], [772, 792, 1338], [1963, 1612, 353], [64, 1574, 1495], [223, 1751, 251], [927, 350, 1010], [1571, 997, 1567],
[437, 996, 876], [799, 1372, 1437], [1744, 295, 277], [800, 1003, 806], [726, 1775, 1599], [976, 1621, 1093], [241, 597, 1579], [649, 1851, 125], [900, 660, 475], [822, 1144, 1472],
[1301, 1581, 351], [59, 1292, 635], [1497, 1948, 931], [686, 1660, 846], [1493, 268, 504], [2004, 157, 1037], [979, 398, 546], [1471, 1047, 279], [1596, 860, 940], [2071, 1682, 2084],
[337, 1896, 459], [1718, 1955, 663], [1266, 246, 493], [79, 933, 1066], [1955, 308, 246], [341, 194, 403], [290, 85, 802], [1867, 468, 761], [28, 2064, 1621], [1998, 929, 98],
[876, 1267, 1994], [1335, 1897, 1831], [910, 1045, 2078], [316, 36, 893], [1382, 1992, 113], [1628, 1245, 1337], [2032, 448, 334], [1746, 197, 803], [389, 1255, 749], [923, 1136, 591],
[1021, 2012, 770], [1927, 142, 549], [1640, 2082, 1595], [512, 280, 543], [317, 574, 417], [1460, 85, 575], [679, 1029, 1023], [1014, 1687, 1220], [729, 988, 357], [1478, 1911, 405],
[981, 1844, 1330], [1751, 1653, 1472], [1213, 88, 348], [690, 1630, 629], [145, 860, 1203], [563, 202, 200], [50, 1912, 141], [1073, 1838, 1828], [175, 449, 1729], [1562, 839, 1522],
[1968, 1821, 161], [1180, 1454, 726], [1564, 1579, 1844], [1912, 1181, 1357], [1453, 1327, 1129], [1569, 802, 243], [1769, 852, 37], [823, 1925, 1875], [533, 1012, 206], [1174, 1486, 1046],
[579, 248, 749], [1770, 340, 1115], [1408, 1904, 577], [1135, 611, 1758], [1404, 976, 1997], [415, 427, 681], [658, 1109, 1533], [1726, 1932, 252], [1483, 1377, 1264], [602, 434, 633],
[1648, 2043, 881], [1309, 1695, 1222], [1336, 2015, 2038], [825, 1032, 1561], [1496, 318, 1450], [1375, 1763, 789], [2057, 1334, 1898], [384, 942, 624], [637, 1337, 2002], [813, 1939, 318],
[1446, 1469, 1273], [1240, 1690, 1880], [1374, 1939, 1777], [206, 646, 692], [680, 24, 2040], [12, 312, 1686], [801, 1281, 1932], [1612, 1665, 756], [118, 1214, 2093], [2, 2028, 1915],
[1350, 268, 178], [1535, 420, 781], [1297, 706, 602], [957, 913, 1248], [561, 505, 185], [483, 517, 1527], [1081, 230, 690], [895, 754, 1267], [563, 873, 1394], [1569, 1905, 1304],
[1366, 50, 484], [456, 1585, 905], [1237, 1795, 1611], [751, 634, 1436], [2000, 107, 1941], [1097, 1620, 1370], [506, 584, 513], [108, 391, 1267], [1375, 1985, 22], [1681, 1436, 840],
[867, 1714, 890], [264, 52, 1387], [1169, 202, 1064], [1692, 953, 1698], [2041, 1865, 717], [776, 844, 220], [1059, 262, 1834], [1572, 370, 1137], [1751, 658, 1004], [686, 221, 322]]
[[4, 1, 7, 3], [5, 1, 3, 8], [5, 2, 4, 8], [10, 8, 1, 7], [6, 6, 7, 1], [1, 1, 4, 3], [10, 9, 1, 4], [6, 1, 0, 8], [3, 7, 0, 6], [6, 3, 3, 1],
[3, 5, 7, 3], [0, 8, 8, 7], [4, 2, 8, 3], [3, 10, 4, 0], [9, 5, 2, 4], [6, 2, 2, 7], [7, 2, 0, 3], [4, 1, 2, 7], [7, 9, 8, 7], [6, 6, 3, 8],
[8, 9, 0, 10], [9, 4, 8, 7], [7, 9, 0, 1], [0, 2, 8, 6], [3, 9, 7, 7], [10, 9, 1, 4], [7, 10, 10, 0], [3, 0, 9, 9], [10, 7, 6, 8], [1, 2, 4, 6],
[0, 2, 7, 9], [3, 3, 4, 6], [10, 0, 0, 7], [9, 1, 1, 5], [9, 9, 4, 10], [9, 2, 7, 8], [9, 2, 3, 8], [2, 7, 4, 2], [8, 9, 1, 0], [1, 3, 4, 9],
[4, 4, 6, 0], [3, 5, 4, 0], [3, 8, 10, 1], [10, 6, 8, 6], [7, 0, 4, 9], [6, 6, 10, 3], [2, 0, 1, 4], [3, 5, 0, 5], [7, 6, 6, 10], [9, 8, 10, 1],
[5, 8, 1, 2], [1, 9, 8, 6], [9, 10, 5, 2], [5, 2, 5, 8], [2, 6, 10, 3], [9, 10, 7, 5], [4, 0, 3, 2], [8, 0, 2, 2], [8, 3, 2, 8], [10, 10, 3, 6],
[8, 8, 9, 0], [8, 3, 8, 10], [8, 5, 1, 6], [3, 6, 1, 5], [6, 2, 7, 1], [2, 7, 1, 0], [10, 3, 8, 9], [0, 9, 5, 8], [5, 3, 9, 2], [4, 4, 0, 1],
[8, 1, 6, 0], [5, 5, 3, 0], [7, 10, 10, 9], [5, 0, 7, 4], [3, 2, 1, 3], [1, 4, 1, 6], [7, 8, 8, 9], [1, 6, 9, 9], [5, 4, 7, 10], [7, 10, 8, 3],
[8, 7, 10, 2], [7, 7, 6, 8], [7, 5, 1, 6], [9, 0, 1, 3], [8, 8, 2, 7], [3, 0, 6, 7], [2, 2, 6, 9], [2, 4, 10, 10], [9, 9, 1, 4], [3, 5, 1, 0],
[0, 0, 4, 9], [9, 4, 0, 6], [1, 2, 1, 2], [0, 7, 9, 0], [9, 3, 9, 9], [5, 6, 8, 3], [4, 7, 7, 6], [2, 7, 4, 0], [7, 8, 7, 6], [1, 7, 10, 0],
[7, 0, 1, 7], [5, 8, 5, 2], [0, 1, 0, 5], [7, 7, 7, 10], [3, 1, 5, 3], [8, 9, 1, 3], [6, 9, 7, 6], [5, 4, 6, 2], [3, 7, 7, 8], [5, 2, 10, 5],
[3, 0, 9, 9], [7, 3, 8, 8], [4, 2, 10, 0], [9, 0, 1, 4], [7, 8, 10, 2], [10, 4, 2, 2], [0, 7, 0, 3], [7, 10, 7, 0], [8, 5, 7, 2], [6, 4, 9, 10],
[4, 8, 8, 2], [6, 9, 4, 3], [4, 2, 3, 4], [6, 3, 6, 4], [10, 4, 8, 7], [4, 4, 5, 10], [7, 1, 0, 2], [3, 9, 10, 7], [4, 6, 9, 10], [4, 0, 0, 7],
[2, 1, 0, 6], [4, 4, 0, 4], [9, 8, 9, 0], [10, 1, 10, 6], [2, 10, 6, 5], [6, 5, 10, 10], [0, 6, 8, 3], [6, 8, 10, 7], [10, 8, 2, 3], [1, 2, 5, 8],
[8, 1, 8, 7], [2, 6, 0, 4], [3, 6, 7, 10], [1, 4, 7, 10], [10, 4, 2, 4], [2, 10, 0, 10], [7, 2, 0, 7], [3, 6, 4, 0], [5, 0, 6, 8], [4, 6, 10, 7],
[2, 5, 4, 1], [9, 1, 0, 7], [5, 1, 0, 5], [9, 0, 4, 6], [0, 3, 0, 3], [9, 2, 2, 1], [2, 8, 9, 4], [1, 9, 1, 1], [3, 3, 2, 10], [4, 1, 6, 8],
[0, 4, 2, 9], [4, 5, 2, 3], [8, 2, 6, 4], [5, 6, 5, 5], [3, 2, 8, 5], [0, 9, 4, 1], [10, 7, 0, 4], [6, 5, 10, 6], [9, 1, 4, 1], [4, 7, 4, 10],
[7, 8, 3, 10], [4, 7, 3, 5], [9, 0, 8, 7], [7, 2, 6, 6], [7, 4, 10, 2], [9, 7, 6, 6], [9, 10, 7, 0], [4, 9, 0, 10], [4, 1, 9, 6], [6, 1, 1, 2]]
[1, 1, 1, 1, 1, 0.2, 0.2, 0.2, 0.2, 0.2,
0.2, 0.2, 0.2, 0.2, 0.2, 0.2, 0.2, 0.2, 0.2, 0.2,
0.2, 0.2, 0.2, 0.2, 0.2, 0.2, 0.2, 0.2, 0.2, 0.2,
0.04, 0.04, 0.04, 0.04, 0.04, 0.04, 0.04, 0.04, 0.04, 0.04,
0.04, 0.04, 0.04, 0.04, 0.04, 0.04, 0.04, 0.04, 0.04, 0.04,
0.04, 0.04, 0.04, 0.04, 0.04, 0.008, 0.008, 0.008, 0.008, 0.008,
0.008, 0.008, 0.008, 0.008, 0.008, 0.008, 0.008, 0.008, 0.008, 0.008,
0.008, 0.008, 0.008, 0.008, 0.008, 0.008, 0.008, 0.008, 0.008, 0.008,
0.0016, 0.0016, 0.0016, 0.0016, 0.0016, 0.0016, 0.0016, 0.0016, 0.0016, 0.0016,
0.0016, 0.0016, 0.0016, 0.0016, 0.0016, 0.0016, 0.0016, 0.0016, 0.0016, 0.0016,
0.0016, 0.0016, 0.0016, 0.0016, 0.0016, 0.00032, 0.00032, 0.00032, 0.00032, 0.00032,
0.00032, 0.00032, 0.00032, 0.00032, 0.00032, 0.00032, 0.00032, 0.00032, 0.00032, 0.00032,
0.00032, 0.00032, 0.00032, 0.00032, 0.00032, 0.00032, 0.00032, 0.00032, 0.00032, 0.00032,
6.4e-05, 6.4e-05, 6.4e-05, 6.4e-05, 6.4e-05, 6.4e-05, 6.4e-05, 6.4e-05, 6.4e-05, 6.4e-05,
6.4e-05, 6.4e-05, 6.4e-05, 6.4e-05, 6.4e-05, 6.4e-05, 6.4e-05, 6.4e-05, 6.4e-05, 6.4e-05,
6.4e-05, 6.4e-05, 6.4e-05, 6.4e-05, 6.4e-05, 1.28e-05, 1.28e-05, 1.28e-05, 1.28e-05, 1.28e-05,
1.28e-05, 1.28e-05, 1.28e-05, 1.28e-05, 1.28e-05, 1.28e-05, 1.28e-05, 1.28e-05, 1.28e-05, 1.28e-05,
1.28e-05, 1.28e-05, 1.28e-05, 1.28e-05, 1.28e-05, 1.28e-05, 1.28e-05, 1.28e-05, 1.28e-05, 1.28e-05]
[13, 4, 19, 12, 10, 8, 1, 16, 18, 11,
6, 3, 4, 20, 7, 12, 11, 9, 16, 21,
19, 16, 9, 9, 6, 13, 19, 12, 6, 6,
2, 9, 7, 17, 13, 1, 20, 7, 6, 11,
12, 21, 15, 7, 19, 10, 5, 11, 11, 9,
21, 10, 4, 2, 12, 20, 14, 8, 4, 4,
2, 21, 7, 16, 14, 16, 12, 6, 21, 2,
21, 10, 14, 17, 10, 18, 8, 17, 3, 8,
13, 5, 5, 16, 19, 14, 16, 5, 19, 3,
18, 17, 13, 17, 21, 11, 2, 13, 4, 10,
0, 15, 0, 1, 17, 2, 0, 15, 5, 7,
12, 13, 10, 20, 8, 14, 6, 1, 5, 2,
2, 12, 17, 15, 14, 3, 14, 15, 17, 13,
15, 9, 10, 4, 8, 11, 5, 10, 3, 1,
21, 18, 16, 11, 19, 12, 7, 10, 8, 6,
15, 2, 17, 18, 11, 13, 17, 19, 18, 21,
11, 2, 8, 9, 1, 7, 9, 12, 17, 0,
2, 14, 19, 8, 20, 5, 15, 0, 18, 16]
------------------------------------------------------- 
# stage = 8	# children c = 5	length of each stage p = 5	nodes = 179	# items I = 1
