[2, 33, 77, 48, 36, 35, 3, 27, 0, 69,
42, 48, 74, 49, 45, 90, 79, 58, 23, 44]
[[1405, 1534, 283], [1056, 1503, 1406], [1481, 1306, 1027], [918, 642, 1481], [136, 1533, 882], [1168, 518, 206], [1442, 1023, 1316], [950, 672, 1107], [333, 1537, 17], [231, 154, 1609],
[1386, 1495, 1442], [1669, 785, 1244], [1309, 566, 784], [635, 1419, 1361], [415, 1555, 1193], [1298, 957, 1646], [1439, 698, 968], [1054, 1584, 1575], [460, 216, 1347], [413, 382, 1501]]
[[5, 9, 7, 2], [8, 0, 1, 0], [3, 6, 4, 6], [6, 2, 4, 3], [7, 2, 10, 5], [0, 2, 8, 3], [8, 7, 10, 0], [4, 4, 6, 7], [2, 3, 7, 10], [1, 9, 10, 2],
[4, 1, 9, 10], [1, 0, 2, 6], [2, 1, 0, 3], [4, 7, 4, 10], [3, 3, 10, 5], [7, 4, 1, 7], [7, 8, 4, 6], [6, 1, 7, 9], [2, 5, 6, 3], [5, 9, 7, 6]]
[1, 1, 0.333333, 0.333333, 0.333333, 0.333333, 0.333333, 0.333333, 0.111111, 0.111111,
0.111111, 0.111111, 0.111111, 0.111111, 0.037037, 0.037037, 0.037037, 0.037037, 0.037037, 0.037037]
[4, 6, 0, 1, 5, 3, 8, 1, 0, 7,
4, 3, 6, 1, 6, 0, 4, 6, 8, 8]
------------------------------------------------------- 
# stage = 4	# children c = 3	length of each stage p = 2	nodes = 19	# items I = 1
