[44, 62, 73, 45, 14, 16, 78, 29, 57, 18,
78, 60, 40, 58, 60, 39, 45, 32, 76, 19,
38, 44, 88, 22, 69, 5, 29, 98, 48, 87,
6, 58, 14, 45, 2, 28, 62, 47, 57, 85,
65, 34, 10, 71, 58, 71]
[[1845, 2037, 368], [178, 1102, 1254], [1664, 196, 1819], [1826, 2059, 425], [726, 128, 20], [975, 214, 1409], [1859, 1333, 683], [1417, 355, 1067], [493, 218, 1229], [1137, 836, 751],
[504, 559, 116], [323, 187, 669], [1577, 1302, 315], [1274, 1006, 252], [1149, 1733, 1952], [620, 36, 1616], [2029, 1896, 827], [40, 641, 633], [1107, 584, 301], [1786, 1721, 1137],
[1988, 1676, 1697], [1554, 1999, 1884], [1673, 1454, 514], [1989, 57, 1521], [1691, 656, 582], [1522, 1276, 618], [1016, 634, 1964], [1844, 674, 483], [1927, 1232, 1068], [106, 346, 667],
[1243, 1784, 1793], [268, 1217, 1670], [1603, 768, 1003], [2117, 85, 510], [966, 1777, 1166], [1548, 1177, 1893], [1617, 1643, 405], [1459, 815, 529], [1943, 620, 1761], [339, 176, 2108],
[1006, 1420, 1770], [678, 1138, 315], [1798, 69, 534], [129, 65, 619], [639, 481, 274], [1256, 2030, 901]]
[[10, 1, 9, 10], [2, 1, 2, 7], [2, 3, 10, 9], [9, 6, 8, 7], [6, 8, 6, 6], [7, 5, 6, 3], [10, 10, 4, 0], [2, 4, 5, 1], [5, 1, 1, 5], [2, 3, 0, 4],
[5, 10, 0, 3], [4, 8, 9, 10], [6, 2, 3, 0], [7, 7, 3, 6], [6, 5, 4, 8], [10, 9, 10, 2], [8, 9, 6, 10], [10, 6, 1, 2], [3, 2, 4, 7], [10, 2, 5, 3],
[2, 6, 1, 7], [3, 5, 0, 7], [10, 5, 3, 7], [1, 0, 8, 10], [7, 3, 7, 6], [9, 9, 7, 1], [0, 0, 9, 8], [0, 1, 1, 0], [7, 2, 7, 8], [5, 7, 5, 3],
[10, 8, 8, 10], [6, 5, 7, 2], [8, 3, 6, 4], [1, 2, 6, 10], [0, 2, 8, 0], [3, 7, 0, 8], [7, 5, 6, 0], [0, 9, 1, 10], [4, 9, 7, 10], [2, 3, 1, 8],
[7, 7, 2, 6], [8, 6, 6, 8], [8, 1, 7, 9], [6, 5, 4, 0], [0, 8, 0, 9], [6, 10, 8, 8]]
[1, 1, 0.5, 0.5, 0.5, 0.5, 0.25, 0.25, 0.25, 0.25,
0.125, 0.125, 0.125, 0.125, 0.0625, 0.0625, 0.0625, 0.0625, 0.03125, 0.03125,
0.03125, 0.03125, 0.015625, 0.015625, 0.015625, 0.015625, 0.0078125, 0.0078125, 0.0078125, 0.0078125,
0.00390625, 0.00390625, 0.00390625, 0.00390625, 0.00195312, 0.00195312, 0.00195312, 0.00195312, 0.000976562, 0.000976562,
0.000976562, 0.000976562, 0.000488281, 0.000488281, 0.000488281, 0.000488281]
[19, 8, 14, 3, 17, 5, 9, 15, 20, 13,
3, 18, 4, 3, 18, 15, 19, 3, 21, 19,
9, 5, 18, 11, 11, 11, 20, 13, 0, 21,
10, 9, 12, 20, 15, 5, 15, 17, 6, 5,
8, 6, 21, 2, 11, 13]
------------------------------------------------------- 
# stage = 12	# children c = 2	length of each stage p = 2	nodes = 45	# items I = 1
