[84, 72, 20, 65, 22, 84, 54, 35, 77, 2,
61, 63, 35, 65, 12, 63, 39, 68, 2, 40,
2, 39, 37, 96, 78, 88, 31, 14, 65, 86,
14, 48, 23, 35, 79, 45, 85, 33, 47, 27,
1, 74, 90, 36, 5, 69, 100, 44, 2, 1,
84, 4, 6, 87, 0, 50, 40, 98, 65, 4,
83, 45, 18, 5, 46, 98, 51, 30, 30, 64,
57, 98, 37, 13, 33, 42, 82, 99, 86, 50]
[[11, 347, 415], [310, 423, 273], [342, 92, 865], [205, 702, 758], [187, 76, 796], [379, 37, 176], [626, 978, 650], [855, 659, 714], [506, 302, 491], [209, 65, 942],
[529, 611, 821], [944, 921, 242], [749, 796, 334], [611, 533, 568], [901, 252, 176], [694, 164, 213], [870, 790, 723], [50, 174, 379], [296, 213, 213], [788, 422, 278],
[259, 951, 421], [78, 424, 875], [855, 170, 668], [721, 781, 733], [822, 212, 518], [998, 906, 682], [744, 306, 1], [464, 356, 176], [376, 652, 389], [589, 972, 343],
[400, 229, 292], [821, 307, 716], [693, 694, 887], [893, 412, 197], [156, 231, 409], [674, 762, 848], [353, 503, 151], [354, 499, 39], [62, 875, 691], [986, 997, 193],
[327, 929, 422], [151, 279, 261], [399, 973, 955], [283, 395, 899], [13, 551, 663], [957, 757, 422], [802, 107, 925], [485, 997, 956], [524, 591, 829], [748, 575, 355],
[941, 434, 281], [895, 585, 560], [153, 984, 62], [640, 800, 993], [68, 345, 73], [731, 299, 831], [685, 634, 938], [139, 116, 464], [93, 173, 53], [454, 921, 160],
[809, 391, 594], [622, 283, 711], [179, 971, 224], [777, 608, 556], [767, 208, 901], [840, 940, 733], [668, 622, 899], [136, 762, 547], [600, 855, 720], [185, 306, 170],
[345, 647, 561], [471, 266, 376], [179, 980, 344], [939, 754, 484], [492, 50, 693], [926, 423, 162], [188, 88, 316], [84, 759, 75], [631, 892, 462], [884, 74, 300]]
[[1, 2, 1, 1], [7, 9, 0, 6], [7, 7, 6, 2], [7, 0, 5, 2], [4, 6, 2, 0], [0, 9, 4, 4], [9, 6, 0, 10], [9, 3, 4, 10], [6, 3, 1, 2], [2, 10, 8, 7],
[6, 1, 8, 2], [2, 2, 2, 4], [8, 5, 3, 6], [3, 5, 10, 10], [9, 10, 9, 8], [1, 2, 7, 7], [3, 6, 7, 3], [5, 2, 0, 9], [4, 6, 10, 4], [8, 1, 8, 3],
[4, 9, 7, 5], [4, 6, 4, 2], [4, 0, 8, 5], [0, 5, 10, 4], [9, 6, 7, 2], [8, 5, 0, 10], [0, 8, 3, 6], [10, 10, 7, 1], [8, 3, 7, 10], [10, 9, 2, 1],
[10, 10, 6, 10], [2, 3, 1, 10], [9, 7, 1, 4], [1, 10, 4, 0], [8, 5, 6, 5], [4, 1, 4, 2], [4, 9, 1, 1], [8, 1, 0, 5], [10, 6, 2, 10], [7, 4, 7, 3],
[0, 8, 8, 10], [6, 10, 10, 1], [4, 4, 6, 9], [5, 8, 9, 7], [7, 8, 7, 2], [8, 7, 7, 5], [1, 7, 4, 8], [9, 10, 1, 7], [5, 9, 7, 0], [6, 4, 1, 10],
[8, 5, 6, 0], [3, 2, 8, 8], [0, 4, 10, 6], [0, 4, 0, 1], [9, 2, 10, 8], [1, 0, 4, 7], [7, 9, 7, 2], [3, 7, 10, 0], [10, 4, 1, 2], [6, 7, 8, 6],
[0, 7, 10, 0], [9, 10, 0, 8], [2, 8, 3, 1], [8, 7, 8, 2], [4, 3, 2, 7], [8, 10, 5, 7], [3, 4, 8, 10], [0, 5, 3, 9], [0, 3, 8, 9], [0, 8, 4, 2],
[5, 7, 2, 0], [2, 10, 0, 6], [0, 2, 0, 8], [1, 5, 5, 3], [8, 0, 0, 8], [5, 3, 5, 3], [4, 2, 0, 3], [8, 4, 5, 2], [10, 7, 0, 1], [5, 0, 5, 5]]
[1, 1, 1, 1, 1, 0.333333, 0.333333, 0.333333, 0.333333, 0.333333,
0.333333, 0.333333, 0.333333, 0.333333, 0.333333, 0.333333, 0.333333, 0.333333, 0.333333, 0.333333,
0.111111, 0.111111, 0.111111, 0.111111, 0.111111, 0.111111, 0.111111, 0.111111, 0.111111, 0.111111,
0.111111, 0.111111, 0.111111, 0.111111, 0.111111, 0.037037, 0.037037, 0.037037, 0.037037, 0.037037,
0.037037, 0.037037, 0.037037, 0.037037, 0.037037, 0.037037, 0.037037, 0.037037, 0.037037, 0.037037,
0.0123457, 0.0123457, 0.0123457, 0.0123457, 0.0123457, 0.0123457, 0.0123457, 0.0123457, 0.0123457, 0.0123457,
0.0123457, 0.0123457, 0.0123457, 0.0123457, 0.0123457, 0.00411523, 0.00411523, 0.00411523, 0.00411523, 0.00411523,
0.00411523, 0.00411523, 0.00411523, 0.00411523, 0.00411523, 0.00411523, 0.00411523, 0.00411523, 0.00411523, 0.00411523]
[2, 8, 10, 4, 1, 6, 6, 9, 9, 9,
5, 4, 0, 2, 4, 1, 0, 7, 9, 5,
6, 5, 7, 2, 4, 7, 5, 10, 0, 10,
6, 7, 6, 0, 1, 1, 2, 3, 10, 1,
3, 0, 5, 9, 7, 7, 7, 5, 5, 2,
9, 10, 7, 8, 3, 7, 3, 0, 3, 0,
7, 0, 8, 10, 9, 5, 2, 4, 2, 3,
6, 9, 3, 4, 8, 5, 9, 1, 10, 5]
------------------------------------------------------- 
# stage = 6	# children c = 3	length of each stage p = 5	nodes = 79	# items I = 1
