[52, 53, 0, 21, 78, 55, 88, 90, 77, 94,
39, 41, 54, 55, 73, 57, 73, 38, 29, 88,
67, 11, 39, 51, 35, 52, 30, 21, 32, 57,
29, 50, 9, 96, 71, 53, 50, 24, 42, 93,
17, 47, 0, 71, 2, 73, 95, 75, 77, 23,
28, 9, 1, 34, 60, 2, 52, 90, 23, 84,
46, 18, 100, 56, 14, 70, 8, 30, 61, 17,
90, 78]
[[0, 598, 431], [273, 933, 78], [67, 397, 506], [714, 311, 967], [669, 955, 379], [38, 1094, 1101], [942, 1017, 68], [1009, 676, 752], [906, 508, 792], [948, 1010, 975],
[620, 1011, 467], [1051, 178, 348], [77, 299, 745], [638, 1013, 5], [553, 577, 960], [986, 615, 1002], [981, 505, 967], [1103, 462, 538], [804, 316, 1100], [490, 158, 1004],
[413, 832, 963], [935, 831, 89], [177, 963, 388], [923, 495, 296], [982, 1102, 927], [890, 982, 490], [787, 858, 995], [648, 909, 405], [134, 661, 722], [128, 99, 934],
[81, 513, 661], [1044, 342, 440], [82, 573, 297], [470, 444, 846], [820, 320, 842], [695, 105, 719], [79, 892, 525], [22, 488, 328], [482, 623, 1044], [98, 751, 37],
[1086, 832, 604], [695, 825, 1000], [30, 907, 468], [381, 325, 912], [122, 94, 127], [964, 789, 286], [577, 923, 72], [1102, 945, 614], [379, 321, 131], [317, 473, 937],
[408, 454, 717], [1013, 43, 436], [907, 127, 291], [269, 509, 671], [130, 631, 765], [257, 489, 502], [543, 15, 319], [669, 11, 159], [177, 444, 534], [363, 815, 1008],
[194, 118, 356], [911, 79, 453], [296, 986, 581], [641, 204, 1090], [206, 334, 615], [971, 645, 52], [368, 82, 67], [687, 805, 133], [900, 1036, 631], [329, 293, 341],
[231, 487, 513], [641, 347, 646]]
[[3, 10, 4, 0], [9, 7, 3, 1], [5, 6, 4, 10], [10, 2, 3, 6], [1, 8, 0, 8], [5, 10, 5, 10], [3, 2, 7, 2], [7, 9, 3, 8], [8, 7, 7, 4], [3, 10, 6, 7],
[3, 8, 6, 2], [10, 9, 9, 9], [5, 7, 7, 10], [6, 10, 7, 7], [10, 3, 9, 4], [2, 0, 0, 8], [5, 7, 2, 7], [6, 6, 3, 10], [3, 7, 10, 0], [4, 8, 8, 9],
[2, 2, 6, 9], [10, 0, 3, 8], [3, 0, 1, 3], [0, 1, 10, 5], [8, 1, 1, 2], [5, 2, 10, 6], [10, 9, 4, 3], [7, 1, 10, 9], [1, 5, 5, 1], [3, 7, 9, 4],
[7, 8, 8, 5], [10, 5, 8, 5], [6, 8, 5, 9], [10, 4, 4, 9], [3, 8, 1, 8], [8, 9, 4, 9], [1, 10, 8, 4], [6, 6, 9, 0], [4, 4, 5, 1], [9, 2, 4, 2],
[10, 10, 0, 8], [1, 4, 6, 4], [10, 6, 1, 7], [4, 6, 4, 6], [3, 1, 10, 7], [6, 6, 5, 8], [10, 10, 7, 8], [10, 0, 10, 8], [8, 10, 5, 8], [1, 0, 1, 10],
[4, 1, 4, 9], [5, 8, 2, 6], [8, 10, 2, 3], [6, 7, 0, 5], [4, 7, 1, 1], [5, 0, 9, 1], [9, 3, 9, 8], [2, 8, 5, 6], [9, 10, 2, 1], [5, 4, 7, 0],
[4, 7, 3, 8], [1, 1, 2, 5], [6, 3, 7, 1], [2, 5, 0, 9], [7, 9, 4, 9], [6, 10, 2, 3], [7, 3, 4, 1], [7, 10, 0, 9], [6, 3, 4, 8], [3, 7, 0, 9],
[8, 7, 8, 8], [0, 8, 4, 5]]
[1, 1, 0.2, 0.2, 0.2, 0.2, 0.2, 0.2, 0.2, 0.2,
0.2, 0.2, 0.04, 0.04, 0.04, 0.04, 0.04, 0.04, 0.04, 0.04,
0.04, 0.04, 0.008, 0.008, 0.008, 0.008, 0.008, 0.008, 0.008, 0.008,
0.008, 0.008, 0.0016, 0.0016, 0.0016, 0.0016, 0.0016, 0.0016, 0.0016, 0.0016,
0.0016, 0.0016, 0.00032, 0.00032, 0.00032, 0.00032, 0.00032, 0.00032, 0.00032, 0.00032,
0.00032, 0.00032, 6.4e-05, 6.4e-05, 6.4e-05, 6.4e-05, 6.4e-05, 6.4e-05, 6.4e-05, 6.4e-05,
6.4e-05, 6.4e-05, 1.28e-05, 1.28e-05, 1.28e-05, 1.28e-05, 1.28e-05, 1.28e-05, 1.28e-05, 1.28e-05,
1.28e-05, 1.28e-05]
[21, 9, 9, 2, 19, 7, 11, 1, 7, 3,
10, 1, 2, 18, 9, 9, 14, 12, 15, 21,
3, 0, 2, 16, 12, 1, 6, 8, 17, 11,
7, 21, 4, 11, 7, 1, 9, 13, 21, 4,
20, 10, 18, 1, 10, 10, 4, 4, 2, 21,
19, 14, 12, 22, 21, 21, 2, 17, 14, 5,
7, 13, 12, 13, 4, 18, 22, 10, 1, 22,
13, 18]
------------------------------------------------------- 
# stage = 8	# children c = 5	length of each stage p = 2	nodes = 71	# items I = 1
