[37, 89, 76, 31, 25, 69, 18, 23, 20, 70,
18, 76, 48, 26, 37, 7, 3, 24, 37, 73,
35, 18, 63, 10, 45, 75, 30, 35, 78, 86,
76, 81, 40, 51, 11, 31, 86, 97, 20, 73,
66, 39, 14, 80, 31, 51, 54, 0, 76, 57,
73, 77, 75, 1, 54, 86, 76, 84, 20, 19,
35, 96, 0, 75, 13, 78, 5, 65, 74, 26,
37, 5, 31, 52, 52, 62, 2, 5, 62, 44]
[[613, 239, 563], [113, 491, 1428], [651, 777, 1102], [1170, 447, 462], [760, 1439, 1922], [1362, 2014, 1904], [1984, 1588, 567], [1076, 883, 644], [1194, 1818, 1944], [1658, 1406, 316],
[1945, 2019, 1532], [407, 31, 900], [711, 1660, 1677], [1813, 1706, 1000], [175, 365, 338], [2097, 1727, 251], [776, 486, 1839], [1343, 438, 1599], [863, 1632, 192], [1683, 1189, 1598],
[875, 2010, 1517], [306, 1294, 424], [1206, 2005, 2084], [1759, 1718, 1689], [658, 769, 930], [1974, 1742, 556], [124, 417, 2019], [840, 636, 357], [1315, 1499, 1989], [1507, 2058, 2055],
[1982, 832, 1964], [1398, 1138, 33], [698, 1221, 2039], [682, 879, 532], [1247, 414, 1301], [77, 287, 1919], [1610, 1388, 1212], [1529, 127, 1848], [1886, 318, 122], [650, 1826, 79],
[604, 583, 1888], [468, 857, 925], [1478, 1555, 1022], [1416, 1113, 1902], [824, 1237, 215], [1001, 1314, 1479], [819, 1800, 766], [2031, 1228, 1871], [654, 1990, 88], [776, 540, 790],
[1832, 1144, 1373], [1619, 488, 129], [1421, 1967, 561], [342, 158, 1674], [1120, 983, 810], [211, 1984, 1000], [1690, 703, 700], [1333, 1610, 804], [1103, 1141, 694], [67, 793, 1234],
[1835, 525, 1254], [2084, 1020, 1743], [113, 1317, 485], [1651, 536, 643], [1224, 532, 1626], [911, 744, 1510], [1911, 1310, 1089], [1487, 542, 1575], [191, 521, 615], [1862, 1566, 1409],
[1972, 1300, 1934], [1125, 1283, 1830], [1744, 272, 2024], [128, 1923, 459], [772, 2024, 1968], [1274, 834, 611], [1660, 1621, 798], [648, 1008, 1340], [123, 75, 738], [738, 1937, 203]]
[[4, 6, 1, 3], [5, 5, 4, 1], [8, 7, 3, 8], [10, 4, 0, 6], [7, 5, 3, 7], [3, 7, 9, 6], [8, 9, 9, 5], [2, 1, 1, 4], [5, 0, 7, 0], [5, 10, 1, 1],
[4, 4, 9, 3], [7, 9, 10, 3], [1, 0, 8, 2], [5, 6, 6, 3], [4, 4, 8, 6], [4, 7, 9, 9], [8, 5, 9, 0], [2, 10, 1, 6], [2, 10, 10, 9], [7, 7, 10, 6],
[5, 7, 9, 10], [1, 4, 0, 3], [7, 6, 8, 0], [3, 6, 9, 9], [0, 6, 9, 1], [5, 9, 7, 5], [6, 4, 1, 2], [0, 0, 9, 5], [6, 7, 5, 7], [9, 5, 10, 5],
[10, 7, 5, 2], [2, 2, 9, 1], [8, 7, 2, 0], [5, 7, 6, 10], [1, 5, 1, 1], [4, 8, 5, 10], [2, 10, 4, 1], [2, 1, 6, 10], [9, 10, 1, 9], [1, 10, 8, 9],
[5, 8, 7, 8], [5, 0, 7, 6], [6, 7, 5, 10], [4, 10, 7, 5], [7, 0, 6, 8], [1, 10, 7, 8], [9, 7, 5, 8], [4, 2, 4, 9], [9, 1, 7, 3], [10, 1, 7, 5],
[8, 1, 2, 0], [10, 9, 5, 6], [9, 0, 1, 9], [8, 9, 4, 5], [3, 9, 2, 7], [10, 7, 6, 8], [6, 0, 0, 5], [1, 5, 9, 8], [4, 0, 8, 3], [10, 2, 8, 6],
[2, 9, 4, 8], [5, 9, 2, 8], [5, 5, 5, 4], [10, 9, 10, 3], [9, 8, 8, 8], [2, 4, 5, 7], [5, 0, 8, 4], [2, 5, 8, 2], [2, 0, 0, 5], [9, 2, 3, 1],
[5, 6, 4, 4], [4, 3, 7, 0], [1, 3, 6, 1], [7, 1, 8, 10], [10, 4, 1, 2], [9, 10, 4, 9], [10, 2, 4, 6], [5, 5, 5, 10], [0, 9, 2, 2], [2, 7, 2, 1]]
[1, 1, 1, 1, 1, 0.333333, 0.333333, 0.333333, 0.333333, 0.333333,
0.333333, 0.333333, 0.333333, 0.333333, 0.333333, 0.333333, 0.333333, 0.333333, 0.333333, 0.333333,
0.111111, 0.111111, 0.111111, 0.111111, 0.111111, 0.111111, 0.111111, 0.111111, 0.111111, 0.111111,
0.111111, 0.111111, 0.111111, 0.111111, 0.111111, 0.037037, 0.037037, 0.037037, 0.037037, 0.037037,
0.037037, 0.037037, 0.037037, 0.037037, 0.037037, 0.037037, 0.037037, 0.037037, 0.037037, 0.037037,
0.0123457, 0.0123457, 0.0123457, 0.0123457, 0.0123457, 0.0123457, 0.0123457, 0.0123457, 0.0123457, 0.0123457,
0.0123457, 0.0123457, 0.0123457, 0.0123457, 0.0123457, 0.00411523, 0.00411523, 0.00411523, 0.00411523, 0.00411523,
0.00411523, 0.00411523, 0.00411523, 0.00411523, 0.00411523, 0.00411523, 0.00411523, 0.00411523, 0.00411523, 0.00411523]
[4, 9, 12, 1, 10, 17, 6, 4, 13, 4,
6, 3, 15, 12, 0, 4, 9, 9, 1, 17,
13, 16, 15, 0, 8, 2, 16, 1, 13, 10,
16, 15, 4, 0, 9, 13, 3, 18, 2, 3,
21, 20, 5, 0, 10, 8, 1, 6, 2, 5,
1, 8, 21, 21, 21, 10, 2, 10, 3, 1,
19, 17, 9, 20, 6, 17, 19, 9, 6, 21,
9, 0, 12, 16, 18, 6, 3, 11, 0, 17]
------------------------------------------------------- 
# stage = 6	# children c = 3	length of each stage p = 5	nodes = 79	# items I = 1
