[24, 15, 10, 95, 69, 8, 28, 11, 64, 77,
13, 23, 45, 42, 96, 59, 45, 33, 75, 47,
75, 83, 6, 83, 24, 4, 97, 9, 64, 96,
14, 54, 77, 92, 14, 12, 66, 43, 23, 29,
19, 2, 18, 30, 10, 13, 89, 56, 47, 63,
69, 88, 11, 76, 70, 35, 46, 32, 10, 76,
28, 24, 29, 71, 15, 43, 83, 47, 52, 73,
77, 71]
[[1661, 800, 1337], [1047, 1057, 420], [645, 183, 883], [1364, 1828, 855], [1874, 1257, 1789], [970, 1423, 815], [998, 691, 120], [1004, 905, 1629], [512, 585, 1092], [1584, 1702, 1597],
[1596, 1474, 64], [1044, 632, 677], [1464, 833, 860], [14, 309, 799], [869, 1739, 167], [770, 820, 1146], [1585, 1374, 1394], [1261, 45, 1855], [558, 557, 551], [1650, 252, 1809],
[914, 1848, 1394], [534, 560, 1583], [1211, 135, 527], [1627, 150, 392], [93, 1019, 242], [260, 1345, 618], [963, 598, 103], [468, 1859, 148], [434, 528, 261], [541, 1734, 70],
[461, 315, 1474], [1855, 849, 145], [1105, 1616, 281], [1189, 1354, 431], [1581, 1447, 1006], [1824, 1264, 19], [109, 338, 617], [213, 362, 587], [1806, 796, 672], [179, 1337, 73],
[249, 1354, 1834], [1723, 876, 350], [1869, 93, 78], [1706, 1282, 988], [248, 530, 547], [810, 465, 1367], [829, 131, 1261], [1002, 344, 1623], [1146, 1706, 530], [1818, 1885, 1423],
[1447, 245, 888], [1392, 1525, 1764], [1743, 1061, 1413], [1377, 878, 362], [476, 682, 893], [579, 1048, 1358], [1502, 1878, 1045], [874, 991, 1389], [608, 1693, 1207], [694, 1622, 759],
[1673, 737, 561], [672, 1685, 197], [104, 1539, 814], [1517, 583, 1692], [1880, 616, 485], [440, 1195, 1533], [1798, 365, 1078], [955, 1239, 1626], [11, 1848, 1430], [774, 209, 720],
[1534, 1883, 1457], [1651, 222, 1253]]
[[3, 9, 8, 4], [2, 8, 9, 7], [7, 3, 3, 2], [9, 5, 5, 6], [8, 7, 3, 5], [10, 2, 3, 6], [2, 9, 5, 10], [6, 7, 8, 10], [3, 5, 1, 5], [3, 10, 10, 8],
[0, 3, 9, 10], [8, 3, 3, 3], [9, 7, 9, 8], [7, 10, 1, 7], [8, 6, 7, 2], [2, 2, 10, 6], [5, 0, 9, 6], [10, 9, 4, 8], [10, 2, 7, 5], [3, 9, 8, 1],
[5, 6, 7, 1], [3, 9, 9, 1], [2, 3, 3, 5], [3, 2, 9, 8], [0, 7, 4, 10], [3, 8, 5, 2], [8, 2, 5, 0], [0, 3, 2, 3], [7, 7, 2, 0], [5, 9, 10, 8],
[10, 2, 0, 2], [2, 7, 0, 2], [1, 4, 10, 5], [10, 4, 5, 7], [4, 9, 5, 2], [1, 5, 5, 6], [2, 8, 6, 5], [4, 3, 0, 4], [5, 9, 6, 5], [5, 4, 7, 7],
[8, 4, 10, 5], [9, 2, 10, 2], [0, 5, 3, 10], [10, 8, 6, 1], [3, 10, 5, 8], [3, 5, 10, 6], [4, 5, 1, 7], [10, 6, 3, 5], [0, 0, 9, 7], [1, 8, 7, 10],
[2, 10, 10, 0], [6, 3, 10, 9], [0, 4, 4, 3], [8, 3, 8, 10], [7, 7, 6, 4], [0, 8, 9, 0], [8, 5, 7, 7], [3, 4, 7, 3], [1, 6, 1, 7], [7, 1, 4, 7],
[3, 8, 9, 9], [10, 4, 8, 4], [0, 4, 8, 0], [10, 4, 10, 7], [10, 4, 2, 0], [6, 9, 1, 8], [2, 3, 2, 9], [2, 6, 3, 5], [2, 1, 2, 10], [5, 10, 3, 3],
[1, 0, 4, 0], [4, 1, 6, 1]]
[1, 1, 0.2, 0.2, 0.2, 0.2, 0.2, 0.2, 0.2, 0.2,
0.2, 0.2, 0.04, 0.04, 0.04, 0.04, 0.04, 0.04, 0.04, 0.04,
0.04, 0.04, 0.008, 0.008, 0.008, 0.008, 0.008, 0.008, 0.008, 0.008,
0.008, 0.008, 0.0016, 0.0016, 0.0016, 0.0016, 0.0016, 0.0016, 0.0016, 0.0016,
0.0016, 0.0016, 0.00032, 0.00032, 0.00032, 0.00032, 0.00032, 0.00032, 0.00032, 0.00032,
0.00032, 0.00032, 6.4e-05, 6.4e-05, 6.4e-05, 6.4e-05, 6.4e-05, 6.4e-05, 6.4e-05, 6.4e-05,
6.4e-05, 6.4e-05, 1.28e-05, 1.28e-05, 1.28e-05, 1.28e-05, 1.28e-05, 1.28e-05, 1.28e-05, 1.28e-05,
1.28e-05, 1.28e-05]
[1, 6, 6, 5, 8, 6, 4, 4, 6, 8,
5, 8, 9, 5, 5, 8, 2, 5, 4, 4,
5, 9, 4, 3, 9, 7, 0, 0, 9, 2,
6, 3, 7, 1, 0, 6, 7, 9, 2, 5,
5, 0, 9, 7, 7, 5, 3, 6, 1, 6,
4, 3, 2, 6, 6, 0, 6, 0, 0, 6,
0, 6, 4, 9, 0, 8, 1, 8, 5, 2,
8, 8]
------------------------------------------------------- 
# stage = 8	# children c = 5	length of each stage p = 2	nodes = 71	# items I = 1
