[93, 52, 86, 69, 79, 88, 4, 94, 52, 73,
64, 45, 28, 12, 99, 70, 73, 64, 30, 33,
59, 78, 19, 78, 26, 25, 16, 94, 79, 98,
98, 37, 16, 84, 72, 61, 37, 43, 54, 89,
15, 84, 34, 9, 96, 32, 80, 34, 62, 9,
68, 88, 53, 53, 31, 79, 44, 13, 72, 23,
10, 70, 26, 93, 19, 99, 19, 56, 41, 73,
10, 22, 57, 44, 32, 18, 42, 11, 53, 4,
87, 87, 58, 39, 39, 89, 84, 50, 1, 56,
73, 78, 92, 99, 37, 77, 63, 56, 99, 3,
96, 8]
[[867, 680, 372], [287, 694, 211], [899, 738, 492], [330, 913, 767], [262, 93, 495], [391, 955, 967], [403, 51, 247], [262, 606, 704], [426, 5, 543], [724, 849, 709],
[227, 731, 404], [600, 4, 84], [839, 903, 851], [346, 220, 750], [99, 510, 844], [594, 902, 785], [575, 319, 864], [850, 609, 456], [541, 21, 490], [98, 773, 325],
[807, 1001, 42], [225, 615, 75], [338, 468, 1006], [175, 814, 212], [925, 941, 751], [755, 549, 639], [554, 110, 986], [405, 989, 581], [889, 544, 602], [365, 642, 361],
[691, 463, 376], [761, 689, 5], [836, 13, 502], [829, 188, 302], [55, 127, 258], [834, 911, 807], [487, 451, 946], [459, 884, 921], [26, 760, 451], [656, 111, 79],
[32, 830, 570], [436, 606, 245], [442, 456, 286], [972, 299, 502], [260, 355, 630], [546, 175, 555], [340, 663, 20], [300, 136, 905], [207, 163, 679], [686, 847, 790],
[793, 879, 635], [349, 330, 227], [595, 800, 683], [909, 758, 983], [398, 32, 352], [42, 579, 555], [625, 919, 232], [645, 233, 369], [564, 440, 560], [229, 140, 393],
[34, 933, 287], [669, 268, 645], [924, 891, 431], [621, 787, 175], [618, 199, 207], [970, 269, 786], [540, 894, 719], [800, 525, 952], [183, 76, 406], [743, 333, 574],
[151, 367, 493], [466, 50, 790], [97, 1002, 667], [556, 610, 468], [731, 242, 695], [966, 227, 964], [767, 767, 844], [472, 581, 384], [439, 765, 488], [873, 522, 821],
[434, 673, 203], [955, 153, 281], [731, 278, 270], [413, 834, 908], [909, 579, 136], [591, 532, 391], [541, 285, 172], [400, 785, 754], [784, 238, 505], [258, 126, 13],
[65, 588, 715], [296, 529, 896], [578, 275, 189], [848, 688, 9], [770, 611, 617], [934, 188, 163], [312, 758, 476], [484, 144, 275], [252, 928, 514], [757, 172, 668],
[799, 265, 270], [528, 562, 799]]
[[1, 0, 7, 5], [4, 7, 3, 5], [8, 3, 5, 6], [0, 1, 5, 2], [0, 8, 7, 5], [10, 3, 8, 7], [6, 10, 3, 1], [1, 8, 2, 2], [8, 9, 5, 0], [3, 6, 5, 10],
[9, 0, 5, 9], [10, 9, 1, 8], [6, 6, 0, 5], [8, 8, 1, 3], [5, 3, 3, 7], [9, 5, 7, 7], [1, 0, 5, 2], [6, 8, 1, 5], [6, 7, 1, 5], [3, 0, 0, 9],
[7, 9, 2, 2], [5, 1, 3, 10], [4, 4, 4, 3], [7, 10, 8, 8], [10, 2, 0, 5], [10, 10, 10, 6], [4, 10, 9, 7], [10, 8, 6, 4], [6, 8, 6, 9], [9, 10, 9, 1],
[3, 0, 4, 9], [10, 10, 6, 9], [10, 4, 2, 9], [4, 1, 2, 8], [0, 10, 3, 9], [7, 9, 2, 0], [4, 9, 10, 0], [6, 6, 10, 7], [4, 3, 5, 2], [0, 10, 0, 10],
[1, 2, 7, 5], [2, 9, 1, 0], [8, 2, 9, 2], [9, 10, 1, 2], [8, 9, 0, 1], [2, 0, 6, 4], [1, 1, 6, 2], [9, 5, 10, 10], [5, 6, 3, 7], [3, 4, 6, 9],
[6, 2, 1, 2], [1, 0, 4, 7], [7, 2, 8, 9], [0, 4, 0, 2], [3, 7, 2, 1], [1, 1, 0, 6], [6, 3, 1, 9], [5, 7, 7, 9], [9, 6, 0, 9], [4, 2, 5, 0],
[3, 3, 7, 3], [5, 8, 5, 6], [4, 5, 5, 3], [5, 3, 9, 0], [5, 10, 9, 10], [4, 3, 7, 1], [10, 5, 10, 3], [6, 4, 2, 9], [5, 9, 1, 8], [4, 5, 3, 8],
[10, 8, 9, 4], [1, 8, 2, 6], [5, 9, 3, 8], [2, 8, 9, 10], [3, 6, 0, 9], [10, 2, 7, 3], [10, 6, 0, 3], [0, 4, 10, 9], [10, 8, 0, 9], [3, 3, 4, 7],
[1, 6, 4, 1], [3, 0, 0, 6], [6, 1, 2, 3], [1, 7, 6, 9], [3, 7, 0, 1], [9, 10, 10, 6], [5, 9, 5, 7], [1, 7, 3, 2], [2, 5, 4, 6], [5, 2, 10, 9],
[1, 0, 1, 1], [7, 8, 10, 8], [2, 10, 8, 0], [7, 5, 4, 0], [3, 9, 7, 4], [6, 8, 5, 6], [0, 7, 1, 5], [7, 10, 3, 9], [10, 2, 10, 4], [10, 7, 0, 1],
[7, 8, 10, 3], [2, 2, 1, 4]]
[1, 1, 1, 0.333333, 0.333333, 0.333333, 0.333333, 0.333333, 0.333333, 0.333333,
0.333333, 0.333333, 0.111111, 0.111111, 0.111111, 0.111111, 0.111111, 0.111111, 0.111111, 0.111111,
0.111111, 0.037037, 0.037037, 0.037037, 0.037037, 0.037037, 0.037037, 0.037037, 0.037037, 0.037037,
0.0123457, 0.0123457, 0.0123457, 0.0123457, 0.0123457, 0.0123457, 0.0123457, 0.0123457, 0.0123457, 0.00411523,
0.00411523, 0.00411523, 0.00411523, 0.00411523, 0.00411523, 0.00411523, 0.00411523, 0.00411523, 0.00137174, 0.00137174,
0.00137174, 0.00137174, 0.00137174, 0.00137174, 0.00137174, 0.00137174, 0.00137174, 0.000457247, 0.000457247, 0.000457247,
0.000457247, 0.000457247, 0.000457247, 0.000457247, 0.000457247, 0.000457247, 0.000152416, 0.000152416, 0.000152416, 0.000152416,
0.000152416, 0.000152416, 0.000152416, 0.000152416, 0.000152416, 5.08053e-05, 5.08053e-05, 5.08053e-05, 5.08053e-05, 5.08053e-05,
5.08053e-05, 5.08053e-05, 5.08053e-05, 5.08053e-05, 1.69351e-05, 1.69351e-05, 1.69351e-05, 1.69351e-05, 1.69351e-05, 1.69351e-05,
1.69351e-05, 1.69351e-05, 1.69351e-05, 5.64503e-06, 5.64503e-06, 5.64503e-06, 5.64503e-06, 5.64503e-06, 5.64503e-06, 5.64503e-06,
5.64503e-06, 5.64503e-06]
[6, 12, 15, 15, 19, 17, 20, 1, 5, 2,
8, 14, 7, 11, 4, 5, 9, 2, 17, 8,
7, 9, 5, 1, 8, 3, 9, 20, 17, 9,
1, 8, 10, 10, 2, 19, 19, 11, 17, 11,
11, 17, 9, 12, 7, 2, 12, 14, 17, 7,
20, 4, 10, 0, 4, 6, 3, 12, 18, 14,
0, 8, 3, 11, 5, 15, 19, 2, 10, 12,
13, 5, 20, 6, 15, 19, 11, 3, 5, 10,
8, 14, 19, 13, 13, 19, 19, 20, 17, 12,
0, 3, 12, 2, 19, 6, 12, 8, 9, 15,
1, 5]
------------------------------------------------------- 
# stage = 12	# children c = 3	length of each stage p = 3	nodes = 101	# items I = 1
