[99, 92, 12, 58, 64, 23, 98, 63, 20, 33,
75, 15, 75, 35, 63, 97, 86, 49, 90, 93,
7, 97, 13, 7, 36, 79, 38, 95, 15, 38,
8, 81, 29, 87, 38, 59, 9, 1, 22, 97,
0, 97, 11, 76, 32, 74, 38, 84, 89, 27,
42, 62, 90, 56, 35, 25, 34, 74, 87, 15,
78, 95, 96, 73, 48, 0, 31, 57, 1, 53,
53, 2, 16, 64, 44, 14, 37, 48, 98, 92,
41, 40, 53, 31, 96, 55, 22, 96, 28, 8,
77, 72, 70, 73, 44, 17, 39, 75, 40, 40,
95, 94]
[[350, 316, 170], [1064, 1031, 473], [150, 364, 993], [575, 946, 839], [697, 887, 189], [148, 600, 887], [529, 390, 937], [769, 423, 392], [696, 254, 109], [818, 786, 842],
[153, 69, 123], [323, 67, 87], [797, 248, 482], [723, 855, 361], [495, 485, 213], [716, 664, 844], [567, 126, 198], [437, 926, 622], [861, 555, 876], [970, 306, 626],
[777, 459, 696], [931, 814, 794], [1049, 575, 1042], [464, 231, 830], [856, 758, 279], [2, 438, 943], [847, 1036, 34], [1045, 407, 960], [631, 201, 480], [471, 135, 786],
[31, 943, 210], [758, 807, 1055], [516, 789, 563], [491, 186, 825], [286, 7, 516], [596, 9, 985], [504, 887, 955], [538, 897, 295], [462, 492, 527], [973, 964, 693],
[693, 1026, 570], [934, 717, 310], [922, 166, 64], [418, 688, 281], [176, 974, 288], [724, 535, 329], [673, 1039, 149], [561, 541, 10], [887, 1034, 503], [378, 941, 400],
[5, 567, 359], [575, 465, 40], [916, 320, 206], [980, 769, 925], [195, 976, 864], [483, 633, 332], [812, 240, 304], [993, 832, 845], [1003, 653, 812], [439, 1031, 717],
[870, 0, 248], [162, 575, 713], [233, 425, 1064], [470, 369, 766], [329, 564, 707], [126, 12, 273], [458, 855, 544], [793, 781, 341], [571, 749, 1025], [347, 121, 1020],
[29, 992, 1021], [277, 118, 529], [991, 352, 985], [988, 822, 288], [719, 115, 852], [359, 241, 895], [663, 730, 684], [172, 456, 398], [544, 1058, 80], [502, 370, 233],
[455, 399, 189], [409, 676, 307], [970, 600, 690], [888, 553, 477], [140, 236, 592], [993, 626, 865], [852, 253, 528], [469, 456, 985], [899, 1000, 976], [1010, 435, 279],
[207, 922, 678], [396, 264, 319], [735, 198, 950], [358, 51, 436], [866, 191, 703], [392, 148, 293], [190, 1001, 547], [749, 403, 1003], [667, 266, 968], [608, 210, 336],
[918, 417, 222], [561, 845, 518]]
[[4, 2, 10, 5], [0, 1, 10, 5], [6, 4, 9, 1], [7, 2, 10, 4], [0, 8, 4, 6], [6, 8, 7, 5], [9, 10, 10, 4], [2, 0, 7, 5], [0, 5, 10, 0], [6, 8, 4, 10],
[10, 2, 9, 6], [3, 8, 8, 3], [5, 1, 9, 9], [7, 3, 3, 5], [0, 1, 8, 3], [10, 4, 6, 0], [9, 3, 9, 2], [0, 2, 2, 10], [3, 0, 3, 6], [9, 1, 7, 1],
[0, 6, 9, 8], [7, 10, 2, 8], [0, 8, 9, 9], [2, 4, 9, 9], [7, 7, 1, 6], [8, 1, 3, 0], [1, 7, 4, 8], [8, 0, 8, 8], [4, 4, 5, 1], [3, 6, 9, 2],
[3, 7, 0, 3], [9, 7, 2, 5], [3, 1, 0, 0], [2, 4, 9, 1], [9, 2, 8, 4], [3, 3, 1, 7], [7, 5, 6, 8], [9, 4, 10, 10], [9, 8, 1, 7], [4, 1, 0, 6],
[2, 9, 4, 2], [0, 3, 1, 9], [3, 7, 2, 4], [10, 2, 10, 4], [5, 5, 2, 1], [8, 10, 9, 6], [8, 10, 1, 10], [0, 10, 5, 0], [8, 8, 2, 7], [9, 2, 3, 1],
[9, 4, 6, 9], [6, 3, 2, 9], [8, 2, 8, 5], [2, 6, 10, 10], [6, 9, 7, 6], [6, 2, 5, 1], [8, 7, 8, 6], [9, 1, 7, 8], [5, 0, 4, 9], [3, 4, 5, 10],
[7, 2, 2, 9], [8, 10, 6, 1], [6, 2, 6, 1], [2, 0, 3, 10], [5, 0, 5, 4], [10, 0, 10, 4], [9, 1, 0, 0], [5, 5, 8, 1], [7, 10, 8, 3], [8, 3, 4, 3],
[4, 10, 3, 6], [10, 6, 4, 5], [4, 7, 7, 4], [5, 4, 6, 4], [5, 7, 2, 8], [10, 10, 8, 5], [7, 5, 8, 2], [7, 10, 6, 0], [10, 7, 6, 7], [2, 8, 10, 4],
[5, 4, 6, 10], [8, 0, 1, 0], [5, 1, 7, 4], [0, 4, 9, 6], [9, 4, 8, 5], [4, 1, 3, 3], [8, 8, 8, 8], [5, 8, 0, 10], [1, 6, 8, 8], [6, 9, 6, 9],
[0, 2, 3, 9], [6, 10, 2, 3], [4, 9, 6, 8], [10, 10, 9, 6], [5, 4, 1, 10], [1, 1, 8, 1], [6, 3, 7, 10], [1, 0, 9, 10], [3, 10, 7, 7], [9, 7, 10, 2],
[5, 4, 8, 3], [3, 4, 7, 8]]
[1, 1, 1, 0.333333, 0.333333, 0.333333, 0.333333, 0.333333, 0.333333, 0.333333,
0.333333, 0.333333, 0.111111, 0.111111, 0.111111, 0.111111, 0.111111, 0.111111, 0.111111, 0.111111,
0.111111, 0.037037, 0.037037, 0.037037, 0.037037, 0.037037, 0.037037, 0.037037, 0.037037, 0.037037,
0.0123457, 0.0123457, 0.0123457, 0.0123457, 0.0123457, 0.0123457, 0.0123457, 0.0123457, 0.0123457, 0.00411523,
0.00411523, 0.00411523, 0.00411523, 0.00411523, 0.00411523, 0.00411523, 0.00411523, 0.00411523, 0.00137174, 0.00137174,
0.00137174, 0.00137174, 0.00137174, 0.00137174, 0.00137174, 0.00137174, 0.00137174, 0.000457247, 0.000457247, 0.000457247,
0.000457247, 0.000457247, 0.000457247, 0.000457247, 0.000457247, 0.000457247, 0.000152416, 0.000152416, 0.000152416, 0.000152416,
0.000152416, 0.000152416, 0.000152416, 0.000152416, 0.000152416, 5.08053e-05, 5.08053e-05, 5.08053e-05, 5.08053e-05, 5.08053e-05,
5.08053e-05, 5.08053e-05, 5.08053e-05, 5.08053e-05, 1.69351e-05, 1.69351e-05, 1.69351e-05, 1.69351e-05, 1.69351e-05, 1.69351e-05,
1.69351e-05, 1.69351e-05, 1.69351e-05, 5.64503e-06, 5.64503e-06, 5.64503e-06, 5.64503e-06, 5.64503e-06, 5.64503e-06, 5.64503e-06,
5.64503e-06, 5.64503e-06]
[7, 15, 19, 9, 20, 7, 17, 1, 11, 13,
1, 12, 21, 6, 8, 10, 7, 15, 12, 4,
5, 1, 15, 15, 13, 16, 0, 16, 16, 6,
17, 15, 16, 5, 7, 15, 17, 9, 15, 11,
8, 14, 10, 2, 6, 3, 0, 2, 1, 1,
14, 18, 7, 19, 6, 4, 12, 19, 1, 2,
5, 7, 20, 0, 16, 4, 14, 16, 4, 19,
18, 0, 16, 6, 14, 1, 10, 3, 17, 3,
1, 15, 4, 11, 19, 14, 8, 21, 8, 16,
10, 18, 1, 4, 21, 3, 13, 10, 2, 2,
9, 13]
------------------------------------------------------- 
# stage = 12	# children c = 3	length of each stage p = 3	nodes = 101	# items I = 1
