[81, 100, 82, 48, 19, 35, 30, 67, 30, 26,
97, 70, 63, 32, 72, 60, 93, 33, 97, 73,
83, 69, 79, 24, 57, 43, 45, 56, 11, 100,
47, 58, 65, 28, 5, 51, 63, 1, 17, 59,
94, 14, 28, 56, 12, 100, 83, 71, 33, 79,
43, 82, 47, 88, 73, 3, 30, 17, 25, 42,
84, 72, 100, 48, 66, 72, 99, 95, 73, 16,
53, 33, 97, 47, 89, 8, 13, 37, 80, 12,
15, 89, 94, 28, 77, 66, 98, 73, 50, 22,
81, 33, 60, 47, 81, 92, 18, 46, 86, 57,
62, 4, 90, 58, 18, 45, 66, 31, 48, 11,
43, 64, 0, 36, 92, 43, 69, 56, 82, 85,
78, 63, 84, 4, 9, 30, 96, 94, 76, 48]
[[524, 159, 1957], [1909, 1561, 443], [1997, 1310, 184], [1971, 449, 197], [771, 119, 427], [1594, 1558, 203], [1621, 424, 1418], [1594, 1749, 457], [460, 629, 1786], [389, 599, 707],
[1427, 1124, 867], [1216, 865, 388], [1532, 822, 1570], [1716, 625, 1892], [1913, 1396, 1883], [173, 822, 1401], [248, 404, 1825], [1666, 1870, 1534], [84, 290, 124], [1742, 552, 595],
[410, 1851, 1591], [1149, 1028, 416], [1537, 520, 1110], [940, 68, 1735], [792, 1982, 963], [635, 2027, 1786], [1908, 235, 22], [1565, 1901, 1764], [932, 1857, 14], [1056, 1560, 438],
[1523, 1842, 250], [1075, 951, 1150], [1363, 320, 1670], [306, 1132, 1610], [1913, 1796, 1552], [837, 391, 1411], [455, 131, 1646], [349, 1697, 1380], [73, 589, 1197], [1999, 1517, 589],
[398, 872, 391], [648, 1947, 1214], [1670, 1143, 1407], [1300, 1321, 499], [742, 1194, 256], [255, 1903, 519], [1538, 318, 651], [1145, 667, 180], [357, 612, 769], [1426, 572, 118],
[2016, 970, 990], [239, 1490, 770], [1326, 1120, 1913], [693, 252, 1194], [1192, 994, 220], [1448, 1121, 84], [1968, 492, 402], [451, 1509, 942], [631, 1866, 1554], [1400, 1252, 1998],
[1518, 1100, 800], [468, 1340, 122], [1238, 626, 1114], [983, 1191, 1238], [9, 343, 65], [230, 1792, 1058], [314, 1592, 1550], [588, 3, 1019], [1402, 634, 717], [917, 1906, 1970],
[747, 1256, 1030], [1548, 1724, 202], [1542, 795, 700], [617, 1650, 1891], [1855, 1660, 195], [1792, 1762, 1859], [811, 36, 1283], [321, 496, 1286], [1213, 1899, 1792], [1930, 648, 1658],
[1860, 1395, 874], [723, 775, 430], [925, 278, 1097], [1498, 767, 708], [1349, 582, 200], [1416, 335, 1962], [1107, 1018, 1870], [350, 1339, 326], [1508, 512, 185], [1132, 275, 833],
[622, 95, 189], [1496, 690, 836], [1799, 1488, 1114], [728, 946, 1881], [1436, 127, 296], [1508, 1416, 503], [1430, 483, 1521], [1260, 706, 692], [1459, 46, 1077], [1644, 1179, 1352],
[438, 1673, 1319], [499, 1002, 2010], [1207, 761, 1458], [154, 1489, 236], [1907, 758, 363], [163, 98, 1779], [538, 1529, 95], [19, 621, 673], [584, 40, 591], [1661, 1557, 1642],
[973, 1867, 1276], [252, 198, 238], [222, 1405, 871], [1552, 1559, 192], [1788, 1427, 950], [2024, 1462, 921], [1635, 2001, 410], [1602, 1892, 903], [107, 436, 816], [699, 1969, 333],
[173, 902, 32], [1449, 1027, 230], [1559, 1121, 1635], [390, 634, 1155], [583, 254, 542], [1405, 110, 2004], [286, 1746, 1837], [568, 1180, 1690], [1344, 1288, 1998], [120, 1987, 1928]]
[[4, 7, 6, 1], [8, 9, 4, 1], [9, 5, 0, 5], [6, 9, 0, 6], [7, 7, 7, 4], [5, 10, 0, 5], [8, 8, 1, 1], [8, 8, 7, 10], [2, 2, 9, 0], [10, 2, 1, 8],
[8, 10, 3, 1], [9, 1, 7, 5], [8, 3, 9, 0], [1, 7, 5, 9], [4, 4, 10, 10], [10, 4, 10, 2], [5, 6, 0, 4], [9, 10, 1, 4], [9, 2, 5, 5], [3, 2, 0, 0],
[5, 7, 9, 6], [2, 3, 3, 4], [6, 0, 4, 5], [5, 1, 5, 10], [7, 5, 1, 3], [4, 2, 7, 3], [3, 0, 6, 6], [2, 6, 5, 5], [1, 3, 10, 3], [5, 2, 5, 0],
[0, 9, 3, 5], [8, 7, 2, 3], [1, 3, 6, 4], [4, 3, 5, 7], [1, 0, 0, 3], [5, 3, 6, 6], [7, 5, 7, 10], [5, 10, 8, 6], [7, 0, 9, 4], [7, 10, 7, 7],
[2, 1, 9, 4], [2, 3, 9, 3], [3, 8, 4, 6], [0, 10, 10, 5], [3, 4, 4, 6], [4, 1, 1, 0], [0, 9, 2, 7], [8, 10, 1, 8], [9, 10, 0, 0], [0, 9, 3, 2],
[4, 7, 8, 5], [6, 8, 10, 7], [10, 2, 3, 3], [3, 2, 3, 3], [0, 4, 9, 8], [3, 8, 4, 1], [8, 4, 10, 6], [0, 2, 8, 5], [9, 4, 8, 2], [10, 5, 10, 9],
[7, 2, 2, 0], [4, 3, 1, 3], [7, 8, 9, 8], [6, 2, 7, 1], [4, 6, 7, 5], [8, 5, 10, 4], [7, 5, 5, 6], [10, 4, 4, 7], [4, 6, 5, 6], [8, 4, 9, 2],
[2, 6, 0, 8], [8, 5, 9, 2], [10, 3, 5, 5], [6, 4, 10, 2], [7, 4, 8, 6], [6, 2, 0, 10], [6, 3, 3, 3], [8, 0, 4, 10], [6, 2, 5, 1], [7, 1, 3, 6],
[4, 6, 1, 0], [10, 9, 2, 4], [0, 9, 0, 6], [0, 0, 3, 4], [4, 4, 6, 10], [4, 10, 7, 10], [1, 1, 1, 6], [2, 2, 2, 4], [9, 1, 4, 6], [8, 5, 0, 8],
[1, 0, 1, 10], [9, 2, 3, 0], [6, 7, 10, 0], [6, 6, 10, 5], [5, 9, 1, 7], [1, 1, 10, 8], [2, 3, 3, 8], [6, 3, 5, 5], [1, 4, 4, 9], [6, 8, 9, 1],
[4, 7, 1, 9], [0, 10, 3, 6], [8, 2, 0, 7], [3, 10, 4, 3], [3, 6, 0, 7], [9, 5, 2, 9], [9, 6, 7, 2], [1, 3, 4, 4], [8, 3, 0, 9], [0, 1, 4, 7],
[4, 4, 3, 7], [4, 6, 0, 5], [1, 9, 10, 8], [4, 1, 6, 0], [6, 0, 1, 5], [2, 5, 7, 10], [6, 7, 8, 7], [7, 10, 3, 0], [4, 6, 5, 6], [10, 3, 0, 0],
[2, 8, 9, 6], [8, 2, 4, 1], [3, 5, 6, 3], [8, 1, 2, 4], [6, 9, 0, 2], [6, 1, 2, 10], [5, 8, 3, 5], [0, 1, 5, 2], [10, 1, 6, 7], [4, 9, 8, 5]]
[1, 1, 1, 1, 1, 0.2, 0.2, 0.2, 0.2, 0.2,
0.2, 0.2, 0.2, 0.2, 0.2, 0.2, 0.2, 0.2, 0.2, 0.2,
0.2, 0.2, 0.2, 0.2, 0.2, 0.2, 0.2, 0.2, 0.2, 0.2,
0.04, 0.04, 0.04, 0.04, 0.04, 0.04, 0.04, 0.04, 0.04, 0.04,
0.04, 0.04, 0.04, 0.04, 0.04, 0.04, 0.04, 0.04, 0.04, 0.04,
0.04, 0.04, 0.04, 0.04, 0.04, 0.008, 0.008, 0.008, 0.008, 0.008,
0.008, 0.008, 0.008, 0.008, 0.008, 0.008, 0.008, 0.008, 0.008, 0.008,
0.008, 0.008, 0.008, 0.008, 0.008, 0.008, 0.008, 0.008, 0.008, 0.008,
0.0016, 0.0016, 0.0016, 0.0016, 0.0016, 0.0016, 0.0016, 0.0016, 0.0016, 0.0016,
0.0016, 0.0016, 0.0016, 0.0016, 0.0016, 0.0016, 0.0016, 0.0016, 0.0016, 0.0016,
0.0016, 0.0016, 0.0016, 0.0016, 0.0016, 0.00032, 0.00032, 0.00032, 0.00032, 0.00032,
0.00032, 0.00032, 0.00032, 0.00032, 0.00032, 0.00032, 0.00032, 0.00032, 0.00032, 0.00032,
0.00032, 0.00032, 0.00032, 0.00032, 0.00032, 0.00032, 0.00032, 0.00032, 0.00032, 0.00032]
[16, 18, 9, 11, 12, 5, 8, 0, 14, 4,
3, 6, 6, 14, 18, 18, 6, 20, 18, 1,
14, 14, 6, 11, 5, 14, 7, 8, 6, 14,
6, 14, 4, 5, 19, 8, 8, 8, 14, 12,
11, 3, 4, 8, 10, 12, 11, 5, 14, 14,
15, 3, 19, 16, 8, 7, 11, 13, 0, 3,
19, 5, 17, 2, 18, 0, 13, 11, 13, 2,
10, 17, 20, 14, 6, 8, 9, 12, 20, 14,
6, 7, 16, 8, 0, 6, 18, 10, 8, 14,
20, 15, 11, 10, 17, 5, 18, 17, 5, 19,
11, 15, 2, 2, 6, 20, 14, 9, 17, 13,
2, 11, 3, 8, 8, 12, 4, 5, 9, 13,
0, 16, 4, 17, 2, 11, 2, 18, 4, 11]
------------------------------------------------------- 
# stage = 6	# children c = 5	length of each stage p = 5	nodes = 129	# items I = 1
