[22, 12, 19, 98, 14, 55, 68, 33, 40, 48,
5, 13, 92, 29, 14, 83, 86, 65, 28, 23,
33, 51, 25, 15, 98, 27, 29, 73, 15, 5,
34, 38, 17, 53, 35, 31, 74, 3, 30, 80,
17, 36, 93, 75]
[[789, 2000, 49], [1647, 1475, 480], [191, 674, 1881], [1831, 1064, 450], [1714, 1627, 661], [1042, 1063, 846], [403, 66, 1222], [440, 1905, 1993], [37, 1833, 1716], [655, 1658, 334],
[1836, 393, 1906], [1885, 2040, 898], [1938, 1804, 1145], [1764, 1152, 154], [160, 812, 1353], [393, 1426, 361], [1239, 1401, 2054], [2033, 1414, 1476], [1544, 1451, 1255], [1205, 1678, 858],
[1539, 1032, 823], [1391, 862, 381], [234, 745, 1757], [951, 27, 854], [1105, 1814, 1238], [403, 152, 610], [336, 964, 1583], [335, 514, 942], [1812, 3, 1965], [1012, 1208, 1589],
[1442, 693, 566], [1838, 1656, 1000], [164, 1462, 1318], [1921, 359, 917], [292, 1464, 676], [1531, 1440, 400], [1713, 1776, 1364], [1241, 57, 1451], [129, 1441, 1454], [39, 2025, 608],
[1628, 984, 873], [1766, 767, 474], [712, 931, 1508], [1602, 797, 1867]]
[[0, 0, 0, 4], [10, 8, 10, 8], [8, 6, 4, 7], [1, 5, 7, 2], [8, 0, 5, 4], [0, 7, 2, 4], [10, 8, 5, 1], [2, 0, 7, 0], [9, 7, 4, 9], [5, 4, 4, 0],
[10, 8, 5, 10], [0, 10, 1, 8], [10, 4, 0, 10], [0, 0, 1, 9], [8, 7, 10, 9], [5, 6, 9, 3], [1, 3, 1, 6], [7, 3, 4, 4], [9, 10, 3, 10], [9, 2, 5, 7],
[4, 5, 6, 5], [5, 6, 1, 1], [0, 9, 10, 5], [3, 8, 8, 4], [0, 8, 8, 5], [0, 1, 10, 10], [9, 0, 7, 8], [3, 1, 4, 7], [5, 8, 10, 8], [3, 9, 9, 1],
[8, 8, 6, 9], [4, 4, 2, 2], [10, 8, 8, 10], [7, 5, 9, 6], [5, 5, 1, 6], [5, 5, 1, 10], [2, 0, 7, 4], [8, 4, 5, 5], [1, 10, 3, 3], [1, 3, 6, 0],
[9, 3, 10, 5], [8, 7, 0, 0], [10, 1, 7, 4], [4, 8, 1, 5]]
[1, 1, 0.333333, 0.333333, 0.333333, 0.333333, 0.333333, 0.333333, 0.111111, 0.111111,
0.111111, 0.111111, 0.111111, 0.111111, 0.037037, 0.037037, 0.037037, 0.037037, 0.037037, 0.037037,
0.0123457, 0.0123457, 0.0123457, 0.0123457, 0.0123457, 0.0123457, 0.00411523, 0.00411523, 0.00411523, 0.00411523,
0.00411523, 0.00411523, 0.00137174, 0.00137174, 0.00137174, 0.00137174, 0.00137174, 0.00137174, 0.000457247, 0.000457247,
0.000457247, 0.000457247, 0.000457247, 0.000457247]
[1, 3, 9, 9, 2, 4, 9, 16, 15, 10,
16, 18, 10, 12, 15, 0, 5, 5, 6, 19,
10, 14, 7, 6, 12, 18, 12, 17, 5, 9,
14, 14, 8, 11, 9, 17, 7, 15, 16, 16,
12, 12, 4, 4]
------------------------------------------------------- 
# stage = 8	# children c = 3	length of each stage p = 2	nodes = 43	# items I = 1
