[56, 29, 7, 2, 48, 93, 89, 58, 17, 39,
65, 57, 45, 20, 52, 45, 34, 12, 99, 57,
62, 13, 58, 13, 23, 27, 23, 82, 94, 93,
39, 16, 21, 12, 18, 69, 5, 73, 26, 89,
78, 58, 11, 89, 78, 64]
[[869, 1131, 1634], [1238, 882, 1342], [1471, 909, 1216], [1296, 66, 992], [835, 1507, 882], [782, 256, 1018], [399, 966, 527], [1013, 447, 922], [1283, 1422, 1396], [85, 898, 747],
[38, 123, 234], [28, 933, 689], [942, 332, 1598], [514, 1629, 1236], [1506, 820, 671], [316, 1175, 927], [906, 1146, 1465], [1005, 87, 269], [1500, 1370, 47], [1252, 1455, 517],
[355, 1493, 640], [162, 1093, 1574], [851, 391, 262], [805, 477, 1463], [1613, 1555, 212], [640, 227, 959], [1567, 1134, 461], [961, 495, 548], [1230, 351, 1490], [849, 1176, 1302],
[1366, 1531, 723], [1578, 1265, 173], [1508, 472, 136], [1343, 849, 186], [1162, 818, 97], [946, 1458, 325], [261, 954, 1031], [294, 271, 1526], [842, 1501, 1450], [261, 278, 982],
[1135, 0, 441], [214, 1578, 63], [1603, 1015, 107], [1312, 286, 957], [1498, 1020, 131], [1595, 323, 1162]]
[[10, 9, 2, 6], [0, 5, 0, 5], [8, 3, 0, 5], [3, 10, 2, 5], [7, 8, 8, 2], [2, 5, 7, 2], [4, 9, 8, 8], [1, 7, 1, 9], [5, 3, 2, 6], [6, 3, 9, 3],
[4, 7, 7, 8], [6, 7, 0, 0], [5, 8, 2, 7], [0, 9, 7, 3], [5, 2, 0, 4], [8, 10, 1, 2], [2, 3, 6, 8], [6, 2, 9, 9], [10, 3, 4, 3], [0, 4, 4, 3],
[0, 4, 8, 0], [3, 5, 3, 6], [5, 1, 0, 2], [9, 1, 5, 0], [2, 9, 6, 7], [1, 3, 5, 0], [6, 9, 1, 6], [0, 5, 7, 0], [10, 5, 10, 0], [10, 0, 6, 2],
[0, 4, 5, 9], [3, 8, 8, 6], [6, 3, 2, 5], [4, 7, 5, 0], [3, 5, 4, 3], [10, 1, 4, 7], [4, 3, 7, 3], [3, 1, 3, 3], [5, 8, 0, 9], [5, 8, 4, 10],
[0, 6, 4, 3], [0, 8, 1, 3], [2, 5, 6, 10], [4, 8, 7, 8], [0, 1, 9, 2], [2, 2, 3, 6]]
[1, 1, 0.5, 0.5, 0.5, 0.5, 0.25, 0.25, 0.25, 0.25,
0.125, 0.125, 0.125, 0.125, 0.0625, 0.0625, 0.0625, 0.0625, 0.03125, 0.03125,
0.03125, 0.03125, 0.015625, 0.015625, 0.015625, 0.015625, 0.0078125, 0.0078125, 0.0078125, 0.0078125,
0.00390625, 0.00390625, 0.00390625, 0.00390625, 0.00195312, 0.00195312, 0.00195312, 0.00195312, 0.000976562, 0.000976562,
0.000976562, 0.000976562, 0.000488281, 0.000488281, 0.000488281, 0.000488281]
[12, 7, 3, 5, 16, 12, 5, 7, 8, 16,
5, 11, 3, 4, 15, 15, 6, 7, 0, 9,
15, 11, 6, 15, 13, 14, 15, 7, 7, 12,
7, 6, 16, 5, 1, 6, 10, 2, 0, 13,
14, 13, 2, 4, 6, 5]
------------------------------------------------------- 
# stage = 12	# children c = 2	length of each stage p = 2	nodes = 45	# items I = 1
