[88, 62, 11, 79, 25, 42, 21, 10, 78, 83,
75, 13, 27, 62, 87, 85, 24, 34, 24, 87,
77, 57, 42, 45, 88, 88, 38, 54, 17, 33,
73, 4, 95, 84, 49, 19, 26, 71, 96, 70,
53, 71, 83, 46, 99, 36, 97, 23, 70, 87,
76, 12, 43, 84, 24, 30, 72, 28, 84, 89,
61, 23, 59, 22, 6, 7, 7, 99, 44]
[[825, 908, 711], [38, 538, 153], [769, 628, 103], [524, 51, 430], [743, 335, 711], [374, 148, 491], [440, 768, 64], [623, 802, 124], [329, 818, 876], [771, 58, 283],
[895, 923, 265], [680, 35, 843], [873, 804, 545], [10, 362, 596], [441, 139, 931], [226, 553, 154], [717, 67, 922], [782, 691, 798], [906, 94, 691], [856, 905, 789],
[214, 834, 746], [479, 589, 821], [357, 496, 659], [942, 507, 95], [573, 22, 274], [538, 248, 867], [692, 39, 935], [689, 821, 700], [521, 761, 834], [286, 652, 774],
[109, 906, 682], [895, 419, 305], [750, 816, 842], [443, 793, 423], [578, 400, 445], [852, 12, 733], [754, 745, 772], [763, 468, 668], [497, 63, 503], [365, 350, 229],
[213, 499, 169], [896, 429, 589], [275, 213, 479], [151, 697, 306], [574, 309, 746], [93, 196, 799], [866, 24, 578], [713, 787, 120], [415, 318, 183], [918, 723, 573],
[182, 937, 107], [391, 907, 576], [14, 256, 789], [534, 408, 520], [880, 56, 830], [661, 190, 100], [534, 90, 124], [146, 843, 911], [266, 292, 303], [489, 285, 60],
[137, 507, 71], [284, 898, 52], [860, 953, 309], [723, 521, 757], [278, 435, 813], [182, 170, 77], [282, 704, 168], [406, 890, 85], [391, 230, 378]]
[[8, 5, 2, 1], [8, 7, 4, 1], [0, 6, 7, 3], [7, 6, 3, 8], [3, 3, 0, 0], [10, 7, 1, 5], [9, 2, 2, 4], [3, 9, 2, 9], [3, 3, 10, 0], [8, 1, 10, 9],
[8, 5, 10, 2], [0, 2, 10, 1], [6, 9, 1, 5], [5, 2, 10, 2], [3, 10, 6, 6], [8, 6, 4, 10], [9, 1, 8, 5], [2, 6, 1, 8], [0, 0, 10, 9], [1, 8, 10, 5],
[4, 0, 10, 7], [0, 7, 9, 3], [4, 4, 7, 0], [0, 9, 10, 7], [10, 7, 10, 0], [0, 0, 8, 0], [10, 6, 7, 0], [3, 4, 5, 5], [2, 2, 1, 3], [9, 0, 6, 0],
[2, 1, 0, 2], [10, 10, 8, 10], [5, 7, 10, 5], [8, 5, 4, 7], [0, 9, 5, 1], [3, 10, 6, 5], [1, 8, 6, 8], [6, 2, 8, 8], [1, 7, 9, 0], [6, 6, 8, 9],
[0, 5, 4, 8], [0, 6, 2, 9], [4, 7, 0, 7], [4, 4, 0, 3], [10, 6, 0, 5], [6, 7, 1, 7], [3, 10, 8, 7], [3, 3, 6, 3], [9, 8, 10, 9], [1, 10, 5, 5],
[7, 3, 0, 9], [8, 0, 2, 5], [4, 2, 9, 0], [7, 10, 5, 10], [7, 2, 5, 10], [6, 0, 0, 2], [6, 8, 9, 7], [8, 3, 10, 2], [7, 10, 0, 2], [8, 2, 7, 2],
[5, 3, 2, 10], [2, 7, 8, 7], [8, 2, 4, 1], [2, 5, 3, 6], [2, 10, 2, 10], [2, 1, 1, 7], [10, 0, 9, 7], [2, 4, 9, 5], [7, 9, 5, 8]]
[1, 1, 1, 0.5, 0.5, 0.5, 0.5, 0.5, 0.5, 0.25,
0.25, 0.25, 0.25, 0.25, 0.25, 0.125, 0.125, 0.125, 0.125, 0.125,
0.125, 0.0625, 0.0625, 0.0625, 0.0625, 0.0625, 0.0625, 0.03125, 0.03125, 0.03125,
0.03125, 0.03125, 0.03125, 0.015625, 0.015625, 0.015625, 0.015625, 0.015625, 0.015625, 0.0078125,
0.0078125, 0.0078125, 0.0078125, 0.0078125, 0.0078125, 0.00390625, 0.00390625, 0.00390625, 0.00390625, 0.00390625,
0.00390625, 0.00195312, 0.00195312, 0.00195312, 0.00195312, 0.00195312, 0.00195312, 0.000976562, 0.000976562, 0.000976562,
0.000976562, 0.000976562, 0.000976562, 0.000488281, 0.000488281, 0.000488281, 0.000488281, 0.000488281, 0.000488281]
[8, 6, 4, 7, 6, 7, 2, 4, 4, 8,
3, 9, 4, 7, 2, 7, 0, 5, 0, 6,
1, 4, 8, 0, 6, 9, 5, 9, 3, 1,
5, 9, 6, 3, 8, 5, 6, 7, 7, 7,
9, 6, 6, 8, 6, 9, 9, 1, 7, 6,
4, 9, 2, 5, 9, 8, 2, 7, 5, 9,
8, 7, 1, 7, 2, 7, 9, 9, 8]
------------------------------------------------------- 
# stage = 12	# children c = 2	length of each stage p = 3	nodes = 68	# items I = 1
