[56, 75, 3, 41, 68, 30, 36, 78, 66, 59,
95, 98, 53, 33, 41, 53, 0, 14, 9, 30,
80, 95, 82, 95, 22, 84, 9, 60, 20, 73,
81, 42, 48, 50, 83, 15, 47, 18, 60, 12,
43, 20, 76, 62, 19, 16, 14, 20, 98, 90,
16, 43, 51, 99, 38, 73, 48, 47, 33, 69,
86, 80, 10, 33, 97, 60, 15, 43, 78, 41,
21, 88, 61, 97, 49, 80, 80, 30, 66, 77,
86, 49, 19, 36, 47, 23, 9, 61, 36, 8,
29, 22, 88, 6, 21, 50, 66, 36, 93, 9,
77, 80, 63, 3, 77, 79, 50, 22, 8, 82]
[[49, 987, 184], [558, 665, 181], [393, 668, 429], [668, 36, 806], [585, 759, 815], [198, 418, 345], [740, 977, 383], [735, 646, 668], [521, 496, 313], [167, 719, 757],
[101, 769, 164], [841, 259, 830], [510, 140, 986], [940, 809, 511], [166, 326, 202], [981, 12, 620], [259, 752, 17], [130, 975, 663], [286, 429, 647], [600, 596, 299],
[845, 185, 556], [498, 515, 303], [260, 1025, 443], [734, 897, 184], [177, 1064, 1067], [379, 465, 11], [487, 724, 764], [504, 854, 671], [655, 73, 588], [235, 161, 672],
[22, 1006, 858], [66, 436, 305], [369, 184, 818], [300, 407, 136], [1041, 584, 688], [1040, 452, 85], [539, 939, 810], [235, 932, 84], [395, 7, 157], [983, 798, 874],
[588, 820, 813], [934, 374, 737], [727, 231, 410], [477, 532, 817], [101, 1061, 889], [789, 1033, 273], [875, 1060, 701], [105, 784, 53], [189, 111, 60], [903, 582, 347],
[709, 658, 99], [1010, 524, 1030], [168, 739, 193], [578, 705, 725], [883, 806, 718], [192, 16, 171], [466, 379, 720], [655, 484, 436], [708, 161, 547], [256, 552, 617],
[603, 194, 208], [703, 692, 220], [665, 860, 960], [346, 926, 597], [4, 229, 891], [210, 422, 907], [938, 888, 218], [590, 475, 190], [514, 671, 352], [1061, 927, 904],
[98, 463, 586], [306, 654, 211], [527, 807, 559], [975, 85, 418], [504, 645, 647], [327, 856, 557], [723, 214, 377], [941, 292, 340], [64, 806, 499], [972, 287, 359],
[296, 385, 822], [883, 180, 964], [582, 707, 703], [629, 614, 788], [1047, 606, 366], [115, 421, 710], [672, 76, 412], [538, 506, 192], [366, 570, 486], [866, 474, 773],
[157, 770, 646], [467, 73, 826], [363, 143, 1021], [554, 773, 55], [830, 240, 661], [684, 355, 15], [882, 516, 647], [226, 542, 85], [974, 908, 143], [392, 706, 105],
[653, 351, 364], [232, 306, 437], [546, 669, 69], [500, 711, 842], [43, 474, 14], [705, 90, 926], [208, 973, 930], [343, 131, 404], [429, 594, 244], [572, 986, 439]]
[[0, 3, 5, 2], [9, 8, 2, 10], [2, 3, 5, 0], [10, 7, 4, 9], [4, 4, 9, 1], [8, 2, 5, 0], [0, 0, 10, 0], [6, 5, 9, 6], [7, 3, 8, 5], [1, 8, 4, 1],
[1, 7, 1, 9], [3, 4, 7, 5], [6, 4, 5, 3], [6, 10, 2, 4], [8, 10, 3, 3], [3, 1, 7, 10], [4, 4, 2, 3], [0, 4, 4, 10], [9, 4, 8, 10], [8, 3, 5, 3],
[7, 10, 5, 0], [7, 5, 4, 2], [2, 7, 3, 5], [8, 10, 2, 0], [1, 2, 3, 1], [4, 6, 0, 2], [10, 7, 2, 5], [8, 5, 6, 2], [2, 9, 2, 7], [1, 4, 9, 4],
[1, 1, 7, 7], [9, 10, 5, 10], [10, 9, 10, 4], [2, 8, 4, 10], [2, 4, 4, 10], [7, 8, 1, 9], [7, 3, 3, 8], [8, 1, 10, 7], [0, 7, 1, 7], [4, 7, 7, 3],
[3, 6, 5, 5], [1, 10, 4, 4], [3, 6, 3, 0], [1, 3, 7, 6], [6, 0, 4, 1], [10, 1, 6, 9], [8, 8, 5, 1], [4, 10, 3, 7], [3, 8, 1, 5], [7, 3, 9, 9],
[7, 10, 7, 6], [2, 1, 2, 7], [10, 6, 6, 8], [5, 2, 6, 3], [8, 9, 2, 1], [9, 5, 8, 10], [3, 7, 4, 8], [8, 0, 6, 2], [9, 0, 8, 9], [2, 10, 3, 1],
[3, 10, 9, 9], [10, 2, 10, 7], [10, 1, 8, 8], [7, 3, 5, 8], [8, 10, 5, 5], [8, 10, 5, 6], [10, 2, 3, 10], [0, 6, 1, 3], [3, 8, 10, 2], [9, 9, 7, 8],
[0, 4, 3, 5], [5, 8, 2, 2], [5, 7, 5, 3], [6, 8, 7, 4], [0, 8, 3, 9], [4, 4, 1, 7], [0, 1, 8, 9], [8, 4, 6, 8], [7, 9, 0, 1], [6, 2, 2, 10],
[10, 5, 2, 3], [3, 7, 7, 1], [5, 0, 10, 7], [2, 9, 1, 2], [8, 9, 9, 6], [1, 4, 1, 8], [0, 2, 7, 5], [2, 7, 4, 1], [2, 4, 3, 3], [0, 10, 2, 3],
[8, 10, 8, 9], [8, 10, 9, 4], [6, 8, 8, 7], [10, 9, 2, 0], [9, 10, 5, 1], [6, 9, 0, 6], [2, 1, 9, 0], [10, 9, 4, 7], [8, 10, 3, 4], [9, 2, 8, 3],
[10, 3, 10, 9], [1, 2, 9, 9], [10, 1, 8, 5], [10, 6, 1, 1], [8, 8, 0, 7], [5, 2, 1, 2], [1, 5, 4, 9], [7, 1, 1, 4], [4, 9, 0, 4], [9, 8, 0, 8]]
[1, 1, 1, 1, 1, 0.333333, 0.333333, 0.333333, 0.333333, 0.333333,
0.333333, 0.333333, 0.333333, 0.333333, 0.333333, 0.333333, 0.333333, 0.333333, 0.333333, 0.333333,
0.111111, 0.111111, 0.111111, 0.111111, 0.111111, 0.111111, 0.111111, 0.111111, 0.111111, 0.111111,
0.111111, 0.111111, 0.111111, 0.111111, 0.111111, 0.037037, 0.037037, 0.037037, 0.037037, 0.037037,
0.037037, 0.037037, 0.037037, 0.037037, 0.037037, 0.037037, 0.037037, 0.037037, 0.037037, 0.037037,
0.0123457, 0.0123457, 0.0123457, 0.0123457, 0.0123457, 0.0123457, 0.0123457, 0.0123457, 0.0123457, 0.0123457,
0.0123457, 0.0123457, 0.0123457, 0.0123457, 0.0123457, 0.00411523, 0.00411523, 0.00411523, 0.00411523, 0.00411523,
0.00411523, 0.00411523, 0.00411523, 0.00411523, 0.00411523, 0.00411523, 0.00411523, 0.00411523, 0.00411523, 0.00411523,
0.00137174, 0.00137174, 0.00137174, 0.00137174, 0.00137174, 0.00137174, 0.00137174, 0.00137174, 0.00137174, 0.00137174,
0.00137174, 0.00137174, 0.00137174, 0.00137174, 0.00137174, 0.000457247, 0.000457247, 0.000457247, 0.000457247, 0.000457247,
0.000457247, 0.000457247, 0.000457247, 0.000457247, 0.000457247, 0.000457247, 0.000457247, 0.000457247, 0.000457247, 0.000457247]
[0, 18, 3, 2, 12, 12, 16, 9, 8, 11,
11, 11, 3, 21, 21, 10, 3, 1, 15, 8,
18, 8, 18, 15, 12, 14, 21, 14, 2, 10,
14, 19, 20, 19, 3, 18, 0, 10, 0, 0,
4, 12, 16, 3, 12, 18, 8, 20, 11, 19,
0, 9, 17, 17, 21, 4, 8, 4, 16, 18,
17, 10, 5, 7, 4, 6, 17, 3, 11, 4,
14, 9, 0, 20, 16, 19, 5, 12, 14, 0,
19, 21, 18, 0, 18, 11, 10, 6, 7, 21,
17, 9, 2, 5, 12, 10, 6, 19, 7, 5,
0, 10, 10, 15, 17, 14, 9, 7, 17, 1]
------------------------------------------------------- 
# stage = 8	# children c = 3	length of each stage p = 5	nodes = 109	# items I = 1
