[92, 22, 40, 23, 97, 65, 14, 5, 77, 13,
66, 98, 34, 30, 12, 42, 16, 13, 48, 80,
23, 19, 17, 74, 21, 65, 8, 53, 6, 55,
48, 98, 78, 54, 87, 40, 19, 67, 45, 96,
46, 77, 59, 47, 7, 37, 89, 90, 50, 2,
69, 40, 88, 53, 13, 8, 17, 89, 61, 90,
43, 76, 53, 87, 29, 39, 26, 14, 73, 37,
76, 18, 14, 35, 65, 88, 72, 19, 77, 89,
21, 46, 28, 8, 99, 7, 83, 82, 96, 10,
72, 5, 86, 24, 58, 81, 30, 85, 96, 2,
88, 71]
[[1203, 353, 1755], [433, 288, 1307], [1719, 1809, 711], [325, 435, 1027], [125, 210, 745], [1542, 1768, 730], [339, 1333, 288], [801, 150, 40], [1043, 1765, 2066], [1912, 29, 1357],
[108, 1232, 675], [1863, 629, 963], [0, 214, 1736], [1810, 1637, 1135], [703, 1763, 309], [1448, 1171, 2077], [44, 1511, 1276], [332, 1276, 1426], [1471, 1283, 1058], [367, 25, 51],
[689, 134, 247], [1364, 961, 877], [1291, 2060, 55], [1991, 1736, 1693], [992, 305, 286], [1302, 717, 421], [1245, 1859, 896], [388, 1155, 39], [778, 1590, 286], [800, 1958, 312],
[1949, 1611, 446], [63, 841, 371], [2038, 1096, 297], [2093, 953, 2033], [616, 1945, 1302], [902, 77, 2019], [1324, 287, 1744], [86, 675, 766], [1223, 417, 222], [1510, 182, 1144],
[1822, 2131, 621], [1232, 60, 426], [1603, 1062, 1522], [1901, 2120, 1439], [764, 602, 1251], [2067, 469, 292], [1952, 757, 579], [527, 1941, 218], [257, 2129, 1734], [479, 1505, 1916],
[588, 157, 1913], [173, 353, 938], [600, 1956, 964], [1086, 687, 950], [392, 1452, 1553], [607, 1385, 986], [899, 167, 707], [1479, 1792, 514], [661, 2049, 509], [261, 1493, 978],
[43, 2081, 99], [921, 120, 452], [823, 1818, 1373], [1787, 771, 2060], [604, 127, 342], [1121, 734, 1727], [2107, 1633, 859], [680, 2076, 517], [158, 604, 1531], [1766, 1963, 890],
[1708, 2007, 837], [1808, 794, 2055], [126, 581, 1740], [463, 234, 1475], [390, 838, 1602], [732, 1959, 202], [1424, 896, 799], [1247, 540, 1840], [728, 699, 310], [125, 331, 1237],
[1015, 1003, 1110], [816, 677, 868], [738, 1902, 1449], [1442, 231, 648], [1881, 621, 1486], [1349, 318, 276], [515, 1742, 1172], [1314, 1953, 1713], [1020, 547, 1376], [294, 673, 671],
[1532, 1688, 1674], [1606, 1469, 218], [1439, 1171, 1084], [754, 479, 1315], [1402, 1324, 901], [1853, 539, 1219], [2129, 1054, 1925], [131, 1332, 1744], [808, 1317, 157], [50, 575, 1928],
[721, 1071, 447], [1360, 544, 1916]]
[[5, 6, 7, 1], [3, 10, 0, 6], [10, 10, 5, 5], [9, 9, 0, 9], [8, 8, 8, 2], [8, 9, 0, 5], [7, 0, 3, 1], [3, 7, 10, 8], [2, 6, 9, 4], [3, 8, 8, 0],
[5, 2, 3, 1], [0, 4, 10, 8], [1, 7, 0, 7], [3, 9, 1, 0], [7, 3, 1, 10], [10, 9, 5, 10], [3, 2, 1, 6], [10, 9, 5, 2], [0, 8, 3, 9], [1, 3, 5, 0],
[10, 3, 7, 1], [10, 7, 1, 6], [10, 2, 3, 7], [10, 8, 6, 2], [10, 8, 6, 7], [4, 0, 9, 3], [7, 0, 1, 6], [3, 4, 7, 0], [7, 1, 1, 4], [8, 2, 10, 7],
[3, 0, 3, 2], [7, 8, 2, 4], [3, 8, 10, 7], [7, 8, 10, 3], [6, 10, 9, 9], [3, 3, 8, 9], [5, 9, 2, 2], [10, 0, 8, 0], [0, 9, 0, 5], [6, 2, 10, 7],
[10, 9, 4, 4], [4, 1, 7, 0], [0, 6, 7, 4], [9, 4, 0, 3], [3, 2, 4, 0], [2, 1, 0, 1], [10, 9, 4, 4], [0, 3, 0, 8], [10, 2, 2, 2], [4, 9, 0, 4],
[2, 7, 6, 10], [1, 6, 0, 2], [9, 4, 0, 9], [5, 9, 8, 3], [7, 2, 5, 7], [3, 5, 2, 1], [8, 4, 3, 1], [1, 3, 3, 1], [8, 10, 0, 7], [5, 1, 7, 1],
[5, 7, 9, 9], [5, 4, 10, 1], [6, 4, 6, 8], [7, 7, 7, 2], [9, 8, 3, 10], [9, 5, 1, 6], [4, 10, 3, 7], [0, 10, 7, 4], [5, 5, 0, 10], [9, 10, 10, 3],
[1, 3, 9, 8], [10, 5, 0, 9], [2, 1, 8, 0], [6, 7, 4, 10], [5, 7, 5, 3], [5, 1, 7, 10], [4, 7, 7, 2], [4, 6, 3, 5], [10, 1, 1, 9], [6, 1, 7, 8],
[0, 3, 6, 7], [8, 0, 4, 2], [5, 9, 6, 8], [8, 0, 7, 1], [6, 4, 2, 8], [8, 5, 1, 5], [7, 2, 4, 0], [1, 9, 7, 1], [10, 2, 6, 6], [0, 0, 6, 6],
[7, 10, 3, 3], [0, 9, 4, 4], [0, 6, 1, 8], [10, 2, 1, 6], [2, 5, 6, 3], [1, 2, 5, 10], [3, 0, 5, 3], [9, 0, 7, 4], [9, 9, 7, 9], [5, 0, 0, 5],
[5, 10, 0, 4], [0, 1, 8, 2]]
[1, 1, 1, 0.333333, 0.333333, 0.333333, 0.333333, 0.333333, 0.333333, 0.333333,
0.333333, 0.333333, 0.111111, 0.111111, 0.111111, 0.111111, 0.111111, 0.111111, 0.111111, 0.111111,
0.111111, 0.037037, 0.037037, 0.037037, 0.037037, 0.037037, 0.037037, 0.037037, 0.037037, 0.037037,
0.0123457, 0.0123457, 0.0123457, 0.0123457, 0.0123457, 0.0123457, 0.0123457, 0.0123457, 0.0123457, 0.00411523,
0.00411523, 0.00411523, 0.00411523, 0.00411523, 0.00411523, 0.00411523, 0.00411523, 0.00411523, 0.00137174, 0.00137174,
0.00137174, 0.00137174, 0.00137174, 0.00137174, 0.00137174, 0.00137174, 0.00137174, 0.000457247, 0.000457247, 0.000457247,
0.000457247, 0.000457247, 0.000457247, 0.000457247, 0.000457247, 0.000457247, 0.000152416, 0.000152416, 0.000152416, 0.000152416,
0.000152416, 0.000152416, 0.000152416, 0.000152416, 0.000152416, 5.08053e-05, 5.08053e-05, 5.08053e-05, 5.08053e-05, 5.08053e-05,
5.08053e-05, 5.08053e-05, 5.08053e-05, 5.08053e-05, 1.69351e-05, 1.69351e-05, 1.69351e-05, 1.69351e-05, 1.69351e-05, 1.69351e-05,
1.69351e-05, 1.69351e-05, 1.69351e-05, 5.64503e-06, 5.64503e-06, 5.64503e-06, 5.64503e-06, 5.64503e-06, 5.64503e-06, 5.64503e-06,
5.64503e-06, 5.64503e-06]
[3, 20, 0, 0, 12, 13, 20, 6, 21, 12,
14, 20, 10, 11, 7, 20, 20, 16, 7, 0,
17, 15, 0, 8, 10, 14, 13, 5, 4, 5,
8, 18, 15, 1, 2, 18, 11, 10, 12, 7,
13, 1, 10, 1, 0, 2, 3, 9, 8, 16,
7, 5, 1, 2, 7, 11, 5, 18, 16, 8,
21, 19, 6, 18, 14, 20, 4, 12, 14, 16,
0, 16, 14, 21, 6, 19, 14, 6, 21, 9,
16, 10, 9, 21, 13, 0, 16, 16, 3, 15,
20, 16, 5, 9, 1, 17, 3, 11, 3, 14,
1, 5]
------------------------------------------------------- 
# stage = 12	# children c = 3	length of each stage p = 3	nodes = 101	# items I = 1
