[22, 4, 3, 77, 53, 26, 78, 78, 22, 8,
92, 27, 71, 32, 45, 4, 69, 51, 91, 0,
20, 46, 11, 44, 11, 44, 99, 64, 2, 47,
95, 24, 52, 64, 68, 71, 90, 45, 48, 11,
53, 5, 4, 90]
[[619, 35, 813], [75, 93, 210], [316, 231, 68], [887, 317, 884], [2, 365, 67], [563, 651, 143], [155, 797, 653], [536, 55, 761], [22, 563, 623], [639, 192, 621],
[82, 545, 390], [629, 621, 484], [839, 671, 449], [641, 612, 500], [579, 614, 865], [380, 232, 570], [258, 387, 156], [645, 657, 211], [460, 414, 508], [137, 107, 700],
[492, 869, 300], [883, 552, 655], [155, 180, 380], [604, 821, 46], [158, 189, 661], [757, 303, 627], [381, 561, 748], [271, 260, 459], [216, 454, 607], [725, 591, 714],
[213, 138, 371], [513, 755, 658], [902, 644, 838], [336, 36, 447], [383, 874, 370], [778, 685, 674], [193, 800, 23], [941, 126, 284], [188, 76, 472], [796, 801, 118],
[298, 69, 936], [670, 316, 479], [382, 273, 177], [8, 343, 893]]
[[4, 8, 4, 3], [4, 2, 1, 4], [0, 5, 6, 2], [10, 9, 3, 6], [1, 6, 1, 7], [2, 7, 5, 3], [8, 10, 1, 7], [7, 4, 9, 0], [10, 0, 3, 3], [2, 3, 6, 1],
[6, 10, 1, 5], [9, 4, 0, 10], [9, 0, 4, 0], [7, 9, 2, 3], [6, 3, 8, 3], [5, 7, 1, 5], [5, 3, 6, 6], [6, 10, 7, 10], [10, 8, 5, 8], [10, 3, 5, 8],
[1, 9, 7, 7], [5, 9, 10, 1], [10, 7, 2, 4], [1, 3, 7, 5], [4, 1, 0, 10], [0, 5, 10, 10], [0, 2, 5, 10], [3, 10, 6, 5], [8, 0, 1, 3], [9, 9, 2, 6],
[3, 2, 8, 3], [3, 5, 8, 8], [6, 6, 7, 4], [0, 4, 4, 9], [4, 9, 6, 8], [7, 1, 2, 2], [1, 1, 5, 8], [8, 5, 3, 9], [5, 1, 1, 9], [4, 7, 6, 8],
[0, 0, 1, 9], [3, 3, 7, 7], [0, 3, 2, 7], [2, 4, 9, 4]]
[1, 1, 0.333333, 0.333333, 0.333333, 0.333333, 0.333333, 0.333333, 0.111111, 0.111111,
0.111111, 0.111111, 0.111111, 0.111111, 0.037037, 0.037037, 0.037037, 0.037037, 0.037037, 0.037037,
0.0123457, 0.0123457, 0.0123457, 0.0123457, 0.0123457, 0.0123457, 0.00411523, 0.00411523, 0.00411523, 0.00411523,
0.00411523, 0.00411523, 0.00137174, 0.00137174, 0.00137174, 0.00137174, 0.00137174, 0.00137174, 0.000457247, 0.000457247,
0.000457247, 0.000457247, 0.000457247, 0.000457247]
[14, 0, 4, 10, 8, 1, 17, 13, 9, 2,
8, 11, 0, 4, 1, 5, 4, 8, 17, 2,
18, 15, 0, 17, 1, 8, 1, 18, 14, 15,
7, 6, 0, 13, 12, 18, 13, 6, 1, 17,
18, 5, 0, 16]
------------------------------------------------------- 
# stage = 8	# children c = 3	length of each stage p = 2	nodes = 43	# items I = 1
