[33, 52, 96, 89, 30, 61, 45, 22, 15, 73,
53, 93, 68, 77, 38, 11, 23, 52, 32, 57,
37, 26, 12, 94, 84, 89, 25, 87, 2, 22,
15, 2]
[[2512, 960, 2297], [2033, 433, 1870], [17, 2220, 2137], [231, 2091, 2439], [564, 615, 1646], [2319, 2019, 1186], [386, 349, 1295], [441, 1161, 171], [175, 1437, 173], [2264, 2076, 996],
[2425, 2050, 1956], [2185, 1545, 2389], [885, 1562, 1440], [2390, 1162, 361], [1659, 1094, 344], [767, 875, 2363], [1322, 630, 2081], [79, 1071, 704], [2157, 614, 2141], [2330, 2247, 1679],
[788, 2134, 1192], [2112, 1149, 2105], [1331, 2034, 1130], [233, 1254, 1660], [2500, 376, 216], [306, 511, 1092], [2038, 1833, 1722], [1581, 1913, 2161], [1653, 1532, 237], [1257, 692, 2484],
[2304, 848, 1449], [958, 422, 60]]
[[5, 4, 10, 9], [5, 7, 6, 9], [7, 6, 4, 10], [7, 6, 9, 2], [9, 4, 0, 7], [6, 4, 10, 1], [9, 3, 7, 8], [9, 4, 3, 3], [6, 0, 0, 10], [7, 6, 8, 2],
[10, 1, 1, 4], [8, 8, 5, 4], [1, 5, 0, 5], [8, 8, 6, 6], [1, 2, 1, 8], [4, 2, 0, 0], [3, 0, 8, 10], [4, 5, 10, 2], [4, 0, 6, 1], [6, 0, 5, 5],
[4, 3, 10, 1], [10, 3, 5, 9], [6, 7, 6, 8], [9, 6, 6, 1], [5, 3, 10, 9], [8, 9, 0, 2], [8, 7, 1, 3], [5, 5, 7, 9], [6, 6, 10, 5], [10, 5, 3, 3],
[10, 9, 0, 8], [3, 7, 8, 8]]
[1, 1, 0.333333, 0.333333, 0.333333, 0.333333, 0.333333, 0.333333, 0.111111, 0.111111,
0.111111, 0.111111, 0.111111, 0.111111, 0.037037, 0.037037, 0.037037, 0.037037, 0.037037, 0.037037,
0.0123457, 0.0123457, 0.0123457, 0.0123457, 0.0123457, 0.0123457, 0.00411523, 0.00411523, 0.00411523, 0.00411523,
0.00411523, 0.00411523]
[10, 4, 8, 5, 5, 11, 2, 6, 6, 4,
9, 1, 11, 4, 1, 0, 4, 2, 9, 1,
5, 4, 10, 1, 0, 10, 6, 8, 4, 7,
6, 9]
------------------------------------------------------- 
# stage = 6	# children c = 3	length of each stage p = 2	nodes = 31	# items I = 1
