[60, 87, 43, 13, 3, 99, 20, 3, 83, 70,
74, 20, 66, 28, 30, 63, 30, 43, 12, 38,
43, 63, 56]
[[1538, 1269, 377], [1657, 242, 770], [1123, 208, 593], [3, 972, 1657], [862, 1445, 904], [482, 1203, 1421], [1673, 159, 1686], [604, 1302, 1181], [293, 1636, 1403], [178, 1059, 851],
[850, 849, 380], [1220, 758, 614], [250, 142, 822], [835, 137, 46], [752, 999, 1491], [1648, 1482, 954], [1330, 1407, 1105], [1268, 263, 668], [702, 557, 556], [365, 735, 1607],
[1216, 1577, 716], [1588, 1057, 1467], [462, 1300, 1609]]
[[1, 1, 1, 4], [10, 2, 1, 9], [10, 4, 6, 8], [1, 3, 6, 3], [0, 7, 6, 4], [1, 2, 1, 9], [4, 8, 7, 1], [9, 1, 4, 9], [3, 3, 0, 0], [5, 0, 9, 2],
[4, 4, 10, 3], [6, 5, 5, 6], [10, 0, 8, 1], [0, 8, 8, 5], [5, 4, 4, 3], [6, 8, 10, 7], [9, 0, 5, 3], [0, 3, 5, 2], [6, 2, 5, 1], [6, 10, 5, 5],
[0, 3, 4, 0], [0, 2, 3, 3], [4, 8, 4, 10]]
[1, 0.5, 0.5, 0.25, 0.25, 0.125, 0.125, 0.0625, 0.0625, 0.03125,
0.03125, 0.015625, 0.015625, 0.0078125, 0.0078125, 0.00390625, 0.00390625, 0.00195312, 0.00195312, 0.000976562,
0.000976562, 0.000488281, 0.000488281]
[8, 8, 2, 4, 8, 0, 8, 7, 5, 8,
8, 2, 6, 6, 6, 7, 6, 8, 4, 6,
7, 8, 7]
------------------------------------------------------- 
# stage = 12	# children c = 2	length of each stage p = 1	nodes = 22	# items I = 1
