[86, 64, 85, 88, 79, 24, 40, 64, 32, 6,
86, 69, 4, 98, 30, 33, 89, 52, 6, 100,
69, 72, 46, 54, 63, 22, 33, 15, 44, 25,
53, 30, 89, 37, 17, 67, 27, 57, 30, 25,
29, 82, 94, 33, 80, 91, 33, 34, 42, 39,
100, 10, 77, 45, 30, 5, 34, 64, 87, 78,
55, 39, 74, 43, 42, 57, 77, 35, 80, 73,
61, 9, 21, 20, 8, 0, 10, 41, 34, 52,
47, 34, 29, 23, 45, 59, 96, 79, 89, 82,
57, 43, 88, 97, 53, 29, 54, 96, 65, 33,
68, 92, 42, 89, 11, 17, 55, 89, 58, 90]
[[757, 1720, 973], [57, 625, 1473], [259, 1898, 1472], [1081, 2029, 1208], [1839, 1472, 883], [682, 32, 1304], [1359, 2067, 2117], [559, 400, 1187], [234, 2121, 1979], [1785, 1378, 115],
[1309, 1429, 1835], [1576, 1486, 1754], [867, 1039, 1471], [1634, 2121, 612], [660, 1072, 2085], [837, 1048, 2117], [1435, 1701, 1296], [1370, 78, 1697], [1851, 312, 930], [1649, 1391, 1602],
[1764, 1995, 849], [712, 683, 1629], [284, 1551, 487], [1755, 297, 1902], [186, 251, 86], [1565, 1089, 429], [1500, 1818, 2130], [2091, 301, 27], [900, 2152, 1815], [1124, 913, 1025],
[544, 496, 132], [687, 502, 815], [134, 786, 184], [621, 1836, 1957], [1817, 1316, 27], [1904, 699, 410], [151, 1493, 46], [99, 1402, 1823], [1602, 1596, 1794], [1236, 538, 525],
[1555, 376, 315], [1687, 1063, 817], [320, 1198, 898], [1981, 1113, 552], [1050, 749, 1868], [1077, 471, 385], [1487, 2098, 1878], [828, 15, 393], [469, 1618, 1283], [81, 2148, 1822],
[2083, 1521, 1492], [1692, 1026, 374], [328, 640, 866], [1226, 1915, 1979], [1778, 784, 2022], [758, 1861, 1787], [1143, 461, 1703], [133, 1289, 1013], [2002, 1758, 1925], [1104, 1134, 1891],
[38, 1035, 524], [1530, 545, 844], [1198, 167, 778], [2064, 687, 512], [1156, 1759, 590], [290, 335, 1745], [2078, 772, 24], [893, 200, 607], [1200, 20, 1660], [237, 418, 612],
[1422, 1932, 941], [1946, 575, 1486], [2084, 1773, 948], [681, 950, 1635], [487, 1400, 507], [1077, 1690, 842], [2116, 880, 1615], [1435, 1068, 1109], [2042, 86, 1129], [1520, 324, 842],
[1426, 1746, 592], [185, 805, 1167], [966, 707, 53], [1914, 1388, 1003], [661, 1875, 1697], [1168, 64, 1205], [1305, 2181, 2086], [32, 1434, 266], [1141, 1294, 352], [1564, 2109, 2152],
[224, 1353, 1717], [817, 1539, 1816], [1278, 1799, 341], [625, 1531, 1730], [922, 1486, 717], [437, 473, 76], [1643, 1778, 75], [841, 1104, 803], [401, 63, 1391], [753, 1627, 1318],
[724, 1852, 1966], [1735, 1963, 1323], [663, 353, 234], [1004, 979, 1765], [2028, 1901, 363], [2040, 1633, 130], [2116, 1094, 1202], [9, 1229, 124], [812, 1630, 187], [21, 1677, 1815]]
[[8, 0, 10, 3], [7, 4, 10, 1], [0, 4, 6, 4], [9, 2, 9, 7], [2, 0, 2, 10], [2, 5, 9, 4], [1, 2, 0, 9], [10, 0, 5, 8], [9, 2, 9, 5], [5, 6, 6, 5],
[0, 2, 9, 7], [2, 5, 3, 4], [4, 3, 3, 6], [8, 10, 10, 7], [2, 9, 6, 10], [9, 9, 5, 7], [1, 4, 2, 6], [8, 6, 9, 6], [6, 5, 2, 9], [10, 3, 0, 3],
[6, 2, 7, 2], [1, 5, 9, 1], [3, 2, 1, 10], [10, 6, 6, 0], [8, 6, 4, 6], [0, 2, 1, 6], [5, 2, 2, 4], [5, 3, 6, 10], [3, 2, 10, 2], [5, 6, 4, 8],
[9, 3, 7, 6], [7, 1, 6, 5], [5, 8, 9, 5], [8, 8, 1, 2], [10, 3, 4, 3], [4, 10, 2, 7], [0, 10, 10, 3], [5, 1, 1, 1], [4, 6, 7, 9], [5, 0, 1, 9],
[8, 10, 3, 3], [8, 2, 5, 5], [4, 8, 8, 6], [7, 8, 3, 5], [7, 0, 9, 0], [10, 8, 1, 1], [1, 9, 10, 7], [9, 1, 5, 5], [9, 6, 8, 4], [7, 1, 10, 0],
[9, 5, 6, 3], [3, 7, 7, 8], [5, 5, 8, 4], [0, 10, 5, 1], [6, 3, 8, 2], [4, 0, 5, 2], [5, 3, 7, 1], [2, 4, 1, 0], [9, 5, 1, 10], [0, 8, 8, 5],
[2, 5, 8, 0], [2, 0, 2, 8], [3, 8, 9, 7], [7, 3, 8, 1], [4, 2, 2, 6], [6, 3, 4, 2], [6, 6, 2, 6], [3, 10, 1, 4], [2, 9, 2, 3], [7, 4, 9, 0],
[0, 7, 5, 7], [9, 2, 8, 2], [2, 10, 9, 8], [0, 0, 0, 6], [4, 0, 2, 8], [8, 1, 10, 8], [10, 1, 0, 6], [4, 10, 4, 4], [4, 10, 0, 2], [1, 6, 5, 4],
[5, 1, 10, 3], [10, 8, 9, 4], [6, 0, 1, 3], [1, 9, 1, 9], [8, 1, 3, 1], [9, 5, 3, 3], [4, 1, 3, 4], [7, 8, 6, 10], [7, 5, 2, 7], [1, 1, 0, 7],
[10, 10, 9, 1], [6, 10, 8, 3], [9, 9, 3, 6], [4, 6, 9, 8], [8, 1, 10, 2], [8, 5, 2, 2], [9, 4, 9, 10], [5, 7, 4, 5], [4, 2, 4, 10], [10, 10, 1, 7],
[7, 4, 2, 0], [8, 9, 6, 3], [8, 6, 6, 5], [9, 8, 6, 7], [1, 4, 4, 5], [10, 7, 8, 3], [9, 10, 1, 7], [7, 2, 3, 3], [6, 3, 1, 1], [1, 6, 5, 9]]
[1, 1, 1, 1, 1, 0.333333, 0.333333, 0.333333, 0.333333, 0.333333,
0.333333, 0.333333, 0.333333, 0.333333, 0.333333, 0.333333, 0.333333, 0.333333, 0.333333, 0.333333,
0.111111, 0.111111, 0.111111, 0.111111, 0.111111, 0.111111, 0.111111, 0.111111, 0.111111, 0.111111,
0.111111, 0.111111, 0.111111, 0.111111, 0.111111, 0.037037, 0.037037, 0.037037, 0.037037, 0.037037,
0.037037, 0.037037, 0.037037, 0.037037, 0.037037, 0.037037, 0.037037, 0.037037, 0.037037, 0.037037,
0.0123457, 0.0123457, 0.0123457, 0.0123457, 0.0123457, 0.0123457, 0.0123457, 0.0123457, 0.0123457, 0.0123457,
0.0123457, 0.0123457, 0.0123457, 0.0123457, 0.0123457, 0.00411523, 0.00411523, 0.00411523, 0.00411523, 0.00411523,
0.00411523, 0.00411523, 0.00411523, 0.00411523, 0.00411523, 0.00411523, 0.00411523, 0.00411523, 0.00411523, 0.00411523,
0.00137174, 0.00137174, 0.00137174, 0.00137174, 0.00137174, 0.00137174, 0.00137174, 0.00137174, 0.00137174, 0.00137174,
0.00137174, 0.00137174, 0.00137174, 0.00137174, 0.00137174, 0.000457247, 0.000457247, 0.000457247, 0.000457247, 0.000457247,
0.000457247, 0.000457247, 0.000457247, 0.000457247, 0.000457247, 0.000457247, 0.000457247, 0.000457247, 0.000457247, 0.000457247]
[9, 12, 10, 7, 3, 12, 16, 9, 5, 8,
20, 18, 9, 20, 5, 3, 16, 13, 8, 8,
7, 17, 10, 2, 10, 4, 8, 10, 4, 12,
4, 1, 6, 21, 11, 1, 5, 18, 19, 7,
4, 14, 6, 4, 9, 19, 8, 7, 10, 5,
11, 16, 21, 7, 6, 1, 0, 19, 16, 16,
18, 12, 9, 14, 2, 15, 2, 5, 16, 17,
0, 10, 10, 4, 7, 4, 9, 3, 11, 9,
13, 1, 7, 14, 14, 0, 1, 12, 14, 11,
10, 20, 6, 9, 16, 3, 19, 20, 7, 4,
15, 10, 9, 3, 10, 20, 3, 13, 17, 1]
------------------------------------------------------- 
# stage = 8	# children c = 3	length of each stage p = 5	nodes = 109	# items I = 1
