[1, 79, 36, 32, 65, 7, 21, 78, 33, 55,
54, 84, 29, 0, 89, 91, 95, 81, 35, 73,
74, 29, 94, 82, 89, 36, 38, 98, 15, 80,
14, 17, 59, 51, 49, 23, 58, 70, 1, 92,
25, 21, 41, 20, 21, 30, 78, 16, 10, 79,
89, 50]
[[162, 497, 622], [535, 741, 507], [712, 811, 835], [250, 799, 679], [138, 651, 630], [338, 198, 470], [679, 820, 668], [383, 739, 223], [500, 588, 778], [238, 689, 93],
[128, 255, 852], [750, 790, 139], [662, 48, 93], [43, 561, 34], [126, 699, 90], [757, 442, 288], [631, 525, 250], [441, 50, 131], [68, 813, 719], [846, 193, 812],
[343, 322, 209], [600, 476, 404], [739, 542, 714], [236, 585, 417], [271, 712, 521], [623, 15, 367], [53, 646, 34], [303, 491, 347], [697, 821, 302], [820, 810, 495],
[179, 557, 221], [650, 561, 102], [196, 443, 644], [53, 679, 634], [732, 354, 750], [657, 119, 765], [166, 434, 815], [201, 142, 448], [548, 839, 411], [850, 205, 625],
[749, 384, 587], [375, 177, 290], [477, 635, 137], [525, 92, 221], [563, 825, 837], [455, 624, 99], [624, 195, 795], [581, 396, 79], [433, 86, 322], [845, 340, 528],
[16, 493, 316], [7, 10, 493]]
[[8, 0, 3, 5], [4, 2, 10, 10], [7, 4, 2, 5], [2, 5, 6, 10], [1, 10, 4, 7], [10, 7, 7, 9], [0, 10, 5, 1], [7, 10, 6, 2], [9, 9, 7, 2], [0, 4, 10, 6],
[9, 0, 0, 9], [5, 4, 6, 6], [3, 8, 0, 3], [3, 8, 10, 3], [5, 4, 4, 2], [1, 9, 4, 10], [7, 10, 10, 8], [1, 10, 3, 10], [8, 1, 7, 2], [6, 0, 7, 7],
[9, 7, 10, 1], [2, 9, 4, 6], [0, 7, 6, 2], [5, 8, 10, 1], [7, 10, 7, 9], [7, 8, 6, 2], [8, 0, 4, 1], [1, 9, 8, 10], [4, 8, 9, 6], [4, 2, 10, 5],
[7, 5, 7, 1], [3, 4, 1, 8], [1, 6, 4, 6], [2, 0, 8, 10], [9, 2, 0, 10], [9, 6, 7, 2], [1, 5, 7, 6], [6, 6, 9, 2], [1, 3, 2, 2], [7, 3, 10, 7],
[7, 4, 2, 9], [2, 0, 8, 0], [0, 6, 9, 9], [2, 5, 10, 1], [0, 6, 5, 6], [1, 3, 6, 0], [4, 8, 2, 1], [0, 0, 8, 8], [2, 8, 4, 2], [8, 2, 0, 6],
[6, 9, 3, 6], [2, 2, 8, 2]]
[1, 1, 0.2, 0.2, 0.2, 0.2, 0.2, 0.2, 0.2, 0.2,
0.2, 0.2, 0.04, 0.04, 0.04, 0.04, 0.04, 0.04, 0.04, 0.04,
0.04, 0.04, 0.008, 0.008, 0.008, 0.008, 0.008, 0.008, 0.008, 0.008,
0.008, 0.008, 0.0016, 0.0016, 0.0016, 0.0016, 0.0016, 0.0016, 0.0016, 0.0016,
0.0016, 0.0016, 0.00032, 0.00032, 0.00032, 0.00032, 0.00032, 0.00032, 0.00032, 0.00032,
0.00032, 0.00032]
[17, 13, 1, 0, 8, 3, 10, 6, 4, 5,
6, 6, 17, 3, 4, 8, 1, 2, 12, 11,
5, 3, 16, 17, 12, 0, 3, 1, 12, 1,
0, 17, 9, 3, 3, 2, 9, 3, 16, 8,
6, 4, 11, 10, 7, 3, 16, 8, 2, 8,
5, 11]
------------------------------------------------------- 
# stage = 6	# children c = 5	length of each stage p = 2	nodes = 51	# items I = 1
