[24, 11, 66, 49, 5, 91, 7, 86, 21, 35,
70, 40, 67, 41, 88, 3, 62, 99, 51, 79,
100, 71, 44, 41, 23, 24, 98, 76, 6, 38,
19, 98, 16, 85, 46, 21, 42, 19, 6, 63,
55, 43, 3, 88, 50, 57, 91, 11, 55, 8,
57, 20, 79, 67, 61, 69, 91, 59, 44, 63,
63, 64, 26, 79, 14, 73, 66, 56, 58, 39,
86, 79, 82, 89, 66, 31, 11, 23, 8, 33,
31, 31, 53, 76, 98, 14, 44, 54, 39, 55,
84, 1, 85, 9, 47, 99, 48, 12, 21, 6,
51, 6, 85, 99, 61, 17, 96, 72, 40, 4,
4, 37, 1, 58, 12, 66, 38, 57, 19, 77,
78, 69, 78, 62, 79, 91, 26, 93, 3, 47,
99, 20, 19, 50, 19, 80, 67, 14, 18, 73,
85, 89, 9, 87, 12, 21, 18, 50, 44, 3,
93, 21, 73, 37, 49, 17, 27, 76, 9, 30,
89, 75, 17, 8, 24, 36, 54, 57, 16, 72,
29, 1, 27, 38, 54, 39, 25, 72, 56, 36]
[[553, 829, 1220], [910, 1747, 32], [88, 1591, 663], [1693, 1511, 1439], [701, 537, 1676], [1299, 1509, 168], [431, 746, 669], [1205, 512, 1326], [727, 631, 935], [939, 143, 374],
[235, 696, 295], [547, 698, 230], [580, 786, 913], [335, 1571, 612], [1775, 460, 1149], [731, 852, 1750], [899, 1283, 685], [660, 1580, 289], [174, 1399, 12], [1110, 526, 156],
[576, 1665, 1756], [1775, 1305, 643], [1097, 977, 521], [198, 1312, 281], [1714, 367, 1645], [1051, 190, 685], [81, 1089, 1060], [766, 842, 1733], [148, 1016, 1320], [160, 1218, 35],
[1220, 886, 792], [1165, 849, 285], [900, 134, 1262], [513, 332, 1667], [1698, 234, 222], [1532, 377, 413], [1309, 459, 594], [558, 317, 1436], [479, 465, 1545], [1799, 1530, 951],
[926, 30, 26], [1719, 287, 1779], [192, 1187, 102], [547, 793, 1338], [402, 679, 665], [1528, 1303, 1042], [129, 801, 593], [1628, 451, 911], [1252, 22, 468], [77, 913, 1090],
[1029, 28, 1121], [147, 1747, 1408], [114, 1031, 1688], [1120, 670, 669], [647, 1072, 440], [1312, 1693, 1744], [1446, 10, 1637], [228, 730, 276], [231, 1075, 298], [699, 1152, 1211],
[882, 1273, 331], [1095, 512, 1170], [691, 627, 390], [1471, 839, 152], [1232, 1486, 1225], [1673, 78, 1106], [1605, 1525, 208], [1430, 1753, 31], [798, 172, 1106], [1096, 1775, 1350],
[1399, 845, 812], [1731, 128, 1324], [1089, 1724, 1043], [571, 1383, 71], [724, 804, 649], [1041, 1569, 728], [1239, 1362, 441], [539, 72, 382], [570, 870, 1458], [768, 1058, 1421],
[307, 645, 1359], [211, 1468, 1487], [1535, 1650, 491], [1671, 1313, 967], [834, 1129, 863], [1483, 1262, 620], [1303, 1593, 170], [1744, 321, 1146], [1218, 1795, 204], [1768, 1656, 354],
[470, 151, 91], [17, 1266, 1560], [596, 81, 490], [1088, 1752, 1803], [1147, 1678, 213], [198, 442, 1475], [818, 1745, 1257], [80, 770, 670], [1226, 1080, 653], [522, 1037, 1401],
[876, 1507, 644], [967, 616, 98], [1619, 1212, 180], [1201, 1392, 1024], [285, 727, 891], [498, 925, 425], [1065, 835, 358], [510, 915, 220], [272, 1233, 1301], [18, 1755, 1430],
[1419, 1723, 217], [252, 1783, 833], [350, 682, 1137], [1434, 72, 718], [1551, 1261, 537], [630, 851, 1463], [1055, 104, 486], [505, 1519, 494], [726, 1791, 1727], [1119, 901, 763],
[1641, 509, 674], [46, 1665, 1549], [1783, 1107, 1324], [1108, 730, 488], [918, 469, 1749], [1456, 191, 788], [199, 338, 1796], [685, 1747, 595], [271, 1565, 575], [187, 872, 1476],
[950, 701, 1077], [716, 1651, 930], [1358, 714, 226], [870, 915, 48], [1358, 925, 1421], [387, 569, 1612], [267, 1672, 1042], [251, 1450, 977], [847, 1721, 731], [514, 96, 695],
[1082, 138, 489], [348, 1759, 1232], [370, 397, 135], [596, 1267, 1050], [1548, 1717, 163], [1157, 292, 1637], [957, 559, 1497], [1091, 1714, 1135], [257, 749, 137], [80, 355, 233],
[775, 1438, 1276], [1264, 878, 315], [685, 1248, 712], [1724, 937, 1071], [54, 673, 68], [1121, 19, 1264], [946, 68, 915], [1536, 1160, 817], [1763, 1417, 659], [88, 1497, 106],
[1226, 1364, 1544], [1594, 817, 610], [97, 594, 951], [1713, 506, 76], [64, 560, 749], [1036, 1681, 1672], [488, 1720, 1741], [1403, 1444, 1089], [1312, 487, 1598], [1063, 1480, 375],
[1170, 894, 1739], [902, 1580, 744], [605, 769, 430], [1556, 670, 936], [724, 1638, 588], [565, 862, 458], [426, 442, 1270], [355, 33, 1806], [536, 437, 481], [322, 1501, 149]]
[[3, 2, 1, 3], [1, 0, 5, 6], [3, 9, 10, 2], [3, 7, 5, 8], [9, 8, 6, 3], [6, 5, 9, 4], [5, 8, 1, 5], [5, 0, 7, 8], [2, 7, 10, 2], [7, 4, 8, 8],
[0, 5, 10, 3], [0, 3, 0, 9], [0, 6, 1, 4], [0, 10, 9, 3], [5, 8, 7, 8], [8, 3, 6, 8], [8, 3, 10, 2], [7, 5, 10, 8], [9, 8, 9, 9], [0, 10, 7, 0],
[3, 9, 4, 2], [6, 0, 3, 1], [8, 10, 7, 3], [1, 2, 1, 9], [3, 9, 1, 0], [2, 9, 6, 0], [6, 4, 9, 6], [1, 5, 4, 5], [1, 7, 5, 6], [7, 8, 5, 3],
[8, 1, 6, 7], [2, 5, 3, 5], [4, 2, 3, 6], [1, 9, 4, 7], [1, 2, 1, 2], [5, 5, 5, 5], [1, 10, 0, 7], [8, 5, 10, 3], [6, 3, 10, 8], [9, 0, 1, 0],
[3, 4, 4, 4], [3, 8, 9, 2], [8, 10, 4, 0], [3, 10, 5, 2], [9, 3, 9, 4], [6, 6, 7, 0], [8, 4, 6, 6], [5, 7, 4, 8], [10, 8, 10, 0], [3, 8, 2, 0],
[6, 6, 9, 9], [3, 2, 0, 2], [5, 8, 6, 10], [3, 1, 8, 9], [5, 3, 4, 10], [9, 6, 5, 8], [1, 4, 8, 4], [2, 8, 2, 6], [3, 1, 4, 7], [3, 2, 7, 6],
[10, 0, 3, 1], [1, 0, 10, 7], [2, 2, 4, 0], [6, 10, 6, 8], [1, 1, 1, 1], [9, 2, 7, 10], [1, 0, 4, 2], [1, 9, 8, 9], [10, 10, 8, 9], [10, 6, 3, 10],
[6, 8, 10, 1], [5, 3, 9, 6], [2, 9, 8, 9], [9, 2, 9, 10], [1, 0, 1, 2], [10, 7, 0, 7], [6, 7, 5, 4], [2, 7, 3, 8], [4, 1, 9, 7], [2, 6, 0, 5],
[2, 8, 3, 0], [9, 10, 10, 10], [9, 9, 1, 6], [5, 10, 0, 10], [6, 3, 3, 6], [10, 4, 3, 1], [5, 0, 8, 8], [6, 9, 0, 8], [4, 3, 8, 2], [1, 5, 1, 8],
[3, 0, 3, 6], [0, 3, 5, 4], [6, 6, 0, 6], [0, 1, 7, 5], [1, 3, 0, 5], [1, 0, 2, 3], [2, 8, 4, 1], [0, 5, 9, 3], [4, 10, 10, 2], [0, 2, 6, 6],
[9, 4, 10, 9], [6, 5, 1, 5], [8, 0, 0, 7], [0, 0, 8, 0], [9, 1, 10, 9], [5, 8, 0, 9], [5, 8, 0, 5], [10, 4, 10, 6], [9, 9, 4, 2], [3, 4, 7, 9],
[4, 7, 3, 2], [8, 1, 1, 4], [0, 0, 0, 5], [7, 9, 1, 1], [6, 10, 7, 4], [2, 6, 10, 9], [2, 2, 0, 4], [6, 5, 0, 8], [0, 4, 10, 6], [3, 0, 10, 1],
[10, 8, 5, 6], [7, 6, 5, 0], [4, 1, 2, 6], [5, 2, 4, 6], [2, 2, 10, 8], [7, 8, 3, 5], [1, 2, 0, 2], [1, 10, 4, 0], [6, 9, 4, 0], [2, 9, 0, 6],
[9, 3, 10, 3], [3, 1, 7, 5], [1, 4, 0, 7], [2, 3, 1, 1], [3, 2, 4, 2], [10, 8, 2, 5], [4, 6, 5, 6], [3, 4, 0, 1], [5, 8, 2, 6], [8, 10, 0, 9],
[3, 9, 5, 5], [10, 7, 7, 2], [7, 9, 5, 6], [4, 5, 10, 8], [10, 4, 1, 2], [6, 10, 3, 0], [8, 3, 6, 5], [2, 4, 1, 6], [0, 5, 9, 10], [10, 3, 0, 6],
[1, 3, 10, 5], [6, 9, 0, 5], [3, 2, 5, 9], [1, 6, 8, 7], [10, 3, 10, 10], [6, 10, 3, 6], [4, 2, 4, 3], [5, 4, 9, 5], [5, 8, 10, 0], [7, 0, 4, 8],
[0, 9, 4, 10], [3, 1, 7, 0], [3, 4, 10, 9], [3, 3, 2, 7], [3, 6, 8, 6], [8, 6, 0, 2], [2, 9, 3, 7], [7, 7, 2, 7], [3, 6, 6, 4], [6, 0, 4, 7],
[3, 2, 3, 4], [5, 5, 10, 6], [10, 7, 1, 7], [3, 2, 10, 3], [0, 0, 10, 5], [5, 1, 1, 6], [5, 5, 0, 0], [4, 2, 5, 5], [4, 8, 9, 7], [1, 8, 2, 0]]
[1, 1, 1, 1, 1, 0.2, 0.2, 0.2, 0.2, 0.2,
0.2, 0.2, 0.2, 0.2, 0.2, 0.2, 0.2, 0.2, 0.2, 0.2,
0.2, 0.2, 0.2, 0.2, 0.2, 0.2, 0.2, 0.2, 0.2, 0.2,
0.04, 0.04, 0.04, 0.04, 0.04, 0.04, 0.04, 0.04, 0.04, 0.04,
0.04, 0.04, 0.04, 0.04, 0.04, 0.04, 0.04, 0.04, 0.04, 0.04,
0.04, 0.04, 0.04, 0.04, 0.04, 0.008, 0.008, 0.008, 0.008, 0.008,
0.008, 0.008, 0.008, 0.008, 0.008, 0.008, 0.008, 0.008, 0.008, 0.008,
0.008, 0.008, 0.008, 0.008, 0.008, 0.008, 0.008, 0.008, 0.008, 0.008,
0.0016, 0.0016, 0.0016, 0.0016, 0.0016, 0.0016, 0.0016, 0.0016, 0.0016, 0.0016,
0.0016, 0.0016, 0.0016, 0.0016, 0.0016, 0.0016, 0.0016, 0.0016, 0.0016, 0.0016,
0.0016, 0.0016, 0.0016, 0.0016, 0.0016, 0.00032, 0.00032, 0.00032, 0.00032, 0.00032,
0.00032, 0.00032, 0.00032, 0.00032, 0.00032, 0.00032, 0.00032, 0.00032, 0.00032, 0.00032,
0.00032, 0.00032, 0.00032, 0.00032, 0.00032, 0.00032, 0.00032, 0.00032, 0.00032, 0.00032,
6.4e-05, 6.4e-05, 6.4e-05, 6.4e-05, 6.4e-05, 6.4e-05, 6.4e-05, 6.4e-05, 6.4e-05, 6.4e-05,
6.4e-05, 6.4e-05, 6.4e-05, 6.4e-05, 6.4e-05, 6.4e-05, 6.4e-05, 6.4e-05, 6.4e-05, 6.4e-05,
6.4e-05, 6.4e-05, 6.4e-05, 6.4e-05, 6.4e-05, 1.28e-05, 1.28e-05, 1.28e-05, 1.28e-05, 1.28e-05,
1.28e-05, 1.28e-05, 1.28e-05, 1.28e-05, 1.28e-05, 1.28e-05, 1.28e-05, 1.28e-05, 1.28e-05, 1.28e-05,
1.28e-05, 1.28e-05, 1.28e-05, 1.28e-05, 1.28e-05, 1.28e-05, 1.28e-05, 1.28e-05, 1.28e-05, 1.28e-05]
[5, 2, 1, 6, 3, 6, 6, 6, 4, 0,
4, 3, 5, 6, 2, 0, 7, 4, 9, 3,
9, 9, 6, 8, 2, 9, 9, 3, 1, 9,
4, 2, 7, 6, 8, 4, 2, 5, 8, 1,
5, 7, 4, 2, 5, 9, 6, 5, 9, 3,
2, 6, 0, 7, 9, 1, 0, 5, 4, 0,
3, 0, 4, 6, 8, 4, 6, 9, 6, 8,
8, 5, 3, 4, 0, 8, 1, 6, 8, 0,
3, 1, 6, 9, 0, 1, 3, 8, 0, 6,
4, 7, 7, 2, 9, 5, 8, 3, 1, 1,
5, 2, 2, 5, 7, 6, 9, 8, 0, 7,
6, 3, 2, 3, 4, 7, 1, 0, 3, 0,
0, 6, 1, 2, 9, 4, 5, 2, 9, 7,
2, 7, 5, 0, 6, 4, 9, 9, 7, 8,
5, 3, 4, 5, 3, 1, 9, 2, 7, 7,
7, 1, 2, 2, 7, 8, 5, 7, 9, 8,
7, 9, 0, 2, 7, 3, 3, 4, 1, 7,
8, 5, 9, 8, 7, 4, 7, 2, 8, 9]
------------------------------------------------------- 
# stage = 8	# children c = 5	length of each stage p = 5	nodes = 179	# items I = 1
