[18, 2, 35, 11, 53, 67, 52, 16, 67, 7,
56, 84, 52, 99, 88, 65, 59, 9, 58, 20,
37, 51, 34, 92, 12, 18, 77, 76, 79, 45,
87, 98, 47, 21]
[[1129, 1498, 1603], [1751, 1067, 881], [1065, 777, 2099], [67, 1039, 397], [434, 1719, 747], [1752, 1387, 1678], [1561, 2042, 2125], [1800, 636, 1007], [127, 203, 1345], [225, 1012, 2002],
[1036, 2141, 2058], [1198, 191, 867], [2079, 1256, 1644], [477, 1323, 1242], [1692, 1757, 702], [180, 2067, 2089], [1858, 2187, 430], [282, 1728, 1066], [2106, 413, 1270], [1193, 639, 23],
[1753, 233, 722], [1553, 1431, 913], [161, 2068, 2169], [363, 287, 2051], [163, 537, 107], [865, 717, 2175], [1513, 316, 2103], [1943, 598, 130], [1568, 1262, 1361], [579, 196, 558],
[1419, 508, 791], [2141, 619, 2223], [1612, 1597, 590], [80, 1960, 877]]
[[5, 8, 3, 8], [6, 9, 6, 1], [10, 1, 0, 3], [1, 9, 7, 6], [6, 1, 8, 9], [6, 7, 0, 9], [9, 8, 5, 1], [0, 1, 10, 3], [7, 0, 9, 3], [10, 4, 4, 9],
[3, 2, 0, 3], [9, 7, 7, 2], [9, 2, 1, 4], [9, 10, 0, 7], [7, 6, 8, 5], [7, 5, 9, 1], [4, 5, 4, 1], [10, 7, 8, 0], [7, 8, 3, 6], [5, 10, 6, 3],
[1, 7, 5, 9], [5, 5, 5, 1], [9, 1, 5, 3], [4, 1, 5, 8], [6, 9, 9, 3], [3, 7, 4, 0], [2, 7, 4, 7], [5, 10, 8, 4], [5, 0, 2, 10], [4, 6, 9, 2],
[5, 1, 6, 7], [2, 0, 3, 9], [7, 10, 1, 9], [4, 3, 7, 7]]
[1, 0.333333, 0.333333, 0.333333, 0.111111, 0.111111, 0.111111, 0.037037, 0.037037, 0.037037,
0.0123457, 0.0123457, 0.0123457, 0.00411523, 0.00411523, 0.00411523, 0.00137174, 0.00137174, 0.00137174, 0.000457247,
0.000457247, 0.000457247, 0.000152416, 0.000152416, 0.000152416, 5.08053e-05, 5.08053e-05, 5.08053e-05, 1.69351e-05, 1.69351e-05,
1.69351e-05, 5.64503e-06, 5.64503e-06, 5.64503e-06]
[2, 6, 17, 18, 3, 15, 0, 2, 18, 6,
1, 16, 13, 0, 7, 20, 1, 8, 18, 19,
17, 6, 15, 0, 13, 0, 0, 1, 7, 3,
0, 11, 14, 8]
------------------------------------------------------- 
# stage = 12	# children c = 3	length of each stage p = 1	nodes = 33	# items I = 1
