[95, 43, 85, 22, 49, 83, 77, 76, 87, 88,
24, 18, 95, 32, 89, 90, 86, 35, 56, 14,
39, 35, 4, 68, 46, 34, 9, 4, 66, 97,
86, 60, 39, 36, 49, 54, 86, 92, 29, 72,
79, 20, 57, 74, 52, 11, 63, 4, 47, 19,
18, 52, 20, 89, 86, 66, 22, 95, 71, 55,
58, 22, 81, 63, 24, 29, 17, 9, 87, 12,
48, 66, 99, 71, 5, 17, 82, 68, 21, 95,
53, 5, 12, 74, 60, 98, 5, 49, 59, 42,
3, 16, 64, 84, 45, 55, 80, 28, 30, 66,
41, 78, 98, 5, 14, 2, 22, 63, 37, 9]
[[1506, 757, 981], [1710, 1300, 1476], [269, 806, 1689], [1794, 95, 1233], [1233, 1707, 313], [237, 471, 1760], [1613, 1913, 114], [947, 1773, 772], [854, 445, 1120], [896, 1479, 84],
[699, 1687, 841], [382, 164, 843], [1859, 433, 1649], [1613, 292, 1745], [1548, 227, 219], [564, 465, 690], [389, 780, 668], [1140, 1728, 506], [614, 1284, 1589], [436, 246, 1770],
[520, 1582, 224], [63, 30, 388], [1544, 1889, 821], [1258, 269, 1751], [1705, 520, 43], [1925, 1084, 1145], [1317, 175, 628], [688, 1316, 1058], [1831, 1930, 407], [1485, 432, 1290],
[22, 1589, 1575], [246, 355, 1605], [634, 1899, 261], [1456, 1859, 1167], [1272, 1630, 1687], [17, 322, 1473], [1163, 1639, 1649], [493, 392, 1667], [1551, 289, 364], [23, 476, 1433],
[16, 499, 1088], [1591, 1382, 145], [1898, 82, 109], [861, 240, 33], [93, 214, 365], [483, 231, 687], [658, 96, 1029], [1009, 589, 123], [741, 842, 1049], [1106, 1503, 228],
[1241, 1519, 1364], [1031, 1812, 811], [1176, 1775, 1530], [1285, 701, 1770], [21, 1431, 49], [386, 616, 918], [1711, 1912, 1651], [1442, 986, 943], [1565, 1728, 1785], [1317, 1536, 55],
[1545, 842, 1574], [974, 1874, 153], [487, 1752, 1928], [83, 1740, 1331], [1853, 1761, 1465], [605, 212, 146], [225, 1923, 123], [1876, 1430, 1747], [1521, 1698, 1540], [1372, 1717, 1778],
[1427, 1327, 685], [1704, 1003, 1261], [1857, 1490, 1079], [553, 275, 884], [1884, 831, 1347], [116, 1436, 1559], [900, 363, 250], [1660, 941, 382], [1472, 528, 782], [1077, 1900, 564],
[920, 94, 1891], [308, 500, 1596], [271, 1060, 1789], [52, 1613, 129], [1573, 264, 1597], [985, 381, 1735], [610, 1918, 163], [1497, 1643, 1105], [581, 1181, 1633], [1364, 960, 300],
[1928, 583, 1031], [587, 891, 1532], [885, 1162, 1294], [739, 1852, 1609], [1506, 1490, 575], [1168, 541, 1593], [969, 1788, 1576], [1132, 1350, 1285], [939, 633, 531], [637, 62, 193],
[1574, 693, 776], [671, 1917, 369], [905, 867, 234], [264, 309, 151], [1873, 1815, 1641], [513, 1685, 247], [172, 719, 737], [450, 554, 789], [1735, 195, 1423], [968, 833, 187]]
[[10, 9, 2, 4], [3, 0, 2, 6], [0, 2, 0, 3], [8, 6, 7, 8], [8, 9, 8, 9], [3, 5, 1, 6], [0, 3, 5, 0], [10, 0, 7, 10], [7, 9, 3, 0], [7, 3, 6, 5],
[4, 6, 8, 1], [10, 5, 7, 7], [1, 3, 6, 4], [8, 5, 0, 6], [6, 3, 5, 6], [3, 1, 5, 8], [10, 8, 8, 7], [9, 3, 1, 2], [8, 8, 4, 7], [0, 9, 4, 1],
[1, 8, 6, 8], [0, 4, 1, 6], [7, 6, 10, 8], [7, 4, 5, 5], [10, 3, 10, 9], [4, 9, 0, 10], [6, 2, 7, 4], [1, 9, 6, 2], [4, 10, 8, 4], [3, 10, 8, 8],
[5, 8, 3, 0], [10, 6, 3, 10], [9, 0, 6, 1], [9, 6, 0, 3], [9, 5, 7, 8], [3, 0, 8, 5], [8, 6, 7, 9], [3, 5, 6, 8], [0, 7, 6, 10], [3, 7, 9, 10],
[7, 4, 0, 4], [9, 10, 5, 5], [4, 10, 2, 6], [0, 10, 0, 6], [3, 8, 5, 6], [0, 0, 2, 0], [6, 6, 10, 9], [3, 7, 8, 8], [9, 9, 10, 7], [6, 4, 1, 10],
[4, 1, 5, 2], [10, 4, 8, 0], [1, 2, 7, 10], [1, 7, 10, 7], [2, 7, 5, 3], [3, 2, 10, 2], [9, 9, 7, 2], [3, 7, 2, 7], [8, 5, 9, 5], [9, 4, 6, 8],
[7, 0, 7, 8], [7, 4, 2, 9], [1, 7, 0, 2], [7, 10, 2, 4], [6, 10, 6, 9], [6, 6, 3, 1], [1, 10, 7, 8], [4, 0, 6, 0], [0, 0, 6, 7], [5, 8, 3, 4],
[2, 3, 6, 7], [0, 9, 0, 7], [8, 5, 3, 1], [0, 7, 0, 10], [4, 5, 8, 8], [5, 1, 6, 5], [1, 1, 1, 4], [7, 3, 8, 9], [4, 2, 6, 3], [0, 4, 10, 6],
[9, 0, 5, 8], [5, 5, 7, 10], [0, 4, 5, 5], [5, 1, 9, 5], [0, 8, 9, 8], [0, 7, 4, 3], [9, 8, 6, 7], [2, 3, 0, 9], [3, 5, 6, 9], [8, 1, 6, 8],
[5, 0, 1, 9], [10, 8, 3, 9], [5, 1, 4, 4], [6, 8, 7, 2], [4, 2, 9, 4], [5, 7, 2, 8], [1, 7, 4, 8], [8, 8, 5, 2], [7, 4, 9, 6], [1, 1, 4, 5],
[3, 8, 9, 7], [4, 5, 10, 8], [5, 6, 1, 10], [3, 1, 5, 2], [8, 8, 10, 5], [5, 3, 6, 10], [5, 2, 6, 5], [4, 8, 10, 5], [4, 6, 1, 8], [9, 9, 3, 3]]
[1, 1, 1, 1, 1, 0.333333, 0.333333, 0.333333, 0.333333, 0.333333,
0.333333, 0.333333, 0.333333, 0.333333, 0.333333, 0.333333, 0.333333, 0.333333, 0.333333, 0.333333,
0.111111, 0.111111, 0.111111, 0.111111, 0.111111, 0.111111, 0.111111, 0.111111, 0.111111, 0.111111,
0.111111, 0.111111, 0.111111, 0.111111, 0.111111, 0.037037, 0.037037, 0.037037, 0.037037, 0.037037,
0.037037, 0.037037, 0.037037, 0.037037, 0.037037, 0.037037, 0.037037, 0.037037, 0.037037, 0.037037,
0.0123457, 0.0123457, 0.0123457, 0.0123457, 0.0123457, 0.0123457, 0.0123457, 0.0123457, 0.0123457, 0.0123457,
0.0123457, 0.0123457, 0.0123457, 0.0123457, 0.0123457, 0.00411523, 0.00411523, 0.00411523, 0.00411523, 0.00411523,
0.00411523, 0.00411523, 0.00411523, 0.00411523, 0.00411523, 0.00411523, 0.00411523, 0.00411523, 0.00411523, 0.00411523,
0.00137174, 0.00137174, 0.00137174, 0.00137174, 0.00137174, 0.00137174, 0.00137174, 0.00137174, 0.00137174, 0.00137174,
0.00137174, 0.00137174, 0.00137174, 0.00137174, 0.00137174, 0.000457247, 0.000457247, 0.000457247, 0.000457247, 0.000457247,
0.000457247, 0.000457247, 0.000457247, 0.000457247, 0.000457247, 0.000457247, 0.000457247, 0.000457247, 0.000457247, 0.000457247]
[9, 0, 2, 5, 4, 1, 6, 8, 5, 6,
0, 6, 7, 5, 1, 6, 3, 3, 7, 6,
7, 5, 2, 8, 8, 0, 0, 6, 1, 4,
0, 8, 7, 5, 2, 9, 1, 8, 0, 3,
0, 9, 5, 4, 0, 4, 8, 6, 3, 4,
5, 0, 0, 1, 4, 3, 2, 0, 0, 7,
2, 3, 3, 1, 5, 4, 1, 6, 4, 6,
5, 6, 4, 7, 1, 8, 7, 9, 4, 9,
7, 2, 2, 3, 8, 7, 3, 7, 2, 5,
3, 2, 7, 3, 3, 5, 1, 1, 7, 4,
8, 5, 8, 2, 9, 9, 4, 4, 4, 5]
------------------------------------------------------- 
# stage = 8	# children c = 3	length of each stage p = 5	nodes = 109	# items I = 1
