[46, 71, 70, 100, 10, 17, 67, 79, 48, 4,
0, 66, 63, 65, 24, 31, 67, 14, 2, 96,
30, 40, 36, 92, 92, 61, 50, 53, 71, 57,
3, 16, 28, 73]
[[277, 173, 1363], [217, 823, 1383], [1470, 659, 981], [1754, 34, 912], [379, 181, 607], [981, 389, 194], [1675, 49, 1753], [214, 969, 884], [826, 409, 590], [154, 108, 1228],
[827, 1770, 1401], [342, 139, 376], [1262, 1145, 571], [395, 1051, 141], [1308, 966, 323], [67, 100, 712], [261, 1775, 761], [1550, 1525, 1266], [122, 40, 1211], [712, 1578, 856],
[93, 558, 314], [1030, 900, 453], [943, 314, 1134], [1514, 246, 1721], [1656, 1090, 375], [131, 693, 475], [379, 490, 1786], [676, 193, 1000], [94, 315, 1040], [1305, 564, 770],
[1697, 193, 864], [163, 1223, 1765], [616, 1702, 1615], [1286, 1369, 1397]]
[[3, 10, 5, 2], [5, 1, 10, 2], [4, 3, 8, 8], [6, 6, 4, 1], [8, 1, 8, 5], [10, 1, 3, 7], [1, 8, 3, 0], [4, 4, 5, 7], [3, 8, 9, 6], [8, 6, 9, 1],
[7, 4, 9, 3], [8, 1, 4, 5], [0, 1, 8, 9], [0, 10, 3, 1], [5, 4, 0, 9], [8, 3, 3, 10], [0, 10, 5, 6], [3, 1, 7, 0], [3, 4, 1, 1], [3, 3, 4, 1],
[2, 2, 10, 1], [1, 3, 2, 6], [7, 0, 3, 3], [3, 6, 2, 2], [4, 5, 8, 7], [5, 3, 5, 8], [5, 6, 7, 8], [7, 1, 9, 10], [3, 7, 0, 2], [8, 0, 6, 4],
[10, 9, 7, 0], [3, 7, 2, 7], [0, 9, 1, 5], [10, 7, 0, 4]]
[1, 0.333333, 0.333333, 0.333333, 0.111111, 0.111111, 0.111111, 0.037037, 0.037037, 0.037037,
0.0123457, 0.0123457, 0.0123457, 0.00411523, 0.00411523, 0.00411523, 0.00137174, 0.00137174, 0.00137174, 0.000457247,
0.000457247, 0.000457247, 0.000152416, 0.000152416, 0.000152416, 5.08053e-05, 5.08053e-05, 5.08053e-05, 1.69351e-05, 1.69351e-05,
1.69351e-05, 5.64503e-06, 5.64503e-06, 5.64503e-06]
[15, 9, 10, 0, 18, 8, 1, 5, 14, 2,
5, 12, 10, 10, 13, 9, 16, 10, 8, 8,
6, 3, 6, 2, 18, 5, 2, 2, 10, 10,
15, 11, 12, 18]
------------------------------------------------------- 
# stage = 12	# children c = 3	length of each stage p = 1	nodes = 33	# items I = 1
