[40, 71, 42, 97, 87, 32, 37, 95, 99, 32,
58, 89, 91, 78, 28, 77, 20, 65, 15, 40,
34, 63, 64, 66, 2, 96, 15, 91, 45, 89,
80, 51, 25, 88, 47, 11, 86, 51, 5, 50,
83, 29, 38, 73, 73, 66, 15, 59, 97, 31,
99, 31]
[[1817, 604, 1483], [1875, 1856, 1379], [641, 1391, 816], [1037, 575, 1446], [195, 756, 1512], [1368, 898, 609], [276, 249, 1766], [1572, 512, 1222], [170, 104, 1278], [455, 96, 110],
[212, 5, 1594], [667, 1880, 514], [139, 1494, 1905], [955, 1503, 1452], [1373, 1698, 300], [977, 1158, 170], [1586, 406, 419], [1444, 950, 1812], [1638, 1120, 888], [1008, 1575, 985],
[90, 760, 990], [1685, 1427, 1843], [291, 538, 1429], [1169, 1493, 1904], [713, 1838, 1694], [1014, 907, 1825], [1184, 1465, 1203], [576, 1881, 246], [1360, 1612, 1366], [340, 1592, 6],
[1325, 655, 1646], [1288, 432, 1165], [195, 1603, 1704], [1624, 864, 261], [592, 1578, 192], [378, 1564, 71], [1175, 1720, 1537], [471, 1268, 482], [1597, 720, 186], [27, 33, 751],
[33, 1358, 1406], [1679, 1618, 810], [1817, 1813, 505], [585, 501, 1370], [846, 1093, 12], [10, 444, 1576], [82, 591, 360], [591, 34, 1629], [1073, 1631, 441], [1260, 1659, 474],
[983, 664, 805], [481, 1316, 1395]]
[[10, 3, 6, 6], [4, 9, 8, 7], [10, 5, 8, 4], [5, 5, 5, 1], [0, 3, 6, 3], [10, 3, 10, 7], [7, 5, 2, 1], [5, 8, 7, 2], [0, 2, 9, 3], [0, 4, 8, 8],
[9, 3, 1, 1], [8, 6, 0, 6], [7, 6, 8, 4], [9, 7, 0, 3], [1, 3, 4, 5], [9, 9, 5, 9], [0, 3, 10, 9], [5, 5, 4, 1], [9, 5, 0, 4], [9, 0, 9, 5],
[6, 6, 10, 2], [2, 10, 6, 1], [0, 8, 4, 9], [5, 10, 6, 3], [0, 5, 2, 4], [9, 6, 5, 5], [10, 6, 9, 8], [4, 5, 1, 9], [0, 9, 0, 0], [6, 4, 0, 7],
[0, 2, 3, 5], [1, 9, 8, 0], [2, 8, 4, 0], [2, 9, 3, 1], [2, 10, 7, 7], [5, 8, 5, 5], [4, 3, 4, 0], [6, 4, 7, 6], [4, 10, 9, 6], [7, 4, 4, 9],
[2, 8, 7, 4], [4, 10, 3, 7], [9, 10, 1, 1], [6, 4, 7, 10], [5, 9, 10, 0], [0, 4, 4, 4], [2, 0, 8, 9], [5, 1, 5, 5], [9, 10, 7, 3], [7, 10, 8, 5],
[7, 9, 7, 2], [0, 1, 0, 5]]
[1, 1, 0.2, 0.2, 0.2, 0.2, 0.2, 0.2, 0.2, 0.2,
0.2, 0.2, 0.04, 0.04, 0.04, 0.04, 0.04, 0.04, 0.04, 0.04,
0.04, 0.04, 0.008, 0.008, 0.008, 0.008, 0.008, 0.008, 0.008, 0.008,
0.008, 0.008, 0.0016, 0.0016, 0.0016, 0.0016, 0.0016, 0.0016, 0.0016, 0.0016,
0.0016, 0.0016, 0.00032, 0.00032, 0.00032, 0.00032, 0.00032, 0.00032, 0.00032, 0.00032,
0.00032, 0.00032]
[13, 8, 6, 4, 10, 16, 9, 7, 18, 1,
17, 0, 8, 1, 9, 12, 5, 0, 15, 4,
15, 12, 15, 0, 11, 19, 3, 9, 0, 1,
10, 3, 15, 12, 0, 8, 8, 4, 12, 17,
18, 5, 7, 6, 8, 1, 1, 18, 0, 19,
6, 0]
------------------------------------------------------- 
# stage = 6	# children c = 5	length of each stage p = 2	nodes = 51	# items I = 1
