[25, 13, 9, 70, 55, 17, 45, 53, 37, 15,
33, 64, 9, 84, 51, 16, 75, 91, 69, 78,
57, 48, 42, 49, 47, 19, 28, 83, 28, 30,
79, 53, 10, 88]
[[1032, 1073, 934], [1007, 210, 674], [1011, 911, 103], [770, 424, 773], [591, 216, 402], [553, 76, 441], [722, 308, 474], [761, 590, 305], [212, 70, 55], [1050, 70, 437],
[1058, 25, 433], [340, 457, 68], [1014, 392, 404], [542, 587, 253], [741, 603, 470], [66, 582, 1048], [1009, 227, 279], [407, 988, 295], [712, 625, 867], [767, 598, 938],
[127, 4, 388], [1063, 344, 846], [556, 784, 663], [386, 751, 173], [639, 415, 777], [534, 983, 282], [505, 916, 1011], [785, 748, 923], [505, 383, 973], [295, 576, 495],
[658, 128, 499], [1047, 616, 269], [816, 96, 1053], [402, 482, 152]]
[[7, 6, 2, 7], [3, 3, 3, 7], [5, 4, 4, 7], [4, 10, 1, 0], [3, 1, 6, 0], [4, 9, 6, 7], [10, 6, 2, 2], [10, 4, 0, 6], [8, 2, 2, 1], [4, 4, 6, 9],
[6, 10, 3, 0], [8, 5, 9, 9], [4, 4, 9, 6], [3, 4, 3, 2], [8, 5, 2, 7], [7, 2, 3, 4], [3, 3, 5, 7], [7, 0, 3, 3], [9, 7, 1, 4], [10, 10, 2, 1],
[3, 0, 8, 4], [3, 0, 4, 0], [3, 7, 8, 10], [7, 9, 1, 10], [1, 5, 6, 9], [3, 10, 10, 10], [4, 0, 3, 3], [10, 5, 4, 0], [6, 10, 5, 9], [8, 9, 7, 0],
[5, 4, 8, 0], [2, 8, 10, 2], [2, 4, 9, 3], [3, 8, 3, 5]]
[1, 0.333333, 0.333333, 0.333333, 0.111111, 0.111111, 0.111111, 0.037037, 0.037037, 0.037037,
0.0123457, 0.0123457, 0.0123457, 0.00411523, 0.00411523, 0.00411523, 0.00137174, 0.00137174, 0.00137174, 0.000457247,
0.000457247, 0.000457247, 0.000152416, 0.000152416, 0.000152416, 5.08053e-05, 5.08053e-05, 5.08053e-05, 1.69351e-05, 1.69351e-05,
1.69351e-05, 5.64503e-06, 5.64503e-06, 5.64503e-06]
[9, 15, 5, 4, 12, 21, 12, 18, 8, 15,
18, 12, 21, 7, 9, 20, 5, 10, 16, 9,
1, 15, 14, 10, 8, 16, 2, 15, 15, 0,
16, 17, 7, 11]
------------------------------------------------------- 
# stage = 12	# children c = 3	length of each stage p = 1	nodes = 33	# items I = 1
