[80, 27, 34, 81, 26, 82, 55, 80, 51, 72,
50, 37, 72, 100, 96, 19, 20, 87, 17, 70,
4, 97, 38, 48, 68, 61, 65, 4, 75, 49,
16, 54, 43, 50, 1, 69, 32, 56, 15, 49,
27, 65, 52, 66, 64, 47, 85, 50, 34, 1,
87, 38, 64, 24, 53, 99, 52, 84, 2, 26,
100, 18, 81, 8, 34, 82, 43, 66, 37, 58,
82, 31, 90, 33, 97, 19, 81, 81, 70, 81,
83, 56, 85, 12, 80, 3, 10, 31, 88, 79,
58, 53, 97, 4, 61, 98, 86, 3, 29, 89,
28, 10, 19, 17, 44, 15, 36, 91, 97, 5]
[[1037, 1382, 795], [820, 19, 261], [1023, 475, 858], [1982, 1588, 293], [320, 1854, 469], [1478, 1479, 188], [2118, 2075, 1441], [500, 2109, 87], [470, 1587, 2026], [515, 753, 22],
[812, 1790, 1771], [1973, 780, 2156], [37, 1803, 800], [1262, 1954, 191], [1555, 78, 2045], [194, 1922, 1693], [748, 1843, 1572], [2190, 512, 1484], [80, 982, 1240], [275, 1863, 1994],
[664, 478, 1953], [238, 254, 902], [197, 658, 874], [997, 1920, 632], [1188, 1644, 1076], [1402, 1838, 801], [1265, 390, 813], [640, 749, 1326], [293, 1195, 111], [1900, 1470, 1975],
[1697, 2134, 622], [1819, 541, 1243], [891, 738, 1901], [2131, 2101, 1990], [566, 1458, 1803], [2008, 664, 1811], [612, 98, 370], [1426, 1104, 1119], [555, 1397, 117], [1032, 1100, 1953],
[1176, 966, 60], [1799, 955, 601], [1211, 15, 1706], [915, 2146, 1610], [1074, 516, 872], [680, 327, 1902], [660, 1306, 2000], [1030, 901, 907], [2149, 1822, 473], [435, 657, 1940],
[558, 3, 1075], [618, 2168, 2030], [1585, 1182, 2045], [1094, 266, 1995], [874, 1340, 680], [2112, 189, 1373], [2183, 850, 848], [1986, 1880, 1749], [1062, 2, 1740], [1901, 803, 567],
[2010, 1361, 570], [889, 148, 541], [1088, 2100, 2089], [1303, 997, 158], [1467, 40, 1498], [2147, 2152, 2053], [1689, 2138, 1072], [341, 96, 1122], [259, 1524, 1124], [169, 1229, 96],
[736, 1042, 1824], [1672, 100, 141], [16, 1189, 44], [274, 295, 1408], [432, 1762, 1448], [99, 2078, 1404], [2152, 1570, 1711], [1028, 80, 1808], [2150, 706, 1135], [1443, 875, 533],
[1905, 1977, 1942], [1532, 1452, 2042], [2040, 1834, 1034], [2084, 2108, 1695], [1295, 343, 1260], [913, 442, 1141], [120, 763, 881], [0, 2157, 1327], [1808, 279, 2033], [1113, 2088, 1077],
[2012, 1797, 857], [1757, 1498, 112], [1969, 1341, 1946], [1172, 1595, 1857], [671, 1059, 369], [100, 1972, 1177], [1242, 261, 1941], [292, 262, 70], [1619, 239, 350], [1822, 1718, 241],
[702, 1534, 2038], [1560, 1460, 1706], [1672, 1598, 850], [1422, 574, 614], [1448, 1611, 1674], [1818, 1711, 1815], [798, 1122, 2077], [908, 1414, 508], [979, 1203, 747], [1329, 828, 269]]
[[10, 0, 8, 2], [0, 5, 8, 0], [9, 7, 10, 3], [3, 5, 0, 0], [3, 2, 6, 0], [7, 5, 7, 5], [6, 10, 7, 9], [0, 1, 3, 8], [1, 1, 8, 10], [4, 3, 10, 2],
[10, 8, 4, 0], [0, 4, 9, 1], [7, 5, 10, 1], [10, 6, 4, 4], [5, 0, 2, 3], [10, 3, 9, 0], [2, 7, 0, 6], [10, 8, 7, 10], [3, 0, 10, 1], [2, 9, 2, 7],
[1, 2, 8, 9], [6, 0, 2, 10], [9, 2, 0, 9], [6, 10, 7, 8], [6, 5, 2, 5], [1, 7, 2, 2], [5, 0, 4, 7], [7, 6, 4, 8], [6, 10, 6, 0], [8, 7, 10, 7],
[9, 10, 3, 2], [9, 10, 9, 2], [5, 9, 8, 4], [5, 8, 6, 10], [8, 10, 6, 4], [4, 8, 10, 8], [6, 6, 8, 3], [0, 7, 10, 9], [5, 0, 1, 1], [0, 8, 4, 3],
[6, 10, 7, 0], [7, 0, 8, 5], [0, 3, 7, 4], [10, 7, 10, 5], [0, 8, 6, 0], [2, 4, 9, 5], [4, 8, 7, 4], [5, 0, 5, 9], [10, 10, 9, 6], [0, 6, 9, 9],
[8, 6, 0, 5], [0, 10, 10, 0], [7, 5, 0, 8], [9, 9, 2, 1], [5, 9, 3, 8], [7, 9, 7, 6], [8, 3, 0, 6], [8, 7, 4, 5], [0, 4, 8, 0], [4, 7, 0, 9],
[10, 9, 6, 7], [6, 9, 8, 0], [5, 0, 6, 2], [7, 2, 6, 3], [4, 4, 9, 1], [10, 1, 4, 10], [5, 1, 9, 7], [6, 9, 6, 3], [8, 10, 10, 1], [6, 5, 1, 1],
[4, 7, 1, 0], [8, 5, 1, 1], [8, 9, 0, 7], [10, 4, 6, 2], [3, 4, 10, 9], [1, 3, 1, 7], [2, 10, 8, 7], [4, 7, 6, 6], [1, 5, 5, 7], [10, 6, 8, 7],
[4, 6, 3, 1], [8, 8, 4, 0], [10, 1, 9, 9], [4, 9, 5, 4], [8, 0, 9, 10], [7, 4, 6, 7], [9, 0, 3, 7], [6, 10, 3, 9], [5, 5, 10, 3], [0, 1, 1, 8],
[0, 0, 7, 2], [7, 1, 5, 4], [0, 3, 3, 5], [8, 9, 1, 4], [7, 5, 0, 1], [2, 2, 10, 7], [5, 7, 8, 3], [7, 10, 0, 7], [8, 7, 10, 4], [7, 4, 6, 7],
[7, 9, 1, 2], [6, 1, 5, 2], [6, 5, 3, 6], [5, 0, 2, 8], [8, 9, 0, 2], [6, 1, 9, 3], [8, 8, 5, 4], [10, 0, 9, 5], [9, 0, 7, 2], [1, 1, 5, 5]]
[1, 1, 1, 1, 1, 0.333333, 0.333333, 0.333333, 0.333333, 0.333333,
0.333333, 0.333333, 0.333333, 0.333333, 0.333333, 0.333333, 0.333333, 0.333333, 0.333333, 0.333333,
0.111111, 0.111111, 0.111111, 0.111111, 0.111111, 0.111111, 0.111111, 0.111111, 0.111111, 0.111111,
0.111111, 0.111111, 0.111111, 0.111111, 0.111111, 0.037037, 0.037037, 0.037037, 0.037037, 0.037037,
0.037037, 0.037037, 0.037037, 0.037037, 0.037037, 0.037037, 0.037037, 0.037037, 0.037037, 0.037037,
0.0123457, 0.0123457, 0.0123457, 0.0123457, 0.0123457, 0.0123457, 0.0123457, 0.0123457, 0.0123457, 0.0123457,
0.0123457, 0.0123457, 0.0123457, 0.0123457, 0.0123457, 0.00411523, 0.00411523, 0.00411523, 0.00411523, 0.00411523,
0.00411523, 0.00411523, 0.00411523, 0.00411523, 0.00411523, 0.00411523, 0.00411523, 0.00411523, 0.00411523, 0.00411523,
0.00137174, 0.00137174, 0.00137174, 0.00137174, 0.00137174, 0.00137174, 0.00137174, 0.00137174, 0.00137174, 0.00137174,
0.00137174, 0.00137174, 0.00137174, 0.00137174, 0.00137174, 0.000457247, 0.000457247, 0.000457247, 0.000457247, 0.000457247,
0.000457247, 0.000457247, 0.000457247, 0.000457247, 0.000457247, 0.000457247, 0.000457247, 0.000457247, 0.000457247, 0.000457247]
[19, 5, 8, 8, 6, 19, 7, 11, 6, 9,
7, 13, 10, 15, 14, 21, 16, 15, 15, 0,
2, 9, 13, 7, 20, 18, 17, 2, 21, 17,
19, 21, 18, 13, 14, 10, 7, 5, 16, 17,
5, 16, 18, 5, 11, 7, 12, 19, 19, 17,
20, 5, 0, 1, 18, 5, 5, 21, 17, 17,
1, 12, 4, 20, 17, 12, 20, 18, 3, 12,
13, 21, 16, 15, 1, 13, 8, 15, 12, 13,
7, 20, 18, 1, 11, 16, 9, 16, 12, 11,
18, 10, 6, 15, 15, 21, 5, 2, 11, 18,
15, 0, 4, 3, 1, 2, 15, 20, 14, 15]
------------------------------------------------------- 
# stage = 8	# children c = 3	length of each stage p = 5	nodes = 109	# items I = 1
