[30, 5, 50, 48, 56, 80, 44, 49, 92, 87,
45, 93, 85, 87, 50, 64, 79, 48, 38, 27,
18, 45, 42, 53, 26, 79, 42, 72, 61, 24,
34, 57, 30, 51]
[[43, 316, 296], [904, 466, 296], [799, 1044, 1054], [690, 985, 243], [618, 52, 739], [1057, 595, 929], [55, 45, 189], [479, 27, 957], [1044, 512, 667], [996, 127, 678],
[434, 171, 994], [701, 1046, 401], [968, 787, 357], [963, 418, 255], [119, 1007, 307], [829, 1005, 902], [699, 2, 919], [859, 481, 946], [757, 437, 371], [365, 345, 498],
[1015, 750, 640], [921, 392, 628], [264, 272, 356], [592, 177, 745], [847, 267, 693], [96, 8, 610], [969, 678, 612], [829, 478, 5], [688, 148, 443], [0, 484, 788],
[469, 440, 480], [51, 303, 843], [650, 538, 57], [977, 71, 205]]
[[2, 9, 6, 9], [2, 7, 10, 9], [3, 10, 4, 8], [2, 6, 5, 9], [7, 2, 10, 6], [0, 6, 5, 7], [1, 6, 7, 9], [8, 2, 1, 10], [0, 7, 7, 0], [1, 6, 10, 4],
[3, 1, 1, 5], [8, 5, 2, 2], [7, 1, 6, 7], [5, 0, 2, 5], [5, 7, 3, 2], [9, 4, 10, 7], [9, 6, 7, 10], [10, 4, 2, 1], [6, 1, 4, 1], [6, 6, 3, 3],
[6, 10, 8, 0], [10, 8, 3, 2], [2, 6, 4, 0], [10, 4, 5, 6], [8, 2, 4, 6], [4, 6, 7, 10], [5, 0, 0, 1], [7, 2, 2, 2], [1, 8, 0, 9], [6, 4, 1, 8],
[10, 5, 7, 8], [7, 10, 1, 5], [1, 5, 0, 6], [9, 5, 3, 4]]
[1, 0.333333, 0.333333, 0.333333, 0.111111, 0.111111, 0.111111, 0.037037, 0.037037, 0.037037,
0.0123457, 0.0123457, 0.0123457, 0.00411523, 0.00411523, 0.00411523, 0.00137174, 0.00137174, 0.00137174, 0.000457247,
0.000457247, 0.000457247, 0.000152416, 0.000152416, 0.000152416, 5.08053e-05, 5.08053e-05, 5.08053e-05, 1.69351e-05, 1.69351e-05,
1.69351e-05, 5.64503e-06, 5.64503e-06, 5.64503e-06]
[1, 7, 8, 0, 1, 8, 3, 9, 4, 10,
3, 10, 0, 5, 1, 0, 2, 5, 10, 8,
8, 7, 8, 0, 10, 7, 5, 7, 6, 4,
9, 7, 1, 9]
------------------------------------------------------- 
# stage = 12	# children c = 3	length of each stage p = 1	nodes = 33	# items I = 1
