[42, 99, 39, 6, 97, 46, 54, 23, 78, 22,
7, 84, 69, 88, 54, 40, 71, 86, 74, 63,
20, 68, 81, 39, 60, 47, 41, 78, 71, 53,
39, 79, 51, 45, 51, 47, 91, 5, 36, 34,
27, 9, 17, 63, 63, 37, 2, 33, 22, 76,
63, 8, 9, 43, 14, 70, 56, 55, 47, 93,
7, 52, 72, 24, 97, 22, 71, 53, 94, 73,
87, 88, 48, 4, 50, 10, 41, 18, 10, 30]
[[269, 870, 692], [537, 439, 567], [1155, 958, 889], [1443, 450, 1836], [117, 812, 779], [948, 1134, 932], [1999, 1301, 430], [650, 687, 133], [1030, 685, 1945], [1728, 1981, 686],
[551, 203, 1556], [1243, 740, 1995], [1808, 1894, 905], [651, 1291, 1353], [442, 1406, 117], [1221, 308, 1249], [105, 259, 504], [534, 907, 1191], [667, 1937, 1875], [564, 1618, 1810],
[1250, 121, 2011], [758, 1364, 704], [705, 1124, 552], [1610, 1775, 1841], [918, 171, 1201], [1033, 1391, 1507], [237, 1494, 1764], [739, 2028, 625], [1929, 648, 515], [1758, 1212, 85],
[1520, 415, 206], [1486, 1173, 1568], [142, 1879, 646], [692, 1441, 375], [487, 311, 545], [1686, 1345, 1934], [1147, 1580, 1382], [863, 273, 1363], [1488, 156, 2011], [2001, 1914, 1175],
[40, 1389, 1590], [246, 827, 716], [1814, 969, 547], [414, 1661, 1988], [788, 100, 254], [1331, 1786, 1597], [1219, 885, 1131], [553, 1748, 1404], [1916, 1188, 1559], [1881, 1144, 1425],
[1011, 1184, 766], [553, 1429, 1593], [1269, 1197, 514], [1816, 1610, 127], [1757, 350, 227], [2009, 1681, 2011], [1560, 852, 850], [643, 1405, 550], [2045, 1274, 1737], [1558, 1107, 835],
[936, 72, 2017], [1702, 624, 1400], [1248, 1893, 552], [1762, 1662, 114], [1888, 1373, 464], [69, 1336, 97], [33, 848, 949], [881, 1491, 306], [1432, 1490, 1580], [1121, 1001, 642],
[1956, 1937, 712], [1925, 1591, 1336], [1280, 793, 1182], [1830, 508, 798], [1944, 350, 123], [360, 417, 1459], [457, 450, 261], [1406, 1332, 1750], [1712, 716, 1194], [1245, 1837, 147]]
[[3, 0, 5, 4], [2, 1, 3, 1], [8, 10, 3, 10], [8, 4, 4, 6], [10, 0, 2, 3], [9, 2, 8, 3], [4, 9, 9, 4], [5, 6, 2, 8], [4, 5, 0, 4], [7, 3, 3, 2],
[1, 6, 1, 7], [8, 3, 2, 8], [2, 4, 0, 0], [5, 6, 3, 9], [4, 10, 2, 7], [3, 2, 3, 7], [8, 3, 0, 4], [4, 2, 4, 5], [8, 3, 10, 6], [7, 2, 1, 9],
[4, 1, 9, 9], [7, 10, 8, 9], [10, 10, 3, 2], [0, 6, 8, 8], [9, 6, 10, 1], [8, 1, 4, 6], [4, 4, 10, 0], [6, 0, 7, 10], [10, 5, 7, 4], [3, 4, 2, 2],
[1, 3, 4, 1], [10, 1, 7, 6], [6, 4, 7, 3], [5, 1, 9, 10], [5, 6, 8, 9], [6, 5, 6, 5], [8, 2, 9, 0], [4, 9, 2, 6], [2, 5, 5, 10], [4, 0, 5, 10],
[4, 2, 3, 8], [3, 10, 5, 6], [4, 2, 2, 10], [5, 8, 3, 3], [9, 10, 1, 2], [7, 2, 8, 7], [7, 1, 6, 9], [1, 0, 7, 5], [2, 8, 0, 3], [5, 5, 7, 9],
[8, 9, 7, 2], [5, 8, 3, 1], [7, 5, 3, 1], [7, 10, 8, 1], [0, 3, 8, 1], [2, 4, 4, 2], [10, 5, 4, 5], [10, 9, 3, 5], [8, 8, 6, 0], [5, 9, 1, 2],
[1, 2, 1, 6], [1, 10, 5, 10], [0, 3, 9, 0], [5, 3, 3, 5], [6, 5, 10, 3], [3, 0, 7, 9], [7, 2, 9, 1], [9, 8, 1, 0], [0, 3, 6, 10], [2, 1, 8, 0],
[2, 6, 1, 7], [7, 2, 10, 2], [7, 7, 4, 10], [6, 0, 9, 2], [2, 5, 3, 0], [1, 5, 9, 10], [6, 5, 9, 6], [4, 6, 6, 4], [2, 5, 9, 7], [7, 9, 8, 1]]
[1, 1, 1, 1, 1, 0.333333, 0.333333, 0.333333, 0.333333, 0.333333,
0.333333, 0.333333, 0.333333, 0.333333, 0.333333, 0.333333, 0.333333, 0.333333, 0.333333, 0.333333,
0.111111, 0.111111, 0.111111, 0.111111, 0.111111, 0.111111, 0.111111, 0.111111, 0.111111, 0.111111,
0.111111, 0.111111, 0.111111, 0.111111, 0.111111, 0.037037, 0.037037, 0.037037, 0.037037, 0.037037,
0.037037, 0.037037, 0.037037, 0.037037, 0.037037, 0.037037, 0.037037, 0.037037, 0.037037, 0.037037,
0.0123457, 0.0123457, 0.0123457, 0.0123457, 0.0123457, 0.0123457, 0.0123457, 0.0123457, 0.0123457, 0.0123457,
0.0123457, 0.0123457, 0.0123457, 0.0123457, 0.0123457, 0.00411523, 0.00411523, 0.00411523, 0.00411523, 0.00411523,
0.00411523, 0.00411523, 0.00411523, 0.00411523, 0.00411523, 0.00411523, 0.00411523, 0.00411523, 0.00411523, 0.00411523]
[7, 1, 0, 9, 8, 1, 8, 3, 8, 0,
5, 6, 4, 10, 3, 8, 5, 3, 10, 1,
2, 6, 9, 5, 4, 9, 2, 2, 8, 6,
2, 7, 8, 7, 10, 2, 8, 9, 3, 8,
7, 4, 10, 9, 5, 4, 7, 10, 9, 10,
1, 5, 7, 3, 5, 5, 6, 6, 4, 10,
8, 1, 3, 3, 5, 4, 0, 3, 2, 3,
6, 5, 5, 4, 3, 3, 3, 10, 3, 4]
------------------------------------------------------- 
# stage = 6	# children c = 3	length of each stage p = 5	nodes = 79	# items I = 1
