[20, 22, 37, 53, 64, 87, 28, 19, 75, 78,
52, 0, 4, 36, 3, 0, 63, 38, 70, 38,
63, 6, 91, 49, 96, 77, 83, 3, 17, 93,
92, 3, 14, 95, 56, 44, 82, 84, 64, 22,
61, 82, 89, 32, 17, 92, 32, 81, 29, 2,
85, 92, 75, 75, 7, 70, 17, 56, 39, 0,
49, 30, 3, 29, 25, 60, 74, 73]
[[851, 213, 1680], [1820, 1484, 1730], [2003, 937, 1797], [729, 620, 2051], [1589, 1034, 1108], [1469, 884, 1864], [1981, 907, 196], [529, 1785, 1972], [1944, 827, 344], [11, 1363, 1264],
[1107, 2215, 1478], [539, 1067, 2242], [1549, 823, 931], [1099, 832, 831], [182, 173, 1865], [570, 922, 2029], [187, 656, 689], [1911, 465, 226], [1635, 161, 333], [1260, 172, 1696],
[276, 559, 943], [1034, 379, 2011], [1028, 1928, 586], [1239, 59, 698], [2070, 1770, 871], [967, 92, 1793], [749, 1807, 1729], [718, 1470, 2194], [224, 138, 1635], [557, 1398, 1088],
[5, 954, 1647], [229, 1269, 2026], [2240, 1577, 987], [2106, 569, 326], [2084, 1919, 1376], [707, 2167, 1469], [1780, 668, 308], [542, 666, 1779], [2016, 890, 1917], [1404, 1447, 347],
[1772, 732, 581], [1171, 961, 1850], [230, 233, 1180], [497, 1619, 1029], [823, 1455, 2228], [1480, 1442, 2147], [2229, 255, 2095], [289, 797, 513], [2068, 2093, 1403], [1017, 529, 2130],
[644, 53, 615], [1226, 1225, 856], [828, 735, 370], [1288, 1232, 1989], [69, 1335, 477], [50, 567, 1919], [1477, 548, 1454], [1325, 118, 3], [1118, 2186, 1377], [274, 236, 1906],
[1684, 880, 1960], [51, 1386, 217], [188, 1495, 952], [558, 535, 2184], [1827, 2133, 551], [56, 1463, 399], [1256, 2220, 227], [462, 577, 345]]
[[0, 2, 1, 8], [10, 1, 8, 7], [10, 8, 1, 10], [0, 2, 7, 1], [9, 9, 3, 4], [5, 2, 9, 1], [1, 5, 3, 6], [3, 3, 0, 1], [5, 10, 9, 4], [10, 6, 9, 9],
[2, 8, 6, 2], [10, 2, 4, 7], [9, 5, 0, 4], [7, 7, 5, 7], [10, 6, 2, 0], [9, 1, 2, 1], [0, 0, 6, 10], [7, 2, 6, 7], [9, 2, 9, 8], [2, 2, 2, 1],
[6, 2, 5, 0], [8, 8, 7, 7], [2, 10, 8, 9], [9, 10, 0, 9], [8, 4, 7, 2], [4, 2, 9, 2], [4, 8, 0, 5], [8, 0, 6, 3], [1, 9, 4, 9], [6, 9, 5, 6],
[6, 0, 5, 4], [10, 3, 3, 6], [7, 8, 8, 9], [10, 7, 1, 2], [4, 10, 7, 10], [10, 2, 3, 0], [0, 5, 9, 4], [1, 2, 9, 8], [0, 3, 10, 9], [4, 0, 4, 9],
[8, 1, 7, 8], [8, 8, 8, 10], [5, 4, 10, 5], [4, 0, 3, 4], [3, 0, 6, 4], [0, 4, 10, 0], [5, 10, 9, 7], [10, 2, 5, 6], [4, 2, 3, 10], [8, 9, 10, 3],
[2, 9, 6, 6], [7, 7, 8, 10], [7, 1, 1, 7], [4, 1, 6, 7], [9, 4, 4, 8], [7, 9, 3, 9], [9, 4, 8, 7], [2, 5, 8, 2], [1, 3, 6, 8], [10, 3, 5, 5],
[3, 7, 10, 7], [8, 5, 3, 6], [10, 5, 1, 4], [4, 3, 0, 2], [5, 6, 7, 8], [1, 4, 8, 2], [7, 4, 9, 5], [5, 3, 8, 8]]
[1, 1, 0.333333, 0.333333, 0.333333, 0.333333, 0.333333, 0.333333, 0.111111, 0.111111,
0.111111, 0.111111, 0.111111, 0.111111, 0.037037, 0.037037, 0.037037, 0.037037, 0.037037, 0.037037,
0.0123457, 0.0123457, 0.0123457, 0.0123457, 0.0123457, 0.0123457, 0.00411523, 0.00411523, 0.00411523, 0.00411523,
0.00411523, 0.00411523, 0.00137174, 0.00137174, 0.00137174, 0.00137174, 0.00137174, 0.00137174, 0.000457247, 0.000457247,
0.000457247, 0.000457247, 0.000457247, 0.000457247, 0.000152416, 0.000152416, 0.000152416, 0.000152416, 0.000152416, 0.000152416,
5.08053e-05, 5.08053e-05, 5.08053e-05, 5.08053e-05, 5.08053e-05, 5.08053e-05, 1.69351e-05, 1.69351e-05, 1.69351e-05, 1.69351e-05,
1.69351e-05, 1.69351e-05, 5.64503e-06, 5.64503e-06, 5.64503e-06, 5.64503e-06, 5.64503e-06, 5.64503e-06]
[13, 9, 21, 5, 8, 15, 21, 18, 11, 8,
3, 13, 3, 16, 9, 20, 6, 3, 14, 0,
12, 14, 10, 9, 19, 9, 12, 21, 21, 14,
11, 18, 6, 15, 7, 19, 19, 17, 2, 0,
9, 14, 20, 8, 14, 14, 21, 14, 7, 1,
5, 22, 19, 2, 14, 13, 6, 16, 21, 10,
11, 10, 10, 8, 13, 20, 1, 20]
------------------------------------------------------- 
# stage = 12	# children c = 3	length of each stage p = 2	nodes = 67	# items I = 1
