[65, 28, 80, 39, 71, 41, 66, 55, 94, 87,
71, 79, 23, 51, 4, 53, 25, 59, 11, 86,
17, 38, 77, 10, 66, 9, 5, 55, 97, 28,
58, 62, 22, 37, 67, 93, 44, 32, 14, 38,
85, 85, 83, 7, 1, 87, 27, 93, 11, 38,
44, 28, 77, 87, 5, 8, 96, 77, 63, 92,
4, 21, 19, 94, 24, 87, 86, 69, 18, 100,
73, 70, 50, 55, 77, 17, 7, 70, 9, 85,
8, 19, 80, 51, 5, 85, 59, 0, 61, 21,
93, 32, 8, 78, 25, 100, 64, 10, 34, 49,
77, 6, 18, 26, 27, 61, 44, 0, 31, 19,
51, 5, 39, 30, 22, 44, 14, 81, 11, 76,
68, 70, 74, 43, 47, 99, 8, 11, 75, 42,
26, 17, 14, 10, 10, 7, 71, 20, 7, 68,
39, 58, 73, 44, 55, 61, 55, 69, 41, 66,
10, 76, 35, 84, 85, 48, 48, 93, 25, 23,
34, 51, 6, 48, 61, 16, 55, 99, 36, 28,
66, 42, 52, 5, 86, 6, 66, 40, 42, 74]
[[396, 532, 1128], [238, 1830, 1299], [1175, 1682, 1667], [964, 1816, 987], [790, 606, 717], [1403, 991, 1140], [1484, 1812, 479], [568, 1735, 1507], [1824, 803, 1093], [999, 1899, 1489],
[858, 194, 2021], [862, 432, 1751], [60, 483, 208], [1727, 1447, 900], [1590, 1113, 1507], [206, 415, 1374], [223, 776, 1085], [1679, 220, 719], [2062, 2044, 1523], [2031, 943, 197],
[1420, 677, 391], [1340, 1539, 1800], [1967, 475, 1159], [1052, 1078, 1483], [1952, 567, 495], [234, 1750, 1888], [1609, 849, 563], [1570, 428, 783], [1166, 389, 1704], [1565, 320, 1523],
[1762, 616, 99], [1029, 1956, 514], [1705, 699, 989], [763, 627, 2067], [145, 478, 1510], [641, 1690, 1159], [428, 74, 2009], [1968, 1644, 1313], [1627, 1686, 578], [106, 1150, 1875],
[1629, 1788, 390], [604, 1693, 1223], [1118, 1297, 1922], [6, 937, 1425], [949, 1082, 779], [358, 599, 368], [1518, 2004, 442], [302, 747, 963], [1615, 274, 1525], [92, 1357, 1552],
[1968, 886, 1239], [1234, 1490, 832], [356, 508, 1005], [1154, 1491, 1942], [478, 340, 1901], [1258, 698, 399], [502, 1092, 1280], [945, 1394, 2027], [784, 1885, 1177], [208, 854, 1411],
[636, 1698, 196], [1876, 831, 562], [1584, 64, 2047], [488, 1218, 1438], [1307, 573, 654], [1107, 1831, 1352], [382, 232, 1321], [1662, 53, 1591], [465, 1814, 1376], [518, 899, 129],
[1929, 1535, 703], [1001, 186, 410], [1564, 1770, 474], [386, 1135, 1693], [1824, 341, 1142], [1354, 324, 872], [1583, 706, 2081], [803, 1245, 1011], [293, 586, 1701], [1669, 2081, 499],
[674, 1910, 911], [253, 1787, 1097], [664, 126, 1744], [1138, 513, 1755], [1707, 1213, 972], [748, 467, 1296], [496, 2050, 878], [477, 1729, 22], [364, 2022, 608], [2065, 467, 589],
[1441, 17, 1375], [251, 271, 2038], [1348, 935, 1041], [1968, 2073, 430], [1622, 1680, 1643], [493, 1304, 986], [665, 1801, 1912], [1544, 177, 1540], [442, 1518, 338], [2028, 1482, 805],
[1493, 822, 822], [1744, 2050, 1093], [1681, 174, 2028], [621, 41, 877], [1051, 540, 1433], [1571, 2010, 636], [1433, 575, 336], [1245, 995, 1490], [1661, 1437, 907], [1999, 1364, 1266],
[1680, 756, 964], [402, 399, 914], [1495, 957, 1088], [299, 454, 5], [52, 1506, 545], [1485, 1953, 1432], [20, 1285, 883], [1334, 1406, 1878], [1700, 1944, 90], [1484, 718, 331],
[649, 298, 1087], [489, 700, 363], [1403, 1071, 1320], [1367, 246, 1774], [1373, 298, 55], [794, 1783, 884], [125, 680, 1046], [1985, 890, 1328], [638, 489, 1171], [729, 1973, 1890],
[1060, 1498, 1064], [1023, 1988, 1764], [1386, 1290, 1711], [1582, 1534, 1958], [1256, 806, 155], [187, 476, 1939], [1072, 1579, 1495], [994, 1463, 284], [221, 1, 1750], [269, 1707, 1623],
[58, 666, 1020], [2099, 1689, 907], [1762, 1952, 1074], [1372, 1433, 507], [1229, 1565, 189], [261, 629, 665], [99, 577, 1120], [470, 1571, 483], [1731, 1792, 1461], [1380, 2061, 1067],
[1879, 995, 609], [1776, 993, 1174], [1559, 1631, 1025], [532, 1880, 1335], [2016, 1008, 1776], [104, 1269, 304], [1747, 244, 881], [766, 1691, 1328], [125, 1321, 1020], [1586, 1578, 1957],
[1529, 1356, 1829], [1014, 1031, 721], [88, 1467, 1229], [2090, 1999, 1008], [200, 1915, 892], [1977, 895, 61], [1157, 541, 1282], [915, 184, 873], [142, 309, 1070], [38, 772, 1524],
[1996, 1177, 780], [600, 91, 687], [197, 1156, 53], [1426, 1145, 929], [333, 1346, 1720], [1226, 98, 1491], [163, 1255, 909], [321, 69, 1093], [70, 212, 278], [1141, 250, 2027]]
[[4, 6, 3, 3], [6, 4, 7, 9], [4, 0, 10, 7], [3, 0, 9, 4], [2, 2, 5, 2], [8, 2, 10, 0], [6, 8, 8, 8], [6, 0, 0, 8], [4, 3, 1, 10], [5, 6, 7, 9],
[6, 4, 3, 7], [2, 10, 10, 5], [1, 2, 7, 9], [4, 4, 8, 10], [1, 5, 6, 5], [3, 6, 3, 5], [8, 2, 3, 0], [8, 10, 8, 1], [3, 9, 9, 4], [9, 8, 9, 10],
[10, 3, 9, 2], [7, 4, 10, 6], [7, 5, 1, 10], [10, 4, 2, 5], [4, 5, 3, 1], [4, 0, 2, 6], [10, 9, 10, 6], [4, 6, 5, 2], [9, 1, 4, 3], [5, 3, 9, 1],
[7, 10, 9, 4], [1, 1, 9, 5], [6, 10, 4, 9], [0, 5, 2, 8], [3, 10, 3, 8], [5, 6, 10, 3], [8, 3, 4, 0], [4, 2, 0, 0], [0, 7, 4, 1], [8, 0, 5, 2],
[0, 9, 9, 9], [3, 0, 6, 5], [10, 7, 0, 2], [2, 10, 3, 8], [0, 7, 7, 2], [9, 7, 3, 9], [3, 5, 9, 10], [6, 3, 1, 4], [10, 10, 2, 1], [8, 6, 6, 5],
[2, 6, 7, 2], [3, 10, 9, 1], [4, 5, 3, 0], [1, 4, 10, 2], [10, 6, 1, 3], [7, 0, 5, 6], [8, 7, 5, 5], [0, 0, 8, 0], [4, 4, 0, 5], [1, 9, 4, 5],
[3, 6, 6, 4], [10, 3, 7, 7], [9, 6, 8, 3], [7, 2, 7, 4], [7, 2, 8, 5], [0, 5, 5, 3], [10, 6, 8, 9], [4, 0, 2, 6], [6, 8, 8, 3], [9, 4, 9, 5],
[9, 6, 8, 5], [7, 4, 7, 1], [6, 4, 7, 7], [10, 1, 10, 7], [5, 5, 5, 8], [5, 7, 3, 9], [2, 0, 2, 0], [3, 0, 3, 1], [4, 0, 4, 0], [5, 0, 2, 9],
[3, 7, 3, 2], [6, 0, 7, 1], [4, 1, 7, 9], [7, 10, 6, 7], [8, 8, 6, 9], [6, 9, 8, 10], [10, 1, 9, 2], [0, 9, 0, 3], [5, 2, 3, 0], [2, 10, 10, 6],
[9, 6, 3, 3], [3, 9, 0, 10], [4, 4, 8, 10], [2, 4, 7, 1], [5, 5, 3, 3], [3, 2, 4, 8], [4, 5, 7, 4], [4, 6, 0, 1], [0, 1, 2, 1], [8, 0, 0, 1],
[4, 7, 9, 7], [0, 3, 8, 3], [9, 10, 5, 1], [10, 9, 8, 1], [4, 4, 5, 6], [8, 3, 5, 8], [2, 8, 10, 10], [8, 8, 9, 2], [4, 5, 7, 2], [9, 2, 6, 7],
[10, 0, 6, 9], [7, 1, 8, 0], [3, 3, 7, 1], [4, 10, 7, 7], [7, 4, 4, 3], [0, 1, 5, 4], [6, 10, 7, 4], [1, 0, 9, 1], [9, 3, 10, 5], [4, 8, 6, 6],
[9, 0, 7, 0], [10, 1, 5, 5], [4, 10, 8, 4], [9, 2, 8, 4], [10, 2, 7, 0], [0, 3, 1, 9], [4, 10, 4, 7], [5, 8, 2, 1], [8, 7, 1, 5], [8, 5, 10, 1],
[4, 7, 5, 0], [7, 1, 4, 6], [1, 9, 7, 0], [0, 6, 9, 4], [5, 0, 0, 10], [8, 2, 9, 5], [9, 0, 0, 5], [5, 8, 4, 7], [5, 10, 7, 1], [9, 9, 6, 8],
[6, 2, 8, 6], [8, 7, 10, 1], [7, 0, 9, 3], [0, 8, 8, 8], [6, 6, 2, 9], [4, 6, 3, 7], [3, 8, 8, 10], [6, 3, 8, 10], [3, 5, 5, 10], [10, 3, 0, 5],
[1, 7, 8, 1], [4, 3, 9, 8], [8, 9, 6, 1], [3, 9, 8, 4], [6, 3, 4, 0], [5, 10, 10, 8], [4, 3, 5, 2], [6, 5, 5, 7], [2, 0, 6, 4], [3, 5, 2, 0],
[1, 8, 10, 2], [5, 5, 7, 9], [7, 0, 9, 1], [10, 7, 7, 1], [10, 2, 1, 5], [5, 6, 10, 5], [4, 5, 8, 8], [8, 10, 6, 10], [5, 4, 1, 10], [9, 8, 7, 5],
[6, 5, 4, 3], [1, 1, 3, 9], [1, 4, 1, 4], [9, 0, 8, 2], [6, 5, 8, 3], [2, 4, 0, 7], [8, 2, 5, 4], [8, 1, 10, 2], [4, 3, 3, 4], [2, 6, 2, 1]]
[1, 1, 1, 1, 1, 0.2, 0.2, 0.2, 0.2, 0.2,
0.2, 0.2, 0.2, 0.2, 0.2, 0.2, 0.2, 0.2, 0.2, 0.2,
0.2, 0.2, 0.2, 0.2, 0.2, 0.2, 0.2, 0.2, 0.2, 0.2,
0.04, 0.04, 0.04, 0.04, 0.04, 0.04, 0.04, 0.04, 0.04, 0.04,
0.04, 0.04, 0.04, 0.04, 0.04, 0.04, 0.04, 0.04, 0.04, 0.04,
0.04, 0.04, 0.04, 0.04, 0.04, 0.008, 0.008, 0.008, 0.008, 0.008,
0.008, 0.008, 0.008, 0.008, 0.008, 0.008, 0.008, 0.008, 0.008, 0.008,
0.008, 0.008, 0.008, 0.008, 0.008, 0.008, 0.008, 0.008, 0.008, 0.008,
0.0016, 0.0016, 0.0016, 0.0016, 0.0016, 0.0016, 0.0016, 0.0016, 0.0016, 0.0016,
0.0016, 0.0016, 0.0016, 0.0016, 0.0016, 0.0016, 0.0016, 0.0016, 0.0016, 0.0016,
0.0016, 0.0016, 0.0016, 0.0016, 0.0016, 0.00032, 0.00032, 0.00032, 0.00032, 0.00032,
0.00032, 0.00032, 0.00032, 0.00032, 0.00032, 0.00032, 0.00032, 0.00032, 0.00032, 0.00032,
0.00032, 0.00032, 0.00032, 0.00032, 0.00032, 0.00032, 0.00032, 0.00032, 0.00032, 0.00032,
6.4e-05, 6.4e-05, 6.4e-05, 6.4e-05, 6.4e-05, 6.4e-05, 6.4e-05, 6.4e-05, 6.4e-05, 6.4e-05,
6.4e-05, 6.4e-05, 6.4e-05, 6.4e-05, 6.4e-05, 6.4e-05, 6.4e-05, 6.4e-05, 6.4e-05, 6.4e-05,
6.4e-05, 6.4e-05, 6.4e-05, 6.4e-05, 6.4e-05, 1.28e-05, 1.28e-05, 1.28e-05, 1.28e-05, 1.28e-05,
1.28e-05, 1.28e-05, 1.28e-05, 1.28e-05, 1.28e-05, 1.28e-05, 1.28e-05, 1.28e-05, 1.28e-05, 1.28e-05,
1.28e-05, 1.28e-05, 1.28e-05, 1.28e-05, 1.28e-05, 1.28e-05, 1.28e-05, 1.28e-05, 1.28e-05, 1.28e-05]
[0, 0, 3, 4, 0, 5, 4, 7, 6, 5,
10, 0, 1, 2, 8, 8, 6, 2, 2, 2,
4, 4, 2, 2, 1, 3, 2, 10, 1, 8,
6, 5, 1, 8, 9, 2, 2, 9, 4, 9,
4, 4, 1, 5, 2, 10, 3, 5, 9, 4,
8, 8, 8, 0, 2, 6, 8, 10, 10, 9,
2, 7, 0, 9, 10, 2, 7, 5, 1, 4,
1, 8, 8, 2, 8, 9, 7, 5, 3, 1,
4, 6, 9, 2, 1, 10, 6, 7, 8, 0,
8, 3, 10, 7, 8, 10, 6, 10, 3, 0,
6, 4, 0, 3, 8, 1, 6, 6, 7, 4,
8, 3, 6, 6, 10, 0, 0, 4, 10, 8,
5, 9, 10, 4, 6, 8, 8, 2, 9, 0,
1, 10, 10, 0, 7, 4, 3, 1, 3, 6,
0, 8, 10, 10, 5, 1, 8, 3, 0, 4,
10, 6, 4, 2, 10, 4, 9, 5, 0, 3,
3, 9, 2, 5, 1, 8, 0, 10, 7, 2,
8, 3, 6, 0, 1, 9, 5, 0, 5, 7]
------------------------------------------------------- 
# stage = 8	# children c = 5	length of each stage p = 5	nodes = 179	# items I = 1
