[99, 4, 70, 40, 55, 90, 99, 79, 95, 60,
21, 88, 67, 3, 48, 44, 65, 30, 27, 2,
1, 62, 5, 38, 33, 100, 22, 22, 34, 62,
8, 99, 32, 78, 38, 88, 33, 2, 32, 95,
62, 53, 82, 28, 23, 96, 39, 88, 25, 66,
56, 26, 94, 27, 30, 26, 26, 18, 14, 26,
46, 90, 24, 79, 67, 62, 32, 67, 65, 64,
27, 26, 84, 75, 21, 6, 70, 60, 60, 95,
92, 16, 87, 86, 43, 84, 78, 36, 68, 59,
28, 81, 48, 53, 25, 81, 81, 57, 13, 45,
20, 40, 38, 70, 14, 59, 76, 50, 85, 2,
10, 42, 18, 64, 94, 27, 13, 72, 29, 47,
97, 58, 27, 44, 77, 52, 91, 57, 8, 4,
69, 96, 10, 6, 31, 92, 31, 7, 41, 82,
76, 18, 23, 60, 82, 17, 87, 95, 55, 83,
41, 51, 6, 35, 61, 83, 87, 17, 5, 62,
21, 74, 23, 99, 46, 54, 90, 77, 27, 97,
58, 2, 81, 48, 62, 62, 65, 15, 22, 86]
[[255, 138, 546], [171, 332, 663], [691, 505, 861], [575, 586, 358], [348, 412, 761], [773, 271, 803], [699, 438, 775], [147, 789, 794], [193, 24, 498], [770, 327, 660],
[681, 274, 799], [255, 445, 159], [918, 828, 664], [500, 431, 942], [858, 780, 383], [340, 273, 654], [835, 0, 785], [330, 147, 294], [153, 33, 318], [651, 803, 337],
[339, 512, 304], [166, 459, 749], [18, 406, 606], [374, 598, 729], [345, 176, 229], [728, 516, 502], [102, 72, 503], [887, 402, 342], [209, 555, 67], [219, 234, 562],
[249, 266, 766], [553, 432, 254], [22, 142, 352], [320, 517, 950], [742, 862, 154], [971, 310, 363], [194, 412, 435], [389, 20, 529], [423, 893, 113], [491, 805, 39],
[81, 82, 969], [848, 327, 430], [794, 41, 264], [174, 54, 781], [152, 796, 671], [970, 487, 9], [53, 681, 114], [488, 762, 134], [710, 214, 55], [515, 705, 860],
[246, 478, 634], [244, 46, 653], [674, 840, 695], [938, 706, 749], [440, 550, 265], [139, 549, 752], [813, 294, 154], [927, 475, 916], [89, 213, 158], [808, 728, 555],
[389, 2, 62], [51, 246, 772], [397, 612, 333], [120, 271, 67], [561, 711, 618], [826, 542, 859], [298, 383, 181], [452, 338, 348], [397, 119, 561], [555, 928, 317],
[803, 345, 12], [557, 88, 922], [357, 485, 563], [382, 297, 526], [450, 858, 265], [760, 404, 807], [339, 703, 883], [212, 847, 913], [561, 272, 61], [814, 520, 681],
[824, 351, 718], [836, 600, 498], [786, 957, 676], [69, 60, 1], [595, 202, 552], [860, 962, 648], [388, 21, 379], [963, 897, 255], [904, 178, 219], [657, 21, 739],
[58, 845, 782], [468, 401, 410], [967, 215, 88], [671, 285, 812], [364, 880, 42], [608, 461, 696], [285, 541, 717], [356, 532, 334], [303, 156, 513], [523, 506, 226],
[954, 564, 99], [457, 61, 192], [559, 720, 407], [339, 111, 384], [179, 475, 957], [221, 112, 138], [917, 89, 679], [354, 445, 903], [689, 441, 751], [894, 656, 285],
[812, 638, 850], [911, 787, 603], [131, 67, 351], [230, 406, 154], [307, 586, 629], [292, 499, 433], [430, 445, 214], [801, 491, 352], [732, 872, 793], [511, 794, 477],
[489, 634, 807], [367, 265, 315], [662, 88, 382], [705, 11, 788], [859, 318, 94], [208, 302, 594], [334, 732, 731], [548, 253, 250], [900, 13, 815], [413, 216, 637],
[582, 705, 964], [418, 764, 921], [425, 454, 702], [807, 851, 405], [315, 430, 415], [410, 639, 717], [696, 1, 169], [455, 241, 422], [397, 834, 435], [240, 275, 343],
[570, 858, 77], [254, 968, 533], [867, 421, 680], [597, 920, 559], [694, 263, 18], [137, 673, 349], [854, 89, 42], [51, 544, 947], [473, 634, 809], [600, 566, 777],
[636, 164, 355], [405, 110, 43], [938, 6, 156], [646, 295, 104], [898, 18, 367], [608, 155, 733], [649, 702, 822], [691, 445, 87], [666, 919, 413], [196, 239, 7],
[1, 875, 836], [356, 0, 946], [399, 939, 952], [555, 305, 276], [351, 895, 958], [718, 531, 141], [171, 872, 535], [686, 591, 9], [465, 950, 620], [878, 174, 859],
[577, 839, 455], [441, 887, 455], [416, 6, 114], [88, 253, 420], [56, 604, 35], [42, 42, 567], [848, 214, 159], [411, 592, 751], [420, 749, 421], [732, 347, 287]]
[[5, 1, 3, 7], [0, 1, 9, 10], [3, 10, 8, 3], [8, 2, 4, 5], [3, 10, 10, 10], [0, 7, 5, 3], [5, 10, 2, 6], [3, 8, 9, 8], [7, 10, 2, 7], [0, 0, 6, 4],
[0, 2, 7, 6], [4, 9, 9, 5], [6, 8, 3, 6], [3, 8, 7, 6], [7, 8, 2, 9], [5, 9, 4, 10], [7, 7, 6, 7], [5, 10, 9, 5], [1, 3, 9, 4], [10, 8, 7, 5],
[5, 10, 10, 8], [5, 6, 4, 0], [3, 4, 9, 6], [0, 0, 5, 7], [5, 9, 2, 0], [9, 9, 3, 8], [2, 2, 1, 1], [10, 7, 5, 4], [4, 4, 0, 10], [8, 2, 10, 1],
[4, 6, 5, 4], [6, 0, 10, 1], [7, 1, 1, 5], [10, 2, 1, 10], [4, 0, 10, 3], [7, 4, 6, 1], [6, 4, 9, 3], [6, 8, 2, 8], [3, 8, 1, 7], [6, 9, 6, 2],
[8, 5, 6, 8], [8, 7, 5, 1], [5, 4, 5, 2], [6, 9, 1, 1], [2, 10, 5, 8], [5, 5, 5, 6], [2, 4, 2, 6], [3, 9, 7, 0], [1, 0, 6, 9], [5, 10, 0, 10],
[1, 3, 1, 8], [1, 0, 7, 1], [10, 10, 9, 4], [5, 1, 10, 5], [3, 0, 10, 4], [7, 6, 3, 8], [6, 7, 7, 0], [6, 5, 10, 8], [6, 10, 3, 5], [10, 10, 6, 8],
[10, 2, 10, 2], [1, 10, 7, 4], [8, 6, 7, 4], [10, 10, 10, 5], [6, 4, 3, 0], [7, 1, 6, 2], [0, 9, 5, 8], [6, 9, 3, 5], [0, 3, 7, 10], [0, 2, 2, 8],
[8, 9, 10, 8], [6, 9, 0, 10], [3, 4, 10, 10], [3, 5, 2, 3], [1, 5, 9, 8], [4, 2, 0, 2], [3, 6, 2, 3], [8, 2, 0, 3], [0, 10, 9, 6], [8, 10, 5, 0],
[1, 3, 9, 4], [6, 0, 5, 6], [3, 3, 3, 5], [3, 3, 8, 6], [7, 8, 7, 4], [10, 7, 8, 8], [4, 6, 3, 0], [3, 6, 9, 4], [7, 7, 8, 3], [5, 0, 9, 9],
[2, 10, 3, 5], [0, 9, 10, 8], [4, 6, 1, 3], [1, 7, 9, 3], [1, 1, 3, 4], [6, 0, 9, 2], [7, 4, 3, 0], [5, 1, 9, 5], [0, 10, 10, 1], [7, 7, 9, 0],
[1, 8, 2, 2], [5, 0, 5, 4], [0, 7, 8, 6], [7, 4, 6, 1], [7, 10, 1, 10], [0, 10, 4, 10], [8, 1, 0, 4], [9, 7, 4, 10], [2, 6, 10, 7], [5, 4, 9, 5],
[9, 7, 0, 5], [9, 6, 5, 5], [5, 6, 2, 4], [4, 6, 3, 1], [8, 1, 3, 4], [6, 5, 3, 8], [1, 2, 3, 6], [4, 1, 9, 1], [6, 9, 4, 5], [2, 9, 8, 6],
[5, 0, 8, 9], [6, 0, 8, 1], [10, 0, 5, 5], [5, 6, 2, 4], [6, 5, 8, 9], [7, 6, 10, 0], [2, 3, 5, 3], [2, 3, 9, 5], [3, 6, 3, 7], [4, 0, 7, 1],
[9, 10, 6, 3], [6, 6, 8, 10], [10, 3, 8, 4], [10, 5, 4, 10], [9, 10, 2, 9], [0, 0, 3, 1], [4, 4, 8, 6], [4, 4, 5, 0], [2, 0, 3, 8], [5, 9, 5, 4],
[2, 3, 8, 10], [8, 1, 9, 4], [9, 1, 0, 9], [10, 3, 10, 2], [7, 6, 8, 9], [8, 1, 9, 10], [1, 0, 7, 4], [9, 2, 8, 9], [3, 3, 6, 9], [5, 5, 1, 1],
[4, 1, 0, 3], [3, 10, 5, 8], [3, 1, 5, 1], [2, 1, 0, 1], [1, 6, 6, 9], [6, 1, 5, 7], [5, 1, 5, 10], [6, 6, 0, 10], [6, 9, 0, 7], [7, 6, 4, 10],
[5, 9, 0, 5], [9, 10, 6, 10], [5, 10, 6, 0], [1, 1, 7, 6], [0, 10, 3, 4], [4, 1, 3, 10], [0, 1, 4, 7], [5, 8, 4, 10], [5, 5, 2, 3], [4, 7, 0, 7],
[6, 7, 7, 5], [6, 1, 0, 4], [9, 1, 8, 2], [3, 0, 10, 3], [10, 3, 8, 5], [1, 1, 4, 4], [4, 5, 7, 8], [1, 5, 2, 7], [10, 7, 2, 3], [8, 0, 7, 7]]
[1, 1, 1, 1, 1, 0.2, 0.2, 0.2, 0.2, 0.2,
0.2, 0.2, 0.2, 0.2, 0.2, 0.2, 0.2, 0.2, 0.2, 0.2,
0.2, 0.2, 0.2, 0.2, 0.2, 0.2, 0.2, 0.2, 0.2, 0.2,
0.04, 0.04, 0.04, 0.04, 0.04, 0.04, 0.04, 0.04, 0.04, 0.04,
0.04, 0.04, 0.04, 0.04, 0.04, 0.04, 0.04, 0.04, 0.04, 0.04,
0.04, 0.04, 0.04, 0.04, 0.04, 0.008, 0.008, 0.008, 0.008, 0.008,
0.008, 0.008, 0.008, 0.008, 0.008, 0.008, 0.008, 0.008, 0.008, 0.008,
0.008, 0.008, 0.008, 0.008, 0.008, 0.008, 0.008, 0.008, 0.008, 0.008,
0.0016, 0.0016, 0.0016, 0.0016, 0.0016, 0.0016, 0.0016, 0.0016, 0.0016, 0.0016,
0.0016, 0.0016, 0.0016, 0.0016, 0.0016, 0.0016, 0.0016, 0.0016, 0.0016, 0.0016,
0.0016, 0.0016, 0.0016, 0.0016, 0.0016, 0.00032, 0.00032, 0.00032, 0.00032, 0.00032,
0.00032, 0.00032, 0.00032, 0.00032, 0.00032, 0.00032, 0.00032, 0.00032, 0.00032, 0.00032,
0.00032, 0.00032, 0.00032, 0.00032, 0.00032, 0.00032, 0.00032, 0.00032, 0.00032, 0.00032,
6.4e-05, 6.4e-05, 6.4e-05, 6.4e-05, 6.4e-05, 6.4e-05, 6.4e-05, 6.4e-05, 6.4e-05, 6.4e-05,
6.4e-05, 6.4e-05, 6.4e-05, 6.4e-05, 6.4e-05, 6.4e-05, 6.4e-05, 6.4e-05, 6.4e-05, 6.4e-05,
6.4e-05, 6.4e-05, 6.4e-05, 6.4e-05, 6.4e-05, 1.28e-05, 1.28e-05, 1.28e-05, 1.28e-05, 1.28e-05,
1.28e-05, 1.28e-05, 1.28e-05, 1.28e-05, 1.28e-05, 1.28e-05, 1.28e-05, 1.28e-05, 1.28e-05, 1.28e-05,
1.28e-05, 1.28e-05, 1.28e-05, 1.28e-05, 1.28e-05, 1.28e-05, 1.28e-05, 1.28e-05, 1.28e-05, 1.28e-05]
[12, 15, 5, 10, 5, 8, 11, 12, 14, 5,
3, 8, 9, 19, 0, 6, 4, 15, 11, 4,
15, 17, 16, 12, 9, 3, 10, 10, 13, 18,
19, 18, 17, 16, 10, 9, 16, 4, 0, 15,
14, 18, 5, 8, 18, 16, 14, 13, 0, 4,
14, 16, 3, 15, 9, 18, 0, 12, 5, 16,
3, 6, 19, 1, 1, 1, 2, 19, 11, 1,
5, 8, 0, 15, 4, 13, 16, 9, 11, 18,
19, 0, 10, 18, 6, 5, 3, 0, 17, 1,
0, 13, 6, 8, 4, 1, 18, 8, 5, 13,
11, 14, 16, 2, 3, 0, 1, 15, 0, 4,
10, 12, 0, 1, 11, 9, 17, 13, 10, 0,
2, 0, 17, 3, 11, 6, 5, 14, 2, 3,
9, 0, 7, 13, 0, 15, 17, 10, 16, 16,
12, 13, 12, 15, 2, 8, 14, 2, 14, 12,
12, 1, 19, 0, 16, 7, 10, 19, 7, 16,
17, 4, 18, 5, 6, 3, 9, 4, 8, 8,
12, 6, 15, 4, 3, 15, 10, 4, 10, 4]
------------------------------------------------------- 
# stage = 8	# children c = 5	length of each stage p = 5	nodes = 179	# items I = 1
