[51, 64, 10, 67, 83, 42, 82, 92, 100, 10,
47, 9, 80, 30, 18, 70, 82, 95, 61, 36,
97, 22, 92, 8, 79, 28, 0, 68, 76, 75,
43, 93, 39, 19, 59, 88, 61, 41, 79, 26,
17, 92, 36, 63, 89, 20, 99, 70, 14, 60,
5, 10, 48, 63, 85, 27, 92, 85, 61, 33,
25, 3, 26, 30, 23, 85, 17, 84, 92, 63,
77, 76, 20, 12, 38, 8, 32, 3, 78, 12,
63, 83, 22, 10, 12, 6, 3, 70, 57, 64,
2, 48, 68, 95, 79, 57, 46, 62, 6, 37,
91, 83, 79, 11, 61, 84, 19, 59, 87, 64,
71, 15, 12, 93, 92, 24, 65, 96, 94, 88,
59, 97, 36, 93, 57, 14, 49, 2, 42, 22]
[[500, 755, 288], [24, 576, 44], [659, 203, 254], [360, 422, 395], [681, 80, 351], [218, 617, 100], [262, 99, 392], [289, 788, 442], [596, 810, 275], [47, 459, 224],
[532, 864, 884], [725, 793, 562], [769, 553, 670], [125, 818, 193], [425, 600, 179], [681, 724, 796], [781, 891, 800], [275, 282, 689], [717, 783, 600], [898, 830, 65],
[223, 368, 31], [114, 194, 824], [581, 65, 384], [352, 95, 208], [450, 425, 809], [629, 112, 539], [431, 893, 531], [332, 174, 813], [123, 797, 698], [628, 796, 534],
[599, 25, 4], [535, 44, 103], [365, 625, 73], [749, 78, 73], [863, 529, 498], [678, 164, 610], [318, 501, 510], [849, 833, 589], [669, 861, 487], [373, 591, 289],
[8, 196, 220], [816, 731, 264], [21, 197, 890], [94, 852, 873], [73, 816, 408], [476, 595, 478], [188, 14, 80], [603, 768, 14], [293, 538, 876], [686, 12, 473],
[880, 21, 669], [201, 742, 406], [371, 763, 603], [362, 763, 461], [241, 836, 378], [650, 413, 878], [229, 506, 797], [214, 115, 667], [228, 314, 306], [110, 101, 224],
[488, 886, 245], [163, 94, 892], [569, 465, 662], [179, 732, 526], [640, 74, 368], [120, 629, 686], [4, 763, 199], [802, 78, 314], [570, 212, 533], [781, 322, 539],
[106, 716, 527], [256, 879, 621], [250, 550, 187], [817, 634, 824], [444, 375, 898], [717, 400, 534], [409, 405, 398], [608, 213, 382], [828, 688, 594], [462, 570, 821],
[103, 582, 638], [630, 743, 524], [257, 898, 80], [349, 816, 714], [274, 266, 190], [273, 888, 496], [807, 399, 806], [212, 108, 120], [594, 841, 808], [289, 405, 384],
[116, 508, 871], [755, 144, 716], [380, 306, 620], [460, 655, 443], [180, 30, 709], [370, 303, 699], [771, 117, 199], [678, 329, 212], [798, 24, 155], [612, 218, 560],
[98, 334, 74], [874, 95, 123], [596, 380, 429], [318, 840, 185], [761, 26, 215], [476, 397, 423], [276, 269, 445], [380, 853, 679], [593, 752, 608], [653, 466, 826],
[219, 469, 167], [198, 349, 262], [321, 47, 643], [655, 365, 489], [745, 132, 516], [865, 608, 818], [294, 790, 93], [740, 271, 47], [520, 769, 705], [230, 523, 177],
[62, 742, 551], [134, 41, 1], [397, 267, 48], [46, 827, 318], [440, 673, 450], [861, 639, 65], [780, 839, 855], [779, 680, 132], [731, 206, 3], [537, 341, 431]]
[[6, 3, 0, 5], [2, 0, 4, 5], [5, 2, 3, 1], [2, 3, 2, 9], [0, 4, 0, 7], [5, 5, 3, 10], [7, 10, 1, 7], [1, 4, 8, 7], [5, 7, 1, 7], [5, 4, 1, 10],
[6, 3, 9, 7], [6, 1, 5, 4], [3, 5, 0, 8], [8, 3, 6, 4], [3, 5, 10, 4], [7, 5, 0, 1], [10, 10, 8, 4], [3, 8, 4, 8], [0, 0, 4, 4], [1, 9, 8, 4],
[1, 7, 0, 9], [10, 4, 1, 2], [9, 9, 4, 4], [3, 4, 5, 1], [2, 3, 5, 5], [9, 7, 0, 7], [8, 4, 0, 9], [0, 6, 1, 10], [2, 1, 7, 2], [5, 6, 2, 1],
[4, 7, 3, 5], [9, 9, 6, 0], [10, 1, 4, 8], [6, 4, 4, 3], [9, 2, 0, 7], [8, 1, 7, 9], [0, 3, 9, 3], [9, 0, 2, 0], [7, 6, 5, 6], [4, 1, 4, 1],
[0, 8, 9, 4], [2, 0, 8, 9], [2, 6, 3, 8], [5, 10, 6, 5], [2, 4, 6, 9], [3, 8, 9, 10], [1, 2, 3, 3], [1, 8, 4, 1], [3, 2, 3, 3], [0, 0, 1, 0],
[4, 5, 9, 9], [2, 2, 3, 3], [5, 7, 1, 8], [5, 9, 7, 4], [0, 9, 8, 1], [4, 1, 0, 7], [2, 3, 0, 2], [2, 10, 3, 6], [2, 10, 5, 5], [1, 6, 8, 6],
[3, 7, 3, 6], [3, 9, 10, 1], [5, 7, 2, 9], [7, 0, 5, 9], [2, 5, 9, 2], [3, 10, 8, 5], [9, 0, 10, 9], [7, 5, 4, 8], [0, 6, 1, 3], [2, 9, 5, 7],
[4, 5, 3, 0], [4, 8, 9, 6], [1, 5, 8, 4], [5, 3, 9, 3], [4, 7, 1, 9], [1, 4, 6, 10], [10, 5, 3, 10], [3, 6, 4, 7], [0, 7, 7, 4], [2, 3, 8, 3],
[9, 5, 5, 3], [7, 4, 6, 0], [9, 6, 9, 8], [10, 2, 8, 7], [5, 9, 6, 8], [4, 8, 3, 2], [4, 10, 5, 6], [1, 2, 10, 10], [6, 2, 0, 2], [6, 4, 0, 2],
[10, 7, 0, 7], [9, 8, 3, 3], [6, 7, 9, 8], [4, 1, 10, 8], [10, 4, 2, 0], [5, 10, 8, 9], [1, 6, 9, 6], [10, 9, 8, 8], [5, 8, 4, 1], [3, 8, 2, 9],
[4, 0, 4, 7], [0, 4, 4, 8], [6, 6, 6, 9], [5, 3, 5, 7], [7, 3, 0, 6], [10, 8, 3, 4], [6, 6, 3, 7], [3, 5, 6, 5], [4, 8, 1, 2], [1, 4, 10, 6],
[8, 5, 2, 1], [6, 8, 6, 2], [0, 6, 8, 0], [3, 10, 2, 7], [5, 6, 4, 6], [9, 8, 9, 2], [5, 0, 4, 5], [2, 1, 9, 10], [6, 0, 0, 1], [6, 6, 3, 7],
[1, 10, 5, 5], [7, 5, 10, 10], [9, 3, 5, 8], [0, 3, 8, 4], [1, 0, 9, 3], [1, 7, 3, 8], [5, 1, 9, 1], [8, 0, 6, 9], [8, 9, 1, 4], [3, 10, 3, 0]]
[1, 1, 1, 1, 1, 0.2, 0.2, 0.2, 0.2, 0.2,
0.2, 0.2, 0.2, 0.2, 0.2, 0.2, 0.2, 0.2, 0.2, 0.2,
0.2, 0.2, 0.2, 0.2, 0.2, 0.2, 0.2, 0.2, 0.2, 0.2,
0.04, 0.04, 0.04, 0.04, 0.04, 0.04, 0.04, 0.04, 0.04, 0.04,
0.04, 0.04, 0.04, 0.04, 0.04, 0.04, 0.04, 0.04, 0.04, 0.04,
0.04, 0.04, 0.04, 0.04, 0.04, 0.008, 0.008, 0.008, 0.008, 0.008,
0.008, 0.008, 0.008, 0.008, 0.008, 0.008, 0.008, 0.008, 0.008, 0.008,
0.008, 0.008, 0.008, 0.008, 0.008, 0.008, 0.008, 0.008, 0.008, 0.008,
0.0016, 0.0016, 0.0016, 0.0016, 0.0016, 0.0016, 0.0016, 0.0016, 0.0016, 0.0016,
0.0016, 0.0016, 0.0016, 0.0016, 0.0016, 0.0016, 0.0016, 0.0016, 0.0016, 0.0016,
0.0016, 0.0016, 0.0016, 0.0016, 0.0016, 0.00032, 0.00032, 0.00032, 0.00032, 0.00032,
0.00032, 0.00032, 0.00032, 0.00032, 0.00032, 0.00032, 0.00032, 0.00032, 0.00032, 0.00032,
0.00032, 0.00032, 0.00032, 0.00032, 0.00032, 0.00032, 0.00032, 0.00032, 0.00032, 0.00032]
[7, 6, 17, 16, 6, 16, 17, 12, 0, 4,
14, 14, 17, 17, 8, 15, 15, 12, 5, 15,
5, 12, 14, 8, 15, 17, 2, 7, 15, 16,
0, 1, 11, 13, 3, 8, 1, 10, 5, 7,
11, 9, 0, 14, 0, 17, 1, 12, 11, 9,
11, 3, 16, 7, 12, 2, 0, 16, 7, 10,
2, 4, 9, 14, 2, 15, 1, 6, 11, 1,
7, 8, 13, 5, 14, 6, 5, 15, 4, 13,
14, 0, 8, 11, 0, 5, 11, 11, 17, 5,
10, 7, 15, 9, 15, 4, 12, 4, 10, 4,
5, 12, 1, 3, 0, 10, 15, 5, 2, 10,
15, 6, 0, 12, 4, 15, 1, 7, 12, 17,
15, 2, 6, 3, 0, 6, 9, 6, 2, 15]
------------------------------------------------------- 
# stage = 6	# children c = 5	length of each stage p = 5	nodes = 129	# items I = 1
