[45, 64, 39, 39, 58, 26, 34, 74, 9, 48,
60, 17, 17, 17, 56, 94, 19, 95, 49, 24]
[[648, 1777, 2066], [1009, 608, 1483], [2310, 469, 2049], [1544, 2079, 493], [30, 24, 1704], [718, 1035, 1376], [185, 255, 1371], [2316, 513, 1090], [925, 1829, 1105], [2054, 920, 2041],
[36, 2282, 2210], [494, 1683, 1210], [1977, 64, 1680], [1706, 1, 2151], [591, 31, 567], [2295, 1462, 2316], [1351, 1647, 250], [1114, 1642, 1476], [2204, 960, 984], [1702, 693, 297]]
[[3, 8, 6, 8], [4, 5, 7, 3], [9, 3, 7, 3], [0, 1, 5, 4], [9, 10, 1, 7], [3, 3, 7, 1], [4, 8, 4, 4], [10, 0, 1, 1], [9, 5, 7, 0], [8, 3, 4, 6],
[5, 0, 9, 3], [0, 2, 7, 9], [10, 6, 3, 3], [9, 8, 2, 2], [6, 7, 6, 3], [5, 5, 4, 3], [8, 10, 2, 5], [2, 6, 10, 5], [4, 6, 8, 4], [8, 4, 2, 6]]
[1, 1, 0.333333, 0.333333, 0.333333, 0.333333, 0.333333, 0.333333, 0.111111, 0.111111,
0.111111, 0.111111, 0.111111, 0.111111, 0.037037, 0.037037, 0.037037, 0.037037, 0.037037, 0.037037]
[7, 3, 10, 3, 11, 10, 2, 6, 1, 1,
1, 1, 6, 3, 5, 7, 4, 0, 6, 0]
------------------------------------------------------- 
# stage = 4	# children c = 3	length of each stage p = 2	nodes = 19	# items I = 1
