[12, 4, 26, 15, 50, 73, 70, 39, 92, 66,
50, 32, 1, 100, 7, 78, 6, 31, 92, 90,
16, 39, 63]
[[270, 2182, 230], [1358, 1777, 715], [81, 1330, 1776], [587, 928, 375], [1632, 693, 1853], [398, 2001, 257], [930, 813, 2201], [565, 1554, 146], [1087, 2005, 374], [661, 884, 1153],
[1104, 1155, 198], [424, 1603, 1065], [230, 1684, 1485], [1096, 44, 187], [561, 1677, 880], [188, 2075, 1972], [1762, 2096, 558], [1736, 434, 1202], [972, 612, 980], [437, 1273, 1864],
[680, 1468, 2109], [2195, 982, 1485], [1034, 1212, 943]]
[[9, 10, 1, 3], [2, 9, 9, 2], [2, 6, 9, 3], [10, 10, 3, 5], [8, 2, 2, 6], [9, 5, 6, 10], [3, 10, 1, 3], [8, 7, 0, 5], [6, 10, 6, 6], [7, 4, 7, 9],
[10, 5, 10, 7], [2, 0, 2, 0], [1, 2, 4, 10], [5, 10, 7, 7], [7, 6, 10, 3], [2, 9, 8, 8], [8, 3, 1, 2], [6, 8, 9, 3], [2, 8, 0, 5], [7, 0, 3, 8],
[2, 7, 7, 8], [5, 1, 4, 1], [7, 1, 2, 9]]
[1, 0.5, 0.5, 0.25, 0.25, 0.125, 0.125, 0.0625, 0.0625, 0.03125,
0.03125, 0.015625, 0.015625, 0.0078125, 0.0078125, 0.00390625, 0.00390625, 0.00195312, 0.00195312, 0.000976562,
0.000976562, 0.000488281, 0.000488281]
[8, 9, 0, 1, 7, 11, 11, 8, 4, 8,
7, 1, 11, 0, 5, 11, 4, 8, 6, 7,
7, 10, 8]
------------------------------------------------------- 
# stage = 12	# children c = 2	length of each stage p = 1	nodes = 22	# items I = 1
