[84, 34, 8, 82, 70, 22, 27, 65, 42, 35,
26, 43, 87, 84, 57, 77, 36, 21, 20, 100,
73, 92, 18, 77, 55, 92, 34, 4, 51, 72,
69, 1, 72, 77, 49, 41, 100, 42, 72, 41,
77, 64, 50, 29, 13, 7, 5, 49, 95, 25,
14, 33, 83, 33, 9, 4, 91, 9, 8, 8,
81, 77, 9, 52, 19, 24, 59, 85, 67, 97,
93, 43, 61, 42, 73, 74, 15, 44, 90, 76,
36, 3, 9, 18, 2, 85, 89, 94, 95, 97,
1, 41, 73, 77, 60, 59, 0, 18, 43, 67,
15, 35, 77, 42, 44, 15, 15, 59, 59, 71,
1, 95, 75, 10, 80, 43, 95, 68, 2, 55,
31, 3, 97, 70, 46, 56, 28, 13, 40, 72,
46, 21, 73, 22, 63, 16, 37, 45, 42, 63,
15, 43, 23, 56, 19, 69, 66, 80, 3, 68,
35, 34, 38, 98, 3, 50, 19, 99, 63, 59,
70, 76, 47, 8, 98, 9, 25, 1, 20, 33,
30, 2, 42, 19, 58, 61, 89, 23, 6, 58]
[[380, 227, 852], [238, 72, 120], [606, 918, 749], [877, 96, 196], [613, 537, 170], [432, 187, 755], [574, 814, 591], [342, 472, 414], [293, 718, 195], [600, 374, 534],
[602, 754, 57], [750, 64, 130], [166, 895, 344], [211, 140, 440], [408, 753, 49], [802, 481, 460], [853, 127, 571], [516, 469, 339], [227, 59, 129], [422, 659, 728],
[252, 333, 554], [310, 379, 843], [440, 546, 106], [80, 757, 246], [520, 461, 295], [793, 335, 776], [550, 260, 199], [193, 73, 668], [532, 300, 727], [885, 18, 683],
[685, 271, 312], [536, 581, 692], [675, 317, 310], [781, 397, 139], [323, 213, 825], [618, 78, 456], [690, 628, 13], [889, 117, 86], [853, 649, 610], [877, 607, 628],
[632, 588, 899], [16, 196, 776], [708, 167, 389], [90, 20, 786], [454, 567, 71], [575, 481, 374], [103, 243, 298], [116, 204, 416], [426, 354, 137], [108, 303, 40],
[33, 7, 629], [228, 247, 121], [301, 28, 289], [690, 342, 533], [773, 92, 173], [140, 667, 654], [514, 67, 194], [813, 183, 622], [301, 610, 48], [662, 14, 575],
[703, 271, 806], [628, 500, 126], [749, 801, 378], [110, 787, 16], [868, 632, 333], [113, 773, 72], [63, 359, 363], [481, 468, 547], [176, 65, 453], [448, 728, 467],
[96, 727, 739], [198, 427, 535], [324, 472, 632], [926, 583, 491], [15, 747, 196], [348, 156, 41], [644, 219, 624], [80, 925, 389], [851, 397, 454], [376, 845, 254],
[139, 237, 53], [878, 436, 704], [709, 56, 249], [413, 279, 128], [905, 518, 875], [397, 866, 103], [438, 806, 546], [358, 182, 543], [747, 329, 12], [498, 705, 154],
[48, 845, 391], [102, 91, 123], [102, 801, 404], [351, 286, 683], [479, 487, 273], [650, 884, 435], [753, 618, 537], [596, 273, 16], [211, 316, 345], [448, 814, 347],
[602, 863, 488], [289, 261, 579], [413, 363, 676], [113, 11, 259], [92, 714, 746], [589, 437, 927], [96, 486, 617], [857, 154, 890], [873, 366, 279], [515, 814, 389],
[862, 712, 324], [422, 73, 809], [297, 710, 469], [270, 823, 480], [529, 915, 266], [571, 576, 927], [570, 896, 486], [484, 122, 864], [446, 291, 302], [21, 806, 412],
[635, 36, 420], [255, 682, 494], [137, 52, 276], [606, 546, 396], [382, 147, 607], [872, 718, 256], [872, 585, 448], [654, 141, 570], [590, 587, 862], [189, 833, 36],
[825, 764, 73], [318, 91, 755], [108, 452, 103], [384, 354, 649], [76, 736, 92], [684, 905, 811], [236, 849, 468], [684, 799, 609], [551, 685, 492], [485, 874, 621],
[745, 68, 457], [818, 610, 773], [870, 718, 297], [269, 398, 652], [215, 475, 460], [307, 231, 437], [414, 467, 582], [178, 447, 677], [83, 70, 435], [800, 779, 605],
[717, 597, 673], [247, 487, 579], [316, 653, 369], [613, 923, 768], [337, 434, 539], [94, 741, 66], [755, 228, 757], [634, 630, 276], [607, 714, 571], [114, 586, 422],
[16, 375, 91], [913, 846, 803], [565, 458, 752], [6, 144, 43], [70, 705, 477], [609, 799, 291], [899, 851, 743], [728, 557, 445], [77, 236, 455], [648, 575, 337],
[366, 815, 9], [682, 800, 151], [781, 661, 610], [605, 892, 754], [649, 34, 531], [198, 868, 627], [713, 839, 550], [752, 640, 403], [270, 13, 863], [21, 885, 510]]
[[5, 9, 2, 3], [10, 7, 10, 7], [4, 0, 7, 1], [2, 8, 3, 3], [6, 7, 7, 0], [0, 7, 5, 1], [5, 4, 0, 6], [8, 5, 10, 2], [4, 10, 5, 1], [6, 2, 9, 9],
[2, 3, 10, 2], [0, 0, 4, 6], [7, 0, 4, 7], [8, 9, 6, 0], [3, 4, 6, 0], [10, 5, 0, 1], [2, 5, 2, 6], [5, 9, 4, 6], [10, 2, 8, 10], [0, 1, 4, 8],
[0, 6, 2, 6], [5, 7, 6, 6], [0, 1, 4, 10], [4, 4, 9, 6], [7, 10, 10, 1], [8, 4, 7, 8], [4, 3, 5, 4], [2, 7, 10, 2], [3, 2, 8, 6], [7, 1, 1, 7],
[0, 5, 5, 4], [7, 3, 8, 3], [2, 8, 4, 9], [10, 10, 4, 1], [0, 7, 3, 2], [2, 3, 3, 3], [3, 9, 9, 10], [0, 8, 6, 0], [0, 0, 3, 7], [2, 0, 10, 2],
[6, 1, 9, 3], [0, 0, 4, 0], [8, 8, 1, 8], [9, 4, 0, 1], [0, 7, 0, 0], [2, 4, 10, 2], [3, 2, 7, 5], [0, 6, 7, 5], [5, 4, 8, 6], [4, 0, 4, 1],
[6, 5, 7, 2], [7, 7, 3, 8], [1, 1, 8, 3], [3, 5, 3, 6], [7, 10, 0, 6], [3, 6, 0, 9], [8, 6, 2, 1], [4, 6, 1, 8], [10, 8, 10, 6], [3, 0, 1, 4],
[10, 8, 6, 3], [2, 9, 9, 8], [7, 8, 3, 8], [1, 1, 6, 9], [7, 6, 10, 10], [0, 9, 7, 8], [7, 7, 3, 8], [5, 3, 1, 5], [0, 5, 8, 2], [2, 6, 10, 9],
[1, 2, 6, 2], [1, 0, 9, 9], [6, 9, 8, 4], [7, 2, 1, 1], [7, 3, 9, 2], [6, 9, 5, 6], [3, 2, 8, 5], [6, 6, 1, 8], [6, 8, 8, 8], [6, 7, 4, 10],
[3, 10, 4, 8], [1, 5, 10, 7], [6, 6, 7, 1], [4, 1, 7, 6], [3, 3, 9, 7], [7, 0, 4, 2], [6, 0, 8, 1], [5, 1, 9, 8], [9, 2, 5, 0], [6, 2, 5, 1],
[7, 1, 1, 9], [2, 6, 4, 3], [7, 1, 10, 3], [1, 2, 4, 5], [2, 1, 4, 7], [1, 2, 2, 10], [5, 7, 8, 9], [8, 2, 8, 4], [1, 9, 0, 3], [5, 5, 6, 1],
[6, 6, 5, 5], [8, 7, 8, 8], [6, 1, 4, 7], [3, 6, 5, 6], [0, 0, 2, 6], [1, 0, 8, 2], [9, 9, 6, 3], [1, 10, 3, 5], [5, 6, 10, 0], [2, 5, 8, 8],
[6, 10, 3, 7], [3, 6, 3, 2], [6, 5, 6, 7], [3, 4, 10, 2], [0, 3, 3, 1], [2, 6, 6, 6], [1, 3, 6, 3], [8, 2, 10, 3], [1, 2, 8, 3], [8, 0, 5, 1],
[4, 0, 9, 5], [2, 6, 7, 2], [9, 0, 1, 9], [4, 7, 4, 6], [8, 0, 7, 5], [2, 6, 6, 1], [6, 4, 2, 1], [2, 5, 1, 4], [4, 8, 10, 6], [3, 4, 7, 10],
[2, 8, 8, 7], [3, 0, 2, 0], [9, 7, 4, 9], [1, 8, 10, 5], [10, 0, 7, 0], [5, 6, 2, 9], [3, 1, 5, 6], [6, 10, 3, 6], [7, 9, 2, 8], [9, 2, 9, 7],
[10, 0, 5, 9], [6, 3, 3, 6], [3, 8, 6, 8], [3, 6, 7, 6], [8, 10, 1, 1], [9, 2, 7, 5], [1, 8, 3, 8], [10, 10, 5, 7], [8, 8, 5, 3], [0, 9, 7, 1],
[6, 0, 10, 8], [7, 4, 3, 2], [3, 3, 3, 1], [5, 8, 4, 4], [5, 5, 2, 3], [2, 7, 10, 8], [2, 5, 1, 3], [1, 6, 4, 5], [7, 1, 2, 1], [5, 6, 3, 8],
[9, 4, 7, 1], [10, 10, 6, 5], [4, 6, 8, 5], [2, 5, 2, 4], [10, 1, 5, 9], [8, 8, 4, 2], [9, 6, 3, 4], [10, 4, 10, 6], [8, 5, 8, 5], [4, 1, 10, 6],
[7, 5, 0, 7], [0, 3, 9, 8], [2, 4, 7, 10], [10, 0, 10, 8], [4, 2, 10, 4], [4, 8, 10, 10], [2, 5, 5, 4], [6, 2, 10, 0], [6, 9, 7, 4], [10, 4, 1, 1]]
[1, 1, 1, 1, 1, 0.2, 0.2, 0.2, 0.2, 0.2,
0.2, 0.2, 0.2, 0.2, 0.2, 0.2, 0.2, 0.2, 0.2, 0.2,
0.2, 0.2, 0.2, 0.2, 0.2, 0.2, 0.2, 0.2, 0.2, 0.2,
0.04, 0.04, 0.04, 0.04, 0.04, 0.04, 0.04, 0.04, 0.04, 0.04,
0.04, 0.04, 0.04, 0.04, 0.04, 0.04, 0.04, 0.04, 0.04, 0.04,
0.04, 0.04, 0.04, 0.04, 0.04, 0.008, 0.008, 0.008, 0.008, 0.008,
0.008, 0.008, 0.008, 0.008, 0.008, 0.008, 0.008, 0.008, 0.008, 0.008,
0.008, 0.008, 0.008, 0.008, 0.008, 0.008, 0.008, 0.008, 0.008, 0.008,
0.0016, 0.0016, 0.0016, 0.0016, 0.0016, 0.0016, 0.0016, 0.0016, 0.0016, 0.0016,
0.0016, 0.0016, 0.0016, 0.0016, 0.0016, 0.0016, 0.0016, 0.0016, 0.0016, 0.0016,
0.0016, 0.0016, 0.0016, 0.0016, 0.0016, 0.00032, 0.00032, 0.00032, 0.00032, 0.00032,
0.00032, 0.00032, 0.00032, 0.00032, 0.00032, 0.00032, 0.00032, 0.00032, 0.00032, 0.00032,
0.00032, 0.00032, 0.00032, 0.00032, 0.00032, 0.00032, 0.00032, 0.00032, 0.00032, 0.00032,
6.4e-05, 6.4e-05, 6.4e-05, 6.4e-05, 6.4e-05, 6.4e-05, 6.4e-05, 6.4e-05, 6.4e-05, 6.4e-05,
6.4e-05, 6.4e-05, 6.4e-05, 6.4e-05, 6.4e-05, 6.4e-05, 6.4e-05, 6.4e-05, 6.4e-05, 6.4e-05,
6.4e-05, 6.4e-05, 6.4e-05, 6.4e-05, 6.4e-05, 1.28e-05, 1.28e-05, 1.28e-05, 1.28e-05, 1.28e-05,
1.28e-05, 1.28e-05, 1.28e-05, 1.28e-05, 1.28e-05, 1.28e-05, 1.28e-05, 1.28e-05, 1.28e-05, 1.28e-05,
1.28e-05, 1.28e-05, 1.28e-05, 1.28e-05, 1.28e-05, 1.28e-05, 1.28e-05, 1.28e-05, 1.28e-05, 1.28e-05]
[9, 16, 7, 10, 13, 12, 10, 13, 10, 7,
0, 0, 6, 13, 7, 8, 15, 14, 14, 14,
13, 5, 9, 7, 9, 6, 10, 4, 3, 1,
17, 18, 5, 17, 17, 7, 13, 9, 6, 1,
9, 6, 8, 10, 6, 15, 15, 18, 7, 0,
0, 13, 16, 17, 16, 16, 1, 3, 7, 14,
4, 12, 1, 2, 2, 7, 6, 13, 1, 1,
5, 18, 11, 7, 13, 8, 8, 15, 10, 8,
17, 12, 13, 18, 11, 6, 12, 18, 2, 2,
3, 11, 11, 14, 18, 12, 15, 15, 5, 17,
12, 11, 4, 8, 11, 16, 17, 4, 9, 6,
13, 3, 17, 13, 7, 13, 10, 1, 10, 15,
13, 11, 14, 11, 8, 10, 10, 9, 6, 5,
8, 8, 0, 9, 12, 7, 9, 11, 8, 6,
15, 13, 1, 12, 0, 14, 12, 2, 7, 0,
11, 4, 16, 18, 11, 16, 15, 14, 7, 1,
1, 9, 14, 6, 1, 0, 5, 7, 12, 5,
9, 11, 9, 16, 9, 1, 9, 4, 3, 0]
------------------------------------------------------- 
# stage = 8	# children c = 5	length of each stage p = 5	nodes = 179	# items I = 1
