[71, 51, 57, 6, 85, 25, 52, 18, 12, 25,
60, 37, 50, 87, 30, 36, 83, 93, 86, 76,
53, 9, 94, 21, 97, 61, 27, 35, 92, 74,
80, 28, 24, 36, 34, 76, 27, 87, 94, 39,
11, 53, 76, 28, 6, 72, 30, 55, 31, 15,
30, 84, 92, 90, 71, 54, 50, 64, 89, 41,
37, 34, 70, 27, 36, 70, 2, 63]
[[1446, 1385, 231], [1858, 112, 480], [1302, 1233, 813], [1451, 1122, 1581], [877, 725, 1628], [641, 535, 1387], [1656, 271, 143], [1782, 313, 890], [143, 136, 551], [353, 402, 192],
[1076, 420, 149], [1308, 384, 261], [360, 258, 1494], [1640, 281, 1189], [1326, 1159, 19], [1059, 372, 555], [1019, 134, 826], [1162, 488, 1606], [624, 631, 1742], [1642, 984, 716],
[406, 166, 1137], [556, 46, 1521], [1284, 873, 351], [884, 618, 633], [178, 50, 364], [664, 1576, 736], [1219, 700, 1337], [617, 434, 1825], [328, 1525, 562], [643, 1273, 118],
[1359, 251, 751], [601, 807, 1264], [694, 197, 242], [1513, 1548, 861], [718, 298, 1378], [1082, 962, 1059], [390, 287, 332], [1728, 904, 1233], [230, 1700, 864], [1259, 448, 242],
[1378, 1807, 960], [701, 981, 1768], [71, 1675, 537], [313, 1293, 190], [1174, 116, 488], [1124, 1665, 22], [756, 628, 309], [1088, 928, 1681], [426, 1158, 1486], [1290, 523, 506],
[104, 6, 418], [1532, 707, 1399], [1405, 1245, 1647], [47, 1559, 1045], [704, 1305, 1629], [1659, 535, 1399], [1681, 1291, 599], [563, 951, 1527], [349, 1377, 791], [407, 1240, 1314],
[913, 1811, 1787], [1331, 1448, 1066], [1303, 1425, 417], [1055, 44, 548], [672, 748, 1853], [873, 979, 493], [845, 766, 356], [1444, 1329, 1307]]
[[5, 10, 0, 3], [2, 5, 3, 8], [7, 8, 2, 0], [4, 8, 8, 7], [3, 6, 8, 4], [8, 9, 6, 5], [8, 10, 2, 7], [9, 8, 6, 2], [5, 5, 5, 6], [10, 6, 1, 6],
[1, 4, 5, 3], [1, 0, 10, 4], [7, 8, 7, 2], [4, 2, 8, 10], [10, 10, 6, 8], [5, 2, 8, 9], [7, 0, 4, 4], [4, 5, 8, 6], [7, 2, 9, 7], [1, 7, 0, 6],
[4, 7, 8, 6], [7, 3, 5, 6], [0, 1, 2, 6], [1, 8, 2, 6], [9, 6, 10, 2], [9, 7, 6, 6], [8, 5, 2, 9], [1, 0, 4, 3], [6, 10, 9, 0], [3, 1, 5, 1],
[2, 5, 5, 3], [2, 7, 9, 0], [0, 6, 1, 10], [3, 7, 5, 9], [10, 5, 5, 0], [3, 9, 1, 9], [6, 8, 8, 7], [10, 2, 9, 10], [7, 1, 1, 9], [9, 8, 8, 9],
[4, 9, 8, 5], [5, 0, 3, 5], [3, 8, 3, 7], [4, 3, 3, 8], [0, 0, 5, 8], [0, 1, 8, 5], [2, 7, 4, 0], [4, 1, 8, 6], [8, 5, 0, 2], [4, 1, 5, 7],
[9, 9, 1, 0], [1, 3, 9, 10], [1, 3, 8, 2], [2, 3, 7, 4], [8, 9, 3, 1], [10, 0, 8, 5], [3, 6, 8, 7], [8, 2, 2, 4], [9, 1, 5, 10], [4, 3, 10, 6],
[4, 5, 8, 6], [6, 2, 8, 3], [1, 0, 4, 9], [0, 10, 4, 4], [4, 10, 9, 1], [1, 9, 5, 0], [0, 8, 8, 4], [9, 5, 8, 2]]
[1, 1, 0.333333, 0.333333, 0.333333, 0.333333, 0.333333, 0.333333, 0.111111, 0.111111,
0.111111, 0.111111, 0.111111, 0.111111, 0.037037, 0.037037, 0.037037, 0.037037, 0.037037, 0.037037,
0.0123457, 0.0123457, 0.0123457, 0.0123457, 0.0123457, 0.0123457, 0.00411523, 0.00411523, 0.00411523, 0.00411523,
0.00411523, 0.00411523, 0.00137174, 0.00137174, 0.00137174, 0.00137174, 0.00137174, 0.00137174, 0.000457247, 0.000457247,
0.000457247, 0.000457247, 0.000457247, 0.000457247, 0.000152416, 0.000152416, 0.000152416, 0.000152416, 0.000152416, 0.000152416,
5.08053e-05, 5.08053e-05, 5.08053e-05, 5.08053e-05, 5.08053e-05, 5.08053e-05, 1.69351e-05, 1.69351e-05, 1.69351e-05, 1.69351e-05,
1.69351e-05, 1.69351e-05, 5.64503e-06, 5.64503e-06, 5.64503e-06, 5.64503e-06, 5.64503e-06, 5.64503e-06]
[9, 14, 8, 18, 2, 18, 1, 10, 6, 15,
0, 9, 14, 16, 10, 10, 0, 11, 8, 13,
15, 11, 15, 1, 1, 11, 5, 17, 7, 17,
10, 11, 7, 16, 7, 3, 0, 17, 12, 15,
10, 9, 5, 13, 15, 7, 17, 14, 18, 18,
16, 7, 8, 8, 18, 12, 9, 3, 9, 5,
3, 8, 9, 3, 10, 9, 15, 2]
------------------------------------------------------- 
# stage = 12	# children c = 3	length of each stage p = 2	nodes = 67	# items I = 1
