[83, 45, 21, 66, 1, 11, 11, 29, 59, 73,
24, 26, 16, 59, 100, 9, 64, 77, 24, 95,
23, 70, 31, 7, 3, 19, 65, 100, 63, 84,
7, 11, 28, 29, 77, 96, 6, 88, 92, 65,
26, 15, 57, 42, 40, 23, 18, 4, 100, 8,
99, 23, 78, 96, 30, 47, 81, 95, 46, 43,
78, 54, 54, 72, 49, 97, 34, 21, 50, 25,
86, 76, 6, 42, 84, 46, 65, 1, 16, 65,
77, 81, 54, 54, 76, 84, 1, 22, 45, 13,
65, 89, 33, 85, 27, 48, 47, 61, 69, 63,
52, 54]
[[815, 698, 562], [1247, 1944, 1064], [976, 716, 40], [1605, 438, 966], [1200, 278, 961], [1061, 1643, 984], [1548, 202, 1680], [188, 1873, 835], [1717, 1331, 602], [1179, 816, 984],
[1200, 1918, 1969], [52, 1456, 207], [1403, 435, 1210], [1444, 43, 1935], [700, 1243, 216], [1948, 595, 1859], [936, 433, 352], [906, 621, 228], [1742, 342, 1559], [634, 1808, 666],
[1905, 1298, 874], [1878, 1350, 333], [375, 757, 768], [1585, 491, 812], [1523, 1478, 345], [30, 1430, 940], [179, 656, 1373], [531, 1849, 285], [1047, 1881, 914], [609, 519, 725],
[1562, 427, 27], [440, 595, 1377], [773, 970, 424], [1829, 558, 915], [931, 372, 684], [1276, 402, 404], [507, 581, 1060], [1880, 1113, 912], [168, 163, 1084], [1369, 1059, 1603],
[98, 912, 320], [125, 1639, 1203], [1789, 702, 176], [217, 534, 1022], [1419, 1465, 1394], [106, 1032, 86], [510, 1539, 954], [1857, 1709, 357], [1060, 1878, 807], [147, 1537, 1867],
[1750, 1635, 1069], [360, 1760, 711], [1563, 1553, 1700], [30, 60, 238], [1052, 1479, 1990], [736, 1586, 1025], [1109, 386, 567], [66, 247, 280], [424, 1307, 448], [1231, 1454, 1985],
[1388, 1494, 1911], [747, 144, 1674], [1745, 1995, 1517], [1449, 28, 1577], [1687, 1367, 1347], [1967, 393, 1223], [996, 1789, 1609], [1850, 1855, 146], [420, 569, 1740], [868, 91, 1484],
[1144, 1766, 981], [1058, 517, 1413], [1022, 265, 1411], [830, 1714, 1726], [697, 1691, 1096], [47, 1662, 1776], [1557, 948, 1568], [1170, 801, 1713], [1603, 1509, 573], [1347, 667, 664],
[834, 1811, 433], [106, 1159, 1237], [1519, 472, 1790], [1220, 1302, 1507], [949, 289, 1489], [335, 337, 1441], [401, 1894, 392], [259, 1354, 1480], [1972, 961, 992], [835, 598, 1660],
[1499, 1432, 1761], [223, 1538, 1211], [1460, 1347, 1683], [1540, 857, 1275], [1051, 96, 1564], [830, 431, 191], [274, 1119, 376], [953, 1378, 1730], [723, 1641, 981], [6, 479, 1579],
[1666, 269, 1302], [1717, 492, 1130]]
[[7, 10, 2, 2], [10, 5, 2, 4], [5, 7, 4, 2], [3, 2, 4, 9], [6, 9, 4, 2], [10, 7, 2, 7], [4, 0, 7, 4], [1, 7, 6, 9], [6, 8, 9, 6], [3, 0, 8, 6],
[6, 10, 7, 9], [10, 9, 7, 6], [7, 9, 8, 4], [5, 10, 1, 10], [8, 6, 1, 8], [3, 7, 4, 7], [5, 2, 0, 6], [0, 8, 10, 6], [6, 6, 2, 5], [4, 7, 9, 9],
[4, 4, 3, 9], [2, 4, 6, 8], [8, 7, 5, 9], [2, 9, 6, 5], [9, 6, 9, 10], [2, 8, 3, 8], [4, 4, 0, 6], [9, 8, 5, 2], [1, 8, 1, 1], [10, 5, 10, 5],
[0, 2, 4, 2], [1, 10, 5, 8], [5, 3, 5, 5], [0, 9, 2, 2], [0, 1, 7, 9], [9, 10, 1, 8], [7, 0, 8, 4], [3, 7, 9, 3], [9, 0, 3, 8], [10, 8, 6, 3],
[0, 0, 8, 10], [7, 9, 10, 5], [10, 6, 4, 6], [5, 3, 1, 10], [3, 9, 1, 4], [5, 0, 8, 2], [9, 0, 8, 9], [7, 1, 10, 5], [0, 5, 2, 7], [3, 2, 0, 0],
[8, 2, 4, 1], [5, 6, 0, 6], [4, 0, 10, 8], [9, 7, 8, 7], [6, 5, 5, 0], [7, 4, 5, 7], [8, 8, 1, 0], [8, 1, 10, 5], [1, 3, 4, 6], [7, 3, 10, 10],
[3, 10, 5, 1], [4, 2, 8, 8], [5, 1, 8, 10], [5, 1, 6, 2], [7, 6, 1, 4], [5, 9, 7, 7], [1, 1, 0, 7], [4, 0, 6, 5], [10, 0, 6, 1], [0, 3, 10, 5],
[4, 5, 3, 8], [6, 7, 8, 2], [2, 7, 4, 6], [5, 1, 0, 5], [2, 0, 10, 4], [0, 5, 9, 8], [3, 4, 10, 1], [5, 7, 4, 8], [1, 7, 3, 6], [4, 9, 6, 4],
[6, 0, 10, 9], [1, 10, 3, 1], [9, 2, 3, 9], [5, 1, 5, 6], [3, 2, 7, 6], [9, 1, 1, 10], [8, 4, 5, 10], [3, 1, 4, 9], [10, 3, 5, 9], [1, 9, 10, 10],
[9, 0, 6, 2], [1, 0, 8, 2], [2, 5, 6, 0], [4, 8, 9, 10], [10, 1, 10, 2], [0, 3, 9, 10], [6, 4, 8, 5], [0, 5, 4, 7], [5, 0, 9, 4], [9, 7, 4, 1],
[10, 9, 10, 1], [6, 6, 0, 5]]
[1, 1, 1, 0.333333, 0.333333, 0.333333, 0.333333, 0.333333, 0.333333, 0.333333,
0.333333, 0.333333, 0.111111, 0.111111, 0.111111, 0.111111, 0.111111, 0.111111, 0.111111, 0.111111,
0.111111, 0.037037, 0.037037, 0.037037, 0.037037, 0.037037, 0.037037, 0.037037, 0.037037, 0.037037,
0.0123457, 0.0123457, 0.0123457, 0.0123457, 0.0123457, 0.0123457, 0.0123457, 0.0123457, 0.0123457, 0.00411523,
0.00411523, 0.00411523, 0.00411523, 0.00411523, 0.00411523, 0.00411523, 0.00411523, 0.00411523, 0.00137174, 0.00137174,
0.00137174, 0.00137174, 0.00137174, 0.00137174, 0.00137174, 0.00137174, 0.00137174, 0.000457247, 0.000457247, 0.000457247,
0.000457247, 0.000457247, 0.000457247, 0.000457247, 0.000457247, 0.000457247, 0.000152416, 0.000152416, 0.000152416, 0.000152416,
0.000152416, 0.000152416, 0.000152416, 0.000152416, 0.000152416, 5.08053e-05, 5.08053e-05, 5.08053e-05, 5.08053e-05, 5.08053e-05,
5.08053e-05, 5.08053e-05, 5.08053e-05, 5.08053e-05, 1.69351e-05, 1.69351e-05, 1.69351e-05, 1.69351e-05, 1.69351e-05, 1.69351e-05,
1.69351e-05, 1.69351e-05, 1.69351e-05, 5.64503e-06, 5.64503e-06, 5.64503e-06, 5.64503e-06, 5.64503e-06, 5.64503e-06, 5.64503e-06,
5.64503e-06, 5.64503e-06]
[16, 10, 11, 7, 7, 13, 13, 6, 12, 15,
13, 3, 2, 5, 14, 19, 18, 12, 16, 18,
5, 5, 18, 1, 14, 8, 6, 8, 13, 12,
11, 18, 5, 12, 14, 9, 5, 2, 10, 7,
12, 16, 7, 0, 1, 0, 19, 15, 12, 11,
1, 18, 7, 2, 7, 5, 17, 11, 18, 8,
19, 13, 18, 15, 19, 17, 19, 18, 19, 7,
2, 19, 6, 7, 17, 5, 4, 6, 2, 14,
12, 1, 11, 9, 4, 9, 1, 10, 2, 4,
14, 7, 11, 13, 0, 6, 3, 16, 11, 16,
6, 14]
------------------------------------------------------- 
# stage = 12	# children c = 3	length of each stage p = 3	nodes = 101	# items I = 1
