[59, 21, 2, 89, 23, 97, 92, 11, 10, 24,
81, 31, 27, 47, 88, 6, 36, 43, 89, 25,
36, 23, 39]
[[195, 2138, 955], [896, 1614, 2025], [559, 1551, 1715], [204, 1668, 2087], [1390, 429, 1211], [984, 1573, 916], [1045, 1135, 1078], [2057, 320, 69], [2126, 683, 709], [1435, 585, 1357],
[1141, 780, 1303], [2096, 700, 726], [1929, 283, 1301], [477, 488, 1993], [1588, 1878, 230], [607, 1886, 828], [547, 740, 1963], [649, 1821, 1308], [718, 779, 1991], [452, 1238, 384],
[1809, 188, 188], [921, 92, 889], [671, 2022, 196]]
[[9, 10, 8, 0], [6, 0, 9, 10], [7, 5, 4, 4], [7, 1, 7, 6], [10, 0, 5, 5], [9, 2, 2, 9], [4, 8, 7, 1], [0, 9, 10, 7], [6, 7, 7, 1], [5, 4, 9, 1],
[7, 3, 3, 3], [2, 10, 7, 10], [9, 0, 4, 7], [2, 5, 3, 6], [0, 10, 5, 9], [6, 4, 6, 1], [9, 0, 1, 1], [4, 10, 0, 1], [0, 4, 2, 2], [1, 8, 1, 10],
[8, 6, 6, 10], [9, 9, 3, 9], [6, 6, 8, 10]]
[1, 0.5, 0.5, 0.25, 0.25, 0.125, 0.125, 0.0625, 0.0625, 0.03125,
0.03125, 0.015625, 0.015625, 0.0078125, 0.0078125, 0.00390625, 0.00390625, 0.00195312, 0.00195312, 0.000976562,
0.000976562, 0.000488281, 0.000488281]
[9, 17, 5, 16, 19, 21, 17, 1, 2, 14,
1, 10, 18, 4, 21, 11, 21, 21, 6, 6,
5, 16, 14]
------------------------------------------------------- 
# stage = 12	# children c = 2	length of each stage p = 1	nodes = 22	# items I = 1
