[35, 53, 51, 21, 2, 82, 20, 80, 72, 37,
19, 8, 59, 97, 57, 74, 0, 91, 8, 41,
21, 7, 61, 28, 3, 43, 82, 96, 35, 28,
32, 37, 48, 49, 58, 16, 31, 44, 62, 2,
47, 81, 77, 5, 44, 0, 46, 10, 57, 20,
17, 79, 27, 78, 73, 31, 87, 54, 26, 89,
49, 25, 25, 97, 40, 49, 79, 37]
[[787, 321, 690], [718, 631, 451], [352, 473, 753], [559, 793, 652], [144, 804, 357], [602, 30, 44], [599, 814, 79], [303, 886, 165], [198, 839, 575], [217, 392, 887],
[745, 748, 777], [417, 448, 390], [869, 368, 431], [172, 927, 206], [824, 53, 578], [750, 224, 608], [794, 823, 990], [442, 694, 427], [175, 893, 248], [318, 678, 641],
[773, 405, 371], [532, 822, 387], [490, 241, 756], [921, 1000, 665], [696, 374, 719], [256, 106, 943], [433, 469, 316], [405, 479, 1011], [400, 654, 454], [649, 972, 114],
[272, 727, 519], [211, 242, 909], [598, 300, 133], [336, 204, 701], [1002, 900, 57], [271, 724, 750], [782, 139, 787], [80, 113, 248], [659, 513, 902], [681, 144, 424],
[363, 1002, 719], [450, 195, 529], [342, 362, 830], [43, 698, 16], [744, 250, 484], [369, 89, 190], [101, 871, 916], [888, 520, 11], [704, 747, 524], [588, 411, 237],
[580, 774, 807], [282, 207, 571], [379, 117, 933], [191, 160, 181], [793, 904, 0], [845, 255, 89], [18, 943, 961], [934, 381, 31], [513, 68, 778], [605, 224, 171],
[410, 805, 514], [200, 655, 289], [771, 16, 406], [254, 794, 566], [435, 137, 20], [3, 983, 861], [93, 569, 786], [622, 53, 150]]
[[10, 3, 8, 8], [10, 5, 10, 0], [7, 10, 0, 0], [0, 3, 1, 4], [3, 1, 7, 2], [5, 3, 1, 6], [4, 5, 7, 2], [9, 9, 5, 8], [2, 3, 3, 10], [8, 3, 10, 2],
[0, 8, 2, 1], [9, 2, 5, 1], [3, 1, 1, 8], [2, 3, 2, 5], [6, 9, 5, 5], [6, 10, 0, 8], [2, 2, 5, 8], [5, 2, 10, 3], [10, 0, 4, 8], [2, 7, 7, 3],
[6, 8, 9, 7], [0, 0, 1, 7], [8, 4, 10, 3], [3, 8, 0, 4], [10, 3, 1, 2], [5, 10, 6, 4], [10, 8, 10, 10], [3, 4, 2, 9], [1, 0, 3, 0], [1, 4, 5, 7],
[6, 2, 10, 10], [10, 8, 1, 8], [0, 0, 8, 5], [10, 1, 7, 7], [10, 4, 6, 0], [8, 6, 9, 9], [7, 0, 7, 6], [2, 1, 2, 9], [3, 1, 8, 1], [9, 9, 9, 7],
[7, 6, 1, 7], [8, 6, 1, 5], [10, 8, 5, 7], [3, 1, 3, 8], [1, 0, 1, 2], [10, 1, 0, 1], [2, 8, 2, 9], [4, 9, 3, 9], [2, 4, 5, 8], [8, 7, 2, 5],
[2, 5, 10, 3], [5, 3, 10, 4], [1, 0, 6, 9], [2, 6, 10, 2], [1, 1, 10, 3], [10, 2, 2, 2], [5, 5, 10, 2], [10, 0, 6, 1], [3, 5, 3, 8], [6, 2, 0, 7],
[2, 6, 4, 2], [0, 3, 3, 10], [3, 2, 3, 0], [2, 3, 0, 7], [8, 9, 8, 8], [7, 3, 7, 10], [8, 10, 6, 2], [1, 4, 9, 2]]
[1, 1, 0.333333, 0.333333, 0.333333, 0.333333, 0.333333, 0.333333, 0.111111, 0.111111,
0.111111, 0.111111, 0.111111, 0.111111, 0.037037, 0.037037, 0.037037, 0.037037, 0.037037, 0.037037,
0.0123457, 0.0123457, 0.0123457, 0.0123457, 0.0123457, 0.0123457, 0.00411523, 0.00411523, 0.00411523, 0.00411523,
0.00411523, 0.00411523, 0.00137174, 0.00137174, 0.00137174, 0.00137174, 0.00137174, 0.00137174, 0.000457247, 0.000457247,
0.000457247, 0.000457247, 0.000457247, 0.000457247, 0.000152416, 0.000152416, 0.000152416, 0.000152416, 0.000152416, 0.000152416,
5.08053e-05, 5.08053e-05, 5.08053e-05, 5.08053e-05, 5.08053e-05, 5.08053e-05, 1.69351e-05, 1.69351e-05, 1.69351e-05, 1.69351e-05,
1.69351e-05, 1.69351e-05, 5.64503e-06, 5.64503e-06, 5.64503e-06, 5.64503e-06, 5.64503e-06, 5.64503e-06]
[19, 5, 19, 1, 16, 9, 13, 3, 16, 9,
13, 15, 3, 6, 12, 15, 18, 7, 7, 10,
20, 14, 14, 17, 15, 13, 3, 15, 9, 7,
12, 7, 20, 4, 18, 5, 9, 6, 14, 10,
5, 12, 5, 13, 4, 11, 20, 2, 7, 1,
17, 17, 2, 3, 0, 0, 11, 10, 16, 6,
20, 13, 10, 16, 19, 17, 0, 14]
------------------------------------------------------- 
# stage = 12	# children c = 3	length of each stage p = 2	nodes = 67	# items I = 1
