[35, 75, 55, 79, 83, 59, 18, 78, 25, 30,
95, 39, 37, 6, 27, 42, 66, 78, 69, 16,
65, 82, 44, 90, 37, 30, 44, 49, 17, 94,
47, 52, 68, 68, 98, 16, 94, 15, 94, 18,
11, 88, 23, 48, 60, 17, 56, 92, 95, 92,
8, 25]
[[693, 523, 754], [786, 410, 714], [917, 294, 295], [569, 60, 33], [1007, 297, 629], [138, 896, 1025], [278, 464, 347], [304, 67, 590], [880, 183, 184], [753, 670, 778],
[899, 313, 250], [602, 527, 88], [744, 394, 383], [1039, 963, 922], [500, 347, 168], [557, 485, 13], [531, 763, 956], [306, 495, 1023], [324, 324, 155], [509, 27, 254],
[715, 926, 567], [394, 956, 522], [482, 77, 916], [293, 65, 256], [643, 565, 603], [811, 71, 516], [253, 30, 707], [158, 336, 151], [610, 661, 476], [765, 598, 503],
[1019, 262, 857], [1014, 656, 190], [965, 567, 267], [830, 860, 811], [515, 453, 804], [546, 692, 303], [12, 373, 333], [719, 1011, 97], [871, 570, 186], [775, 763, 784],
[227, 160, 475], [512, 602, 559], [130, 516, 75], [397, 775, 364], [157, 718, 245], [389, 213, 365], [692, 704, 167], [453, 852, 127], [550, 100, 125], [165, 875, 316],
[949, 530, 476], [852, 470, 507]]
[[4, 4, 4, 6], [8, 0, 7, 9], [6, 6, 4, 5], [1, 5, 3, 5], [5, 0, 8, 8], [0, 0, 3, 6], [10, 2, 3, 4], [1, 1, 5, 6], [3, 9, 10, 10], [7, 6, 6, 2],
[10, 10, 5, 0], [4, 7, 6, 9], [7, 3, 5, 7], [1, 6, 2, 9], [8, 6, 0, 10], [5, 3, 5, 7], [1, 4, 4, 6], [8, 10, 9, 7], [10, 1, 7, 1], [8, 2, 9, 4],
[4, 3, 10, 3], [9, 1, 0, 6], [5, 0, 5, 9], [4, 8, 5, 3], [10, 7, 10, 7], [6, 6, 3, 3], [7, 0, 5, 5], [0, 3, 7, 2], [6, 6, 4, 2], [6, 4, 8, 0],
[2, 1, 9, 4], [7, 1, 8, 7], [8, 5, 1, 2], [9, 5, 5, 5], [3, 10, 8, 1], [0, 3, 2, 4], [9, 6, 6, 4], [8, 2, 3, 10], [1, 1, 4, 8], [1, 10, 2, 7],
[2, 4, 9, 0], [7, 2, 3, 10], [10, 10, 9, 0], [2, 0, 2, 9], [6, 9, 1, 1], [9, 4, 1, 8], [3, 3, 5, 4], [0, 8, 10, 2], [10, 8, 0, 6], [10, 1, 5, 10],
[0, 3, 8, 0], [2, 10, 8, 6]]
[1, 1, 0.2, 0.2, 0.2, 0.2, 0.2, 0.2, 0.2, 0.2,
0.2, 0.2, 0.04, 0.04, 0.04, 0.04, 0.04, 0.04, 0.04, 0.04,
0.04, 0.04, 0.008, 0.008, 0.008, 0.008, 0.008, 0.008, 0.008, 0.008,
0.008, 0.008, 0.0016, 0.0016, 0.0016, 0.0016, 0.0016, 0.0016, 0.0016, 0.0016,
0.0016, 0.0016, 0.00032, 0.00032, 0.00032, 0.00032, 0.00032, 0.00032, 0.00032, 0.00032,
0.00032, 0.00032]
[20, 8, 20, 6, 1, 0, 11, 15, 3, 14,
14, 4, 19, 12, 12, 11, 2, 3, 11, 6,
10, 4, 5, 9, 4, 1, 6, 8, 18, 11,
4, 15, 14, 4, 0, 13, 15, 6, 8, 4,
15, 6, 11, 1, 9, 11, 7, 16, 19, 1,
7, 3]
------------------------------------------------------- 
# stage = 6	# children c = 5	length of each stage p = 2	nodes = 51	# items I = 1
