[71, 48, 47, 22, 60, 69, 24, 96, 40, 77,
78, 87, 22, 46, 20, 32, 4, 83, 63, 60,
59, 29, 61, 73, 30, 26, 73, 88, 53, 36,
18, 23, 50, 65, 11, 10, 0, 35, 72, 40,
12, 15, 26, 34]
[[634, 936, 1389], [284, 1744, 799], [959, 1459, 1247], [1108, 1848, 1043], [53, 1634, 751], [404, 185, 1645], [713, 1183, 1831], [1258, 1585, 144], [207, 280, 1553], [1681, 912, 1674],
[742, 1546, 700], [243, 1830, 556], [1043, 879, 127], [402, 99, 65], [1445, 153, 1721], [286, 557, 18], [43, 1271, 1224], [1897, 619, 899], [131, 848, 1202], [1706, 619, 204],
[1492, 1362, 1750], [304, 1605, 1671], [860, 760, 662], [987, 1163, 762], [1075, 698, 937], [908, 1007, 1494], [927, 1072, 877], [241, 1059, 1518], [1162, 1212, 457], [454, 1009, 1076],
[658, 591, 550], [521, 896, 268], [282, 1778, 1028], [966, 856, 303], [1750, 43, 1024], [777, 951, 143], [362, 1900, 1215], [1261, 253, 387], [870, 1416, 1599], [1327, 1892, 698],
[515, 663, 1312], [1088, 1184, 320], [1356, 1488, 188], [496, 544, 1066]]
[[6, 10, 2, 6], [10, 6, 2, 1], [4, 8, 9, 0], [6, 1, 10, 5], [2, 8, 10, 4], [9, 0, 7, 10], [9, 0, 7, 7], [9, 1, 8, 2], [9, 8, 9, 6], [1, 9, 7, 6],
[4, 5, 6, 10], [7, 4, 4, 7], [10, 3, 0, 6], [2, 7, 5, 0], [5, 2, 5, 3], [1, 2, 6, 10], [9, 2, 6, 10], [0, 2, 5, 2], [6, 10, 2, 2], [1, 4, 9, 0],
[6, 8, 7, 8], [2, 10, 8, 8], [10, 2, 0, 0], [2, 4, 9, 0], [4, 2, 0, 2], [2, 3, 5, 8], [0, 7, 8, 1], [9, 7, 0, 4], [2, 7, 10, 2], [4, 7, 10, 4],
[7, 9, 2, 8], [0, 0, 8, 5], [0, 6, 7, 3], [8, 1, 0, 8], [6, 9, 10, 5], [3, 10, 7, 3], [4, 7, 5, 6], [1, 3, 10, 9], [10, 2, 4, 10], [0, 10, 4, 1],
[6, 10, 2, 3], [0, 2, 9, 5], [9, 8, 8, 10], [5, 4, 0, 9]]
[1, 1, 0.333333, 0.333333, 0.333333, 0.333333, 0.333333, 0.333333, 0.111111, 0.111111,
0.111111, 0.111111, 0.111111, 0.111111, 0.037037, 0.037037, 0.037037, 0.037037, 0.037037, 0.037037,
0.0123457, 0.0123457, 0.0123457, 0.0123457, 0.0123457, 0.0123457, 0.00411523, 0.00411523, 0.00411523, 0.00411523,
0.00411523, 0.00411523, 0.00137174, 0.00137174, 0.00137174, 0.00137174, 0.00137174, 0.00137174, 0.000457247, 0.000457247,
0.000457247, 0.000457247, 0.000457247, 0.000457247]
[5, 6, 3, 8, 6, 9, 0, 5, 9, 6,
7, 8, 0, 8, 1, 1, 6, 4, 0, 6,
3, 4, 4, 6, 4, 8, 7, 1, 5, 0,
6, 6, 2, 7, 6, 5, 3, 6, 2, 3,
4, 2, 3, 5]
------------------------------------------------------- 
# stage = 8	# children c = 3	length of each stage p = 2	nodes = 43	# items I = 1
