[80, 31, 94, 96, 2, 52, 27, 4, 85, 22,
58, 90, 88, 24, 14, 99, 63, 82, 98, 67]
[[851, 477, 793], [683, 534, 1134], [375, 539, 230], [105, 564, 1096], [281, 1119, 668], [227, 333, 26], [621, 873, 401], [363, 929, 911], [919, 552, 630], [217, 151, 58],
[683, 1002, 535], [335, 984, 367], [767, 657, 205], [998, 762, 769], [953, 342, 45], [919, 569, 817], [243, 50, 989], [644, 413, 777], [853, 630, 628], [781, 146, 779]]
[[10, 7, 4, 7], [6, 3, 2, 9], [3, 0, 5, 7], [6, 5, 1, 3], [7, 0, 6, 7], [4, 9, 4, 3], [3, 10, 6, 4], [3, 10, 4, 0], [6, 6, 5, 0], [10, 7, 7, 0],
[6, 10, 7, 1], [4, 7, 4, 9], [5, 9, 5, 9], [5, 7, 1, 6], [6, 6, 10, 7], [5, 1, 8, 10], [8, 0, 8, 7], [8, 4, 5, 1], [3, 1, 2, 5], [6, 4, 3, 0]]
[1, 1, 0.333333, 0.333333, 0.333333, 0.333333, 0.333333, 0.333333, 0.111111, 0.111111,
0.111111, 0.111111, 0.111111, 0.111111, 0.037037, 0.037037, 0.037037, 0.037037, 0.037037, 0.037037]
[8, 10, 3, 5, 10, 5, 0, 4, 8, 2,
6, 2, 2, 9, 3, 11, 10, 6, 3, 7]
------------------------------------------------------- 
# stage = 4	# children c = 3	length of each stage p = 2	nodes = 19	# items I = 1
