[77, 20, 1, 79, 38, 77, 40, 87, 82, 9,
73, 78, 98, 86, 77, 48, 78, 0, 70, 90,
97, 67, 52, 60, 14, 17, 35, 4, 42, 41,
90, 85]
[[590, 610, 121], [735, 432, 393], [336, 679, 44], [874, 505, 144], [735, 540, 91], [254, 248, 853], [195, 42, 246], [933, 32, 97], [123, 257, 168], [671, 167, 94],
[682, 149, 96], [196, 277, 896], [589, 613, 600], [633, 511, 497], [169, 638, 61], [629, 892, 677], [874, 479, 720], [144, 437, 144], [609, 560, 401], [778, 623, 936],
[264, 329, 110], [360, 525, 755], [281, 507, 392], [273, 532, 295], [770, 94, 325], [223, 723, 241], [900, 13, 113], [36, 158, 550], [181, 767, 502], [950, 937, 149],
[303, 225, 846], [781, 954, 396]]
[[1, 6, 9, 9], [1, 7, 1, 8], [9, 7, 3, 1], [6, 2, 4, 2], [1, 0, 10, 4], [9, 6, 2, 8], [0, 7, 1, 2], [3, 8, 7, 4], [1, 3, 0, 3], [10, 1, 9, 6],
[6, 2, 5, 1], [4, 10, 2, 3], [10, 10, 7, 9], [5, 7, 4, 3], [4, 5, 3, 5], [0, 8, 9, 0], [0, 10, 1, 0], [9, 10, 4, 3], [1, 10, 2, 5], [7, 4, 9, 6],
[3, 5, 2, 6], [2, 6, 7, 4], [10, 10, 9, 8], [7, 5, 8, 8], [4, 9, 6, 1], [9, 10, 4, 8], [7, 6, 3, 3], [9, 1, 8, 10], [4, 10, 6, 4], [4, 0, 8, 1],
[0, 4, 7, 5], [10, 5, 0, 1]]
[1, 1, 0.333333, 0.333333, 0.333333, 0.333333, 0.333333, 0.333333, 0.111111, 0.111111,
0.111111, 0.111111, 0.111111, 0.111111, 0.037037, 0.037037, 0.037037, 0.037037, 0.037037, 0.037037,
0.0123457, 0.0123457, 0.0123457, 0.0123457, 0.0123457, 0.0123457, 0.00411523, 0.00411523, 0.00411523, 0.00411523,
0.00411523, 0.00411523]
[15, 12, 15, 10, 8, 16, 9, 10, 16, 11,
6, 5, 16, 2, 12, 1, 17, 11, 4, 14,
10, 10, 4, 2, 13, 8, 6, 19, 3, 8,
19, 19]
------------------------------------------------------- 
# stage = 6	# children c = 3	length of each stage p = 2	nodes = 31	# items I = 1
