[64, 100, 98, 58, 47, 57, 1, 28, 95, 4,
79, 37, 17, 78, 29, 88, 28, 64, 19, 29,
97, 64, 42, 3, 40, 21, 56, 43, 5, 72,
34, 35, 37, 98, 93, 85, 21, 61, 79, 15,
65, 57, 18, 49, 0, 48, 36, 96, 78, 21,
24, 74, 52, 66, 43, 92, 53, 99, 34, 24,
36, 35, 60, 74, 99, 18, 24, 19, 79]
[[1789, 2057, 320], [1138, 1489, 674], [2057, 1583, 668], [652, 1100, 737], [603, 1625, 1789], [670, 1742, 1728], [1226, 1891, 1706], [1515, 1222, 721], [1090, 1092, 1656], [1968, 356, 1220],
[107, 81, 1213], [427, 179, 639], [1101, 1197, 158], [729, 1849, 1258], [1466, 388, 1843], [152, 18, 1521], [1880, 205, 1348], [482, 1720, 1531], [1204, 1770, 559], [1820, 635, 915],
[976, 742, 996], [1149, 129, 136], [1788, 190, 1333], [906, 920, 78], [1124, 1346, 467], [904, 1498, 1509], [1385, 274, 674], [670, 757, 1355], [1161, 921, 21], [1720, 677, 1680],
[572, 613, 358], [528, 1762, 1511], [1688, 447, 1702], [957, 313, 558], [1036, 1438, 864], [463, 278, 299], [932, 1663, 573], [1607, 1293, 290], [898, 390, 1211], [919, 1071, 848],
[536, 603, 1461], [1918, 1131, 120], [1366, 756, 567], [2028, 673, 1904], [522, 1709, 1278], [346, 108, 516], [1669, 1041, 1140], [179, 584, 1393], [1493, 442, 1784], [1665, 321, 1815],
[449, 857, 354], [871, 1736, 445], [991, 2062, 1201], [518, 2026, 1875], [358, 1508, 480], [597, 1854, 589], [1113, 1460, 590], [189, 599, 134], [1583, 1052, 1600], [263, 653, 1921],
[14, 1103, 1739], [368, 1974, 1411], [1837, 1925, 369], [975, 379, 331], [1810, 1761, 799], [1250, 294, 589], [799, 1408, 1009], [1389, 557, 568], [483, 1100, 1621]]
[[8, 2, 2, 8], [1, 8, 9, 1], [9, 1, 7, 6], [6, 5, 4, 8], [2, 6, 3, 10], [3, 3, 3, 3], [7, 1, 5, 6], [1, 10, 3, 7], [10, 5, 5, 9], [0, 1, 10, 7],
[0, 5, 0, 6], [10, 4, 3, 10], [9, 5, 7, 1], [8, 0, 2, 4], [1, 5, 8, 1], [4, 0, 6, 4], [3, 9, 2, 1], [10, 0, 7, 10], [5, 7, 4, 2], [10, 7, 1, 8],
[1, 9, 7, 7], [7, 9, 9, 6], [3, 7, 5, 8], [5, 1, 10, 7], [10, 1, 8, 8], [10, 4, 5, 2], [10, 9, 4, 9], [4, 4, 4, 3], [0, 0, 0, 7], [9, 9, 2, 1],
[3, 8, 9, 9], [7, 6, 5, 6], [8, 0, 1, 7], [5, 7, 8, 4], [3, 1, 0, 7], [3, 4, 0, 3], [4, 9, 10, 0], [7, 0, 1, 0], [8, 9, 7, 4], [4, 10, 8, 10],
[8, 10, 5, 0], [4, 2, 2, 7], [3, 2, 4, 7], [4, 2, 8, 6], [0, 8, 6, 5], [8, 8, 3, 3], [4, 10, 5, 8], [7, 2, 8, 5], [10, 2, 3, 3], [2, 6, 9, 5],
[6, 0, 10, 0], [2, 8, 6, 0], [3, 2, 5, 9], [8, 9, 1, 1], [6, 6, 9, 1], [6, 4, 6, 4], [4, 7, 5, 6], [2, 3, 10, 9], [3, 7, 9, 3], [2, 2, 3, 5],
[4, 9, 3, 1], [7, 2, 2, 0], [6, 10, 1, 2], [3, 5, 4, 6], [2, 9, 1, 4], [2, 0, 0, 3], [8, 7, 7, 8], [10, 8, 3, 3], [4, 4, 3, 9]]
[1, 1, 1, 0.5, 0.5, 0.5, 0.5, 0.5, 0.5, 0.25,
0.25, 0.25, 0.25, 0.25, 0.25, 0.125, 0.125, 0.125, 0.125, 0.125,
0.125, 0.0625, 0.0625, 0.0625, 0.0625, 0.0625, 0.0625, 0.03125, 0.03125, 0.03125,
0.03125, 0.03125, 0.03125, 0.015625, 0.015625, 0.015625, 0.015625, 0.015625, 0.015625, 0.0078125,
0.0078125, 0.0078125, 0.0078125, 0.0078125, 0.0078125, 0.00390625, 0.00390625, 0.00390625, 0.00390625, 0.00390625,
0.00390625, 0.00195312, 0.00195312, 0.00195312, 0.00195312, 0.00195312, 0.00195312, 0.000976562, 0.000976562, 0.000976562,
0.000976562, 0.000976562, 0.000976562, 0.000488281, 0.000488281, 0.000488281, 0.000488281, 0.000488281, 0.000488281]
[10, 10, 14, 13, 16, 14, 13, 0, 15, 11,
12, 11, 2, 16, 7, 14, 18, 5, 7, 16,
8, 5, 4, 10, 17, 7, 17, 7, 11, 15,
15, 11, 8, 19, 9, 14, 20, 15, 2, 20,
2, 3, 0, 17, 11, 5, 13, 15, 6, 12,
3, 9, 1, 1, 3, 19, 4, 3, 10, 14,
6, 5, 13, 18, 10, 12, 10, 13, 2]
------------------------------------------------------- 
# stage = 12	# children c = 2	length of each stage p = 3	nodes = 68	# items I = 1
