[86, 90, 22, 4, 70, 60, 70, 65, 78, 11,
55, 9, 25, 9, 53, 98, 73, 78, 24, 100,
72, 8, 46, 40, 55, 80, 30, 93, 32, 100,
64, 18, 55, 52, 89, 91, 78, 58, 21, 55,
35, 76, 30, 60, 51, 50, 23, 24, 27, 48,
23, 65, 22, 35, 4, 43, 14, 34, 35, 13,
100, 66, 31, 20, 84, 86, 10, 62, 43, 32,
83, 78, 74, 13, 3, 25, 63, 27, 49, 56]
[[394, 987, 42], [838, 283, 604], [794, 839, 872], [1008, 257, 1043], [207, 688, 515], [840, 935, 464], [787, 556, 750], [812, 24, 742], [347, 530, 1000], [851, 517, 522],
[347, 493, 446], [389, 913, 311], [575, 644, 87], [385, 171, 345], [1010, 379, 1033], [45, 801, 487], [509, 526, 1043], [842, 920, 650], [521, 204, 762], [459, 638, 216],
[981, 567, 291], [365, 539, 141], [676, 51, 367], [346, 18, 538], [691, 1029, 499], [243, 11, 883], [730, 102, 346], [293, 944, 848], [943, 403, 634], [224, 444, 209],
[440, 362, 359], [313, 309, 898], [36, 568, 949], [403, 496, 968], [941, 124, 516], [1023, 367, 109], [843, 679, 211], [771, 972, 93], [556, 434, 78], [127, 658, 522],
[982, 680, 466], [278, 993, 358], [758, 611, 508], [644, 1014, 1004], [549, 475, 65], [647, 435, 14], [756, 215, 275], [968, 568, 185], [1061, 61, 201], [721, 833, 860],
[180, 752, 59], [228, 612, 635], [586, 307, 183], [31, 534, 135], [1035, 665, 610], [682, 250, 627], [278, 1006, 424], [554, 493, 992], [321, 73, 1053], [522, 794, 405],
[964, 974, 740], [1024, 785, 289], [596, 308, 179], [779, 985, 713], [496, 957, 960], [688, 159, 147], [897, 437, 91], [258, 573, 584], [187, 894, 658], [822, 354, 1034],
[165, 255, 528], [905, 861, 250], [776, 394, 558], [955, 756, 480], [187, 834, 1020], [85, 460, 761], [877, 294, 780], [550, 135, 291], [717, 322, 122], [957, 82, 58]]
[[9, 5, 2, 1], [1, 0, 1, 2], [0, 5, 4, 0], [2, 2, 8, 2], [1, 7, 1, 3], [0, 0, 5, 3], [3, 4, 9, 6], [5, 5, 4, 3], [8, 6, 2, 9], [5, 3, 9, 5],
[9, 1, 5, 9], [1, 0, 9, 1], [8, 10, 2, 6], [9, 8, 9, 1], [10, 5, 6, 4], [8, 10, 7, 5], [4, 9, 1, 9], [0, 9, 1, 9], [8, 4, 5, 7], [5, 4, 8, 0],
[1, 0, 6, 8], [6, 5, 10, 5], [8, 5, 9, 6], [2, 3, 0, 4], [10, 0, 0, 10], [9, 1, 6, 4], [4, 10, 0, 7], [1, 9, 7, 2], [7, 2, 0, 0], [5, 8, 5, 3],
[2, 1, 7, 2], [4, 5, 7, 1], [5, 7, 1, 1], [7, 5, 5, 9], [4, 6, 5, 5], [2, 10, 8, 7], [10, 6, 7, 5], [1, 10, 6, 3], [9, 0, 5, 0], [5, 10, 1, 9],
[5, 2, 10, 1], [6, 3, 8, 10], [7, 2, 5, 9], [10, 0, 3, 9], [4, 8, 3, 5], [7, 7, 8, 5], [7, 0, 5, 0], [9, 6, 9, 3], [7, 6, 2, 2], [9, 10, 1, 3],
[10, 4, 10, 9], [4, 2, 7, 8], [10, 9, 2, 4], [5, 8, 9, 0], [7, 1, 0, 5], [8, 7, 6, 2], [2, 8, 2, 10], [7, 3, 2, 6], [6, 2, 4, 10], [2, 9, 6, 0],
[7, 6, 4, 0], [4, 3, 9, 9], [2, 7, 1, 10], [3, 7, 10, 3], [4, 1, 2, 0], [3, 3, 4, 9], [3, 8, 8, 3], [4, 1, 3, 10], [8, 8, 10, 10], [9, 6, 8, 0],
[2, 9, 9, 5], [5, 8, 8, 9], [10, 9, 7, 0], [1, 0, 9, 2], [6, 4, 5, 10], [6, 9, 9, 3], [4, 6, 2, 2], [1, 10, 2, 1], [6, 0, 6, 0], [7, 2, 7, 4]]
[1, 1, 1, 1, 1, 0.333333, 0.333333, 0.333333, 0.333333, 0.333333,
0.333333, 0.333333, 0.333333, 0.333333, 0.333333, 0.333333, 0.333333, 0.333333, 0.333333, 0.333333,
0.111111, 0.111111, 0.111111, 0.111111, 0.111111, 0.111111, 0.111111, 0.111111, 0.111111, 0.111111,
0.111111, 0.111111, 0.111111, 0.111111, 0.111111, 0.037037, 0.037037, 0.037037, 0.037037, 0.037037,
0.037037, 0.037037, 0.037037, 0.037037, 0.037037, 0.037037, 0.037037, 0.037037, 0.037037, 0.037037,
0.0123457, 0.0123457, 0.0123457, 0.0123457, 0.0123457, 0.0123457, 0.0123457, 0.0123457, 0.0123457, 0.0123457,
0.0123457, 0.0123457, 0.0123457, 0.0123457, 0.0123457, 0.00411523, 0.00411523, 0.00411523, 0.00411523, 0.00411523,
0.00411523, 0.00411523, 0.00411523, 0.00411523, 0.00411523, 0.00411523, 0.00411523, 0.00411523, 0.00411523, 0.00411523]
[4, 6, 12, 11, 21, 11, 12, 19, 21, 19,
19, 12, 2, 21, 18, 16, 9, 13, 5, 2,
20, 10, 4, 10, 18, 9, 18, 10, 10, 5,
12, 1, 20, 16, 15, 3, 8, 20, 21, 12,
13, 9, 19, 4, 2, 7, 5, 9, 21, 4,
18, 6, 19, 13, 8, 12, 21, 4, 14, 19,
13, 6, 11, 20, 14, 0, 8, 12, 6, 21,
3, 11, 8, 14, 19, 14, 11, 6, 11, 6]
------------------------------------------------------- 
# stage = 6	# children c = 3	length of each stage p = 5	nodes = 79	# items I = 1
