[18, 60, 71, 36, 51, 10, 25, 41, 72, 76,
17, 56, 89, 78, 73, 20, 75, 11, 83, 33]
[[432, 1321, 1785], [1197, 1888, 1188], [920, 34, 220], [1268, 876, 473], [1170, 567, 872], [244, 48, 912], [684, 703, 727], [1029, 760, 233], [596, 289, 1503], [925, 850, 1880],
[129, 1294, 1300], [26, 591, 1299], [1214, 1523, 1345], [1447, 903, 333], [19, 172, 900], [903, 428, 960], [1828, 1124, 1663], [654, 253, 534], [899, 861, 824], [501, 1799, 1686]]
[[0, 1, 9, 1], [5, 6, 6, 7], [8, 3, 0, 4], [3, 2, 2, 7], [4, 4, 9, 4], [10, 5, 8, 6], [1, 10, 9, 5], [0, 0, 1, 10], [1, 8, 9, 5], [1, 3, 10, 9],
[6, 10, 2, 9], [1, 3, 6, 4], [7, 2, 6, 4], [5, 3, 0, 7], [1, 7, 10, 10], [7, 0, 9, 6], [8, 6, 9, 8], [9, 8, 6, 4], [8, 7, 1, 7], [10, 5, 9, 4]]
[1, 1, 0.333333, 0.333333, 0.333333, 0.333333, 0.333333, 0.333333, 0.111111, 0.111111,
0.111111, 0.111111, 0.111111, 0.111111, 0.037037, 0.037037, 0.037037, 0.037037, 0.037037, 0.037037]
[16, 5, 15, 8, 5, 19, 9, 12, 3, 19,
11, 7, 3, 8, 0, 6, 1, 3, 3, 12]
------------------------------------------------------- 
# stage = 4	# children c = 3	length of each stage p = 2	nodes = 19	# items I = 1
