[92, 41, 78, 92, 100, 83, 21, 52, 44, 56,
59, 78, 54, 28, 34, 75, 98, 16, 21, 51,
6, 11, 98, 80, 28, 91, 49, 14, 24, 93,
92, 15, 100, 69, 73, 65, 51, 95, 16, 95,
50, 42, 38, 70, 36, 38, 11, 33, 21, 99,
51, 27, 9, 48, 73, 38, 38, 22, 52, 62,
81, 9, 43, 46, 78, 15, 11, 95, 76, 27,
55, 92, 35, 94, 28, 72, 98, 39, 71, 18,
3, 21, 12, 12, 69, 85, 16, 73, 73, 35,
0, 19, 44, 43, 66, 89, 25, 77, 49, 0,
70, 4, 93, 5, 64, 20, 43, 61, 25, 13,
80, 28, 35, 92, 6, 70, 42, 23, 43, 15,
24, 43, 34, 68, 53, 66, 22, 78, 42, 72]
[[219, 177, 1308], [1090, 582, 1714], [1126, 987, 291], [70, 1876, 1131], [472, 308, 1608], [516, 634, 978], [1015, 1199, 1350], [1809, 167, 596], [1890, 61, 1886], [520, 1006, 1566],
[874, 1225, 34], [472, 605, 616], [190, 1731, 1891], [768, 91, 1770], [190, 564, 368], [1798, 1080, 1290], [779, 385, 779], [419, 198, 946], [1015, 378, 1007], [1191, 1186, 16],
[1048, 63, 1528], [1082, 536, 137], [1985, 1013, 1868], [1879, 71, 1960], [1940, 261, 814], [598, 349, 184], [178, 1415, 569], [957, 124, 1054], [1904, 1426, 1433], [1201, 621, 622],
[1218, 1669, 972], [749, 1041, 1795], [886, 1029, 1098], [1045, 1199, 1170], [1295, 1429, 1718], [112, 30, 358], [296, 496, 1773], [1152, 1453, 188], [210, 1647, 1614], [1930, 852, 525],
[842, 360, 484], [1814, 1396, 1525], [1900, 573, 845], [1001, 1618, 47], [461, 916, 1476], [183, 1315, 1793], [541, 1898, 292], [604, 1053, 36], [792, 1263, 1683], [697, 1196, 825],
[1222, 328, 1472], [1707, 146, 872], [1522, 336, 1732], [657, 1337, 1640], [704, 1799, 846], [470, 272, 164], [554, 1100, 65], [846, 1704, 1405], [1169, 787, 672], [1143, 1484, 158],
[1968, 709, 774], [1731, 706, 1207], [893, 519, 1543], [628, 1176, 1170], [271, 171, 972], [1117, 928, 1531], [1568, 1482, 634], [1920, 619, 629], [1328, 1788, 1416], [290, 934, 903],
[449, 1193, 1899], [1223, 1214, 896], [433, 110, 1702], [266, 1025, 881], [1436, 1583, 1339], [699, 990, 271], [233, 561, 43], [1155, 771, 949], [1784, 102, 741], [1203, 393, 1962],
[396, 1129, 1445], [298, 642, 662], [1481, 1362, 1059], [1186, 1628, 374], [358, 1067, 1957], [1984, 1766, 1237], [258, 290, 88], [589, 1445, 859], [1538, 1232, 962], [569, 438, 1355],
[822, 834, 774], [270, 1419, 1416], [1220, 904, 781], [569, 380, 412], [944, 738, 1766], [1191, 726, 1823], [432, 1271, 116], [807, 150, 1561], [1667, 1689, 796], [919, 548, 1521],
[564, 1370, 645], [1338, 1928, 67], [757, 1438, 1258], [1825, 10, 1639], [527, 1241, 380], [296, 436, 1393], [122, 1155, 668], [238, 252, 1105], [89, 1919, 797], [1172, 1128, 1633],
[696, 1692, 1293], [1341, 1320, 1224], [1696, 80, 952], [1244, 195, 1250], [886, 722, 494], [1554, 1019, 1217], [950, 1141, 662], [1905, 1667, 915], [1014, 1756, 837], [101, 932, 1966],
[24, 1915, 1948], [1318, 1547, 1272], [832, 1533, 1639], [1785, 780, 1835], [1038, 1667, 560], [1819, 1224, 1866], [1040, 464, 1298], [1702, 660, 1255], [907, 1961, 1014], [1745, 352, 236]]
[[10, 8, 1, 4], [4, 8, 2, 5], [10, 10, 9, 7], [8, 4, 2, 7], [4, 4, 8, 6], [4, 5, 2, 10], [1, 1, 6, 8], [6, 5, 7, 6], [0, 8, 8, 2], [3, 0, 7, 2],
[8, 4, 10, 6], [6, 10, 0, 10], [3, 8, 5, 5], [0, 6, 5, 1], [5, 0, 9, 1], [3, 3, 5, 2], [0, 0, 4, 1], [0, 10, 2, 9], [3, 10, 2, 7], [9, 2, 7, 0],
[10, 1, 5, 8], [5, 8, 9, 0], [6, 6, 10, 10], [9, 2, 10, 8], [2, 3, 9, 1], [0, 0, 10, 1], [10, 1, 9, 7], [1, 5, 7, 9], [4, 1, 6, 10], [10, 4, 8, 5],
[10, 5, 2, 7], [5, 1, 4, 7], [3, 0, 6, 1], [10, 5, 3, 7], [4, 10, 3, 5], [4, 10, 1, 6], [10, 7, 3, 9], [10, 9, 1, 9], [3, 2, 3, 8], [1, 5, 3, 2],
[6, 9, 4, 5], [2, 5, 1, 4], [4, 5, 8, 6], [2, 9, 1, 1], [6, 5, 8, 5], [3, 10, 1, 5], [10, 5, 0, 0], [8, 1, 3, 3], [0, 5, 6, 0], [10, 6, 4, 1],
[9, 1, 7, 0], [0, 6, 2, 4], [0, 10, 7, 2], [7, 6, 5, 6], [9, 5, 5, 7], [7, 6, 10, 5], [0, 4, 5, 8], [10, 9, 9, 8], [9, 3, 6, 7], [9, 6, 9, 8],
[4, 5, 10, 0], [0, 4, 5, 8], [7, 8, 4, 3], [3, 1, 8, 1], [5, 0, 9, 2], [8, 5, 10, 6], [8, 4, 0, 4], [10, 9, 1, 3], [3, 9, 2, 1], [0, 7, 9, 8],
[2, 2, 9, 5], [2, 7, 6, 7], [5, 2, 10, 2], [7, 7, 6, 2], [0, 6, 4, 9], [4, 6, 1, 5], [2, 3, 7, 3], [8, 3, 9, 10], [4, 7, 4, 6], [1, 8, 2, 7],
[10, 10, 9, 4], [5, 3, 4, 5], [9, 9, 3, 1], [2, 3, 6, 4], [6, 0, 5, 2], [4, 3, 1, 8], [0, 4, 1, 1], [10, 1, 6, 8], [1, 3, 1, 6], [6, 4, 9, 2],
[2, 0, 3, 2], [3, 10, 4, 7], [10, 10, 9, 1], [0, 9, 7, 0], [2, 8, 0, 10], [10, 4, 7, 0], [7, 9, 4, 2], [2, 2, 3, 2], [0, 6, 4, 3], [5, 8, 0, 3],
[5, 7, 4, 6], [5, 10, 4, 5], [7, 2, 5, 6], [7, 1, 4, 3], [8, 6, 4, 8], [7, 7, 8, 7], [2, 1, 0, 6], [8, 9, 7, 0], [5, 9, 6, 0], [8, 0, 3, 5],
[2, 8, 9, 9], [8, 1, 0, 5], [7, 2, 3, 3], [9, 0, 0, 9], [0, 9, 2, 6], [7, 9, 6, 1], [8, 2, 10, 3], [0, 3, 6, 0], [0, 3, 10, 6], [4, 8, 1, 9],
[10, 2, 0, 6], [0, 0, 4, 0], [7, 5, 4, 3], [1, 0, 2, 9], [0, 2, 0, 9], [3, 6, 9, 1], [9, 6, 8, 0], [3, 9, 10, 2], [9, 10, 6, 9], [8, 9, 8, 4]]
[1, 1, 1, 1, 1, 0.2, 0.2, 0.2, 0.2, 0.2,
0.2, 0.2, 0.2, 0.2, 0.2, 0.2, 0.2, 0.2, 0.2, 0.2,
0.2, 0.2, 0.2, 0.2, 0.2, 0.2, 0.2, 0.2, 0.2, 0.2,
0.04, 0.04, 0.04, 0.04, 0.04, 0.04, 0.04, 0.04, 0.04, 0.04,
0.04, 0.04, 0.04, 0.04, 0.04, 0.04, 0.04, 0.04, 0.04, 0.04,
0.04, 0.04, 0.04, 0.04, 0.04, 0.008, 0.008, 0.008, 0.008, 0.008,
0.008, 0.008, 0.008, 0.008, 0.008, 0.008, 0.008, 0.008, 0.008, 0.008,
0.008, 0.008, 0.008, 0.008, 0.008, 0.008, 0.008, 0.008, 0.008, 0.008,
0.0016, 0.0016, 0.0016, 0.0016, 0.0016, 0.0016, 0.0016, 0.0016, 0.0016, 0.0016,
0.0016, 0.0016, 0.0016, 0.0016, 0.0016, 0.0016, 0.0016, 0.0016, 0.0016, 0.0016,
0.0016, 0.0016, 0.0016, 0.0016, 0.0016, 0.00032, 0.00032, 0.00032, 0.00032, 0.00032,
0.00032, 0.00032, 0.00032, 0.00032, 0.00032, 0.00032, 0.00032, 0.00032, 0.00032, 0.00032,
0.00032, 0.00032, 0.00032, 0.00032, 0.00032, 0.00032, 0.00032, 0.00032, 0.00032, 0.00032]
[4, 9, 5, 3, 2, 5, 5, 3, 8, 9,
8, 1, 4, 8, 4, 4, 8, 6, 2, 3,
1, 4, 1, 5, 9, 3, 9, 7, 6, 3,
9, 3, 3, 2, 4, 3, 7, 4, 6, 0,
7, 7, 0, 4, 3, 1, 7, 1, 9, 9,
8, 8, 9, 6, 6, 4, 1, 3, 8, 0,
7, 5, 8, 9, 9, 2, 1, 7, 8, 1,
1, 0, 0, 4, 5, 0, 9, 3, 4, 7,
2, 5, 5, 0, 7, 1, 0, 1, 9, 0,
3, 3, 0, 2, 9, 1, 6, 1, 9, 6,
5, 7, 3, 6, 7, 1, 1, 4, 3, 8,
3, 8, 8, 2, 4, 5, 9, 7, 2, 8,
4, 3, 8, 8, 9, 7, 8, 5, 8, 5]
------------------------------------------------------- 
# stage = 6	# children c = 5	length of each stage p = 5	nodes = 129	# items I = 1
