[68, 86, 3, 69, 3, 9, 9, 45, 88, 27,
99, 43, 22, 70, 16, 10, 88, 3, 45, 23,
66, 21, 42, 91, 63, 87, 98, 67, 36, 22,
21, 3, 7, 91, 38, 78, 100, 48, 89, 54,
41, 87, 97, 30, 23, 79, 40, 10, 82, 51,
34, 48]
[[191, 18, 68], [734, 27, 442], [384, 492, 399], [517, 821, 529], [214, 646, 811], [324, 598, 434], [250, 626, 580], [177, 211, 432], [98, 300, 195], [200, 293, 173],
[855, 557, 264], [103, 472, 364], [618, 36, 37], [124, 626, 38], [653, 840, 684], [644, 272, 463], [185, 595, 196], [839, 772, 480], [378, 50, 780], [646, 251, 253],
[0, 286, 884], [264, 389, 463], [702, 114, 572], [739, 238, 305], [777, 892, 325], [641, 716, 670], [211, 82, 372], [480, 28, 324], [67, 479, 375], [27, 233, 699],
[281, 306, 92], [272, 570, 481], [808, 452, 668], [487, 298, 13], [865, 255, 85], [297, 77, 802], [75, 288, 884], [447, 842, 92], [845, 16, 571], [400, 44, 877],
[206, 398, 290], [298, 743, 41], [852, 658, 493], [627, 325, 865], [713, 297, 300], [872, 594, 377], [781, 669, 739], [845, 297, 688], [117, 249, 704], [761, 722, 821],
[746, 35, 399], [216, 406, 249]]
[[9, 10, 2, 3], [10, 8, 2, 5], [6, 2, 9, 10], [1, 2, 6, 9], [4, 9, 7, 9], [4, 3, 7, 5], [5, 1, 6, 6], [5, 1, 0, 2], [9, 3, 3, 8], [9, 3, 3, 4],
[5, 10, 4, 5], [1, 8, 3, 4], [7, 10, 2, 9], [2, 7, 3, 5], [6, 7, 0, 9], [7, 10, 0, 5], [2, 2, 1, 0], [5, 4, 3, 9], [1, 7, 3, 2], [4, 6, 4, 9],
[3, 4, 7, 3], [0, 8, 8, 6], [3, 6, 5, 10], [5, 3, 2, 5], [5, 3, 4, 9], [5, 7, 7, 6], [1, 10, 7, 5], [3, 0, 2, 4], [3, 7, 7, 3], [3, 2, 8, 6],
[8, 0, 3, 3], [3, 5, 6, 7], [7, 10, 5, 1], [6, 10, 6, 7], [7, 0, 0, 10], [9, 0, 3, 1], [7, 8, 5, 10], [10, 0, 3, 7], [0, 6, 8, 3], [10, 2, 8, 6],
[1, 2, 5, 8], [1, 0, 2, 6], [9, 2, 5, 8], [0, 6, 9, 8], [3, 1, 5, 0], [1, 9, 6, 10], [4, 1, 3, 1], [3, 0, 7, 5], [1, 2, 0, 0], [0, 2, 7, 10],
[3, 10, 5, 1], [6, 1, 9, 7]]
[1, 1, 0.2, 0.2, 0.2, 0.2, 0.2, 0.2, 0.2, 0.2,
0.2, 0.2, 0.04, 0.04, 0.04, 0.04, 0.04, 0.04, 0.04, 0.04,
0.04, 0.04, 0.008, 0.008, 0.008, 0.008, 0.008, 0.008, 0.008, 0.008,
0.008, 0.008, 0.0016, 0.0016, 0.0016, 0.0016, 0.0016, 0.0016, 0.0016, 0.0016,
0.0016, 0.0016, 0.00032, 0.00032, 0.00032, 0.00032, 0.00032, 0.00032, 0.00032, 0.00032,
0.00032, 0.00032]
[4, 4, 1, 0, 7, 0, 0, 6, 5, 0,
5, 8, 3, 8, 8, 8, 4, 6, 6, 3,
0, 8, 2, 6, 6, 3, 7, 6, 6, 2,
5, 0, 2, 5, 2, 0, 8, 0, 3, 6,
7, 1, 1, 0, 2, 1, 2, 6, 4, 0,
5, 5]
------------------------------------------------------- 
# stage = 6	# children c = 5	length of each stage p = 2	nodes = 51	# items I = 1
