[31, 90, 87, 98, 11, 20, 17, 82, 51, 38,
92, 42, 43, 44, 90, 12, 33, 23, 19, 63,
74, 13, 100, 99, 38, 69, 99, 71, 4, 87,
75, 35, 76, 62, 100, 53, 82, 16, 0, 32,
20, 93, 41, 29, 2, 30, 41, 1, 53, 27,
65, 93, 40, 30, 58, 44, 99, 56, 81, 2,
42, 56, 4, 84, 84, 3, 36, 65, 86, 37,
63, 5, 96, 3, 34, 98, 100, 42, 99, 19,
69, 29, 78, 8, 60, 35, 52, 24, 58, 33,
27, 66, 55, 31, 50, 38, 0, 52, 69, 86,
55, 31, 57, 16, 1, 57, 13, 67, 99, 79,
86, 67, 74, 30, 75, 100, 31, 94, 24, 89,
93, 51, 21, 47, 48, 71, 85, 48, 89, 19]
[[565, 923, 14], [2063, 788, 1997], [1845, 667, 1838], [567, 424, 608], [1164, 2119, 701], [1655, 1777, 1689], [1283, 2068, 156], [2047, 1878, 58], [1960, 1609, 1487], [897, 845, 55],
[1429, 1410, 467], [1444, 826, 1255], [793, 535, 1411], [495, 590, 1835], [591, 1243, 1306], [1293, 250, 947], [846, 1533, 367], [490, 1444, 1733], [36, 756, 1207], [1524, 1653, 1540],
[1067, 947, 302], [1534, 1879, 616], [142, 536, 640], [1553, 520, 1230], [740, 599, 337], [2046, 1892, 76], [858, 91, 1609], [713, 69, 406], [311, 106, 650], [1006, 1630, 168],
[2034, 561, 603], [200, 2096, 1970], [817, 102, 1994], [1457, 1655, 378], [39, 259, 978], [2001, 1793, 222], [2077, 3, 1937], [1038, 717, 2007], [932, 516, 1601], [1583, 1010, 1095],
[1751, 908, 1144], [1842, 596, 1104], [1676, 1413, 694], [1022, 222, 1837], [889, 1886, 1584], [1355, 1751, 1242], [1577, 1180, 733], [867, 1706, 1450], [738, 503, 1454], [203, 1574, 328],
[786, 677, 1236], [1930, 383, 1833], [387, 1547, 598], [569, 433, 309], [1895, 1322, 1683], [1343, 541, 786], [2073, 1607, 1966], [671, 338, 1024], [1609, 564, 1015], [928, 255, 453],
[744, 1041, 1130], [1469, 323, 1001], [654, 710, 412], [740, 768, 334], [537, 527, 1144], [84, 1358, 1174], [870, 1296, 645], [188, 1455, 471], [1213, 928, 1035], [92, 1344, 1290],
[34, 1577, 1819], [1164, 910, 6], [1654, 1052, 205], [2066, 1792, 973], [1888, 194, 988], [897, 278, 210], [1559, 637, 1506], [68, 825, 825], [27, 1526, 1242], [1062, 1107, 2074],
[1840, 1141, 1515], [1523, 1793, 1913], [1017, 1311, 829], [710, 1242, 486], [1683, 482, 168], [23, 867, 2070], [234, 290, 571], [1228, 1982, 1397], [1542, 2009, 275], [648, 423, 1382],
[74, 127, 387], [1078, 1138, 45], [855, 1644, 1356], [1173, 218, 2086], [1147, 1390, 2057], [1315, 1413, 788], [1249, 1647, 567], [1309, 740, 413], [570, 1770, 1911], [333, 1906, 1822],
[1716, 1980, 1950], [1591, 922, 440], [1636, 1266, 2084], [345, 303, 167], [1919, 1450, 1557], [1328, 629, 322], [2117, 1366, 1970], [36, 539, 62], [2073, 597, 1832], [1848, 931, 1602],
[1535, 511, 934], [837, 2102, 1857], [765, 1091, 475], [202, 924, 778], [369, 195, 92], [1414, 1524, 209], [1736, 993, 1575], [1058, 1029, 1603], [608, 966, 1688], [1928, 167, 483],
[882, 1190, 482], [1817, 1515, 2073], [1026, 1768, 516], [1501, 1970, 1440], [143, 1827, 1123], [1859, 1105, 511], [2068, 194, 1504], [995, 740, 2021], [2086, 1349, 340], [1639, 1141, 2131]]
[[4, 6, 8, 0], [5, 5, 10, 2], [8, 9, 0, 8], [6, 5, 2, 7], [1, 7, 3, 2], [8, 7, 2, 10], [1, 10, 1, 9], [10, 0, 9, 3], [4, 6, 1, 7], [1, 0, 7, 7],
[7, 7, 2, 1], [0, 3, 8, 1], [10, 9, 3, 5], [3, 5, 5, 4], [2, 6, 2, 1], [6, 0, 2, 8], [6, 1, 5, 5], [10, 1, 10, 7], [7, 2, 8, 7], [5, 3, 6, 2],
[1, 7, 7, 4], [1, 10, 6, 1], [6, 8, 2, 10], [6, 2, 6, 1], [3, 0, 5, 2], [10, 2, 9, 6], [2, 4, 2, 5], [7, 8, 7, 6], [4, 2, 8, 3], [10, 3, 2, 5],
[9, 4, 3, 4], [4, 7, 6, 7], [7, 9, 8, 6], [0, 4, 0, 1], [9, 2, 6, 3], [9, 1, 8, 0], [3, 5, 2, 2], [7, 4, 6, 5], [7, 7, 10, 9], [3, 3, 6, 8],
[10, 1, 1, 8], [5, 1, 9, 1], [2, 5, 3, 0], [6, 0, 9, 7], [3, 9, 7, 10], [1, 0, 3, 8], [7, 0, 6, 8], [1, 10, 3, 0], [9, 5, 8, 4], [4, 7, 3, 6],
[10, 6, 4, 5], [4, 1, 1, 8], [10, 6, 5, 0], [7, 6, 6, 1], [6, 0, 10, 7], [8, 2, 7, 7], [5, 3, 9, 10], [10, 1, 3, 7], [6, 6, 1, 10], [7, 0, 7, 6],
[6, 0, 5, 2], [6, 9, 2, 2], [9, 1, 7, 7], [1, 2, 1, 5], [5, 10, 2, 2], [9, 5, 9, 4], [0, 8, 4, 7], [8, 9, 1, 1], [7, 4, 2, 3], [2, 4, 3, 1],
[3, 10, 6, 4], [1, 7, 7, 4], [4, 9, 6, 2], [2, 4, 5, 2], [10, 9, 8, 7], [5, 7, 7, 2], [0, 9, 3, 0], [0, 6, 10, 3], [3, 5, 5, 3], [10, 2, 7, 1],
[9, 3, 4, 0], [5, 7, 1, 5], [3, 7, 10, 8], [3, 4, 8, 1], [0, 0, 10, 0], [4, 10, 1, 8], [4, 5, 0, 2], [7, 5, 3, 3], [6, 5, 4, 10], [1, 5, 2, 4],
[1, 1, 0, 2], [6, 8, 1, 6], [7, 0, 5, 0], [10, 6, 8, 2], [9, 6, 4, 5], [1, 5, 9, 5], [9, 0, 4, 10], [5, 6, 2, 4], [8, 2, 4, 1], [8, 5, 5, 4],
[5, 8, 5, 3], [2, 0, 5, 0], [5, 7, 4, 4], [1, 0, 9, 10], [0, 3, 8, 3], [9, 8, 7, 4], [8, 0, 3, 5], [3, 7, 8, 6], [4, 0, 9, 4], [9, 1, 5, 3],
[8, 9, 7, 8], [9, 4, 5, 7], [7, 0, 10, 3], [8, 6, 6, 3], [4, 7, 7, 5], [3, 4, 0, 6], [2, 8, 10, 0], [9, 2, 2, 5], [9, 9, 0, 7], [0, 3, 1, 5],
[4, 0, 7, 10], [4, 2, 1, 6], [7, 8, 0, 0], [10, 10, 4, 1], [7, 1, 10, 3], [2, 1, 6, 0], [9, 4, 6, 9], [8, 7, 4, 10], [8, 0, 7, 1], [0, 8, 8, 7]]
[1, 1, 1, 1, 1, 0.2, 0.2, 0.2, 0.2, 0.2,
0.2, 0.2, 0.2, 0.2, 0.2, 0.2, 0.2, 0.2, 0.2, 0.2,
0.2, 0.2, 0.2, 0.2, 0.2, 0.2, 0.2, 0.2, 0.2, 0.2,
0.04, 0.04, 0.04, 0.04, 0.04, 0.04, 0.04, 0.04, 0.04, 0.04,
0.04, 0.04, 0.04, 0.04, 0.04, 0.04, 0.04, 0.04, 0.04, 0.04,
0.04, 0.04, 0.04, 0.04, 0.04, 0.008, 0.008, 0.008, 0.008, 0.008,
0.008, 0.008, 0.008, 0.008, 0.008, 0.008, 0.008, 0.008, 0.008, 0.008,
0.008, 0.008, 0.008, 0.008, 0.008, 0.008, 0.008, 0.008, 0.008, 0.008,
0.0016, 0.0016, 0.0016, 0.0016, 0.0016, 0.0016, 0.0016, 0.0016, 0.0016, 0.0016,
0.0016, 0.0016, 0.0016, 0.0016, 0.0016, 0.0016, 0.0016, 0.0016, 0.0016, 0.0016,
0.0016, 0.0016, 0.0016, 0.0016, 0.0016, 0.00032, 0.00032, 0.00032, 0.00032, 0.00032,
0.00032, 0.00032, 0.00032, 0.00032, 0.00032, 0.00032, 0.00032, 0.00032, 0.00032, 0.00032,
0.00032, 0.00032, 0.00032, 0.00032, 0.00032, 0.00032, 0.00032, 0.00032, 0.00032, 0.00032]
[1, 10, 2, 9, 8, 0, 0, 2, 8, 5,
10, 0, 5, 6, 4, 1, 2, 10, 6, 7,
6, 3, 5, 5, 7, 10, 10, 6, 3, 2,
5, 8, 9, 0, 0, 6, 0, 10, 1, 3,
10, 1, 9, 1, 7, 4, 3, 7, 6, 7,
10, 10, 8, 1, 9, 6, 3, 2, 1, 9,
5, 6, 1, 8, 9, 9, 3, 5, 4, 10,
5, 6, 9, 5, 10, 6, 3, 10, 2, 7,
8, 4, 2, 10, 1, 2, 10, 1, 3, 6,
7, 4, 10, 1, 10, 7, 0, 6, 8, 4,
1, 1, 1, 7, 5, 5, 9, 1, 3, 4,
7, 7, 0, 8, 7, 4, 4, 7, 4, 7,
2, 1, 9, 5, 1, 10, 7, 4, 7, 2]
------------------------------------------------------- 
# stage = 6	# children c = 5	length of each stage p = 5	nodes = 129	# items I = 1
