[95, 39, 73, 74, 99, 58, 82, 43, 52, 53,
77, 4, 4, 29, 36, 9, 99, 2, 1, 12,
97, 36, 44]
[[1974, 164, 2224], [605, 1488, 1599], [1792, 1012, 1288], [508, 699, 1278], [487, 2210, 339], [229, 400, 915], [1245, 610, 241], [364, 2237, 924], [1087, 1513, 671], [2054, 1495, 460],
[1275, 1104, 624], [1134, 1399, 1802], [57, 825, 449], [1035, 1333, 838], [2004, 1511, 372], [2033, 1430, 772], [582, 0, 1072], [513, 364, 944], [1128, 1141, 91], [1799, 829, 1586],
[1949, 1795, 14], [2263, 253, 1414], [1699, 310, 1929]]
[[1, 5, 8, 7], [8, 0, 6, 9], [5, 4, 1, 5], [3, 1, 4, 2], [9, 9, 9, 6], [6, 5, 2, 5], [10, 2, 2, 10], [1, 3, 4, 0], [8, 10, 7, 3], [10, 2, 0, 4],
[4, 1, 7, 5], [0, 0, 8, 7], [8, 6, 2, 1], [9, 4, 5, 8], [4, 7, 6, 3], [8, 10, 4, 3], [7, 0, 6, 6], [1, 4, 9, 3], [6, 5, 9, 4], [4, 6, 10, 1],
[10, 1, 0, 9], [4, 5, 4, 6], [10, 10, 10, 7]]
[1, 0.5, 0.5, 0.25, 0.25, 0.125, 0.125, 0.0625, 0.0625, 0.03125,
0.03125, 0.015625, 0.015625, 0.0078125, 0.0078125, 0.00390625, 0.00390625, 0.00195312, 0.00195312, 0.000976562,
0.000976562, 0.000488281, 0.000488281]
[9, 2, 12, 22, 2, 12, 4, 5, 18, 15,
8, 18, 3, 15, 17, 15, 21, 12, 8, 16,
9, 15, 3]
------------------------------------------------------- 
# stage = 12	# children c = 2	length of each stage p = 1	nodes = 22	# items I = 1
