[31, 43, 20, 84, 100, 72, 37, 58, 80, 88,
87, 34, 2, 70, 17, 70, 33, 22, 17, 16,
61, 5, 51, 10, 41, 27, 70, 28, 36, 32,
64, 33, 41, 84, 17, 41, 55, 20, 65, 35,
74, 17, 69, 77, 88, 53, 46, 20, 41, 29,
36, 68, 34, 53, 78, 75, 81, 13, 70, 16,
11, 33, 16, 53, 17, 100, 60, 38, 19, 91,
73, 94, 8, 8, 36, 96, 27, 48, 82, 68,
77, 18, 1, 10, 71, 45, 52, 51, 59, 21,
34, 70, 54, 16, 89, 37, 15, 48, 76, 0,
5, 14, 60, 13, 89, 96, 75, 15, 43, 56]
[[141, 470, 1441], [696, 951, 1327], [984, 1085, 271], [1483, 236, 1232], [941, 861, 1296], [880, 576, 540], [1678, 955, 1695], [315, 247, 741], [306, 908, 113], [1456, 1551, 1053],
[1675, 106, 1523], [1530, 947, 743], [1126, 200, 243], [1542, 98, 479], [1188, 1184, 1485], [753, 333, 476], [1439, 425, 1431], [1548, 886, 92], [558, 1192, 1145], [817, 1062, 1110],
[139, 1151, 1217], [76, 951, 578], [820, 346, 924], [1063, 303, 1167], [1687, 1491, 620], [1441, 514, 1098], [186, 367, 1669], [1617, 184, 824], [124, 888, 430], [1269, 1705, 1492],
[649, 258, 913], [280, 334, 133], [858, 1154, 624], [196, 631, 927], [1363, 732, 688], [397, 443, 1347], [1496, 774, 128], [1579, 806, 312], [672, 930, 1200], [1102, 468, 1319],
[1008, 1262, 1577], [190, 1687, 326], [468, 815, 1625], [1093, 1156, 526], [434, 789, 1403], [1122, 1186, 115], [883, 1096, 890], [1011, 944, 1696], [1469, 30, 1040], [1083, 1277, 1508],
[672, 555, 1185], [663, 745, 1141], [989, 1359, 370], [884, 721, 1527], [1555, 1155, 730], [1227, 692, 330], [1488, 1720, 1572], [647, 1001, 785], [757, 884, 961], [66, 236, 507],
[1719, 1053, 1207], [1318, 131, 367], [729, 1120, 1726], [1244, 418, 716], [1185, 387, 285], [184, 29, 1122], [515, 1517, 1112], [356, 578, 527], [1286, 1335, 1411], [516, 1546, 1647],
[1169, 1679, 1115], [645, 1267, 1246], [1157, 410, 780], [1152, 1654, 1344], [282, 1109, 0], [568, 1438, 29], [104, 222, 1691], [1216, 723, 538], [12, 279, 287], [1423, 940, 247],
[1485, 523, 196], [1014, 1314, 1608], [529, 740, 287], [1454, 307, 355], [1067, 589, 1609], [1213, 1302, 1317], [1242, 1407, 1684], [1203, 1037, 677], [155, 1050, 1101], [443, 887, 455],
[690, 786, 1124], [1031, 69, 707], [908, 743, 1592], [1195, 467, 313], [1696, 1534, 903], [1574, 1016, 619], [1160, 673, 440], [1114, 290, 1478], [205, 445, 797], [1306, 1033, 98],
[175, 138, 885], [1299, 1169, 1099], [420, 492, 112], [427, 101, 579], [740, 66, 527], [57, 1641, 1689], [677, 1070, 776], [1117, 598, 1066], [864, 803, 1656], [75, 523, 1104]]
[[1, 8, 9, 0], [7, 6, 2, 8], [6, 5, 7, 7], [0, 8, 2, 2], [6, 9, 4, 0], [8, 0, 8, 6], [4, 5, 2, 0], [1, 5, 10, 3], [3, 8, 1, 8], [1, 3, 5, 8],
[6, 10, 4, 7], [5, 5, 9, 0], [3, 0, 9, 0], [1, 7, 5, 3], [1, 7, 2, 2], [1, 1, 3, 2], [7, 3, 10, 9], [4, 2, 4, 0], [1, 6, 7, 7], [0, 3, 5, 4],
[3, 2, 2, 2], [9, 7, 6, 8], [1, 6, 8, 3], [5, 10, 3, 1], [2, 3, 8, 6], [5, 10, 4, 5], [6, 0, 10, 6], [3, 2, 10, 5], [4, 2, 7, 0], [7, 0, 6, 9],
[6, 4, 10, 0], [1, 2, 0, 3], [3, 6, 7, 9], [6, 10, 1, 1], [10, 0, 7, 1], [0, 7, 6, 5], [7, 2, 3, 3], [3, 10, 10, 7], [3, 9, 8, 2], [1, 6, 3, 4],
[1, 8, 0, 7], [7, 10, 8, 7], [10, 5, 8, 0], [10, 1, 3, 4], [3, 6, 5, 4], [5, 5, 10, 6], [3, 5, 8, 2], [0, 0, 5, 1], [9, 3, 7, 3], [3, 4, 10, 2],
[7, 5, 0, 4], [6, 1, 8, 8], [8, 1, 10, 0], [6, 9, 5, 7], [3, 2, 10, 1], [1, 2, 3, 8], [5, 8, 0, 8], [1, 9, 9, 7], [1, 9, 0, 8], [9, 7, 3, 6],
[8, 2, 4, 3], [1, 9, 8, 2], [10, 5, 4, 9], [7, 5, 4, 2], [2, 2, 8, 1], [0, 6, 8, 2], [3, 7, 8, 1], [3, 0, 7, 0], [2, 9, 1, 1], [8, 7, 2, 7],
[2, 4, 5, 9], [9, 9, 9, 9], [9, 7, 10, 10], [2, 8, 10, 5], [4, 7, 4, 5], [5, 9, 5, 5], [8, 4, 5, 5], [0, 7, 10, 2], [0, 4, 10, 9], [0, 8, 7, 7],
[2, 4, 6, 5], [10, 3, 8, 1], [8, 2, 6, 2], [0, 9, 8, 8], [2, 2, 0, 3], [7, 10, 3, 7], [1, 0, 3, 10], [9, 8, 7, 9], [10, 0, 3, 10], [4, 10, 0, 10],
[10, 7, 2, 10], [5, 8, 6, 8], [8, 6, 9, 4], [4, 10, 0, 5], [0, 1, 3, 7], [7, 10, 5, 6], [8, 7, 5, 10], [4, 6, 10, 3], [0, 1, 2, 5], [7, 6, 0, 4],
[0, 7, 8, 4], [7, 6, 7, 5], [5, 10, 10, 1], [7, 4, 7, 3], [9, 0, 2, 2], [4, 1, 5, 4], [0, 6, 9, 7], [1, 8, 0, 1], [4, 6, 5, 0], [1, 0, 3, 6]]
[1, 1, 1, 1, 1, 0.333333, 0.333333, 0.333333, 0.333333, 0.333333,
0.333333, 0.333333, 0.333333, 0.333333, 0.333333, 0.333333, 0.333333, 0.333333, 0.333333, 0.333333,
0.111111, 0.111111, 0.111111, 0.111111, 0.111111, 0.111111, 0.111111, 0.111111, 0.111111, 0.111111,
0.111111, 0.111111, 0.111111, 0.111111, 0.111111, 0.037037, 0.037037, 0.037037, 0.037037, 0.037037,
0.037037, 0.037037, 0.037037, 0.037037, 0.037037, 0.037037, 0.037037, 0.037037, 0.037037, 0.037037,
0.0123457, 0.0123457, 0.0123457, 0.0123457, 0.0123457, 0.0123457, 0.0123457, 0.0123457, 0.0123457, 0.0123457,
0.0123457, 0.0123457, 0.0123457, 0.0123457, 0.0123457, 0.00411523, 0.00411523, 0.00411523, 0.00411523, 0.00411523,
0.00411523, 0.00411523, 0.00411523, 0.00411523, 0.00411523, 0.00411523, 0.00411523, 0.00411523, 0.00411523, 0.00411523,
0.00137174, 0.00137174, 0.00137174, 0.00137174, 0.00137174, 0.00137174, 0.00137174, 0.00137174, 0.00137174, 0.00137174,
0.00137174, 0.00137174, 0.00137174, 0.00137174, 0.00137174, 0.000457247, 0.000457247, 0.000457247, 0.000457247, 0.000457247,
0.000457247, 0.000457247, 0.000457247, 0.000457247, 0.000457247, 0.000457247, 0.000457247, 0.000457247, 0.000457247, 0.000457247]
[12, 5, 6, 5, 2, 9, 8, 15, 1, 0,
15, 15, 7, 8, 5, 6, 12, 16, 15, 8,
4, 7, 15, 10, 9, 16, 8, 2, 16, 15,
14, 17, 13, 7, 16, 6, 9, 12, 15, 3,
11, 12, 13, 12, 4, 11, 12, 7, 5, 14,
8, 3, 13, 4, 16, 16, 9, 7, 2, 12,
8, 3, 15, 3, 4, 1, 17, 9, 17, 2,
1, 4, 6, 10, 7, 11, 9, 11, 6, 4,
12, 17, 5, 4, 0, 17, 5, 7, 10, 16,
4, 13, 3, 16, 2, 16, 2, 6, 2, 10,
16, 1, 10, 9, 5, 1, 15, 1, 17, 8]
------------------------------------------------------- 
# stage = 8	# children c = 3	length of each stage p = 5	nodes = 109	# items I = 1
