[64, 62, 98, 7, 98, 62, 33, 20, 86, 83,
38, 6, 13, 89, 98, 86, 38, 31, 21, 39,
95, 22, 22, 10, 36, 80, 73, 66, 50, 89,
64, 80, 16, 28, 87, 14, 90, 86, 34, 41,
69, 38, 13, 48]
[[184, 204, 589], [919, 868, 412], [977, 875, 557], [644, 898, 264], [275, 574, 640], [251, 418, 125], [158, 107, 735], [123, 810, 291], [492, 597, 258], [458, 444, 238],
[495, 578, 393], [56, 519, 233], [468, 469, 130], [976, 135, 0], [262, 360, 575], [852, 611, 943], [977, 769, 22], [684, 842, 832], [975, 307, 402], [205, 765, 796],
[444, 232, 396], [787, 288, 866], [42, 706, 357], [172, 704, 492], [122, 916, 802], [647, 790, 435], [612, 789, 176], [585, 496, 969], [439, 493, 298], [791, 699, 85],
[609, 115, 267], [28, 902, 505], [894, 944, 183], [223, 88, 838], [665, 210, 776], [489, 808, 539], [874, 442, 350], [72, 977, 796], [63, 439, 262], [361, 202, 911],
[396, 812, 48], [613, 790, 900], [140, 656, 816], [324, 879, 854]]
[[4, 6, 6, 9], [0, 0, 3, 1], [8, 6, 7, 4], [3, 3, 5, 0], [7, 7, 9, 3], [5, 6, 3, 2], [2, 8, 6, 10], [1, 3, 9, 6], [9, 5, 2, 9], [5, 3, 8, 1],
[7, 2, 5, 0], [4, 10, 9, 9], [4, 6, 1, 9], [1, 3, 0, 1], [0, 5, 1, 0], [8, 8, 4, 4], [0, 6, 0, 6], [7, 6, 7, 3], [9, 10, 1, 0], [9, 0, 9, 1],
[6, 8, 10, 5], [0, 9, 6, 1], [3, 5, 1, 0], [1, 3, 2, 1], [7, 2, 5, 3], [8, 10, 4, 4], [9, 4, 4, 6], [2, 0, 7, 8], [9, 6, 0, 7], [4, 6, 6, 7],
[10, 7, 5, 0], [8, 5, 10, 4], [7, 5, 7, 3], [4, 10, 5, 3], [1, 8, 9, 3], [8, 3, 0, 4], [9, 9, 1, 1], [2, 7, 6, 1], [2, 1, 10, 10], [4, 10, 4, 1],
[2, 9, 2, 6], [6, 7, 7, 7], [2, 5, 10, 0], [8, 8, 4, 5]]
[1, 1, 0.333333, 0.333333, 0.333333, 0.333333, 0.333333, 0.333333, 0.111111, 0.111111,
0.111111, 0.111111, 0.111111, 0.111111, 0.037037, 0.037037, 0.037037, 0.037037, 0.037037, 0.037037,
0.0123457, 0.0123457, 0.0123457, 0.0123457, 0.0123457, 0.0123457, 0.00411523, 0.00411523, 0.00411523, 0.00411523,
0.00411523, 0.00411523, 0.00137174, 0.00137174, 0.00137174, 0.00137174, 0.00137174, 0.00137174, 0.000457247, 0.000457247,
0.000457247, 0.000457247, 0.000457247, 0.000457247]
[4, 4, 4, 5, 8, 6, 1, 4, 6, 5,
5, 6, 3, 1, 1, 3, 2, 4, 7, 9,
8, 5, 3, 6, 1, 9, 3, 0, 7, 3,
9, 7, 6, 0, 4, 2, 7, 6, 1, 4,
7, 6, 3, 9]
------------------------------------------------------- 
# stage = 8	# children c = 3	length of each stage p = 2	nodes = 43	# items I = 1
