[60, 56, 28, 30, 41, 100, 1, 90, 8, 94,
57, 46, 99, 59, 41, 27, 70, 22, 64, 42,
84, 14, 35, 39, 98, 95, 75, 54, 48, 8,
97, 74, 30, 25, 70, 71, 91, 71, 26, 99,
31, 84, 10, 29, 42, 51, 22, 11, 73, 52,
19, 23, 32, 21, 62, 30, 15, 2, 50, 29,
10, 13, 2, 41, 4, 72, 11, 95, 43, 38,
94, 40, 88, 70, 69, 29, 21, 57, 7, 60,
75, 93, 49, 6, 13, 10, 2, 96, 80, 53,
91, 90, 66, 94, 97, 70, 31, 8, 30, 40,
12, 23, 80, 66, 94, 14, 61, 81, 37, 34]
[[1223, 649, 2080], [839, 909, 2146], [1322, 470, 2181], [596, 1594, 1623], [2053, 30, 1806], [472, 176, 1706], [2044, 1240, 917], [1428, 298, 1734], [2196, 1732, 220], [1462, 1602, 823],
[1792, 1479, 126], [1646, 92, 1036], [1567, 1414, 1506], [176, 664, 1754], [453, 1371, 1784], [34, 1843, 615], [1740, 315, 1855], [1311, 398, 807], [1699, 368, 1194], [1920, 484, 570],
[1397, 50, 2049], [177, 351, 795], [1213, 572, 2209], [494, 1628, 1527], [22, 2082, 673], [461, 2116, 1170], [1956, 284, 1486], [239, 250, 538], [1046, 1949, 906], [894, 297, 44],
[1464, 348, 94], [2167, 526, 1325], [736, 1739, 1897], [1599, 7, 1300], [901, 910, 2036], [1574, 25, 580], [518, 1981, 1744], [658, 874, 1994], [2076, 1920, 1718], [1636, 1469, 2015],
[1680, 707, 138], [429, 649, 664], [1754, 39, 1057], [80, 1639, 1065], [34, 314, 629], [2070, 1888, 1534], [1304, 1060, 1289], [822, 373, 817], [591, 223, 1391], [963, 1860, 634],
[752, 1314, 1342], [1770, 1743, 645], [1088, 2152, 684], [2146, 6, 97], [1865, 40, 411], [1148, 764, 953], [456, 2068, 668], [399, 1544, 1041], [1216, 2135, 2144], [381, 1752, 432],
[1016, 1159, 401], [1012, 703, 798], [1657, 446, 724], [115, 366, 1610], [1093, 885, 304], [158, 2033, 1948], [1112, 263, 444], [434, 662, 1989], [129, 1878, 1898], [47, 913, 1425],
[1360, 1929, 1238], [1761, 715, 1941], [333, 1026, 1041], [1938, 1142, 1407], [1322, 889, 946], [281, 1047, 753], [3, 813, 1896], [448, 1247, 332], [211, 1376, 864], [763, 78, 432],
[842, 1438, 135], [2080, 973, 1731], [450, 2186, 531], [1491, 1898, 327], [1553, 1875, 1216], [273, 810, 38], [1907, 813, 1731], [1577, 2141, 753], [564, 1006, 2129], [1428, 1770, 2207],
[1860, 1266, 73], [650, 2001, 1046], [155, 225, 1887], [1566, 370, 1559], [1894, 577, 2088], [884, 851, 672], [1802, 532, 140], [1308, 2109, 55], [715, 1327, 1062], [618, 530, 1486],
[1480, 1044, 1406], [1553, 348, 1181], [1254, 1383, 60], [915, 724, 1311], [1128, 392, 1888], [1871, 2156, 1393], [317, 387, 1925], [1337, 349, 463], [1393, 1064, 1790], [1109, 336, 974]]
[[3, 10, 4, 0], [4, 4, 7, 8], [5, 2, 7, 8], [4, 1, 7, 7], [8, 2, 6, 5], [7, 8, 5, 4], [6, 7, 9, 4], [10, 5, 6, 3], [3, 8, 3, 5], [2, 8, 0, 5],
[0, 6, 2, 2], [7, 7, 9, 5], [10, 3, 8, 6], [9, 2, 8, 5], [8, 6, 9, 7], [10, 2, 10, 0], [0, 0, 3, 0], [9, 3, 5, 7], [9, 6, 9, 4], [2, 5, 7, 1],
[8, 4, 5, 7], [6, 1, 10, 1], [5, 8, 9, 4], [8, 6, 2, 8], [5, 5, 6, 3], [7, 10, 8, 3], [5, 6, 7, 5], [0, 1, 5, 7], [5, 10, 3, 10], [9, 0, 0, 4],
[6, 7, 6, 3], [3, 9, 10, 8], [1, 5, 9, 6], [4, 6, 10, 7], [10, 4, 2, 8], [6, 7, 4, 9], [4, 5, 8, 3], [5, 7, 7, 0], [3, 2, 4, 4], [9, 3, 10, 9],
[6, 6, 4, 9], [10, 3, 5, 7], [6, 5, 5, 10], [10, 7, 8, 2], [2, 4, 5, 7], [0, 10, 6, 1], [10, 8, 4, 7], [0, 3, 5, 4], [10, 9, 2, 7], [0, 8, 4, 4],
[0, 9, 3, 0], [3, 9, 2, 5], [2, 5, 0, 0], [2, 6, 2, 10], [3, 6, 6, 1], [7, 9, 3, 4], [8, 6, 1, 6], [1, 3, 10, 1], [10, 2, 10, 2], [9, 1, 8, 1],
[4, 8, 1, 4], [1, 1, 4, 2], [7, 10, 1, 2], [9, 4, 6, 4], [10, 5, 10, 9], [8, 7, 0, 7], [7, 8, 10, 5], [8, 5, 6, 1], [0, 6, 6, 1], [7, 10, 1, 2],
[7, 2, 2, 3], [6, 8, 5, 4], [3, 2, 2, 9], [9, 2, 6, 3], [9, 3, 9, 6], [8, 2, 7, 6], [8, 0, 5, 3], [8, 6, 3, 3], [8, 5, 6, 3], [0, 1, 5, 1],
[3, 8, 0, 0], [8, 4, 3, 6], [7, 10, 1, 2], [2, 7, 6, 8], [7, 0, 9, 5], [6, 1, 8, 3], [4, 1, 4, 5], [0, 10, 6, 2], [7, 4, 2, 2], [8, 3, 9, 2],
[3, 10, 2, 5], [6, 8, 0, 3], [8, 10, 6, 3], [0, 1, 4, 3], [2, 9, 8, 3], [6, 1, 5, 0], [6, 5, 2, 3], [8, 0, 6, 9], [9, 8, 3, 4], [6, 4, 5, 3],
[1, 9, 5, 10], [10, 9, 2, 0], [5, 10, 3, 0], [1, 6, 0, 7], [9, 3, 10, 4], [1, 3, 3, 10], [10, 4, 2, 3], [6, 5, 6, 7], [4, 9, 7, 3], [8, 9, 1, 2]]
[1, 1, 1, 1, 1, 0.333333, 0.333333, 0.333333, 0.333333, 0.333333,
0.333333, 0.333333, 0.333333, 0.333333, 0.333333, 0.333333, 0.333333, 0.333333, 0.333333, 0.333333,
0.111111, 0.111111, 0.111111, 0.111111, 0.111111, 0.111111, 0.111111, 0.111111, 0.111111, 0.111111,
0.111111, 0.111111, 0.111111, 0.111111, 0.111111, 0.037037, 0.037037, 0.037037, 0.037037, 0.037037,
0.037037, 0.037037, 0.037037, 0.037037, 0.037037, 0.037037, 0.037037, 0.037037, 0.037037, 0.037037,
0.0123457, 0.0123457, 0.0123457, 0.0123457, 0.0123457, 0.0123457, 0.0123457, 0.0123457, 0.0123457, 0.0123457,
0.0123457, 0.0123457, 0.0123457, 0.0123457, 0.0123457, 0.00411523, 0.00411523, 0.00411523, 0.00411523, 0.00411523,
0.00411523, 0.00411523, 0.00411523, 0.00411523, 0.00411523, 0.00411523, 0.00411523, 0.00411523, 0.00411523, 0.00411523,
0.00137174, 0.00137174, 0.00137174, 0.00137174, 0.00137174, 0.00137174, 0.00137174, 0.00137174, 0.00137174, 0.00137174,
0.00137174, 0.00137174, 0.00137174, 0.00137174, 0.00137174, 0.000457247, 0.000457247, 0.000457247, 0.000457247, 0.000457247,
0.000457247, 0.000457247, 0.000457247, 0.000457247, 0.000457247, 0.000457247, 0.000457247, 0.000457247, 0.000457247, 0.000457247]
[8, 9, 7, 0, 5, 1, 1, 5, 3, 4,
4, 5, 2, 11, 6, 0, 5, 2, 7, 7,
1, 1, 9, 11, 0, 9, 11, 11, 0, 5,
3, 1, 11, 4, 2, 3, 0, 2, 2, 7,
1, 3, 3, 10, 5, 2, 0, 8, 11, 6,
5, 0, 5, 7, 1, 10, 11, 7, 11, 10,
0, 9, 4, 0, 3, 0, 8, 5, 0, 5,
7, 7, 0, 1, 11, 9, 4, 0, 4, 8,
11, 3, 6, 6, 2, 11, 11, 8, 1, 3,
4, 0, 11, 2, 0, 11, 3, 4, 3, 11,
5, 7, 9, 0, 0, 6, 8, 9, 10, 2]
------------------------------------------------------- 
# stage = 8	# children c = 3	length of each stage p = 5	nodes = 109	# items I = 1
