[91, 97, 40, 93, 81, 90, 86, 10, 71, 33,
69, 30, 38, 90, 94, 51, 53, 31, 68, 6,
52, 64, 72, 53, 66, 23, 81, 6, 91, 59,
29, 81, 55, 35, 39, 1, 24, 25, 78, 62,
24, 46, 58, 63, 1, 17, 80, 55, 14, 47,
61, 67, 10, 99, 19, 42, 22, 66, 48, 79,
24, 44, 59, 45, 79, 98, 12, 70, 89]
[[1204, 2008, 543], [358, 412, 814], [1614, 864, 439], [1991, 895, 530], [829, 1618, 1939], [1004, 1139, 725], [1082, 2027, 742], [926, 353, 1527], [669, 164, 1362], [750, 361, 1539],
[550, 1565, 455], [1093, 865, 867], [849, 1421, 1731], [231, 1378, 1569], [761, 172, 1152], [665, 118, 257], [333, 1200, 1226], [1075, 1069, 1579], [1544, 1738, 685], [1848, 1430, 1046],
[1352, 1980, 1553], [749, 2016, 384], [1617, 830, 747], [255, 1061, 1067], [1824, 764, 182], [1919, 1430, 300], [1118, 1763, 1501], [309, 1780, 1512], [830, 231, 1215], [458, 44, 1588],
[1504, 338, 475], [2000, 1088, 456], [1326, 1647, 229], [38, 1902, 232], [1106, 634, 997], [1288, 1495, 1369], [1588, 578, 39], [2031, 1864, 761], [1508, 1636, 992], [1666, 59, 2013],
[161, 506, 316], [636, 471, 346], [35, 739, 1993], [264, 777, 803], [1473, 825, 379], [435, 1055, 1874], [746, 609, 1394], [785, 1582, 1223], [1546, 2033, 1801], [1480, 606, 1861],
[1458, 767, 1309], [1775, 345, 1780], [86, 380, 1461], [1022, 644, 203], [1825, 83, 1029], [1146, 1495, 49], [985, 207, 1635], [1321, 992, 125], [509, 1481, 1100], [1252, 926, 1706],
[1078, 350, 1415], [352, 1067, 1760], [1074, 95, 106], [500, 1117, 1727], [1681, 1884, 1810], [1652, 995, 213], [643, 922, 420], [244, 208, 354], [1346, 1694, 777]]
[[8, 10, 10, 6], [0, 6, 10, 5], [1, 0, 3, 10], [6, 2, 1, 6], [3, 6, 10, 7], [10, 1, 10, 5], [6, 10, 8, 4], [8, 7, 0, 6], [6, 10, 1, 6], [3, 9, 9, 4],
[10, 2, 1, 3], [2, 0, 7, 6], [6, 6, 0, 4], [5, 8, 9, 9], [7, 4, 3, 5], [0, 3, 9, 6], [0, 10, 0, 3], [6, 9, 5, 3], [0, 6, 7, 1], [6, 3, 7, 2],
[8, 5, 6, 0], [2, 4, 10, 10], [7, 0, 2, 7], [1, 0, 1, 1], [8, 1, 2, 1], [10, 7, 5, 9], [2, 10, 8, 6], [0, 2, 8, 8], [7, 1, 7, 9], [4, 4, 6, 0],
[4, 6, 7, 3], [4, 8, 4, 1], [9, 4, 3, 7], [0, 6, 3, 0], [5, 0, 6, 5], [2, 2, 1, 7], [3, 8, 5, 5], [10, 10, 5, 1], [3, 0, 4, 8], [8, 6, 9, 5],
[10, 10, 10, 8], [5, 0, 8, 10], [9, 1, 3, 9], [1, 4, 5, 3], [10, 8, 8, 7], [7, 3, 8, 0], [3, 1, 8, 9], [5, 4, 3, 4], [4, 0, 1, 7], [0, 7, 7, 9],
[6, 8, 7, 8], [10, 1, 0, 7], [10, 8, 3, 4], [9, 0, 2, 10], [10, 8, 9, 2], [2, 10, 6, 4], [0, 5, 0, 0], [10, 5, 8, 5], [2, 2, 0, 1], [4, 0, 6, 1],
[7, 9, 3, 3], [7, 4, 3, 4], [1, 1, 6, 1], [0, 1, 5, 0], [4, 6, 10, 3], [9, 5, 7, 1], [7, 7, 0, 9], [6, 7, 10, 0], [3, 1, 3, 0]]
[1, 1, 1, 0.5, 0.5, 0.5, 0.5, 0.5, 0.5, 0.25,
0.25, 0.25, 0.25, 0.25, 0.25, 0.125, 0.125, 0.125, 0.125, 0.125,
0.125, 0.0625, 0.0625, 0.0625, 0.0625, 0.0625, 0.0625, 0.03125, 0.03125, 0.03125,
0.03125, 0.03125, 0.03125, 0.015625, 0.015625, 0.015625, 0.015625, 0.015625, 0.015625, 0.0078125,
0.0078125, 0.0078125, 0.0078125, 0.0078125, 0.0078125, 0.00390625, 0.00390625, 0.00390625, 0.00390625, 0.00390625,
0.00390625, 0.00195312, 0.00195312, 0.00195312, 0.00195312, 0.00195312, 0.00195312, 0.000976562, 0.000976562, 0.000976562,
0.000976562, 0.000976562, 0.000976562, 0.000488281, 0.000488281, 0.000488281, 0.000488281, 0.000488281, 0.000488281]
[10, 3, 6, 9, 8, 2, 7, 5, 8, 5,
2, 10, 10, 3, 10, 5, 9, 7, 3, 8,
4, 3, 3, 3, 5, 1, 6, 6, 0, 7,
8, 5, 6, 7, 0, 8, 1, 3, 7, 2,
2, 3, 3, 0, 7, 9, 5, 7, 0, 7,
5, 5, 6, 6, 10, 0, 10, 5, 1, 3,
0, 8, 3, 3, 5, 2, 3, 1, 0]
------------------------------------------------------- 
# stage = 12	# children c = 2	length of each stage p = 3	nodes = 68	# items I = 1
