[10, 18, 21, 85, 59, 84, 55, 80, 8, 37,
96, 54, 100, 45, 18, 47, 34, 17, 89, 38,
30, 83, 8, 44, 64, 82, 74, 54, 55, 25,
58, 31, 9, 45, 15, 68, 29, 70, 13, 3,
73, 75, 24, 38, 20, 8, 85, 20, 25, 40,
59, 21, 22, 33, 31, 52, 14, 72, 5, 35,
97, 30, 66, 72, 75, 47, 39, 70, 84, 18,
74, 22, 94, 98, 61, 13, 5, 45, 33, 98,
85, 58, 18, 73, 57, 16, 24, 38, 88, 97,
73, 50, 26, 5, 21, 0, 52, 26, 71, 1,
44, 10]
[[98, 888, 1699], [972, 931, 366], [461, 1869, 684], [1801, 1157, 1858], [1602, 800, 209], [1822, 397, 254], [833, 1057, 2017], [1030, 501, 1193], [59, 1616, 1180], [994, 1954, 1059],
[494, 2052, 1947], [110, 942, 578], [259, 1186, 364], [944, 904, 1521], [502, 206, 238], [711, 1811, 635], [748, 562, 1476], [683, 1592, 1760], [1659, 1434, 1293], [539, 346, 948],
[1599, 623, 917], [1463, 516, 1642], [2042, 776, 746], [106, 1503, 1433], [1628, 1788, 1640], [1649, 416, 1151], [2068, 947, 1713], [1244, 1413, 1005], [921, 990, 140], [132, 1312, 269],
[863, 828, 892], [1780, 2075, 1191], [1123, 1817, 1750], [1652, 1923, 1170], [1002, 1251, 875], [342, 601, 1074], [1494, 586, 1805], [907, 1613, 1135], [1696, 451, 1908], [1836, 366, 1138],
[22, 1229, 1749], [697, 710, 1741], [1888, 1833, 1258], [1556, 1402, 1099], [426, 104, 50], [1085, 230, 651], [1942, 1507, 1020], [1664, 331, 550], [717, 2027, 785], [542, 1563, 1151],
[1463, 1368, 298], [1130, 2065, 791], [571, 1654, 541], [1830, 910, 1726], [629, 1119, 1613], [679, 121, 1626], [1114, 1847, 1050], [1917, 1428, 1165], [385, 1928, 892], [1170, 171, 373],
[21, 1634, 1741], [102, 464, 1507], [893, 1036, 861], [1217, 566, 1554], [860, 1195, 590], [174, 1874, 495], [1800, 688, 259], [768, 523, 1470], [1716, 691, 1316], [525, 1644, 1487],
[898, 1665, 821], [340, 1768, 1069], [1630, 578, 22], [408, 1796, 588], [1962, 356, 1566], [252, 530, 1140], [747, 31, 1829], [789, 799, 269], [177, 432, 743], [1493, 740, 304],
[680, 1422, 1969], [1284, 1762, 1437], [270, 1309, 2016], [75, 1500, 1512], [446, 1162, 1868], [2012, 1414, 99], [1070, 79, 1996], [816, 868, 712], [868, 828, 927], [1611, 21, 1450],
[1698, 701, 789], [1584, 1769, 251], [939, 2039, 1560], [655, 1898, 760], [1950, 261, 1922], [1518, 191, 1254], [1617, 1044, 1116], [1530, 1860, 1767], [2025, 428, 513], [652, 1822, 534],
[1886, 1437, 1019], [592, 721, 705]]
[[6, 4, 6, 3], [6, 2, 3, 7], [3, 6, 4, 10], [9, 3, 4, 5], [7, 1, 3, 1], [8, 2, 9, 5], [7, 6, 1, 8], [3, 10, 1, 9], [4, 5, 10, 8], [8, 1, 4, 9],
[7, 7, 8, 3], [10, 10, 8, 6], [0, 9, 5, 6], [9, 4, 0, 6], [10, 10, 1, 0], [10, 1, 8, 3], [6, 7, 0, 1], [6, 3, 9, 0], [10, 4, 4, 7], [4, 10, 0, 2],
[9, 5, 9, 7], [7, 7, 2, 4], [7, 2, 5, 6], [3, 0, 7, 9], [7, 5, 9, 1], [6, 7, 1, 5], [0, 5, 1, 2], [5, 1, 3, 3], [5, 1, 8, 10], [6, 0, 2, 0],
[0, 5, 4, 3], [5, 9, 10, 10], [4, 8, 0, 8], [2, 2, 3, 1], [7, 2, 3, 10], [2, 4, 0, 5], [3, 9, 4, 10], [7, 6, 8, 7], [9, 2, 10, 3], [0, 9, 3, 2],
[5, 3, 0, 5], [5, 1, 6, 0], [3, 8, 8, 3], [10, 9, 8, 3], [7, 0, 2, 3], [4, 10, 10, 3], [10, 7, 6, 0], [3, 9, 0, 6], [0, 9, 10, 3], [10, 5, 1, 1],
[0, 10, 4, 0], [8, 2, 3, 2], [2, 3, 5, 6], [0, 2, 7, 0], [7, 3, 9, 8], [10, 9, 4, 8], [8, 3, 1, 5], [6, 2, 6, 5], [10, 0, 3, 7], [0, 4, 9, 2],
[7, 1, 6, 5], [1, 3, 5, 8], [4, 1, 6, 1], [9, 8, 10, 4], [0, 9, 9, 4], [9, 5, 9, 9], [3, 10, 3, 3], [3, 2, 3, 8], [1, 9, 3, 3], [10, 8, 9, 1],
[8, 2, 3, 6], [10, 0, 10, 8], [9, 8, 0, 7], [0, 9, 3, 3], [9, 7, 4, 10], [9, 7, 8, 8], [4, 0, 9, 3], [6, 8, 5, 3], [8, 6, 9, 8], [6, 6, 3, 4],
[2, 3, 9, 2], [0, 2, 4, 7], [9, 8, 6, 5], [3, 3, 0, 7], [1, 10, 10, 8], [5, 2, 9, 2], [6, 6, 10, 1], [1, 1, 3, 3], [4, 0, 4, 4], [2, 6, 9, 9],
[1, 5, 1, 4], [6, 1, 0, 8], [0, 9, 3, 5], [0, 1, 8, 5], [5, 5, 6, 7], [4, 8, 8, 9], [6, 1, 0, 6], [5, 10, 4, 7], [2, 3, 0, 8], [4, 1, 3, 3],
[8, 6, 6, 6], [6, 1, 0, 0]]
[1, 1, 1, 0.333333, 0.333333, 0.333333, 0.333333, 0.333333, 0.333333, 0.333333,
0.333333, 0.333333, 0.111111, 0.111111, 0.111111, 0.111111, 0.111111, 0.111111, 0.111111, 0.111111,
0.111111, 0.037037, 0.037037, 0.037037, 0.037037, 0.037037, 0.037037, 0.037037, 0.037037, 0.037037,
0.0123457, 0.0123457, 0.0123457, 0.0123457, 0.0123457, 0.0123457, 0.0123457, 0.0123457, 0.0123457, 0.00411523,
0.00411523, 0.00411523, 0.00411523, 0.00411523, 0.00411523, 0.00411523, 0.00411523, 0.00411523, 0.00137174, 0.00137174,
0.00137174, 0.00137174, 0.00137174, 0.00137174, 0.00137174, 0.00137174, 0.00137174, 0.000457247, 0.000457247, 0.000457247,
0.000457247, 0.000457247, 0.000457247, 0.000457247, 0.000457247, 0.000457247, 0.000152416, 0.000152416, 0.000152416, 0.000152416,
0.000152416, 0.000152416, 0.000152416, 0.000152416, 0.000152416, 5.08053e-05, 5.08053e-05, 5.08053e-05, 5.08053e-05, 5.08053e-05,
5.08053e-05, 5.08053e-05, 5.08053e-05, 5.08053e-05, 1.69351e-05, 1.69351e-05, 1.69351e-05, 1.69351e-05, 1.69351e-05, 1.69351e-05,
1.69351e-05, 1.69351e-05, 1.69351e-05, 5.64503e-06, 5.64503e-06, 5.64503e-06, 5.64503e-06, 5.64503e-06, 5.64503e-06, 5.64503e-06,
5.64503e-06, 5.64503e-06]
[10, 6, 1, 4, 10, 1, 0, 2, 4, 3,
10, 6, 7, 2, 7, 0, 0, 9, 10, 2,
4, 10, 3, 8, 4, 3, 6, 6, 6, 5,
0, 8, 0, 8, 7, 6, 10, 1, 3, 8,
6, 9, 8, 1, 10, 3, 9, 8, 4, 6,
2, 8, 3, 2, 6, 0, 8, 1, 9, 7,
3, 4, 8, 6, 4, 10, 10, 3, 4, 6,
2, 7, 10, 4, 5, 2, 7, 6, 7, 3,
10, 2, 5, 9, 9, 2, 4, 10, 3, 1,
10, 2, 8, 7, 5, 9, 6, 0, 4, 6,
7, 3]
------------------------------------------------------- 
# stage = 12	# children c = 3	length of each stage p = 3	nodes = 101	# items I = 1
