[48, 97, 93, 100, 88, 26, 67, 31, 85, 36,
47, 71, 80, 0, 1, 58, 73, 95, 36, 90,
9, 90, 76, 25, 50, 100, 85, 64, 40, 19,
44, 88, 15, 37, 87, 69, 29, 54, 100, 14,
56, 46, 51, 35, 12, 52, 94, 85, 13, 96,
74, 22, 52, 16, 13, 1, 82, 64, 31, 21,
83, 41, 8, 64, 78, 96, 32, 7, 15, 31,
88, 71, 44, 4, 72, 56, 57, 31, 7, 36,
94, 47, 24, 45, 63, 37, 12, 44, 67, 9,
65, 50, 50, 40, 80, 28, 35, 12, 1, 50,
9, 55]
[[413, 793, 89], [816, 361, 299], [309, 65, 434], [57, 489, 403], [506, 112, 782], [675, 700, 719], [891, 788, 834], [33, 775, 197], [591, 574, 556], [366, 380, 174],
[215, 665, 840], [304, 546, 265], [475, 727, 330], [910, 657, 692], [249, 227, 676], [96, 775, 440], [815, 730, 164], [585, 763, 3], [654, 291, 449], [274, 529, 702],
[449, 744, 431], [353, 921, 849], [618, 460, 641], [820, 306, 362], [576, 556, 589], [316, 652, 428], [628, 403, 94], [792, 53, 858], [795, 707, 85], [309, 854, 614],
[883, 367, 423], [378, 720, 408], [292, 274, 740], [805, 158, 111], [231, 607, 667], [692, 795, 255], [57, 488, 530], [23, 344, 583], [881, 76, 227], [838, 257, 145],
[517, 204, 384], [812, 582, 40], [156, 746, 314], [896, 615, 344], [71, 718, 823], [610, 347, 683], [737, 404, 235], [332, 427, 451], [787, 245, 527], [886, 19, 784],
[95, 408, 860], [351, 284, 379], [391, 312, 189], [705, 273, 677], [922, 216, 331], [809, 699, 678], [556, 500, 18], [663, 704, 318], [179, 556, 435], [578, 378, 454],
[299, 474, 863], [223, 697, 83], [602, 153, 396], [664, 858, 541], [277, 716, 629], [608, 590, 392], [351, 210, 765], [241, 746, 405], [559, 925, 833], [58, 439, 276],
[385, 738, 622], [312, 834, 383], [267, 372, 536], [535, 100, 331], [12, 249, 111], [642, 858, 701], [906, 145, 784], [607, 386, 594], [77, 818, 455], [910, 876, 894],
[122, 325, 569], [744, 509, 467], [192, 777, 839], [600, 248, 812], [931, 261, 125], [915, 775, 855], [680, 745, 872], [400, 417, 323], [866, 366, 205], [385, 212, 17],
[216, 335, 215], [785, 143, 724], [188, 207, 437], [899, 680, 558], [775, 675, 819], [773, 526, 658], [564, 143, 467], [501, 543, 756], [696, 474, 58], [773, 731, 271],
[790, 819, 606], [877, 540, 621]]
[[1, 5, 2, 7], [6, 1, 2, 3], [10, 10, 5, 4], [9, 4, 0, 7], [6, 7, 7, 4], [9, 1, 7, 8], [5, 1, 7, 9], [6, 0, 0, 7], [3, 1, 1, 7], [2, 3, 10, 0],
[0, 5, 4, 9], [7, 3, 3, 0], [8, 10, 4, 6], [1, 9, 1, 4], [8, 9, 1, 3], [7, 1, 8, 8], [2, 10, 5, 3], [2, 2, 3, 1], [5, 5, 10, 1], [8, 1, 0, 5],
[0, 4, 9, 10], [3, 0, 2, 0], [7, 3, 2, 3], [2, 8, 9, 3], [7, 3, 4, 8], [6, 7, 9, 0], [10, 6, 0, 6], [7, 0, 9, 6], [2, 8, 3, 3], [6, 5, 2, 0],
[6, 4, 1, 9], [1, 10, 1, 7], [3, 5, 4, 7], [10, 2, 5, 7], [6, 5, 2, 3], [3, 1, 7, 6], [7, 10, 9, 0], [5, 9, 0, 0], [0, 1, 7, 0], [0, 6, 7, 1],
[9, 0, 8, 6], [0, 3, 3, 4], [6, 5, 5, 10], [4, 1, 3, 0], [10, 10, 0, 4], [9, 9, 2, 9], [10, 8, 9, 0], [3, 5, 10, 0], [3, 8, 6, 1], [9, 9, 6, 4],
[4, 0, 1, 6], [0, 4, 7, 10], [4, 5, 1, 0], [2, 1, 9, 1], [9, 6, 10, 0], [9, 10, 0, 0], [5, 6, 1, 3], [5, 5, 7, 7], [4, 7, 2, 4], [0, 7, 3, 2],
[0, 4, 0, 2], [5, 8, 3, 2], [3, 1, 2, 10], [9, 2, 10, 3], [6, 10, 6, 9], [4, 0, 5, 8], [7, 6, 1, 6], [2, 2, 6, 0], [6, 7, 2, 10], [4, 4, 1, 5],
[5, 1, 4, 1], [1, 4, 4, 7], [3, 8, 4, 5], [6, 7, 3, 3], [2, 2, 7, 3], [3, 2, 3, 9], [9, 6, 6, 0], [8, 5, 5, 2], [6, 10, 3, 7], [1, 5, 2, 4],
[2, 6, 9, 8], [2, 10, 9, 3], [0, 3, 6, 3], [6, 7, 10, 2], [0, 6, 1, 8], [9, 6, 8, 5], [5, 9, 10, 6], [3, 10, 8, 3], [3, 5, 10, 4], [2, 8, 7, 2],
[10, 0, 3, 5], [7, 3, 5, 8], [7, 6, 5, 5], [0, 3, 8, 5], [1, 6, 10, 3], [5, 5, 6, 9], [8, 5, 0, 0], [1, 7, 0, 0], [7, 4, 3, 1], [5, 6, 9, 1],
[0, 2, 4, 0], [3, 0, 3, 2]]
[1, 1, 1, 0.333333, 0.333333, 0.333333, 0.333333, 0.333333, 0.333333, 0.333333,
0.333333, 0.333333, 0.111111, 0.111111, 0.111111, 0.111111, 0.111111, 0.111111, 0.111111, 0.111111,
0.111111, 0.037037, 0.037037, 0.037037, 0.037037, 0.037037, 0.037037, 0.037037, 0.037037, 0.037037,
0.0123457, 0.0123457, 0.0123457, 0.0123457, 0.0123457, 0.0123457, 0.0123457, 0.0123457, 0.0123457, 0.00411523,
0.00411523, 0.00411523, 0.00411523, 0.00411523, 0.00411523, 0.00411523, 0.00411523, 0.00411523, 0.00137174, 0.00137174,
0.00137174, 0.00137174, 0.00137174, 0.00137174, 0.00137174, 0.00137174, 0.00137174, 0.000457247, 0.000457247, 0.000457247,
0.000457247, 0.000457247, 0.000457247, 0.000457247, 0.000457247, 0.000457247, 0.000152416, 0.000152416, 0.000152416, 0.000152416,
0.000152416, 0.000152416, 0.000152416, 0.000152416, 0.000152416, 5.08053e-05, 5.08053e-05, 5.08053e-05, 5.08053e-05, 5.08053e-05,
5.08053e-05, 5.08053e-05, 5.08053e-05, 5.08053e-05, 1.69351e-05, 1.69351e-05, 1.69351e-05, 1.69351e-05, 1.69351e-05, 1.69351e-05,
1.69351e-05, 1.69351e-05, 1.69351e-05, 5.64503e-06, 5.64503e-06, 5.64503e-06, 5.64503e-06, 5.64503e-06, 5.64503e-06, 5.64503e-06,
5.64503e-06, 5.64503e-06]
[14, 8, 11, 18, 4, 0, 16, 5, 16, 0,
2, 14, 3, 0, 16, 10, 0, 16, 18, 18,
18, 16, 4, 13, 9, 13, 1, 15, 1, 12,
6, 10, 18, 12, 17, 15, 7, 7, 8, 6,
12, 7, 5, 0, 16, 2, 12, 3, 14, 4,
4, 4, 9, 16, 11, 12, 1, 12, 17, 8,
18, 11, 1, 17, 8, 5, 18, 15, 0, 0,
10, 6, 7, 13, 6, 0, 12, 8, 3, 6,
2, 15, 16, 6, 1, 18, 16, 2, 18, 6,
14, 3, 11, 15, 12, 1, 5, 13, 5, 12,
4, 12]
------------------------------------------------------- 
# stage = 12	# children c = 3	length of each stage p = 3	nodes = 101	# items I = 1
