[65, 45, 99, 98, 76, 26, 57, 99, 56, 54,
76, 23, 45, 90, 65, 63, 76, 74, 25, 92]
[[682, 917, 270], [739, 621, 686], [161, 35, 284], [962, 465, 102], [1020, 123, 972], [110, 223, 501], [722, 825, 355], [78, 1032, 514], [811, 588, 963], [183, 326, 578],
[624, 424, 454], [895, 580, 491], [997, 157, 526], [697, 535, 407], [799, 515, 531], [146, 41, 754], [647, 763, 995], [418, 257, 403], [932, 484, 991], [271, 83, 733]]
[[2, 8, 1, 10], [4, 7, 7, 8], [5, 9, 9, 6], [7, 7, 3, 2], [6, 2, 1, 8], [3, 1, 2, 7], [2, 6, 2, 2], [5, 7, 8, 7], [5, 10, 7, 7], [6, 1, 4, 9],
[10, 2, 5, 6], [7, 6, 6, 1], [8, 5, 9, 1], [7, 0, 6, 9], [6, 8, 0, 1], [3, 7, 6, 6], [6, 0, 2, 10], [1, 4, 7, 10], [6, 1, 3, 2], [5, 10, 1, 2]]
[1, 1, 0.333333, 0.333333, 0.333333, 0.333333, 0.333333, 0.333333, 0.111111, 0.111111,
0.111111, 0.111111, 0.111111, 0.111111, 0.037037, 0.037037, 0.037037, 0.037037, 0.037037, 0.037037]
[8, 5, 1, 10, 5, 1, 6, 0, 1, 7,
7, 10, 0, 7, 2, 10, 3, 7, 4, 8]
------------------------------------------------------- 
# stage = 4	# children c = 3	length of each stage p = 2	nodes = 19	# items I = 1
