[67, 65, 37, 46, 77, 13, 59, 56, 24, 85,
42, 30, 17, 50, 36, 34, 96, 37, 41, 96,
28, 43, 39, 96, 7, 61, 45, 32, 82, 65,
49, 48, 29, 52, 60, 6, 32, 85, 28, 56,
70, 70, 52, 53, 86, 89, 88, 48, 25, 95,
43, 19, 37, 48, 81, 11, 76, 92, 9, 23,
56, 25, 71, 86, 43, 97, 58, 75, 82, 86,
31, 17, 22, 49, 70, 7, 37, 23, 55, 28,
17, 65, 13, 21, 79, 60, 32, 20, 51, 7,
43, 7, 32, 80, 59, 76, 77, 16, 16, 24,
68, 47, 41, 56, 97, 77, 30, 100, 0, 51,
95, 17, 82, 74, 38, 61, 34, 36, 81, 85,
10, 24, 58, 8, 70, 16, 50, 46, 99, 67,
36, 33, 13, 77, 89, 76, 54, 85, 42, 54,
36, 2, 37, 17, 76, 42, 78, 76, 78, 25,
27, 54, 15, 85, 63, 85, 68, 12, 98, 32,
79, 33, 31, 59, 77, 87, 0, 30, 71, 8,
50, 6, 10, 87, 91, 53, 28, 34, 28, 73]
[[996, 761, 804], [469, 352, 458], [524, 815, 851], [432, 75, 406], [125, 853, 766], [926, 736, 499], [973, 491, 593], [430, 712, 524], [93, 434, 432], [901, 449, 577],
[878, 978, 870], [211, 979, 220], [202, 32, 32], [50, 464, 643], [991, 589, 493], [754, 513, 226], [786, 483, 249], [911, 445, 962], [968, 538, 928], [397, 971, 909],
[974, 378, 884], [842, 590, 392], [594, 792, 424], [158, 374, 888], [801, 898, 7], [826, 649, 52], [585, 967, 67], [834, 876, 512], [325, 841, 582], [785, 235, 551],
[692, 741, 929], [573, 112, 48], [498, 706, 372], [922, 865, 747], [808, 195, 642], [815, 554, 823], [867, 136, 320], [934, 502, 193], [978, 828, 31], [557, 610, 801],
[640, 299, 539], [567, 405, 184], [615, 903, 890], [988, 354, 284], [264, 159, 12], [438, 506, 566], [793, 905, 234], [110, 368, 736], [303, 343, 93], [869, 433, 704],
[667, 70, 535], [739, 637, 472], [923, 785, 907], [342, 770, 259], [159, 566, 953], [706, 1, 457], [269, 794, 894], [35, 437, 260], [771, 740, 603], [865, 139, 568],
[98, 338, 639], [633, 74, 808], [638, 529, 590], [542, 404, 892], [333, 95, 455], [819, 801, 991], [273, 602, 315], [699, 637, 752], [959, 940, 21], [92, 334, 160],
[660, 432, 499], [296, 598, 105], [637, 233, 167], [224, 307, 571], [114, 173, 198], [101, 992, 999], [625, 797, 130], [940, 493, 767], [221, 450, 236], [242, 542, 571],
[403, 734, 0], [434, 563, 130], [71, 197, 898], [238, 421, 203], [341, 67, 911], [539, 704, 900], [67, 326, 694], [197, 798, 719], [496, 16, 166], [733, 258, 240],
[836, 193, 507], [368, 159, 67], [499, 231, 264], [394, 469, 217], [129, 811, 820], [37, 347, 53], [469, 415, 914], [695, 144, 709], [412, 641, 725], [578, 906, 983],
[351, 739, 709], [858, 104, 868], [925, 603, 96], [721, 530, 98], [470, 659, 909], [822, 229, 788], [875, 230, 735], [786, 926, 880], [492, 335, 50], [749, 445, 956],
[262, 796, 692], [971, 651, 796], [368, 105, 932], [465, 358, 459], [95, 361, 650], [1, 180, 879], [321, 588, 107], [589, 371, 565], [466, 396, 900], [48, 142, 342],
[1, 404, 136], [693, 907, 319], [18, 273, 960], [950, 270, 850], [406, 365, 208], [54, 901, 389], [465, 754, 977], [104, 340, 880], [669, 338, 273], [98, 386, 951],
[441, 387, 887], [109, 612, 324], [963, 631, 597], [452, 578, 399], [300, 517, 296], [508, 103, 729], [429, 568, 480], [938, 205, 353], [816, 406, 691], [621, 37, 610],
[101, 478, 997], [989, 119, 607], [310, 79, 770], [439, 64, 345], [370, 364, 862], [666, 404, 965], [927, 834, 63], [939, 769, 803], [289, 114, 741], [513, 736, 778],
[120, 837, 253], [649, 355, 907], [788, 197, 519], [555, 636, 583], [433, 3, 947], [827, 201, 348], [322, 125, 714], [385, 62, 13], [720, 886, 127], [458, 396, 395],
[234, 48, 765], [19, 698, 117], [459, 483, 315], [978, 571, 483], [558, 1, 19], [34, 828, 220], [917, 147, 881], [161, 64, 943], [174, 784, 358], [836, 775, 755],
[229, 541, 803], [994, 560, 30], [643, 16, 514], [490, 526, 82], [974, 616, 618], [993, 650, 978], [745, 97, 123], [623, 258, 722], [95, 967, 36], [454, 800, 811]]
[[7, 5, 9, 3], [10, 0, 4, 5], [0, 9, 5, 6], [5, 7, 7, 7], [0, 9, 0, 4], [10, 1, 3, 9], [6, 5, 3, 10], [0, 6, 1, 6], [1, 0, 9, 0], [9, 0, 5, 9],
[9, 8, 3, 2], [4, 10, 9, 2], [6, 8, 5, 6], [7, 8, 2, 2], [2, 5, 2, 0], [0, 1, 6, 1], [10, 5, 1, 9], [5, 4, 7, 4], [2, 8, 4, 4], [6, 2, 5, 1],
[8, 10, 7, 5], [5, 9, 7, 5], [3, 7, 5, 4], [9, 1, 3, 8], [4, 3, 4, 7], [7, 1, 9, 7], [7, 2, 1, 2], [3, 4, 4, 0], [3, 0, 5, 6], [8, 0, 0, 9],
[7, 5, 0, 5], [4, 2, 1, 6], [5, 5, 3, 10], [4, 1, 7, 1], [2, 6, 3, 5], [10, 5, 5, 0], [4, 0, 6, 1], [9, 6, 8, 5], [9, 9, 9, 1], [9, 10, 7, 3],
[2, 8, 2, 7], [8, 7, 6, 10], [2, 7, 4, 10], [2, 7, 10, 6], [5, 5, 5, 3], [9, 0, 9, 6], [7, 5, 7, 5], [2, 1, 8, 4], [8, 9, 9, 5], [5, 2, 2, 6],
[10, 4, 5, 10], [0, 5, 3, 6], [8, 6, 7, 5], [6, 3, 0, 3], [8, 5, 6, 10], [4, 4, 2, 10], [0, 0, 2, 5], [1, 4, 0, 0], [8, 6, 8, 7], [9, 0, 2, 4],
[6, 9, 7, 10], [2, 5, 0, 8], [10, 7, 6, 2], [0, 8, 1, 9], [6, 2, 3, 7], [6, 2, 5, 2], [6, 2, 7, 4], [0, 9, 6, 6], [5, 3, 4, 5], [8, 4, 1, 6],
[0, 7, 6, 9], [4, 5, 7, 8], [7, 9, 5, 3], [0, 10, 3, 6], [2, 10, 8, 0], [6, 1, 5, 9], [4, 9, 2, 0], [2, 3, 4, 1], [8, 10, 8, 10], [4, 5, 7, 1],
[1, 1, 2, 1], [10, 5, 5, 10], [2, 0, 10, 8], [1, 4, 4, 4], [2, 6, 2, 3], [7, 6, 4, 2], [5, 1, 1, 9], [4, 9, 8, 3], [10, 10, 4, 9], [4, 7, 8, 4],
[5, 6, 1, 5], [10, 4, 9, 2], [8, 9, 5, 3], [4, 7, 5, 7], [6, 7, 5, 9], [5, 3, 1, 2], [0, 4, 10, 5], [9, 5, 7, 4], [0, 7, 9, 0], [0, 5, 0, 8],
[3, 3, 0, 5], [10, 6, 1, 3], [0, 6, 10, 5], [7, 1, 5, 8], [5, 2, 0, 1], [6, 7, 5, 6], [3, 3, 4, 1], [6, 4, 10, 9], [5, 8, 3, 4], [1, 4, 6, 1],
[9, 5, 4, 3], [4, 10, 9, 7], [10, 7, 9, 5], [4, 3, 10, 5], [5, 3, 7, 0], [6, 4, 8, 0], [10, 9, 3, 1], [1, 7, 2, 10], [1, 7, 0, 6], [4, 10, 2, 1],
[4, 9, 7, 8], [2, 6, 1, 7], [7, 6, 5, 2], [8, 2, 1, 7], [1, 2, 8, 2], [9, 9, 10, 10], [3, 8, 3, 7], [5, 4, 6, 10], [2, 2, 5, 2], [6, 6, 7, 3],
[10, 2, 3, 7], [2, 4, 4, 1], [6, 10, 1, 2], [8, 9, 2, 0], [7, 3, 5, 1], [5, 1, 0, 8], [1, 6, 10, 8], [10, 5, 9, 10], [7, 10, 4, 7], [4, 6, 9, 8],
[6, 8, 0, 1], [7, 0, 0, 3], [1, 3, 4, 7], [4, 3, 2, 4], [7, 10, 10, 6], [4, 8, 3, 9], [7, 8, 6, 9], [3, 2, 5, 7], [10, 3, 9, 6], [1, 9, 7, 0],
[1, 1, 7, 4], [2, 7, 6, 9], [7, 5, 4, 9], [0, 6, 6, 5], [3, 1, 2, 6], [1, 5, 3, 9], [6, 10, 3, 7], [6, 10, 7, 5], [9, 2, 9, 0], [7, 2, 9, 1],
[5, 1, 0, 5], [7, 6, 9, 8], [5, 9, 1, 4], [3, 2, 2, 7], [1, 3, 3, 7], [3, 8, 2, 1], [8, 9, 2, 5], [10, 9, 4, 4], [8, 4, 8, 2], [8, 4, 10, 0],
[2, 1, 2, 3], [1, 5, 10, 3], [8, 0, 8, 9], [6, 8, 0, 4], [5, 0, 7, 4], [7, 0, 6, 3], [3, 3, 5, 9], [5, 3, 10, 7], [2, 1, 8, 3], [4, 7, 4, 0]]
[1, 1, 1, 1, 1, 0.2, 0.2, 0.2, 0.2, 0.2,
0.2, 0.2, 0.2, 0.2, 0.2, 0.2, 0.2, 0.2, 0.2, 0.2,
0.2, 0.2, 0.2, 0.2, 0.2, 0.2, 0.2, 0.2, 0.2, 0.2,
0.04, 0.04, 0.04, 0.04, 0.04, 0.04, 0.04, 0.04, 0.04, 0.04,
0.04, 0.04, 0.04, 0.04, 0.04, 0.04, 0.04, 0.04, 0.04, 0.04,
0.04, 0.04, 0.04, 0.04, 0.04, 0.008, 0.008, 0.008, 0.008, 0.008,
0.008, 0.008, 0.008, 0.008, 0.008, 0.008, 0.008, 0.008, 0.008, 0.008,
0.008, 0.008, 0.008, 0.008, 0.008, 0.008, 0.008, 0.008, 0.008, 0.008,
0.0016, 0.0016, 0.0016, 0.0016, 0.0016, 0.0016, 0.0016, 0.0016, 0.0016, 0.0016,
0.0016, 0.0016, 0.0016, 0.0016, 0.0016, 0.0016, 0.0016, 0.0016, 0.0016, 0.0016,
0.0016, 0.0016, 0.0016, 0.0016, 0.0016, 0.00032, 0.00032, 0.00032, 0.00032, 0.00032,
0.00032, 0.00032, 0.00032, 0.00032, 0.00032, 0.00032, 0.00032, 0.00032, 0.00032, 0.00032,
0.00032, 0.00032, 0.00032, 0.00032, 0.00032, 0.00032, 0.00032, 0.00032, 0.00032, 0.00032,
6.4e-05, 6.4e-05, 6.4e-05, 6.4e-05, 6.4e-05, 6.4e-05, 6.4e-05, 6.4e-05, 6.4e-05, 6.4e-05,
6.4e-05, 6.4e-05, 6.4e-05, 6.4e-05, 6.4e-05, 6.4e-05, 6.4e-05, 6.4e-05, 6.4e-05, 6.4e-05,
6.4e-05, 6.4e-05, 6.4e-05, 6.4e-05, 6.4e-05, 1.28e-05, 1.28e-05, 1.28e-05, 1.28e-05, 1.28e-05,
1.28e-05, 1.28e-05, 1.28e-05, 1.28e-05, 1.28e-05, 1.28e-05, 1.28e-05, 1.28e-05, 1.28e-05, 1.28e-05,
1.28e-05, 1.28e-05, 1.28e-05, 1.28e-05, 1.28e-05, 1.28e-05, 1.28e-05, 1.28e-05, 1.28e-05, 1.28e-05]
[0, 8, 10, 3, 6, 10, 9, 6, 6, 8,
3, 7, 1, 10, 7, 6, 5, 2, 10, 4,
9, 10, 1, 9, 9, 5, 6, 8, 2, 3,
4, 1, 10, 1, 4, 2, 9, 0, 3, 3,
10, 1, 5, 10, 4, 1, 7, 5, 4, 1,
9, 10, 4, 1, 2, 7, 6, 4, 4, 4,
10, 4, 5, 9, 0, 3, 1, 2, 8, 9,
4, 10, 9, 10, 1, 9, 5, 5, 7, 5,
10, 1, 9, 4, 6, 4, 3, 8, 6, 10,
9, 6, 6, 10, 0, 5, 10, 9, 7, 0,
2, 8, 6, 2, 0, 5, 8, 9, 10, 2,
10, 6, 10, 3, 6, 4, 5, 7, 4, 0,
9, 10, 4, 5, 3, 10, 2, 5, 10, 4,
7, 8, 6, 1, 1, 2, 3, 1, 7, 8,
3, 8, 10, 1, 9, 0, 9, 3, 10, 2,
2, 7, 3, 10, 2, 7, 0, 5, 3, 5,
9, 2, 10, 0, 8, 6, 5, 2, 4, 6,
5, 9, 1, 1, 10, 3, 0, 3, 9, 5]
------------------------------------------------------- 
# stage = 8	# children c = 5	length of each stage p = 5	nodes = 179	# items I = 1
