[64, 96, 82, 79, 38, 87, 56, 53, 72, 22,
66, 38, 24, 46, 1, 0, 40, 45, 34, 62,
41, 58, 84, 68, 65, 16, 17, 76, 30, 41,
47, 95, 36, 95, 39, 41, 81, 95, 94, 52,
16, 26, 56, 6, 38, 58, 73, 78, 2, 73,
6, 9, 30, 90, 44, 96, 5, 61, 37, 2,
68, 84, 97, 4, 79, 1, 45, 25, 62, 4,
78, 45, 97, 33, 51, 35, 57, 91, 79, 26]
[[662, 826, 677], [276, 3, 887], [109, 747, 410], [503, 97, 284], [914, 559, 425], [264, 706, 293], [509, 174, 640], [498, 589, 211], [627, 562, 450], [707, 271, 95],
[815, 749, 737], [555, 87, 740], [320, 196, 365], [731, 515, 463], [831, 491, 838], [318, 755, 606], [427, 143, 596], [129, 641, 247], [157, 146, 810], [607, 670, 143],
[518, 547, 892], [317, 918, 795], [873, 301, 807], [300, 94, 385], [763, 741, 876], [479, 876, 510], [147, 365, 653], [743, 311, 172], [807, 284, 134], [679, 891, 804],
[822, 287, 230], [592, 420, 210], [265, 355, 327], [134, 471, 237], [335, 113, 41], [274, 592, 917], [784, 556, 160], [315, 361, 471], [487, 230, 755], [621, 725, 524],
[304, 425, 811], [534, 833, 293], [560, 160, 464], [888, 111, 936], [187, 446, 865], [228, 536, 519], [23, 198, 137], [184, 513, 315], [655, 816, 361], [289, 316, 903],
[813, 620, 390], [687, 32, 286], [796, 592, 262], [139, 358, 373], [891, 546, 820], [818, 590, 418], [215, 614, 617], [353, 614, 8], [484, 331, 825], [661, 620, 19],
[626, 312, 455], [79, 61, 303], [181, 673, 895], [443, 812, 132], [817, 765, 678], [515, 645, 330], [749, 861, 760], [244, 92, 436], [253, 392, 584], [894, 115, 82],
[913, 558, 394], [246, 637, 271], [549, 634, 7], [322, 139, 635], [454, 772, 463], [194, 165, 924], [341, 915, 663], [163, 221, 571], [416, 290, 779], [62, 246, 895]]
[[0, 4, 3, 10], [2, 4, 8, 9], [5, 3, 10, 2], [8, 10, 5, 7], [4, 0, 4, 6], [5, 6, 8, 8], [1, 4, 1, 6], [1, 6, 10, 2], [0, 3, 10, 0], [7, 7, 7, 0],
[10, 7, 2, 5], [6, 7, 1, 9], [5, 6, 4, 8], [10, 10, 5, 0], [3, 4, 5, 5], [0, 2, 5, 9], [5, 4, 9, 0], [9, 5, 0, 6], [10, 0, 1, 6], [5, 2, 2, 8],
[8, 6, 5, 6], [5, 9, 4, 6], [2, 9, 0, 0], [10, 3, 9, 4], [5, 5, 4, 3], [0, 4, 10, 8], [2, 0, 3, 7], [2, 5, 4, 9], [9, 10, 4, 1], [8, 8, 8, 8],
[5, 6, 9, 4], [10, 7, 6, 4], [2, 0, 8, 0], [2, 5, 6, 5], [5, 8, 1, 5], [2, 4, 1, 10], [3, 3, 0, 9], [1, 8, 4, 4], [2, 2, 6, 1], [8, 1, 3, 8],
[10, 9, 6, 2], [3, 1, 5, 6], [9, 4, 1, 10], [8, 0, 7, 0], [4, 7, 7, 5], [3, 1, 7, 5], [1, 2, 4, 7], [1, 7, 2, 1], [6, 6, 1, 7], [8, 6, 3, 4],
[10, 2, 1, 8], [2, 8, 6, 6], [3, 1, 9, 4], [0, 5, 7, 1], [5, 0, 7, 7], [5, 9, 6, 0], [3, 7, 6, 9], [0, 9, 2, 10], [0, 2, 5, 2], [8, 1, 9, 0],
[0, 7, 4, 0], [0, 0, 1, 5], [9, 6, 10, 4], [3, 3, 2, 6], [10, 8, 4, 10], [4, 4, 8, 4], [6, 2, 7, 4], [1, 3, 2, 1], [8, 5, 1, 8], [3, 1, 1, 2],
[5, 9, 4, 8], [2, 4, 1, 10], [2, 5, 8, 4], [8, 5, 9, 1], [5, 3, 3, 5], [6, 6, 6, 1], [9, 6, 8, 1], [5, 9, 1, 10], [5, 3, 6, 5], [8, 7, 5, 8]]
[1, 1, 1, 1, 1, 0.333333, 0.333333, 0.333333, 0.333333, 0.333333,
0.333333, 0.333333, 0.333333, 0.333333, 0.333333, 0.333333, 0.333333, 0.333333, 0.333333, 0.333333,
0.111111, 0.111111, 0.111111, 0.111111, 0.111111, 0.111111, 0.111111, 0.111111, 0.111111, 0.111111,
0.111111, 0.111111, 0.111111, 0.111111, 0.111111, 0.037037, 0.037037, 0.037037, 0.037037, 0.037037,
0.037037, 0.037037, 0.037037, 0.037037, 0.037037, 0.037037, 0.037037, 0.037037, 0.037037, 0.037037,
0.0123457, 0.0123457, 0.0123457, 0.0123457, 0.0123457, 0.0123457, 0.0123457, 0.0123457, 0.0123457, 0.0123457,
0.0123457, 0.0123457, 0.0123457, 0.0123457, 0.0123457, 0.00411523, 0.00411523, 0.00411523, 0.00411523, 0.00411523,
0.00411523, 0.00411523, 0.00411523, 0.00411523, 0.00411523, 0.00411523, 0.00411523, 0.00411523, 0.00411523, 0.00411523]
[17, 17, 2, 11, 1, 15, 6, 2, 14, 9,
16, 7, 12, 12, 17, 8, 7, 13, 1, 14,
2, 18, 13, 17, 13, 7, 15, 17, 15, 0,
1, 3, 11, 8, 3, 10, 7, 8, 7, 8,
10, 9, 8, 13, 11, 11, 0, 14, 9, 18,
3, 11, 15, 9, 4, 18, 14, 0, 9, 1,
1, 10, 7, 7, 2, 3, 13, 9, 13, 7,
14, 7, 11, 6, 11, 18, 0, 8, 5, 18]
------------------------------------------------------- 
# stage = 6	# children c = 3	length of each stage p = 5	nodes = 79	# items I = 1
