[42, 66, 41, 86, 84, 30, 65, 49, 56, 5,
22, 9, 57, 28, 71, 73, 7, 66, 98, 78,
13, 50, 45, 23, 40, 49, 2, 19, 12, 55,
1, 21, 20, 42, 73, 3, 73, 37, 18, 28,
43, 6, 3, 66, 35, 75, 39, 42, 40, 36,
86, 20, 52, 30, 43, 92, 45, 11, 10, 24,
66, 78, 45, 52, 20, 17, 55, 59, 55, 40,
53, 64, 46, 57, 29, 47, 31, 34, 89, 37,
70, 74, 23, 88, 70, 67, 80, 15, 78, 56,
39, 10, 34, 50, 62, 20, 67, 84, 79, 88,
23, 31, 17, 35, 54, 47, 83, 51, 47, 37]
[[1133, 886, 24], [1192, 386, 1458], [870, 363, 769], [438, 406, 723], [1216, 100, 1248], [1697, 1010, 1020], [1642, 931, 218], [2063, 1910, 1932], [1461, 453, 1240], [1927, 2007, 2095],
[1105, 1049, 891], [1129, 151, 1277], [497, 1101, 1640], [1266, 1539, 2127], [2069, 584, 56], [1147, 190, 1146], [2167, 1913, 2157], [214, 1885, 1977], [56, 1175, 259], [1376, 1011, 175],
[1380, 2117, 1305], [100, 1155, 1456], [1377, 1732, 386], [927, 828, 1926], [883, 806, 419], [1019, 1953, 690], [75, 2029, 432], [141, 153, 146], [2118, 289, 1401], [207, 1665, 241],
[462, 874, 267], [1767, 975, 1503], [1052, 261, 1064], [1519, 1268, 1972], [1354, 60, 608], [1773, 1080, 470], [292, 1235, 409], [804, 1376, 642], [1030, 1324, 931], [260, 1611, 505],
[582, 2073, 1379], [929, 1750, 263], [261, 711, 605], [1406, 59, 1873], [1207, 1413, 1934], [1895, 1096, 923], [275, 1468, 2158], [684, 102, 1443], [1406, 1212, 596], [166, 1553, 36],
[671, 2135, 19], [2130, 893, 1769], [303, 1235, 309], [908, 470, 449], [690, 1757, 1942], [533, 1562, 867], [1536, 1837, 165], [1603, 430, 347], [876, 1836, 1559], [1472, 2002, 941],
[1589, 582, 985], [1608, 621, 1959], [1206, 924, 1103], [1595, 1912, 1653], [2124, 512, 1319], [1896, 1045, 710], [672, 411, 376], [837, 2094, 886], [1264, 799, 551], [733, 101, 462],
[1754, 1770, 1124], [569, 1207, 1746], [437, 322, 579], [1540, 1997, 321], [1022, 1951, 833], [170, 1676, 1958], [961, 177, 278], [1417, 1095, 202], [133, 268, 1001], [684, 1001, 1182],
[1147, 585, 781], [180, 1234, 1988], [1926, 1671, 219], [335, 1120, 46], [656, 51, 1997], [1569, 301, 1582], [1356, 1262, 1839], [1635, 509, 843], [1837, 642, 1112], [747, 1326, 2113],
[1930, 382, 607], [620, 563, 1921], [518, 398, 1421], [737, 813, 450], [783, 1549, 501], [689, 947, 803], [180, 133, 2065], [2020, 1848, 403], [692, 1594, 1125], [1884, 170, 361],
[1907, 2100, 823], [343, 550, 1466], [174, 1148, 1865], [1595, 1885, 507], [2126, 578, 2057], [456, 1347, 913], [1339, 1528, 1126], [1234, 1457, 803], [1717, 2149, 226], [752, 1943, 397]]
[[6, 6, 4, 2], [2, 10, 10, 6], [7, 3, 2, 9], [5, 1, 0, 4], [6, 6, 6, 7], [8, 6, 1, 2], [8, 5, 4, 10], [0, 4, 5, 4], [8, 9, 5, 9], [7, 2, 4, 3],
[5, 6, 2, 10], [5, 0, 2, 9], [6, 8, 5, 4], [2, 7, 4, 10], [1, 6, 7, 10], [8, 1, 4, 4], [9, 7, 2, 5], [9, 6, 6, 4], [0, 6, 1, 3], [7, 1, 2, 2],
[8, 7, 4, 10], [1, 6, 7, 2], [10, 3, 0, 6], [2, 2, 10, 9], [9, 10, 1, 7], [5, 8, 9, 3], [1, 9, 5, 8], [10, 7, 9, 7], [1, 0, 4, 3], [5, 0, 3, 2],
[1, 3, 8, 4], [5, 7, 0, 3], [6, 2, 9, 10], [10, 5, 0, 0], [1, 5, 7, 10], [10, 3, 6, 1], [1, 9, 2, 6], [7, 5, 7, 9], [7, 4, 0, 1], [1, 0, 3, 5],
[2, 10, 2, 10], [2, 3, 9, 4], [6, 3, 3, 6], [6, 7, 5, 5], [3, 7, 10, 0], [10, 6, 9, 6], [10, 7, 6, 9], [5, 7, 4, 8], [6, 4, 5, 6], [5, 3, 10, 1],
[6, 0, 5, 10], [6, 10, 5, 7], [4, 2, 7, 3], [8, 3, 8, 7], [8, 3, 6, 3], [10, 8, 0, 3], [10, 5, 9, 5], [7, 7, 6, 0], [5, 0, 0, 9], [8, 3, 6, 1],
[5, 0, 2, 2], [4, 10, 7, 1], [0, 0, 2, 8], [6, 2, 0, 6], [6, 8, 0, 0], [2, 4, 0, 5], [2, 0, 4, 10], [1, 8, 9, 4], [8, 0, 6, 10], [9, 1, 10, 7],
[10, 1, 5, 4], [2, 3, 10, 6], [0, 8, 6, 0], [10, 6, 6, 1], [5, 8, 9, 4], [5, 5, 9, 0], [3, 2, 0, 1], [3, 8, 9, 1], [9, 1, 5, 9], [4, 2, 4, 3],
[10, 10, 3, 7], [4, 7, 8, 7], [2, 4, 0, 7], [9, 9, 6, 1], [1, 4, 1, 2], [1, 8, 3, 8], [9, 6, 7, 2], [8, 9, 3, 5], [7, 5, 1, 0], [1, 7, 5, 4],
[0, 5, 9, 7], [2, 2, 7, 3], [6, 8, 3, 5], [3, 5, 3, 1], [0, 8, 1, 9], [6, 5, 3, 2], [8, 3, 0, 7], [10, 5, 9, 9], [9, 8, 3, 0], [8, 10, 1, 4],
[5, 4, 9, 8], [9, 10, 9, 10], [7, 9, 6, 1], [1, 7, 1, 9], [10, 0, 5, 8], [3, 4, 4, 1], [10, 7, 10, 7], [7, 0, 0, 1], [3, 8, 8, 10], [7, 4, 7, 2]]
[1, 1, 1, 1, 1, 0.333333, 0.333333, 0.333333, 0.333333, 0.333333,
0.333333, 0.333333, 0.333333, 0.333333, 0.333333, 0.333333, 0.333333, 0.333333, 0.333333, 0.333333,
0.111111, 0.111111, 0.111111, 0.111111, 0.111111, 0.111111, 0.111111, 0.111111, 0.111111, 0.111111,
0.111111, 0.111111, 0.111111, 0.111111, 0.111111, 0.037037, 0.037037, 0.037037, 0.037037, 0.037037,
0.037037, 0.037037, 0.037037, 0.037037, 0.037037, 0.037037, 0.037037, 0.037037, 0.037037, 0.037037,
0.0123457, 0.0123457, 0.0123457, 0.0123457, 0.0123457, 0.0123457, 0.0123457, 0.0123457, 0.0123457, 0.0123457,
0.0123457, 0.0123457, 0.0123457, 0.0123457, 0.0123457, 0.00411523, 0.00411523, 0.00411523, 0.00411523, 0.00411523,
0.00411523, 0.00411523, 0.00411523, 0.00411523, 0.00411523, 0.00411523, 0.00411523, 0.00411523, 0.00411523, 0.00411523,
0.00137174, 0.00137174, 0.00137174, 0.00137174, 0.00137174, 0.00137174, 0.00137174, 0.00137174, 0.00137174, 0.00137174,
0.00137174, 0.00137174, 0.00137174, 0.00137174, 0.00137174, 0.000457247, 0.000457247, 0.000457247, 0.000457247, 0.000457247,
0.000457247, 0.000457247, 0.000457247, 0.000457247, 0.000457247, 0.000457247, 0.000457247, 0.000457247, 0.000457247, 0.000457247]
[20, 13, 13, 6, 0, 16, 16, 9, 3, 20,
10, 6, 16, 0, 15, 16, 3, 9, 20, 20,
9, 9, 3, 6, 2, 2, 15, 5, 19, 20,
12, 21, 21, 6, 1, 13, 12, 9, 17, 17,
18, 6, 2, 19, 13, 8, 7, 15, 12, 1,
21, 19, 10, 0, 18, 1, 13, 1, 17, 13,
11, 10, 0, 0, 1, 2, 11, 8, 2, 3,
5, 10, 10, 10, 5, 14, 16, 10, 4, 7,
9, 5, 6, 17, 20, 3, 2, 18, 21, 16,
1, 18, 8, 9, 16, 17, 1, 21, 9, 11,
12, 7, 4, 2, 5, 6, 0, 21, 5, 18]
------------------------------------------------------- 
# stage = 8	# children c = 3	length of each stage p = 5	nodes = 109	# items I = 1
