[61, 5, 65, 82, 28, 43, 8, 40, 80, 55,
97, 28, 31, 9, 59, 97, 74, 43, 54, 75,
19, 27, 74]
[[648, 680, 187], [921, 582, 938], [127, 970, 152], [692, 655, 148], [493, 945, 809], [853, 706, 536], [712, 54, 771], [300, 816, 467], [896, 957, 548], [539, 868, 438],
[973, 966, 568], [99, 826, 90], [488, 404, 1060], [640, 35, 105], [788, 1040, 1050], [1047, 832, 145], [522, 995, 200], [232, 745, 1016], [699, 581, 362], [186, 59, 169],
[75, 483, 75], [643, 582, 351], [183, 9, 205]]
[[4, 10, 10, 7], [7, 4, 2, 3], [1, 6, 3, 0], [0, 2, 0, 0], [0, 7, 9, 1], [5, 7, 4, 7], [7, 2, 2, 1], [6, 0, 4, 0], [8, 1, 5, 4], [5, 7, 6, 6],
[1, 9, 5, 1], [9, 3, 0, 10], [10, 7, 9, 2], [4, 3, 7, 9], [3, 9, 10, 7], [7, 3, 5, 2], [4, 10, 6, 7], [5, 10, 1, 4], [7, 6, 5, 5], [7, 3, 4, 4],
[9, 1, 6, 2], [4, 2, 9, 5], [9, 9, 10, 5]]
[1, 0.5, 0.5, 0.25, 0.25, 0.125, 0.125, 0.0625, 0.0625, 0.03125,
0.03125, 0.015625, 0.015625, 0.0078125, 0.0078125, 0.00390625, 0.00390625, 0.00195312, 0.00195312, 0.000976562,
0.000976562, 0.000488281, 0.000488281]
[16, 7, 11, 16, 21, 7, 9, 20, 0, 21,
14, 11, 18, 15, 5, 20, 13, 14, 12, 8,
2, 14, 2]
------------------------------------------------------- 
# stage = 12	# children c = 2	length of each stage p = 1	nodes = 22	# items I = 1
