[59, 36, 20, 5, 83, 50, 66, 81, 71, 67,
9, 50, 88, 79, 53, 5, 68, 45, 8, 7,
12, 76, 7, 51, 91, 10, 33, 75, 39, 53,
6, 64, 89, 93, 70, 71, 9, 1, 17, 80,
35, 27, 29, 89, 72, 82, 94, 39, 93, 68,
12, 71, 43, 87, 22, 100, 97, 55, 41, 1,
7, 47, 65, 63, 40, 0, 100, 15, 2, 17,
95, 3, 10, 91, 92, 82, 38, 51, 87, 31,
19, 66, 1, 28, 52, 90, 28, 14, 11, 35,
15, 85, 82, 46, 47, 88, 47, 13, 2, 15,
97, 98]
[[364, 818, 913], [1184, 1214, 420], [1706, 269, 530], [453, 458, 1119], [1127, 682, 1253], [1060, 307, 161], [274, 186, 1345], [26, 1314, 551], [1509, 504, 596], [1822, 524, 1780],
[712, 895, 633], [1633, 114, 1847], [88, 1827, 151], [618, 315, 617], [1737, 1449, 1299], [1033, 551, 1613], [1194, 825, 1799], [575, 858, 1156], [1126, 410, 1667], [1729, 267, 226],
[1544, 987, 1121], [212, 655, 1235], [102, 743, 1098], [260, 1361, 1420], [877, 1134, 912], [218, 202, 1463], [1832, 1403, 331], [1673, 13, 1189], [864, 1139, 1599], [566, 910, 1874],
[792, 489, 896], [1920, 702, 1558], [1198, 804, 336], [331, 1064, 1697], [1758, 1942, 873], [712, 202, 1082], [211, 69, 521], [549, 1743, 541], [1745, 649, 1681], [1387, 1216, 626],
[1303, 50, 1123], [241, 6, 1825], [1799, 1204, 671], [170, 1542, 1735], [1874, 1342, 1719], [783, 90, 1929], [1872, 308, 33], [428, 857, 1783], [977, 644, 468], [693, 66, 1684],
[1326, 1369, 1741], [484, 1610, 1747], [351, 1451, 993], [1022, 1621, 577], [800, 1531, 1920], [561, 356, 45], [525, 263, 360], [566, 699, 1224], [384, 1676, 1868], [852, 411, 1942],
[578, 1744, 1353], [355, 271, 999], [144, 622, 492], [1145, 1652, 149], [1722, 494, 1687], [1677, 1062, 85], [1729, 1588, 355], [124, 189, 1061], [1355, 580, 779], [1259, 1440, 1190],
[1236, 53, 977], [624, 415, 1255], [1630, 567, 1884], [158, 1712, 1571], [314, 1476, 107], [43, 1189, 1170], [128, 960, 793], [483, 1092, 989], [1552, 482, 1576], [366, 1741, 1051],
[1564, 1019, 1112], [576, 1651, 1527], [1831, 1323, 136], [1750, 1488, 1855], [1364, 1809, 1367], [1471, 1852, 598], [676, 22, 1558], [1476, 506, 685], [507, 100, 1175], [126, 466, 958],
[1177, 65, 13], [324, 648, 1671], [1859, 521, 1036], [37, 314, 560], [1893, 1678, 404], [1302, 1191, 299], [1900, 1875, 321], [1500, 1393, 834], [228, 1908, 934], [1403, 69, 1401],
[396, 1253, 1473], [416, 1585, 164]]
[[5, 0, 7, 6], [2, 5, 3, 7], [10, 8, 6, 5], [4, 7, 8, 7], [7, 8, 7, 5], [2, 5, 4, 7], [4, 10, 10, 3], [10, 2, 3, 2], [2, 10, 8, 2], [3, 9, 10, 0],
[7, 3, 5, 0], [9, 3, 5, 3], [9, 10, 9, 9], [2, 0, 6, 6], [10, 3, 8, 7], [6, 0, 9, 6], [0, 4, 9, 1], [2, 6, 1, 9], [7, 7, 7, 5], [8, 10, 9, 6],
[7, 5, 3, 10], [3, 9, 5, 0], [10, 2, 7, 5], [3, 5, 1, 1], [9, 8, 2, 9], [3, 1, 6, 10], [6, 2, 3, 3], [0, 10, 8, 7], [2, 0, 6, 3], [7, 10, 3, 6],
[10, 10, 10, 2], [2, 0, 1, 9], [8, 1, 7, 9], [3, 0, 6, 7], [1, 9, 0, 1], [6, 8, 6, 8], [6, 0, 0, 2], [10, 1, 6, 9], [0, 5, 10, 0], [5, 9, 7, 0],
[0, 2, 7, 1], [2, 3, 8, 3], [1, 6, 2, 6], [1, 9, 3, 7], [9, 2, 7, 6], [3, 3, 4, 2], [8, 1, 2, 1], [0, 8, 1, 9], [10, 9, 10, 1], [10, 5, 3, 0],
[1, 5, 6, 2], [1, 8, 8, 8], [10, 4, 3, 0], [7, 6, 2, 5], [7, 3, 6, 5], [0, 5, 3, 10], [1, 0, 9, 0], [4, 10, 10, 5], [3, 3, 5, 4], [0, 0, 0, 8],
[5, 3, 9, 1], [9, 9, 4, 4], [1, 10, 9, 1], [3, 0, 9, 4], [0, 6, 3, 2], [5, 2, 5, 6], [5, 9, 0, 4], [9, 9, 10, 3], [1, 8, 3, 0], [5, 7, 2, 6],
[5, 0, 6, 8], [9, 4, 10, 8], [10, 2, 10, 3], [4, 5, 9, 8], [3, 7, 1, 1], [5, 0, 5, 7], [7, 6, 5, 1], [2, 7, 5, 7], [5, 0, 2, 4], [5, 0, 1, 2],
[2, 0, 5, 5], [3, 2, 2, 6], [9, 1, 6, 2], [10, 9, 9, 4], [4, 1, 3, 6], [6, 9, 1, 9], [9, 1, 2, 1], [1, 1, 4, 2], [0, 7, 7, 1], [9, 7, 8, 6],
[6, 1, 8, 3], [10, 4, 8, 1], [5, 9, 7, 9], [7, 6, 7, 4], [6, 8, 5, 7], [7, 7, 7, 5], [2, 1, 7, 9], [6, 2, 4, 1], [3, 1, 3, 0], [3, 0, 1, 8],
[7, 6, 4, 4], [0, 10, 6, 6]]
[1, 1, 1, 0.333333, 0.333333, 0.333333, 0.333333, 0.333333, 0.333333, 0.333333,
0.333333, 0.333333, 0.111111, 0.111111, 0.111111, 0.111111, 0.111111, 0.111111, 0.111111, 0.111111,
0.111111, 0.037037, 0.037037, 0.037037, 0.037037, 0.037037, 0.037037, 0.037037, 0.037037, 0.037037,
0.0123457, 0.0123457, 0.0123457, 0.0123457, 0.0123457, 0.0123457, 0.0123457, 0.0123457, 0.0123457, 0.00411523,
0.00411523, 0.00411523, 0.00411523, 0.00411523, 0.00411523, 0.00411523, 0.00411523, 0.00411523, 0.00137174, 0.00137174,
0.00137174, 0.00137174, 0.00137174, 0.00137174, 0.00137174, 0.00137174, 0.00137174, 0.000457247, 0.000457247, 0.000457247,
0.000457247, 0.000457247, 0.000457247, 0.000457247, 0.000457247, 0.000457247, 0.000152416, 0.000152416, 0.000152416, 0.000152416,
0.000152416, 0.000152416, 0.000152416, 0.000152416, 0.000152416, 5.08053e-05, 5.08053e-05, 5.08053e-05, 5.08053e-05, 5.08053e-05,
5.08053e-05, 5.08053e-05, 5.08053e-05, 5.08053e-05, 1.69351e-05, 1.69351e-05, 1.69351e-05, 1.69351e-05, 1.69351e-05, 1.69351e-05,
1.69351e-05, 1.69351e-05, 1.69351e-05, 5.64503e-06, 5.64503e-06, 5.64503e-06, 5.64503e-06, 5.64503e-06, 5.64503e-06, 5.64503e-06,
5.64503e-06, 5.64503e-06]
[6, 6, 16, 13, 7, 18, 7, 0, 15, 13,
9, 9, 19, 12, 0, 15, 19, 1, 9, 7,
7, 12, 7, 12, 7, 13, 11, 0, 17, 13,
14, 3, 14, 8, 12, 5, 4, 18, 10, 6,
15, 17, 13, 9, 1, 0, 15, 0, 1, 6,
8, 16, 8, 8, 5, 19, 5, 11, 5, 2,
15, 6, 18, 12, 0, 16, 1, 17, 8, 12,
0, 18, 12, 9, 2, 9, 17, 12, 14, 19,
15, 19, 1, 18, 2, 6, 7, 13, 15, 1,
17, 7, 10, 2, 15, 15, 2, 19, 2, 4,
0, 12]
------------------------------------------------------- 
# stage = 12	# children c = 3	length of each stage p = 3	nodes = 101	# items I = 1
