[35, 43, 34, 46, 16, 62, 5, 38, 4, 64,
12, 87, 55, 47, 86, 6, 34, 44, 78, 61,
97, 92, 80, 42, 66, 79, 21, 92, 86, 69,
100, 87, 79, 33, 33, 95, 61, 4, 32, 65,
69, 11, 17, 90, 58, 69, 62, 58, 12, 5,
85, 8, 98, 31, 51, 29, 76, 38, 87, 61,
7, 86, 13, 52, 85, 46, 46, 45, 51, 44,
77, 86, 55, 60, 41, 79, 29, 2, 36, 41]
[[314, 97, 869], [164, 426, 811], [365, 388, 745], [178, 356, 759], [824, 792, 692], [778, 818, 890], [719, 220, 64], [660, 313, 614], [698, 83, 685], [719, 19, 725],
[405, 334, 822], [480, 595, 454], [498, 166, 842], [352, 345, 404], [220, 375, 305], [21, 262, 330], [118, 91, 550], [182, 848, 69], [797, 752, 152], [591, 581, 268],
[425, 95, 699], [453, 672, 501], [16, 279, 667], [64, 729, 218], [469, 58, 594], [871, 177, 856], [310, 295, 153], [66, 477, 110], [135, 480, 863], [384, 277, 553],
[750, 799, 745], [655, 361, 526], [265, 474, 12], [42, 636, 741], [260, 214, 5], [854, 291, 182], [26, 602, 574], [179, 765, 258], [387, 10, 738], [359, 491, 222],
[21, 350, 130], [863, 212, 589], [595, 477, 269], [607, 616, 14], [554, 877, 325], [657, 46, 617], [45, 169, 425], [620, 446, 396], [84, 833, 406], [28, 301, 104],
[250, 419, 551], [478, 488, 763], [273, 192, 350], [542, 800, 75], [654, 560, 158], [185, 423, 302], [8, 469, 568], [530, 295, 123], [36, 379, 162], [539, 407, 560],
[643, 755, 185], [304, 342, 673], [273, 615, 866], [720, 363, 872], [2, 126, 638], [160, 409, 171], [559, 417, 640], [334, 57, 44], [457, 93, 520], [620, 632, 36],
[386, 482, 791], [572, 883, 339], [354, 265, 63], [329, 95, 427], [407, 97, 650], [155, 354, 168], [326, 120, 683], [172, 454, 740], [216, 117, 39], [833, 834, 768]]
[[6, 2, 9, 10], [5, 9, 4, 6], [6, 2, 3, 10], [8, 8, 1, 1], [3, 9, 3, 5], [1, 3, 10, 6], [10, 8, 6, 5], [4, 1, 1, 8], [3, 8, 7, 6], [6, 9, 10, 10],
[1, 0, 10, 9], [7, 0, 8, 10], [8, 9, 4, 7], [10, 1, 2, 10], [9, 6, 4, 0], [8, 3, 9, 9], [0, 5, 3, 4], [2, 0, 4, 3], [1, 1, 10, 8], [1, 7, 5, 7],
[4, 7, 3, 3], [8, 4, 0, 4], [8, 5, 4, 3], [6, 2, 2, 5], [6, 3, 9, 8], [3, 0, 9, 4], [1, 8, 10, 1], [2, 4, 6, 6], [9, 10, 8, 6], [1, 8, 8, 7],
[0, 0, 0, 7], [0, 0, 1, 6], [3, 8, 1, 4], [9, 10, 9, 8], [5, 6, 7, 8], [9, 3, 1, 7], [0, 9, 1, 1], [5, 7, 6, 5], [7, 4, 10, 8], [4, 0, 1, 5],
[7, 3, 10, 5], [0, 6, 0, 6], [1, 8, 3, 8], [0, 2, 5, 0], [10, 4, 10, 4], [0, 3, 7, 8], [8, 7, 3, 1], [5, 2, 5, 1], [5, 4, 4, 6], [8, 5, 10, 9],
[2, 0, 5, 0], [2, 10, 9, 1], [3, 8, 5, 3], [0, 0, 9, 6], [7, 1, 8, 1], [4, 0, 3, 7], [4, 7, 0, 10], [1, 10, 8, 1], [10, 2, 10, 0], [10, 8, 1, 0],
[3, 5, 2, 2], [5, 0, 8, 1], [0, 3, 2, 2], [3, 3, 7, 5], [0, 8, 4, 10], [5, 0, 10, 3], [0, 9, 3, 9], [5, 4, 9, 8], [7, 0, 8, 1], [1, 6, 0, 10],
[7, 1, 1, 9], [4, 8, 1, 4], [3, 6, 2, 7], [4, 10, 10, 2], [8, 2, 0, 0], [4, 10, 7, 1], [10, 4, 0, 9], [8, 1, 6, 5], [2, 5, 1, 4], [1, 2, 9, 4]]
[1, 1, 1, 1, 1, 0.333333, 0.333333, 0.333333, 0.333333, 0.333333,
0.333333, 0.333333, 0.333333, 0.333333, 0.333333, 0.333333, 0.333333, 0.333333, 0.333333, 0.333333,
0.111111, 0.111111, 0.111111, 0.111111, 0.111111, 0.111111, 0.111111, 0.111111, 0.111111, 0.111111,
0.111111, 0.111111, 0.111111, 0.111111, 0.111111, 0.037037, 0.037037, 0.037037, 0.037037, 0.037037,
0.037037, 0.037037, 0.037037, 0.037037, 0.037037, 0.037037, 0.037037, 0.037037, 0.037037, 0.037037,
0.0123457, 0.0123457, 0.0123457, 0.0123457, 0.0123457, 0.0123457, 0.0123457, 0.0123457, 0.0123457, 0.0123457,
0.0123457, 0.0123457, 0.0123457, 0.0123457, 0.0123457, 0.00411523, 0.00411523, 0.00411523, 0.00411523, 0.00411523,
0.00411523, 0.00411523, 0.00411523, 0.00411523, 0.00411523, 0.00411523, 0.00411523, 0.00411523, 0.00411523, 0.00411523]
[6, 3, 7, 3, 8, 6, 0, 3, 3, 4,
7, 6, 3, 1, 2, 3, 2, 8, 2, 1,
1, 2, 5, 2, 1, 2, 8, 4, 5, 7,
7, 3, 3, 6, 1, 5, 2, 0, 7, 5,
6, 5, 6, 4, 1, 7, 1, 5, 2, 5,
8, 4, 7, 4, 6, 3, 7, 5, 5, 4,
7, 2, 4, 8, 8, 7, 4, 4, 6, 3,
8, 1, 2, 8, 2, 0, 3, 6, 2, 0]
------------------------------------------------------- 
# stage = 6	# children c = 3	length of each stage p = 5	nodes = 79	# items I = 1
