[14, 66, 76, 50, 30, 77, 85, 39, 43, 64,
22, 54, 64, 75, 24, 93, 65, 25, 4, 88,
86, 55, 40, 26, 87, 37, 57, 87, 57, 33,
100, 38, 65, 41, 88, 95, 84, 72, 0, 27,
1, 22, 81, 65, 97, 4, 57, 61, 96, 27,
15, 48, 83, 21, 40, 35, 24, 98, 88, 48,
97, 88, 86, 27, 95, 73, 22, 79, 10, 22,
5, 11]
[[470, 555, 385], [473, 578, 588], [681, 941, 1014], [422, 498, 514], [384, 1012, 520], [431, 583, 738], [336, 668, 579], [540, 277, 845], [758, 895, 184], [740, 419, 886],
[124, 186, 737], [867, 659, 254], [393, 279, 491], [703, 1059, 989], [156, 381, 939], [1034, 109, 460], [711, 803, 424], [586, 639, 702], [369, 335, 535], [911, 371, 250],
[31, 853, 436], [768, 658, 392], [318, 348, 1029], [809, 1051, 1026], [736, 503, 704], [613, 476, 813], [369, 483, 912], [794, 7, 489], [792, 734, 121], [265, 583, 492],
[515, 614, 642], [952, 320, 238], [640, 639, 944], [607, 744, 230], [571, 419, 733], [213, 328, 505], [322, 1056, 988], [530, 788, 291], [1020, 518, 1025], [437, 79, 546],
[225, 952, 456], [867, 138, 73], [44, 778, 712], [284, 323, 752], [514, 191, 109], [544, 404, 796], [1049, 23, 790], [272, 553, 874], [921, 869, 688], [885, 244, 767],
[727, 470, 1015], [122, 275, 92], [195, 677, 870], [203, 962, 490], [251, 772, 681], [361, 254, 381], [95, 600, 404], [181, 872, 254], [1055, 731, 61], [681, 912, 664],
[744, 936, 72], [697, 354, 705], [789, 907, 679], [956, 48, 579], [384, 299, 647], [361, 1018, 902], [742, 409, 440], [443, 590, 608], [697, 941, 635], [54, 918, 486],
[718, 600, 718], [86, 236, 10]]
[[2, 10, 7, 8], [1, 9, 6, 3], [2, 1, 0, 4], [7, 9, 6, 8], [9, 8, 1, 6], [4, 8, 0, 0], [5, 9, 7, 0], [1, 1, 2, 4], [9, 7, 10, 10], [6, 5, 0, 6],
[5, 1, 10, 10], [8, 3, 7, 4], [0, 8, 10, 5], [5, 8, 3, 8], [7, 8, 6, 6], [9, 9, 8, 7], [3, 7, 4, 7], [0, 2, 0, 5], [3, 10, 4, 9], [2, 10, 2, 1],
[7, 10, 4, 0], [8, 7, 6, 2], [4, 2, 8, 0], [9, 4, 5, 1], [0, 7, 7, 9], [9, 7, 3, 0], [7, 6, 7, 7], [5, 10, 8, 10], [7, 1, 10, 4], [6, 6, 4, 8],
[6, 0, 6, 4], [4, 0, 5, 2], [5, 1, 1, 2], [7, 2, 2, 3], [8, 9, 8, 0], [6, 6, 0, 3], [5, 8, 5, 10], [1, 10, 5, 7], [10, 1, 0, 3], [10, 4, 3, 5],
[3, 4, 7, 10], [5, 7, 0, 2], [3, 9, 1, 10], [2, 1, 2, 5], [9, 5, 2, 0], [4, 8, 5, 3], [9, 6, 4, 8], [10, 6, 0, 0], [10, 5, 0, 4], [10, 0, 5, 3],
[7, 6, 2, 7], [5, 2, 2, 1], [7, 4, 10, 1], [1, 5, 2, 8], [0, 5, 4, 8], [0, 2, 8, 8], [8, 6, 0, 7], [5, 3, 8, 1], [7, 10, 7, 1], [10, 9, 0, 7],
[0, 0, 6, 0], [5, 6, 8, 3], [9, 10, 0, 7], [2, 6, 3, 8], [0, 3, 2, 5], [4, 0, 4, 0], [8, 0, 10, 8], [7, 10, 2, 8], [10, 6, 6, 2], [1, 1, 5, 9],
[1, 3, 5, 1], [8, 8, 7, 8]]
[1, 1, 0.2, 0.2, 0.2, 0.2, 0.2, 0.2, 0.2, 0.2,
0.2, 0.2, 0.04, 0.04, 0.04, 0.04, 0.04, 0.04, 0.04, 0.04,
0.04, 0.04, 0.008, 0.008, 0.008, 0.008, 0.008, 0.008, 0.008, 0.008,
0.008, 0.008, 0.0016, 0.0016, 0.0016, 0.0016, 0.0016, 0.0016, 0.0016, 0.0016,
0.0016, 0.0016, 0.00032, 0.00032, 0.00032, 0.00032, 0.00032, 0.00032, 0.00032, 0.00032,
0.00032, 0.00032, 6.4e-05, 6.4e-05, 6.4e-05, 6.4e-05, 6.4e-05, 6.4e-05, 6.4e-05, 6.4e-05,
6.4e-05, 6.4e-05, 1.28e-05, 1.28e-05, 1.28e-05, 1.28e-05, 1.28e-05, 1.28e-05, 1.28e-05, 1.28e-05,
1.28e-05, 1.28e-05]
[3, 5, 21, 7, 17, 17, 3, 17, 7, 9,
19, 3, 4, 9, 15, 4, 2, 18, 11, 13,
2, 4, 19, 5, 11, 0, 14, 13, 7, 8,
7, 19, 18, 8, 18, 11, 6, 2, 13, 3,
18, 7, 3, 4, 21, 9, 21, 14, 18, 0,
19, 9, 2, 5, 14, 13, 10, 18, 17, 18,
9, 20, 8, 0, 7, 15, 9, 6, 9, 2,
17, 6]
------------------------------------------------------- 
# stage = 8	# children c = 5	length of each stage p = 2	nodes = 71	# items I = 1
