[31, 59, 13, 73, 78, 18, 56, 99, 77, 14,
82, 85, 40, 43, 0, 87, 47, 5, 67, 52,
11, 71, 53, 61, 50, 100, 32, 81, 84, 19,
27, 81, 44, 7, 20, 21, 25, 76, 20, 69,
91, 68, 19, 97, 77, 20, 83, 24, 92, 16,
42, 2, 87, 95, 29, 37, 60, 61, 84, 9,
47, 77, 91, 91, 84, 10, 12, 76, 86]
[[1923, 1256, 414], [1179, 1124, 2200], [251, 2103, 1370], [2027, 176, 1125], [403, 1304, 1935], [91, 530, 7], [33, 2018, 1304], [675, 65, 1500], [1313, 1026, 593], [159, 1991, 1110],
[2113, 1705, 278], [438, 796, 1522], [549, 1167, 1417], [1919, 985, 1713], [955, 1388, 928], [682, 1480, 1458], [689, 1633, 1267], [2113, 99, 1452], [1524, 1532, 270], [2117, 1811, 172],
[1138, 1716, 1998], [1416, 65, 585], [850, 615, 1752], [58, 325, 649], [1891, 1281, 2037], [610, 1963, 1428], [2069, 563, 972], [1247, 467, 1191], [611, 1991, 514], [881, 1899, 237],
[1173, 948, 2073], [962, 276, 2138], [1667, 1126, 544], [1211, 1184, 990], [1980, 866, 62], [1928, 1596, 2145], [1148, 1576, 619], [31, 735, 1086], [1223, 1346, 988], [1857, 138, 798],
[5, 1311, 1746], [2078, 185, 2022], [2128, 1852, 939], [583, 974, 34], [1573, 745, 1020], [1755, 465, 408], [1811, 1733, 1984], [221, 1764, 630], [1307, 778, 1976], [206, 547, 2114],
[1004, 552, 1337], [662, 542, 1522], [475, 461, 1165], [1535, 1164, 2140], [1569, 529, 796], [381, 195, 1261], [909, 2007, 785], [804, 19, 341], [1435, 1447, 1239], [1202, 1653, 1786],
[1228, 569, 130], [356, 1231, 672], [1998, 1826, 1253], [1074, 1152, 208], [1005, 513, 857], [1922, 1014, 1053], [974, 1923, 851], [1760, 638, 990], [12, 2073, 348]]
[[10, 9, 7, 1], [4, 1, 10, 9], [2, 9, 7, 6], [10, 4, 2, 6], [4, 10, 4, 3], [6, 5, 0, 10], [10, 10, 7, 5], [7, 7, 8, 4], [5, 3, 3, 8], [4, 2, 6, 4],
[10, 0, 10, 9], [3, 0, 2, 7], [10, 5, 8, 4], [10, 9, 1, 7], [6, 8, 1, 0], [5, 7, 2, 8], [10, 5, 5, 2], [7, 10, 6, 6], [10, 4, 3, 2], [4, 3, 7, 3],
[8, 5, 7, 5], [1, 6, 10, 5], [4, 9, 5, 7], [6, 7, 4, 3], [1, 8, 3, 6], [7, 10, 0, 4], [3, 1, 5, 7], [2, 1, 8, 9], [4, 3, 3, 3], [9, 1, 8, 0],
[10, 2, 7, 3], [7, 1, 7, 6], [7, 8, 2, 3], [7, 0, 7, 8], [1, 1, 2, 3], [1, 0, 1, 3], [1, 3, 7, 8], [4, 4, 9, 1], [5, 5, 5, 1], [4, 10, 8, 0],
[7, 8, 1, 2], [8, 7, 8, 9], [8, 0, 10, 7], [9, 10, 0, 10], [2, 5, 7, 4], [9, 3, 3, 3], [7, 6, 3, 9], [3, 0, 10, 9], [8, 9, 0, 3], [5, 6, 10, 1],
[6, 9, 6, 2], [6, 6, 10, 8], [0, 5, 10, 8], [8, 1, 0, 4], [7, 1, 3, 9], [1, 0, 7, 7], [9, 5, 10, 2], [0, 9, 3, 5], [6, 9, 7, 1], [3, 5, 8, 1],
[10, 7, 9, 7], [6, 8, 10, 3], [9, 2, 1, 9], [2, 6, 5, 9], [0, 5, 0, 9], [1, 1, 3, 7], [9, 9, 9, 1], [3, 6, 2, 0], [0, 10, 7, 7]]
[1, 1, 1, 0.5, 0.5, 0.5, 0.5, 0.5, 0.5, 0.25,
0.25, 0.25, 0.25, 0.25, 0.25, 0.125, 0.125, 0.125, 0.125, 0.125,
0.125, 0.0625, 0.0625, 0.0625, 0.0625, 0.0625, 0.0625, 0.03125, 0.03125, 0.03125,
0.03125, 0.03125, 0.03125, 0.015625, 0.015625, 0.015625, 0.015625, 0.015625, 0.015625, 0.0078125,
0.0078125, 0.0078125, 0.0078125, 0.0078125, 0.0078125, 0.00390625, 0.00390625, 0.00390625, 0.00390625, 0.00390625,
0.00390625, 0.00195312, 0.00195312, 0.00195312, 0.00195312, 0.00195312, 0.00195312, 0.000976562, 0.000976562, 0.000976562,
0.000976562, 0.000976562, 0.000976562, 0.000488281, 0.000488281, 0.000488281, 0.000488281, 0.000488281, 0.000488281]
[18, 22, 15, 7, 15, 1, 13, 7, 19, 3,
2, 2, 6, 8, 6, 0, 8, 17, 5, 12,
3, 0, 3, 3, 15, 18, 14, 6, 20, 9,
12, 4, 2, 14, 10, 21, 4, 0, 22, 18,
21, 20, 5, 4, 13, 5, 10, 16, 18, 13,
21, 6, 3, 21, 22, 11, 2, 21, 7, 10,
3, 22, 7, 19, 16, 19, 20, 4, 20]
------------------------------------------------------- 
# stage = 12	# children c = 2	length of each stage p = 3	nodes = 68	# items I = 1
