[52, 53, 9, 92, 38, 16, 43, 78, 10, 53,
70, 16, 59, 65, 8, 35, 54, 79, 47, 66,
95, 25, 34, 51, 81, 61, 48, 92, 17, 21,
52, 35, 40, 61, 94, 44, 77, 36, 22, 53,
90, 58, 35, 14, 22, 9, 15, 42, 88, 62,
8, 82, 53, 8, 99, 33, 70, 47, 91, 53,
34, 42, 55, 41, 69, 48, 85, 11, 84, 73,
30, 39, 30, 65, 19, 19, 75, 35, 61, 28,
63, 35, 10, 16, 10, 8, 15, 46, 21, 6,
99, 22, 14, 19, 63, 84, 67, 13, 61, 17,
87, 92]
[[598, 1072, 1594], [10, 1447, 1302], [8, 886, 850], [1996, 1972, 818], [927, 1167, 790], [305, 1374, 1648], [1667, 1363, 686], [607, 963, 137], [1999, 1506, 1819], [1588, 1235, 1489],
[656, 1834, 533], [222, 1872, 1981], [1525, 1881, 839], [347, 1877, 812], [1193, 804, 1979], [1984, 1109, 1354], [1604, 748, 717], [290, 1384, 1681], [428, 1383, 1159], [247, 943, 394],
[1736, 1599, 228], [242, 1822, 73], [223, 1347, 1982], [1062, 1722, 1859], [1902, 916, 635], [1854, 872, 1744], [1208, 476, 492], [1925, 767, 1904], [1606, 1195, 1259], [765, 1442, 174],
[1160, 1179, 1802], [1388, 1421, 1596], [1489, 1644, 943], [1471, 706, 665], [1302, 581, 1581], [1937, 435, 453], [1681, 1643, 930], [174, 1568, 1725], [50, 1147, 920], [1310, 1912, 334],
[1512, 1044, 1541], [1286, 433, 934], [882, 1950, 578], [1853, 1394, 1313], [491, 668, 1894], [72, 606, 329], [554, 259, 1972], [1484, 433, 1540], [1181, 484, 659], [73, 1822, 544],
[435, 1306, 1616], [1977, 565, 49], [911, 1447, 2000], [1518, 1273, 1394], [803, 1792, 34], [697, 1892, 640], [1026, 418, 928], [998, 1930, 1361], [510, 1111, 1873], [1170, 1212, 1667],
[1742, 1648, 974], [1358, 1625, 1567], [1436, 536, 986], [1436, 26, 259], [802, 829, 51], [864, 1526, 1944], [1533, 552, 362], [433, 1550, 265], [1822, 61, 1376], [1668, 1259, 561],
[1335, 1001, 209], [281, 359, 1862], [1876, 1795, 398], [835, 1203, 425], [1122, 5, 1282], [1202, 870, 809], [1146, 375, 1361], [1508, 836, 912], [1801, 630, 973], [1150, 270, 232],
[1739, 1634, 1233], [1976, 1943, 1592], [1838, 1792, 1360], [208, 627, 563], [633, 1777, 569], [1944, 951, 1467], [725, 69, 1842], [86, 1606, 650], [1026, 1379, 1308], [1999, 529, 1607],
[231, 268, 1213], [1464, 216, 1128], [1029, 54, 920], [389, 263, 1547], [980, 924, 1297], [1549, 840, 248], [1016, 1593, 346], [858, 1680, 1952], [1536, 706, 1331], [817, 706, 1861],
[396, 937, 129], [1609, 374, 346]]
[[10, 5, 4, 9], [3, 4, 6, 10], [4, 1, 1, 9], [5, 0, 0, 2], [3, 9, 5, 2], [3, 3, 2, 6], [9, 5, 5, 4], [1, 1, 6, 9], [5, 8, 5, 8], [0, 0, 7, 4],
[2, 7, 0, 5], [5, 9, 5, 7], [5, 10, 7, 6], [1, 7, 1, 10], [1, 5, 1, 0], [4, 7, 8, 9], [3, 2, 5, 3], [3, 10, 5, 3], [6, 5, 8, 10], [1, 3, 6, 7],
[0, 2, 2, 1], [9, 2, 10, 9], [7, 0, 7, 9], [6, 4, 6, 9], [7, 0, 10, 8], [8, 2, 0, 4], [5, 8, 3, 6], [9, 7, 0, 10], [7, 3, 0, 3], [5, 8, 1, 10],
[9, 9, 6, 4], [2, 1, 0, 7], [10, 8, 4, 8], [10, 4, 10, 4], [0, 2, 8, 7], [7, 9, 6, 3], [1, 5, 6, 4], [2, 6, 1, 9], [4, 5, 0, 4], [7, 9, 1, 6],
[6, 3, 1, 5], [8, 0, 7, 6], [0, 5, 2, 7], [3, 7, 8, 2], [10, 4, 4, 10], [10, 3, 9, 1], [8, 7, 3, 2], [6, 4, 7, 1], [8, 8, 5, 3], [7, 10, 7, 7],
[4, 9, 4, 5], [3, 1, 5, 2], [3, 7, 2, 0], [10, 9, 1, 6], [5, 5, 6, 0], [7, 2, 0, 2], [9, 3, 3, 5], [2, 10, 1, 5], [7, 3, 10, 10], [3, 3, 0, 4],
[10, 2, 5, 8], [9, 4, 1, 3], [7, 7, 2, 2], [8, 0, 2, 4], [3, 6, 9, 3], [3, 8, 8, 10], [10, 6, 8, 2], [9, 6, 6, 6], [6, 9, 3, 4], [3, 2, 5, 8],
[10, 5, 10, 5], [5, 2, 9, 6], [6, 5, 10, 9], [2, 7, 7, 1], [0, 4, 1, 9], [8, 6, 5, 3], [4, 6, 7, 5], [9, 1, 3, 6], [5, 0, 0, 10], [2, 7, 4, 8],
[1, 3, 5, 1], [8, 1, 1, 9], [3, 2, 5, 0], [8, 10, 3, 0], [4, 8, 3, 2], [7, 4, 6, 1], [5, 6, 1, 5], [0, 3, 1, 10], [6, 6, 0, 1], [5, 1, 10, 8],
[2, 5, 6, 8], [2, 9, 8, 6], [4, 10, 6, 0], [3, 1, 2, 6], [5, 1, 1, 5], [4, 0, 4, 8], [6, 3, 9, 9], [2, 7, 4, 4], [1, 10, 2, 1], [6, 8, 6, 10],
[5, 1, 10, 9], [3, 10, 4, 8]]
[1, 1, 1, 0.333333, 0.333333, 0.333333, 0.333333, 0.333333, 0.333333, 0.333333,
0.333333, 0.333333, 0.111111, 0.111111, 0.111111, 0.111111, 0.111111, 0.111111, 0.111111, 0.111111,
0.111111, 0.037037, 0.037037, 0.037037, 0.037037, 0.037037, 0.037037, 0.037037, 0.037037, 0.037037,
0.0123457, 0.0123457, 0.0123457, 0.0123457, 0.0123457, 0.0123457, 0.0123457, 0.0123457, 0.0123457, 0.00411523,
0.00411523, 0.00411523, 0.00411523, 0.00411523, 0.00411523, 0.00411523, 0.00411523, 0.00411523, 0.00137174, 0.00137174,
0.00137174, 0.00137174, 0.00137174, 0.00137174, 0.00137174, 0.00137174, 0.00137174, 0.000457247, 0.000457247, 0.000457247,
0.000457247, 0.000457247, 0.000457247, 0.000457247, 0.000457247, 0.000457247, 0.000152416, 0.000152416, 0.000152416, 0.000152416,
0.000152416, 0.000152416, 0.000152416, 0.000152416, 0.000152416, 5.08053e-05, 5.08053e-05, 5.08053e-05, 5.08053e-05, 5.08053e-05,
5.08053e-05, 5.08053e-05, 5.08053e-05, 5.08053e-05, 1.69351e-05, 1.69351e-05, 1.69351e-05, 1.69351e-05, 1.69351e-05, 1.69351e-05,
1.69351e-05, 1.69351e-05, 1.69351e-05, 5.64503e-06, 5.64503e-06, 5.64503e-06, 5.64503e-06, 5.64503e-06, 5.64503e-06, 5.64503e-06,
5.64503e-06, 5.64503e-06]
[18, 20, 1, 2, 13, 0, 19, 3, 8, 17,
2, 13, 6, 17, 3, 12, 9, 15, 11, 11,
16, 16, 1, 2, 17, 14, 15, 10, 2, 13,
13, 3, 13, 10, 15, 3, 10, 2, 15, 19,
20, 8, 14, 12, 3, 20, 6, 15, 0, 0,
3, 1, 0, 2, 4, 6, 10, 15, 9, 18,
7, 3, 19, 10, 0, 8, 11, 13, 8, 4,
15, 11, 20, 4, 8, 18, 13, 5, 16, 6,
0, 17, 19, 0, 4, 15, 10, 18, 7, 17,
17, 7, 10, 0, 3, 0, 16, 11, 3, 19,
12, 0]
------------------------------------------------------- 
# stage = 12	# children c = 3	length of each stage p = 3	nodes = 101	# items I = 1
