[97, 14, 64, 34, 8, 86, 96, 40, 25, 87,
67, 35, 27, 82, 69, 12, 44, 39, 64, 48,
11, 27, 0, 98, 87, 95, 64, 28, 92, 58,
94, 89, 38, 23, 22, 46, 8, 84, 87, 0,
70, 19, 35, 64, 0, 71, 76, 10, 9, 6,
24, 20, 33, 91, 84, 20, 85, 47, 14, 43,
5, 7, 31, 9, 30, 19, 56, 5, 3, 8,
5, 39, 27, 6, 2, 94, 77, 45, 3, 86,
51, 27, 72, 84, 17, 55, 70, 69, 69, 85,
11, 40, 58, 42, 49, 55, 61, 4, 60, 30,
79, 31, 70, 5, 37, 38, 99, 14, 83, 68,
66, 33, 95, 4, 84, 12, 25, 19, 47, 60,
3, 58, 100, 28, 66, 49, 83, 26, 19, 42,
23, 99, 39, 93, 70, 76, 97, 35, 56, 80,
2, 89, 79, 64, 93, 62, 76, 84, 82, 89,
44, 51, 46, 43, 79, 78, 58, 61, 70, 78,
69, 93, 42, 7, 51, 78, 50, 48, 12, 5,
94, 15, 60, 72, 79, 52, 0, 20, 2, 82]
[[297, 165, 723], [678, 730, 126], [744, 426, 644], [237, 151, 342], [275, 894, 307], [806, 71, 81], [139, 560, 130], [410, 526, 191], [218, 218, 357], [565, 881, 36],
[190, 531, 201], [265, 239, 283], [714, 13, 709], [388, 572, 860], [83, 200, 136], [390, 358, 207], [794, 498, 120], [924, 908, 646], [467, 157, 864], [177, 74, 128],
[213, 586, 659], [414, 852, 250], [697, 596, 585], [758, 336, 509], [648, 741, 709], [784, 484, 420], [343, 308, 918], [463, 584, 208], [462, 81, 365], [356, 580, 439],
[806, 793, 56], [817, 559, 260], [97, 608, 208], [34, 396, 866], [544, 74, 638], [605, 210, 152], [55, 876, 460], [325, 691, 74], [534, 183, 477], [251, 540, 88],
[43, 376, 233], [421, 224, 793], [33, 643, 753], [241, 30, 180], [459, 896, 576], [127, 531, 787], [601, 909, 45], [413, 264, 736], [809, 150, 920], [317, 402, 812],
[727, 767, 540], [312, 218, 116], [135, 251, 760], [889, 814, 142], [421, 303, 68], [27, 753, 921], [166, 706, 212], [211, 150, 799], [948, 311, 949], [250, 950, 703],
[92, 707, 500], [632, 372, 718], [749, 507, 321], [861, 748, 165], [33, 199, 791], [101, 549, 896], [52, 715, 632], [587, 279, 134], [416, 257, 446], [395, 829, 426],
[129, 921, 486], [629, 583, 858], [700, 362, 717], [51, 253, 818], [217, 608, 369], [38, 709, 918], [934, 114, 16], [918, 701, 295], [83, 147, 874], [851, 864, 733],
[629, 23, 684], [145, 5, 297], [355, 705, 12], [425, 756, 587], [273, 325, 226], [642, 685, 287], [591, 1, 723], [607, 920, 776], [254, 355, 275], [158, 236, 170],
[891, 217, 515], [605, 363, 842], [254, 70, 577], [588, 495, 686], [528, 768, 363], [106, 763, 79], [393, 384, 402], [469, 343, 674], [275, 597, 381], [873, 755, 939],
[73, 28, 187], [910, 633, 872], [783, 239, 942], [712, 180, 468], [750, 708, 588], [144, 814, 381], [545, 559, 117], [299, 58, 460], [4, 656, 409], [385, 881, 516],
[355, 306, 544], [864, 246, 529], [766, 381, 769], [738, 124, 949], [558, 874, 39], [177, 370, 853], [558, 267, 442], [28, 567, 823], [488, 893, 831], [250, 308, 742],
[766, 15, 78], [663, 879, 646], [222, 27, 58], [343, 766, 182], [644, 354, 408], [683, 853, 131], [566, 764, 398], [361, 792, 965], [536, 632, 888], [397, 882, 549],
[491, 31, 886], [569, 694, 148], [245, 268, 175], [625, 612, 293], [807, 286, 648], [568, 0, 531], [699, 888, 325], [127, 601, 469], [445, 167, 132], [685, 886, 44],
[586, 407, 397], [503, 328, 443], [3, 896, 712], [178, 551, 354], [472, 711, 640], [472, 309, 962], [355, 360, 233], [33, 487, 186], [502, 284, 354], [634, 322, 592],
[31, 908, 352], [750, 763, 680], [224, 766, 606], [936, 297, 188], [320, 121, 899], [312, 593, 560], [627, 300, 920], [860, 333, 759], [398, 836, 74], [752, 822, 396],
[697, 205, 656], [79, 956, 450], [759, 210, 568], [718, 176, 865], [258, 818, 338], [509, 160, 283], [99, 139, 584], [49, 351, 917], [160, 750, 135], [234, 854, 310],
[952, 581, 515], [961, 660, 823], [441, 772, 63], [361, 842, 561], [257, 130, 409], [917, 961, 892], [231, 90, 61], [815, 461, 413], [114, 621, 193], [572, 208, 399]]
[[1, 7, 9, 8], [8, 7, 10, 7], [6, 10, 1, 10], [7, 10, 9, 5], [6, 5, 3, 0], [10, 2, 2, 8], [0, 2, 9, 9], [1, 1, 2, 2], [6, 9, 10, 3], [3, 9, 8, 10],
[6, 9, 7, 2], [8, 5, 6, 2], [0, 9, 2, 8], [10, 2, 3, 10], [4, 1, 6, 5], [0, 6, 7, 6], [4, 6, 10, 6], [2, 7, 5, 6], [4, 10, 9, 10], [4, 2, 1, 2],
[0, 1, 8, 10], [3, 1, 7, 5], [2, 0, 10, 3], [4, 4, 7, 7], [10, 4, 2, 10], [10, 5, 6, 3], [4, 2, 2, 8], [4, 2, 9, 2], [1, 6, 0, 3], [7, 5, 8, 8],
[4, 8, 9, 8], [1, 5, 4, 10], [8, 6, 7, 7], [0, 0, 10, 2], [0, 10, 0, 2], [10, 7, 5, 1], [0, 3, 4, 8], [6, 1, 3, 10], [7, 10, 6, 7], [2, 10, 4, 10],
[4, 0, 6, 2], [1, 3, 5, 10], [1, 3, 2, 0], [10, 5, 1, 10], [8, 3, 5, 1], [5, 6, 1, 10], [5, 7, 6, 8], [4, 10, 7, 6], [9, 1, 9, 8], [2, 3, 7, 1],
[4, 9, 2, 1], [3, 1, 9, 9], [5, 4, 0, 8], [8, 10, 7, 3], [4, 1, 0, 6], [0, 5, 2, 7], [4, 0, 4, 5], [1, 1, 6, 3], [8, 8, 4, 10], [8, 2, 6, 2],
[4, 4, 8, 2], [1, 4, 5, 5], [5, 3, 10, 4], [6, 1, 9, 0], [10, 3, 3, 9], [2, 9, 1, 8], [5, 3, 7, 2], [5, 1, 2, 10], [5, 10, 1, 7], [1, 4, 10, 5],
[5, 9, 7, 0], [8, 5, 9, 7], [8, 1, 3, 8], [0, 4, 4, 3], [7, 9, 5, 0], [10, 5, 10, 5], [4, 9, 10, 5], [0, 9, 8, 5], [6, 4, 5, 3], [10, 2, 9, 5],
[3, 1, 1, 1], [4, 5, 4, 0], [3, 7, 9, 3], [10, 6, 6, 3], [4, 5, 7, 2], [1, 4, 7, 7], [9, 0, 9, 6], [2, 7, 0, 3], [8, 1, 5, 1], [6, 7, 0, 10],
[2, 7, 0, 1], [3, 6, 3, 7], [9, 8, 10, 10], [10, 4, 5, 6], [4, 1, 1, 4], [8, 2, 8, 3], [1, 0, 3, 6], [5, 1, 3, 5], [8, 3, 5, 0], [9, 6, 6, 5],
[3, 3, 4, 2], [7, 7, 7, 10], [8, 8, 3, 3], [8, 9, 5, 10], [9, 8, 3, 2], [7, 6, 7, 4], [9, 1, 3, 5], [7, 9, 10, 8], [10, 1, 9, 6], [7, 5, 3, 4],
[2, 5, 6, 9], [3, 0, 8, 0], [6, 9, 2, 0], [4, 9, 4, 0], [9, 7, 5, 3], [3, 2, 1, 2], [1, 10, 7, 8], [2, 8, 0, 4], [2, 6, 2, 6], [4, 8, 6, 8],
[6, 6, 8, 8], [4, 10, 8, 2], [5, 0, 6, 8], [0, 5, 9, 2], [4, 3, 8, 4], [0, 8, 8, 3], [1, 9, 7, 3], [4, 0, 0, 9], [6, 6, 6, 8], [6, 2, 0, 0],
[2, 4, 6, 1], [9, 2, 3, 0], [5, 0, 4, 4], [7, 10, 5, 8], [6, 1, 10, 9], [10, 8, 7, 3], [4, 0, 0, 8], [2, 9, 6, 3], [2, 1, 4, 9], [2, 5, 7, 5],
[5, 9, 9, 10], [7, 3, 6, 2], [2, 5, 9, 10], [2, 5, 2, 6], [6, 3, 1, 6], [1, 7, 9, 2], [7, 0, 9, 9], [5, 4, 3, 0], [2, 0, 8, 7], [3, 3, 8, 4],
[8, 6, 3, 9], [1, 6, 4, 5], [7, 6, 0, 6], [0, 8, 6, 7], [8, 5, 5, 3], [9, 7, 1, 9], [7, 9, 6, 8], [2, 1, 10, 8], [7, 3, 6, 8], [7, 9, 0, 1],
[2, 10, 7, 2], [7, 3, 10, 2], [6, 2, 5, 2], [7, 4, 0, 1], [1, 4, 8, 1], [5, 7, 9, 0], [8, 3, 6, 2], [1, 7, 3, 1], [6, 0, 1, 0], [1, 9, 0, 7],
[1, 4, 9, 6], [8, 7, 8, 9], [10, 5, 10, 2], [10, 7, 2, 8], [8, 9, 10, 7], [5, 1, 8, 9], [1, 9, 7, 0], [8, 7, 5, 7], [0, 3, 0, 7], [8, 8, 3, 7]]
[1, 1, 1, 1, 1, 0.2, 0.2, 0.2, 0.2, 0.2,
0.2, 0.2, 0.2, 0.2, 0.2, 0.2, 0.2, 0.2, 0.2, 0.2,
0.2, 0.2, 0.2, 0.2, 0.2, 0.2, 0.2, 0.2, 0.2, 0.2,
0.04, 0.04, 0.04, 0.04, 0.04, 0.04, 0.04, 0.04, 0.04, 0.04,
0.04, 0.04, 0.04, 0.04, 0.04, 0.04, 0.04, 0.04, 0.04, 0.04,
0.04, 0.04, 0.04, 0.04, 0.04, 0.008, 0.008, 0.008, 0.008, 0.008,
0.008, 0.008, 0.008, 0.008, 0.008, 0.008, 0.008, 0.008, 0.008, 0.008,
0.008, 0.008, 0.008, 0.008, 0.008, 0.008, 0.008, 0.008, 0.008, 0.008,
0.0016, 0.0016, 0.0016, 0.0016, 0.0016, 0.0016, 0.0016, 0.0016, 0.0016, 0.0016,
0.0016, 0.0016, 0.0016, 0.0016, 0.0016, 0.0016, 0.0016, 0.0016, 0.0016, 0.0016,
0.0016, 0.0016, 0.0016, 0.0016, 0.0016, 0.00032, 0.00032, 0.00032, 0.00032, 0.00032,
0.00032, 0.00032, 0.00032, 0.00032, 0.00032, 0.00032, 0.00032, 0.00032, 0.00032, 0.00032,
0.00032, 0.00032, 0.00032, 0.00032, 0.00032, 0.00032, 0.00032, 0.00032, 0.00032, 0.00032,
6.4e-05, 6.4e-05, 6.4e-05, 6.4e-05, 6.4e-05, 6.4e-05, 6.4e-05, 6.4e-05, 6.4e-05, 6.4e-05,
6.4e-05, 6.4e-05, 6.4e-05, 6.4e-05, 6.4e-05, 6.4e-05, 6.4e-05, 6.4e-05, 6.4e-05, 6.4e-05,
6.4e-05, 6.4e-05, 6.4e-05, 6.4e-05, 6.4e-05, 1.28e-05, 1.28e-05, 1.28e-05, 1.28e-05, 1.28e-05,
1.28e-05, 1.28e-05, 1.28e-05, 1.28e-05, 1.28e-05, 1.28e-05, 1.28e-05, 1.28e-05, 1.28e-05, 1.28e-05,
1.28e-05, 1.28e-05, 1.28e-05, 1.28e-05, 1.28e-05, 1.28e-05, 1.28e-05, 1.28e-05, 1.28e-05, 1.28e-05]
[12, 9, 3, 6, 8, 9, 7, 1, 2, 15,
17, 17, 7, 7, 9, 1, 19, 7, 5, 12,
3, 18, 17, 15, 5, 6, 15, 8, 5, 11,
3, 7, 6, 18, 0, 10, 16, 6, 19, 6,
7, 10, 0, 4, 17, 3, 11, 16, 9, 14,
8, 17, 16, 11, 8, 4, 1, 10, 17, 19,
2, 7, 6, 15, 1, 9, 5, 7, 1, 9,
15, 16, 11, 2, 13, 15, 9, 12, 18, 2,
17, 13, 9, 0, 10, 3, 6, 6, 18, 18,
14, 10, 8, 10, 3, 9, 8, 7, 15, 12,
1, 3, 8, 6, 2, 2, 10, 0, 19, 8,
7, 15, 12, 6, 14, 6, 14, 4, 3, 13,
6, 1, 11, 18, 16, 5, 4, 11, 15, 8,
8, 17, 8, 9, 3, 8, 9, 2, 15, 15,
7, 18, 1, 4, 11, 10, 11, 14, 1, 2,
17, 18, 11, 10, 2, 1, 7, 5, 2, 1,
13, 5, 10, 3, 6, 0, 7, 1, 11, 17,
9, 15, 11, 1, 13, 18, 17, 3, 6, 3]
------------------------------------------------------- 
# stage = 8	# children c = 5	length of each stage p = 5	nodes = 179	# items I = 1
