[55, 92, 83, 93, 80, 13, 5, 91, 98, 24,
18, 97, 65, 0, 99, 60, 99, 19, 45, 30,
54, 65, 0, 89, 17, 44, 43, 7, 68, 12,
5, 90, 70, 54, 48, 49, 68, 54, 6, 31,
78, 24, 95, 8, 92, 93, 69, 90, 11, 80,
19, 65, 44, 19, 19, 62, 29, 62, 35, 64,
75, 40, 53, 44, 60, 0, 60, 27, 20, 32,
25, 64, 56, 19, 73, 47, 11, 7, 36, 89,
53, 21, 20, 98, 7, 39, 25, 2, 1, 26,
66, 42, 66, 85, 52, 92, 52, 11, 86, 72,
43, 10, 36, 66, 29, 75, 79, 6, 48, 82,
61, 0, 2, 81, 64, 76, 20, 55, 79, 88,
81, 10, 96, 12, 96, 47, 4, 13, 59, 90,
85, 68, 66, 87, 33, 61, 61, 79, 67, 75,
60, 27, 76, 28, 75, 5, 71, 95, 61, 49,
48, 7, 25, 43, 20, 20, 90, 91, 33, 14,
80, 85, 83, 45, 71, 82, 5, 99, 26, 38,
73, 52, 31, 14, 81, 5, 87, 51, 66, 13]
[[1164, 1388, 31], [97, 529, 776], [715, 1275, 655], [592, 1784, 512], [1796, 996, 450], [1929, 1639, 1053], [85, 1604, 1738], [529, 1427, 87], [912, 969, 788], [1803, 1049, 349],
[1721, 1221, 745], [1752, 1319, 282], [1536, 1042, 1558], [257, 642, 1408], [1711, 505, 1413], [227, 1442, 126], [1280, 1527, 1730], [1084, 122, 1223], [180, 42, 1201], [1910, 1845, 316],
[326, 640, 1538], [79, 1400, 1865], [362, 10, 973], [928, 1209, 623], [1344, 987, 1128], [1765, 1214, 636], [1891, 561, 1171], [1688, 1645, 1293], [1919, 833, 343], [194, 810, 1196],
[1453, 144, 1836], [1057, 1165, 1302], [1930, 535, 1312], [1911, 1463, 588], [600, 1816, 1575], [737, 1647, 855], [1373, 1605, 424], [611, 367, 1078], [912, 1294, 1911], [264, 1489, 787],
[1460, 1008, 1873], [1363, 1073, 1105], [1673, 77, 1640], [60, 54, 178], [1590, 1596, 60], [239, 399, 1707], [102, 781, 386], [527, 400, 1695], [1605, 1312, 1056], [1582, 1576, 611],
[1378, 111, 627], [1317, 482, 708], [1430, 221, 785], [1137, 1223, 1781], [323, 879, 1443], [383, 126, 1843], [1098, 229, 690], [493, 756, 1090], [254, 427, 1410], [1310, 1017, 61],
[929, 461, 172], [564, 787, 1596], [1272, 1225, 825], [1065, 428, 115], [912, 1693, 2], [1364, 142, 129], [281, 249, 1300], [971, 742, 122], [1069, 4, 1491], [1487, 1315, 574],
[556, 1252, 44], [1670, 1817, 1773], [1332, 163, 1064], [224, 237, 501], [1281, 1149, 260], [291, 1521, 1345], [420, 1802, 1594], [1720, 1781, 1344], [850, 1858, 1348], [407, 1412, 729],
[1924, 976, 990], [976, 713, 1815], [815, 1053, 44], [887, 1277, 1223], [1388, 1566, 1381], [657, 1858, 968], [68, 1286, 837], [670, 81, 684], [80, 931, 1551], [1428, 347, 1029],
[1166, 337, 1013], [222, 321, 1726], [103, 1136, 846], [1089, 1031, 1131], [1321, 1428, 764], [768, 151, 688], [1736, 1161, 982], [1581, 1831, 1063], [332, 919, 61], [1883, 413, 1350],
[1920, 1579, 695], [999, 809, 1016], [1734, 1854, 1160], [1588, 18, 257], [785, 1339, 1685], [557, 173, 844], [253, 1909, 71], [1236, 1557, 910], [365, 897, 1829], [1368, 1788, 1251],
[784, 782, 896], [1479, 789, 714], [561, 589, 634], [1721, 1185, 652], [987, 37, 57], [1680, 594, 230], [591, 848, 1148], [1604, 150, 1713], [1523, 1457, 1618], [426, 892, 1472],
[1677, 684, 1262], [1582, 230, 117], [362, 1733, 1649], [996, 529, 900], [657, 1516, 1879], [714, 1262, 540], [1887, 1853, 396], [1101, 532, 1488], [1822, 121, 1011], [1506, 547, 911],
[52, 291, 1596], [1314, 881, 1826], [439, 1243, 1625], [1096, 1247, 1162], [1005, 1904, 744], [950, 685, 73], [498, 1580, 934], [894, 1689, 474], [1390, 1577, 595], [468, 157, 151],
[387, 209, 1384], [49, 531, 331], [883, 1912, 582], [1517, 1075, 1829], [745, 146, 1800], [1490, 1096, 1493], [571, 603, 147], [513, 1497, 1836], [988, 1896, 487], [591, 1372, 644],
[1684, 1759, 853], [1134, 1809, 392], [473, 758, 370], [1055, 341, 1445], [1893, 1087, 599], [767, 1585, 704], [326, 1164, 1307], [473, 1677, 1812], [1317, 1673, 1774], [1804, 1273, 1212],
[514, 1023, 1038], [375, 1166, 1855], [767, 647, 1621], [145, 711, 29], [599, 670, 124], [1198, 1437, 717], [910, 771, 1881], [283, 252, 632], [1104, 1569, 372], [944, 1439, 1645],
[1165, 961, 1676], [1211, 1336, 908], [1132, 1111, 1556], [819, 1256, 333], [1790, 863, 11], [922, 128, 1448], [647, 46, 285], [594, 330, 537], [235, 1434, 1114], [607, 1386, 1561]]
[[5, 8, 8, 9], [1, 1, 1, 4], [6, 8, 10, 4], [7, 8, 3, 1], [1, 7, 9, 5], [9, 1, 2, 1], [10, 10, 10, 9], [2, 8, 2, 7], [5, 10, 3, 7], [10, 4, 9, 5],
[2, 8, 8, 7], [4, 9, 6, 5], [6, 4, 10, 4], [6, 10, 3, 3], [7, 1, 1, 9], [9, 1, 5, 3], [0, 7, 8, 8], [0, 6, 1, 0], [2, 7, 6, 6], [5, 1, 9, 0],
[4, 6, 5, 8], [6, 6, 0, 2], [7, 1, 1, 5], [2, 4, 7, 0], [9, 4, 7, 10], [9, 8, 8, 9], [2, 1, 4, 7], [3, 2, 8, 7], [8, 0, 2, 1], [6, 2, 2, 3],
[1, 1, 6, 3], [3, 2, 1, 2], [5, 8, 10, 3], [3, 7, 1, 5], [9, 3, 2, 10], [3, 8, 4, 9], [8, 6, 0, 3], [8, 2, 4, 9], [1, 0, 10, 4], [2, 9, 6, 5],
[7, 5, 8, 8], [0, 7, 3, 7], [10, 3, 6, 2], [0, 8, 1, 8], [3, 10, 9, 9], [10, 1, 5, 0], [1, 4, 4, 1], [0, 9, 7, 7], [3, 2, 3, 3], [10, 6, 8, 9],
[7, 3, 10, 7], [9, 9, 2, 1], [8, 9, 8, 7], [10, 2, 7, 9], [4, 9, 0, 5], [7, 5, 10, 9], [7, 2, 10, 6], [6, 8, 3, 2], [9, 2, 7, 8], [0, 7, 9, 6],
[6, 5, 2, 3], [7, 7, 2, 1], [3, 0, 4, 0], [5, 3, 7, 1], [4, 6, 8, 10], [3, 0, 2, 0], [0, 7, 8, 9], [4, 4, 4, 8], [9, 6, 0, 4], [0, 2, 5, 3],
[2, 7, 1, 5], [10, 6, 7, 1], [2, 4, 1, 3], [2, 1, 3, 0], [8, 9, 9, 10], [3, 2, 7, 10], [8, 8, 3, 6], [8, 8, 7, 9], [2, 7, 3, 0], [2, 10, 1, 4],
[1, 2, 6, 1], [1, 9, 1, 10], [8, 10, 9, 9], [10, 4, 8, 7], [1, 1, 0, 7], [7, 8, 5, 10], [4, 7, 10, 6], [4, 9, 9, 6], [1, 4, 5, 0], [0, 5, 10, 8],
[2, 7, 6, 2], [0, 2, 7, 10], [3, 8, 6, 10], [3, 1, 7, 7], [6, 4, 0, 10], [3, 9, 3, 2], [0, 9, 2, 1], [1, 0, 7, 3], [7, 1, 5, 5], [3, 2, 4, 6],
[8, 8, 3, 0], [7, 9, 5, 2], [2, 3, 2, 3], [0, 5, 5, 0], [1, 8, 1, 2], [8, 7, 6, 2], [8, 0, 5, 0], [0, 7, 4, 6], [4, 5, 6, 1], [3, 9, 1, 4],
[2, 3, 7, 2], [9, 2, 0, 10], [8, 0, 0, 5], [7, 6, 5, 4], [4, 8, 2, 3], [4, 6, 9, 6], [0, 3, 5, 2], [1, 7, 6, 1], [10, 2, 1, 6], [4, 2, 4, 1],
[0, 4, 4, 7], [8, 7, 9, 1], [4, 0, 4, 6], [6, 3, 2, 4], [4, 7, 6, 5], [1, 1, 7, 10], [4, 6, 3, 6], [8, 7, 8, 8], [9, 10, 2, 6], [5, 0, 6, 9],
[0, 8, 3, 4], [9, 5, 9, 2], [10, 4, 8, 10], [6, 2, 9, 8], [8, 1, 3, 4], [7, 9, 1, 3], [7, 2, 8, 1], [2, 3, 10, 1], [0, 0, 5, 10], [5, 3, 1, 3],
[6, 7, 2, 10], [7, 9, 7, 5], [10, 8, 7, 4], [5, 8, 8, 1], [8, 5, 2, 0], [6, 10, 1, 6], [0, 4, 3, 3], [8, 3, 6, 1], [8, 6, 0, 5], [4, 5, 8, 2],
[0, 4, 6, 5], [10, 3, 6, 8], [6, 6, 8, 1], [6, 7, 6, 6], [0, 7, 9, 6], [10, 3, 5, 8], [9, 5, 0, 3], [8, 8, 3, 7], [1, 9, 10, 9], [0, 6, 6, 6],
[1, 1, 8, 5], [8, 1, 0, 7], [8, 8, 0, 6], [0, 6, 3, 9], [9, 1, 10, 5], [9, 2, 1, 8], [10, 0, 6, 10], [4, 2, 5, 4], [1, 0, 9, 10], [1, 8, 4, 8],
[5, 4, 3, 5], [10, 4, 1, 9], [5, 10, 1, 1], [10, 2, 9, 9], [0, 2, 6, 5], [4, 10, 9, 4], [10, 5, 3, 10], [2, 5, 7, 5], [7, 8, 8, 5], [1, 8, 3, 4]]
[1, 1, 1, 1, 1, 0.2, 0.2, 0.2, 0.2, 0.2,
0.2, 0.2, 0.2, 0.2, 0.2, 0.2, 0.2, 0.2, 0.2, 0.2,
0.2, 0.2, 0.2, 0.2, 0.2, 0.2, 0.2, 0.2, 0.2, 0.2,
0.04, 0.04, 0.04, 0.04, 0.04, 0.04, 0.04, 0.04, 0.04, 0.04,
0.04, 0.04, 0.04, 0.04, 0.04, 0.04, 0.04, 0.04, 0.04, 0.04,
0.04, 0.04, 0.04, 0.04, 0.04, 0.008, 0.008, 0.008, 0.008, 0.008,
0.008, 0.008, 0.008, 0.008, 0.008, 0.008, 0.008, 0.008, 0.008, 0.008,
0.008, 0.008, 0.008, 0.008, 0.008, 0.008, 0.008, 0.008, 0.008, 0.008,
0.0016, 0.0016, 0.0016, 0.0016, 0.0016, 0.0016, 0.0016, 0.0016, 0.0016, 0.0016,
0.0016, 0.0016, 0.0016, 0.0016, 0.0016, 0.0016, 0.0016, 0.0016, 0.0016, 0.0016,
0.0016, 0.0016, 0.0016, 0.0016, 0.0016, 0.00032, 0.00032, 0.00032, 0.00032, 0.00032,
0.00032, 0.00032, 0.00032, 0.00032, 0.00032, 0.00032, 0.00032, 0.00032, 0.00032, 0.00032,
0.00032, 0.00032, 0.00032, 0.00032, 0.00032, 0.00032, 0.00032, 0.00032, 0.00032, 0.00032,
6.4e-05, 6.4e-05, 6.4e-05, 6.4e-05, 6.4e-05, 6.4e-05, 6.4e-05, 6.4e-05, 6.4e-05, 6.4e-05,
6.4e-05, 6.4e-05, 6.4e-05, 6.4e-05, 6.4e-05, 6.4e-05, 6.4e-05, 6.4e-05, 6.4e-05, 6.4e-05,
6.4e-05, 6.4e-05, 6.4e-05, 6.4e-05, 6.4e-05, 1.28e-05, 1.28e-05, 1.28e-05, 1.28e-05, 1.28e-05,
1.28e-05, 1.28e-05, 1.28e-05, 1.28e-05, 1.28e-05, 1.28e-05, 1.28e-05, 1.28e-05, 1.28e-05, 1.28e-05,
1.28e-05, 1.28e-05, 1.28e-05, 1.28e-05, 1.28e-05, 1.28e-05, 1.28e-05, 1.28e-05, 1.28e-05, 1.28e-05]
[7, 2, 2, 6, 7, 9, 2, 7, 5, 0,
2, 7, 8, 9, 8, 9, 8, 6, 8, 9,
8, 9, 9, 8, 9, 0, 9, 0, 9, 2,
7, 4, 7, 9, 5, 3, 9, 8, 9, 3,
1, 2, 4, 2, 2, 2, 8, 9, 9, 2,
9, 0, 0, 8, 9, 9, 6, 2, 6, 6,
1, 1, 0, 8, 1, 8, 0, 2, 0, 1,
4, 9, 6, 5, 8, 2, 5, 2, 6, 8,
7, 3, 6, 9, 7, 8, 6, 4, 2, 6,
3, 4, 4, 7, 1, 3, 4, 7, 1, 0,
0, 2, 0, 3, 7, 5, 2, 3, 7, 0,
7, 8, 9, 6, 5, 2, 7, 6, 2, 2,
0, 3, 0, 0, 7, 8, 5, 0, 4, 0,
5, 7, 9, 3, 4, 4, 8, 9, 5, 8,
4, 3, 4, 8, 4, 0, 3, 7, 2, 7,
0, 4, 2, 9, 5, 6, 5, 0, 7, 0,
9, 4, 7, 9, 6, 1, 1, 8, 1, 5,
6, 7, 3, 3, 0, 6, 3, 7, 4, 5]
------------------------------------------------------- 
# stage = 8	# children c = 5	length of each stage p = 5	nodes = 179	# items I = 1
