[96, 7, 85, 100, 39, 87, 62, 76, 50, 82,
70, 18, 12, 30, 20, 97, 16, 24, 92, 69,
12, 75, 36, 8, 94, 32, 43, 21, 83, 84,
49, 45, 57, 34, 44, 62, 20, 5, 37, 36,
53, 73, 54, 65]
[[1262, 437, 1450], [760, 1840, 1786], [1709, 592, 1183], [551, 2031, 1161], [1944, 983, 1259], [2026, 820, 188], [771, 1004, 1222], [2012, 2088, 1163], [1381, 1420, 691], [39, 1501, 866],
[1222, 663, 1303], [1548, 299, 1042], [1233, 884, 510], [1292, 1435, 440], [1329, 154, 300], [488, 1056, 1120], [1653, 704, 24], [1751, 615, 11], [813, 1997, 1432], [380, 2036, 1809],
[1246, 33, 1348], [1425, 1581, 523], [1344, 1690, 1408], [1854, 1859, 1719], [1171, 1087, 1874], [1471, 451, 1806], [490, 3, 409], [1491, 630, 1025], [1503, 319, 1898], [1811, 699, 709],
[1519, 821, 1720], [1744, 146, 76], [166, 366, 1767], [1574, 1096, 1525], [1193, 166, 1488], [1943, 1637, 1940], [524, 1004, 1943], [934, 394, 473], [835, 1897, 1769], [1609, 483, 368],
[217, 879, 65], [1937, 522, 211], [2014, 688, 1554], [556, 1139, 550]]
[[3, 8, 3, 10], [0, 3, 0, 6], [2, 0, 3, 5], [0, 1, 9, 4], [8, 9, 10, 2], [10, 1, 1, 10], [6, 4, 0, 3], [7, 6, 1, 10], [2, 4, 7, 0], [5, 5, 6, 8],
[6, 7, 0, 4], [8, 10, 8, 3], [6, 6, 5, 3], [5, 6, 2, 1], [9, 0, 4, 3], [4, 6, 0, 6], [8, 7, 6, 3], [10, 0, 9, 5], [7, 9, 7, 3], [6, 3, 6, 10],
[7, 10, 2, 1], [3, 2, 2, 1], [2, 7, 4, 7], [0, 2, 0, 8], [9, 5, 0, 7], [5, 7, 10, 1], [6, 7, 2, 10], [8, 9, 10, 4], [6, 10, 5, 9], [2, 8, 9, 2],
[4, 0, 7, 4], [3, 8, 1, 10], [2, 0, 6, 7], [7, 6, 6, 0], [0, 9, 9, 8], [5, 6, 1, 0], [3, 6, 9, 5], [3, 7, 6, 5], [8, 2, 7, 9], [10, 7, 8, 1],
[7, 4, 6, 1], [8, 2, 0, 8], [9, 7, 3, 1], [2, 4, 1, 5]]
[1, 1, 0.333333, 0.333333, 0.333333, 0.333333, 0.333333, 0.333333, 0.111111, 0.111111,
0.111111, 0.111111, 0.111111, 0.111111, 0.037037, 0.037037, 0.037037, 0.037037, 0.037037, 0.037037,
0.0123457, 0.0123457, 0.0123457, 0.0123457, 0.0123457, 0.0123457, 0.00411523, 0.00411523, 0.00411523, 0.00411523,
0.00411523, 0.00411523, 0.00137174, 0.00137174, 0.00137174, 0.00137174, 0.00137174, 0.00137174, 0.000457247, 0.000457247,
0.000457247, 0.000457247, 0.000457247, 0.000457247]
[9, 3, 9, 10, 2, 10, 6, 9, 2, 5,
1, 4, 3, 5, 4, 7, 4, 5, 3, 3,
10, 3, 4, 0, 1, 4, 7, 4, 8, 5,
10, 1, 7, 4, 7, 3, 4, 7, 4, 0,
8, 6, 1, 1]
------------------------------------------------------- 
# stage = 8	# children c = 3	length of each stage p = 2	nodes = 43	# items I = 1
