[22, 42, 34, 4, 78, 97, 29, 95, 14, 13,
40, 93, 2, 13, 94, 92, 79, 80, 96, 44,
39, 1, 12, 57, 85, 20, 6, 8, 49, 42,
41, 37, 51, 75, 42, 28, 37, 37, 90, 18,
51, 29, 10, 53, 42, 3, 10, 87, 49, 73,
30, 55, 74, 8, 11, 25, 28, 84, 100, 43,
26, 40, 81, 77, 81, 89, 71, 17, 25, 60,
35, 76, 90, 12, 96, 98, 82, 5, 85, 31,
44, 14, 86, 85, 90, 63, 9, 17, 47, 75,
61, 39, 81, 7, 82, 61, 96, 18, 78, 20,
79, 80, 97, 34, 58, 92, 31, 39, 63, 82,
70, 7, 63, 21, 92, 52, 51, 67, 35, 98,
41, 62, 2, 21, 69, 50, 48, 64, 68, 92]
[[1692, 152, 231], [1498, 876, 1890], [1871, 1124, 482], [1829, 1271, 260], [1416, 715, 1294], [1457, 810, 405], [799, 404, 150], [1091, 700, 1228], [1187, 1278, 1796], [1237, 74, 1506],
[148, 1080, 1658], [1727, 545, 500], [1583, 1730, 1624], [1380, 839, 176], [954, 1569, 205], [215, 993, 1016], [620, 1792, 734], [771, 849, 1434], [1999, 1350, 2026], [1076, 1901, 66],
[548, 15, 460], [1520, 1743, 1005], [1334, 606, 15], [239, 1986, 169], [415, 907, 1738], [620, 436, 11], [950, 1056, 1803], [1684, 1141, 1966], [1084, 421, 596], [390, 1497, 463],
[456, 1359, 1827], [917, 845, 850], [1236, 1493, 770], [566, 1732, 37], [735, 113, 944], [1787, 48, 694], [1799, 998, 1750], [882, 649, 858], [815, 1047, 1279], [1411, 1438, 56],
[1189, 1208, 1415], [296, 1439, 1574], [460, 642, 1033], [1230, 522, 732], [1267, 571, 159], [1525, 1672, 207], [185, 1437, 1206], [1936, 286, 1169], [74, 415, 182], [1353, 1140, 1620],
[723, 1643, 795], [104, 1939, 200], [1678, 365, 156], [2025, 1596, 678], [37, 143, 563], [197, 1669, 202], [404, 1854, 953], [924, 1070, 1239], [59, 1144, 968], [242, 1811, 75],
[1862, 500, 1032], [1971, 1952, 938], [138, 910, 617], [1642, 902, 1527], [287, 939, 1671], [164, 1136, 1306], [366, 855, 1126], [634, 1093, 1511], [1873, 1153, 1969], [122, 709, 1747],
[1545, 1885, 1561], [543, 1823, 1480], [795, 1275, 356], [1413, 883, 1258], [906, 484, 1512], [543, 649, 614], [1849, 329, 783], [256, 963, 1877], [1767, 117, 310], [1016, 239, 1019],
[729, 1784, 870], [257, 1641, 659], [1051, 403, 1934], [1407, 1816, 784], [1980, 2, 1268], [1458, 546, 1231], [1386, 1709, 1561], [1484, 1279, 1838], [641, 326, 1955], [951, 1343, 1508],
[1970, 38, 572], [806, 1643, 180], [780, 660, 583], [680, 1382, 1713], [778, 642, 1029], [1361, 1414, 1575], [558, 80, 565], [1433, 1564, 1844], [1238, 171, 137], [1159, 1122, 1480],
[1982, 372, 1518], [520, 1179, 442], [700, 1959, 1102], [597, 1953, 1798], [1624, 12, 406], [620, 1373, 1820], [1509, 1245, 1215], [40, 645, 745], [1885, 1197, 231], [2022, 1670, 667],
[1468, 1618, 1040], [266, 105, 1533], [708, 119, 772], [1125, 717, 691], [889, 1655, 703], [610, 241, 1390], [1744, 1065, 602], [925, 1105, 561], [985, 956, 1758], [1216, 944, 1394],
[1883, 1726, 979], [203, 1993, 1084], [1736, 667, 517], [474, 1792, 1234], [1166, 1996, 170], [1183, 1920, 411], [1888, 944, 790], [456, 1184, 1896], [1017, 135, 818], [741, 665, 1077]]
[[6, 1, 4, 2], [1, 4, 9, 2], [1, 8, 9, 7], [0, 6, 1, 10], [4, 10, 6, 9], [2, 10, 8, 8], [10, 7, 6, 2], [1, 4, 1, 7], [4, 3, 9, 5], [8, 5, 5, 9],
[3, 4, 5, 1], [8, 4, 10, 2], [1, 5, 9, 3], [5, 6, 9, 2], [0, 4, 5, 2], [9, 6, 7, 2], [9, 4, 5, 6], [9, 0, 2, 10], [4, 6, 1, 10], [10, 0, 10, 10],
[5, 8, 0, 10], [2, 10, 0, 2], [3, 5, 4, 10], [0, 10, 10, 9], [3, 5, 3, 1], [5, 3, 10, 7], [9, 0, 6, 7], [9, 6, 6, 3], [3, 6, 1, 5], [5, 1, 6, 7],
[4, 8, 6, 4], [7, 4, 0, 10], [9, 1, 10, 1], [5, 9, 8, 3], [7, 1, 8, 5], [5, 3, 6, 9], [10, 5, 1, 2], [4, 7, 9, 8], [5, 3, 10, 10], [7, 9, 10, 5],
[10, 7, 6, 2], [3, 1, 6, 10], [0, 3, 4, 6], [5, 8, 4, 4], [3, 3, 4, 5], [9, 3, 1, 1], [6, 0, 0, 2], [9, 8, 5, 9], [4, 9, 0, 7], [8, 4, 4, 8],
[6, 6, 3, 9], [4, 5, 0, 5], [9, 4, 8, 5], [5, 9, 6, 0], [10, 4, 0, 8], [0, 3, 4, 4], [1, 3, 10, 9], [5, 3, 5, 9], [8, 8, 7, 1], [3, 5, 4, 10],
[10, 1, 4, 4], [0, 8, 3, 8], [10, 3, 3, 10], [7, 8, 4, 6], [9, 1, 3, 1], [2, 8, 9, 10], [3, 3, 9, 6], [9, 2, 3, 8], [2, 7, 10, 2], [2, 2, 10, 2],
[4, 2, 1, 9], [8, 3, 4, 4], [4, 5, 4, 5], [0, 2, 4, 4], [3, 3, 8, 1], [3, 1, 7, 5], [6, 7, 5, 9], [7, 2, 0, 0], [3, 10, 9, 9], [3, 1, 3, 5],
[6, 5, 10, 5], [5, 2, 9, 8], [3, 6, 8, 6], [5, 4, 10, 1], [9, 4, 10, 6], [7, 8, 6, 10], [7, 5, 8, 8], [4, 9, 3, 8], [1, 0, 2, 6], [0, 0, 2, 3],
[5, 10, 8, 10], [1, 5, 9, 0], [7, 8, 6, 3], [5, 10, 0, 0], [2, 7, 8, 6], [3, 9, 4, 3], [10, 4, 9, 8], [5, 9, 10, 8], [8, 5, 5, 8], [10, 4, 8, 6],
[10, 1, 8, 5], [0, 6, 3, 3], [0, 0, 9, 2], [10, 0, 5, 7], [5, 1, 4, 8], [0, 1, 3, 6], [6, 8, 3, 3], [10, 9, 8, 10], [10, 3, 2, 0], [7, 3, 1, 8],
[3, 8, 8, 0], [9, 2, 7, 1], [1, 10, 9, 1], [9, 10, 6, 5], [5, 7, 6, 5], [6, 3, 2, 3], [4, 2, 1, 1], [5, 2, 9, 6], [0, 6, 7, 7], [6, 1, 8, 7],
[0, 4, 7, 10], [3, 2, 2, 8], [9, 6, 0, 2], [8, 0, 4, 1], [2, 5, 2, 5], [8, 0, 1, 6], [4, 8, 2, 10], [9, 8, 5, 8], [1, 1, 5, 2], [3, 5, 10, 10]]
[1, 1, 1, 1, 1, 0.2, 0.2, 0.2, 0.2, 0.2,
0.2, 0.2, 0.2, 0.2, 0.2, 0.2, 0.2, 0.2, 0.2, 0.2,
0.2, 0.2, 0.2, 0.2, 0.2, 0.2, 0.2, 0.2, 0.2, 0.2,
0.04, 0.04, 0.04, 0.04, 0.04, 0.04, 0.04, 0.04, 0.04, 0.04,
0.04, 0.04, 0.04, 0.04, 0.04, 0.04, 0.04, 0.04, 0.04, 0.04,
0.04, 0.04, 0.04, 0.04, 0.04, 0.008, 0.008, 0.008, 0.008, 0.008,
0.008, 0.008, 0.008, 0.008, 0.008, 0.008, 0.008, 0.008, 0.008, 0.008,
0.008, 0.008, 0.008, 0.008, 0.008, 0.008, 0.008, 0.008, 0.008, 0.008,
0.0016, 0.0016, 0.0016, 0.0016, 0.0016, 0.0016, 0.0016, 0.0016, 0.0016, 0.0016,
0.0016, 0.0016, 0.0016, 0.0016, 0.0016, 0.0016, 0.0016, 0.0016, 0.0016, 0.0016,
0.0016, 0.0016, 0.0016, 0.0016, 0.0016, 0.00032, 0.00032, 0.00032, 0.00032, 0.00032,
0.00032, 0.00032, 0.00032, 0.00032, 0.00032, 0.00032, 0.00032, 0.00032, 0.00032, 0.00032,
0.00032, 0.00032, 0.00032, 0.00032, 0.00032, 0.00032, 0.00032, 0.00032, 0.00032, 0.00032]
[0, 9, 3, 2, 7, 3, 1, 5, 4, 5,
10, 4, 6, 2, 8, 8, 10, 9, 4, 1,
0, 7, 1, 2, 8, 2, 8, 8, 5, 4,
9, 7, 2, 7, 4, 4, 0, 3, 7, 2,
10, 10, 9, 7, 6, 4, 7, 10, 4, 2,
2, 9, 3, 10, 3, 2, 3, 4, 6, 1,
8, 3, 2, 1, 5, 0, 8, 4, 6, 7,
2, 6, 8, 2, 9, 0, 6, 0, 10, 0,
4, 9, 5, 7, 4, 6, 10, 9, 10, 4,
3, 4, 3, 2, 2, 5, 0, 4, 2, 4,
1, 0, 8, 3, 6, 3, 9, 3, 8, 10,
6, 4, 4, 10, 6, 0, 8, 5, 3, 0,
0, 4, 9, 6, 10, 6, 8, 10, 3, 6]
------------------------------------------------------- 
# stage = 6	# children c = 5	length of each stage p = 5	nodes = 129	# items I = 1
