[81, 38, 20, 25, 53, 51, 4, 70, 36, 28,
6, 19, 6, 29, 41, 37, 58, 40, 55, 47]
[[923, 270, 23], [529, 552, 524], [487, 690, 829], [579, 187, 929], [917, 164, 349], [66, 195, 819], [311, 607, 843], [16, 881, 617], [2, 841, 536], [936, 317, 64],
[301, 249, 803], [324, 256, 364], [327, 743, 532], [634, 800, 197], [572, 727, 830], [399, 271, 504], [227, 582, 120], [548, 76, 479], [175, 79, 329], [189, 493, 647]]
[[7, 0, 6, 5], [6, 5, 3, 5], [10, 6, 8, 10], [1, 7, 1, 6], [0, 9, 0, 7], [4, 7, 3, 6], [8, 6, 8, 1], [3, 0, 10, 10], [10, 6, 2, 5], [0, 3, 8, 10],
[7, 5, 7, 6], [2, 7, 1, 0], [3, 10, 5, 8], [7, 7, 3, 4], [2, 9, 3, 3], [10, 2, 1, 9], [8, 3, 1, 7], [5, 9, 4, 10], [2, 10, 6, 2], [4, 5, 0, 7]]
[1, 1, 0.333333, 0.333333, 0.333333, 0.333333, 0.333333, 0.333333, 0.111111, 0.111111,
0.111111, 0.111111, 0.111111, 0.111111, 0.037037, 0.037037, 0.037037, 0.037037, 0.037037, 0.037037]
[5, 0, 15, 14, 0, 19, 6, 5, 1, 4,
12, 6, 13, 19, 9, 16, 6, 1, 4, 9]
------------------------------------------------------- 
# stage = 4	# children c = 3	length of each stage p = 2	nodes = 19	# items I = 1
