[80, 100, 9, 89, 22, 55, 38, 100, 45, 15,
31, 2, 22, 59, 69, 76, 36, 64, 36, 40,
51, 23, 42, 15, 75, 47, 33, 37, 14, 55,
68, 60, 54, 77, 14, 42, 98, 53, 8, 8,
34, 39, 11, 56, 99, 46, 31, 0, 10, 67,
41, 27, 57, 83, 42, 31, 96, 42, 34, 9,
97, 1, 35, 16, 44, 49, 59, 8]
[[13, 287, 101], [1055, 1015, 801], [494, 141, 549], [264, 121, 1029], [939, 101, 116], [202, 958, 907], [788, 182, 95], [637, 370, 324], [526, 458, 84], [791, 777, 270],
[749, 790, 557], [850, 92, 960], [1039, 1116, 1101], [446, 769, 611], [334, 566, 712], [980, 156, 1058], [134, 944, 98], [759, 969, 998], [472, 353, 315], [556, 532, 1092],
[214, 139, 128], [160, 378, 750], [1120, 275, 113], [468, 722, 270], [1079, 444, 224], [37, 812, 380], [483, 946, 183], [1111, 564, 540], [967, 1036, 894], [670, 980, 284],
[8, 582, 954], [137, 742, 720], [275, 721, 995], [918, 577, 1105], [46, 1044, 937], [270, 1081, 608], [39, 952, 942], [752, 921, 364], [150, 746, 788], [1044, 275, 14],
[717, 283, 597], [1059, 950, 197], [637, 614, 306], [1020, 390, 883], [372, 967, 785], [167, 625, 112], [163, 664, 1064], [1106, 274, 843], [858, 955, 978], [505, 245, 111],
[1049, 962, 924], [504, 879, 121], [90, 904, 735], [926, 783, 513], [668, 13, 868], [841, 710, 352], [954, 874, 404], [876, 838, 67], [1108, 554, 1022], [944, 447, 125],
[443, 355, 1088], [755, 247, 213], [876, 867, 1118], [999, 652, 147], [901, 178, 160], [627, 407, 870], [367, 219, 602], [772, 484, 828]]
[[4, 7, 10, 0], [3, 0, 5, 5], [5, 8, 5, 1], [4, 5, 8, 0], [0, 3, 3, 8], [6, 10, 1, 4], [10, 10, 4, 2], [10, 4, 10, 2], [9, 7, 0, 2], [8, 6, 7, 0],
[1, 1, 1, 5], [4, 9, 4, 4], [10, 7, 1, 3], [5, 2, 7, 2], [1, 10, 4, 10], [3, 3, 10, 2], [0, 10, 2, 6], [3, 9, 6, 4], [9, 5, 8, 2], [1, 1, 7, 10],
[6, 6, 2, 0], [9, 8, 3, 8], [5, 7, 5, 8], [9, 4, 8, 9], [4, 10, 2, 5], [7, 8, 10, 5], [0, 5, 7, 1], [6, 1, 9, 1], [8, 1, 0, 4], [7, 3, 10, 1],
[8, 5, 7, 6], [7, 5, 2, 9], [2, 4, 4, 9], [10, 1, 3, 10], [6, 9, 10, 1], [8, 8, 0, 5], [7, 0, 7, 3], [1, 7, 2, 10], [10, 10, 3, 6], [2, 6, 5, 2],
[10, 7, 1, 8], [8, 2, 7, 1], [0, 4, 0, 7], [2, 0, 1, 9], [10, 7, 0, 0], [3, 0, 8, 2], [8, 1, 6, 10], [5, 9, 2, 2], [5, 1, 10, 0], [3, 5, 1, 2],
[9, 1, 9, 0], [0, 8, 8, 10], [4, 8, 10, 5], [8, 8, 5, 6], [7, 1, 3, 10], [10, 3, 1, 3], [2, 1, 3, 4], [6, 3, 6, 4], [2, 2, 3, 2], [8, 0, 1, 0],
[6, 10, 5, 1], [5, 9, 7, 10], [10, 9, 9, 7], [10, 10, 8, 0], [9, 1, 4, 4], [2, 8, 7, 4], [10, 10, 7, 5], [8, 6, 5, 3]]
[1, 1, 0.333333, 0.333333, 0.333333, 0.333333, 0.333333, 0.333333, 0.111111, 0.111111,
0.111111, 0.111111, 0.111111, 0.111111, 0.037037, 0.037037, 0.037037, 0.037037, 0.037037, 0.037037,
0.0123457, 0.0123457, 0.0123457, 0.0123457, 0.0123457, 0.0123457, 0.00411523, 0.00411523, 0.00411523, 0.00411523,
0.00411523, 0.00411523, 0.00137174, 0.00137174, 0.00137174, 0.00137174, 0.00137174, 0.00137174, 0.000457247, 0.000457247,
0.000457247, 0.000457247, 0.000457247, 0.000457247, 0.000152416, 0.000152416, 0.000152416, 0.000152416, 0.000152416, 0.000152416,
5.08053e-05, 5.08053e-05, 5.08053e-05, 5.08053e-05, 5.08053e-05, 5.08053e-05, 1.69351e-05, 1.69351e-05, 1.69351e-05, 1.69351e-05,
1.69351e-05, 1.69351e-05, 5.64503e-06, 5.64503e-06, 5.64503e-06, 5.64503e-06, 5.64503e-06, 5.64503e-06]
[8, 9, 8, 1, 2, 7, 3, 2, 10, 1,
9, 10, 0, 4, 7, 1, 7, 9, 7, 1,
5, 9, 3, 10, 10, 6, 3, 7, 5, 10,
3, 0, 2, 11, 0, 10, 5, 5, 7, 1,
0, 9, 7, 6, 7, 10, 8, 6, 0, 3,
9, 10, 5, 6, 4, 11, 11, 7, 5, 4,
2, 3, 8, 4, 6, 2, 4, 2]
------------------------------------------------------- 
# stage = 12	# children c = 3	length of each stage p = 2	nodes = 67	# items I = 1
