[25, 30, 42, 15, 9, 13, 64, 64, 60, 53,
87, 22, 38, 37, 34, 15, 12, 41, 64, 18,
80, 27, 21]
[[1610, 1084, 363], [1539, 1982, 743], [2072, 2156, 303], [1583, 2056, 1998], [215, 1340, 1117], [369, 1175, 1531], [677, 1948, 85], [1231, 2105, 1920], [1552, 858, 1195], [151, 300, 1687],
[135, 1984, 597], [498, 1424, 479], [1242, 1396, 462], [1545, 806, 418], [1370, 1021, 1832], [387, 1390, 908], [1992, 2141, 682], [2077, 1198, 687], [1823, 577, 1545], [919, 802, 1919],
[506, 1011, 1804], [1103, 1584, 1054], [1656, 652, 276]]
[[10, 5, 5, 4], [0, 6, 0, 3], [8, 7, 1, 5], [7, 6, 5, 6], [0, 9, 2, 0], [7, 5, 9, 6], [10, 7, 10, 10], [10, 8, 0, 9], [2, 3, 1, 1], [8, 1, 2, 5],
[9, 3, 8, 3], [9, 2, 8, 9], [0, 10, 9, 6], [2, 6, 1, 1], [2, 9, 0, 10], [6, 9, 6, 9], [2, 7, 10, 8], [7, 1, 2, 3], [2, 10, 4, 0], [10, 1, 10, 0],
[9, 6, 6, 0], [1, 5, 1, 1], [4, 0, 9, 10]]
[1, 0.5, 0.5, 0.25, 0.25, 0.125, 0.125, 0.0625, 0.0625, 0.03125,
0.03125, 0.015625, 0.015625, 0.0078125, 0.0078125, 0.00390625, 0.00390625, 0.00195312, 0.00195312, 0.000976562,
0.000976562, 0.000488281, 0.000488281]
[13, 5, 6, 8, 19, 2, 6, 17, 3, 18,
16, 3, 11, 4, 21, 14, 11, 20, 13, 17,
3, 16, 4]
------------------------------------------------------- 
# stage = 12	# children c = 2	length of each stage p = 1	nodes = 22	# items I = 1
