[59, 100, 7, 17, 54, 60, 25, 56, 37, 93,
92, 36, 12, 20, 37, 25, 13, 40, 39, 80,
29, 89, 99]
[[650, 342, 117], [1025, 1043, 272], [314, 956, 899], [329, 617, 333], [741, 244, 569], [601, 218, 542], [687, 308, 331], [499, 696, 556], [48, 186, 797], [789, 935, 432],
[173, 924, 775], [708, 870, 78], [981, 523, 373], [140, 852, 990], [474, 933, 573], [382, 455, 130], [264, 63, 438], [1013, 980, 473], [490, 368, 659], [626, 496, 933],
[1059, 8, 117], [94, 56, 327], [172, 1037, 850]]
[[9, 3, 2, 9], [6, 5, 7, 6], [4, 9, 6, 8], [9, 7, 10, 8], [6, 10, 1, 4], [3, 5, 5, 9], [5, 3, 6, 10], [6, 1, 1, 2], [4, 3, 10, 9], [7, 6, 4, 0],
[2, 9, 6, 10], [5, 6, 7, 0], [3, 8, 2, 6], [0, 5, 2, 5], [8, 6, 2, 1], [7, 3, 2, 0], [4, 1, 7, 0], [5, 1, 1, 8], [10, 5, 7, 2], [9, 1, 0, 1],
[7, 2, 5, 7], [5, 7, 10, 1], [0, 10, 0, 7]]
[1, 0.5, 0.5, 0.25, 0.25, 0.125, 0.125, 0.0625, 0.0625, 0.03125,
0.03125, 0.015625, 0.015625, 0.0078125, 0.0078125, 0.00390625, 0.00390625, 0.00195312, 0.00195312, 0.000976562,
0.000976562, 0.000488281, 0.000488281]
[10, 9, 17, 6, 11, 3, 17, 14, 5, 5,
21, 15, 16, 11, 18, 6, 11, 9, 2, 5,
19, 15, 15]
------------------------------------------------------- 
# stage = 12	# children c = 2	length of each stage p = 1	nodes = 22	# items I = 1
