[21, 93, 32, 63, 54, 1, 65, 77, 70, 87,
33, 95, 98, 88, 7, 34, 17, 57, 97, 14,
41, 80, 85, 38, 29, 82, 77, 30, 29, 56,
60, 16, 14, 58, 45, 69, 25, 9, 45, 95,
63, 78, 56, 26]
[[1254, 121, 671], [44, 693, 593], [3, 371, 840], [1020, 989, 161], [711, 620, 750], [363, 728, 1111], [1327, 242, 1524], [1057, 348, 500], [634, 560, 1130], [168, 1510, 276],
[1408, 1184, 398], [389, 1339, 1202], [1093, 1453, 1573], [242, 782, 983], [515, 1604, 1603], [1265, 387, 751], [686, 135, 993], [630, 1192, 1452], [1241, 135, 432], [791, 414, 362],
[1067, 132, 1547], [1465, 521, 1306], [976, 34, 1069], [970, 276, 160], [262, 902, 185], [285, 477, 572], [1036, 1274, 707], [339, 324, 320], [211, 1565, 455], [644, 776, 870],
[1006, 152, 1113], [973, 38, 54], [589, 1014, 88], [1658, 404, 475], [238, 666, 1378], [423, 951, 164], [1107, 408, 1549], [123, 858, 182], [443, 1069, 167], [1010, 133, 943],
[300, 1140, 1206], [1413, 533, 1244], [1578, 1122, 679], [1666, 1200, 1083]]
[[1, 4, 10, 0], [3, 8, 4, 10], [5, 8, 5, 4], [6, 0, 6, 8], [3, 9, 0, 9], [7, 2, 10, 1], [3, 10, 6, 6], [10, 6, 3, 0], [8, 0, 9, 1], [6, 3, 0, 0],
[0, 6, 5, 4], [6, 9, 1, 7], [6, 10, 5, 2], [2, 5, 3, 3], [2, 7, 9, 1], [2, 10, 2, 0], [10, 9, 1, 4], [1, 10, 4, 10], [3, 7, 3, 9], [4, 3, 3, 10],
[2, 7, 1, 2], [10, 2, 5, 1], [10, 3, 0, 10], [0, 2, 8, 9], [10, 9, 2, 0], [7, 4, 9, 10], [10, 1, 7, 3], [2, 8, 2, 3], [4, 1, 5, 1], [1, 0, 0, 9],
[1, 1, 9, 2], [1, 6, 9, 0], [3, 0, 10, 8], [4, 8, 7, 3], [7, 3, 4, 8], [1, 4, 0, 3], [5, 5, 3, 5], [3, 3, 3, 5], [2, 10, 5, 4], [4, 3, 2, 5],
[1, 10, 2, 5], [7, 9, 7, 2], [0, 0, 10, 10], [3, 8, 0, 8]]
[1, 1, 0.333333, 0.333333, 0.333333, 0.333333, 0.333333, 0.333333, 0.111111, 0.111111,
0.111111, 0.111111, 0.111111, 0.111111, 0.037037, 0.037037, 0.037037, 0.037037, 0.037037, 0.037037,
0.0123457, 0.0123457, 0.0123457, 0.0123457, 0.0123457, 0.0123457, 0.00411523, 0.00411523, 0.00411523, 0.00411523,
0.00411523, 0.00411523, 0.00137174, 0.00137174, 0.00137174, 0.00137174, 0.00137174, 0.00137174, 0.000457247, 0.000457247,
0.000457247, 0.000457247, 0.000457247, 0.000457247]
[0, 6, 11, 1, 1, 9, 0, 1, 4, 8,
11, 16, 16, 12, 9, 11, 15, 15, 11, 8,
5, 0, 5, 16, 16, 5, 16, 8, 1, 12,
13, 10, 14, 11, 16, 12, 11, 9, 12, 8,
14, 3, 8, 12]
------------------------------------------------------- 
# stage = 8	# children c = 3	length of each stage p = 2	nodes = 43	# items I = 1
