[54, 20, 69, 18, 1, 77, 6, 58, 15, 74,
39, 73, 89, 57, 3, 34, 33, 84, 63, 28,
73, 56, 8, 68, 82, 97, 90, 66, 40, 100,
50, 61, 19, 85, 79, 87, 61, 51, 10, 42,
92, 15, 15, 80, 38, 85, 14, 71, 34, 77,
65, 73, 100, 74, 41, 81, 36, 30, 47, 77,
97, 63, 37, 15, 48, 82, 69, 75, 33, 79,
17, 24, 61, 99, 70, 99, 49, 84, 70, 49,
27, 0, 21, 93, 74, 62, 73, 77, 59, 86,
19, 55, 15, 22, 36, 29, 3, 4, 3, 36,
50, 87]
[[831, 605, 728], [1036, 146, 1038], [588, 793, 356], [736, 1060, 130], [12, 694, 538], [927, 362, 102], [931, 456, 360], [45, 493, 957], [578, 480, 1052], [799, 490, 1037],
[758, 261, 581], [425, 236, 177], [913, 824, 421], [719, 1010, 420], [849, 472, 564], [838, 849, 926], [390, 719, 322], [750, 764, 265], [97, 282, 196], [88, 20, 686],
[64, 778, 947], [95, 653, 122], [784, 1016, 396], [144, 674, 857], [564, 462, 268], [67, 750, 57], [444, 80, 226], [216, 280, 441], [992, 377, 723], [127, 977, 193],
[814, 491, 421], [700, 37, 524], [273, 821, 479], [669, 965, 92], [976, 979, 4], [184, 496, 755], [752, 940, 285], [428, 606, 565], [869, 538, 393], [531, 665, 309],
[174, 929, 250], [595, 569, 287], [58, 292, 47], [1048, 961, 462], [79, 327, 380], [84, 511, 327], [289, 713, 717], [574, 80, 263], [589, 400, 251], [982, 381, 916],
[741, 556, 235], [992, 601, 804], [729, 660, 546], [227, 97, 957], [689, 177, 223], [520, 772, 734], [297, 0, 897], [1014, 24, 428], [216, 63, 828], [467, 496, 148],
[834, 176, 154], [8, 618, 756], [262, 287, 866], [258, 1025, 963], [154, 653, 79], [378, 623, 301], [562, 920, 812], [399, 874, 836], [277, 540, 350], [44, 458, 846],
[703, 742, 1022], [858, 200, 30], [553, 973, 828], [358, 170, 792], [260, 324, 895], [851, 152, 458], [91, 715, 828], [904, 564, 91], [129, 841, 82], [479, 335, 1051],
[264, 1038, 732], [226, 285, 382], [767, 838, 294], [534, 646, 975], [265, 907, 238], [99, 147, 391], [7, 238, 556], [286, 81, 59], [377, 722, 350], [970, 140, 685],
[960, 405, 112], [631, 81, 398], [463, 848, 686], [757, 321, 272], [671, 36, 629], [360, 646, 776], [201, 104, 464], [757, 390, 1057], [816, 217, 718], [105, 127, 858],
[240, 26, 202], [352, 108, 794]]
[[9, 10, 1, 9], [10, 10, 6, 4], [5, 2, 8, 5], [7, 6, 2, 10], [1, 10, 1, 0], [1, 6, 1, 7], [4, 3, 10, 4], [5, 10, 5, 4], [7, 5, 2, 7], [4, 6, 9, 10],
[9, 6, 2, 5], [0, 4, 2, 1], [4, 2, 2, 3], [6, 1, 10, 0], [2, 8, 4, 8], [7, 7, 10, 2], [1, 10, 9, 6], [5, 7, 3, 3], [3, 5, 7, 3], [7, 7, 4, 9],
[9, 4, 2, 5], [4, 10, 5, 6], [5, 9, 1, 0], [5, 0, 2, 5], [10, 0, 9, 3], [5, 1, 4, 8], [4, 0, 9, 9], [8, 1, 8, 4], [3, 8, 9, 7], [5, 1, 3, 0],
[8, 2, 0, 1], [3, 2, 6, 0], [0, 4, 3, 3], [3, 8, 1, 5], [6, 8, 3, 3], [7, 9, 6, 0], [4, 4, 7, 10], [4, 8, 10, 1], [0, 8, 2, 1], [8, 6, 1, 6],
[8, 3, 9, 9], [0, 8, 3, 6], [6, 5, 8, 2], [1, 3, 0, 6], [5, 8, 5, 9], [3, 2, 9, 1], [8, 0, 2, 5], [5, 2, 9, 2], [5, 7, 1, 5], [5, 2, 9, 9],
[7, 4, 9, 9], [5, 10, 2, 9], [5, 5, 5, 8], [7, 3, 10, 2], [2, 10, 5, 7], [1, 3, 7, 6], [8, 6, 9, 0], [9, 6, 9, 3], [10, 6, 10, 3], [5, 1, 1, 10],
[6, 6, 5, 0], [10, 4, 2, 1], [2, 7, 6, 3], [8, 2, 8, 6], [9, 6, 4, 7], [1, 3, 8, 10], [9, 8, 2, 1], [9, 3, 0, 3], [7, 5, 3, 6], [8, 4, 5, 10],
[9, 9, 0, 5], [1, 8, 0, 8], [2, 2, 2, 1], [5, 10, 0, 1], [7, 2, 2, 4], [3, 0, 5, 9], [4, 6, 2, 1], [10, 8, 9, 7], [6, 7, 1, 5], [5, 10, 2, 5],
[1, 2, 6, 5], [2, 7, 6, 7], [7, 7, 9, 9], [5, 3, 7, 9], [10, 9, 8, 7], [4, 4, 3, 9], [1, 2, 3, 4], [1, 4, 9, 3], [4, 2, 8, 6], [9, 1, 1, 4],
[6, 8, 2, 1], [1, 7, 8, 9], [5, 4, 3, 10], [8, 5, 6, 7], [7, 7, 0, 9], [9, 7, 1, 3], [8, 7, 7, 6], [8, 8, 8, 2], [6, 10, 3, 5], [6, 9, 1, 10],
[2, 4, 7, 0], [7, 2, 7, 4]]
[1, 1, 1, 0.333333, 0.333333, 0.333333, 0.333333, 0.333333, 0.333333, 0.333333,
0.333333, 0.333333, 0.111111, 0.111111, 0.111111, 0.111111, 0.111111, 0.111111, 0.111111, 0.111111,
0.111111, 0.037037, 0.037037, 0.037037, 0.037037, 0.037037, 0.037037, 0.037037, 0.037037, 0.037037,
0.0123457, 0.0123457, 0.0123457, 0.0123457, 0.0123457, 0.0123457, 0.0123457, 0.0123457, 0.0123457, 0.00411523,
0.00411523, 0.00411523, 0.00411523, 0.00411523, 0.00411523, 0.00411523, 0.00411523, 0.00411523, 0.00137174, 0.00137174,
0.00137174, 0.00137174, 0.00137174, 0.00137174, 0.00137174, 0.00137174, 0.00137174, 0.000457247, 0.000457247, 0.000457247,
0.000457247, 0.000457247, 0.000457247, 0.000457247, 0.000457247, 0.000457247, 0.000152416, 0.000152416, 0.000152416, 0.000152416,
0.000152416, 0.000152416, 0.000152416, 0.000152416, 0.000152416, 5.08053e-05, 5.08053e-05, 5.08053e-05, 5.08053e-05, 5.08053e-05,
5.08053e-05, 5.08053e-05, 5.08053e-05, 5.08053e-05, 1.69351e-05, 1.69351e-05, 1.69351e-05, 1.69351e-05, 1.69351e-05, 1.69351e-05,
1.69351e-05, 1.69351e-05, 1.69351e-05, 5.64503e-06, 5.64503e-06, 5.64503e-06, 5.64503e-06, 5.64503e-06, 5.64503e-06, 5.64503e-06,
5.64503e-06, 5.64503e-06]
[3, 2, 2, 10, 8, 10, 10, 10, 10, 8,
6, 6, 3, 6, 2, 5, 2, 9, 1, 7,
8, 3, 10, 4, 0, 2, 10, 2, 0, 8,
9, 4, 4, 4, 9, 0, 5, 2, 2, 1,
8, 8, 7, 5, 7, 10, 0, 3, 4, 8,
3, 7, 5, 0, 3, 9, 9, 4, 3, 2,
7, 1, 3, 10, 7, 6, 0, 6, 10, 1,
1, 9, 3, 5, 8, 3, 7, 9, 5, 3,
1, 9, 10, 3, 7, 5, 1, 6, 4, 8,
3, 3, 2, 7, 5, 3, 5, 2, 4, 9,
6, 6]
------------------------------------------------------- 
# stage = 12	# children c = 3	length of each stage p = 3	nodes = 101	# items I = 1
