[96, 62, 29, 64, 0, 1, 23, 41, 72, 51,
20, 47, 64, 30, 93, 23, 23, 97, 38, 71,
10, 8, 53, 69, 50, 21, 10, 14, 89, 27,
24, 84, 55, 53, 14, 55, 54, 3, 63, 26,
54, 83, 39, 84]
[[844, 1088, 906], [1021, 513, 200], [780, 312, 417], [575, 900, 175], [114, 670, 195], [452, 814, 517], [446, 359, 907], [170, 325, 306], [185, 415, 453], [965, 1064, 516],
[456, 754, 449], [1129, 620, 962], [175, 13, 1042], [592, 588, 787], [767, 469, 303], [729, 922, 1117], [92, 1135, 88], [766, 151, 181], [840, 103, 596], [1060, 835, 273],
[421, 137, 794], [637, 111, 26], [212, 53, 39], [99, 412, 394], [886, 946, 864], [34, 521, 398], [918, 380, 378], [774, 1146, 296], [955, 598, 400], [396, 504, 1002],
[436, 925, 906], [75, 175, 1018], [102, 387, 838], [1063, 486, 96], [303, 217, 1042], [934, 19, 175], [177, 704, 555], [555, 323, 314], [619, 123, 679], [1019, 287, 28],
[633, 490, 721], [385, 566, 896], [15, 435, 1050], [853, 343, 381]]
[[3, 2, 9, 1], [6, 9, 10, 3], [10, 7, 1, 5], [5, 1, 4, 6], [5, 7, 8, 9], [0, 2, 3, 3], [1, 6, 3, 2], [7, 1, 3, 10], [1, 2, 9, 7], [9, 7, 8, 6],
[3, 7, 9, 7], [9, 2, 0, 3], [7, 8, 10, 7], [9, 3, 9, 10], [9, 1, 1, 3], [0, 5, 3, 10], [5, 10, 4, 1], [6, 2, 7, 8], [9, 5, 4, 7], [8, 4, 9, 2],
[10, 8, 8, 8], [0, 6, 6, 8], [5, 5, 9, 4], [8, 10, 3, 2], [10, 8, 3, 3], [8, 8, 0, 6], [3, 2, 1, 9], [6, 10, 0, 4], [7, 8, 10, 6], [3, 5, 1, 7],
[9, 10, 0, 6], [10, 3, 7, 7], [9, 8, 10, 6], [6, 9, 2, 9], [0, 1, 5, 5], [0, 5, 9, 5], [3, 8, 0, 4], [3, 10, 0, 1], [8, 9, 5, 7], [0, 1, 1, 9],
[10, 0, 5, 5], [9, 5, 1, 10], [6, 6, 4, 4], [9, 2, 9, 10]]
[1, 1, 0.333333, 0.333333, 0.333333, 0.333333, 0.333333, 0.333333, 0.111111, 0.111111,
0.111111, 0.111111, 0.111111, 0.111111, 0.037037, 0.037037, 0.037037, 0.037037, 0.037037, 0.037037,
0.0123457, 0.0123457, 0.0123457, 0.0123457, 0.0123457, 0.0123457, 0.00411523, 0.00411523, 0.00411523, 0.00411523,
0.00411523, 0.00411523, 0.00137174, 0.00137174, 0.00137174, 0.00137174, 0.00137174, 0.00137174, 0.000457247, 0.000457247,
0.000457247, 0.000457247, 0.000457247, 0.000457247]
[5, 8, 4, 10, 8, 1, 9, 4, 3, 3,
11, 7, 2, 6, 6, 4, 9, 1, 0, 7,
8, 2, 1, 1, 1, 6, 11, 10, 1, 11,
5, 10, 0, 5, 3, 0, 4, 5, 0, 2,
3, 2, 2, 1]
------------------------------------------------------- 
# stage = 8	# children c = 3	length of each stage p = 2	nodes = 43	# items I = 1
