[19, 17, 29, 22, 90, 75, 58, 56, 28, 87,
82, 39, 33, 58, 62, 24, 54, 13, 98, 24,
91, 24, 23, 93, 30, 13, 99, 48, 13, 55,
67, 99, 72, 63, 88, 28, 3, 45, 50, 98,
98, 32, 37, 97, 56, 99, 20, 9, 11, 84,
100, 2, 75, 89, 61, 4, 1, 26, 18, 81,
81, 85, 80, 19, 13, 33, 47, 83, 78, 97,
81, 42, 95, 84, 38, 50, 48, 25, 26, 26]
[[1107, 725, 1113], [726, 22, 1719], [137, 712, 966], [392, 773, 917], [1719, 1464, 1566], [1508, 5, 1263], [1227, 139, 1733], [1623, 1576, 1226], [1456, 676, 1420], [350, 1837, 90],
[461, 1055, 827], [1586, 1794, 849], [1404, 30, 1574], [469, 435, 446], [1387, 253, 9], [1064, 1773, 27], [438, 1100, 166], [283, 834, 1743], [1521, 389, 530], [1041, 739, 478],
[1143, 1212, 1534], [70, 898, 1439], [931, 401, 1469], [604, 883, 15], [1051, 381, 269], [1072, 1457, 153], [1099, 6, 1265], [1278, 289, 198], [1120, 1811, 587], [1662, 963, 1327],
[252, 205, 638], [1798, 287, 1548], [1336, 1231, 49], [916, 1847, 944], [932, 1009, 1325], [1213, 181, 893], [1366, 1292, 899], [731, 669, 1189], [929, 1801, 1111], [1517, 1563, 173],
[955, 1815, 390], [1605, 1712, 690], [1253, 1159, 20], [1314, 174, 1879], [357, 1106, 988], [1694, 430, 1169], [698, 1797, 572], [1597, 639, 1242], [897, 1580, 1142], [107, 1196, 816],
[292, 262, 742], [683, 1880, 565], [1373, 1232, 1724], [1405, 657, 10], [1383, 1026, 1128], [482, 819, 1559], [1651, 1517, 1467], [335, 1225, 205], [1577, 222, 1785], [830, 329, 1093],
[1659, 634, 1367], [500, 1317, 1346], [1078, 801, 689], [901, 317, 1346], [923, 1712, 471], [151, 294, 1302], [1722, 56, 930], [1288, 391, 255], [1505, 79, 489], [1401, 910, 818],
[605, 680, 1452], [72, 1192, 880], [1430, 369, 1693], [219, 1283, 109], [1577, 305, 1822], [148, 468, 227], [1462, 289, 283], [492, 1577, 675], [759, 1193, 754], [1248, 694, 1676]]
[[1, 1, 0, 9], [6, 5, 9, 6], [4, 5, 4, 6], [7, 0, 1, 3], [8, 5, 1, 9], [5, 4, 0, 2], [7, 3, 3, 10], [6, 1, 9, 5], [1, 9, 2, 5], [2, 9, 0, 4],
[2, 4, 10, 7], [4, 0, 10, 10], [3, 9, 9, 9], [2, 9, 0, 7], [10, 1, 7, 3], [1, 3, 9, 2], [0, 9, 7, 0], [7, 5, 4, 9], [10, 2, 5, 1], [0, 3, 10, 4],
[1, 8, 0, 2], [4, 9, 9, 4], [10, 3, 7, 0], [5, 3, 2, 5], [1, 7, 5, 7], [2, 7, 3, 10], [9, 9, 9, 8], [10, 8, 1, 0], [5, 10, 2, 8], [8, 10, 1, 7],
[0, 6, 6, 5], [8, 8, 8, 7], [3, 0, 3, 5], [6, 7, 4, 2], [3, 2, 10, 2], [9, 9, 0, 1], [8, 1, 9, 5], [0, 8, 0, 9], [2, 6, 2, 10], [1, 10, 6, 2],
[9, 8, 7, 4], [4, 0, 6, 7], [1, 6, 7, 10], [2, 7, 0, 0], [8, 8, 3, 6], [5, 1, 5, 7], [7, 7, 4, 7], [4, 0, 9, 2], [8, 4, 4, 10], [2, 0, 4, 3],
[4, 0, 0, 6], [5, 10, 4, 1], [7, 8, 5, 10], [9, 8, 5, 4], [4, 9, 9, 7], [7, 5, 7, 2], [9, 1, 1, 1], [10, 5, 2, 3], [3, 3, 7, 7], [0, 1, 8, 5],
[9, 2, 4, 5], [0, 9, 9, 2], [6, 7, 7, 2], [2, 4, 5, 9], [5, 4, 10, 2], [8, 2, 5, 9], [3, 10, 5, 3], [0, 0, 8, 7], [1, 1, 2, 10], [9, 9, 1, 2],
[4, 7, 4, 4], [0, 7, 2, 3], [10, 2, 5, 7], [2, 8, 5, 5], [5, 9, 8, 6], [9, 5, 0, 10], [4, 0, 9, 0], [10, 9, 2, 1], [3, 5, 5, 3], [1, 7, 4, 0]]
[1, 1, 1, 1, 1, 0.333333, 0.333333, 0.333333, 0.333333, 0.333333,
0.333333, 0.333333, 0.333333, 0.333333, 0.333333, 0.333333, 0.333333, 0.333333, 0.333333, 0.333333,
0.111111, 0.111111, 0.111111, 0.111111, 0.111111, 0.111111, 0.111111, 0.111111, 0.111111, 0.111111,
0.111111, 0.111111, 0.111111, 0.111111, 0.111111, 0.037037, 0.037037, 0.037037, 0.037037, 0.037037,
0.037037, 0.037037, 0.037037, 0.037037, 0.037037, 0.037037, 0.037037, 0.037037, 0.037037, 0.037037,
0.0123457, 0.0123457, 0.0123457, 0.0123457, 0.0123457, 0.0123457, 0.0123457, 0.0123457, 0.0123457, 0.0123457,
0.0123457, 0.0123457, 0.0123457, 0.0123457, 0.0123457, 0.00411523, 0.00411523, 0.00411523, 0.00411523, 0.00411523,
0.00411523, 0.00411523, 0.00411523, 0.00411523, 0.00411523, 0.00411523, 0.00411523, 0.00411523, 0.00411523, 0.00411523]
[4, 9, 15, 15, 12, 0, 18, 10, 0, 11,
12, 5, 6, 13, 9, 0, 1, 7, 19, 3,
15, 11, 10, 16, 8, 19, 4, 9, 6, 18,
4, 13, 12, 14, 14, 2, 12, 14, 19, 18,
1, 0, 13, 7, 17, 7, 16, 10, 12, 11,
5, 7, 18, 5, 8, 18, 12, 15, 12, 9,
0, 14, 1, 8, 5, 4, 4, 1, 10, 13,
1, 8, 5, 2, 11, 19, 13, 12, 15, 12]
------------------------------------------------------- 
# stage = 6	# children c = 3	length of each stage p = 5	nodes = 79	# items I = 1
