[30, 26, 22, 52, 49, 85, 91, 99, 0, 50,
4, 13, 5, 33, 3, 95, 36, 90, 26, 55,
37, 95, 100, 7, 4, 36, 97, 76, 98, 43,
41, 27]
[[303, 369, 568], [184, 101, 92], [322, 215, 518], [838, 940, 119], [954, 344, 248], [102, 117, 174], [929, 350, 338], [323, 765, 259], [250, 776, 583], [934, 229, 666],
[884, 548, 25], [427, 733, 127], [535, 45, 358], [43, 883, 272], [162, 828, 632], [427, 946, 750], [601, 865, 74], [955, 163, 855], [204, 413, 621], [788, 337, 866],
[444, 196, 389], [470, 639, 112], [597, 164, 157], [955, 223, 31], [218, 385, 875], [850, 828, 795], [574, 420, 651], [664, 349, 814], [509, 570, 217], [104, 348, 570],
[971, 792, 782], [350, 252, 395]]
[[1, 5, 0, 5], [2, 9, 10, 6], [7, 4, 5, 3], [3, 1, 6, 0], [5, 10, 6, 3], [7, 4, 0, 10], [1, 1, 4, 9], [8, 2, 3, 8], [5, 3, 0, 7], [10, 10, 3, 5],
[2, 8, 8, 5], [8, 1, 4, 2], [0, 8, 3, 5], [10, 4, 4, 0], [3, 8, 10, 10], [10, 2, 7, 4], [3, 7, 10, 2], [7, 2, 5, 9], [8, 0, 1, 5], [1, 3, 6, 1],
[0, 7, 4, 0], [0, 9, 0, 2], [4, 8, 1, 4], [10, 8, 6, 2], [4, 5, 3, 9], [5, 8, 5, 1], [9, 5, 4, 10], [8, 10, 10, 9], [7, 3, 9, 5], [10, 7, 5, 4],
[5, 6, 6, 2], [1, 1, 3, 6]]
[1, 1, 0.333333, 0.333333, 0.333333, 0.333333, 0.333333, 0.333333, 0.111111, 0.111111,
0.111111, 0.111111, 0.111111, 0.111111, 0.037037, 0.037037, 0.037037, 0.037037, 0.037037, 0.037037,
0.0123457, 0.0123457, 0.0123457, 0.0123457, 0.0123457, 0.0123457, 0.00411523, 0.00411523, 0.00411523, 0.00411523,
0.00411523, 0.00411523]
[12, 14, 6, 3, 5, 6, 1, 13, 15, 6,
4, 0, 20, 1, 14, 4, 13, 1, 17, 4,
1, 1, 2, 9, 11, 12, 13, 11, 0, 6,
3, 15]
------------------------------------------------------- 
# stage = 6	# children c = 3	length of each stage p = 2	nodes = 31	# items I = 1
