[65, 53, 78, 38, 31, 73, 51, 66, 97, 93,
82, 61, 29, 46, 68, 0, 14, 37, 86, 68,
69, 51, 59, 55, 0, 100, 20, 0, 66, 94,
91, 97, 12, 68, 0, 10, 7, 51, 42, 3,
9, 23, 64, 38, 70, 98, 38, 84, 34, 90,
17, 70, 40, 76, 91, 41, 41, 10, 7, 73,
70, 98, 70, 49, 32, 36, 59, 39]
[[97, 370, 605], [503, 592, 44], [20, 467, 298], [869, 765, 136], [578, 38, 305], [286, 742, 250], [471, 222, 334], [168, 113, 622], [83, 182, 84], [317, 207, 125],
[927, 304, 496], [476, 744, 32], [521, 700, 499], [755, 514, 208], [827, 100, 183], [141, 322, 925], [391, 793, 91], [661, 897, 204], [292, 980, 386], [376, 242, 593],
[501, 177, 834], [933, 590, 522], [965, 55, 230], [409, 810, 680], [617, 645, 780], [736, 722, 46], [605, 122, 839], [696, 719, 745], [901, 19, 669], [295, 395, 911],
[825, 833, 33], [667, 774, 559], [133, 748, 614], [363, 101, 368], [52, 718, 949], [768, 399, 680], [815, 12, 738], [598, 709, 465], [287, 618, 485], [893, 849, 816],
[812, 618, 593], [781, 293, 312], [348, 426, 4], [898, 726, 105], [274, 714, 759], [232, 426, 166], [848, 185, 179], [594, 784, 888], [3, 15, 450], [488, 908, 307],
[249, 665, 926], [842, 454, 163], [98, 739, 526], [102, 581, 196], [207, 856, 846], [967, 32, 280], [141, 880, 466], [256, 418, 194], [88, 421, 145], [538, 846, 62],
[782, 39, 663], [652, 817, 61], [751, 916, 800], [285, 26, 390], [417, 170, 190], [271, 145, 158], [552, 222, 974], [954, 415, 400]]
[[10, 10, 10, 6], [10, 3, 7, 9], [6, 2, 0, 3], [8, 7, 1, 10], [6, 10, 2, 2], [1, 7, 7, 6], [5, 2, 10, 6], [4, 0, 10, 1], [8, 7, 8, 7], [10, 2, 4, 5],
[2, 4, 6, 10], [9, 5, 10, 4], [2, 10, 5, 4], [7, 1, 10, 10], [3, 7, 5, 5], [7, 2, 7, 4], [9, 2, 9, 6], [2, 2, 9, 4], [6, 5, 4, 5], [8, 1, 7, 0],
[9, 10, 4, 3], [0, 1, 2, 1], [8, 5, 5, 2], [7, 10, 6, 5], [1, 2, 0, 3], [5, 8, 5, 9], [2, 9, 1, 10], [8, 7, 8, 7], [6, 1, 10, 5], [2, 2, 6, 8],
[5, 0, 10, 2], [8, 3, 5, 9], [6, 4, 10, 9], [1, 5, 7, 3], [1, 7, 0, 10], [3, 7, 4, 7], [8, 3, 1, 9], [3, 6, 4, 9], [4, 2, 9, 2], [3, 3, 9, 7],
[7, 9, 5, 8], [1, 0, 9, 0], [7, 8, 8, 8], [2, 1, 4, 8], [3, 6, 6, 4], [1, 9, 2, 5], [0, 9, 7, 1], [2, 6, 9, 7], [2, 3, 3, 1], [1, 10, 1, 8],
[7, 8, 5, 9], [9, 8, 5, 10], [3, 0, 4, 4], [7, 6, 7, 5], [3, 2, 7, 5], [8, 5, 10, 8], [6, 2, 9, 8], [2, 8, 3, 7], [5, 9, 4, 4], [6, 9, 3, 7],
[7, 5, 9, 4], [1, 5, 7, 2], [7, 3, 7, 2], [6, 4, 8, 0], [7, 6, 8, 7], [4, 0, 3, 7], [7, 7, 0, 0], [3, 2, 7, 0]]
[1, 1, 0.333333, 0.333333, 0.333333, 0.333333, 0.333333, 0.333333, 0.111111, 0.111111,
0.111111, 0.111111, 0.111111, 0.111111, 0.037037, 0.037037, 0.037037, 0.037037, 0.037037, 0.037037,
0.0123457, 0.0123457, 0.0123457, 0.0123457, 0.0123457, 0.0123457, 0.00411523, 0.00411523, 0.00411523, 0.00411523,
0.00411523, 0.00411523, 0.00137174, 0.00137174, 0.00137174, 0.00137174, 0.00137174, 0.00137174, 0.000457247, 0.000457247,
0.000457247, 0.000457247, 0.000457247, 0.000457247, 0.000152416, 0.000152416, 0.000152416, 0.000152416, 0.000152416, 0.000152416,
5.08053e-05, 5.08053e-05, 5.08053e-05, 5.08053e-05, 5.08053e-05, 5.08053e-05, 1.69351e-05, 1.69351e-05, 1.69351e-05, 1.69351e-05,
1.69351e-05, 1.69351e-05, 5.64503e-06, 5.64503e-06, 5.64503e-06, 5.64503e-06, 5.64503e-06, 5.64503e-06]
[11, 1, 3, 8, 6, 4, 7, 0, 6, 10,
8, 17, 6, 12, 11, 4, 10, 4, 9, 12,
0, 19, 16, 1, 2, 19, 17, 5, 4, 3,
6, 18, 17, 14, 7, 5, 6, 19, 9, 8,
4, 6, 16, 17, 14, 8, 0, 1, 12, 19,
13, 19, 1, 13, 11, 6, 1, 0, 16, 9,
10, 15, 15, 3, 3, 19, 6, 7]
------------------------------------------------------- 
# stage = 12	# children c = 3	length of each stage p = 2	nodes = 67	# items I = 1
