[24, 28, 68, 36, 35, 66, 72, 34, 65, 34,
93, 43, 37, 87, 66, 6, 100, 3, 38, 82]
[[1202, 20, 977], [1367, 1041, 910], [1578, 850, 559], [40, 2023, 1244], [1847, 1670, 967], [1562, 629, 419], [791, 1091, 1625], [574, 1479, 173], [635, 1551, 267], [1023, 118, 808],
[1161, 1906, 1414], [463, 1012, 194], [1373, 330, 1045], [257, 956, 1393], [1501, 542, 802], [793, 429, 1432], [1212, 1807, 262], [1162, 120, 66], [1335, 755, 1618], [2188, 103, 61]]
[[0, 0, 6, 3], [4, 6, 7, 2], [6, 9, 0, 1], [5, 1, 5, 10], [8, 3, 0, 3], [9, 7, 1, 9], [10, 9, 4, 1], [10, 10, 8, 9], [10, 3, 1, 1], [7, 8, 3, 3],
[5, 1, 4, 8], [2, 7, 7, 10], [0, 6, 2, 7], [0, 1, 5, 10], [9, 7, 9, 8], [4, 7, 6, 3], [10, 6, 2, 7], [3, 3, 8, 6], [4, 10, 4, 6], [7, 9, 5, 7]]
[1, 1, 0.333333, 0.333333, 0.333333, 0.333333, 0.333333, 0.333333, 0.111111, 0.111111,
0.111111, 0.111111, 0.111111, 0.111111, 0.037037, 0.037037, 0.037037, 0.037037, 0.037037, 0.037037]
[20, 12, 21, 17, 19, 8, 22, 2, 22, 22,
18, 21, 1, 3, 1, 16, 22, 11, 12, 1]
------------------------------------------------------- 
# stage = 4	# children c = 3	length of each stage p = 2	nodes = 19	# items I = 1
