[33, 25, 80, 58, 71, 70, 97, 84, 58, 48,
94, 57, 72, 22, 84, 9, 30, 50, 28, 1]
[[211, 686, 362], [234, 237, 582], [148, 903, 271], [1088, 154, 475], [96, 217, 842], [457, 94, 117], [1189, 683, 942], [1021, 62, 771], [113, 250, 255], [1081, 710, 67],
[336, 922, 1186], [698, 387, 654], [511, 535, 356], [782, 854, 511], [488, 182, 1160], [129, 1071, 53], [246, 290, 1169], [420, 111, 30], [1191, 224, 712], [677, 536, 222]]
[[10, 1, 2, 3], [8, 2, 6, 5], [5, 9, 2, 4], [9, 8, 10, 6], [10, 4, 3, 8], [4, 9, 7, 7], [7, 7, 0, 6], [7, 5, 10, 4], [7, 10, 5, 2], [1, 0, 5, 5],
[8, 6, 7, 6], [1, 6, 0, 0], [0, 3, 6, 2], [10, 3, 9, 6], [10, 7, 2, 4], [1, 1, 6, 6], [1, 0, 9, 0], [10, 1, 3, 5], [7, 10, 0, 8], [4, 9, 7, 4]]
[1, 1, 0.333333, 0.333333, 0.333333, 0.333333, 0.333333, 0.333333, 0.111111, 0.111111,
0.111111, 0.111111, 0.111111, 0.111111, 0.037037, 0.037037, 0.037037, 0.037037, 0.037037, 0.037037]
[3, 3, 6, 2, 0, 4, 4, 7, 10, 0,
6, 12, 10, 12, 9, 5, 0, 12, 5, 10]
------------------------------------------------------- 
# stage = 4	# children c = 3	length of each stage p = 2	nodes = 19	# items I = 1
