[80, 58, 82, 11, 10, 89, 21, 2, 4, 20,
87, 89, 21, 58, 38, 30, 31, 57, 0, 9,
82, 8, 45, 60, 57, 11, 75, 37, 78, 5,
4, 57, 29, 86, 34, 39, 41, 22, 7, 45,
8, 60, 33, 30, 18, 38, 26, 15, 95, 26,
91, 42, 0, 35, 2, 57, 13, 43, 60, 91,
14, 30, 14, 44, 83, 14, 49, 23, 36]
[[1276, 1154, 944], [937, 808, 679], [1252, 337, 1931], [1252, 604, 2081], [105, 1681, 2021], [2135, 2092, 317], [1693, 1394, 1127], [713, 1438, 1219], [287, 1163, 778], [1361, 1406, 1581],
[784, 513, 439], [1729, 1450, 1119], [239, 406, 1456], [1, 1530, 1932], [1955, 1636, 1316], [1807, 1474, 1240], [1996, 870, 337], [826, 1583, 1648], [2046, 1742, 642], [527, 934, 2048],
[1981, 1719, 265], [251, 1151, 1587], [1370, 1262, 1865], [658, 1136, 1227], [293, 922, 566], [1610, 432, 2040], [553, 259, 741], [890, 957, 27], [369, 706, 1770], [884, 1234, 407],
[635, 918, 2126], [772, 1169, 1108], [191, 242, 202], [2056, 772, 1210], [986, 1066, 2132], [1552, 379, 395], [1295, 932, 526], [1908, 1694, 1483], [1936, 1936, 21], [1537, 651, 1127],
[1944, 1158, 2045], [1774, 1931, 917], [585, 2122, 1159], [659, 1881, 1932], [1869, 699, 829], [1832, 2123, 1080], [2099, 1250, 2012], [456, 989, 1409], [1940, 756, 1176], [1961, 2165, 1827],
[919, 1813, 817], [667, 1290, 579], [1584, 1875, 404], [574, 238, 116], [337, 2107, 687], [1038, 1643, 642], [2118, 1445, 1764], [1833, 1902, 584], [1074, 1673, 1213], [81, 1337, 1081],
[1781, 2128, 725], [301, 626, 2015], [752, 41, 1594], [1156, 487, 1832], [1144, 697, 1642], [1832, 1607, 988], [177, 1429, 265], [1941, 965, 2039], [228, 2039, 1415]]
[[4, 10, 2, 2], [6, 2, 10, 4], [9, 0, 3, 2], [4, 1, 5, 5], [2, 0, 6, 0], [8, 8, 7, 7], [10, 1, 9, 1], [9, 1, 3, 0], [0, 5, 2, 6], [5, 0, 9, 3],
[0, 1, 3, 3], [2, 6, 6, 4], [4, 10, 2, 2], [7, 10, 9, 7], [9, 5, 6, 7], [6, 7, 5, 4], [2, 8, 10, 5], [8, 6, 7, 6], [8, 10, 7, 10], [6, 0, 2, 10],
[10, 4, 10, 7], [3, 6, 1, 0], [0, 5, 5, 6], [1, 0, 8, 1], [8, 6, 5, 3], [1, 1, 7, 9], [0, 4, 9, 4], [4, 9, 2, 2], [2, 1, 9, 4], [8, 8, 4, 6],
[2, 9, 0, 1], [9, 8, 1, 4], [3, 6, 5, 5], [7, 2, 3, 5], [4, 10, 10, 6], [8, 10, 8, 9], [9, 4, 2, 6], [1, 4, 0, 1], [0, 0, 3, 8], [6, 4, 1, 10],
[10, 7, 2, 4], [7, 5, 9, 0], [3, 6, 4, 9], [5, 2, 7, 4], [4, 7, 8, 6], [0, 8, 7, 10], [6, 8, 7, 2], [10, 8, 1, 9], [2, 3, 2, 7], [6, 1, 5, 7],
[7, 10, 6, 0], [10, 0, 4, 3], [8, 1, 7, 6], [8, 2, 5, 3], [10, 10, 5, 10], [8, 4, 6, 8], [5, 7, 3, 10], [6, 8, 6, 0], [7, 10, 0, 4], [9, 2, 8, 4],
[4, 4, 10, 10], [4, 3, 2, 2], [2, 6, 10, 8], [10, 5, 4, 5], [10, 7, 4, 5], [4, 8, 6, 10], [6, 4, 3, 4], [7, 9, 8, 9], [1, 5, 8, 5]]
[1, 1, 1, 0.5, 0.5, 0.5, 0.5, 0.5, 0.5, 0.25,
0.25, 0.25, 0.25, 0.25, 0.25, 0.125, 0.125, 0.125, 0.125, 0.125,
0.125, 0.0625, 0.0625, 0.0625, 0.0625, 0.0625, 0.0625, 0.03125, 0.03125, 0.03125,
0.03125, 0.03125, 0.03125, 0.015625, 0.015625, 0.015625, 0.015625, 0.015625, 0.015625, 0.0078125,
0.0078125, 0.0078125, 0.0078125, 0.0078125, 0.0078125, 0.00390625, 0.00390625, 0.00390625, 0.00390625, 0.00390625,
0.00390625, 0.00195312, 0.00195312, 0.00195312, 0.00195312, 0.00195312, 0.00195312, 0.000976562, 0.000976562, 0.000976562,
0.000976562, 0.000976562, 0.000976562, 0.000488281, 0.000488281, 0.000488281, 0.000488281, 0.000488281, 0.000488281]
[8, 7, 6, 9, 7, 8, 9, 3, 7, 5,
4, 0, 8, 7, 2, 5, 1, 4, 10, 4,
9, 0, 10, 9, 4, 1, 2, 7, 0, 8,
3, 8, 2, 9, 3, 7, 1, 4, 8, 4,
3, 6, 2, 1, 4, 1, 8, 10, 0, 0,
9, 1, 10, 9, 2, 2, 3, 7, 9, 4,
3, 7, 1, 8, 0, 1, 0, 4, 1]
------------------------------------------------------- 
# stage = 12	# children c = 2	length of each stage p = 3	nodes = 68	# items I = 1
