[5, 80, 36, 70, 29, 75, 5, 57, 30, 84,
95, 82, 92, 69, 61, 97, 55, 92, 6, 41,
12, 17, 50, 78, 70, 51, 68, 75, 53, 92,
24, 59, 71, 60, 28, 66, 34, 0, 90, 30,
84, 84, 78, 42, 53, 4, 38, 74, 96, 10,
14, 7, 27, 30, 52, 63, 48, 86, 4, 0,
77, 28, 25, 13, 88, 54, 46, 88, 54, 35,
84, 3, 85, 61, 11, 3, 66, 50, 77, 61]
[[889, 791, 557], [1566, 24, 33], [2087, 1299, 2049], [1289, 737, 1726], [254, 1118, 1361], [953, 1042, 1668], [332, 1521, 1755], [922, 97, 1626], [813, 1696, 660], [763, 221, 535],
[378, 1875, 2092], [935, 1331, 770], [1733, 2072, 2069], [1671, 1250, 1461], [2051, 158, 1233], [2066, 1877, 164], [1624, 863, 339], [1268, 1785, 1201], [1548, 1253, 787], [97, 2016, 1773],
[1398, 283, 1538], [1379, 1983, 1523], [38, 1605, 1484], [761, 1931, 1388], [111, 1871, 1546], [2109, 1827, 1312], [163, 1340, 65], [1267, 1262, 504], [1123, 699, 1757], [1910, 1561, 1663],
[226, 1613, 600], [1764, 881, 473], [1941, 1684, 732], [1314, 1100, 552], [1356, 1976, 313], [792, 1975, 794], [2104, 792, 23], [823, 2059, 2050], [1328, 1071, 1403], [974, 1635, 853],
[1291, 1862, 1121], [546, 169, 2002], [1019, 0, 230], [405, 2079, 2095], [958, 1325, 1960], [2036, 771, 478], [719, 1529, 1270], [1507, 242, 1984], [100, 224, 1709], [1503, 1963, 1234],
[1010, 1909, 1750], [20, 344, 573], [677, 17, 1338], [1672, 422, 2072], [1656, 34, 2051], [159, 724, 711], [638, 97, 129], [1908, 258, 1136], [435, 358, 14], [34, 1861, 632],
[2033, 761, 430], [1672, 1546, 774], [134, 112, 1556], [127, 1784, 1978], [88, 2094, 667], [28, 143, 1391], [739, 1546, 143], [1633, 2108, 401], [659, 433, 760], [1438, 467, 510],
[2070, 1154, 2036], [389, 715, 1472], [1928, 1614, 238], [1373, 1741, 2023], [2006, 483, 660], [562, 511, 803], [607, 2015, 238], [750, 1538, 236], [1917, 851, 1434], [566, 178, 1901]]
[[2, 7, 0, 9], [1, 8, 1, 4], [2, 9, 8, 4], [9, 10, 6, 1], [6, 8, 10, 0], [0, 6, 10, 3], [9, 2, 9, 6], [1, 2, 3, 1], [7, 3, 10, 6], [0, 1, 10, 1],
[8, 8, 5, 5], [5, 9, 6, 0], [7, 4, 0, 7], [10, 8, 10, 6], [10, 7, 1, 9], [7, 5, 0, 3], [6, 10, 10, 5], [9, 9, 6, 5], [4, 0, 10, 9], [9, 5, 7, 3],
[9, 7, 0, 7], [3, 8, 2, 0], [2, 2, 10, 9], [7, 8, 2, 0], [5, 10, 5, 2], [8, 0, 7, 0], [9, 6, 9, 6], [9, 6, 9, 6], [0, 7, 2, 1], [3, 4, 2, 5],
[4, 10, 4, 0], [5, 4, 10, 10], [3, 4, 1, 9], [3, 6, 9, 10], [1, 6, 3, 9], [10, 2, 4, 10], [7, 6, 10, 10], [8, 1, 3, 2], [9, 7, 0, 3], [9, 10, 2, 10],
[2, 2, 8, 3], [6, 5, 2, 6], [9, 6, 4, 8], [6, 8, 5, 2], [1, 4, 0, 9], [5, 3, 9, 3], [8, 8, 6, 6], [5, 7, 3, 7], [7, 9, 10, 2], [3, 0, 8, 10],
[4, 1, 7, 10], [7, 2, 10, 8], [6, 10, 5, 10], [2, 3, 2, 8], [9, 7, 1, 4], [1, 4, 9, 8], [3, 9, 10, 4], [7, 6, 4, 0], [5, 9, 8, 2], [0, 7, 10, 7],
[7, 2, 6, 7], [4, 6, 3, 2], [0, 4, 6, 1], [9, 3, 9, 10], [1, 7, 1, 6], [0, 3, 6, 5], [2, 3, 7, 2], [8, 5, 7, 2], [7, 0, 8, 9], [7, 0, 1, 5],
[4, 5, 7, 0], [8, 3, 8, 7], [8, 10, 2, 8], [0, 6, 3, 2], [7, 8, 3, 5], [0, 10, 7, 6], [9, 4, 4, 3], [2, 3, 8, 7], [9, 4, 5, 4], [8, 3, 1, 5]]
[1, 1, 1, 1, 1, 0.333333, 0.333333, 0.333333, 0.333333, 0.333333,
0.333333, 0.333333, 0.333333, 0.333333, 0.333333, 0.333333, 0.333333, 0.333333, 0.333333, 0.333333,
0.111111, 0.111111, 0.111111, 0.111111, 0.111111, 0.111111, 0.111111, 0.111111, 0.111111, 0.111111,
0.111111, 0.111111, 0.111111, 0.111111, 0.111111, 0.037037, 0.037037, 0.037037, 0.037037, 0.037037,
0.037037, 0.037037, 0.037037, 0.037037, 0.037037, 0.037037, 0.037037, 0.037037, 0.037037, 0.037037,
0.0123457, 0.0123457, 0.0123457, 0.0123457, 0.0123457, 0.0123457, 0.0123457, 0.0123457, 0.0123457, 0.0123457,
0.0123457, 0.0123457, 0.0123457, 0.0123457, 0.0123457, 0.00411523, 0.00411523, 0.00411523, 0.00411523, 0.00411523,
0.00411523, 0.00411523, 0.00411523, 0.00411523, 0.00411523, 0.00411523, 0.00411523, 0.00411523, 0.00411523, 0.00411523]
[12, 2, 14, 19, 10, 12, 20, 7, 21, 0,
15, 19, 21, 12, 20, 12, 2, 13, 14, 11,
8, 0, 0, 12, 19, 14, 15, 12, 5, 17,
9, 11, 17, 5, 9, 12, 16, 0, 15, 15,
20, 1, 16, 4, 12, 1, 1, 11, 13, 6,
7, 16, 2, 16, 2, 4, 14, 12, 14, 3,
12, 4, 15, 9, 5, 3, 8, 13, 12, 2,
13, 13, 9, 9, 18, 6, 15, 20, 1, 11]
------------------------------------------------------- 
# stage = 6	# children c = 3	length of each stage p = 5	nodes = 79	# items I = 1
