[33, 78, 77, 93, 7, 1, 14, 46, 16, 92,
49, 10, 46, 31, 83, 48, 56, 23, 42, 91,
43, 86, 32, 40, 100, 75, 8, 31, 94, 40,
78, 93, 17, 20, 52, 91, 88, 66, 36, 71,
23, 51, 81, 70, 48, 29, 17, 3, 18, 26,
95, 61, 11, 26, 67, 77, 67, 41, 7, 27,
81, 52, 86, 64, 38, 37, 20, 26, 69, 56,
63, 93, 73, 43, 28, 20, 38, 11, 24, 56,
37, 85, 16, 14, 10, 50, 91, 44, 91, 65,
37, 72, 83, 22, 1, 20, 26, 22, 46, 95,
44, 75, 53, 17, 17, 81, 3, 55, 59, 94,
77, 96, 78, 60, 77, 55, 9, 67, 65, 100,
98, 1, 37, 80, 23, 5, 0, 49, 27, 12]
[[855, 808, 879], [480, 459, 719], [764, 921, 747], [609, 918, 772], [974, 196, 735], [760, 385, 166], [759, 875, 331], [362, 107, 54], [919, 942, 708], [291, 792, 26],
[587, 643, 835], [526, 183, 354], [242, 947, 271], [49, 616, 250], [885, 587, 446], [680, 407, 896], [846, 226, 831], [173, 588, 939], [227, 567, 877], [936, 922, 729],
[22, 505, 432], [921, 91, 615], [272, 397, 558], [607, 446, 235], [857, 327, 886], [364, 3, 289], [256, 913, 515], [83, 82, 163], [18, 374, 794], [959, 370, 712],
[748, 392, 277], [176, 374, 368], [791, 646, 766], [410, 249, 272], [645, 103, 664], [527, 531, 731], [880, 787, 641], [455, 870, 787], [682, 953, 157], [472, 972, 591],
[180, 717, 44], [521, 957, 418], [889, 745, 60], [715, 151, 373], [48, 860, 540], [712, 447, 67], [439, 323, 854], [140, 842, 785], [928, 584, 798], [145, 52, 830],
[737, 296, 543], [781, 817, 497], [259, 766, 302], [319, 542, 453], [692, 590, 373], [293, 362, 820], [360, 801, 203], [211, 2, 41], [56, 930, 689], [854, 71, 741],
[680, 872, 97], [284, 713, 914], [845, 972, 740], [143, 351, 342], [660, 104, 932], [29, 397, 354], [913, 757, 216], [112, 28, 218], [217, 84, 144], [906, 1002, 279],
[707, 679, 212], [804, 23, 925], [778, 868, 958], [578, 71, 305], [921, 795, 409], [913, 824, 806], [264, 733, 560], [480, 909, 652], [698, 186, 737], [906, 88, 735],
[181, 795, 474], [457, 659, 497], [379, 433, 425], [397, 7, 560], [702, 928, 351], [172, 902, 235], [978, 162, 28], [598, 642, 937], [247, 336, 119], [984, 302, 271],
[779, 483, 126], [314, 941, 785], [875, 380, 278], [297, 777, 350], [921, 539, 338], [269, 711, 236], [504, 750, 398], [533, 344, 100], [530, 655, 500], [714, 699, 802],
[45, 475, 346], [172, 789, 347], [17, 660, 727], [360, 17, 564], [710, 939, 163], [44, 268, 875], [345, 836, 621], [807, 429, 25], [908, 20, 681], [404, 734, 376],
[267, 779, 915], [613, 11, 700], [20, 29, 421], [747, 389, 502], [371, 95, 501], [534, 203, 769], [469, 548, 666], [150, 352, 91], [176, 320, 111], [921, 788, 909],
[293, 51, 685], [205, 728, 760], [969, 748, 789], [450, 555, 238], [13, 990, 397], [514, 585, 601], [344, 114, 209], [6, 265, 625], [161, 505, 5], [337, 486, 794]]
[[10, 8, 2, 9], [10, 7, 4, 0], [1, 7, 8, 9], [6, 4, 10, 1], [8, 8, 9, 4], [0, 7, 0, 9], [9, 8, 0, 4], [7, 3, 4, 4], [10, 4, 2, 7], [1, 6, 7, 2],
[0, 3, 9, 7], [5, 9, 8, 2], [4, 6, 6, 2], [1, 4, 1, 10], [10, 10, 1, 6], [1, 3, 10, 0], [8, 0, 7, 9], [4, 2, 9, 5], [5, 5, 1, 10], [1, 7, 10, 4],
[1, 3, 6, 0], [7, 5, 10, 6], [5, 9, 0, 6], [1, 8, 4, 7], [8, 0, 3, 2], [0, 1, 5, 3], [5, 6, 2, 4], [0, 10, 8, 1], [2, 2, 1, 9], [7, 9, 3, 1],
[5, 1, 5, 5], [9, 9, 1, 7], [8, 5, 7, 8], [4, 1, 1, 7], [5, 1, 1, 3], [1, 9, 5, 3], [9, 4, 0, 6], [3, 1, 5, 6], [2, 0, 0, 0], [9, 2, 5, 6],
[5, 10, 2, 9], [9, 3, 6, 1], [4, 5, 5, 3], [3, 10, 5, 2], [1, 5, 6, 2], [6, 0, 9, 6], [9, 9, 4, 8], [9, 10, 1, 3], [9, 3, 2, 6], [6, 6, 7, 9],
[0, 1, 10, 1], [9, 4, 1, 0], [9, 5, 2, 2], [6, 0, 6, 4], [8, 0, 10, 6], [10, 1, 10, 6], [4, 10, 1, 9], [3, 9, 5, 1], [8, 4, 2, 7], [7, 2, 7, 5],
[7, 7, 6, 0], [8, 1, 3, 3], [1, 2, 9, 9], [1, 6, 3, 4], [5, 2, 0, 8], [0, 5, 9, 7], [7, 10, 3, 3], [10, 8, 7, 6], [4, 0, 5, 10], [1, 8, 2, 1],
[8, 1, 8, 10], [7, 0, 3, 0], [3, 1, 6, 1], [6, 3, 8, 0], [2, 0, 2, 10], [8, 7, 3, 0], [7, 8, 10, 6], [3, 2, 7, 1], [1, 5, 9, 6], [3, 10, 6, 6],
[0, 0, 6, 4], [3, 3, 4, 3], [2, 4, 2, 10], [0, 5, 8, 7], [1, 8, 3, 4], [8, 10, 3, 9], [2, 1, 4, 6], [0, 9, 10, 0], [9, 5, 4, 1], [9, 7, 2, 9],
[0, 4, 6, 1], [9, 4, 8, 10], [1, 9, 2, 9], [7, 5, 5, 9], [7, 7, 2, 5], [5, 0, 4, 1], [5, 8, 0, 1], [2, 2, 10, 3], [4, 6, 2, 1], [10, 10, 0, 9],
[7, 0, 7, 3], [6, 10, 1, 0], [6, 2, 3, 10], [2, 7, 9, 5], [5, 10, 7, 5], [10, 4, 8, 4], [8, 10, 5, 5], [8, 3, 3, 4], [2, 8, 7, 8], [7, 6, 6, 1],
[6, 9, 0, 8], [6, 9, 3, 9], [6, 8, 1, 4], [10, 10, 8, 8], [7, 0, 0, 2], [1, 4, 6, 3], [10, 0, 9, 5], [5, 4, 6, 0], [1, 4, 7, 5], [0, 8, 1, 7],
[5, 2, 0, 2], [10, 6, 10, 7], [4, 0, 7, 5], [2, 3, 9, 1], [1, 7, 4, 6], [10, 10, 5, 0], [1, 1, 3, 2], [9, 4, 9, 1], [4, 7, 3, 4], [0, 1, 9, 4]]
[1, 1, 1, 1, 1, 0.2, 0.2, 0.2, 0.2, 0.2,
0.2, 0.2, 0.2, 0.2, 0.2, 0.2, 0.2, 0.2, 0.2, 0.2,
0.2, 0.2, 0.2, 0.2, 0.2, 0.2, 0.2, 0.2, 0.2, 0.2,
0.04, 0.04, 0.04, 0.04, 0.04, 0.04, 0.04, 0.04, 0.04, 0.04,
0.04, 0.04, 0.04, 0.04, 0.04, 0.04, 0.04, 0.04, 0.04, 0.04,
0.04, 0.04, 0.04, 0.04, 0.04, 0.008, 0.008, 0.008, 0.008, 0.008,
0.008, 0.008, 0.008, 0.008, 0.008, 0.008, 0.008, 0.008, 0.008, 0.008,
0.008, 0.008, 0.008, 0.008, 0.008, 0.008, 0.008, 0.008, 0.008, 0.008,
0.0016, 0.0016, 0.0016, 0.0016, 0.0016, 0.0016, 0.0016, 0.0016, 0.0016, 0.0016,
0.0016, 0.0016, 0.0016, 0.0016, 0.0016, 0.0016, 0.0016, 0.0016, 0.0016, 0.0016,
0.0016, 0.0016, 0.0016, 0.0016, 0.0016, 0.00032, 0.00032, 0.00032, 0.00032, 0.00032,
0.00032, 0.00032, 0.00032, 0.00032, 0.00032, 0.00032, 0.00032, 0.00032, 0.00032, 0.00032,
0.00032, 0.00032, 0.00032, 0.00032, 0.00032, 0.00032, 0.00032, 0.00032, 0.00032, 0.00032]
[15, 7, 5, 19, 12, 9, 17, 4, 9, 15,
7, 9, 4, 4, 19, 0, 7, 13, 14, 14,
4, 6, 13, 2, 17, 6, 1, 4, 8, 9,
4, 13, 14, 20, 12, 10, 13, 14, 1, 8,
10, 19, 6, 14, 5, 16, 9, 18, 12, 7,
8, 18, 8, 4, 2, 5, 1, 19, 2, 19,
13, 14, 2, 1, 7, 17, 2, 14, 20, 15,
8, 12, 20, 15, 1, 5, 7, 12, 9, 0,
17, 7, 7, 4, 17, 7, 17, 9, 5, 16,
17, 17, 16, 10, 18, 17, 2, 11, 0, 13,
12, 15, 14, 0, 7, 1, 13, 2, 4, 10,
20, 13, 5, 10, 17, 17, 20, 11, 13, 8,
5, 20, 5, 3, 14, 6, 15, 12, 0, 0]
------------------------------------------------------- 
# stage = 6	# children c = 5	length of each stage p = 5	nodes = 129	# items I = 1
