[46, 98, 78, 62, 63, 85, 56, 17, 54, 53,
21, 37, 84, 8, 7, 100, 13, 69, 34, 38,
79, 99, 4, 97, 14, 49, 2, 0, 71, 62,
38, 83]
[[631, 924, 533], [1322, 27, 229], [172, 782, 1197], [169, 1536, 179], [674, 106, 352], [1188, 1447, 17], [781, 1038, 206], [188, 1031, 755], [165, 366, 1494], [334, 311, 1715],
[71, 943, 1359], [604, 985, 1387], [1330, 1653, 889], [1247, 542, 1145], [1427, 1217, 1251], [3, 629, 1418], [516, 1410, 1176], [1219, 318, 927], [198, 484, 1293], [413, 1314, 1605],
[352, 1385, 1268], [1711, 709, 973], [42, 263, 1346], [931, 1511, 112], [300, 1658, 1329], [271, 1661, 182], [1690, 898, 1593], [1586, 341, 135], [738, 1035, 1115], [255, 1448, 653],
[84, 24, 758], [72, 456, 1468]]
[[2, 5, 9, 5], [0, 8, 4, 4], [6, 3, 9, 3], [1, 4, 9, 4], [1, 1, 4, 2], [1, 2, 6, 8], [8, 5, 7, 10], [6, 3, 3, 8], [6, 10, 0, 4], [7, 4, 8, 2],
[7, 6, 3, 6], [8, 2, 9, 9], [1, 0, 0, 2], [0, 6, 8, 8], [10, 2, 5, 3], [3, 6, 9, 9], [5, 9, 2, 10], [1, 10, 2, 8], [3, 3, 2, 0], [5, 0, 7, 7],
[9, 5, 7, 9], [10, 5, 7, 7], [5, 10, 10, 9], [6, 8, 7, 0], [4, 8, 0, 5], [5, 0, 1, 9], [3, 3, 7, 7], [1, 4, 3, 10], [7, 8, 8, 6], [2, 2, 2, 6],
[2, 1, 4, 6], [7, 9, 6, 1]]
[1, 1, 0.333333, 0.333333, 0.333333, 0.333333, 0.333333, 0.333333, 0.111111, 0.111111,
0.111111, 0.111111, 0.111111, 0.111111, 0.037037, 0.037037, 0.037037, 0.037037, 0.037037, 0.037037,
0.0123457, 0.0123457, 0.0123457, 0.0123457, 0.0123457, 0.0123457, 0.00411523, 0.00411523, 0.00411523, 0.00411523,
0.00411523, 0.00411523]
[12, 15, 16, 12, 17, 10, 16, 13, 17, 12,
14, 11, 14, 14, 3, 16, 7, 10, 2, 4,
4, 11, 0, 15, 15, 8, 1, 8, 2, 11,
14, 16]
------------------------------------------------------- 
# stage = 6	# children c = 3	length of each stage p = 2	nodes = 31	# items I = 1
