[79, 60, 17, 65, 32, 28, 62, 56, 25, 24,
75, 22, 93, 3, 41, 12, 79, 29, 86, 96,
5, 40, 34, 72, 92, 50, 84, 58, 28, 9,
43, 6, 69, 60, 38, 0, 89, 100, 22, 80,
90, 97, 68, 48]
[[1043, 709, 543], [791, 866, 165], [158, 675, 856], [393, 492, 187], [367, 800, 842], [678, 672, 552], [156, 936, 249], [950, 146, 506], [267, 868, 658], [881, 361, 203],
[941, 832, 913], [912, 572, 156], [506, 731, 831], [311, 552, 751], [977, 919, 500], [196, 1025, 121], [748, 130, 7], [426, 509, 632], [932, 776, 449], [1018, 34, 238],
[171, 403, 499], [33, 265, 20], [668, 771, 179], [448, 510, 159], [148, 436, 507], [77, 60, 481], [677, 809, 40], [684, 663, 1028], [745, 1023, 181], [622, 990, 216],
[289, 110, 619], [788, 143, 884], [236, 239, 32], [416, 687, 542], [3, 264, 406], [510, 341, 467], [420, 1018, 704], [460, 80, 316], [437, 253, 288], [618, 303, 227],
[262, 592, 338], [310, 329, 960], [622, 566, 149], [655, 410, 264]]
[[6, 3, 4, 3], [9, 10, 4, 5], [10, 10, 8, 6], [5, 5, 8, 8], [7, 3, 10, 4], [6, 10, 10, 3], [5, 3, 7, 3], [3, 8, 3, 7], [0, 7, 10, 10], [6, 1, 2, 3],
[0, 0, 8, 3], [3, 3, 1, 9], [5, 9, 0, 0], [8, 0, 3, 0], [1, 8, 3, 2], [5, 6, 9, 4], [2, 8, 3, 6], [8, 3, 7, 8], [1, 4, 10, 5], [6, 9, 1, 0],
[7, 1, 0, 2], [10, 1, 2, 1], [7, 3, 3, 0], [9, 2, 4, 9], [8, 5, 2, 5], [8, 9, 1, 10], [1, 0, 2, 5], [9, 1, 5, 5], [2, 3, 5, 2], [2, 7, 1, 9],
[10, 4, 9, 6], [4, 0, 2, 2], [5, 4, 7, 1], [0, 6, 9, 10], [6, 0, 4, 2], [1, 7, 7, 1], [10, 10, 1, 1], [6, 2, 9, 3], [5, 7, 7, 9], [8, 9, 0, 0],
[0, 6, 1, 10], [1, 10, 9, 6], [8, 1, 8, 7], [8, 3, 7, 8]]
[1, 1, 0.333333, 0.333333, 0.333333, 0.333333, 0.333333, 0.333333, 0.111111, 0.111111,
0.111111, 0.111111, 0.111111, 0.111111, 0.037037, 0.037037, 0.037037, 0.037037, 0.037037, 0.037037,
0.0123457, 0.0123457, 0.0123457, 0.0123457, 0.0123457, 0.0123457, 0.00411523, 0.00411523, 0.00411523, 0.00411523,
0.00411523, 0.00411523, 0.00137174, 0.00137174, 0.00137174, 0.00137174, 0.00137174, 0.00137174, 0.000457247, 0.000457247,
0.000457247, 0.000457247, 0.000457247, 0.000457247]
[7, 9, 9, 1, 7, 7, 6, 1, 8, 5,
8, 2, 10, 1, 5, 0, 9, 7, 1, 0,
8, 0, 2, 5, 0, 4, 7, 7, 5, 0,
3, 10, 3, 5, 10, 8, 2, 10, 7, 0,
0, 2, 0, 0]
------------------------------------------------------- 
# stage = 8	# children c = 3	length of each stage p = 2	nodes = 43	# items I = 1
