[34, 27, 55, 91, 38, 54, 89, 38, 47, 57,
84, 47, 100, 8, 30, 97, 65, 38, 32, 7,
99, 41, 32, 13, 35, 14, 69, 55, 65, 10,
90, 99, 37, 10, 55, 76, 30, 44, 13, 43,
0, 64, 90, 0]
[[717, 289, 24], [762, 776, 83], [632, 919, 748], [632, 161, 788], [495, 198, 10], [587, 747, 968], [793, 464, 548], [458, 825, 562], [361, 427, 309], [600, 142, 484],
[894, 859, 773], [919, 626, 473], [922, 182, 397], [674, 735, 478], [466, 154, 676], [477, 742, 348], [369, 539, 732], [917, 2, 561], [484, 283, 908], [713, 884, 55],
[121, 702, 834], [814, 545, 384], [292, 472, 487], [609, 150, 226], [91, 537, 380], [688, 18, 46], [956, 387, 506], [692, 229, 428], [177, 633, 711], [89, 350, 519],
[64, 471, 226], [819, 289, 771], [207, 501, 167], [694, 114, 318], [840, 126, 775], [145, 734, 713], [111, 614, 104], [617, 310, 253], [49, 407, 886], [681, 416, 240],
[204, 481, 631], [350, 224, 841], [126, 431, 266], [213, 50, 381]]
[[6, 8, 2, 6], [8, 3, 5, 8], [0, 5, 4, 3], [5, 7, 2, 0], [10, 2, 3, 1], [1, 2, 1, 7], [8, 5, 3, 3], [0, 2, 2, 6], [9, 3, 0, 4], [6, 5, 1, 7],
[10, 3, 8, 4], [8, 8, 2, 8], [10, 3, 9, 9], [5, 8, 3, 2], [0, 6, 4, 1], [7, 4, 5, 3], [7, 5, 7, 3], [10, 6, 10, 7], [9, 5, 9, 6], [2, 0, 1, 10],
[4, 8, 6, 7], [5, 9, 10, 6], [3, 1, 5, 10], [5, 10, 0, 2], [3, 7, 5, 2], [2, 2, 8, 0], [5, 6, 4, 7], [5, 6, 4, 7], [3, 10, 3, 9], [6, 0, 2, 9],
[1, 5, 6, 5], [4, 6, 7, 5], [0, 10, 8, 0], [1, 3, 0, 6], [9, 3, 0, 1], [9, 2, 8, 1], [1, 10, 8, 5], [10, 8, 2, 10], [2, 8, 2, 5], [2, 9, 10, 0],
[8, 5, 1, 7], [8, 10, 0, 5], [2, 9, 6, 0], [0, 2, 2, 10]]
[1, 1, 0.333333, 0.333333, 0.333333, 0.333333, 0.333333, 0.333333, 0.111111, 0.111111,
0.111111, 0.111111, 0.111111, 0.111111, 0.037037, 0.037037, 0.037037, 0.037037, 0.037037, 0.037037,
0.0123457, 0.0123457, 0.0123457, 0.0123457, 0.0123457, 0.0123457, 0.00411523, 0.00411523, 0.00411523, 0.00411523,
0.00411523, 0.00411523, 0.00137174, 0.00137174, 0.00137174, 0.00137174, 0.00137174, 0.00137174, 0.000457247, 0.000457247,
0.000457247, 0.000457247, 0.000457247, 0.000457247]
[6, 4, 7, 3, 4, 1, 4, 8, 0, 3,
2, 3, 4, 3, 9, 1, 7, 5, 5, 9,
8, 2, 8, 1, 9, 8, 9, 0, 5, 0,
4, 1, 7, 8, 0, 5, 0, 3, 0, 9,
2, 4, 2, 6]
------------------------------------------------------- 
# stage = 8	# children c = 3	length of each stage p = 2	nodes = 43	# items I = 1
