[39, 83, 50, 44, 48, 61, 21, 52, 37, 85,
73, 15, 14, 15, 54, 44, 9, 94, 26, 9,
43, 86, 28, 28, 51, 60, 0, 4, 96, 17,
41, 34, 66, 91, 44, 14, 17, 66, 66, 55,
50, 4, 70, 64, 19, 24, 7, 95, 84, 34,
71, 26, 86, 99, 20, 2, 25, 20, 73, 20,
37, 13, 21, 3, 3, 65, 84, 88, 30, 15,
42, 81, 19, 78, 10, 4, 68, 18, 100, 51]
[[594, 361, 764], [686, 331, 624], [243, 107, 346], [432, 494, 41], [679, 379, 122], [235, 648, 293], [684, 814, 245], [437, 365, 849], [766, 834, 241], [657, 470, 185],
[864, 161, 546], [72, 848, 225], [697, 438, 332], [140, 870, 826], [432, 647, 552], [554, 882, 547], [194, 10, 458], [439, 448, 170], [635, 561, 352], [876, 565, 822],
[409, 526, 331], [302, 599, 276], [527, 643, 714], [859, 130, 28], [129, 562, 675], [681, 463, 2], [575, 657, 12], [381, 443, 710], [551, 175, 368], [250, 399, 31],
[170, 808, 807], [501, 207, 753], [124, 735, 493], [185, 38, 624], [213, 168, 533], [236, 196, 94], [238, 772, 751], [250, 250, 292], [58, 801, 717], [676, 149, 213],
[54, 569, 368], [862, 417, 576], [712, 791, 658], [553, 73, 696], [524, 536, 864], [154, 772, 158], [248, 107, 27], [347, 608, 527], [889, 13, 675], [703, 689, 824],
[14, 744, 740], [632, 703, 254], [305, 762, 142], [310, 662, 465], [104, 283, 99], [315, 688, 218], [723, 33, 326], [97, 380, 281], [624, 616, 294], [397, 417, 80],
[568, 681, 171], [406, 410, 221], [7, 63, 331], [400, 373, 90], [212, 477, 624], [311, 140, 409], [780, 863, 442], [453, 58, 170], [734, 682, 786], [125, 176, 550],
[455, 92, 328], [627, 498, 86], [195, 755, 149], [526, 252, 522], [617, 465, 347], [338, 123, 487], [747, 0, 447], [536, 453, 755], [53, 534, 785], [187, 6, 58]]
[[8, 2, 5, 10], [4, 9, 0, 1], [10, 10, 4, 9], [10, 4, 0, 6], [8, 4, 3, 10], [4, 7, 0, 3], [10, 6, 6, 9], [9, 10, 6, 4], [1, 9, 3, 3], [7, 1, 3, 4],
[1, 7, 1, 9], [9, 10, 4, 6], [4, 6, 5, 6], [2, 3, 8, 1], [10, 3, 9, 8], [0, 4, 0, 10], [0, 3, 0, 7], [3, 3, 10, 2], [8, 9, 0, 6], [8, 2, 2, 10],
[8, 5, 6, 0], [9, 3, 10, 6], [4, 8, 1, 2], [10, 1, 1, 10], [3, 10, 5, 6], [1, 2, 6, 9], [0, 4, 5, 8], [6, 5, 8, 2], [8, 1, 0, 4], [2, 10, 10, 4],
[8, 1, 6, 5], [0, 5, 5, 3], [4, 10, 7, 3], [1, 0, 2, 10], [4, 7, 5, 9], [10, 2, 0, 7], [1, 0, 1, 1], [8, 9, 5, 5], [8, 9, 0, 9], [3, 3, 10, 6],
[0, 5, 9, 10], [5, 9, 9, 10], [5, 3, 8, 2], [4, 6, 10, 3], [4, 9, 5, 1], [7, 10, 5, 3], [9, 3, 10, 10], [4, 9, 5, 4], [3, 2, 3, 7], [0, 1, 6, 4],
[2, 1, 6, 6], [5, 5, 10, 9], [1, 4, 8, 7], [1, 0, 10, 8], [1, 7, 8, 5], [5, 0, 9, 7], [0, 10, 3, 1], [0, 7, 3, 1], [6, 9, 7, 0], [2, 4, 7, 3],
[8, 2, 8, 8], [3, 7, 5, 4], [1, 0, 10, 5], [1, 6, 1, 1], [6, 2, 0, 4], [7, 3, 5, 2], [0, 2, 2, 0], [6, 9, 3, 2], [9, 10, 8, 1], [4, 2, 4, 6],
[3, 3, 0, 2], [7, 10, 1, 2], [1, 0, 7, 6], [1, 1, 8, 1], [1, 8, 1, 6], [4, 3, 6, 2], [0, 3, 4, 4], [3, 8, 10, 4], [9, 10, 6, 5], [9, 6, 8, 8]]
[1, 1, 1, 1, 1, 0.333333, 0.333333, 0.333333, 0.333333, 0.333333,
0.333333, 0.333333, 0.333333, 0.333333, 0.333333, 0.333333, 0.333333, 0.333333, 0.333333, 0.333333,
0.111111, 0.111111, 0.111111, 0.111111, 0.111111, 0.111111, 0.111111, 0.111111, 0.111111, 0.111111,
0.111111, 0.111111, 0.111111, 0.111111, 0.111111, 0.037037, 0.037037, 0.037037, 0.037037, 0.037037,
0.037037, 0.037037, 0.037037, 0.037037, 0.037037, 0.037037, 0.037037, 0.037037, 0.037037, 0.037037,
0.0123457, 0.0123457, 0.0123457, 0.0123457, 0.0123457, 0.0123457, 0.0123457, 0.0123457, 0.0123457, 0.0123457,
0.0123457, 0.0123457, 0.0123457, 0.0123457, 0.0123457, 0.00411523, 0.00411523, 0.00411523, 0.00411523, 0.00411523,
0.00411523, 0.00411523, 0.00411523, 0.00411523, 0.00411523, 0.00411523, 0.00411523, 0.00411523, 0.00411523, 0.00411523]
[6, 9, 8, 5, 1, 1, 8, 2, 3, 8,
0, 4, 1, 5, 8, 9, 2, 7, 2, 0,
2, 7, 4, 9, 8, 3, 7, 5, 6, 4,
1, 2, 6, 6, 5, 6, 0, 2, 6, 5,
1, 6, 0, 8, 7, 4, 8, 3, 9, 6,
8, 4, 9, 4, 1, 4, 4, 1, 9, 6,
4, 8, 0, 0, 3, 7, 3, 0, 1, 2,
0, 4, 2, 4, 9, 9, 2, 1, 0, 5]
------------------------------------------------------- 
# stage = 6	# children c = 3	length of each stage p = 5	nodes = 79	# items I = 1
