[99, 92, 75, 75, 0, 50, 85, 40, 69, 17,
38, 9, 2, 67, 55, 82, 84, 38, 5, 70,
15, 84, 80, 37, 65, 38, 80, 90, 34, 81,
24, 33]
[[721, 1205, 1039], [1498, 226, 743], [1284, 38, 752], [252, 473, 1693], [1276, 1145, 787], [1289, 620, 1666], [534, 109, 1186], [604, 1554, 1498], [682, 1411, 967], [1360, 343, 398],
[1648, 1064, 323], [911, 1282, 549], [374, 791, 1083], [1126, 1043, 1556], [1043, 1039, 926], [55, 1048, 266], [441, 1582, 375], [347, 411, 649], [70, 1093, 285], [1533, 1173, 628],
[155, 1045, 412], [479, 676, 1694], [1524, 1546, 1205], [832, 897, 968], [1108, 660, 232], [754, 1211, 1280], [1021, 1652, 1583], [116, 720, 218], [766, 1286, 31], [1547, 1043, 1700],
[895, 1694, 970], [1307, 397, 366]]
[[3, 3, 9, 5], [9, 0, 5, 8], [3, 9, 9, 7], [7, 9, 8, 0], [3, 0, 0, 6], [0, 4, 2, 2], [6, 10, 9, 7], [4, 8, 7, 5], [0, 3, 9, 8], [4, 3, 5, 7],
[0, 1, 1, 7], [0, 8, 5, 3], [6, 4, 8, 7], [8, 10, 9, 1], [10, 5, 6, 1], [2, 3, 5, 2], [4, 3, 8, 8], [6, 3, 2, 4], [4, 2, 9, 2], [10, 4, 4, 3],
[8, 10, 8, 3], [9, 4, 4, 6], [9, 10, 6, 0], [0, 0, 1, 5], [1, 9, 0, 5], [1, 3, 10, 4], [3, 8, 4, 0], [1, 6, 3, 7], [5, 1, 10, 2], [5, 3, 6, 4],
[1, 1, 4, 10], [10, 5, 2, 0]]
[1, 1, 0.333333, 0.333333, 0.333333, 0.333333, 0.333333, 0.333333, 0.111111, 0.111111,
0.111111, 0.111111, 0.111111, 0.111111, 0.037037, 0.037037, 0.037037, 0.037037, 0.037037, 0.037037,
0.0123457, 0.0123457, 0.0123457, 0.0123457, 0.0123457, 0.0123457, 0.00411523, 0.00411523, 0.00411523, 0.00411523,
0.00411523, 0.00411523]
[6, 5, 0, 0, 6, 3, 3, 6, 6, 7,
4, 4, 7, 2, 0, 0, 3, 0, 7, 6,
6, 3, 5, 0, 3, 3, 5, 2, 7, 2,
6, 1]
------------------------------------------------------- 
# stage = 6	# children c = 3	length of each stage p = 2	nodes = 31	# items I = 1
