[89, 95, 62, 20, 19, 20, 91, 88, 54, 33,
41, 18, 9, 74, 100, 34, 21, 100, 51, 3,
55, 10, 60]
[[851, 358, 156], [398, 810, 22], [571, 340, 684], [114, 19, 363], [516, 296, 459], [91, 18, 453], [372, 267, 66], [170, 460, 470], [708, 716, 242], [85, 73, 326],
[457, 54, 684], [605, 452, 617], [628, 146, 87], [442, 260, 106], [797, 768, 395], [378, 860, 405], [832, 354, 672], [28, 524, 263], [491, 355, 101], [733, 440, 174],
[181, 19, 221], [865, 625, 665], [604, 383, 811]]
[[2, 2, 5, 9], [2, 5, 8, 2], [7, 3, 8, 8], [6, 8, 6, 5], [0, 8, 8, 9], [3, 2, 2, 8], [7, 9, 8, 5], [0, 1, 7, 2], [3, 10, 0, 4], [4, 6, 4, 10],
[8, 1, 5, 3], [7, 0, 7, 5], [9, 4, 4, 1], [7, 6, 8, 1], [2, 3, 4, 2], [4, 9, 2, 7], [9, 1, 0, 0], [5, 4, 10, 2], [4, 2, 4, 9], [1, 0, 4, 10],
[2, 8, 9, 7], [1, 4, 6, 3], [7, 10, 4, 9]]
[1, 0.5, 0.5, 0.25, 0.25, 0.125, 0.125, 0.0625, 0.0625, 0.03125,
0.03125, 0.015625, 0.015625, 0.0078125, 0.0078125, 0.00390625, 0.00390625, 0.00195312, 0.00195312, 0.000976562,
0.000976562, 0.000488281, 0.000488281]
[7, 0, 1, 3, 3, 5, 7, 4, 3, 2,
0, 1, 8, 0, 8, 2, 6, 1, 6, 0,
6, 4, 5]
------------------------------------------------------- 
# stage = 12	# children c = 2	length of each stage p = 1	nodes = 22	# items I = 1
