[0, 73, 55, 33, 59, 41, 26, 52, 61, 61,
25, 22, 71, 7, 35, 79, 46, 54, 0, 91,
45, 19, 51]
[[1595, 1994, 706], [839, 319, 637], [1430, 1891, 2015], [1099, 1342, 196], [1423, 1400, 2048], [123, 1227, 519], [1331, 1219, 1273], [1281, 1668, 1022], [1934, 1381, 1379], [117, 681, 1577],
[1532, 223, 1518], [1756, 580, 1355], [340, 2010, 1194], [303, 1056, 1], [17, 1998, 919], [1583, 68, 1664], [50, 1400, 348], [1323, 146, 2017], [1863, 28, 1345], [1190, 1716, 1544],
[232, 1195, 1767], [1268, 898, 1865], [571, 757, 1823]]
[[7, 3, 5, 3], [7, 3, 10, 2], [0, 2, 3, 4], [9, 9, 6, 7], [4, 1, 10, 3], [4, 2, 4, 5], [0, 2, 9, 4], [4, 6, 2, 0], [9, 7, 1, 5], [8, 1, 5, 9],
[1, 6, 0, 8], [4, 6, 2, 6], [8, 1, 7, 10], [1, 1, 4, 1], [3, 2, 3, 7], [6, 3, 6, 4], [9, 5, 7, 6], [4, 10, 2, 5], [5, 2, 2, 7], [7, 4, 3, 2],
[4, 8, 1, 3], [9, 3, 3, 2], [5, 4, 7, 10]]
[1, 0.5, 0.5, 0.25, 0.25, 0.125, 0.125, 0.0625, 0.0625, 0.03125,
0.03125, 0.015625, 0.015625, 0.0078125, 0.0078125, 0.00390625, 0.00390625, 0.00195312, 0.00195312, 0.000976562,
0.000976562, 0.000488281, 0.000488281]
[2, 8, 4, 9, 8, 9, 5, 0, 10, 10,
0, 0, 5, 0, 10, 4, 5, 6, 1, 8,
2, 5, 1]
------------------------------------------------------- 
# stage = 12	# children c = 2	length of each stage p = 1	nodes = 22	# items I = 1
