[59, 7, 35, 81, 7, 100, 100, 50, 26, 16,
43, 74, 97, 0, 10, 57, 99, 96, 79, 80,
68, 97, 60]
[[1241, 1400, 1286], [222, 1075, 1165], [612, 844, 274], [1429, 853, 397], [1063, 796, 842], [560, 496, 34], [1025, 702, 863], [890, 1123, 798], [292, 150, 1264], [109, 258, 891],
[1181, 912, 33], [797, 546, 521], [293, 1158, 1365], [1649, 917, 1630], [1458, 311, 757], [631, 871, 665], [665, 1308, 1367], [1528, 528, 233], [656, 820, 383], [1332, 341, 54],
[554, 1522, 966], [587, 650, 1512], [1108, 355, 1000]]
[[0, 7, 4, 0], [1, 10, 7, 2], [5, 8, 0, 0], [7, 5, 6, 10], [9, 9, 5, 2], [1, 8, 4, 2], [5, 4, 5, 2], [0, 6, 8, 9], [0, 2, 9, 1], [10, 3, 1, 2],
[0, 2, 2, 8], [5, 8, 5, 1], [4, 10, 2, 5], [5, 6, 6, 9], [10, 0, 9, 8], [4, 6, 4, 4], [6, 0, 4, 5], [4, 5, 7, 2], [5, 7, 10, 9], [5, 4, 10, 7],
[1, 10, 0, 5], [5, 4, 3, 3], [4, 10, 9, 6]]
[1, 0.5, 0.5, 0.25, 0.25, 0.125, 0.125, 0.0625, 0.0625, 0.03125,
0.03125, 0.015625, 0.015625, 0.0078125, 0.0078125, 0.00390625, 0.00390625, 0.00195312, 0.00195312, 0.000976562,
0.000976562, 0.000488281, 0.000488281]
[3, 5, 7, 4, 2, 1, 0, 2, 1, 5,
7, 4, 1, 4, 1, 0, 3, 8, 3, 1,
8, 6, 2]
------------------------------------------------------- 
# stage = 12	# children c = 2	length of each stage p = 1	nodes = 22	# items I = 1
