[69, 31, 85, 59, 75, 4, 7, 73, 43, 11,
63, 19, 40, 32, 48, 75, 67, 16, 77, 81,
21, 80, 7, 19, 76, 17, 2, 70, 50, 40,
47, 85, 38, 31, 43, 12, 1, 16, 51, 11,
28, 80, 30, 34]
[[299, 1106, 747], [37, 872, 686], [743, 253, 564], [1188, 1071, 426], [1125, 728, 222], [560, 913, 726], [1054, 10, 442], [134, 175, 784], [911, 885, 669], [809, 83, 765],
[543, 255, 666], [85, 292, 205], [644, 1035, 458], [3, 1019, 197], [301, 811, 925], [523, 38, 505], [45, 964, 515], [487, 1098, 562], [66, 805, 243], [607, 281, 326],
[167, 697, 581], [705, 654, 745], [782, 93, 576], [36, 1173, 262], [105, 269, 1073], [902, 665, 984], [202, 710, 743], [589, 1069, 637], [1152, 1135, 109], [190, 409, 262],
[388, 576, 959], [842, 1153, 409], [382, 730, 374], [830, 638, 343], [1092, 743, 484], [833, 312, 1149], [484, 514, 654], [22, 976, 518], [531, 923, 320], [512, 985, 729],
[775, 40, 1177], [529, 754, 997], [810, 1009, 523], [1185, 634, 1033]]
[[8, 5, 3, 0], [10, 5, 8, 7], [5, 4, 4, 2], [10, 3, 0, 6], [6, 7, 0, 10], [1, 6, 1, 8], [5, 8, 8, 10], [2, 7, 5, 10], [10, 8, 8, 7], [3, 5, 1, 8],
[10, 6, 9, 7], [7, 9, 2, 2], [3, 2, 2, 3], [8, 1, 9, 2], [9, 4, 0, 1], [0, 5, 9, 8], [1, 7, 4, 4], [10, 6, 10, 7], [10, 6, 3, 6], [5, 5, 6, 6],
[7, 6, 7, 2], [8, 5, 3, 4], [9, 3, 3, 7], [6, 2, 2, 7], [7, 7, 9, 6], [0, 7, 3, 8], [2, 4, 3, 5], [10, 7, 10, 4], [3, 6, 5, 0], [10, 8, 4, 6],
[9, 6, 3, 2], [8, 3, 10, 4], [10, 6, 10, 8], [0, 0, 5, 1], [5, 6, 6, 2], [3, 3, 4, 6], [8, 9, 4, 7], [6, 6, 0, 2], [1, 3, 5, 9], [7, 2, 0, 4],
[8, 9, 2, 7], [9, 5, 8, 1], [1, 1, 1, 4], [5, 6, 10, 2]]
[1, 1, 0.333333, 0.333333, 0.333333, 0.333333, 0.333333, 0.333333, 0.111111, 0.111111,
0.111111, 0.111111, 0.111111, 0.111111, 0.037037, 0.037037, 0.037037, 0.037037, 0.037037, 0.037037,
0.0123457, 0.0123457, 0.0123457, 0.0123457, 0.0123457, 0.0123457, 0.00411523, 0.00411523, 0.00411523, 0.00411523,
0.00411523, 0.00411523, 0.00137174, 0.00137174, 0.00137174, 0.00137174, 0.00137174, 0.00137174, 0.000457247, 0.000457247,
0.000457247, 0.000457247, 0.000457247, 0.000457247]
[12, 11, 6, 7, 0, 5, 6, 12, 12, 10,
3, 0, 3, 4, 0, 1, 3, 10, 6, 12,
5, 9, 8, 10, 6, 6, 7, 1, 3, 1,
12, 5, 6, 3, 9, 8, 10, 12, 2, 1,
9, 7, 3, 4]
------------------------------------------------------- 
# stage = 8	# children c = 3	length of each stage p = 2	nodes = 43	# items I = 1
