[46, 76, 91, 3, 56, 22, 98, 10, 36, 18,
11, 66, 45, 67, 61, 35, 26, 91, 76, 47,
90, 78, 4, 47, 92, 39, 51, 6, 83, 3,
26, 28, 80, 83, 98, 1, 71, 61, 11, 6,
80, 23, 38, 91, 56, 65, 25, 83, 21, 1,
96, 77]
[[1558, 850, 57], [1294, 466, 1337], [1035, 491, 764], [302, 1405, 422], [70, 976, 672], [1334, 1612, 1149], [1038, 521, 352], [665, 895, 439], [1116, 76, 1454], [827, 1201, 414],
[888, 855, 1265], [945, 334, 1731], [379, 1281, 318], [1143, 1583, 1724], [1477, 1566, 796], [333, 996, 504], [1394, 218, 1025], [1746, 883, 17], [369, 96, 93], [1735, 835, 1206],
[334, 1723, 245], [1599, 765, 491], [1426, 1144, 1773], [1656, 383, 1452], [1476, 45, 1114], [457, 290, 294], [873, 1685, 513], [83, 1527, 1308], [12, 1809, 1404], [105, 1728, 424],
[1223, 158, 243], [1468, 1757, 1008], [56, 1279, 248], [13, 1120, 632], [1377, 780, 589], [588, 1149, 879], [882, 207, 660], [1307, 202, 372], [800, 214, 365], [300, 231, 189],
[636, 1454, 348], [880, 1018, 201], [1800, 1074, 1481], [233, 999, 785], [777, 473, 1477], [1366, 1061, 811], [341, 127, 930], [1002, 1435, 1132], [1374, 331, 1258], [1651, 631, 1401],
[24, 1268, 1039], [372, 332, 153]]
[[2, 7, 3, 2], [0, 7, 4, 7], [2, 2, 9, 8], [3, 7, 5, 5], [1, 0, 8, 4], [2, 3, 8, 3], [8, 10, 2, 6], [7, 2, 5, 8], [7, 6, 10, 7], [3, 3, 2, 3],
[4, 9, 0, 5], [6, 3, 0, 7], [3, 6, 9, 5], [7, 4, 7, 5], [3, 7, 9, 9], [7, 1, 6, 3], [8, 3, 9, 9], [4, 0, 1, 8], [7, 10, 3, 2], [2, 1, 7, 4],
[5, 5, 7, 2], [9, 3, 5, 0], [9, 1, 7, 5], [2, 2, 9, 10], [3, 7, 8, 7], [5, 7, 5, 1], [4, 6, 2, 7], [5, 7, 0, 10], [2, 7, 1, 9], [9, 6, 7, 7],
[7, 3, 1, 8], [3, 8, 7, 6], [2, 3, 3, 7], [8, 6, 7, 2], [1, 7, 7, 6], [3, 5, 5, 5], [1, 5, 2, 8], [9, 7, 4, 4], [9, 4, 1, 1], [1, 6, 6, 4],
[9, 7, 9, 5], [2, 3, 5, 1], [10, 1, 7, 3], [6, 10, 6, 5], [2, 6, 3, 1], [3, 5, 5, 1], [9, 6, 0, 9], [1, 4, 0, 9], [0, 7, 1, 2], [0, 6, 3, 10],
[5, 8, 0, 9], [6, 7, 3, 8]]
[1, 1, 0.2, 0.2, 0.2, 0.2, 0.2, 0.2, 0.2, 0.2,
0.2, 0.2, 0.04, 0.04, 0.04, 0.04, 0.04, 0.04, 0.04, 0.04,
0.04, 0.04, 0.008, 0.008, 0.008, 0.008, 0.008, 0.008, 0.008, 0.008,
0.008, 0.008, 0.0016, 0.0016, 0.0016, 0.0016, 0.0016, 0.0016, 0.0016, 0.0016,
0.0016, 0.0016, 0.00032, 0.00032, 0.00032, 0.00032, 0.00032, 0.00032, 0.00032, 0.00032,
0.00032, 0.00032]
[11, 2, 13, 11, 5, 1, 1, 17, 5, 14,
18, 2, 13, 10, 9, 3, 2, 4, 6, 15,
11, 18, 16, 3, 10, 2, 0, 7, 8, 16,
15, 1, 18, 8, 15, 10, 1, 14, 7, 17,
10, 4, 3, 16, 7, 7, 7, 18, 8, 5,
11, 6]
------------------------------------------------------- 
# stage = 6	# children c = 5	length of each stage p = 2	nodes = 51	# items I = 1
