[60, 97, 24, 83, 23, 42, 41, 2, 47, 58,
39, 89, 77, 38, 34, 71, 89, 60, 64, 10,
77, 44, 21, 50, 85, 46, 43, 83, 76, 84,
23, 35, 81, 13, 85, 70, 22, 92, 73, 69,
50, 11, 57, 26, 49, 57, 98, 3, 17, 27,
13, 94, 37, 0, 9, 88, 46, 52, 71, 89,
2, 60, 23, 49, 73, 74, 18, 95, 66, 91,
29, 15, 68, 87, 7, 83, 9, 4, 86, 26,
98, 65, 86, 35, 65, 61, 22, 78, 80, 59,
66, 82, 18, 55, 97, 58, 29, 14, 18, 61,
72, 48, 76, 5, 0, 83, 89, 9, 54, 40]
[[944, 435, 932], [633, 493, 1003], [513, 777, 85], [236, 678, 38], [724, 26, 63], [543, 1014, 248], [83, 79, 308], [461, 955, 225], [990, 1049, 785], [726, 713, 203],
[106, 607, 639], [1038, 189, 560], [991, 702, 287], [504, 366, 393], [1021, 40, 898], [33, 11, 861], [760, 94, 369], [497, 1034, 273], [150, 974, 271], [935, 649, 412],
[567, 755, 447], [634, 171, 637], [622, 590, 767], [909, 522, 562], [730, 492, 30], [577, 1004, 41], [388, 142, 135], [185, 639, 118], [458, 789, 520], [157, 101, 597],
[569, 96, 781], [445, 158, 952], [31, 781, 970], [226, 639, 441], [788, 798, 933], [818, 324, 314], [859, 140, 456], [422, 325, 44], [1020, 211, 261], [489, 368, 842],
[515, 366, 938], [245, 811, 46], [625, 270, 827], [544, 496, 894], [985, 713, 641], [295, 480, 394], [609, 768, 534], [15, 618, 288], [59, 587, 499], [800, 505, 868],
[591, 1020, 662], [957, 693, 901], [431, 267, 120], [207, 811, 44], [530, 745, 757], [599, 1040, 666], [993, 26, 862], [956, 41, 908], [193, 580, 445], [692, 329, 378],
[988, 348, 826], [27, 254, 468], [928, 686, 735], [476, 321, 974], [521, 279, 668], [706, 879, 85], [800, 249, 590], [39, 633, 632], [948, 826, 161], [821, 947, 969],
[627, 312, 266], [402, 340, 999], [298, 696, 634], [1033, 122, 384], [956, 643, 91], [1, 777, 970], [565, 527, 648], [104, 1045, 709], [736, 942, 485], [325, 140, 860],
[243, 767, 600], [988, 597, 940], [937, 895, 14], [999, 305, 136], [811, 210, 207], [903, 690, 984], [250, 683, 939], [326, 788, 934], [1036, 952, 253], [949, 706, 394],
[758, 377, 589], [786, 315, 136], [104, 680, 1031], [118, 56, 286], [254, 868, 975], [461, 720, 43], [873, 398, 726], [762, 725, 463], [645, 710, 844], [326, 608, 499],
[720, 794, 876], [738, 529, 619], [874, 61, 248], [282, 179, 305], [1047, 433, 601], [972, 322, 749], [443, 145, 96], [118, 907, 249], [10, 980, 387], [854, 255, 423]]
[[10, 8, 6, 1], [8, 6, 8, 7], [4, 4, 1, 6], [7, 1, 2, 6], [6, 3, 9, 7], [0, 1, 8, 6], [4, 7, 10, 1], [1, 7, 8, 0], [3, 3, 1, 9], [10, 7, 3, 1],
[0, 5, 8, 5], [6, 8, 0, 1], [0, 8, 6, 9], [9, 2, 4, 0], [9, 3, 10, 10], [9, 8, 8, 10], [0, 10, 8, 8], [6, 1, 10, 5], [6, 7, 8, 1], [4, 9, 0, 2],
[4, 6, 0, 0], [6, 2, 1, 5], [5, 0, 2, 1], [6, 0, 0, 7], [10, 9, 4, 3], [8, 3, 6, 3], [8, 4, 2, 10], [0, 0, 10, 2], [4, 8, 2, 0], [10, 1, 5, 3],
[2, 7, 4, 6], [7, 5, 0, 4], [1, 5, 6, 9], [6, 10, 10, 2], [1, 1, 10, 1], [10, 10, 3, 3], [7, 6, 3, 5], [7, 6, 8, 7], [1, 1, 1, 6], [4, 1, 9, 5],
[6, 4, 1, 0], [1, 0, 0, 3], [10, 10, 4, 9], [7, 6, 0, 4], [10, 3, 9, 4], [8, 4, 10, 9], [5, 0, 4, 8], [1, 0, 2, 6], [4, 2, 4, 6], [0, 4, 9, 0],
[1, 0, 7, 9], [6, 7, 0, 3], [9, 9, 8, 6], [0, 7, 2, 5], [5, 4, 2, 6], [5, 3, 10, 7], [3, 3, 0, 3], [5, 9, 1, 7], [8, 9, 5, 1], [3, 5, 5, 1],
[1, 0, 5, 1], [5, 5, 4, 10], [10, 5, 3, 2], [6, 3, 9, 9], [4, 10, 10, 10], [6, 1, 6, 3], [8, 0, 5, 0], [5, 8, 0, 6], [8, 3, 5, 0], [9, 9, 10, 8],
[3, 0, 10, 9], [3, 6, 5, 6], [5, 5, 5, 1], [6, 0, 2, 3], [9, 7, 1, 1], [2, 1, 5, 8], [5, 10, 8, 3], [8, 5, 9, 10], [6, 6, 8, 7], [1, 3, 2, 5],
[6, 5, 6, 1], [5, 8, 2, 1], [3, 3, 2, 3], [5, 7, 1, 8], [6, 7, 9, 2], [0, 5, 1, 6], [0, 7, 0, 10], [8, 3, 4, 3], [8, 8, 2, 1], [6, 4, 2, 7],
[8, 5, 8, 0], [10, 9, 8, 6], [4, 4, 6, 4], [9, 5, 8, 7], [10, 8, 6, 8], [9, 9, 9, 7], [6, 1, 6, 10], [3, 6, 6, 0], [0, 4, 0, 9], [0, 6, 2, 2],
[8, 8, 6, 6], [0, 1, 0, 10], [10, 7, 5, 8], [5, 4, 2, 9], [3, 8, 9, 6], [4, 2, 5, 2], [6, 5, 9, 5], [10, 0, 7, 5], [8, 1, 1, 8], [2, 10, 6, 10]]
[1, 1, 1, 1, 1, 0.333333, 0.333333, 0.333333, 0.333333, 0.333333,
0.333333, 0.333333, 0.333333, 0.333333, 0.333333, 0.333333, 0.333333, 0.333333, 0.333333, 0.333333,
0.111111, 0.111111, 0.111111, 0.111111, 0.111111, 0.111111, 0.111111, 0.111111, 0.111111, 0.111111,
0.111111, 0.111111, 0.111111, 0.111111, 0.111111, 0.037037, 0.037037, 0.037037, 0.037037, 0.037037,
0.037037, 0.037037, 0.037037, 0.037037, 0.037037, 0.037037, 0.037037, 0.037037, 0.037037, 0.037037,
0.0123457, 0.0123457, 0.0123457, 0.0123457, 0.0123457, 0.0123457, 0.0123457, 0.0123457, 0.0123457, 0.0123457,
0.0123457, 0.0123457, 0.0123457, 0.0123457, 0.0123457, 0.00411523, 0.00411523, 0.00411523, 0.00411523, 0.00411523,
0.00411523, 0.00411523, 0.00411523, 0.00411523, 0.00411523, 0.00411523, 0.00411523, 0.00411523, 0.00411523, 0.00411523,
0.00137174, 0.00137174, 0.00137174, 0.00137174, 0.00137174, 0.00137174, 0.00137174, 0.00137174, 0.00137174, 0.00137174,
0.00137174, 0.00137174, 0.00137174, 0.00137174, 0.00137174, 0.000457247, 0.000457247, 0.000457247, 0.000457247, 0.000457247,
0.000457247, 0.000457247, 0.000457247, 0.000457247, 0.000457247, 0.000457247, 0.000457247, 0.000457247, 0.000457247, 0.000457247]
[4, 10, 0, 1, 10, 2, 1, 4, 9, 2,
2, 8, 8, 3, 7, 5, 2, 1, 4, 5,
2, 3, 9, 1, 1, 7, 2, 0, 9, 10,
6, 4, 8, 6, 6, 2, 4, 9, 9, 5,
7, 0, 1, 9, 0, 2, 1, 10, 10, 8,
1, 0, 1, 3, 4, 7, 5, 9, 3, 3,
4, 7, 8, 10, 7, 8, 2, 10, 4, 9,
7, 8, 10, 6, 2, 4, 3, 7, 1, 6,
9, 3, 10, 2, 10, 10, 4, 9, 10, 2,
1, 3, 2, 3, 1, 8, 8, 9, 10, 7,
9, 3, 9, 0, 4, 8, 5, 6, 7, 9]
------------------------------------------------------- 
# stage = 8	# children c = 3	length of each stage p = 5	nodes = 109	# items I = 1
