[57, 0, 95, 24, 30, 75, 0, 59, 64, 24,
22, 52, 2, 22, 80, 33, 87, 17, 34, 31,
61, 0, 41]
[[501, 270, 731], [781, 951, 689], [830, 1053, 1009], [804, 919, 773], [92, 284, 85], [483, 541, 763], [161, 846, 458], [329, 517, 464], [264, 698, 100], [855, 87, 304],
[904, 588, 506], [565, 232, 388], [116, 1062, 303], [55, 728, 84], [829, 820, 369], [846, 166, 842], [539, 259, 618], [930, 589, 1068], [256, 785, 628], [356, 571, 716],
[660, 337, 166], [97, 835, 398], [417, 951, 323]]
[[10, 5, 6, 7], [9, 0, 6, 4], [0, 3, 3, 7], [0, 0, 10, 5], [9, 9, 4, 4], [1, 8, 2, 5], [10, 5, 0, 0], [9, 10, 8, 6], [4, 3, 2, 0], [1, 6, 4, 1],
[7, 5, 6, 6], [5, 5, 0, 1], [3, 2, 6, 3], [10, 8, 6, 10], [0, 6, 8, 9], [3, 5, 2, 5], [6, 2, 5, 8], [8, 7, 7, 2], [1, 1, 8, 5], [6, 6, 4, 8],
[8, 8, 0, 8], [3, 4, 5, 3], [10, 2, 10, 0]]
[1, 0.5, 0.5, 0.25, 0.25, 0.125, 0.125, 0.0625, 0.0625, 0.03125,
0.03125, 0.015625, 0.015625, 0.0078125, 0.0078125, 0.00390625, 0.00390625, 0.00195312, 0.00195312, 0.000976562,
0.000976562, 0.000488281, 0.000488281]
[1, 7, 10, 4, 7, 1, 0, 2, 7, 9,
0, 3, 4, 4, 5, 10, 9, 7, 6, 9,
9, 2, 1]
------------------------------------------------------- 
# stage = 12	# children c = 2	length of each stage p = 1	nodes = 22	# items I = 1
