[50, 89, 88, 100, 81, 80, 61, 94, 29, 4,
100, 10, 58, 36, 48, 78, 61, 13, 75, 71,
82, 56, 62, 2, 38, 85, 19, 32, 2, 42,
74, 52, 97, 27, 51, 77, 74, 12, 36, 2,
83, 1, 12, 6, 37, 26, 84, 99, 5, 58,
35, 87, 80, 97, 55, 18, 48, 75, 16, 50,
83, 57, 1, 79, 84, 19, 21, 57, 98, 23,
25, 80, 24, 3, 86, 61, 29, 35, 25, 1]
[[811, 346, 526], [38, 517, 169], [278, 626, 210], [387, 98, 153], [483, 694, 514], [624, 179, 319], [56, 336, 277], [19, 406, 487], [746, 369, 153], [909, 206, 451],
[630, 759, 539], [215, 538, 115], [126, 557, 741], [77, 3, 580], [912, 486, 334], [485, 170, 254], [545, 908, 591], [822, 928, 738], [110, 474, 166], [4, 442, 113],
[455, 131, 613], [53, 87, 210], [851, 895, 767], [651, 31, 771], [32, 684, 57], [366, 910, 227], [620, 515, 877], [11, 137, 605], [749, 929, 138], [915, 933, 580],
[770, 189, 452], [442, 242, 539], [394, 834, 235], [902, 286, 7], [473, 318, 692], [531, 684, 661], [499, 363, 235], [435, 375, 114], [99, 183, 102], [237, 840, 95],
[558, 410, 284], [751, 852, 267], [350, 46, 161], [326, 8, 447], [333, 481, 765], [84, 71, 249], [487, 571, 612], [722, 747, 728], [836, 847, 653], [680, 825, 293],
[516, 184, 703], [541, 935, 355], [549, 85, 402], [451, 411, 410], [898, 745, 891], [463, 829, 704], [453, 375, 75], [807, 839, 822], [594, 475, 728], [47, 896, 354],
[81, 471, 538], [784, 71, 532], [881, 621, 618], [342, 131, 88], [493, 771, 574], [184, 34, 204], [888, 229, 320], [22, 95, 218], [845, 430, 435], [373, 478, 390],
[727, 559, 603], [324, 144, 415], [598, 84, 777], [275, 167, 650], [104, 660, 221], [679, 844, 255], [883, 792, 484], [262, 555, 320], [222, 200, 751], [657, 574, 288]]
[[8, 10, 0, 5], [1, 3, 1, 6], [6, 8, 7, 5], [1, 3, 2, 9], [3, 5, 8, 10], [5, 1, 4, 10], [1, 8, 3, 5], [2, 0, 0, 9], [10, 9, 1, 9], [1, 2, 2, 7],
[10, 9, 10, 10], [2, 1, 8, 3], [6, 5, 1, 9], [4, 5, 8, 4], [1, 10, 7, 1], [10, 7, 10, 7], [5, 0, 6, 7], [2, 8, 1, 0], [7, 1, 10, 7], [2, 7, 10, 7],
[10, 0, 5, 4], [4, 1, 6, 3], [0, 2, 4, 8], [7, 2, 4, 1], [0, 10, 6, 3], [8, 8, 1, 2], [7, 0, 7, 9], [5, 4, 3, 4], [3, 9, 6, 7], [10, 10, 10, 8],
[10, 1, 5, 6], [3, 9, 6, 4], [7, 1, 5, 2], [7, 4, 2, 3], [4, 9, 0, 9], [0, 3, 0, 3], [10, 5, 10, 9], [4, 7, 6, 4], [7, 9, 8, 8], [6, 3, 10, 0],
[3, 4, 2, 10], [8, 4, 1, 10], [0, 10, 6, 0], [2, 5, 4, 2], [10, 1, 9, 1], [7, 3, 5, 1], [1, 3, 9, 5], [4, 9, 5, 7], [0, 7, 5, 7], [9, 6, 6, 7],
[5, 0, 6, 5], [5, 10, 5, 4], [9, 4, 3, 3], [7, 9, 4, 6], [10, 3, 1, 3], [10, 4, 0, 10], [1, 5, 6, 8], [9, 0, 3, 1], [0, 9, 6, 3], [6, 1, 5, 4],
[3, 8, 6, 8], [6, 10, 3, 3], [0, 2, 7, 10], [7, 5, 8, 6], [10, 3, 1, 6], [1, 4, 7, 1], [2, 2, 4, 8], [1, 7, 0, 4], [5, 6, 1, 0], [3, 3, 2, 2],
[3, 9, 1, 10], [1, 9, 3, 9], [0, 3, 4, 1], [7, 0, 1, 8], [0, 3, 3, 2], [0, 1, 4, 5], [5, 6, 3, 9], [9, 5, 9, 1], [1, 10, 10, 2], [7, 0, 0, 5]]
[1, 1, 1, 1, 1, 0.333333, 0.333333, 0.333333, 0.333333, 0.333333,
0.333333, 0.333333, 0.333333, 0.333333, 0.333333, 0.333333, 0.333333, 0.333333, 0.333333, 0.333333,
0.111111, 0.111111, 0.111111, 0.111111, 0.111111, 0.111111, 0.111111, 0.111111, 0.111111, 0.111111,
0.111111, 0.111111, 0.111111, 0.111111, 0.111111, 0.037037, 0.037037, 0.037037, 0.037037, 0.037037,
0.037037, 0.037037, 0.037037, 0.037037, 0.037037, 0.037037, 0.037037, 0.037037, 0.037037, 0.037037,
0.0123457, 0.0123457, 0.0123457, 0.0123457, 0.0123457, 0.0123457, 0.0123457, 0.0123457, 0.0123457, 0.0123457,
0.0123457, 0.0123457, 0.0123457, 0.0123457, 0.0123457, 0.00411523, 0.00411523, 0.00411523, 0.00411523, 0.00411523,
0.00411523, 0.00411523, 0.00411523, 0.00411523, 0.00411523, 0.00411523, 0.00411523, 0.00411523, 0.00411523, 0.00411523]
[9, 7, 12, 13, 9, 9, 12, 14, 7, 1,
14, 2, 6, 5, 4, 2, 17, 0, 9, 12,
13, 0, 4, 4, 11, 12, 12, 16, 11, 0,
12, 9, 6, 15, 17, 6, 6, 16, 14, 0,
4, 8, 2, 15, 7, 6, 12, 7, 1, 9,
10, 8, 18, 4, 4, 14, 14, 6, 8, 5,
12, 12, 2, 1, 15, 0, 3, 16, 11, 10,
6, 4, 6, 11, 7, 5, 3, 18, 9, 6]
------------------------------------------------------- 
# stage = 6	# children c = 3	length of each stage p = 5	nodes = 79	# items I = 1
