[46, 24, 98, 15, 70, 49, 8, 30, 67, 84,
91, 88, 7, 47, 66, 75, 80, 91, 82, 32,
54, 73, 54, 81, 77, 12, 80, 75, 17, 32,
73, 63, 22, 70, 44, 92, 85, 18, 21, 18,
68, 78, 72, 76, 24, 37, 50, 4, 95, 98,
36, 48, 36, 90, 96, 13, 69, 75, 88, 86,
6, 60, 15, 95, 97, 25, 86, 47, 10, 73,
65, 78, 51, 37, 19, 41, 40, 35, 45, 34,
33, 48, 83, 69, 3, 78, 48, 38, 52, 1,
91, 24, 28, 72, 85, 91, 97, 70, 37, 6,
8, 2, 51, 25, 39, 70, 67, 79, 5, 78,
80, 4, 92, 62, 73, 62, 5, 88, 100, 23,
89, 90, 13, 83, 61, 98, 73, 24, 33, 10]
[[1513, 1874, 852], [1187, 357, 983], [1581, 833, 1213], [1248, 536, 710], [944, 713, 1880], [1615, 685, 547], [1473, 1307, 464], [627, 917, 1127], [1715, 444, 1944], [946, 653, 1010],
[1060, 773, 911], [519, 1960, 1848], [1502, 1568, 1289], [1323, 1424, 1825], [640, 975, 565], [547, 618, 1831], [1674, 698, 1745], [745, 1905, 1269], [1872, 1647, 320], [451, 620, 973],
[1461, 288, 1746], [979, 807, 340], [855, 917, 1909], [171, 847, 1940], [603, 1487, 942], [1748, 61, 167], [1606, 1735, 1445], [1958, 508, 1377], [1254, 987, 1632], [1574, 1438, 279],
[1154, 926, 1147], [1507, 513, 562], [1848, 1368, 1479], [391, 1539, 933], [358, 749, 447], [1880, 524, 1088], [75, 158, 1430], [1520, 723, 545], [1505, 585, 1533], [1164, 766, 1578],
[50, 1921, 1112], [1198, 62, 1625], [367, 1910, 1600], [453, 328, 1746], [1386, 686, 522], [1833, 1174, 1046], [948, 1829, 1784], [985, 1376, 535], [1531, 1488, 1700], [1671, 679, 493],
[1856, 730, 1021], [995, 535, 1084], [1227, 902, 1021], [854, 1355, 1930], [627, 1348, 1223], [1729, 1208, 424], [803, 763, 280], [614, 1748, 264], [1729, 1886, 1752], [1456, 1584, 1039],
[1950, 1468, 1769], [1578, 1070, 911], [689, 905, 420], [318, 1759, 1775], [275, 994, 1150], [105, 750, 965], [530, 1553, 335], [1390, 775, 690], [1654, 531, 604], [41, 15, 215],
[1080, 572, 290], [1456, 177, 1361], [974, 1447, 873], [1394, 1765, 659], [1776, 647, 260], [1533, 752, 1591], [525, 1282, 1171], [1440, 700, 553], [157, 961, 1085], [761, 1002, 1680],
[1557, 689, 279], [454, 752, 456], [422, 1726, 1903], [1295, 1147, 302], [1955, 950, 949], [822, 510, 309], [440, 1615, 198], [219, 1082, 898], [772, 1240, 467], [464, 608, 76],
[171, 772, 1346], [450, 1227, 125], [1487, 1649, 1852], [1417, 972, 1026], [327, 1534, 584], [1856, 383, 1094], [192, 1404, 737], [391, 1623, 426], [1869, 1002, 273], [363, 1467, 882],
[1020, 1638, 261], [393, 696, 1488], [518, 210, 1745], [977, 234, 744], [31, 561, 885], [615, 445, 1848], [316, 1217, 1279], [1633, 1608, 1509], [87, 1505, 1119], [940, 475, 613],
[429, 1495, 858], [691, 1888, 1554], [786, 1014, 371], [558, 18, 606], [1882, 629, 1747], [794, 1244, 799], [670, 168, 44], [556, 1801, 1652], [673, 495, 1764], [1792, 43, 267],
[432, 472, 1762], [1870, 1163, 285], [59, 1950, 1299], [430, 1115, 1897], [1036, 1025, 554], [1391, 1819, 405], [217, 1096, 573], [261, 1653, 982], [521, 933, 84], [312, 752, 707]]
[[4, 8, 4, 8], [5, 7, 7, 5], [0, 9, 10, 3], [9, 8, 0, 3], [9, 7, 6, 7], [1, 7, 6, 2], [6, 0, 8, 1], [2, 2, 5, 7], [0, 9, 4, 3], [3, 9, 8, 3],
[5, 5, 5, 3], [2, 3, 5, 0], [0, 9, 8, 10], [5, 1, 2, 10], [1, 10, 9, 4], [0, 3, 9, 0], [10, 0, 3, 2], [8, 9, 3, 2], [3, 6, 4, 6], [10, 9, 6, 8],
[7, 1, 7, 0], [2, 7, 8, 4], [7, 6, 6, 5], [7, 2, 5, 6], [0, 6, 6, 8], [2, 7, 9, 5], [3, 2, 0, 0], [0, 5, 6, 5], [4, 2, 3, 7], [8, 0, 9, 2],
[4, 2, 7, 0], [2, 10, 4, 2], [3, 10, 9, 5], [7, 7, 10, 10], [9, 9, 8, 7], [1, 3, 10, 5], [3, 1, 1, 0], [10, 8, 2, 4], [8, 7, 2, 10], [6, 7, 0, 9],
[6, 9, 1, 0], [3, 1, 8, 10], [8, 5, 4, 9], [8, 3, 1, 10], [2, 1, 10, 2], [9, 0, 4, 7], [5, 6, 4, 1], [0, 4, 8, 7], [0, 10, 5, 1], [9, 3, 0, 4],
[8, 4, 0, 4], [6, 1, 3, 8], [2, 0, 8, 1], [9, 10, 6, 4], [4, 10, 3, 4], [2, 9, 9, 0], [8, 4, 2, 4], [7, 2, 8, 4], [7, 8, 6, 0], [8, 9, 6, 10],
[8, 2, 9, 6], [1, 2, 8, 5], [0, 0, 10, 2], [10, 8, 2, 5], [1, 2, 10, 8], [5, 5, 0, 10], [1, 6, 10, 9], [3, 3, 6, 0], [5, 3, 4, 7], [5, 2, 1, 5],
[0, 9, 5, 8], [5, 6, 3, 4], [8, 0, 2, 2], [3, 0, 10, 4], [4, 7, 0, 5], [0, 5, 5, 5], [8, 8, 10, 0], [8, 10, 6, 8], [8, 9, 6, 2], [4, 7, 7, 0],
[5, 7, 0, 8], [5, 0, 0, 7], [7, 9, 2, 5], [3, 5, 0, 9], [2, 10, 10, 10], [7, 3, 6, 5], [1, 10, 5, 6], [4, 10, 6, 9], [4, 6, 6, 9], [4, 6, 6, 10],
[5, 8, 4, 6], [2, 4, 5, 3], [2, 2, 0, 9], [5, 6, 1, 6], [3, 7, 10, 7], [4, 3, 5, 9], [8, 10, 7, 1], [5, 0, 0, 8], [6, 5, 2, 9], [7, 7, 1, 7],
[7, 10, 4, 1], [6, 5, 7, 7], [10, 7, 4, 2], [10, 7, 0, 5], [6, 5, 7, 10], [6, 7, 5, 1], [10, 7, 8, 7], [1, 7, 1, 8], [7, 5, 9, 0], [9, 4, 7, 6],
[9, 9, 8, 6], [6, 6, 1, 10], [1, 8, 7, 7], [2, 2, 6, 0], [9, 4, 5, 0], [9, 6, 6, 5], [10, 3, 5, 6], [7, 2, 1, 5], [9, 8, 9, 4], [3, 10, 2, 2],
[5, 9, 7, 6], [0, 3, 6, 8], [5, 0, 6, 3], [6, 1, 7, 3], [4, 1, 9, 9], [1, 9, 1, 9], [6, 0, 2, 7], [8, 2, 8, 3], [1, 4, 9, 10], [5, 4, 7, 8]]
[1, 1, 1, 1, 1, 0.2, 0.2, 0.2, 0.2, 0.2,
0.2, 0.2, 0.2, 0.2, 0.2, 0.2, 0.2, 0.2, 0.2, 0.2,
0.2, 0.2, 0.2, 0.2, 0.2, 0.2, 0.2, 0.2, 0.2, 0.2,
0.04, 0.04, 0.04, 0.04, 0.04, 0.04, 0.04, 0.04, 0.04, 0.04,
0.04, 0.04, 0.04, 0.04, 0.04, 0.04, 0.04, 0.04, 0.04, 0.04,
0.04, 0.04, 0.04, 0.04, 0.04, 0.008, 0.008, 0.008, 0.008, 0.008,
0.008, 0.008, 0.008, 0.008, 0.008, 0.008, 0.008, 0.008, 0.008, 0.008,
0.008, 0.008, 0.008, 0.008, 0.008, 0.008, 0.008, 0.008, 0.008, 0.008,
0.0016, 0.0016, 0.0016, 0.0016, 0.0016, 0.0016, 0.0016, 0.0016, 0.0016, 0.0016,
0.0016, 0.0016, 0.0016, 0.0016, 0.0016, 0.0016, 0.0016, 0.0016, 0.0016, 0.0016,
0.0016, 0.0016, 0.0016, 0.0016, 0.0016, 0.00032, 0.00032, 0.00032, 0.00032, 0.00032,
0.00032, 0.00032, 0.00032, 0.00032, 0.00032, 0.00032, 0.00032, 0.00032, 0.00032, 0.00032,
0.00032, 0.00032, 0.00032, 0.00032, 0.00032, 0.00032, 0.00032, 0.00032, 0.00032, 0.00032]
[9, 8, 4, 5, 8, 3, 5, 1, 8, 5,
1, 1, 2, 5, 6, 0, 6, 0, 8, 8,
8, 5, 3, 3, 7, 7, 6, 0, 5, 7,
3, 0, 0, 4, 8, 7, 6, 2, 4, 8,
5, 3, 7, 2, 5, 7, 3, 1, 9, 5,
3, 8, 8, 5, 7, 7, 2, 8, 9, 3,
4, 4, 1, 2, 6, 3, 2, 2, 4, 7,
3, 8, 0, 7, 0, 6, 7, 5, 9, 2,
9, 6, 8, 5, 6, 6, 1, 0, 4, 4,
2, 3, 3, 3, 8, 9, 4, 2, 4, 5,
2, 6, 9, 0, 8, 1, 0, 4, 5, 0,
4, 4, 7, 1, 5, 8, 1, 8, 3, 5,
6, 3, 5, 2, 5, 7, 5, 8, 1, 8]
------------------------------------------------------- 
# stage = 6	# children c = 5	length of each stage p = 5	nodes = 129	# items I = 1
