[95, 99, 76, 53, 72, 98, 100, 1, 25, 86,
25, 95, 36, 30, 27, 21, 4, 61, 30, 79,
24, 66, 53, 75, 100, 62, 64, 85, 97, 23,
58, 91, 88, 100]
[[496, 398, 512], [154, 262, 309], [85, 375, 374], [12, 401, 285], [970, 779, 835], [289, 149, 426], [785, 753, 72], [786, 186, 158], [522, 984, 849], [925, 729, 423],
[393, 230, 821], [906, 361, 89], [197, 447, 464], [571, 436, 842], [856, 412, 626], [696, 678, 752], [105, 445, 510], [177, 213, 673], [312, 735, 662], [166, 643, 373],
[567, 18, 603], [393, 901, 965], [459, 104, 394], [900, 675, 807], [747, 514, 224], [378, 192, 879], [113, 297, 329], [623, 451, 543], [302, 763, 260], [941, 907, 880],
[320, 479, 899], [900, 849, 782], [847, 314, 886], [246, 196, 544]]
[[5, 3, 0, 2], [1, 6, 6, 4], [4, 3, 9, 1], [8, 10, 4, 5], [10, 0, 5, 6], [6, 2, 6, 1], [7, 9, 9, 8], [3, 7, 9, 8], [10, 10, 8, 0], [3, 3, 2, 7],
[6, 10, 8, 2], [9, 10, 7, 7], [8, 0, 2, 4], [2, 6, 5, 8], [4, 1, 3, 7], [8, 2, 2, 7], [10, 10, 5, 2], [0, 8, 10, 5], [7, 5, 7, 3], [3, 1, 10, 9],
[1, 0, 2, 2], [6, 5, 10, 9], [5, 0, 3, 0], [2, 6, 6, 1], [3, 0, 2, 2], [6, 10, 5, 0], [4, 10, 4, 5], [0, 3, 4, 0], [1, 4, 2, 8], [10, 10, 4, 2],
[10, 7, 2, 0], [0, 8, 1, 2], [7, 1, 4, 2], [0, 7, 3, 5]]
[1, 0.333333, 0.333333, 0.333333, 0.111111, 0.111111, 0.111111, 0.037037, 0.037037, 0.037037,
0.0123457, 0.0123457, 0.0123457, 0.00411523, 0.00411523, 0.00411523, 0.00137174, 0.00137174, 0.00137174, 0.000457247,
0.000457247, 0.000457247, 0.000152416, 0.000152416, 0.000152416, 5.08053e-05, 5.08053e-05, 5.08053e-05, 1.69351e-05, 1.69351e-05,
1.69351e-05, 5.64503e-06, 5.64503e-06, 5.64503e-06]
[4, 7, 5, 2, 8, 4, 2, 4, 4, 0,
5, 9, 3, 1, 2, 8, 0, 7, 9, 6,
2, 3, 7, 4, 6, 6, 0, 6, 8, 2,
0, 0, 0, 9]
------------------------------------------------------- 
# stage = 12	# children c = 3	length of each stage p = 1	nodes = 33	# items I = 1
