[44, 4, 79, 87, 33, 77, 24, 72, 30, 12,
37, 3, 36, 5, 22, 7, 77, 60, 80, 20]
[[934, 537, 451], [589, 843, 473], [385, 467, 486], [12, 99, 884], [901, 358, 38], [809, 390, 843], [698, 169, 170], [21, 395, 772], [643, 649, 8], [488, 812, 38],
[31, 805, 575], [223, 194, 218], [438, 321, 686], [924, 333, 526], [608, 35, 884], [387, 844, 74], [290, 602, 243], [460, 364, 638], [32, 66, 87], [722, 295, 900]]
[[9, 2, 1, 3], [8, 6, 1, 10], [2, 3, 1, 1], [0, 7, 9, 4], [0, 9, 3, 8], [6, 9, 10, 4], [9, 10, 4, 4], [2, 2, 3, 9], [4, 4, 1, 1], [8, 1, 0, 8],
[4, 10, 7, 3], [4, 6, 7, 4], [2, 8, 0, 8], [5, 10, 10, 3], [10, 3, 6, 10], [3, 9, 9, 7], [0, 8, 6, 8], [9, 4, 3, 1], [3, 0, 4, 7], [6, 9, 10, 6]]
[1, 1, 0.333333, 0.333333, 0.333333, 0.333333, 0.333333, 0.333333, 0.111111, 0.111111,
0.111111, 0.111111, 0.111111, 0.111111, 0.037037, 0.037037, 0.037037, 0.037037, 0.037037, 0.037037]
[8, 17, 11, 2, 16, 2, 1, 10, 4, 18,
16, 17, 3, 9, 18, 14, 13, 14, 1, 2]
------------------------------------------------------- 
# stage = 4	# children c = 3	length of each stage p = 2	nodes = 19	# items I = 1
