[25, 69, 95, 82, 74, 44, 99, 66, 96, 19,
17, 98, 91, 20, 66, 79, 63, 2, 28, 64,
42, 87, 47, 81, 78, 77, 85, 46, 7, 44,
22, 100, 13, 83, 47, 53, 27, 12, 18, 89,
98, 2, 52, 88, 22, 17, 66, 51, 20, 95,
14, 28, 47, 62, 9, 92, 38, 60, 3, 12,
3, 25, 78, 83, 75, 91, 35, 1, 2, 20,
90, 100, 22, 41, 87, 10, 25, 19, 62, 11,
80, 42, 39, 26, 3, 14, 84, 8, 74, 88,
87, 44, 79, 30, 26, 53, 20, 28, 20, 90,
14, 9, 89, 36, 17, 42, 12, 42, 61, 74,
53, 40, 83, 58, 32, 52, 39, 16, 26, 12,
3, 12, 22, 48, 8, 15, 1, 96, 9, 21]
[[224, 741, 847], [381, 1032, 76], [318, 1132, 308], [306, 676, 310], [969, 269, 796], [798, 1102, 649], [671, 350, 594], [540, 423, 399], [219, 631, 348], [477, 426, 505],
[724, 650, 96], [421, 933, 1128], [497, 101, 1013], [708, 408, 441], [920, 227, 710], [567, 928, 565], [1118, 449, 817], [562, 891, 91], [962, 1110, 624], [160, 437, 1050],
[567, 11, 453], [663, 334, 236], [543, 832, 240], [308, 292, 648], [750, 1114, 777], [212, 531, 457], [777, 401, 906], [445, 964, 549], [438, 678, 509], [1062, 838, 848],
[865, 255, 859], [168, 820, 44], [306, 213, 778], [546, 522, 972], [1096, 24, 936], [626, 236, 220], [1083, 916, 621], [742, 211, 435], [141, 649, 1113], [553, 463, 703],
[251, 178, 860], [1013, 248, 530], [959, 555, 646], [489, 1003, 1070], [311, 852, 1094], [97, 230, 82], [219, 163, 998], [841, 807, 59], [28, 851, 610], [1044, 254, 976],
[499, 505, 4], [112, 270, 253], [642, 79, 710], [40, 568, 563], [1110, 879, 167], [956, 879, 397], [1039, 1000, 463], [887, 593, 120], [849, 524, 873], [211, 418, 1127],
[37, 819, 385], [42, 931, 655], [197, 424, 735], [907, 366, 55], [320, 229, 837], [390, 35, 468], [787, 1074, 318], [100, 812, 814], [123, 413, 188], [996, 624, 606],
[876, 662, 275], [111, 606, 57], [668, 803, 383], [155, 560, 651], [211, 782, 880], [950, 22, 916], [268, 810, 742], [488, 812, 306], [152, 935, 719], [340, 782, 194],
[946, 410, 758], [1124, 521, 214], [1083, 1091, 1017], [316, 97, 329], [869, 210, 1111], [600, 10, 1036], [268, 278, 598], [1010, 766, 260], [69, 919, 1098], [788, 11, 632],
[884, 958, 1042], [492, 834, 315], [608, 767, 256], [475, 985, 255], [804, 704, 465], [668, 56, 475], [456, 226, 655], [1054, 87, 174], [66, 58, 995], [14, 846, 1006],
[646, 483, 716], [440, 877, 400], [755, 336, 1069], [1012, 713, 806], [117, 270, 263], [485, 938, 319], [960, 146, 546], [368, 50, 535], [542, 18, 593], [289, 1085, 191],
[145, 483, 576], [862, 924, 304], [14, 529, 640], [986, 293, 105], [642, 313, 375], [905, 798, 65], [1127, 510, 211], [523, 780, 163], [960, 172, 182], [305, 461, 117],
[496, 509, 600], [975, 123, 276], [129, 137, 806], [671, 1025, 1001], [776, 518, 164], [1054, 273, 864], [1119, 152, 225], [181, 577, 1005], [246, 387, 1080], [330, 594, 293]]
[[2, 6, 10, 5], [10, 4, 7, 10], [2, 3, 0, 5], [7, 9, 10, 4], [9, 8, 9, 5], [0, 3, 10, 5], [0, 4, 9, 8], [6, 5, 4, 8], [9, 1, 2, 8], [5, 8, 8, 5],
[9, 6, 8, 6], [4, 7, 8, 0], [3, 6, 3, 1], [9, 3, 6, 7], [5, 5, 5, 0], [8, 7, 6, 5], [6, 6, 2, 0], [1, 8, 5, 0], [3, 2, 6, 5], [7, 3, 4, 10],
[7, 7, 0, 3], [8, 5, 10, 2], [8, 2, 2, 5], [7, 6, 8, 2], [2, 0, 2, 3], [6, 5, 3, 8], [7, 7, 0, 2], [10, 4, 10, 4], [1, 0, 7, 9], [3, 7, 1, 0],
[7, 1, 3, 4], [8, 1, 4, 8], [10, 5, 0, 3], [10, 2, 0, 5], [9, 1, 7, 9], [3, 6, 2, 4], [4, 8, 1, 5], [4, 0, 5, 9], [10, 9, 0, 7], [8, 5, 4, 7],
[10, 3, 10, 7], [5, 9, 10, 3], [8, 6, 10, 0], [0, 2, 3, 2], [10, 2, 8, 1], [2, 0, 8, 1], [7, 9, 7, 4], [1, 0, 9, 9], [1, 9, 5, 6], [5, 5, 10, 2],
[9, 9, 0, 7], [9, 3, 8, 6], [5, 3, 5, 5], [3, 3, 7, 0], [1, 1, 2, 0], [1, 1, 9, 1], [8, 3, 7, 2], [6, 6, 2, 3], [3, 2, 10, 1], [4, 5, 6, 7],
[8, 0, 2, 10], [3, 7, 8, 2], [8, 10, 2, 7], [9, 0, 8, 6], [2, 3, 8, 6], [7, 8, 9, 10], [0, 7, 10, 2], [10, 5, 7, 8], [5, 7, 5, 7], [1, 2, 9, 9],
[10, 1, 4, 9], [10, 10, 4, 1], [0, 0, 6, 8], [8, 4, 5, 6], [9, 4, 6, 9], [7, 3, 4, 2], [10, 9, 9, 1], [9, 5, 8, 6], [6, 10, 4, 4], [8, 7, 3, 8],
[5, 9, 3, 0], [1, 9, 5, 8], [2, 0, 6, 10], [1, 8, 10, 1], [4, 6, 0, 0], [0, 6, 7, 5], [4, 0, 9, 1], [5, 10, 7, 10], [9, 0, 0, 8], [9, 5, 5, 9],
[3, 10, 6, 5], [5, 5, 4, 10], [9, 2, 10, 8], [8, 4, 2, 1], [5, 9, 0, 8], [6, 6, 8, 4], [6, 6, 10, 2], [9, 3, 0, 1], [2, 5, 6, 7], [10, 8, 4, 7],
[10, 2, 4, 6], [6, 6, 5, 9], [2, 6, 7, 8], [10, 2, 0, 5], [8, 10, 5, 4], [0, 3, 5, 2], [8, 10, 8, 6], [7, 10, 2, 5], [1, 6, 0, 8], [10, 5, 4, 10],
[9, 0, 7, 8], [0, 5, 0, 6], [3, 3, 10, 3], [7, 5, 4, 4], [2, 10, 10, 7], [9, 10, 1, 0], [5, 1, 6, 2], [5, 10, 1, 3], [9, 7, 10, 9], [10, 8, 5, 2],
[1, 4, 4, 8], [7, 8, 10, 7], [7, 8, 4, 3], [7, 5, 3, 0], [5, 9, 0, 10], [7, 0, 0, 5], [5, 10, 3, 4], [6, 6, 5, 7], [9, 7, 2, 5], [4, 1, 2, 9]]
[1, 1, 1, 1, 1, 0.2, 0.2, 0.2, 0.2, 0.2,
0.2, 0.2, 0.2, 0.2, 0.2, 0.2, 0.2, 0.2, 0.2, 0.2,
0.2, 0.2, 0.2, 0.2, 0.2, 0.2, 0.2, 0.2, 0.2, 0.2,
0.04, 0.04, 0.04, 0.04, 0.04, 0.04, 0.04, 0.04, 0.04, 0.04,
0.04, 0.04, 0.04, 0.04, 0.04, 0.04, 0.04, 0.04, 0.04, 0.04,
0.04, 0.04, 0.04, 0.04, 0.04, 0.008, 0.008, 0.008, 0.008, 0.008,
0.008, 0.008, 0.008, 0.008, 0.008, 0.008, 0.008, 0.008, 0.008, 0.008,
0.008, 0.008, 0.008, 0.008, 0.008, 0.008, 0.008, 0.008, 0.008, 0.008,
0.0016, 0.0016, 0.0016, 0.0016, 0.0016, 0.0016, 0.0016, 0.0016, 0.0016, 0.0016,
0.0016, 0.0016, 0.0016, 0.0016, 0.0016, 0.0016, 0.0016, 0.0016, 0.0016, 0.0016,
0.0016, 0.0016, 0.0016, 0.0016, 0.0016, 0.00032, 0.00032, 0.00032, 0.00032, 0.00032,
0.00032, 0.00032, 0.00032, 0.00032, 0.00032, 0.00032, 0.00032, 0.00032, 0.00032, 0.00032,
0.00032, 0.00032, 0.00032, 0.00032, 0.00032, 0.00032, 0.00032, 0.00032, 0.00032, 0.00032]
[4, 7, 22, 4, 2, 6, 13, 12, 10, 2,
15, 4, 9, 1, 14, 22, 10, 8, 19, 20,
8, 1, 22, 2, 11, 4, 14, 22, 20, 6,
8, 0, 17, 16, 8, 6, 17, 2, 9, 13,
19, 11, 14, 16, 0, 10, 16, 14, 6, 18,
15, 18, 20, 13, 7, 21, 15, 2, 14, 11,
11, 16, 2, 10, 10, 16, 12, 0, 13, 9,
11, 18, 11, 3, 3, 5, 0, 13, 17, 21,
11, 18, 13, 3, 2, 18, 14, 10, 15, 15,
9, 3, 1, 5, 5, 5, 11, 10, 6, 16,
20, 16, 12, 1, 5, 16, 19, 18, 7, 3,
21, 17, 2, 22, 6, 11, 14, 2, 18, 18,
8, 9, 18, 18, 21, 4, 1, 17, 8, 0]
------------------------------------------------------- 
# stage = 6	# children c = 5	length of each stage p = 5	nodes = 129	# items I = 1
