[9, 49, 49, 97, 73, 83, 10, 38, 42, 46,
23, 61, 68, 69, 77, 10, 81, 53, 49, 24,
65, 37, 38, 25, 17, 5, 49, 33, 74, 63,
64, 83, 79, 12, 45, 17, 61, 55, 56, 3,
67, 45, 30, 1, 81, 6, 11, 61, 25, 60,
51, 90, 63, 56, 82, 81, 61, 97, 80, 34,
25, 43, 83, 3, 22, 28, 21, 49, 49, 43,
52, 16]
[[393, 558, 880], [678, 1998, 2010], [1548, 1727, 478], [526, 1720, 847], [1650, 1076, 428], [1653, 142, 1817], [2025, 204, 470], [915, 833, 448], [1995, 696, 432], [2005, 1438, 2120],
[1062, 1831, 551], [134, 701, 741], [16, 442, 340], [495, 968, 252], [1662, 810, 1328], [2090, 336, 1791], [2100, 233, 1995], [442, 1468, 700], [1210, 1336, 1716], [1962, 1213, 1027],
[1955, 468, 1050], [378, 602, 2072], [1119, 939, 386], [1779, 1754, 1354], [2032, 1288, 36], [1232, 1571, 692], [895, 1543, 925], [1082, 177, 266], [2102, 1387, 1922], [1691, 1221, 1327],
[910, 1048, 1795], [1960, 1746, 590], [1904, 1057, 1849], [162, 709, 1475], [1836, 933, 955], [1873, 37, 718], [437, 1253, 453], [1683, 207, 630], [141, 182, 209], [2063, 65, 1751],
[1262, 975, 991], [1250, 1127, 930], [1840, 1224, 179], [1561, 1386, 1208], [1228, 1415, 13], [55, 1160, 371], [1094, 1917, 1624], [1547, 1472, 23], [370, 1933, 525], [899, 1868, 590],
[842, 1323, 1885], [26, 445, 885], [956, 477, 2109], [1455, 2038, 1687], [536, 1458, 974], [869, 1833, 326], [1240, 799, 436], [1056, 539, 100], [1400, 909, 2034], [1925, 0, 1774],
[708, 843, 969], [465, 869, 1734], [1670, 17, 83], [1651, 1472, 313], [1531, 2008, 1771], [697, 1070, 1477], [1024, 182, 468], [1780, 1559, 1007], [1880, 831, 108], [1786, 948, 109],
[1753, 1656, 1272], [594, 314, 13]]
[[10, 6, 9, 10], [8, 3, 7, 0], [2, 9, 5, 1], [9, 9, 10, 2], [9, 9, 8, 3], [0, 1, 3, 4], [8, 7, 1, 4], [5, 10, 9, 4], [6, 5, 2, 1], [8, 7, 2, 8],
[5, 7, 7, 3], [3, 6, 5, 1], [2, 0, 4, 1], [2, 5, 5, 8], [10, 6, 1, 4], [6, 8, 7, 10], [2, 9, 9, 8], [5, 0, 6, 9], [5, 2, 1, 6], [7, 5, 7, 7],
[5, 10, 8, 5], [2, 1, 3, 0], [7, 2, 2, 0], [0, 9, 8, 2], [5, 7, 9, 9], [5, 4, 7, 9], [4, 6, 4, 0], [9, 10, 6, 2], [7, 3, 7, 7], [4, 8, 7, 10],
[0, 10, 8, 9], [6, 6, 9, 1], [2, 7, 10, 5], [9, 4, 3, 3], [10, 8, 1, 9], [5, 7, 0, 1], [9, 5, 8, 0], [3, 3, 10, 1], [2, 8, 8, 6], [1, 6, 7, 1],
[1, 4, 6, 10], [6, 10, 2, 6], [5, 4, 2, 10], [9, 2, 0, 7], [5, 6, 8, 6], [9, 5, 7, 9], [0, 2, 5, 1], [9, 10, 2, 8], [2, 7, 7, 8], [6, 8, 3, 9],
[10, 5, 8, 8], [5, 6, 5, 9], [1, 2, 4, 9], [7, 1, 7, 8], [3, 10, 7, 10], [10, 8, 7, 10], [4, 2, 7, 10], [10, 9, 8, 9], [1, 3, 4, 5], [9, 9, 3, 8],
[9, 7, 4, 4], [6, 10, 10, 8], [9, 6, 5, 6], [3, 2, 5, 7], [2, 0, 4, 10], [9, 10, 6, 8], [2, 10, 2, 9], [7, 5, 5, 5], [0, 9, 7, 6], [8, 6, 1, 5],
[2, 7, 9, 3], [7, 2, 9, 9]]
[1, 1, 0.2, 0.2, 0.2, 0.2, 0.2, 0.2, 0.2, 0.2,
0.2, 0.2, 0.04, 0.04, 0.04, 0.04, 0.04, 0.04, 0.04, 0.04,
0.04, 0.04, 0.008, 0.008, 0.008, 0.008, 0.008, 0.008, 0.008, 0.008,
0.008, 0.008, 0.0016, 0.0016, 0.0016, 0.0016, 0.0016, 0.0016, 0.0016, 0.0016,
0.0016, 0.0016, 0.00032, 0.00032, 0.00032, 0.00032, 0.00032, 0.00032, 0.00032, 0.00032,
0.00032, 0.00032, 6.4e-05, 6.4e-05, 6.4e-05, 6.4e-05, 6.4e-05, 6.4e-05, 6.4e-05, 6.4e-05,
6.4e-05, 6.4e-05, 1.28e-05, 1.28e-05, 1.28e-05, 1.28e-05, 1.28e-05, 1.28e-05, 1.28e-05, 1.28e-05,
1.28e-05, 1.28e-05]
[20, 18, 10, 7, 9, 5, 6, 11, 18, 9,
11, 18, 12, 8, 2, 16, 21, 13, 20, 20,
10, 6, 7, 1, 20, 13, 12, 17, 5, 3,
14, 5, 8, 20, 10, 10, 20, 13, 10, 7,
21, 15, 3, 12, 11, 10, 11, 14, 7, 1,
8, 14, 3, 8, 18, 18, 7, 3, 20, 14,
7, 9, 14, 11, 10, 15, 20, 21, 9, 11,
18, 19]
------------------------------------------------------- 
# stage = 8	# children c = 5	length of each stage p = 2	nodes = 71	# items I = 1
