[16, 74, 68, 27, 6, 32, 7, 10, 69, 68,
40, 43, 97, 46, 57, 65, 90, 70, 11, 64,
48, 1, 65, 19, 2, 29, 60, 60, 90, 13,
21, 73, 53, 89, 100, 59, 87, 73, 35, 56,
40, 41, 65, 3]
[[904, 427, 925], [273, 918, 538], [153, 450, 56], [637, 823, 75], [411, 364, 837], [955, 830, 132], [378, 726, 726], [677, 323, 94], [526, 840, 303], [26, 375, 280],
[614, 252, 657], [511, 525, 547], [71, 628, 20], [77, 288, 793], [153, 649, 180], [940, 627, 960], [44, 955, 659], [770, 604, 932], [815, 152, 795], [140, 128, 192],
[370, 742, 394], [0, 225, 920], [497, 296, 520], [467, 324, 758], [283, 427, 430], [413, 389, 29], [345, 433, 934], [26, 176, 560], [959, 13, 662], [776, 103, 791],
[918, 424, 505], [335, 424, 731], [227, 871, 977], [747, 361, 273], [478, 594, 700], [858, 29, 61], [887, 374, 445], [843, 351, 621], [375, 332, 584], [59, 80, 687],
[850, 20, 133], [328, 305, 507], [31, 532, 401], [30, 252, 712]]
[[3, 7, 5, 8], [6, 10, 4, 1], [10, 1, 9, 8], [6, 1, 8, 9], [5, 6, 9, 5], [9, 7, 7, 6], [9, 0, 3, 3], [4, 2, 2, 5], [7, 5, 3, 0], [3, 7, 1, 2],
[6, 9, 10, 2], [8, 5, 9, 2], [0, 5, 8, 7], [10, 2, 1, 8], [2, 4, 10, 4], [5, 10, 10, 10], [5, 2, 0, 8], [7, 1, 10, 3], [10, 7, 3, 8], [2, 10, 8, 0],
[4, 3, 8, 1], [5, 9, 8, 6], [0, 7, 10, 3], [6, 9, 3, 9], [9, 1, 6, 4], [2, 3, 5, 0], [0, 8, 6, 0], [7, 1, 9, 9], [5, 4, 10, 8], [0, 7, 3, 10],
[1, 1, 2, 8], [10, 3, 6, 7], [4, 0, 0, 5], [1, 5, 3, 10], [0, 7, 10, 5], [8, 7, 1, 0], [0, 9, 7, 10], [4, 8, 9, 5], [9, 0, 0, 7], [2, 5, 3, 4],
[5, 1, 7, 6], [4, 8, 6, 2], [4, 3, 7, 0], [8, 8, 9, 9]]
[1, 1, 0.333333, 0.333333, 0.333333, 0.333333, 0.333333, 0.333333, 0.111111, 0.111111,
0.111111, 0.111111, 0.111111, 0.111111, 0.037037, 0.037037, 0.037037, 0.037037, 0.037037, 0.037037,
0.0123457, 0.0123457, 0.0123457, 0.0123457, 0.0123457, 0.0123457, 0.00411523, 0.00411523, 0.00411523, 0.00411523,
0.00411523, 0.00411523, 0.00137174, 0.00137174, 0.00137174, 0.00137174, 0.00137174, 0.00137174, 0.000457247, 0.000457247,
0.000457247, 0.000457247, 0.000457247, 0.000457247]
[10, 0, 15, 15, 5, 14, 17, 4, 6, 5,
3, 16, 12, 9, 5, 4, 13, 9, 9, 4,
10, 6, 5, 17, 15, 14, 15, 3, 12, 8,
8, 16, 1, 6, 9, 16, 12, 18, 8, 13,
2, 14, 10, 5]
------------------------------------------------------- 
# stage = 8	# children c = 3	length of each stage p = 2	nodes = 43	# items I = 1
