[21, 85, 87, 3, 62, 14, 39, 38, 32, 76,
44, 1, 78, 46, 76, 61, 94, 32, 10, 25,
19, 14, 60, 91, 67, 32, 52, 13, 31, 55,
1, 52]
[[273, 692, 457], [658, 573, 609], [47, 563, 582], [508, 388, 553], [133, 510, 463], [201, 431, 526], [567, 633, 427], [407, 412, 574], [437, 3, 552], [209, 627, 510],
[97, 181, 483], [554, 507, 338], [112, 554, 569], [694, 343, 238], [197, 145, 29], [328, 14, 129], [136, 250, 43], [231, 657, 123], [87, 43, 513], [307, 253, 421],
[485, 18, 270], [250, 241, 58], [588, 353, 612], [106, 716, 624], [344, 581, 50], [42, 190, 451], [171, 326, 701], [601, 226, 639], [392, 313, 351], [186, 288, 272],
[607, 54, 677], [545, 691, 199]]
[[1, 9, 0, 6], [9, 1, 3, 8], [10, 0, 9, 9], [2, 0, 0, 7], [2, 6, 6, 6], [3, 4, 8, 8], [6, 8, 9, 10], [0, 7, 1, 1], [5, 2, 5, 2], [1, 8, 10, 0],
[7, 6, 8, 7], [6, 6, 1, 7], [1, 8, 2, 2], [1, 8, 10, 6], [5, 8, 3, 3], [2, 4, 4, 6], [4, 7, 8, 5], [3, 5, 4, 8], [0, 1, 4, 5], [7, 5, 1, 8],
[0, 1, 10, 2], [8, 7, 6, 2], [4, 9, 6, 7], [0, 8, 2, 3], [3, 8, 8, 4], [2, 10, 1, 2], [0, 5, 7, 5], [8, 6, 0, 9], [6, 8, 9, 3], [4, 4, 5, 9],
[0, 9, 3, 9], [5, 3, 1, 6]]
[1, 1, 0.333333, 0.333333, 0.333333, 0.333333, 0.333333, 0.333333, 0.111111, 0.111111,
0.111111, 0.111111, 0.111111, 0.111111, 0.037037, 0.037037, 0.037037, 0.037037, 0.037037, 0.037037,
0.0123457, 0.0123457, 0.0123457, 0.0123457, 0.0123457, 0.0123457, 0.00411523, 0.00411523, 0.00411523, 0.00411523,
0.00411523, 0.00411523]
[2, 4, 2, 1, 7, 6, 5, 0, 3, 7,
3, 2, 0, 6, 4, 5, 2, 2, 2, 2,
0, 1, 0, 4, 5, 1, 2, 4, 6, 2,
4, 0]
------------------------------------------------------- 
# stage = 6	# children c = 3	length of each stage p = 2	nodes = 31	# items I = 1
