[22, 1, 21, 14, 41, 42, 57, 66, 23, 2,
30, 56, 99, 54, 37, 10, 56, 88, 82, 14,
61, 75, 1, 51, 39, 16, 20, 21, 57, 8,
23, 45, 9, 11, 59, 50, 53, 82, 82, 42,
85, 78, 98, 83, 31, 34, 59, 53, 88, 6,
67, 14, 82, 34, 65, 20, 50, 51, 41, 7,
59, 31, 18, 68, 42, 78, 85, 95, 25]
[[1646, 894, 1546], [1124, 1009, 1507], [1158, 790, 397], [1354, 1501, 1666], [1838, 770, 1347], [948, 1343, 902], [1329, 1810, 838], [1046, 1796, 1342], [531, 1330, 1438], [1736, 1126, 363],
[1426, 999, 1409], [1200, 199, 645], [782, 1357, 1588], [1331, 939, 1164], [1073, 852, 161], [647, 1800, 1505], [1549, 1356, 1542], [614, 630, 1414], [183, 1313, 819], [1622, 1124, 173],
[212, 778, 1172], [1621, 53, 1371], [342, 987, 956], [5, 393, 1895], [1321, 1618, 822], [1482, 340, 850], [1214, 116, 433], [832, 883, 1215], [321, 1066, 603], [1292, 763, 1880],
[1465, 975, 885], [713, 824, 1090], [311, 1318, 152], [1267, 1323, 697], [1237, 871, 391], [287, 580, 883], [1289, 1795, 1152], [1874, 702, 110], [1165, 1175, 1176], [1920, 542, 167],
[1875, 235, 1294], [987, 1100, 193], [152, 1411, 1511], [456, 906, 1061], [1154, 370, 159], [1697, 809, 740], [655, 325, 610], [1807, 275, 1312], [1917, 1440, 714], [1321, 1435, 1256],
[1488, 1538, 1643], [1009, 600, 818], [1203, 905, 457], [941, 1361, 1515], [230, 742, 1885], [389, 514, 922], [1129, 1322, 1247], [1739, 1356, 1522], [1278, 1501, 1189], [67, 897, 852],
[1476, 612, 465], [1346, 1621, 1217], [240, 1051, 349], [849, 220, 1863], [591, 450, 680], [703, 991, 1195], [1625, 196, 744], [948, 162, 175], [697, 1593, 1676]]
[[7, 1, 3, 1], [7, 10, 9, 10], [2, 10, 4, 9], [1, 2, 7, 6], [1, 9, 3, 2], [1, 8, 2, 0], [5, 1, 3, 4], [1, 2, 3, 7], [3, 7, 8, 10], [4, 6, 9, 4],
[5, 0, 0, 7], [0, 5, 0, 1], [4, 3, 3, 3], [10, 3, 1, 2], [4, 4, 6, 6], [6, 7, 2, 7], [1, 8, 6, 3], [3, 2, 8, 7], [2, 6, 1, 2], [1, 1, 1, 3],
[2, 2, 6, 1], [5, 5, 1, 7], [9, 5, 0, 2], [0, 0, 9, 1], [6, 2, 3, 10], [2, 9, 4, 4], [4, 5, 4, 3], [6, 5, 6, 8], [5, 10, 8, 8], [4, 9, 2, 0],
[2, 3, 0, 2], [1, 7, 1, 8], [7, 4, 5, 9], [2, 9, 0, 5], [3, 4, 8, 9], [7, 2, 4, 10], [10, 10, 7, 2], [7, 10, 2, 9], [0, 1, 0, 1], [8, 10, 7, 3],
[4, 1, 1, 4], [10, 2, 9, 0], [4, 5, 7, 1], [7, 1, 0, 6], [9, 6, 8, 5], [5, 9, 1, 5], [8, 1, 4, 5], [10, 1, 6, 3], [0, 8, 7, 9], [10, 4, 9, 1],
[9, 6, 2, 5], [5, 1, 9, 1], [7, 7, 7, 1], [3, 8, 4, 0], [8, 6, 3, 7], [7, 10, 10, 6], [5, 4, 4, 2], [8, 2, 3, 6], [6, 6, 9, 9], [5, 8, 0, 10],
[2, 5, 9, 3], [2, 2, 3, 10], [8, 4, 4, 3], [1, 1, 9, 6], [6, 2, 8, 1], [2, 1, 6, 7], [5, 2, 3, 10], [10, 3, 9, 10], [8, 7, 2, 9]]
[1, 1, 1, 0.5, 0.5, 0.5, 0.5, 0.5, 0.5, 0.25,
0.25, 0.25, 0.25, 0.25, 0.25, 0.125, 0.125, 0.125, 0.125, 0.125,
0.125, 0.0625, 0.0625, 0.0625, 0.0625, 0.0625, 0.0625, 0.03125, 0.03125, 0.03125,
0.03125, 0.03125, 0.03125, 0.015625, 0.015625, 0.015625, 0.015625, 0.015625, 0.015625, 0.0078125,
0.0078125, 0.0078125, 0.0078125, 0.0078125, 0.0078125, 0.00390625, 0.00390625, 0.00390625, 0.00390625, 0.00390625,
0.00390625, 0.00195312, 0.00195312, 0.00195312, 0.00195312, 0.00195312, 0.00195312, 0.000976562, 0.000976562, 0.000976562,
0.000976562, 0.000976562, 0.000976562, 0.000488281, 0.000488281, 0.000488281, 0.000488281, 0.000488281, 0.000488281]
[17, 14, 7, 12, 5, 2, 13, 8, 4, 2,
10, 1, 0, 5, 18, 6, 7, 3, 3, 2,
19, 19, 1, 10, 4, 6, 0, 1, 17, 2,
2, 16, 1, 7, 15, 14, 7, 11, 16, 18,
6, 7, 3, 18, 7, 1, 2, 2, 16, 12,
12, 10, 3, 11, 6, 12, 6, 3, 0, 15,
7, 1, 5, 16, 6, 9, 7, 1, 4]
------------------------------------------------------- 
# stage = 12	# children c = 2	length of each stage p = 3	nodes = 68	# items I = 1
