[99, 30, 31, 66, 32, 2, 99, 55, 79, 40,
26, 80, 61, 58, 24, 99, 33, 4, 39, 0,
81, 76, 46, 79, 17, 5, 88, 56, 59, 24,
80, 24, 20, 10, 90, 52, 12, 89, 6, 57,
95, 99, 3, 55, 56, 27, 19, 55, 98, 58,
56, 79, 100, 1, 23, 17, 73, 78, 39, 31,
1, 18, 55, 21, 28, 11, 39, 6]
[[972, 590, 1196], [752, 1639, 491], [242, 2066, 255], [25, 127, 601], [1747, 791, 1232], [1476, 1969, 1069], [913, 1867, 303], [640, 1490, 1839], [1696, 1418, 1244], [1694, 1663, 116],
[1924, 869, 706], [1014, 1961, 579], [1845, 97, 540], [334, 462, 1007], [935, 104, 33], [402, 1580, 2002], [1471, 727, 2103], [1774, 1707, 1487], [1848, 1297, 799], [1326, 1226, 696],
[1442, 1044, 1565], [382, 292, 1421], [962, 371, 1858], [1502, 706, 215], [743, 1981, 659], [776, 277, 473], [673, 1748, 1540], [670, 1757, 1482], [52, 1839, 1013], [1191, 1059, 133],
[122, 735, 1517], [1687, 1117, 43], [1342, 2079, 415], [1095, 1815, 1461], [1650, 453, 1336], [543, 1229, 1954], [1356, 1902, 1936], [790, 807, 1587], [506, 1199, 1660], [1520, 284, 953],
[1653, 746, 1688], [1405, 668, 700], [1448, 2010, 1013], [97, 1339, 1063], [1898, 883, 1856], [1469, 1766, 979], [1317, 1016, 1116], [1487, 41, 157], [1309, 547, 1356], [863, 2067, 1980],
[1817, 1955, 621], [1399, 1254, 1289], [333, 936, 1193], [1687, 1374, 767], [644, 1166, 1650], [734, 529, 1651], [1713, 80, 561], [1063, 1568, 602], [1560, 771, 1150], [810, 1974, 1451],
[685, 1685, 1300], [1306, 1319, 788], [829, 1992, 1725], [256, 1573, 993], [1023, 451, 53], [908, 1185, 923], [453, 1133, 1003], [1014, 430, 805]]
[[2, 10, 8, 9], [4, 8, 0, 10], [10, 10, 7, 2], [7, 10, 1, 7], [9, 10, 5, 4], [3, 0, 0, 7], [0, 4, 2, 9], [5, 5, 4, 7], [2, 1, 3, 4], [7, 1, 4, 4],
[0, 9, 6, 7], [6, 6, 4, 4], [5, 9, 8, 8], [10, 6, 2, 8], [10, 4, 7, 4], [7, 0, 9, 9], [1, 10, 3, 6], [0, 5, 10, 1], [1, 3, 8, 7], [9, 1, 0, 1],
[9, 6, 9, 6], [1, 9, 3, 10], [0, 10, 1, 7], [10, 9, 4, 9], [8, 7, 2, 9], [10, 10, 10, 0], [3, 7, 7, 10], [7, 5, 1, 5], [9, 8, 9, 8], [7, 1, 7, 5],
[1, 9, 2, 9], [7, 6, 6, 2], [0, 8, 0, 8], [6, 10, 8, 9], [5, 2, 6, 10], [5, 7, 2, 3], [3, 0, 0, 8], [1, 8, 2, 0], [4, 2, 8, 9], [6, 1, 0, 4],
[9, 10, 1, 2], [7, 7, 0, 1], [9, 5, 9, 3], [10, 0, 4, 2], [9, 5, 8, 9], [0, 0, 9, 2], [2, 4, 9, 7], [5, 9, 0, 2], [8, 2, 4, 5], [7, 3, 4, 6],
[8, 1, 7, 5], [1, 1, 6, 9], [4, 3, 7, 2], [3, 3, 4, 4], [6, 2, 9, 0], [9, 9, 0, 5], [9, 5, 10, 6], [6, 1, 10, 3], [2, 4, 6, 2], [3, 1, 9, 7],
[5, 5, 9, 6], [6, 0, 8, 1], [2, 6, 0, 10], [5, 0, 4, 1], [5, 1, 7, 0], [2, 4, 1, 3], [9, 6, 3, 1], [7, 1, 7, 10]]
[1, 1, 0.333333, 0.333333, 0.333333, 0.333333, 0.333333, 0.333333, 0.111111, 0.111111,
0.111111, 0.111111, 0.111111, 0.111111, 0.037037, 0.037037, 0.037037, 0.037037, 0.037037, 0.037037,
0.0123457, 0.0123457, 0.0123457, 0.0123457, 0.0123457, 0.0123457, 0.00411523, 0.00411523, 0.00411523, 0.00411523,
0.00411523, 0.00411523, 0.00137174, 0.00137174, 0.00137174, 0.00137174, 0.00137174, 0.00137174, 0.000457247, 0.000457247,
0.000457247, 0.000457247, 0.000457247, 0.000457247, 0.000152416, 0.000152416, 0.000152416, 0.000152416, 0.000152416, 0.000152416,
5.08053e-05, 5.08053e-05, 5.08053e-05, 5.08053e-05, 5.08053e-05, 5.08053e-05, 1.69351e-05, 1.69351e-05, 1.69351e-05, 1.69351e-05,
1.69351e-05, 1.69351e-05, 5.64503e-06, 5.64503e-06, 5.64503e-06, 5.64503e-06, 5.64503e-06, 5.64503e-06]
[3, 10, 9, 10, 3, 9, 8, 3, 0, 8,
2, 1, 0, 0, 7, 5, 0, 7, 0, 6,
3, 8, 8, 4, 0, 2, 9, 0, 4, 6,
8, 6, 9, 3, 5, 9, 10, 6, 5, 3,
9, 1, 7, 4, 1, 9, 5, 6, 2, 0,
6, 2, 3, 10, 7, 9, 4, 0, 0, 9,
10, 10, 7, 4, 1, 3, 10, 10]
------------------------------------------------------- 
# stage = 12	# children c = 3	length of each stage p = 2	nodes = 67	# items I = 1
