[7, 18, 44, 53, 63, 25, 27, 29, 41, 27,
55, 20, 91, 22, 78, 65, 33, 67, 70, 33,
16, 84, 6, 74, 42, 25, 44, 25, 38, 0,
82, 46, 18, 92, 65, 47, 83, 58, 43, 23,
85, 64, 10, 75, 86, 54]
[[727, 917, 739], [817, 936, 628], [500, 879, 47], [954, 98, 488], [955, 265, 304], [482, 226, 609], [213, 191, 643], [85, 875, 854], [698, 853, 600], [472, 243, 916],
[669, 440, 346], [451, 300, 325], [549, 800, 674], [66, 267, 773], [554, 265, 81], [328, 218, 734], [407, 431, 395], [521, 944, 741], [418, 155, 637], [488, 628, 350],
[448, 340, 791], [794, 261, 561], [590, 810, 832], [307, 876, 142], [550, 900, 835], [102, 699, 523], [836, 149, 424], [702, 670, 838], [486, 559, 37], [166, 90, 665],
[944, 8, 48], [778, 803, 309], [809, 863, 589], [684, 640, 508], [297, 234, 878], [602, 336, 620], [595, 642, 240], [62, 387, 910], [901, 873, 939], [938, 510, 500],
[646, 497, 508], [164, 745, 781], [900, 67, 687], [532, 222, 371], [510, 946, 75], [431, 591, 411]]
[[10, 9, 9, 5], [7, 6, 10, 7], [9, 8, 2, 0], [2, 9, 6, 0], [3, 3, 6, 7], [1, 4, 2, 0], [3, 4, 8, 6], [10, 5, 4, 9], [2, 2, 4, 7], [6, 1, 3, 4],
[9, 4, 4, 9], [2, 8, 7, 5], [1, 2, 10, 0], [6, 1, 0, 8], [3, 6, 1, 2], [9, 5, 1, 9], [6, 3, 6, 1], [4, 7, 4, 0], [9, 8, 7, 0], [6, 3, 3, 5],
[5, 0, 3, 1], [1, 1, 9, 3], [7, 10, 5, 3], [3, 4, 2, 9], [7, 6, 10, 9], [2, 3, 7, 1], [10, 3, 10, 3], [6, 1, 6, 10], [10, 9, 9, 10], [10, 7, 2, 4],
[4, 7, 5, 7], [1, 7, 3, 6], [0, 3, 5, 1], [4, 10, 0, 1], [3, 8, 2, 7], [9, 8, 4, 9], [4, 2, 6, 1], [7, 8, 3, 10], [4, 9, 6, 3], [3, 10, 10, 2],
[0, 4, 3, 2], [1, 3, 2, 2], [0, 4, 10, 8], [0, 1, 4, 2], [4, 10, 2, 0], [7, 5, 10, 9]]
[1, 1, 0.5, 0.5, 0.5, 0.5, 0.25, 0.25, 0.25, 0.25,
0.125, 0.125, 0.125, 0.125, 0.0625, 0.0625, 0.0625, 0.0625, 0.03125, 0.03125,
0.03125, 0.03125, 0.015625, 0.015625, 0.015625, 0.015625, 0.0078125, 0.0078125, 0.0078125, 0.0078125,
0.00390625, 0.00390625, 0.00390625, 0.00390625, 0.00195312, 0.00195312, 0.00195312, 0.00195312, 0.000976562, 0.000976562,
0.000976562, 0.000976562, 0.000488281, 0.000488281, 0.000488281, 0.000488281]
[1, 2, 7, 8, 3, 2, 9, 6, 8, 4,
9, 3, 1, 5, 6, 7, 1, 2, 6, 9,
5, 8, 1, 6, 0, 4, 8, 2, 4, 1,
6, 1, 1, 7, 4, 1, 0, 7, 6, 6,
8, 0, 1, 1, 9, 9]
------------------------------------------------------- 
# stage = 12	# children c = 2	length of each stage p = 2	nodes = 45	# items I = 1
