[10, 46, 40, 89, 96, 16, 54, 47, 13, 26,
91, 30, 6, 32, 51, 13, 47, 10, 0, 58,
5, 17, 46, 20, 87, 32, 15, 8, 74, 70,
51, 50, 15, 91, 38, 78, 6, 92, 91, 87,
84, 47, 16, 56, 79, 67]
[[923, 42, 874], [629, 217, 696], [705, 327, 915], [272, 318, 617], [243, 389, 493], [858, 800, 196], [546, 831, 5], [734, 429, 885], [341, 276, 870], [364, 198, 149],
[339, 489, 191], [582, 131, 764], [291, 837, 459], [219, 477, 777], [205, 721, 534], [66, 592, 348], [262, 506, 192], [622, 253, 976], [521, 594, 265], [404, 326, 818],
[908, 33, 320], [468, 615, 452], [245, 906, 657], [704, 494, 502], [849, 699, 236], [397, 133, 196], [745, 396, 70], [305, 31, 678], [295, 552, 285], [915, 324, 966],
[747, 601, 13], [80, 82, 628], [887, 327, 903], [912, 399, 410], [428, 261, 122], [32, 658, 610], [584, 771, 19], [654, 445, 406], [346, 740, 958], [986, 668, 651],
[966, 783, 265], [979, 864, 347], [975, 132, 42], [891, 58, 796], [314, 841, 70], [791, 873, 97]]
[[7, 1, 10, 7], [10, 10, 5, 10], [5, 9, 3, 2], [2, 5, 9, 8], [9, 6, 0, 4], [0, 6, 9, 8], [8, 1, 1, 7], [4, 3, 3, 0], [5, 0, 5, 2], [8, 8, 0, 2],
[6, 3, 3, 7], [8, 10, 2, 6], [5, 2, 8, 4], [8, 4, 10, 5], [5, 0, 0, 7], [4, 1, 5, 7], [10, 0, 7, 7], [8, 7, 10, 2], [10, 0, 9, 5], [10, 0, 9, 4],
[2, 6, 6, 9], [8, 6, 1, 1], [6, 1, 8, 8], [0, 3, 4, 10], [1, 1, 7, 9], [8, 4, 0, 6], [4, 7, 0, 1], [7, 10, 3, 8], [3, 10, 6, 1], [5, 5, 0, 0],
[7, 8, 7, 5], [9, 0, 5, 8], [1, 10, 7, 8], [1, 5, 3, 3], [2, 1, 4, 7], [0, 5, 2, 4], [4, 6, 3, 9], [1, 3, 8, 6], [9, 4, 0, 6], [2, 3, 3, 2],
[0, 8, 10, 1], [1, 0, 2, 3], [1, 6, 8, 0], [1, 0, 2, 3], [6, 5, 0, 7], [6, 8, 2, 2]]
[1, 1, 0.5, 0.5, 0.5, 0.5, 0.25, 0.25, 0.25, 0.25,
0.125, 0.125, 0.125, 0.125, 0.0625, 0.0625, 0.0625, 0.0625, 0.03125, 0.03125,
0.03125, 0.03125, 0.015625, 0.015625, 0.015625, 0.015625, 0.0078125, 0.0078125, 0.0078125, 0.0078125,
0.00390625, 0.00390625, 0.00390625, 0.00390625, 0.00195312, 0.00195312, 0.00195312, 0.00195312, 0.000976562, 0.000976562,
0.000976562, 0.000976562, 0.000488281, 0.000488281, 0.000488281, 0.000488281]
[12, 14, 16, 18, 18, 16, 5, 14, 12, 1,
5, 12, 7, 3, 9, 18, 5, 6, 18, 5,
9, 10, 3, 17, 18, 5, 7, 12, 10, 7,
16, 13, 3, 15, 15, 14, 13, 16, 1, 16,
16, 15, 2, 9, 19, 16]
------------------------------------------------------- 
# stage = 12	# children c = 2	length of each stage p = 2	nodes = 45	# items I = 1
