[2, 45, 62, 50, 9, 66, 86, 5, 22, 29,
52, 24, 98, 51, 99, 70, 70, 82, 55, 86,
6, 72, 66, 48, 25, 38, 56, 41, 78, 84,
0, 46]
[[472, 656, 370], [6, 381, 397], [935, 1018, 751], [23, 264, 994], [473, 50, 579], [449, 368, 307], [93, 808, 1022], [945, 459, 50], [381, 961, 786], [372, 516, 701],
[674, 988, 618], [305, 994, 259], [1000, 151, 537], [714, 174, 801], [968, 946, 851], [808, 357, 480], [77, 748, 250], [360, 655, 1007], [708, 1037, 191], [456, 669, 707],
[418, 604, 657], [296, 169, 911], [555, 429, 25], [55, 403, 497], [116, 334, 405], [228, 104, 762], [708, 479, 770], [218, 839, 388], [486, 509, 685], [677, 226, 614],
[644, 942, 478], [263, 498, 945]]
[[7, 8, 4, 8], [4, 10, 10, 2], [2, 7, 9, 10], [1, 6, 5, 8], [4, 4, 1, 10], [7, 8, 9, 9], [9, 0, 1, 0], [6, 1, 7, 2], [9, 9, 8, 0], [6, 5, 0, 8],
[2, 10, 6, 1], [3, 0, 8, 6], [4, 9, 5, 9], [6, 3, 8, 4], [4, 7, 2, 8], [8, 7, 8, 5], [5, 6, 3, 1], [9, 4, 7, 9], [1, 2, 0, 2], [0, 8, 8, 5],
[4, 3, 3, 8], [4, 9, 10, 8], [5, 1, 3, 1], [7, 1, 4, 1], [5, 7, 0, 3], [9, 6, 0, 8], [6, 9, 0, 7], [6, 8, 10, 8], [9, 0, 5, 3], [10, 4, 9, 2],
[3, 2, 1, 10], [1, 5, 10, 4]]
[1, 1, 0.333333, 0.333333, 0.333333, 0.333333, 0.333333, 0.333333, 0.111111, 0.111111,
0.111111, 0.111111, 0.111111, 0.111111, 0.037037, 0.037037, 0.037037, 0.037037, 0.037037, 0.037037,
0.0123457, 0.0123457, 0.0123457, 0.0123457, 0.0123457, 0.0123457, 0.00411523, 0.00411523, 0.00411523, 0.00411523,
0.00411523, 0.00411523]
[12, 4, 2, 6, 11, 7, 10, 18, 14, 7,
12, 19, 8, 14, 14, 18, 17, 3, 0, 8,
19, 4, 14, 18, 8, 14, 15, 12, 0, 12,
13, 15]
------------------------------------------------------- 
# stage = 6	# children c = 3	length of each stage p = 2	nodes = 31	# items I = 1
