[54, 29, 56, 20, 95, 69, 50, 9, 56, 65,
1, 45, 28, 73, 82, 58, 18, 41, 74, 29,
44, 60, 82, 100, 97, 30, 89, 18, 34, 80,
30, 54, 9, 86, 74, 70, 20, 90, 45, 42,
54, 46, 87, 83, 18, 69, 6, 36, 76, 80,
65, 87, 5, 12, 86, 68, 9, 41, 86, 43,
20, 16, 63, 96, 68, 2, 32, 55, 93, 77,
97, 12, 23, 50, 61, 41, 85, 68, 44, 26,
13, 75, 12, 86, 88, 65, 53, 97, 5, 39,
5, 92, 55, 68, 54, 89, 36, 86, 43, 28,
62, 6, 41, 85, 56, 1, 93, 6, 35, 36,
32, 15, 77, 11, 0, 30, 42, 53, 26, 47,
92, 98, 4, 12, 31, 58, 1, 68, 43, 44,
62, 5, 50, 69, 90, 72, 37, 48, 44, 72,
84, 43, 87, 27, 54, 87, 57, 96, 6, 50,
8, 98, 47, 12, 77, 45, 71, 78, 79, 80,
88, 40, 85, 38, 9, 41, 76, 46, 89, 87,
84, 39, 29, 37, 66, 49, 90, 22, 10, 96]
[[325, 6, 105], [296, 346, 338], [927, 829, 138], [584, 246, 98], [657, 620, 17], [746, 805, 599], [948, 318, 583], [221, 258, 596], [300, 439, 471], [323, 959, 235],
[920, 258, 295], [1025, 608, 695], [390, 562, 497], [583, 119, 798], [681, 831, 445], [753, 550, 224], [379, 471, 542], [962, 746, 854], [585, 74, 267], [83, 397, 253],
[372, 290, 565], [667, 343, 200], [336, 787, 763], [887, 343, 936], [658, 52, 740], [77, 805, 317], [355, 157, 788], [951, 147, 562], [778, 786, 636], [72, 924, 6],
[326, 269, 351], [891, 991, 748], [65, 354, 508], [828, 214, 906], [791, 927, 958], [505, 31, 790], [822, 386, 947], [638, 364, 121], [173, 115, 908], [863, 242, 805],
[923, 568, 101], [301, 486, 119], [22, 551, 473], [531, 406, 742], [410, 171, 642], [395, 730, 727], [158, 525, 86], [132, 136, 504], [254, 363, 673], [189, 253, 915],
[994, 150, 456], [122, 451, 943], [242, 474, 521], [769, 32, 928], [484, 496, 126], [153, 891, 856], [880, 76, 408], [1020, 208, 545], [497, 462, 962], [144, 651, 189],
[32, 672, 393], [543, 849, 844], [459, 64, 345], [7, 833, 431], [935, 345, 927], [88, 498, 845], [998, 406, 921], [380, 399, 157], [979, 897, 619], [914, 68, 298],
[130, 100, 970], [577, 643, 792], [449, 129, 910], [794, 137, 771], [253, 99, 89], [207, 242, 641], [80, 213, 20], [28, 593, 420], [185, 545, 344], [805, 487, 412],
[130, 671, 566], [73, 222, 237], [920, 671, 420], [857, 492, 557], [601, 799, 711], [744, 1007, 953], [359, 60, 139], [379, 88, 787], [853, 328, 359], [170, 106, 846],
[636, 290, 491], [230, 417, 767], [521, 310, 465], [941, 195, 957], [526, 796, 730], [210, 514, 764], [190, 927, 824], [383, 279, 966], [143, 106, 267], [503, 330, 427],
[376, 1021, 717], [921, 278, 108], [661, 799, 472], [99, 767, 721], [84, 320, 491], [868, 584, 32], [605, 774, 959], [456, 131, 265], [449, 328, 425], [771, 831, 756],
[171, 235, 804], [943, 129, 55], [78, 791, 908], [604, 944, 702], [299, 55, 1023], [844, 923, 580], [876, 501, 382], [862, 1011, 567], [100, 434, 895], [526, 178, 754],
[309, 403, 989], [86, 319, 145], [195, 451, 990], [130, 29, 908], [832, 328, 963], [882, 199, 914], [490, 48, 388], [872, 964, 427], [412, 91, 861], [334, 671, 12],
[115, 980, 469], [131, 93, 789], [277, 342, 267], [240, 472, 296], [121, 332, 678], [112, 187, 877], [1026, 677, 979], [441, 576, 970], [922, 988, 35], [756, 350, 706],
[822, 465, 714], [265, 597, 807], [81, 928, 123], [348, 141, 649], [699, 317, 981], [350, 483, 196], [255, 536, 927], [261, 4, 477], [205, 927, 492], [294, 656, 896],
[1000, 506, 335], [741, 825, 986], [522, 906, 887], [699, 227, 55], [375, 980, 372], [384, 358, 855], [580, 613, 364], [534, 928, 369], [1011, 160, 323], [531, 454, 979],
[400, 482, 512], [789, 196, 310], [802, 718, 189], [716, 444, 471], [772, 820, 424], [171, 177, 782], [0, 811, 422], [418, 318, 324], [841, 357, 538], [137, 888, 993],
[144, 315, 448], [656, 78, 698], [1021, 880, 444], [237, 570, 888], [762, 369, 735], [214, 540, 966], [23, 540, 750], [446, 1013, 96], [824, 881, 507], [335, 1019, 422]]
[[3, 6, 10, 4], [5, 8, 10, 3], [9, 10, 0, 6], [7, 10, 2, 0], [4, 8, 4, 1], [0, 10, 4, 0], [2, 9, 2, 8], [1, 7, 7, 3], [0, 6, 7, 3], [1, 6, 7, 10],
[3, 5, 5, 10], [2, 6, 9, 7], [1, 2, 6, 1], [10, 10, 1, 10], [8, 1, 8, 7], [8, 2, 10, 8], [6, 6, 0, 7], [10, 5, 4, 2], [8, 7, 2, 0], [2, 0, 5, 3],
[0, 0, 4, 0], [10, 3, 8, 5], [4, 3, 1, 10], [5, 10, 5, 0], [5, 4, 7, 5], [7, 9, 5, 5], [6, 7, 3, 8], [5, 8, 10, 6], [6, 1, 4, 3], [5, 1, 8, 7],
[5, 7, 7, 8], [4, 10, 9, 10], [3, 3, 2, 0], [2, 7, 3, 8], [2, 6, 3, 7], [1, 0, 0, 7], [2, 4, 10, 5], [4, 5, 1, 7], [10, 6, 4, 4], [6, 0, 3, 9],
[4, 3, 7, 4], [8, 10, 1, 10], [3, 2, 5, 4], [1, 5, 9, 3], [8, 8, 8, 1], [2, 7, 6, 0], [3, 8, 4, 9], [7, 5, 5, 0], [8, 2, 4, 5], [10, 3, 3, 3],
[3, 8, 5, 4], [2, 4, 5, 10], [10, 0, 9, 0], [8, 2, 0, 9], [9, 4, 5, 5], [9, 10, 3, 4], [10, 7, 9, 10], [8, 10, 0, 0], [7, 3, 3, 8], [7, 8, 5, 5],
[9, 2, 5, 4], [2, 5, 2, 0], [7, 7, 3, 5], [4, 6, 7, 4], [0, 3, 1, 8], [3, 10, 7, 8], [2, 8, 5, 8], [5, 9, 0, 1], [0, 5, 5, 2], [8, 5, 1, 2],
[1, 4, 7, 4], [0, 3, 8, 0], [6, 7, 7, 7], [4, 1, 5, 6], [9, 8, 1, 1], [6, 1, 1, 4], [4, 6, 7, 10], [10, 6, 1, 0], [10, 6, 4, 10], [7, 10, 9, 1],
[4, 3, 8, 8], [4, 0, 2, 0], [9, 3, 1, 4], [3, 2, 7, 5], [7, 1, 5, 6], [7, 6, 4, 6], [2, 7, 4, 9], [4, 0, 10, 9], [3, 6, 6, 5], [6, 8, 5, 4],
[10, 4, 7, 2], [7, 3, 7, 1], [4, 10, 5, 9], [6, 9, 4, 8], [3, 6, 4, 8], [4, 2, 6, 7], [8, 10, 1, 3], [8, 4, 6, 5], [9, 2, 5, 3], [3, 10, 4, 7],
[10, 7, 3, 5], [3, 5, 0, 7], [1, 2, 2, 5], [4, 8, 0, 1], [7, 10, 3, 2], [4, 9, 5, 2], [0, 10, 5, 1], [10, 7, 6, 9], [3, 9, 1, 6], [3, 10, 2, 2],
[1, 4, 8, 6], [10, 6, 5, 5], [5, 6, 5, 9], [4, 0, 0, 2], [8, 3, 3, 7], [10, 7, 3, 2], [5, 4, 7, 9], [3, 7, 0, 3], [10, 6, 7, 9], [1, 1, 1, 5],
[6, 5, 3, 8], [5, 2, 0, 0], [5, 1, 8, 3], [7, 0, 3, 1], [3, 10, 8, 4], [7, 9, 7, 6], [2, 3, 2, 2], [3, 2, 7, 7], [7, 10, 4, 10], [10, 2, 10, 5],
[2, 5, 6, 9], [4, 9, 10, 7], [9, 8, 9, 3], [4, 4, 7, 6], [5, 7, 8, 8], [9, 4, 2, 3], [2, 7, 0, 1], [9, 0, 4, 0], [5, 10, 7, 9], [7, 7, 3, 3],
[2, 0, 6, 6], [4, 0, 10, 9], [7, 6, 5, 4], [8, 7, 7, 10], [3, 8, 10, 0], [6, 3, 9, 9], [1, 6, 6, 8], [2, 9, 9, 2], [7, 4, 8, 0], [4, 5, 10, 9],
[0, 4, 2, 9], [9, 8, 6, 2], [5, 5, 0, 0], [9, 9, 7, 8], [4, 2, 3, 4], [1, 1, 6, 8], [3, 1, 7, 5], [7, 6, 3, 5], [8, 6, 3, 6], [3, 10, 6, 6],
[4, 6, 4, 0], [3, 0, 6, 7], [3, 9, 10, 2], [8, 5, 8, 0], [5, 4, 5, 10], [8, 9, 4, 3], [2, 6, 10, 3], [5, 3, 9, 7], [8, 0, 6, 0], [0, 1, 5, 1],
[9, 4, 3, 6], [10, 10, 7, 2], [3, 10, 1, 10], [8, 5, 2, 8], [0, 10, 0, 3], [1, 7, 9, 9], [7, 4, 9, 6], [3, 3, 7, 10], [6, 9, 6, 5], [8, 0, 5, 9]]
[1, 1, 1, 1, 1, 0.2, 0.2, 0.2, 0.2, 0.2,
0.2, 0.2, 0.2, 0.2, 0.2, 0.2, 0.2, 0.2, 0.2, 0.2,
0.2, 0.2, 0.2, 0.2, 0.2, 0.2, 0.2, 0.2, 0.2, 0.2,
0.04, 0.04, 0.04, 0.04, 0.04, 0.04, 0.04, 0.04, 0.04, 0.04,
0.04, 0.04, 0.04, 0.04, 0.04, 0.04, 0.04, 0.04, 0.04, 0.04,
0.04, 0.04, 0.04, 0.04, 0.04, 0.008, 0.008, 0.008, 0.008, 0.008,
0.008, 0.008, 0.008, 0.008, 0.008, 0.008, 0.008, 0.008, 0.008, 0.008,
0.008, 0.008, 0.008, 0.008, 0.008, 0.008, 0.008, 0.008, 0.008, 0.008,
0.0016, 0.0016, 0.0016, 0.0016, 0.0016, 0.0016, 0.0016, 0.0016, 0.0016, 0.0016,
0.0016, 0.0016, 0.0016, 0.0016, 0.0016, 0.0016, 0.0016, 0.0016, 0.0016, 0.0016,
0.0016, 0.0016, 0.0016, 0.0016, 0.0016, 0.00032, 0.00032, 0.00032, 0.00032, 0.00032,
0.00032, 0.00032, 0.00032, 0.00032, 0.00032, 0.00032, 0.00032, 0.00032, 0.00032, 0.00032,
0.00032, 0.00032, 0.00032, 0.00032, 0.00032, 0.00032, 0.00032, 0.00032, 0.00032, 0.00032,
6.4e-05, 6.4e-05, 6.4e-05, 6.4e-05, 6.4e-05, 6.4e-05, 6.4e-05, 6.4e-05, 6.4e-05, 6.4e-05,
6.4e-05, 6.4e-05, 6.4e-05, 6.4e-05, 6.4e-05, 6.4e-05, 6.4e-05, 6.4e-05, 6.4e-05, 6.4e-05,
6.4e-05, 6.4e-05, 6.4e-05, 6.4e-05, 6.4e-05, 1.28e-05, 1.28e-05, 1.28e-05, 1.28e-05, 1.28e-05,
1.28e-05, 1.28e-05, 1.28e-05, 1.28e-05, 1.28e-05, 1.28e-05, 1.28e-05, 1.28e-05, 1.28e-05, 1.28e-05,
1.28e-05, 1.28e-05, 1.28e-05, 1.28e-05, 1.28e-05, 1.28e-05, 1.28e-05, 1.28e-05, 1.28e-05, 1.28e-05]
[20, 16, 0, 15, 3, 17, 10, 10, 3, 20,
4, 8, 2, 3, 2, 13, 5, 10, 12, 6,
16, 19, 1, 3, 20, 17, 20, 12, 2, 2,
2, 4, 19, 10, 12, 5, 16, 12, 9, 15,
16, 8, 14, 13, 9, 17, 7, 16, 8, 16,
19, 5, 19, 6, 10, 13, 12, 16, 15, 16,
0, 14, 8, 11, 12, 14, 3, 1, 14, 8,
5, 4, 15, 20, 4, 12, 3, 10, 10, 3,
6, 9, 13, 8, 15, 5, 10, 13, 5, 12,
3, 11, 2, 13, 0, 11, 10, 11, 7, 5,
12, 18, 18, 3, 19, 7, 15, 3, 19, 5,
10, 0, 16, 0, 9, 19, 15, 20, 2, 11,
14, 18, 16, 2, 12, 8, 1, 1, 19, 17,
5, 3, 9, 10, 19, 7, 16, 18, 0, 0,
4, 14, 14, 20, 12, 15, 8, 15, 14, 3,
0, 2, 12, 4, 17, 2, 10, 3, 8, 11,
16, 13, 19, 15, 8, 20, 4, 1, 20, 4,
5, 14, 1, 14, 17, 4, 7, 9, 1, 11]
------------------------------------------------------- 
# stage = 8	# children c = 5	length of each stage p = 5	nodes = 179	# items I = 1
