[33, 46, 78, 86, 11, 84, 30, 26, 19, 33,
47, 6, 15, 48, 2, 53, 84, 61, 17, 28,
5, 44, 30, 36, 27, 85, 35, 41, 93, 16,
6, 92, 62, 51, 77, 39, 0, 73, 32, 19,
72, 79, 93, 88, 26, 95, 40, 76, 21, 23,
70, 26, 67, 0, 29, 94, 51, 30, 1, 43,
46, 74, 34, 74, 24, 77, 80, 92, 50, 11,
10, 21, 90, 69, 75, 15, 29, 81, 57, 51,
4, 27, 43, 37, 94, 72, 98, 44, 1, 99,
87, 13, 38, 20, 54, 29, 97, 33, 20, 12,
10, 97, 0, 100, 66, 75, 81, 95, 22, 37]
[[448, 425, 430], [420, 120, 131], [635, 221, 747], [881, 840, 714], [421, 444, 502], [710, 234, 387], [814, 147, 520], [372, 270, 523], [578, 751, 449], [244, 1016, 567],
[139, 414, 444], [569, 834, 564], [700, 921, 238], [899, 752, 28], [563, 625, 974], [518, 286, 158], [905, 552, 807], [375, 924, 529], [351, 453, 231], [800, 149, 197],
[819, 790, 63], [213, 309, 349], [229, 461, 220], [467, 311, 424], [997, 326, 1049], [921, 296, 787], [531, 151, 289], [790, 1029, 666], [270, 330, 571], [1003, 582, 172],
[652, 351, 963], [715, 16, 724], [14, 245, 136], [736, 713, 447], [110, 660, 225], [109, 1034, 522], [897, 515, 125], [638, 758, 104], [254, 1028, 936], [825, 981, 970],
[450, 583, 271], [363, 750, 789], [37, 764, 1035], [675, 450, 698], [72, 12, 810], [800, 121, 794], [272, 470, 762], [397, 561, 470], [1004, 267, 950], [342, 545, 333],
[263, 995, 368], [1036, 308, 68], [776, 847, 832], [213, 473, 734], [363, 1047, 746], [123, 797, 319], [370, 521, 242], [584, 371, 803], [4, 325, 20], [954, 119, 565],
[739, 382, 1012], [57, 871, 270], [125, 49, 570], [409, 262, 1043], [595, 625, 1040], [291, 200, 240], [62, 570, 761], [304, 606, 82], [559, 610, 909], [32, 1016, 1029],
[49, 705, 863], [12, 762, 136], [784, 339, 687], [304, 748, 949], [799, 293, 1026], [242, 36, 679], [482, 601, 701], [695, 357, 258], [230, 917, 868], [89, 401, 287],
[570, 952, 444], [886, 964, 659], [1022, 699, 998], [660, 455, 149], [11, 205, 944], [490, 447, 981], [119, 381, 1034], [820, 26, 341], [28, 256, 710], [349, 848, 61],
[636, 870, 1014], [30, 706, 380], [689, 679, 531], [90, 791, 987], [239, 802, 644], [133, 242, 41], [566, 361, 422], [550, 132, 950], [892, 662, 659], [552, 1011, 457],
[66, 49, 277], [532, 80, 984], [912, 221, 65], [394, 311, 856], [833, 2, 608], [427, 136, 303], [970, 702, 664], [342, 203, 248], [744, 45, 363], [353, 49, 324]]
[[2, 5, 7, 2], [4, 7, 10, 8], [10, 9, 3, 6], [0, 1, 0, 3], [7, 7, 7, 0], [9, 4, 6, 0], [4, 2, 0, 1], [3, 7, 9, 3], [1, 3, 5, 3], [0, 3, 1, 8],
[10, 2, 2, 10], [3, 2, 3, 10], [7, 8, 8, 6], [2, 4, 6, 4], [4, 4, 4, 5], [0, 2, 9, 1], [5, 1, 3, 3], [4, 2, 10, 3], [4, 1, 1, 6], [3, 2, 5, 0],
[10, 1, 4, 1], [3, 8, 4, 7], [2, 8, 0, 2], [10, 7, 2, 2], [8, 3, 4, 2], [5, 3, 3, 7], [4, 4, 2, 5], [6, 6, 3, 6], [7, 5, 5, 10], [3, 9, 4, 3],
[6, 2, 5, 3], [9, 5, 6, 7], [8, 8, 7, 0], [0, 10, 8, 2], [4, 10, 5, 10], [5, 9, 3, 10], [1, 9, 7, 4], [7, 10, 5, 3], [1, 0, 4, 9], [3, 8, 3, 10],
[5, 10, 10, 5], [7, 7, 5, 0], [7, 0, 9, 10], [7, 1, 10, 8], [8, 4, 0, 5], [3, 5, 6, 3], [3, 8, 1, 5], [6, 4, 4, 0], [3, 3, 4, 10], [0, 7, 9, 5],
[7, 5, 2, 1], [4, 10, 8, 2], [4, 6, 5, 5], [9, 9, 8, 0], [6, 9, 5, 1], [2, 7, 0, 3], [10, 2, 1, 8], [9, 8, 0, 6], [2, 3, 5, 4], [0, 2, 4, 4],
[6, 9, 10, 5], [7, 7, 5, 1], [4, 8, 2, 6], [4, 0, 8, 1], [2, 9, 10, 1], [6, 8, 5, 6], [9, 8, 8, 10], [9, 2, 1, 4], [0, 0, 9, 6], [6, 1, 7, 10],
[9, 7, 3, 0], [6, 0, 2, 8], [7, 10, 7, 0], [7, 1, 6, 6], [10, 4, 3, 8], [6, 4, 10, 4], [5, 7, 8, 9], [8, 2, 8, 5], [10, 9, 5, 5], [10, 7, 0, 6],
[6, 8, 5, 3], [7, 0, 7, 4], [2, 10, 1, 6], [3, 10, 9, 6], [6, 6, 4, 3], [9, 10, 6, 6], [9, 1, 9, 6], [8, 9, 10, 2], [4, 4, 3, 1], [3, 10, 5, 3],
[7, 5, 8, 8], [4, 6, 2, 8], [10, 6, 0, 6], [4, 7, 1, 0], [6, 8, 4, 3], [5, 3, 3, 9], [6, 6, 8, 9], [3, 1, 10, 10], [6, 7, 8, 8], [0, 10, 5, 0],
[3, 3, 6, 5], [8, 6, 3, 3], [3, 7, 5, 8], [0, 8, 5, 6], [4, 2, 2, 7], [3, 1, 5, 7], [7, 0, 2, 7], [8, 7, 7, 9], [9, 1, 4, 6], [7, 7, 8, 8]]
[1, 1, 1, 1, 1, 0.333333, 0.333333, 0.333333, 0.333333, 0.333333,
0.333333, 0.333333, 0.333333, 0.333333, 0.333333, 0.333333, 0.333333, 0.333333, 0.333333, 0.333333,
0.111111, 0.111111, 0.111111, 0.111111, 0.111111, 0.111111, 0.111111, 0.111111, 0.111111, 0.111111,
0.111111, 0.111111, 0.111111, 0.111111, 0.111111, 0.037037, 0.037037, 0.037037, 0.037037, 0.037037,
0.037037, 0.037037, 0.037037, 0.037037, 0.037037, 0.037037, 0.037037, 0.037037, 0.037037, 0.037037,
0.0123457, 0.0123457, 0.0123457, 0.0123457, 0.0123457, 0.0123457, 0.0123457, 0.0123457, 0.0123457, 0.0123457,
0.0123457, 0.0123457, 0.0123457, 0.0123457, 0.0123457, 0.00411523, 0.00411523, 0.00411523, 0.00411523, 0.00411523,
0.00411523, 0.00411523, 0.00411523, 0.00411523, 0.00411523, 0.00411523, 0.00411523, 0.00411523, 0.00411523, 0.00411523,
0.00137174, 0.00137174, 0.00137174, 0.00137174, 0.00137174, 0.00137174, 0.00137174, 0.00137174, 0.00137174, 0.00137174,
0.00137174, 0.00137174, 0.00137174, 0.00137174, 0.00137174, 0.000457247, 0.000457247, 0.000457247, 0.000457247, 0.000457247,
0.000457247, 0.000457247, 0.000457247, 0.000457247, 0.000457247, 0.000457247, 0.000457247, 0.000457247, 0.000457247, 0.000457247]
[6, 2, 4, 6, 9, 0, 5, 6, 6, 10,
7, 3, 9, 9, 10, 8, 6, 10, 4, 8,
8, 2, 1, 6, 2, 10, 4, 10, 8, 6,
8, 1, 3, 9, 0, 6, 0, 9, 4, 9,
8, 3, 9, 0, 9, 1, 8, 6, 10, 3,
9, 5, 3, 9, 4, 1, 1, 9, 3, 3,
1, 4, 5, 7, 1, 10, 5, 6, 2, 1,
6, 3, 3, 4, 10, 6, 1, 8, 7, 5,
2, 5, 6, 10, 9, 2, 10, 9, 5, 7,
8, 1, 0, 1, 0, 4, 10, 7, 5, 9,
7, 6, 2, 6, 5, 8, 2, 7, 5, 8]
------------------------------------------------------- 
# stage = 8	# children c = 3	length of each stage p = 5	nodes = 109	# items I = 1
