[71, 95, 52, 46, 92, 12, 17, 25, 62, 17,
2, 72, 64, 19, 87, 100, 64, 80, 38, 82,
73, 73, 53, 12, 22, 55, 46, 63, 94, 39,
31, 30, 33, 83, 76, 92, 61, 93, 16, 89,
10, 85, 60, 40, 71, 46, 39, 34, 25, 43,
83, 98, 16, 1, 76, 4, 57, 88, 67, 16,
26, 64, 46, 60, 12, 88, 51, 39, 80, 33,
27, 56, 84, 53, 62, 54, 66, 68, 55, 91]
[[918, 247, 223], [327, 794, 743], [27, 914, 7], [199, 824, 866], [694, 392, 464], [790, 390, 345], [110, 285, 353], [439, 209, 734], [604, 457, 279], [638, 644, 330],
[851, 174, 134], [129, 502, 929], [873, 86, 898], [880, 285, 334], [358, 34, 727], [823, 382, 674], [725, 492, 14], [635, 931, 223], [424, 591, 238], [703, 786, 439],
[591, 692, 614], [725, 822, 673], [266, 750, 759], [721, 242, 601], [111, 600, 193], [395, 35, 575], [626, 761, 122], [197, 451, 108], [421, 433, 256], [216, 191, 98],
[212, 339, 790], [826, 622, 224], [111, 888, 531], [427, 222, 773], [84, 835, 931], [277, 285, 21], [852, 468, 339], [531, 665, 348], [196, 643, 781], [10, 416, 529],
[108, 629, 426], [455, 67, 103], [237, 179, 46], [768, 606, 770], [154, 690, 660], [642, 524, 502], [220, 933, 25], [117, 76, 691], [465, 273, 891], [803, 283, 363],
[889, 893, 47], [370, 905, 114], [30, 197, 795], [579, 523, 457], [404, 234, 704], [120, 876, 786], [622, 151, 774], [648, 268, 408], [896, 290, 681], [842, 650, 521],
[762, 595, 26], [366, 522, 488], [38, 553, 243], [833, 187, 766], [345, 591, 55], [105, 711, 488], [448, 891, 639], [277, 151, 465], [685, 102, 312], [923, 501, 18],
[56, 319, 170], [82, 242, 692], [571, 280, 802], [814, 169, 546], [192, 514, 193], [749, 176, 461], [292, 624, 909], [488, 459, 115], [510, 701, 217], [823, 237, 276]]
[[1, 6, 4, 8], [7, 0, 10, 10], [3, 5, 2, 0], [10, 1, 10, 10], [10, 2, 0, 2], [6, 0, 8, 1], [3, 3, 8, 9], [1, 3, 0, 2], [7, 2, 9, 2], [2, 8, 1, 5],
[2, 4, 6, 0], [3, 5, 8, 1], [6, 6, 3, 10], [4, 0, 0, 8], [3, 7, 4, 2], [10, 4, 3, 5], [6, 1, 7, 9], [9, 8, 3, 10], [10, 7, 8, 1], [2, 5, 2, 6],
[9, 3, 5, 3], [3, 4, 9, 5], [0, 2, 5, 8], [7, 8, 2, 0], [9, 9, 9, 6], [5, 0, 3, 2], [7, 0, 3, 9], [3, 5, 4, 10], [8, 8, 2, 10], [1, 0, 2, 1],
[1, 7, 9, 8], [5, 1, 8, 1], [8, 5, 7, 2], [3, 10, 5, 10], [8, 8, 7, 9], [1, 9, 9, 7], [6, 0, 6, 7], [10, 6, 8, 0], [3, 7, 6, 8], [6, 1, 7, 3],
[4, 4, 4, 7], [1, 9, 7, 8], [4, 3, 6, 5], [1, 4, 0, 8], [3, 4, 2, 0], [0, 0, 0, 3], [5, 4, 9, 9], [5, 5, 10, 10], [7, 3, 4, 7], [10, 0, 4, 4],
[1, 10, 7, 1], [2, 7, 7, 5], [1, 9, 5, 1], [9, 3, 2, 1], [7, 0, 10, 10], [3, 10, 7, 0], [2, 1, 7, 2], [1, 9, 4, 1], [6, 0, 2, 8], [6, 9, 0, 5],
[7, 5, 4, 4], [6, 6, 5, 0], [6, 5, 0, 7], [2, 5, 7, 2], [6, 1, 4, 6], [8, 6, 7, 4], [5, 7, 1, 0], [5, 2, 3, 10], [5, 7, 3, 10], [2, 9, 10, 6],
[1, 8, 2, 1], [3, 8, 3, 7], [7, 6, 0, 5], [1, 5, 9, 6], [1, 10, 4, 4], [10, 7, 4, 3], [1, 5, 2, 1], [3, 1, 7, 2], [8, 8, 3, 9], [5, 5, 3, 1]]
[1, 1, 1, 1, 1, 0.333333, 0.333333, 0.333333, 0.333333, 0.333333,
0.333333, 0.333333, 0.333333, 0.333333, 0.333333, 0.333333, 0.333333, 0.333333, 0.333333, 0.333333,
0.111111, 0.111111, 0.111111, 0.111111, 0.111111, 0.111111, 0.111111, 0.111111, 0.111111, 0.111111,
0.111111, 0.111111, 0.111111, 0.111111, 0.111111, 0.037037, 0.037037, 0.037037, 0.037037, 0.037037,
0.037037, 0.037037, 0.037037, 0.037037, 0.037037, 0.037037, 0.037037, 0.037037, 0.037037, 0.037037,
0.0123457, 0.0123457, 0.0123457, 0.0123457, 0.0123457, 0.0123457, 0.0123457, 0.0123457, 0.0123457, 0.0123457,
0.0123457, 0.0123457, 0.0123457, 0.0123457, 0.0123457, 0.00411523, 0.00411523, 0.00411523, 0.00411523, 0.00411523,
0.00411523, 0.00411523, 0.00411523, 0.00411523, 0.00411523, 0.00411523, 0.00411523, 0.00411523, 0.00411523, 0.00411523]
[3, 8, 4, 9, 0, 4, 9, 1, 9, 0,
9, 6, 6, 4, 2, 4, 4, 5, 9, 1,
1, 0, 4, 3, 3, 8, 1, 7, 1, 5,
6, 1, 3, 1, 3, 6, 1, 7, 9, 3,
0, 8, 8, 2, 8, 5, 8, 5, 4, 5,
3, 6, 9, 2, 7, 2, 7, 0, 7, 7,
3, 2, 0, 4, 7, 6, 5, 7, 7, 6,
7, 4, 0, 4, 1, 6, 5, 8, 9, 2]
------------------------------------------------------- 
# stage = 6	# children c = 3	length of each stage p = 5	nodes = 79	# items I = 1
