[70, 25, 67, 39, 50, 32, 55, 67, 33, 55,
48, 91, 7, 39, 25, 96, 7, 70, 47, 96,
6, 56, 12, 23, 52, 52, 59, 95, 24, 19,
37, 60, 44, 70]
[[471, 569, 522], [428, 669, 263], [670, 828, 30], [879, 131, 734], [397, 461, 703], [546, 750, 71], [822, 70, 203], [199, 756, 743], [656, 741, 155], [781, 889, 688],
[484, 407, 305], [53, 835, 855], [197, 433, 611], [227, 360, 743], [842, 638, 251], [592, 231, 882], [544, 934, 833], [629, 61, 518], [419, 599, 306], [455, 427, 242],
[191, 792, 531], [496, 726, 413], [279, 923, 728], [891, 197, 16], [681, 920, 654], [813, 559, 767], [623, 32, 748], [504, 661, 810], [903, 8, 456], [256, 463, 764],
[499, 654, 603], [77, 78, 376], [371, 358, 227], [146, 296, 305]]
[[6, 7, 5, 2], [7, 2, 0, 3], [10, 9, 5, 7], [4, 8, 1, 0], [2, 3, 4, 2], [9, 0, 10, 2], [5, 10, 10, 0], [10, 1, 5, 5], [6, 10, 5, 3], [0, 5, 4, 8],
[1, 9, 4, 3], [4, 3, 2, 4], [4, 6, 7, 3], [4, 4, 3, 9], [2, 2, 9, 1], [1, 1, 4, 8], [9, 9, 9, 9], [1, 2, 6, 1], [9, 8, 2, 1], [0, 4, 5, 5],
[10, 10, 8, 1], [2, 9, 10, 4], [9, 6, 5, 0], [5, 7, 6, 4], [3, 4, 0, 2], [4, 7, 3, 0], [4, 6, 1, 3], [8, 5, 8, 6], [4, 3, 7, 6], [1, 7, 10, 10],
[0, 2, 8, 6], [7, 3, 10, 10], [7, 8, 2, 9], [4, 3, 10, 7]]
[1, 0.333333, 0.333333, 0.333333, 0.111111, 0.111111, 0.111111, 0.037037, 0.037037, 0.037037,
0.0123457, 0.0123457, 0.0123457, 0.00411523, 0.00411523, 0.00411523, 0.00137174, 0.00137174, 0.00137174, 0.000457247,
0.000457247, 0.000457247, 0.000152416, 0.000152416, 0.000152416, 5.08053e-05, 5.08053e-05, 5.08053e-05, 1.69351e-05, 1.69351e-05,
1.69351e-05, 5.64503e-06, 5.64503e-06, 5.64503e-06]
[9, 6, 9, 1, 4, 6, 3, 6, 4, 7,
6, 7, 9, 7, 1, 7, 1, 0, 7, 8,
1, 1, 3, 0, 0, 8, 4, 3, 7, 2,
0, 2, 3, 7]
------------------------------------------------------- 
# stage = 12	# children c = 3	length of each stage p = 1	nodes = 33	# items I = 1
