[82, 51, 4, 11, 92, 14, 69, 89, 40, 63,
99, 18, 34, 76, 48, 89, 1, 2, 16, 57,
85, 7, 55, 17, 25, 95, 49, 8, 34, 36,
76, 15, 53, 46, 93, 11, 26, 61, 100, 66,
90, 65, 50, 23, 6, 98, 79, 8, 100, 95,
65, 50, 68, 19, 67, 93, 14, 15, 67, 14,
17, 8, 29, 37, 20, 88, 14, 46, 14]
[[653, 1281, 1171], [185, 434, 953], [145, 806, 1848], [806, 534, 1210], [1816, 1001, 344], [846, 1429, 467], [122, 1177, 1766], [322, 1343, 913], [859, 1848, 1127], [472, 1997, 1732],
[1904, 262, 926], [687, 447, 1361], [1640, 592, 80], [1401, 1097, 313], [224, 525, 1314], [568, 1371, 657], [1036, 1193, 1533], [414, 1515, 789], [1327, 287, 550], [368, 459, 159],
[13, 2062, 421], [638, 662, 869], [1698, 215, 1160], [1778, 1315, 1957], [1791, 1539, 395], [1018, 1807, 1466], [1374, 455, 572], [820, 869, 1786], [1308, 1896, 1773], [1558, 177, 1931],
[1717, 1976, 1906], [52, 226, 180], [620, 1925, 94], [1780, 1315, 1409], [1349, 1019, 561], [1444, 1737, 281], [823, 1024, 736], [1094, 1544, 1304], [492, 765, 1113], [1964, 236, 989],
[1808, 1653, 878], [1627, 1705, 1105], [1506, 2024, 642], [1600, 1416, 1957], [923, 679, 890], [1484, 36, 540], [1464, 558, 1263], [113, 1351, 720], [1417, 1542, 1486], [444, 1420, 1421],
[1132, 1141, 987], [2011, 381, 304], [728, 1887, 241], [1370, 1401, 1658], [939, 2023, 250], [1528, 1119, 2072], [1767, 496, 242], [944, 308, 1593], [1664, 1725, 1048], [762, 1868, 381],
[97, 914, 1523], [783, 537, 1603], [1088, 964, 1403], [1329, 2033, 416], [599, 885, 352], [548, 26, 1170], [533, 1793, 1666], [775, 650, 1974], [2067, 2014, 1312]]
[[7, 1, 9, 8], [5, 10, 1, 5], [3, 9, 4, 0], [0, 10, 2, 10], [5, 4, 0, 0], [0, 10, 7, 5], [0, 8, 1, 9], [7, 1, 8, 2], [0, 4, 8, 6], [3, 7, 0, 5],
[5, 3, 3, 4], [0, 4, 3, 5], [8, 1, 3, 6], [0, 9, 0, 0], [6, 0, 9, 1], [10, 4, 1, 10], [8, 7, 5, 9], [4, 4, 1, 7], [5, 3, 0, 5], [7, 3, 8, 2],
[2, 10, 8, 2], [8, 9, 0, 1], [7, 7, 0, 6], [0, 1, 5, 6], [9, 9, 3, 0], [0, 2, 7, 5], [5, 6, 8, 1], [9, 3, 3, 10], [2, 10, 1, 8], [8, 2, 10, 2],
[9, 10, 8, 8], [10, 0, 1, 8], [7, 4, 6, 7], [7, 2, 1, 10], [8, 7, 1, 5], [0, 2, 4, 0], [1, 3, 9, 7], [5, 6, 9, 2], [3, 4, 8, 2], [5, 9, 8, 1],
[3, 1, 7, 8], [4, 8, 5, 10], [3, 4, 4, 3], [7, 6, 1, 6], [10, 10, 1, 2], [3, 8, 2, 5], [0, 10, 5, 5], [9, 3, 4, 10], [4, 0, 5, 6], [7, 10, 6, 8],
[4, 8, 0, 9], [2, 1, 2, 10], [10, 3, 10, 0], [10, 2, 5, 10], [1, 0, 2, 8], [1, 6, 7, 3], [5, 1, 10, 10], [1, 3, 7, 5], [9, 5, 3, 0], [4, 5, 8, 3],
[7, 8, 2, 4], [10, 7, 3, 9], [7, 5, 7, 8], [9, 1, 10, 1], [3, 9, 0, 2], [10, 5, 5, 6], [10, 6, 7, 4], [9, 2, 5, 5], [10, 7, 9, 9]]
[1, 1, 1, 0.5, 0.5, 0.5, 0.5, 0.5, 0.5, 0.25,
0.25, 0.25, 0.25, 0.25, 0.25, 0.125, 0.125, 0.125, 0.125, 0.125,
0.125, 0.0625, 0.0625, 0.0625, 0.0625, 0.0625, 0.0625, 0.03125, 0.03125, 0.03125,
0.03125, 0.03125, 0.03125, 0.015625, 0.015625, 0.015625, 0.015625, 0.015625, 0.015625, 0.0078125,
0.0078125, 0.0078125, 0.0078125, 0.0078125, 0.0078125, 0.00390625, 0.00390625, 0.00390625, 0.00390625, 0.00390625,
0.00390625, 0.00195312, 0.00195312, 0.00195312, 0.00195312, 0.00195312, 0.00195312, 0.000976562, 0.000976562, 0.000976562,
0.000976562, 0.000976562, 0.000976562, 0.000488281, 0.000488281, 0.000488281, 0.000488281, 0.000488281, 0.000488281]
[11, 5, 16, 3, 17, 6, 3, 10, 4, 6,
7, 9, 12, 15, 9, 20, 7, 13, 19, 14,
11, 4, 16, 5, 19, 5, 8, 16, 1, 0,
17, 6, 2, 4, 10, 13, 13, 10, 10, 5,
7, 11, 2, 10, 12, 10, 8, 10, 12, 8,
7, 20, 17, 6, 2, 12, 18, 1, 3, 19,
19, 3, 1, 15, 2, 10, 3, 6, 17]
------------------------------------------------------- 
# stage = 12	# children c = 2	length of each stage p = 3	nodes = 68	# items I = 1
