[63, 63, 40, 92, 85, 82, 67, 89, 38, 80,
2, 7, 30, 68, 31, 3, 3, 13, 42, 12,
43, 94, 11, 75, 78, 36, 57, 61, 84, 68,
99, 12, 97, 38, 3, 81, 86, 70, 36, 90,
16, 4, 98, 46, 73, 95, 15, 76, 7, 24,
54, 17, 17, 65, 58, 95, 0, 14, 21, 50,
82, 86, 63, 45, 90, 32, 92, 42, 69, 27,
31, 51, 32, 28, 63, 71, 90, 79, 46, 97]
[[829, 1282, 874], [253, 1990, 234], [1581, 336, 1426], [208, 634, 609], [1892, 445, 523], [485, 990, 1261], [1904, 1085, 789], [1629, 793, 9], [1643, 98, 543], [643, 1721, 1026],
[1887, 549, 307], [760, 802, 1854], [995, 1940, 190], [420, 148, 824], [586, 1597, 1269], [1109, 1639, 1817], [369, 1099, 458], [716, 727, 1251], [725, 370, 1350], [825, 570, 1070],
[1851, 457, 1176], [157, 1217, 1535], [11, 211, 1475], [1759, 188, 1180], [582, 775, 333], [1408, 1884, 1972], [1224, 1811, 1070], [1240, 526, 1355], [490, 808, 1282], [1397, 1633, 1852],
[23, 1484, 1866], [1199, 1198, 1083], [291, 766, 851], [1766, 524, 597], [502, 663, 1372], [835, 71, 812], [363, 852, 622], [990, 91, 705], [344, 582, 1513], [1183, 1536, 703],
[592, 1560, 186], [14, 315, 941], [1097, 606, 1708], [1506, 1929, 231], [102, 430, 895], [1031, 822, 523], [1843, 1185, 932], [22, 175, 1024], [727, 76, 1163], [240, 817, 698],
[943, 1409, 1815], [686, 1423, 130], [1627, 77, 736], [1334, 1140, 665], [1123, 1242, 1095], [1575, 1830, 1475], [97, 1672, 659], [1029, 1694, 834], [1610, 421, 468], [329, 218, 1285],
[585, 718, 250], [399, 961, 1230], [529, 587, 1307], [1266, 1479, 3], [1488, 158, 802], [139, 1733, 631], [1614, 1830, 303], [273, 415, 1554], [664, 25, 1532], [1132, 354, 1307],
[416, 939, 24], [666, 1339, 542], [1897, 1425, 1130], [760, 690, 165], [764, 1735, 323], [1123, 1875, 55], [1755, 1488, 1442], [1615, 1761, 1857], [1168, 425, 1439], [257, 1114, 1794]]
[[9, 2, 5, 1], [6, 6, 5, 6], [3, 0, 0, 7], [8, 2, 6, 6], [4, 3, 10, 5], [4, 3, 6, 4], [5, 9, 9, 2], [2, 0, 2, 9], [2, 7, 8, 6], [1, 2, 0, 4],
[1, 9, 9, 7], [0, 4, 2, 4], [8, 2, 8, 10], [5, 3, 3, 10], [1, 10, 0, 1], [10, 2, 8, 10], [9, 6, 4, 10], [6, 4, 4, 7], [0, 2, 3, 0], [5, 6, 2, 2],
[6, 10, 1, 0], [1, 2, 8, 0], [1, 8, 0, 9], [8, 8, 6, 7], [3, 10, 4, 8], [1, 6, 4, 10], [7, 6, 10, 1], [10, 2, 1, 5], [10, 2, 3, 9], [2, 0, 10, 1],
[7, 8, 10, 4], [5, 3, 9, 9], [1, 1, 4, 0], [7, 8, 0, 1], [1, 10, 2, 0], [10, 3, 3, 8], [3, 6, 6, 3], [7, 3, 4, 1], [0, 3, 3, 6], [5, 2, 2, 6],
[3, 6, 6, 8], [1, 6, 10, 3], [6, 1, 1, 3], [3, 5, 0, 4], [0, 5, 8, 5], [8, 1, 6, 7], [3, 8, 0, 8], [10, 2, 3, 0], [6, 9, 8, 7], [3, 7, 8, 7],
[7, 10, 10, 8], [2, 9, 1, 2], [3, 7, 6, 9], [7, 10, 5, 10], [7, 5, 5, 6], [5, 8, 4, 0], [4, 2, 6, 7], [7, 1, 1, 1], [9, 1, 9, 0], [8, 9, 1, 9],
[3, 7, 7, 10], [6, 0, 9, 3], [5, 3, 7, 9], [9, 1, 9, 3], [1, 2, 8, 8], [4, 8, 10, 0], [7, 6, 1, 4], [4, 2, 2, 6], [9, 7, 5, 2], [7, 4, 3, 2],
[5, 0, 0, 4], [10, 7, 5, 0], [8, 0, 6, 1], [8, 3, 1, 4], [10, 0, 6, 1], [2, 8, 7, 9], [5, 2, 10, 1], [4, 2, 1, 9], [2, 10, 2, 10], [5, 5, 8, 2]]
[1, 1, 1, 1, 1, 0.333333, 0.333333, 0.333333, 0.333333, 0.333333,
0.333333, 0.333333, 0.333333, 0.333333, 0.333333, 0.333333, 0.333333, 0.333333, 0.333333, 0.333333,
0.111111, 0.111111, 0.111111, 0.111111, 0.111111, 0.111111, 0.111111, 0.111111, 0.111111, 0.111111,
0.111111, 0.111111, 0.111111, 0.111111, 0.111111, 0.037037, 0.037037, 0.037037, 0.037037, 0.037037,
0.037037, 0.037037, 0.037037, 0.037037, 0.037037, 0.037037, 0.037037, 0.037037, 0.037037, 0.037037,
0.0123457, 0.0123457, 0.0123457, 0.0123457, 0.0123457, 0.0123457, 0.0123457, 0.0123457, 0.0123457, 0.0123457,
0.0123457, 0.0123457, 0.0123457, 0.0123457, 0.0123457, 0.00411523, 0.00411523, 0.00411523, 0.00411523, 0.00411523,
0.00411523, 0.00411523, 0.00411523, 0.00411523, 0.00411523, 0.00411523, 0.00411523, 0.00411523, 0.00411523, 0.00411523]
[6, 8, 8, 8, 6, 4, 0, 10, 8, 9,
0, 5, 8, 3, 1, 1, 3, 6, 0, 2,
1, 5, 7, 3, 0, 5, 8, 4, 0, 10,
3, 5, 8, 3, 2, 8, 8, 1, 5, 4,
3, 1, 9, 1, 10, 8, 10, 5, 3, 9,
0, 4, 9, 0, 7, 4, 2, 7, 7, 6,
7, 7, 6, 9, 9, 10, 1, 3, 7, 7,
5, 8, 1, 5, 3, 2, 4, 2, 8, 4]
------------------------------------------------------- 
# stage = 6	# children c = 3	length of each stage p = 5	nodes = 79	# items I = 1
