[49, 70, 82, 54, 4, 56, 32, 96, 10, 80,
74, 22, 27, 1, 10, 97, 61, 25, 76, 10,
14, 76, 84, 40, 59, 87, 79, 1, 44, 85,
74, 93, 20, 21, 46, 25, 77, 44, 87, 53,
90, 60, 75, 17, 61, 52, 80, 88, 77, 21,
98, 91, 97, 47, 30, 21, 100, 75, 22, 43,
26, 62, 35, 46, 83, 82, 37, 26]
[[516, 617, 32], [113, 691, 250], [807, 606, 63], [496, 528, 39], [912, 763, 551], [56, 150, 166], [38, 944, 319], [614, 809, 720], [170, 517, 593], [134, 200, 574],
[510, 694, 173], [520, 784, 864], [770, 596, 452], [811, 97, 980], [850, 986, 748], [383, 48, 898], [550, 63, 825], [846, 654, 639], [548, 824, 162], [146, 958, 339],
[697, 451, 15], [847, 971, 799], [693, 723, 377], [150, 516, 451], [135, 349, 443], [860, 732, 468], [741, 264, 508], [571, 115, 144], [192, 640, 968], [331, 787, 931],
[648, 466, 387], [663, 319, 340], [445, 17, 46], [822, 168, 539], [279, 280, 888], [699, 146, 626], [149, 887, 867], [634, 440, 960], [778, 632, 605], [751, 964, 397],
[664, 617, 864], [34, 262, 165], [374, 707, 182], [397, 535, 327], [937, 791, 608], [807, 495, 754], [438, 644, 623], [288, 283, 68], [253, 43, 677], [858, 794, 623],
[261, 463, 222], [107, 497, 485], [249, 849, 174], [431, 228, 686], [759, 147, 482], [372, 955, 977], [108, 375, 603], [731, 663, 863], [776, 916, 906], [458, 780, 682],
[87, 23, 151], [309, 107, 625], [771, 356, 456], [946, 764, 685], [637, 528, 832], [125, 877, 769], [84, 985, 150], [665, 698, 813]]
[[8, 3, 4, 8], [5, 4, 0, 8], [1, 4, 10, 5], [5, 3, 3, 6], [6, 6, 1, 3], [5, 2, 1, 0], [2, 1, 2, 2], [8, 10, 1, 5], [0, 3, 0, 6], [7, 0, 1, 8],
[2, 0, 1, 8], [1, 4, 1, 6], [10, 0, 7, 2], [0, 8, 2, 3], [7, 3, 5, 4], [2, 4, 8, 0], [7, 8, 4, 4], [7, 5, 10, 9], [4, 0, 4, 5], [2, 5, 0, 2],
[4, 7, 4, 4], [3, 5, 7, 8], [8, 1, 2, 8], [3, 8, 6, 0], [5, 0, 2, 1], [5, 10, 9, 7], [9, 2, 0, 0], [6, 0, 2, 10], [6, 5, 3, 7], [8, 0, 2, 3],
[10, 2, 9, 3], [10, 4, 1, 5], [2, 3, 4, 6], [2, 0, 2, 9], [3, 2, 10, 9], [1, 10, 8, 5], [4, 9, 10, 1], [7, 1, 2, 7], [4, 0, 8, 3], [5, 7, 6, 7],
[10, 9, 0, 10], [9, 3, 9, 1], [5, 6, 8, 4], [5, 3, 9, 10], [2, 8, 9, 7], [8, 1, 1, 1], [10, 9, 2, 2], [5, 9, 8, 2], [7, 8, 0, 3], [0, 7, 5, 4],
[2, 0, 6, 7], [4, 5, 4, 4], [0, 1, 0, 8], [0, 2, 7, 10], [9, 10, 2, 2], [8, 8, 2, 2], [5, 2, 5, 4], [7, 8, 8, 7], [7, 3, 4, 9], [6, 6, 0, 5],
[7, 0, 0, 5], [0, 8, 5, 8], [7, 5, 8, 2], [2, 10, 2, 7], [0, 5, 0, 7], [1, 6, 4, 8], [8, 6, 6, 1], [10, 6, 6, 7]]
[1, 1, 0.333333, 0.333333, 0.333333, 0.333333, 0.333333, 0.333333, 0.111111, 0.111111,
0.111111, 0.111111, 0.111111, 0.111111, 0.037037, 0.037037, 0.037037, 0.037037, 0.037037, 0.037037,
0.0123457, 0.0123457, 0.0123457, 0.0123457, 0.0123457, 0.0123457, 0.00411523, 0.00411523, 0.00411523, 0.00411523,
0.00411523, 0.00411523, 0.00137174, 0.00137174, 0.00137174, 0.00137174, 0.00137174, 0.00137174, 0.000457247, 0.000457247,
0.000457247, 0.000457247, 0.000457247, 0.000457247, 0.000152416, 0.000152416, 0.000152416, 0.000152416, 0.000152416, 0.000152416,
5.08053e-05, 5.08053e-05, 5.08053e-05, 5.08053e-05, 5.08053e-05, 5.08053e-05, 1.69351e-05, 1.69351e-05, 1.69351e-05, 1.69351e-05,
1.69351e-05, 1.69351e-05, 5.64503e-06, 5.64503e-06, 5.64503e-06, 5.64503e-06, 5.64503e-06, 5.64503e-06]
[4, 7, 2, 2, 2, 4, 0, 8, 4, 0,
3, 4, 7, 4, 3, 9, 0, 8, 3, 6,
8, 4, 7, 6, 3, 5, 1, 8, 2, 4,
4, 5, 2, 0, 5, 7, 8, 4, 6, 1,
2, 0, 8, 4, 5, 8, 6, 6, 3, 8,
5, 4, 1, 3, 4, 1, 4, 1, 4, 7,
8, 9, 3, 5, 5, 6, 3, 6]
------------------------------------------------------- 
# stage = 12	# children c = 3	length of each stage p = 2	nodes = 67	# items I = 1
