[32, 64, 30, 92, 20, 40, 57, 58, 29, 36,
2, 12, 80, 46, 74, 93, 62, 67, 100, 4,
97, 23, 93, 71, 62, 22, 54, 62, 39, 12,
97, 37, 42, 27]
[[388, 30, 368], [971, 158, 133], [514, 795, 178], [125, 182, 886], [695, 926, 1046], [545, 282, 263], [11, 656, 53], [161, 98, 1060], [121, 692, 993], [157, 563, 122],
[67, 951, 152], [435, 852, 183], [440, 295, 850], [619, 292, 1032], [434, 987, 887], [281, 333, 99], [545, 216, 627], [598, 249, 725], [459, 371, 346], [253, 528, 910],
[375, 595, 662], [399, 1031, 315], [582, 400, 483], [361, 891, 775], [195, 126, 564], [11, 408, 897], [1053, 825, 43], [609, 352, 292], [136, 683, 663], [482, 936, 1063],
[193, 240, 588], [728, 639, 548], [1043, 23, 820], [455, 256, 513]]
[[5, 2, 8, 1], [1, 1, 1, 1], [1, 9, 4, 10], [3, 9, 4, 1], [4, 7, 3, 3], [2, 10, 5, 8], [8, 1, 2, 0], [6, 4, 1, 0], [4, 10, 10, 6], [9, 0, 5, 9],
[7, 9, 8, 8], [7, 10, 7, 1], [7, 8, 2, 7], [8, 7, 4, 3], [9, 7, 3, 4], [9, 5, 2, 3], [2, 1, 9, 0], [10, 1, 9, 6], [0, 5, 1, 7], [4, 9, 6, 0],
[6, 8, 7, 3], [5, 1, 4, 1], [6, 6, 5, 2], [9, 7, 3, 0], [6, 10, 9, 5], [1, 8, 9, 1], [0, 10, 8, 4], [8, 2, 5, 4], [10, 10, 5, 2], [9, 8, 3, 4],
[3, 6, 5, 1], [2, 8, 10, 6], [8, 8, 0, 9], [3, 7, 10, 3]]
[1, 0.333333, 0.333333, 0.333333, 0.111111, 0.111111, 0.111111, 0.037037, 0.037037, 0.037037,
0.0123457, 0.0123457, 0.0123457, 0.00411523, 0.00411523, 0.00411523, 0.00137174, 0.00137174, 0.00137174, 0.000457247,
0.000457247, 0.000457247, 0.000152416, 0.000152416, 0.000152416, 5.08053e-05, 5.08053e-05, 5.08053e-05, 1.69351e-05, 1.69351e-05,
1.69351e-05, 5.64503e-06, 5.64503e-06, 5.64503e-06]
[3, 7, 8, 16, 4, 6, 5, 16, 2, 16,
8, 3, 21, 14, 11, 13, 7, 1, 14, 8,
4, 18, 17, 3, 2, 9, 20, 12, 7, 8,
0, 7, 19, 21]
------------------------------------------------------- 
# stage = 12	# children c = 3	length of each stage p = 1	nodes = 33	# items I = 1
