[67, 16, 96, 0, 38, 61, 99, 12, 94, 72,
73, 26, 9, 63, 9, 57, 25, 28, 4, 61,
42, 28, 58, 51, 75, 1, 48, 86, 50, 79,
70, 16, 61, 32, 17, 100, 93, 15, 11, 86,
54, 50, 78, 29, 80, 88, 52, 4, 15, 57,
66, 58, 51, 90, 75, 92, 91, 23, 77, 41,
68, 47, 23, 29, 45, 40, 95, 37, 22, 72,
90, 42, 22, 67, 37, 68, 54, 90, 72, 70,
12, 3, 94, 63, 94, 34, 21, 84, 23, 98,
91, 58, 10, 14, 87, 55, 20, 47, 59, 8,
85, 48]
[[100, 185, 393], [223, 678, 661], [251, 653, 328], [420, 424, 212], [750, 573, 597], [529, 149, 20], [396, 591, 141], [141, 129, 254], [393, 439, 373], [304, 577, 817],
[565, 677, 105], [60, 25, 783], [698, 254, 539], [152, 651, 88], [341, 527, 661], [63, 158, 810], [60, 554, 503], [201, 695, 609], [432, 191, 150], [782, 495, 728],
[702, 162, 507], [807, 222, 510], [692, 46, 741], [356, 175, 517], [444, 516, 169], [207, 557, 327], [119, 594, 859], [600, 773, 679], [334, 330, 870], [485, 215, 490],
[315, 42, 629], [799, 826, 852], [434, 643, 0], [300, 125, 175], [795, 546, 668], [89, 731, 350], [394, 850, 47], [378, 552, 820], [159, 12, 252], [132, 474, 467],
[599, 766, 486], [354, 690, 437], [331, 227, 183], [331, 504, 308], [483, 424, 831], [276, 491, 687], [604, 862, 640], [651, 342, 317], [573, 501, 329], [825, 633, 780],
[395, 358, 648], [858, 689, 441], [398, 145, 668], [581, 453, 274], [866, 38, 676], [822, 314, 292], [635, 20, 256], [377, 648, 598], [694, 346, 201], [126, 274, 812],
[8, 646, 272], [657, 606, 86], [223, 129, 208], [868, 710, 638], [267, 701, 676], [45, 626, 92], [337, 363, 113], [593, 740, 761], [293, 559, 210], [472, 662, 461],
[409, 671, 232], [658, 453, 838], [744, 653, 70], [54, 646, 780], [692, 15, 584], [493, 61, 312], [562, 375, 675], [675, 71, 517], [539, 364, 178], [749, 813, 841],
[312, 347, 637], [544, 107, 192], [484, 828, 845], [554, 7, 593], [437, 676, 585], [123, 271, 646], [435, 834, 124], [212, 634, 195], [729, 275, 536], [32, 149, 475],
[850, 438, 799], [589, 107, 32], [781, 569, 860], [728, 248, 845], [446, 662, 646], [157, 785, 43], [780, 322, 2], [29, 511, 636], [224, 365, 37], [738, 375, 163],
[338, 327, 602], [239, 42, 686]]
[[1, 5, 1, 0], [10, 1, 7, 4], [1, 8, 8, 6], [3, 8, 1, 1], [8, 9, 0, 7], [7, 9, 1, 3], [1, 5, 5, 9], [7, 10, 6, 7], [5, 5, 7, 4], [6, 1, 8, 7],
[7, 4, 0, 10], [1, 2, 1, 7], [0, 10, 2, 5], [8, 3, 8, 7], [6, 0, 3, 1], [10, 9, 8, 2], [2, 2, 5, 8], [1, 0, 3, 8], [4, 3, 7, 4], [3, 6, 0, 1],
[5, 2, 6, 1], [4, 1, 6, 10], [1, 10, 9, 1], [6, 6, 1, 8], [6, 6, 4, 7], [7, 7, 2, 0], [8, 8, 2, 1], [3, 3, 0, 9], [3, 7, 8, 5], [8, 3, 3, 8],
[2, 1, 7, 7], [6, 8, 4, 1], [4, 8, 7, 0], [2, 7, 9, 9], [4, 1, 8, 8], [2, 8, 4, 3], [4, 1, 9, 0], [2, 1, 8, 5], [0, 2, 10, 6], [10, 3, 6, 3],
[1, 0, 3, 1], [7, 0, 10, 10], [1, 7, 7, 3], [5, 9, 4, 7], [8, 2, 5, 10], [1, 0, 2, 0], [2, 1, 6, 2], [5, 10, 5, 4], [8, 7, 5, 3], [7, 3, 2, 6],
[8, 7, 7, 2], [5, 0, 8, 0], [1, 0, 10, 2], [1, 2, 2, 1], [1, 7, 3, 6], [4, 7, 8, 0], [1, 1, 3, 6], [4, 3, 1, 1], [10, 8, 2, 2], [8, 8, 2, 9],
[8, 10, 10, 7], [1, 10, 9, 3], [4, 10, 7, 7], [4, 3, 7, 5], [4, 8, 0, 6], [0, 1, 7, 8], [7, 7, 8, 3], [2, 8, 10, 0], [7, 7, 5, 7], [7, 3, 8, 9],
[1, 2, 5, 5], [5, 10, 9, 7], [7, 9, 2, 5], [9, 10, 0, 5], [4, 8, 8, 7], [3, 6, 5, 9], [2, 10, 3, 9], [1, 0, 6, 0], [0, 9, 5, 4], [9, 3, 0, 3],
[0, 3, 9, 9], [0, 7, 1, 4], [3, 8, 9, 6], [3, 1, 4, 5], [1, 5, 2, 0], [3, 6, 0, 4], [4, 3, 8, 2], [5, 8, 4, 5], [0, 0, 1, 0], [7, 2, 3, 10],
[8, 10, 4, 0], [1, 6, 4, 0], [1, 4, 0, 4], [10, 9, 8, 3], [10, 3, 4, 4], [1, 8, 7, 10], [6, 8, 9, 2], [9, 10, 0, 6], [9, 4, 5, 10], [10, 7, 10, 0],
[0, 8, 3, 8], [4, 0, 0, 4]]
[1, 1, 1, 0.333333, 0.333333, 0.333333, 0.333333, 0.333333, 0.333333, 0.333333,
0.333333, 0.333333, 0.111111, 0.111111, 0.111111, 0.111111, 0.111111, 0.111111, 0.111111, 0.111111,
0.111111, 0.037037, 0.037037, 0.037037, 0.037037, 0.037037, 0.037037, 0.037037, 0.037037, 0.037037,
0.0123457, 0.0123457, 0.0123457, 0.0123457, 0.0123457, 0.0123457, 0.0123457, 0.0123457, 0.0123457, 0.00411523,
0.00411523, 0.00411523, 0.00411523, 0.00411523, 0.00411523, 0.00411523, 0.00411523, 0.00411523, 0.00137174, 0.00137174,
0.00137174, 0.00137174, 0.00137174, 0.00137174, 0.00137174, 0.00137174, 0.00137174, 0.000457247, 0.000457247, 0.000457247,
0.000457247, 0.000457247, 0.000457247, 0.000457247, 0.000457247, 0.000457247, 0.000152416, 0.000152416, 0.000152416, 0.000152416,
0.000152416, 0.000152416, 0.000152416, 0.000152416, 0.000152416, 5.08053e-05, 5.08053e-05, 5.08053e-05, 5.08053e-05, 5.08053e-05,
5.08053e-05, 5.08053e-05, 5.08053e-05, 5.08053e-05, 1.69351e-05, 1.69351e-05, 1.69351e-05, 1.69351e-05, 1.69351e-05, 1.69351e-05,
1.69351e-05, 1.69351e-05, 1.69351e-05, 5.64503e-06, 5.64503e-06, 5.64503e-06, 5.64503e-06, 5.64503e-06, 5.64503e-06, 5.64503e-06,
5.64503e-06, 5.64503e-06]
[4, 0, 1, 4, 6, 6, 7, 7, 7, 8,
0, 3, 1, 0, 5, 3, 0, 5, 4, 6,
1, 4, 4, 3, 0, 5, 4, 7, 3, 7,
5, 5, 4, 5, 0, 6, 3, 8, 1, 8,
4, 0, 0, 0, 2, 8, 0, 0, 3, 0,
6, 6, 5, 5, 6, 5, 5, 4, 7, 4,
1, 3, 7, 1, 8, 4, 4, 2, 2, 3,
1, 4, 1, 7, 1, 4, 6, 8, 0, 0,
8, 8, 1, 2, 5, 8, 1, 1, 7, 6,
8, 8, 6, 4, 5, 2, 7, 4, 1, 1,
7, 8]
------------------------------------------------------- 
# stage = 12	# children c = 3	length of each stage p = 3	nodes = 101	# items I = 1
