[39, 85, 88, 59, 45, 73, 60, 10, 80, 66,
35, 49, 41, 85, 59, 54, 85, 71, 53, 0,
11, 67, 40, 5, 69, 72, 64, 29, 35, 4,
65, 40, 55, 53, 99, 100, 92, 24, 9, 71,
57, 44, 20, 98, 96, 45, 51, 46, 16, 3,
12, 94]
[[957, 43, 743], [606, 698, 957], [42, 53, 369], [896, 929, 1000], [253, 939, 922], [447, 140, 332], [27, 934, 733], [319, 728, 839], [99, 94, 179], [171, 383, 229],
[787, 367, 326], [504, 973, 1024], [488, 43, 104], [857, 993, 6], [884, 274, 946], [833, 775, 113], [139, 803, 20], [926, 149, 749], [793, 248, 897], [972, 474, 307],
[228, 288, 675], [554, 792, 675], [551, 308, 718], [709, 192, 739], [716, 50, 1013], [689, 937, 761], [856, 103, 591], [876, 3, 795], [652, 796, 70], [577, 795, 544],
[938, 1023, 833], [640, 550, 652], [289, 128, 1014], [34, 837, 180], [773, 580, 284], [813, 296, 194], [602, 125, 298], [166, 29, 355], [1015, 735, 178], [59, 339, 0],
[603, 251, 1023], [463, 945, 600], [89, 207, 728], [130, 296, 592], [310, 42, 200], [648, 856, 496], [897, 431, 676], [222, 651, 759], [577, 694, 521], [809, 753, 915],
[809, 383, 139], [805, 847, 111]]
[[0, 9, 0, 10], [7, 3, 10, 7], [6, 4, 1, 7], [4, 1, 6, 7], [2, 4, 3, 2], [6, 4, 4, 4], [6, 10, 3, 7], [9, 0, 2, 10], [9, 0, 7, 3], [3, 6, 0, 7],
[0, 10, 1, 2], [0, 7, 7, 3], [0, 0, 5, 5], [4, 8, 9, 8], [5, 0, 4, 3], [0, 4, 0, 7], [4, 8, 10, 5], [1, 8, 1, 10], [8, 2, 2, 6], [10, 7, 9, 8],
[5, 2, 2, 8], [8, 10, 5, 2], [8, 8, 3, 8], [1, 2, 2, 6], [8, 1, 9, 9], [10, 0, 9, 5], [0, 9, 0, 10], [3, 8, 6, 9], [10, 6, 4, 5], [3, 7, 5, 0],
[4, 8, 8, 4], [8, 10, 10, 5], [10, 6, 2, 7], [6, 9, 1, 7], [5, 10, 4, 8], [7, 8, 4, 4], [4, 8, 9, 7], [5, 3, 8, 7], [10, 3, 0, 5], [1, 8, 9, 0],
[4, 0, 5, 8], [7, 6, 4, 10], [3, 7, 5, 0], [4, 10, 4, 6], [5, 1, 1, 8], [4, 9, 5, 1], [10, 3, 7, 0], [1, 3, 9, 3], [1, 3, 0, 8], [9, 5, 7, 0],
[10, 1, 0, 1], [9, 2, 8, 2]]
[1, 1, 0.2, 0.2, 0.2, 0.2, 0.2, 0.2, 0.2, 0.2,
0.2, 0.2, 0.04, 0.04, 0.04, 0.04, 0.04, 0.04, 0.04, 0.04,
0.04, 0.04, 0.008, 0.008, 0.008, 0.008, 0.008, 0.008, 0.008, 0.008,
0.008, 0.008, 0.0016, 0.0016, 0.0016, 0.0016, 0.0016, 0.0016, 0.0016, 0.0016,
0.0016, 0.0016, 0.00032, 0.00032, 0.00032, 0.00032, 0.00032, 0.00032, 0.00032, 0.00032,
0.00032, 0.00032]
[1, 17, 19, 5, 0, 8, 16, 11, 5, 10,
20, 18, 8, 16, 10, 18, 15, 6, 11, 9,
3, 17, 18, 1, 8, 1, 2, 16, 14, 2,
8, 13, 10, 13, 7, 8, 15, 5, 8, 13,
17, 18, 11, 5, 1, 4, 4, 9, 13, 13,
19, 5]
------------------------------------------------------- 
# stage = 6	# children c = 5	length of each stage p = 2	nodes = 51	# items I = 1
