[3, 26, 35, 70, 70, 22, 70, 33, 37, 78,
99, 99, 31, 6, 6, 56, 63, 56, 86, 58,
33, 77, 5, 35, 15, 19, 33, 23, 7, 70,
3, 11, 62, 38, 81, 32, 26, 16, 65, 63,
94, 63, 27, 92, 70, 33, 13, 32, 89, 100,
56, 88, 76, 27, 22, 57, 46, 56, 47, 54,
92, 50, 31, 53, 54, 78, 85, 46]
[[216, 41, 964], [117, 686, 413], [243, 437, 1011], [143, 944, 645], [540, 916, 727], [59, 334, 23], [1010, 818, 341], [651, 784, 1008], [939, 141, 247], [994, 1001, 174],
[589, 205, 807], [541, 914, 61], [534, 146, 498], [113, 881, 10], [758, 409, 927], [54, 48, 249], [77, 638, 56], [419, 869, 420], [1007, 377, 561], [243, 359, 550],
[1009, 948, 335], [384, 58, 237], [445, 172, 975], [524, 286, 844], [534, 624, 834], [29, 678, 462], [279, 336, 89], [927, 335, 958], [927, 330, 323], [476, 153, 263],
[606, 742, 199], [521, 706, 849], [338, 140, 10], [302, 244, 888], [726, 358, 80], [548, 388, 759], [1011, 247, 83], [680, 162, 418], [206, 77, 328], [530, 133, 62],
[373, 319, 804], [572, 420, 499], [1002, 758, 219], [592, 640, 463], [468, 355, 401], [128, 483, 789], [887, 62, 24], [550, 742, 778], [548, 949, 435], [457, 47, 568],
[519, 420, 467], [903, 572, 887], [982, 562, 214], [189, 734, 854], [232, 782, 789], [634, 911, 853], [1003, 366, 915], [16, 917, 226], [794, 33, 163], [218, 490, 802],
[366, 589, 210], [834, 481, 362], [289, 451, 505], [503, 221, 227], [938, 33, 590], [295, 247, 489], [136, 239, 855], [632, 255, 340]]
[[7, 5, 0, 3], [4, 0, 7, 7], [10, 8, 10, 4], [8, 4, 4, 8], [6, 3, 3, 10], [4, 2, 7, 1], [5, 8, 2, 1], [9, 6, 4, 3], [0, 4, 7, 3], [2, 1, 10, 10],
[7, 8, 2, 4], [10, 4, 10, 6], [7, 3, 3, 1], [3, 10, 0, 7], [7, 2, 8, 3], [7, 10, 7, 7], [1, 1, 8, 4], [2, 8, 3, 10], [3, 5, 3, 2], [9, 1, 6, 4],
[4, 9, 5, 5], [8, 5, 1, 2], [6, 8, 4, 2], [7, 0, 7, 9], [10, 5, 2, 1], [0, 3, 9, 3], [7, 2, 3, 5], [1, 10, 9, 5], [8, 1, 8, 4], [5, 10, 6, 0],
[7, 8, 2, 3], [8, 9, 10, 5], [1, 10, 7, 1], [3, 5, 2, 8], [5, 6, 0, 6], [3, 8, 9, 9], [9, 7, 2, 3], [4, 7, 3, 0], [4, 3, 1, 0], [0, 10, 5, 1],
[9, 10, 1, 10], [3, 3, 5, 6], [7, 6, 2, 8], [3, 9, 7, 1], [3, 7, 3, 7], [1, 4, 5, 4], [8, 5, 2, 6], [4, 5, 7, 0], [5, 6, 9, 6], [8, 3, 1, 4],
[9, 1, 0, 10], [9, 7, 1, 1], [1, 2, 7, 1], [6, 10, 5, 3], [4, 7, 9, 6], [10, 4, 5, 4], [10, 1, 8, 7], [4, 10, 10, 1], [0, 10, 0, 9], [4, 10, 9, 3],
[1, 3, 4, 8], [2, 9, 9, 5], [3, 6, 9, 3], [8, 3, 5, 7], [2, 3, 2, 5], [0, 10, 6, 9], [7, 4, 6, 0], [2, 4, 3, 1]]
[1, 1, 0.333333, 0.333333, 0.333333, 0.333333, 0.333333, 0.333333, 0.111111, 0.111111,
0.111111, 0.111111, 0.111111, 0.111111, 0.037037, 0.037037, 0.037037, 0.037037, 0.037037, 0.037037,
0.0123457, 0.0123457, 0.0123457, 0.0123457, 0.0123457, 0.0123457, 0.00411523, 0.00411523, 0.00411523, 0.00411523,
0.00411523, 0.00411523, 0.00137174, 0.00137174, 0.00137174, 0.00137174, 0.00137174, 0.00137174, 0.000457247, 0.000457247,
0.000457247, 0.000457247, 0.000457247, 0.000457247, 0.000152416, 0.000152416, 0.000152416, 0.000152416, 0.000152416, 0.000152416,
5.08053e-05, 5.08053e-05, 5.08053e-05, 5.08053e-05, 5.08053e-05, 5.08053e-05, 1.69351e-05, 1.69351e-05, 1.69351e-05, 1.69351e-05,
1.69351e-05, 1.69351e-05, 5.64503e-06, 5.64503e-06, 5.64503e-06, 5.64503e-06, 5.64503e-06, 5.64503e-06]
[15, 15, 13, 18, 20, 19, 14, 1, 9, 9,
9, 8, 5, 2, 20, 8, 15, 2, 15, 4,
10, 15, 14, 8, 6, 2, 16, 7, 9, 17,
17, 20, 2, 13, 18, 8, 20, 9, 16, 13,
9, 14, 4, 1, 9, 18, 0, 11, 17, 18,
19, 19, 3, 8, 2, 20, 12, 13, 11, 5,
10, 1, 18, 12, 14, 5, 9, 5]
------------------------------------------------------- 
# stage = 12	# children c = 3	length of each stage p = 2	nodes = 67	# items I = 1
