[39, 57, 65, 6, 83, 3, 83, 100, 83, 29,
29, 45, 81, 31, 5, 2, 31, 98, 10, 16,
33, 61, 45, 46, 72, 11, 78, 97, 96, 44,
93, 0, 67, 24, 74, 16, 94, 56, 15, 76,
51, 10, 87, 98, 42, 93, 0, 39, 56, 77,
56, 89, 38, 67, 0, 76, 44, 78, 39, 6,
89, 98, 6, 55, 21, 80, 71, 14, 2, 52,
90, 53, 63, 77, 51, 4, 35, 17, 9, 91,
94, 31, 46, 98, 65, 46, 74, 75, 24, 12,
81, 12, 9, 88, 33, 98, 33, 4, 11, 35,
56, 68, 89, 85, 10, 5, 89, 45, 22, 65,
1, 15, 96, 47, 13, 60, 60, 53, 35, 84,
31, 82, 62, 6, 35, 95, 3, 69, 65, 82,
70, 88, 49, 24, 72, 59, 29, 27, 3, 51,
92, 71, 33, 53, 18, 46, 80, 78, 65, 81,
27, 96, 62, 55, 1, 64, 15, 5, 99, 47,
87, 68, 34, 1, 93, 72, 60, 88, 99, 29,
39, 56, 100, 38, 9, 84, 50, 55, 27, 14]
[[793, 259, 76], [681, 261, 446], [702, 605, 682], [958, 955, 441], [557, 398, 760], [65, 140, 766], [738, 200, 249], [977, 577, 302], [717, 702, 222], [283, 309, 739],
[675, 123, 19], [751, 804, 124], [219, 372, 730], [901, 195, 550], [363, 596, 792], [144, 661, 932], [754, 420, 154], [847, 263, 575], [171, 1, 298], [393, 128, 607],
[153, 803, 730], [16, 575, 400], [140, 638, 616], [870, 404, 811], [285, 611, 429], [98, 599, 934], [875, 219, 220], [873, 87, 483], [469, 258, 328], [611, 495, 456],
[240, 492, 124], [814, 508, 543], [235, 649, 203], [695, 384, 451], [528, 670, 84], [801, 612, 683], [600, 508, 902], [820, 402, 834], [324, 715, 936], [652, 348, 453],
[952, 588, 945], [97, 267, 475], [641, 347, 968], [688, 63, 217], [160, 435, 887], [244, 101, 365], [772, 702, 873], [539, 543, 141], [394, 712, 856], [352, 385, 225],
[649, 203, 657], [459, 300, 769], [778, 785, 137], [767, 494, 200], [6, 655, 636], [737, 743, 737], [123, 380, 304], [841, 920, 848], [3, 179, 425], [703, 375, 810],
[773, 868, 857], [451, 349, 179], [85, 148, 964], [222, 760, 324], [423, 766, 0], [903, 368, 587], [505, 492, 968], [810, 354, 753], [523, 201, 776], [948, 904, 17],
[623, 698, 885], [502, 15, 255], [525, 100, 248], [354, 323, 29], [678, 590, 795], [522, 514, 184], [131, 863, 520], [943, 694, 718], [561, 238, 919], [202, 51, 845],
[219, 675, 408], [949, 42, 423], [69, 567, 368], [317, 921, 535], [346, 621, 146], [6, 164, 504], [35, 139, 388], [555, 103, 927], [295, 508, 30], [79, 711, 82],
[768, 774, 601], [198, 744, 643], [465, 814, 231], [833, 152, 173], [389, 343, 638], [379, 349, 803], [883, 384, 786], [137, 784, 734], [908, 923, 263], [938, 23, 818],
[864, 636, 614], [486, 834, 379], [150, 320, 214], [225, 19, 211], [399, 252, 554], [58, 632, 903], [705, 380, 153], [513, 361, 781], [268, 290, 725], [375, 250, 592],
[215, 135, 249], [829, 466, 927], [73, 460, 269], [288, 686, 132], [343, 929, 384], [741, 831, 860], [665, 402, 262], [662, 915, 623], [464, 48, 914], [54, 423, 29],
[647, 482, 8], [896, 332, 474], [845, 406, 935], [958, 538, 486], [934, 725, 436], [183, 487, 132], [65, 17, 534], [171, 680, 314], [638, 9, 362], [417, 64, 630],
[446, 711, 956], [299, 472, 154], [773, 182, 560], [573, 5, 942], [903, 939, 532], [360, 967, 40], [337, 53, 57], [871, 224, 581], [207, 706, 591], [413, 145, 499],
[887, 435, 75], [865, 734, 547], [40, 373, 574], [444, 946, 423], [251, 715, 384], [783, 96, 216], [823, 277, 269], [724, 170, 337], [171, 377, 64], [606, 634, 53],
[126, 543, 489], [201, 429, 244], [592, 469, 461], [31, 913, 429], [455, 185, 9], [683, 812, 105], [899, 656, 383], [33, 245, 397], [370, 416, 618], [278, 866, 273],
[176, 13, 816], [665, 58, 266], [753, 495, 579], [236, 370, 357], [509, 669, 386], [518, 373, 219], [467, 137, 719], [694, 170, 965], [112, 384, 246], [730, 507, 957],
[848, 683, 814], [685, 369, 717], [796, 966, 233], [396, 223, 447], [754, 576, 138], [161, 115, 355], [381, 427, 493], [121, 142, 663], [930, 99, 892], [42, 673, 420]]
[[8, 1, 3, 1], [2, 4, 5, 2], [10, 8, 2, 3], [9, 4, 9, 4], [0, 8, 1, 9], [4, 1, 0, 0], [3, 2, 1, 3], [5, 0, 8, 2], [1, 9, 2, 2], [3, 7, 2, 2],
[5, 4, 4, 3], [6, 2, 5, 6], [9, 4, 2, 0], [4, 3, 0, 5], [5, 2, 7, 0], [2, 2, 0, 1], [1, 2, 3, 2], [10, 3, 2, 2], [7, 4, 3, 2], [5, 6, 9, 3],
[8, 0, 3, 1], [1, 2, 5, 7], [2, 1, 5, 2], [3, 5, 1, 2], [6, 3, 4, 5], [6, 7, 5, 3], [0, 6, 3, 5], [1, 1, 6, 7], [0, 8, 9, 10], [8, 3, 6, 10],
[2, 9, 1, 5], [4, 2, 6, 10], [5, 10, 2, 10], [4, 5, 2, 3], [0, 5, 6, 10], [5, 2, 6, 3], [8, 2, 2, 5], [3, 7, 4, 5], [5, 3, 9, 9], [3, 4, 6, 7],
[1, 6, 6, 6], [0, 6, 9, 9], [9, 4, 6, 1], [4, 2, 4, 1], [2, 5, 4, 6], [1, 8, 0, 6], [9, 7, 3, 0], [0, 7, 7, 2], [3, 0, 6, 1], [6, 2, 0, 2],
[4, 6, 4, 7], [6, 8, 6, 9], [2, 0, 2, 1], [6, 0, 8, 5], [8, 0, 5, 8], [7, 10, 8, 8], [10, 1, 10, 3], [3, 10, 5, 6], [3, 7, 2, 8], [5, 8, 4, 5],
[8, 6, 7, 4], [6, 2, 7, 1], [0, 1, 10, 5], [9, 5, 3, 6], [7, 0, 9, 8], [8, 1, 3, 0], [9, 5, 6, 1], [1, 10, 4, 9], [3, 9, 0, 8], [0, 7, 9, 9],
[6, 6, 4, 4], [1, 5, 10, 6], [5, 6, 1, 2], [8, 5, 0, 4], [8, 7, 5, 9], [4, 9, 6, 6], [8, 6, 3, 6], [3, 1, 5, 7], [6, 7, 1, 7], [1, 9, 0, 4],
[3, 1, 6, 9], [4, 6, 2, 2], [0, 5, 9, 3], [3, 4, 9, 9], [0, 1, 3, 1], [0, 6, 8, 6], [2, 7, 0, 1], [4, 9, 5, 7], [0, 9, 5, 4], [4, 7, 4, 3],
[1, 3, 6, 2], [5, 4, 10, 3], [3, 0, 4, 3], [6, 0, 8, 6], [7, 8, 7, 0], [7, 10, 7, 5], [8, 10, 7, 10], [6, 1, 2, 5], [2, 6, 6, 7], [10, 5, 9, 0],
[3, 2, 2, 9], [2, 10, 2, 8], [5, 9, 8, 10], [6, 3, 4, 3], [2, 10, 2, 7], [9, 3, 1, 0], [9, 7, 5, 7], [10, 3, 7, 2], [4, 7, 9, 4], [6, 0, 1, 10],
[7, 10, 9, 2], [0, 1, 3, 2], [0, 4, 7, 7], [7, 9, 7, 3], [3, 10, 8, 1], [1, 3, 3, 5], [10, 2, 9, 4], [0, 9, 3, 8], [8, 1, 10, 6], [0, 1, 6, 9],
[5, 3, 5, 10], [1, 10, 0, 2], [10, 9, 3, 9], [10, 5, 1, 9], [7, 8, 2, 5], [6, 3, 2, 1], [5, 0, 7, 3], [1, 3, 2, 4], [6, 7, 3, 5], [7, 3, 7, 4],
[10, 9, 0, 9], [3, 1, 6, 10], [7, 6, 2, 3], [10, 5, 4, 2], [3, 10, 5, 4], [0, 5, 6, 6], [0, 9, 9, 5], [10, 5, 7, 8], [3, 7, 4, 6], [6, 8, 3, 2],
[4, 6, 3, 1], [9, 6, 1, 1], [5, 4, 3, 5], [10, 9, 9, 10], [5, 7, 4, 2], [10, 0, 10, 1], [5, 2, 7, 0], [10, 9, 0, 1], [2, 4, 2, 0], [10, 3, 10, 2],
[8, 2, 5, 5], [0, 3, 4, 5], [8, 6, 5, 5], [4, 5, 6, 9], [7, 1, 7, 4], [10, 7, 6, 10], [0, 6, 8, 8], [10, 7, 10, 5], [7, 2, 10, 7], [3, 1, 10, 0],
[5, 4, 6, 9], [7, 1, 5, 1], [0, 1, 6, 8], [6, 10, 7, 5], [5, 4, 2, 4], [9, 0, 7, 5], [2, 4, 10, 6], [3, 7, 4, 8], [10, 8, 4, 6], [10, 9, 6, 8],
[8, 1, 6, 4], [9, 2, 9, 3], [5, 9, 6, 3], [9, 2, 7, 10], [5, 6, 3, 8], [3, 7, 4, 2], [5, 8, 6, 2], [7, 1, 10, 2], [0, 5, 6, 9], [6, 2, 2, 9]]
[1, 1, 1, 1, 1, 0.2, 0.2, 0.2, 0.2, 0.2,
0.2, 0.2, 0.2, 0.2, 0.2, 0.2, 0.2, 0.2, 0.2, 0.2,
0.2, 0.2, 0.2, 0.2, 0.2, 0.2, 0.2, 0.2, 0.2, 0.2,
0.04, 0.04, 0.04, 0.04, 0.04, 0.04, 0.04, 0.04, 0.04, 0.04,
0.04, 0.04, 0.04, 0.04, 0.04, 0.04, 0.04, 0.04, 0.04, 0.04,
0.04, 0.04, 0.04, 0.04, 0.04, 0.008, 0.008, 0.008, 0.008, 0.008,
0.008, 0.008, 0.008, 0.008, 0.008, 0.008, 0.008, 0.008, 0.008, 0.008,
0.008, 0.008, 0.008, 0.008, 0.008, 0.008, 0.008, 0.008, 0.008, 0.008,
0.0016, 0.0016, 0.0016, 0.0016, 0.0016, 0.0016, 0.0016, 0.0016, 0.0016, 0.0016,
0.0016, 0.0016, 0.0016, 0.0016, 0.0016, 0.0016, 0.0016, 0.0016, 0.0016, 0.0016,
0.0016, 0.0016, 0.0016, 0.0016, 0.0016, 0.00032, 0.00032, 0.00032, 0.00032, 0.00032,
0.00032, 0.00032, 0.00032, 0.00032, 0.00032, 0.00032, 0.00032, 0.00032, 0.00032, 0.00032,
0.00032, 0.00032, 0.00032, 0.00032, 0.00032, 0.00032, 0.00032, 0.00032, 0.00032, 0.00032,
6.4e-05, 6.4e-05, 6.4e-05, 6.4e-05, 6.4e-05, 6.4e-05, 6.4e-05, 6.4e-05, 6.4e-05, 6.4e-05,
6.4e-05, 6.4e-05, 6.4e-05, 6.4e-05, 6.4e-05, 6.4e-05, 6.4e-05, 6.4e-05, 6.4e-05, 6.4e-05,
6.4e-05, 6.4e-05, 6.4e-05, 6.4e-05, 6.4e-05, 1.28e-05, 1.28e-05, 1.28e-05, 1.28e-05, 1.28e-05,
1.28e-05, 1.28e-05, 1.28e-05, 1.28e-05, 1.28e-05, 1.28e-05, 1.28e-05, 1.28e-05, 1.28e-05, 1.28e-05,
1.28e-05, 1.28e-05, 1.28e-05, 1.28e-05, 1.28e-05, 1.28e-05, 1.28e-05, 1.28e-05, 1.28e-05, 1.28e-05]
[4, 5, 6, 9, 9, 7, 0, 1, 3, 5,
9, 8, 0, 2, 7, 6, 0, 7, 3, 5,
2, 6, 1, 3, 6, 7, 7, 4, 6, 2,
0, 6, 1, 8, 4, 1, 8, 1, 5, 9,
7, 8, 4, 5, 5, 7, 7, 8, 1, 5,
3, 4, 5, 5, 4, 3, 3, 9, 9, 9,
5, 2, 1, 4, 0, 1, 9, 8, 3, 7,
0, 2, 7, 2, 1, 4, 1, 2, 0, 7,
0, 9, 6, 6, 5, 8, 9, 2, 5, 6,
9, 6, 9, 4, 8, 5, 2, 0, 4, 7,
4, 6, 1, 1, 6, 6, 0, 7, 2, 5,
5, 1, 7, 6, 0, 2, 5, 0, 2, 5,
3, 5, 6, 6, 5, 2, 4, 1, 7, 4,
5, 5, 0, 0, 1, 2, 1, 1, 1, 9,
1, 1, 6, 8, 6, 4, 4, 6, 9, 8,
6, 8, 9, 7, 9, 2, 9, 9, 2, 3,
1, 2, 0, 3, 7, 4, 5, 4, 6, 0,
2, 9, 8, 2, 5, 1, 5, 7, 4, 9]
------------------------------------------------------- 
# stage = 8	# children c = 5	length of each stage p = 5	nodes = 179	# items I = 1
