[71, 84, 23, 74, 39, 81, 81, 90, 2, 77,
27, 1, 22, 12, 51, 29, 47, 45, 24, 20,
20, 52, 7]
[[809, 169, 126], [847, 862, 721], [199, 52, 169], [794, 699, 594], [326, 788, 421], [455, 58, 218], [402, 280, 61], [738, 239, 175], [929, 535, 475], [609, 494, 646],
[725, 363, 748], [851, 202, 670], [565, 402, 654], [734, 188, 413], [320, 514, 193], [742, 901, 251], [892, 364, 532], [885, 162, 703], [120, 83, 230], [528, 692, 725],
[166, 409, 80], [914, 253, 283], [644, 818, 617]]
[[0, 3, 0, 6], [5, 9, 4, 7], [1, 3, 5, 8], [5, 5, 9, 0], [7, 9, 9, 0], [8, 9, 7, 1], [7, 1, 6, 6], [2, 5, 2, 0], [9, 3, 4, 3], [10, 8, 8, 10],
[0, 0, 7, 6], [3, 3, 4, 0], [1, 2, 9, 7], [1, 5, 8, 6], [6, 4, 1, 8], [7, 4, 6, 5], [5, 10, 6, 2], [8, 1, 1, 6], [10, 8, 10, 3], [0, 4, 1, 10],
[4, 10, 4, 3], [5, 2, 9, 0], [4, 0, 7, 0]]
[1, 0.5, 0.5, 0.25, 0.25, 0.125, 0.125, 0.0625, 0.0625, 0.03125,
0.03125, 0.015625, 0.015625, 0.0078125, 0.0078125, 0.00390625, 0.00390625, 0.00195312, 0.00195312, 0.000976562,
0.000976562, 0.000488281, 0.000488281]
[16, 15, 1, 8, 9, 6, 13, 11, 15, 10,
6, 6, 13, 0, 17, 14, 6, 9, 10, 15,
14, 7, 3]
------------------------------------------------------- 
# stage = 12	# children c = 2	length of each stage p = 1	nodes = 22	# items I = 1
