[42, 22, 34, 94, 37, 41, 94, 21, 86, 61,
22, 75, 33, 58, 9, 61, 8, 35, 61, 100,
18, 32, 37, 74, 7, 45, 17, 86, 8, 74,
42, 50, 96, 76, 43, 100, 83, 36, 87, 69,
63, 9, 9, 63, 67, 18, 23, 76, 53, 50,
41, 72, 48, 45, 11, 55, 56, 29, 41, 64,
69, 49, 14, 65, 92, 23, 30, 74, 26, 16,
8, 89, 25, 17, 51, 59, 36, 40, 0, 55]
[[1782, 614, 1199], [667, 360, 628], [1392, 877, 1494], [1957, 751, 550], [567, 1779, 1944], [30, 156, 1890], [1378, 35, 1780], [1656, 1318, 177], [1830, 114, 771], [480, 1007, 1083],
[1317, 828, 1697], [164, 1104, 1665], [792, 535, 581], [325, 532, 1332], [876, 1099, 1151], [467, 737, 915], [396, 1724, 950], [1784, 1027, 307], [1569, 897, 30], [1949, 985, 1037],
[1071, 342, 1865], [416, 506, 1008], [120, 1298, 1152], [702, 1232, 1684], [1642, 147, 430], [440, 614, 776], [1355, 619, 147], [345, 50, 1174], [260, 1620, 110], [290, 1608, 704],
[1327, 326, 1046], [840, 742, 1552], [1456, 471, 497], [647, 781, 1729], [1939, 462, 1876], [17, 903, 138], [793, 297, 365], [940, 250, 415], [1722, 511, 74], [1441, 801, 1290],
[184, 1737, 1617], [1230, 224, 6], [429, 1288, 477], [926, 1544, 1258], [695, 1522, 1721], [218, 1539, 271], [1925, 1940, 176], [329, 527, 427], [353, 289, 938], [35, 1730, 1347],
[934, 1522, 731], [590, 791, 955], [596, 1220, 283], [1074, 1754, 1827], [1940, 488, 996], [1308, 315, 183], [1579, 1848, 162], [1756, 1786, 298], [1791, 178, 195], [768, 1782, 1533],
[1723, 755, 1094], [494, 1345, 1493], [1057, 1550, 752], [948, 271, 153], [422, 250, 250], [1419, 1559, 565], [1210, 785, 452], [980, 188, 277], [1278, 18, 63], [1473, 786, 1846],
[653, 157, 248], [1747, 259, 1594], [1279, 1316, 791], [1639, 304, 1062], [1793, 334, 920], [82, 1753, 126], [255, 1002, 520], [315, 1591, 708], [201, 908, 727], [264, 29, 1121]]
[[7, 3, 7, 5], [10, 5, 6, 1], [7, 1, 8, 1], [6, 8, 10, 6], [3, 5, 7, 1], [3, 1, 3, 3], [4, 8, 0, 1], [0, 4, 7, 7], [6, 4, 2, 5], [7, 6, 7, 3],
[7, 2, 2, 2], [8, 2, 9, 0], [5, 3, 2, 6], [2, 5, 10, 4], [0, 8, 5, 0], [0, 0, 8, 6], [4, 8, 9, 9], [3, 3, 1, 8], [5, 1, 10, 2], [3, 6, 1, 7],
[9, 3, 2, 1], [6, 1, 5, 4], [8, 9, 5, 8], [9, 0, 3, 0], [6, 10, 9, 7], [3, 10, 4, 8], [9, 1, 9, 2], [8, 10, 7, 4], [0, 9, 3, 4], [9, 9, 8, 6],
[5, 0, 1, 3], [9, 2, 3, 4], [1, 1, 9, 4], [9, 0, 0, 7], [2, 9, 7, 8], [6, 3, 1, 6], [0, 5, 10, 9], [1, 5, 4, 6], [6, 3, 7, 4], [5, 8, 7, 6],
[9, 5, 0, 5], [4, 0, 10, 6], [7, 5, 1, 2], [6, 2, 8, 6], [5, 5, 2, 4], [10, 6, 8, 5], [9, 4, 8, 3], [1, 4, 8, 8], [7, 8, 0, 0], [6, 9, 4, 2],
[3, 5, 2, 7], [8, 10, 3, 0], [2, 5, 5, 1], [10, 2, 5, 6], [5, 2, 8, 4], [6, 5, 2, 2], [0, 2, 1, 4], [0, 5, 6, 1], [0, 8, 9, 6], [5, 10, 6, 5],
[2, 9, 6, 1], [10, 9, 6, 4], [0, 1, 6, 4], [6, 8, 5, 4], [9, 6, 8, 7], [0, 1, 9, 9], [7, 5, 4, 1], [4, 9, 6, 6], [5, 10, 6, 4], [9, 10, 6, 7],
[0, 2, 1, 4], [8, 4, 8, 6], [8, 3, 3, 6], [4, 10, 5, 0], [2, 9, 10, 6], [5, 3, 10, 0], [0, 3, 4, 7], [2, 9, 4, 2], [0, 3, 4, 6], [7, 1, 2, 4]]
[1, 1, 1, 1, 1, 0.333333, 0.333333, 0.333333, 0.333333, 0.333333,
0.333333, 0.333333, 0.333333, 0.333333, 0.333333, 0.333333, 0.333333, 0.333333, 0.333333, 0.333333,
0.111111, 0.111111, 0.111111, 0.111111, 0.111111, 0.111111, 0.111111, 0.111111, 0.111111, 0.111111,
0.111111, 0.111111, 0.111111, 0.111111, 0.111111, 0.037037, 0.037037, 0.037037, 0.037037, 0.037037,
0.037037, 0.037037, 0.037037, 0.037037, 0.037037, 0.037037, 0.037037, 0.037037, 0.037037, 0.037037,
0.0123457, 0.0123457, 0.0123457, 0.0123457, 0.0123457, 0.0123457, 0.0123457, 0.0123457, 0.0123457, 0.0123457,
0.0123457, 0.0123457, 0.0123457, 0.0123457, 0.0123457, 0.00411523, 0.00411523, 0.00411523, 0.00411523, 0.00411523,
0.00411523, 0.00411523, 0.00411523, 0.00411523, 0.00411523, 0.00411523, 0.00411523, 0.00411523, 0.00411523, 0.00411523]
[1, 0, 10, 15, 11, 4, 4, 0, 12, 14,
6, 3, 1, 8, 19, 19, 15, 11, 10, 3,
10, 14, 16, 17, 2, 17, 4, 9, 5, 7,
13, 1, 18, 6, 15, 6, 8, 11, 7, 17,
3, 9, 7, 18, 17, 13, 3, 2, 10, 14,
2, 3, 12, 0, 7, 9, 4, 19, 10, 19,
14, 13, 18, 3, 16, 7, 9, 2, 17, 13,
11, 16, 18, 10, 16, 19, 14, 11, 19, 14]
------------------------------------------------------- 
# stage = 6	# children c = 3	length of each stage p = 5	nodes = 79	# items I = 1
