[82, 83, 47, 78, 31, 11, 87, 48, 4, 94,
97, 92, 11, 81, 32, 96, 70, 89, 78, 64,
97, 54, 87, 44, 42, 32, 78, 67, 41, 43,
19, 23, 92, 66, 67, 23, 43, 53, 37, 47,
13, 100, 5, 91, 80, 37, 86, 50, 93, 29,
80, 89, 83, 32, 100, 91, 64, 77, 57, 5,
86, 42, 95, 78, 75, 61, 67, 17, 80, 70,
31, 59, 69, 36, 49, 14, 39, 0, 64, 31,
29, 9, 87, 78, 42, 86, 68, 72, 28, 92,
43, 14, 33, 37, 58, 74, 64, 24, 92, 44,
60, 22, 2, 28, 24, 18, 42, 63, 18, 73]
[[212, 198, 36], [997, 599, 406], [561, 241, 776], [648, 764, 528], [407, 46, 132], [514, 640, 719], [209, 761, 976], [855, 61, 548], [389, 411, 357], [644, 575, 319],
[211, 788, 518], [247, 307, 674], [653, 868, 472], [987, 38, 793], [480, 445, 839], [169, 960, 444], [888, 726, 763], [386, 546, 824], [934, 493, 792], [257, 102, 333],
[133, 313, 678], [208, 117, 985], [439, 328, 376], [911, 280, 414], [669, 317, 417], [30, 43, 934], [475, 488, 625], [203, 874, 729], [584, 774, 187], [341, 588, 881],
[231, 278, 752], [466, 487, 869], [417, 926, 754], [350, 360, 1034], [321, 586, 908], [738, 617, 951], [637, 57, 404], [820, 852, 244], [514, 993, 575], [258, 891, 720],
[104, 680, 998], [856, 111, 450], [248, 85, 934], [1002, 435, 259], [559, 314, 845], [432, 17, 427], [349, 212, 41], [310, 1032, 450], [111, 68, 408], [686, 326, 265],
[371, 1022, 945], [335, 401, 613], [342, 649, 699], [241, 616, 691], [57, 140, 1005], [903, 130, 580], [887, 479, 792], [486, 346, 346], [936, 458, 1006], [902, 109, 889],
[132, 38, 876], [634, 965, 242], [212, 272, 448], [468, 71, 30], [125, 128, 762], [95, 588, 892], [232, 441, 928], [1024, 927, 240], [927, 385, 698], [455, 252, 364],
[309, 976, 402], [743, 575, 924], [542, 345, 162], [991, 813, 233], [578, 495, 953], [897, 148, 507], [755, 380, 505], [648, 962, 989], [445, 411, 339], [700, 867, 592],
[622, 733, 90], [1024, 441, 223], [914, 541, 568], [633, 54, 938], [423, 632, 991], [341, 494, 104], [405, 806, 41], [910, 1012, 1003], [864, 422, 380], [761, 680, 804],
[318, 267, 502], [1000, 848, 501], [188, 284, 599], [756, 917, 653], [217, 305, 842], [173, 204, 893], [869, 609, 222], [910, 485, 199], [436, 906, 178], [373, 632, 858],
[142, 507, 90], [201, 473, 939], [259, 661, 188], [858, 975, 71], [33, 749, 968], [875, 479, 729], [291, 313, 304], [513, 780, 346], [712, 181, 809], [890, 554, 407]]
[[10, 5, 2, 6], [3, 8, 8, 10], [9, 4, 5, 6], [3, 7, 5, 8], [8, 2, 7, 7], [7, 1, 8, 3], [7, 4, 5, 8], [10, 3, 8, 7], [8, 10, 0, 10], [6, 8, 9, 4],
[0, 1, 10, 3], [8, 2, 1, 3], [3, 6, 10, 10], [8, 5, 0, 4], [7, 5, 10, 5], [9, 5, 1, 4], [3, 2, 1, 9], [8, 8, 0, 8], [9, 8, 10, 5], [0, 0, 8, 1],
[4, 6, 0, 1], [0, 1, 4, 6], [6, 1, 0, 2], [5, 1, 5, 8], [1, 6, 4, 10], [2, 4, 5, 0], [10, 4, 5, 8], [2, 1, 9, 7], [7, 10, 6, 5], [9, 8, 0, 2],
[8, 9, 3, 2], [9, 8, 8, 10], [1, 1, 7, 3], [3, 2, 2, 0], [4, 5, 9, 7], [6, 7, 1, 0], [4, 7, 4, 2], [3, 2, 5, 0], [1, 8, 2, 10], [3, 8, 7, 2],
[7, 4, 4, 8], [6, 4, 8, 8], [9, 6, 4, 3], [3, 5, 1, 5], [0, 5, 8, 3], [8, 0, 1, 7], [6, 1, 6, 9], [9, 2, 9, 5], [6, 0, 2, 10], [4, 8, 6, 1],
[4, 10, 2, 5], [3, 1, 10, 1], [7, 5, 4, 2], [5, 3, 9, 0], [4, 2, 7, 2], [4, 4, 5, 9], [4, 5, 6, 7], [2, 1, 6, 4], [10, 8, 7, 2], [9, 7, 1, 3],
[10, 3, 3, 5], [6, 1, 3, 10], [3, 0, 1, 6], [2, 4, 2, 4], [9, 8, 0, 9], [8, 4, 3, 7], [10, 10, 7, 9], [4, 8, 10, 4], [0, 3, 7, 6], [2, 10, 5, 4],
[8, 4, 10, 8], [6, 10, 2, 2], [7, 0, 0, 4], [5, 1, 0, 4], [10, 5, 0, 3], [2, 0, 5, 0], [1, 1, 6, 1], [10, 9, 5, 5], [0, 2, 3, 6], [1, 5, 6, 9],
[5, 7, 0, 8], [8, 10, 2, 7], [4, 2, 9, 5], [0, 1, 5, 1], [3, 1, 1, 0], [8, 6, 5, 7], [7, 6, 0, 8], [9, 7, 4, 2], [3, 5, 10, 9], [2, 1, 4, 6],
[2, 0, 0, 2], [1, 6, 2, 2], [5, 3, 2, 0], [7, 6, 7, 3], [1, 8, 1, 9], [4, 5, 0, 5], [8, 10, 3, 8], [1, 5, 2, 3], [5, 2, 3, 7], [6, 5, 9, 9],
[6, 10, 10, 3], [5, 6, 6, 4], [1, 5, 2, 5], [9, 2, 10, 4], [2, 1, 2, 1], [6, 4, 2, 1], [4, 3, 6, 9], [9, 2, 5, 2], [1, 4, 5, 6], [9, 10, 9, 8]]
[1, 1, 1, 1, 1, 0.333333, 0.333333, 0.333333, 0.333333, 0.333333,
0.333333, 0.333333, 0.333333, 0.333333, 0.333333, 0.333333, 0.333333, 0.333333, 0.333333, 0.333333,
0.111111, 0.111111, 0.111111, 0.111111, 0.111111, 0.111111, 0.111111, 0.111111, 0.111111, 0.111111,
0.111111, 0.111111, 0.111111, 0.111111, 0.111111, 0.037037, 0.037037, 0.037037, 0.037037, 0.037037,
0.037037, 0.037037, 0.037037, 0.037037, 0.037037, 0.037037, 0.037037, 0.037037, 0.037037, 0.037037,
0.0123457, 0.0123457, 0.0123457, 0.0123457, 0.0123457, 0.0123457, 0.0123457, 0.0123457, 0.0123457, 0.0123457,
0.0123457, 0.0123457, 0.0123457, 0.0123457, 0.0123457, 0.00411523, 0.00411523, 0.00411523, 0.00411523, 0.00411523,
0.00411523, 0.00411523, 0.00411523, 0.00411523, 0.00411523, 0.00411523, 0.00411523, 0.00411523, 0.00411523, 0.00411523,
0.00137174, 0.00137174, 0.00137174, 0.00137174, 0.00137174, 0.00137174, 0.00137174, 0.00137174, 0.00137174, 0.00137174,
0.00137174, 0.00137174, 0.00137174, 0.00137174, 0.00137174, 0.000457247, 0.000457247, 0.000457247, 0.000457247, 0.000457247,
0.000457247, 0.000457247, 0.000457247, 0.000457247, 0.000457247, 0.000457247, 0.000457247, 0.000457247, 0.000457247, 0.000457247]
[5, 10, 5, 5, 6, 0, 8, 7, 9, 9,
6, 3, 7, 4, 8, 6, 0, 9, 1, 1,
2, 7, 9, 2, 7, 7, 0, 5, 9, 5,
6, 5, 5, 9, 3, 1, 10, 3, 10, 1,
10, 4, 7, 4, 8, 9, 9, 9, 3, 7,
5, 10, 4, 1, 2, 8, 7, 10, 9, 6,
2, 9, 7, 1, 10, 4, 6, 8, 10, 1,
7, 1, 6, 5, 3, 8, 6, 2, 7, 8,
2, 1, 0, 4, 5, 1, 8, 3, 0, 4,
10, 6, 4, 1, 1, 5, 9, 6, 2, 7,
0, 5, 7, 7, 2, 8, 0, 0, 9, 2]
------------------------------------------------------- 
# stage = 8	# children c = 3	length of each stage p = 5	nodes = 109	# items I = 1
