[53, 93, 13, 15, 45, 67, 79, 91, 24, 13,
3, 75, 21, 49, 51, 85, 47, 100, 30, 76]
[[784, 1068, 349], [800, 48, 664], [1042, 689, 1065], [261, 1550, 1064], [633, 479, 510], [729, 1272, 1178], [859, 866, 775], [888, 1463, 424], [330, 416, 84], [431, 101, 1008],
[166, 605, 214], [235, 1124, 262], [899, 304, 670], [103, 566, 639], [886, 918, 837], [1396, 1367, 247], [713, 645, 1114], [1488, 1533, 996], [50, 282, 1132], [135, 433, 952]]
[[5, 3, 7, 9], [7, 3, 5, 4], [4, 10, 9, 4], [4, 8, 6, 7], [1, 5, 8, 2], [8, 9, 1, 0], [3, 2, 5, 3], [9, 0, 4, 4], [3, 9, 0, 0], [1, 3, 2, 5],
[0, 9, 9, 5], [7, 2, 1, 8], [5, 9, 8, 0], [5, 9, 1, 8], [0, 6, 1, 10], [6, 3, 1, 7], [1, 1, 5, 0], [2, 8, 3, 3], [6, 0, 8, 0], [2, 9, 8, 8]]
[1, 1, 0.333333, 0.333333, 0.333333, 0.333333, 0.333333, 0.333333, 0.111111, 0.111111,
0.111111, 0.111111, 0.111111, 0.111111, 0.037037, 0.037037, 0.037037, 0.037037, 0.037037, 0.037037]
[9, 12, 15, 9, 12, 9, 2, 13, 5, 7,
2, 3, 1, 12, 11, 14, 14, 9, 1, 6]
------------------------------------------------------- 
# stage = 4	# children c = 3	length of each stage p = 2	nodes = 19	# items I = 1
