[33, 49, 93, 10, 21, 25, 86, 55, 72, 26,
98, 12, 30, 6, 37, 33, 24, 42, 41, 69,
99, 24, 82]
[[1532, 639, 1036], [1930, 1112, 1890], [418, 397, 805], [1714, 1898, 882], [312, 1788, 436], [543, 1042, 956], [145, 1037, 330], [300, 575, 1577], [925, 1146, 38], [200, 396, 256],
[168, 1928, 1148], [1457, 145, 278], [1618, 563, 675], [440, 548, 590], [1575, 860, 648], [282, 1656, 1943], [1238, 1801, 998], [1821, 371, 1826], [1416, 1297, 989], [1707, 1750, 1639],
[233, 1918, 1837], [1381, 1393, 0], [1659, 1028, 816]]
[[6, 10, 7, 8], [9, 1, 3, 5], [3, 1, 2, 3], [0, 0, 2, 9], [6, 3, 6, 10], [2, 5, 1, 1], [1, 3, 9, 1], [7, 6, 4, 1], [5, 9, 9, 4], [0, 10, 7, 3],
[9, 7, 5, 10], [6, 5, 6, 1], [7, 1, 0, 9], [7, 0, 10, 6], [3, 8, 8, 10], [4, 10, 9, 7], [9, 6, 9, 7], [5, 6, 8, 4], [0, 2, 1, 6], [6, 7, 6, 2],
[9, 4, 0, 3], [4, 0, 9, 7], [6, 4, 5, 10]]
[1, 0.5, 0.5, 0.25, 0.25, 0.125, 0.125, 0.0625, 0.0625, 0.03125,
0.03125, 0.015625, 0.015625, 0.0078125, 0.0078125, 0.00390625, 0.00390625, 0.00195312, 0.00195312, 0.000976562,
0.000976562, 0.000488281, 0.000488281]
[2, 1, 5, 9, 15, 0, 18, 15, 17, 10,
13, 8, 8, 8, 8, 13, 7, 1, 9, 10,
16, 2, 4]
------------------------------------------------------- 
# stage = 12	# children c = 2	length of each stage p = 1	nodes = 22	# items I = 1
