[63, 14, 7, 47, 69, 88, 52, 24, 31, 67,
86, 30, 36, 58, 37, 75, 95, 1, 3, 97,
74, 47, 18, 66, 53, 76, 26, 75, 91, 12,
24, 20, 93, 31, 67, 61, 85, 85, 85]
[[106, 1363, 1321], [213, 2063, 391], [553, 110, 107], [2051, 256, 1598], [2172, 95, 1896], [2325, 1830, 979], [1913, 625, 4], [1990, 1483, 544], [1207, 1581, 462], [2196, 1944, 1624],
[1311, 801, 1737], [304, 2093, 1472], [1774, 318, 1582], [1881, 1119, 588], [2229, 962, 683], [546, 958, 1263], [1525, 542, 638], [1530, 1282, 2121], [824, 161, 123], [36, 1107, 818],
[410, 90, 369], [2148, 394, 133], [41, 918, 451], [373, 1550, 1570], [961, 1450, 1282], [395, 1997, 2240], [1658, 1193, 1533], [1047, 1473, 1565], [1918, 1048, 1726], [2042, 1084, 505],
[531, 1495, 1674], [1979, 64, 2068], [2112, 105, 657], [1314, 478, 2207], [555, 1439, 79], [588, 584, 2076], [1578, 993, 2019], [782, 2040, 1164], [19, 1629, 2212]]
[[4, 0, 8, 4], [4, 7, 2, 4], [8, 5, 0, 10], [9, 6, 9, 6], [8, 5, 9, 10], [3, 5, 2, 4], [10, 2, 0, 4], [10, 8, 3, 3], [8, 9, 8, 10], [5, 8, 3, 2],
[0, 3, 1, 9], [7, 10, 4, 4], [2, 0, 2, 4], [3, 4, 6, 0], [4, 7, 5, 3], [4, 6, 5, 0], [4, 0, 8, 7], [8, 10, 10, 8], [0, 9, 4, 8], [7, 6, 10, 7],
[7, 10, 0, 8], [3, 5, 7, 6], [10, 1, 9, 1], [5, 3, 10, 9], [1, 8, 5, 9], [7, 2, 4, 5], [10, 8, 2, 6], [4, 0, 2, 9], [10, 1, 4, 1], [6, 0, 7, 3],
[10, 3, 4, 4], [5, 4, 0, 6], [10, 4, 5, 4], [4, 9, 9, 3], [5, 10, 9, 7], [10, 10, 3, 7], [0, 7, 8, 4], [6, 2, 7, 5], [6, 9, 8, 0]]
[1, 0.5, 0.5, 0.25, 0.25, 0.125, 0.125, 0.0625, 0.0625, 0.03125,
0.03125, 0.015625, 0.015625, 0.0078125, 0.0078125, 0.00390625, 0.00390625, 0.00195312, 0.00195312, 0.000976562,
0.000976562, 0.000488281, 0.000488281, 0.000244141, 0.000244141, 0.00012207, 0.00012207, 6.10352e-05, 6.10352e-05, 3.05176e-05,
3.05176e-05, 1.52588e-05, 1.52588e-05, 7.62939e-06, 7.62939e-06, 3.8147e-06, 3.8147e-06, 1.90735e-06, 1.90735e-06]
[17, 10, 4, 0, 19, 5, 7, 17, 0, 22,
19, 9, 20, 21, 13, 2, 14, 8, 9, 18,
20, 7, 10, 23, 18, 12, 17, 1, 5, 8,
14, 16, 15, 23, 17, 12, 10, 9, 21]
------------------------------------------------------- 
# stage = 20	# children c = 2	length of each stage p = 1	nodes = 38	# items I = 1
