[51, 30, 16, 37, 37, 89, 84, 55, 17, 35,
37, 59, 91, 9, 49, 84, 89, 68, 75, 24,
55, 82, 30, 98, 22, 63, 41, 57, 71, 86,
55, 88, 82, 72, 24, 18, 26, 7, 74, 43,
43, 77, 68, 33, 87, 84, 83, 41, 51, 57,
66, 5, 4, 96, 69, 26, 58, 9]
[[582, 1226, 1784], [405, 1785, 1352], [591, 902, 1315], [1354, 161, 1364], [250, 677, 1662], [1533, 855, 1048], [972, 1767, 1371], [197, 1447, 1513], [1307, 1689, 1259], [236, 778, 1343],
[1365, 1361, 1505], [292, 702, 1496], [1644, 1293, 1334], [1165, 1584, 1495], [1465, 40, 1108], [269, 509, 899], [1317, 417, 873], [895, 614, 526], [614, 858, 421], [810, 1094, 135],
[1089, 1396, 1496], [800, 1688, 1135], [502, 1538, 634], [42, 1639, 424], [473, 246, 1194], [1582, 516, 1703], [687, 769, 327], [496, 600, 1671], [1752, 151, 735], [1109, 961, 766],
[1245, 256, 368], [1677, 1056, 992], [1018, 494, 736], [589, 1266, 1311], [1743, 1739, 1557], [1144, 1527, 1009], [1783, 1151, 1779], [1046, 583, 585], [924, 542, 736], [595, 1651, 1697],
[1361, 38, 889], [665, 1716, 881], [1657, 1670, 1375], [1329, 465, 1577], [846, 1145, 1523], [1340, 1225, 192], [555, 150, 279], [540, 1197, 863], [62, 1057, 1405], [798, 1652, 198],
[1432, 1220, 237], [1257, 91, 159], [345, 685, 765], [656, 220, 167], [440, 1067, 1312], [899, 613, 743], [1091, 104, 1623], [1371, 645, 1026]]
[[1, 10, 1, 6], [0, 4, 4, 2], [4, 7, 6, 8], [9, 10, 7, 1], [3, 6, 9, 8], [8, 5, 6, 4], [4, 6, 3, 7], [4, 1, 6, 5], [1, 7, 0, 10], [1, 3, 2, 3],
[10, 6, 0, 8], [5, 5, 7, 8], [1, 3, 3, 7], [7, 9, 0, 0], [3, 3, 5, 7], [2, 0, 10, 1], [8, 8, 1, 7], [0, 1, 10, 10], [7, 8, 6, 1], [2, 2, 7, 1],
[4, 10, 8, 0], [7, 6, 9, 10], [7, 3, 4, 10], [4, 3, 0, 10], [0, 10, 4, 1], [0, 3, 0, 7], [9, 4, 6, 0], [5, 2, 2, 9], [2, 8, 9, 7], [4, 5, 6, 9],
[8, 10, 8, 10], [0, 7, 9, 0], [6, 2, 1, 7], [3, 0, 3, 1], [4, 8, 0, 9], [10, 2, 7, 10], [8, 3, 6, 10], [6, 10, 9, 4], [9, 4, 3, 7], [0, 0, 8, 7],
[0, 9, 1, 2], [7, 2, 3, 1], [10, 1, 8, 8], [1, 3, 7, 10], [4, 1, 7, 0], [0, 5, 4, 8], [8, 5, 4, 6], [3, 1, 0, 4], [9, 1, 6, 5], [4, 7, 4, 1],
[9, 2, 9, 8], [3, 4, 7, 7], [5, 4, 5, 5], [7, 9, 2, 2], [2, 7, 9, 5], [6, 9, 7, 4], [0, 0, 8, 2], [6, 10, 3, 2]]
[1, 0.333333, 0.333333, 0.333333, 0.111111, 0.111111, 0.111111, 0.037037, 0.037037, 0.037037,
0.0123457, 0.0123457, 0.0123457, 0.00411523, 0.00411523, 0.00411523, 0.00137174, 0.00137174, 0.00137174, 0.000457247,
0.000457247, 0.000457247, 0.000152416, 0.000152416, 0.000152416, 5.08053e-05, 5.08053e-05, 5.08053e-05, 1.69351e-05, 1.69351e-05,
1.69351e-05, 5.64503e-06, 5.64503e-06, 5.64503e-06, 1.88168e-06, 1.88168e-06, 1.88168e-06, 6.27225e-07, 6.27225e-07, 6.27225e-07,
2.09075e-07, 2.09075e-07, 2.09075e-07, 6.96917e-08, 6.96917e-08, 6.96917e-08, 2.32306e-08, 2.32306e-08, 2.32306e-08, 7.74352e-09,
7.74352e-09, 7.74352e-09, 2.58117e-09, 2.58117e-09, 2.58117e-09, 8.60392e-10, 8.60392e-10, 8.60392e-10]
[17, 5, 16, 5, 8, 3, 10, 7, 9, 0,
8, 1, 9, 2, 10, 16, 2, 15, 14, 2,
1, 0, 10, 16, 5, 5, 2, 4, 2, 3,
2, 16, 2, 3, 11, 17, 9, 6, 3, 17,
17, 0, 9, 10, 10, 2, 12, 14, 11, 6,
3, 15, 2, 10, 4, 8, 15, 2]
------------------------------------------------------- 
# stage = 20	# children c = 3	length of each stage p = 1	nodes = 57	# items I = 1
