[61, 22, 2, 38, 15, 21, 47, 8, 44, 82,
65, 44, 94, 96, 22, 37, 8, 72, 66, 63,
52, 59, 81, 32, 24, 94, 99, 35, 97, 46,
55, 24, 34, 57, 62, 49, 78, 9, 58]
[[636, 536, 12], [418, 716, 322], [701, 78, 46], [526, 371, 879], [881, 546, 685], [691, 334, 94], [842, 653, 261], [781, 482, 673], [219, 587, 864], [383, 751, 795],
[514, 391, 423], [526, 809, 143], [760, 602, 221], [718, 221, 504], [601, 194, 142], [378, 797, 477], [384, 731, 222], [557, 605, 616], [235, 736, 296], [191, 211, 51],
[78, 725, 442], [414, 255, 343], [557, 107, 857], [691, 737, 82], [287, 430, 276], [342, 720, 166], [819, 108, 809], [45, 666, 506], [661, 901, 334], [869, 184, 545],
[12, 175, 274], [366, 589, 529], [621, 238, 548], [571, 841, 377], [653, 221, 719], [842, 563, 531], [12, 386, 640], [821, 431, 310], [332, 96, 303]]
[[3, 8, 5, 7], [7, 6, 9, 3], [6, 2, 2, 10], [5, 2, 9, 6], [6, 0, 8, 2], [2, 6, 1, 10], [3, 7, 3, 1], [7, 8, 3, 8], [5, 6, 4, 10], [1, 2, 2, 6],
[5, 3, 5, 8], [5, 3, 1, 9], [1, 7, 0, 4], [3, 0, 1, 4], [5, 4, 5, 1], [10, 6, 10, 3], [1, 1, 2, 1], [4, 3, 7, 7], [6, 1, 4, 0], [3, 5, 7, 2],
[1, 6, 6, 2], [6, 6, 7, 9], [10, 10, 10, 8], [6, 7, 0, 5], [9, 2, 4, 0], [3, 0, 7, 9], [0, 0, 7, 3], [3, 4, 5, 2], [10, 10, 5, 3], [5, 10, 1, 2],
[9, 9, 10, 2], [4, 10, 6, 0], [0, 10, 0, 3], [0, 5, 0, 0], [5, 7, 1, 6], [9, 6, 8, 6], [3, 2, 9, 8], [1, 8, 0, 9], [5, 8, 9, 7]]
[1, 0.5, 0.5, 0.25, 0.25, 0.125, 0.125, 0.0625, 0.0625, 0.03125,
0.03125, 0.015625, 0.015625, 0.0078125, 0.0078125, 0.00390625, 0.00390625, 0.00195312, 0.00195312, 0.000976562,
0.000976562, 0.000488281, 0.000488281, 0.000244141, 0.000244141, 0.00012207, 0.00012207, 6.10352e-05, 6.10352e-05, 3.05176e-05,
3.05176e-05, 1.52588e-05, 1.52588e-05, 7.62939e-06, 7.62939e-06, 3.8147e-06, 3.8147e-06, 1.90735e-06, 1.90735e-06]
[4, 8, 2, 5, 6, 2, 5, 4, 8, 5,
5, 7, 2, 9, 7, 7, 5, 7, 5, 1,
1, 4, 7, 3, 5, 5, 7, 9, 3, 4,
2, 1, 0, 8, 3, 9, 5, 2, 5]
------------------------------------------------------- 
# stage = 20	# children c = 2	length of each stage p = 1	nodes = 38	# items I = 1
