[34, 51, 88, 54, 16, 43, 45, 78, 33, 15,
79, 69, 35, 4, 5, 77, 64, 45, 88, 32,
82, 73, 37, 88, 56, 67, 23, 8, 67, 97,
63, 67, 13, 16, 87, 97, 59, 98, 40]
[[293, 390, 134], [969, 150, 40], [872, 858, 705], [582, 416, 724], [466, 422, 148], [546, 903, 680], [604, 728, 331], [217, 544, 51], [778, 385, 441], [588, 752, 967],
[329, 60, 372], [26, 592, 84], [66, 479, 942], [333, 623, 920], [72, 104, 904], [221, 212, 823], [463, 817, 128], [357, 596, 234], [955, 936, 620], [411, 540, 387],
[940, 869, 9], [874, 895, 601], [958, 962, 642], [477, 857, 281], [413, 930, 932], [332, 713, 160], [717, 191, 539], [407, 548, 150], [642, 81, 102], [824, 492, 204],
[773, 10, 88], [782, 446, 546], [946, 420, 85], [603, 459, 942], [446, 434, 449], [941, 767, 177], [663, 61, 916], [217, 469, 479], [367, 673, 122]]
[[2, 9, 7, 8], [8, 8, 9, 2], [8, 3, 10, 8], [1, 7, 9, 9], [3, 7, 6, 1], [7, 8, 4, 3], [8, 5, 10, 3], [7, 1, 7, 7], [8, 3, 4, 3], [9, 1, 5, 4],
[4, 4, 1, 4], [9, 9, 0, 1], [5, 6, 0, 2], [3, 5, 3, 9], [8, 2, 1, 2], [1, 6, 8, 9], [7, 10, 10, 3], [0, 4, 6, 3], [6, 7, 5, 3], [3, 5, 2, 7],
[0, 3, 9, 3], [6, 10, 0, 3], [1, 10, 3, 1], [6, 0, 8, 0], [0, 8, 2, 9], [1, 8, 10, 6], [2, 4, 9, 6], [9, 0, 2, 7], [3, 9, 9, 9], [8, 9, 10, 7],
[8, 1, 8, 1], [1, 6, 2, 10], [3, 2, 7, 2], [10, 6, 8, 1], [9, 6, 7, 5], [5, 7, 2, 8], [5, 9, 5, 0], [5, 2, 8, 2], [3, 5, 2, 3]]
[1, 0.5, 0.5, 0.25, 0.25, 0.125, 0.125, 0.0625, 0.0625, 0.03125,
0.03125, 0.015625, 0.015625, 0.0078125, 0.0078125, 0.00390625, 0.00390625, 0.00195312, 0.00195312, 0.000976562,
0.000976562, 0.000488281, 0.000488281, 0.000244141, 0.000244141, 0.00012207, 0.00012207, 6.10352e-05, 6.10352e-05, 3.05176e-05,
3.05176e-05, 1.52588e-05, 1.52588e-05, 7.62939e-06, 7.62939e-06, 3.8147e-06, 3.8147e-06, 1.90735e-06, 1.90735e-06]
[19, 7, 2, 18, 14, 5, 15, 0, 9, 14,
2, 5, 6, 5, 11, 12, 14, 6, 15, 7,
9, 12, 19, 4, 12, 14, 8, 17, 17, 6,
4, 2, 2, 7, 13, 18, 18, 10, 3]
------------------------------------------------------- 
# stage = 20	# children c = 2	length of each stage p = 1	nodes = 38	# items I = 1
