[2, 85, 2, 67, 73, 20, 77, 26, 45, 3,
88, 51, 14, 59, 45, 78, 84, 78, 88, 31,
36, 100, 94, 72, 82, 23, 91, 93, 8, 67,
25, 77, 17, 95, 44, 57, 81, 87, 83]
[[412, 717, 192], [70, 720, 993], [231, 877, 1055], [202, 222, 15], [627, 4, 578], [75, 495, 460], [364, 645, 811], [194, 342, 689], [555, 718, 774], [768, 712, 60],
[311, 342, 1079], [804, 713, 716], [1015, 944, 510], [988, 364, 1033], [1003, 991, 256], [799, 285, 751], [477, 950, 614], [506, 61, 175], [112, 917, 893], [105, 602, 522],
[165, 132, 82], [161, 936, 795], [878, 87, 957], [606, 1075, 238], [858, 213, 147], [31, 1012, 432], [0, 707, 299], [615, 130, 661], [790, 543, 495], [600, 648, 316],
[341, 814, 448], [423, 193, 602], [136, 1071, 689], [10, 896, 681], [550, 671, 894], [697, 1003, 41], [347, 1003, 1049], [947, 535, 397], [525, 543, 159]]
[[10, 6, 5, 0], [0, 0, 5, 5], [8, 8, 6, 3], [9, 7, 9, 6], [0, 3, 4, 8], [2, 10, 7, 6], [1, 3, 9, 9], [4, 0, 9, 2], [4, 1, 0, 2], [2, 5, 8, 8],
[1, 1, 0, 10], [6, 7, 6, 6], [8, 8, 2, 10], [7, 7, 3, 6], [10, 2, 4, 1], [0, 2, 3, 3], [2, 1, 5, 4], [7, 0, 1, 8], [2, 10, 5, 8], [6, 9, 2, 3],
[6, 2, 0, 3], [7, 3, 9, 6], [5, 3, 5, 4], [3, 7, 7, 5], [8, 1, 9, 4], [2, 8, 10, 2], [7, 3, 8, 2], [1, 8, 3, 8], [10, 3, 9, 4], [5, 7, 8, 8],
[8, 3, 1, 1], [10, 8, 4, 7], [8, 1, 10, 10], [9, 7, 10, 6], [10, 5, 6, 10], [3, 8, 7, 0], [9, 3, 5, 3], [8, 2, 1, 6], [3, 2, 5, 2]]
[1, 0.5, 0.5, 0.25, 0.25, 0.125, 0.125, 0.0625, 0.0625, 0.03125,
0.03125, 0.015625, 0.015625, 0.0078125, 0.0078125, 0.00390625, 0.00390625, 0.00195312, 0.00195312, 0.000976562,
0.000976562, 0.000488281, 0.000488281, 0.000244141, 0.000244141, 0.00012207, 0.00012207, 6.10352e-05, 6.10352e-05, 3.05176e-05,
3.05176e-05, 1.52588e-05, 1.52588e-05, 7.62939e-06, 7.62939e-06, 3.8147e-06, 3.8147e-06, 1.90735e-06, 1.90735e-06]
[13, 0, 19, 8, 5, 3, 12, 13, 14, 5,
6, 2, 11, 9, 19, 4, 3, 12, 17, 0,
5, 2, 7, 14, 19, 13, 10, 3, 10, 21,
14, 15, 4, 14, 4, 20, 18, 2, 13]
------------------------------------------------------- 
# stage = 20	# children c = 2	length of each stage p = 1	nodes = 38	# items I = 1
