[26, 57, 72, 55, 89, 15, 46, 6, 10, 72,
13, 93, 91, 31, 67, 98, 76, 34, 48, 28,
42, 12, 47, 94, 90, 23, 94, 23, 78, 90,
58, 3, 12, 96, 58, 0, 77, 71, 74, 87,
8, 87, 80, 99, 85, 46, 62, 60, 46, 77,
55, 55, 89, 68, 48, 44, 91, 8]
[[1114, 1693, 1687], [534, 1483, 119], [1474, 1490, 898], [632, 333, 909], [1339, 1639, 1202], [327, 155, 1505], [72, 1343, 1554], [611, 838, 577], [383, 401, 409], [1069, 1340, 1517],
[968, 423, 1178], [623, 957, 758], [614, 400, 216], [1512, 1032, 549], [389, 340, 157], [1591, 667, 312], [1192, 612, 1655], [714, 1223, 461], [1291, 1478, 862], [1701, 516, 299],
[1186, 1484, 594], [460, 75, 1551], [1090, 689, 47], [1306, 170, 952], [1728, 559, 1292], [1885, 247, 1831], [293, 1311, 539], [1820, 1898, 1634], [249, 1285, 1081], [1112, 954, 1597],
[1283, 108, 1049], [1877, 441, 1124], [1524, 1531, 1685], [1444, 934, 1855], [492, 758, 511], [1656, 611, 630], [1583, 776, 1813], [91, 564, 1807], [1725, 813, 1189], [902, 21, 111],
[467, 1176, 92], [1516, 1149, 533], [608, 642, 160], [390, 54, 966], [341, 418, 1596], [724, 170, 303], [1354, 1625, 1079], [1264, 1716, 1643], [1167, 1410, 425], [324, 408, 446],
[308, 748, 1495], [400, 360, 612], [805, 841, 1254], [837, 1231, 1180], [1804, 1444, 1598], [1368, 265, 1768], [1544, 1491, 1490], [591, 851, 1174]]
[[7, 0, 6, 5], [10, 0, 8, 7], [10, 9, 6, 3], [7, 9, 10, 5], [6, 0, 3, 8], [1, 10, 1, 6], [4, 0, 7, 3], [7, 3, 9, 1], [2, 2, 6, 10], [2, 1, 4, 10],
[0, 0, 0, 7], [9, 0, 10, 5], [9, 2, 0, 10], [10, 10, 5, 4], [10, 10, 5, 4], [1, 3, 5, 3], [3, 10, 0, 3], [0, 4, 1, 9], [4, 1, 3, 1], [10, 2, 4, 7],
[2, 4, 6, 2], [3, 10, 6, 0], [9, 0, 3, 10], [1, 8, 0, 2], [5, 9, 5, 6], [3, 4, 2, 5], [4, 6, 4, 1], [8, 8, 8, 0], [10, 4, 2, 0], [1, 6, 10, 10],
[4, 2, 8, 3], [8, 6, 3, 3], [5, 6, 7, 6], [0, 7, 9, 4], [2, 3, 3, 9], [9, 1, 9, 7], [3, 9, 7, 4], [2, 4, 3, 4], [6, 9, 7, 2], [3, 10, 3, 8],
[3, 8, 1, 3], [4, 10, 5, 7], [0, 9, 5, 10], [10, 1, 6, 0], [8, 0, 4, 8], [5, 5, 1, 9], [4, 6, 9, 7], [3, 1, 2, 6], [9, 3, 10, 3], [0, 2, 8, 1],
[9, 2, 9, 6], [1, 4, 6, 9], [2, 10, 6, 5], [5, 5, 4, 7], [0, 0, 1, 3], [2, 3, 7, 9], [4, 4, 1, 4], [7, 7, 3, 5]]
[1, 0.333333, 0.333333, 0.333333, 0.111111, 0.111111, 0.111111, 0.037037, 0.037037, 0.037037,
0.0123457, 0.0123457, 0.0123457, 0.00411523, 0.00411523, 0.00411523, 0.00137174, 0.00137174, 0.00137174, 0.000457247,
0.000457247, 0.000457247, 0.000152416, 0.000152416, 0.000152416, 5.08053e-05, 5.08053e-05, 5.08053e-05, 1.69351e-05, 1.69351e-05,
1.69351e-05, 5.64503e-06, 5.64503e-06, 5.64503e-06, 1.88168e-06, 1.88168e-06, 1.88168e-06, 6.27225e-07, 6.27225e-07, 6.27225e-07,
2.09075e-07, 2.09075e-07, 2.09075e-07, 6.96917e-08, 6.96917e-08, 6.96917e-08, 2.32306e-08, 2.32306e-08, 2.32306e-08, 7.74352e-09,
7.74352e-09, 7.74352e-09, 2.58117e-09, 2.58117e-09, 2.58117e-09, 8.60392e-10, 8.60392e-10, 8.60392e-10]
[11, 12, 17, 7, 5, 13, 12, 12, 13, 10,
15, 11, 2, 18, 6, 17, 5, 16, 19, 7,
3, 15, 11, 10, 16, 10, 18, 8, 12, 19,
2, 19, 9, 13, 15, 5, 5, 7, 12, 12,
1, 12, 4, 4, 10, 18, 11, 12, 17, 1,
2, 11, 11, 15, 19, 15, 3, 12]
------------------------------------------------------- 
# stage = 20	# children c = 3	length of each stage p = 1	nodes = 57	# items I = 1
