[47, 88, 69, 85, 90, 40, 11, 31, 4, 30,
76, 38, 28, 28, 0, 63, 15, 43, 100, 24,
84, 60, 81, 45, 0, 26, 8, 18, 5, 79,
9, 52, 67, 78, 36, 22, 17, 13, 20]
[[1121, 734, 1299], [1512, 172, 278], [673, 773, 1578], [111, 169, 1512], [988, 30, 1448], [1233, 1405, 1778], [1601, 523, 843], [975, 1136, 559], [143, 730, 1416], [830, 1614, 316],
[1674, 910, 1050], [1147, 596, 1308], [1425, 1355, 341], [1263, 1466, 510], [1035, 628, 626], [657, 122, 206], [695, 1809, 815], [1624, 958, 126], [357, 1188, 856], [33, 278, 730],
[435, 126, 1640], [1571, 1273, 497], [1054, 958, 26], [1481, 481, 1493], [252, 1516, 381], [878, 434, 589], [1170, 1129, 573], [160, 928, 1617], [372, 1371, 1065], [1228, 1491, 1344],
[218, 186, 1470], [33, 1758, 1004], [616, 1072, 222], [642, 727, 704], [395, 1065, 480], [863, 118, 914], [1452, 1374, 304], [285, 1534, 1318], [163, 80, 949]]
[[0, 2, 4, 4], [8, 4, 2, 9], [3, 5, 1, 5], [4, 5, 9, 1], [3, 1, 5, 1], [3, 0, 4, 9], [4, 5, 1, 9], [2, 3, 0, 2], [3, 5, 4, 9], [7, 6, 7, 9],
[1, 6, 3, 5], [9, 1, 4, 2], [0, 8, 1, 1], [8, 4, 8, 1], [9, 10, 10, 1], [0, 9, 1, 1], [1, 4, 9, 8], [10, 5, 6, 9], [10, 9, 2, 8], [8, 4, 8, 8],
[1, 10, 8, 9], [3, 5, 10, 10], [4, 8, 9, 2], [6, 0, 2, 7], [4, 0, 2, 1], [3, 9, 9, 2], [7, 0, 9, 3], [4, 6, 9, 6], [3, 6, 4, 6], [1, 2, 6, 3],
[10, 4, 6, 3], [2, 6, 8, 4], [6, 10, 4, 9], [8, 2, 10, 3], [2, 8, 4, 4], [3, 2, 10, 7], [9, 2, 0, 10], [2, 4, 0, 10], [7, 6, 2, 9]]
[1, 0.5, 0.5, 0.25, 0.25, 0.125, 0.125, 0.0625, 0.0625, 0.03125,
0.03125, 0.015625, 0.015625, 0.0078125, 0.0078125, 0.00390625, 0.00390625, 0.00195312, 0.00195312, 0.000976562,
0.000976562, 0.000488281, 0.000488281, 0.000244141, 0.000244141, 0.00012207, 0.00012207, 6.10352e-05, 6.10352e-05, 3.05176e-05,
3.05176e-05, 1.52588e-05, 1.52588e-05, 7.62939e-06, 7.62939e-06, 3.8147e-06, 3.8147e-06, 1.90735e-06, 1.90735e-06]
[8, 0, 9, 6, 7, 1, 2, 7, 0, 1,
4, 8, 5, 2, 5, 6, 0, 5, 4, 8,
9, 4, 4, 5, 8, 6, 4, 3, 7, 9,
1, 1, 4, 3, 9, 1, 5, 3, 0]
------------------------------------------------------- 
# stage = 20	# children c = 2	length of each stage p = 1	nodes = 38	# items I = 1
