[82, 79, 21, 48, 37, 12, 64, 68, 12, 51,
64, 13, 28, 83, 39, 15, 37, 15, 54, 91,
68, 18, 5, 4, 3, 38, 98, 39, 30, 24,
71, 11, 3, 92, 59, 6, 71, 23, 40, 49,
40, 4, 63, 35, 53, 68, 50, 56, 83, 70,
47, 50, 88, 52, 20, 58, 56, 17]
[[290, 222, 573], [1476, 988, 979], [1245, 1529, 1703], [997, 518, 286], [857, 587, 741], [988, 349, 1309], [1396, 31, 796], [253, 1626, 1238], [1218, 639, 472], [970, 184, 465],
[1735, 1076, 1289], [564, 1409, 532], [1543, 909, 317], [1501, 764, 1437], [42, 478, 279], [783, 323, 1230], [949, 1719, 1262], [602, 829, 0], [95, 904, 639], [1169, 129, 1425],
[1634, 119, 1358], [35, 683, 1022], [1169, 1083, 789], [343, 839, 1553], [36, 1483, 286], [917, 1123, 1211], [403, 327, 1185], [522, 929, 871], [1124, 1626, 30], [620, 1050, 159],
[300, 1541, 880], [1658, 1576, 421], [1537, 1001, 1504], [581, 1344, 1201], [389, 237, 939], [1277, 1155, 318], [1345, 415, 1247], [785, 937, 1034], [513, 918, 915], [543, 1538, 823],
[1304, 93, 619], [440, 608, 451], [861, 400, 309], [1222, 982, 510], [678, 228, 748], [1618, 363, 760], [793, 1708, 1175], [295, 1351, 969], [186, 119, 142], [1102, 663, 1680],
[180, 824, 630], [1401, 1264, 95], [709, 982, 495], [1018, 460, 334], [386, 1138, 1165], [1134, 1613, 1528], [149, 1263, 348], [181, 416, 1699]]
[[3, 6, 3, 2], [5, 0, 7, 6], [1, 10, 2, 2], [10, 0, 4, 6], [6, 10, 3, 0], [0, 1, 9, 6], [4, 2, 9, 9], [0, 4, 0, 3], [8, 1, 4, 2], [1, 0, 8, 2],
[10, 0, 4, 7], [0, 7, 1, 4], [4, 4, 4, 2], [3, 2, 8, 5], [5, 4, 2, 5], [6, 2, 7, 3], [3, 9, 5, 2], [9, 1, 4, 6], [1, 6, 2, 10], [2, 1, 1, 7],
[5, 5, 9, 7], [8, 7, 10, 2], [9, 1, 5, 5], [1, 10, 8, 4], [8, 3, 6, 4], [2, 8, 10, 1], [4, 0, 9, 4], [1, 10, 0, 5], [4, 8, 10, 1], [2, 9, 1, 0],
[0, 5, 5, 1], [2, 1, 4, 0], [2, 8, 4, 4], [6, 2, 5, 8], [2, 3, 1, 3], [2, 0, 8, 4], [6, 7, 4, 8], [6, 5, 6, 4], [8, 10, 5, 0], [0, 9, 9, 0],
[7, 2, 4, 2], [4, 7, 8, 4], [10, 7, 8, 10], [7, 3, 3, 2], [9, 5, 8, 2], [0, 4, 6, 6], [1, 0, 6, 10], [8, 4, 10, 4], [5, 3, 4, 7], [10, 1, 1, 7],
[8, 7, 4, 3], [10, 5, 3, 6], [0, 1, 6, 9], [3, 10, 4, 2], [9, 9, 1, 6], [0, 0, 10, 5], [1, 3, 0, 9], [2, 1, 3, 8]]
[1, 0.333333, 0.333333, 0.333333, 0.111111, 0.111111, 0.111111, 0.037037, 0.037037, 0.037037,
0.0123457, 0.0123457, 0.0123457, 0.00411523, 0.00411523, 0.00411523, 0.00137174, 0.00137174, 0.00137174, 0.000457247,
0.000457247, 0.000457247, 0.000152416, 0.000152416, 0.000152416, 5.08053e-05, 5.08053e-05, 5.08053e-05, 1.69351e-05, 1.69351e-05,
1.69351e-05, 5.64503e-06, 5.64503e-06, 5.64503e-06, 1.88168e-06, 1.88168e-06, 1.88168e-06, 6.27225e-07, 6.27225e-07, 6.27225e-07,
2.09075e-07, 2.09075e-07, 2.09075e-07, 6.96917e-08, 6.96917e-08, 6.96917e-08, 2.32306e-08, 2.32306e-08, 2.32306e-08, 7.74352e-09,
7.74352e-09, 7.74352e-09, 2.58117e-09, 2.58117e-09, 2.58117e-09, 8.60392e-10, 8.60392e-10, 8.60392e-10]
[6, 3, 0, 0, 0, 5, 5, 6, 7, 8,
7, 6, 2, 4, 7, 4, 2, 6, 8, 5,
1, 3, 7, 7, 8, 7, 1, 8, 3, 4,
1, 3, 4, 3, 1, 7, 4, 5, 8, 5,
0, 1, 5, 2, 3, 7, 1, 5, 7, 2,
3, 8, 8, 0, 6, 1, 6, 6]
------------------------------------------------------- 
# stage = 20	# children c = 3	length of each stage p = 1	nodes = 57	# items I = 1
