[5, 78, 72, 43, 89, 69, 24, 76, 37, 10,
62, 49, 68, 42, 33, 4, 50, 54, 19, 93,
54, 56, 93, 52, 83, 39, 32, 92, 49, 97,
12, 20, 40, 84, 63, 29, 19, 54, 4]
[[438, 687, 1027], [418, 647, 1092], [133, 1695, 2031], [1948, 250, 882], [10, 815, 1411], [1241, 1625, 1904], [1449, 1061, 2026], [146, 507, 456], [427, 656, 126], [41, 1277, 1744],
[11, 1498, 131], [1038, 1916, 561], [47, 1832, 173], [2078, 1480, 207], [661, 1273, 1022], [1855, 215, 564], [1676, 1664, 1408], [1619, 1811, 1698], [1858, 2021, 55], [1768, 2062, 1332],
[1429, 2073, 747], [1344, 1028, 363], [1905, 859, 1979], [2079, 637, 1376], [203, 1081, 350], [1008, 854, 565], [1355, 447, 146], [680, 1850, 1740], [295, 1625, 1678], [350, 1310, 1440],
[1465, 440, 1430], [1995, 1567, 159], [59, 1389, 1018], [2038, 1168, 1438], [1114, 1154, 437], [1464, 79, 1291], [1812, 1434, 1521], [1742, 1897, 1288], [1399, 1976, 614]]
[[9, 1, 0, 10], [6, 0, 2, 6], [8, 4, 0, 10], [3, 6, 4, 5], [4, 6, 10, 5], [3, 2, 0, 4], [1, 0, 3, 3], [2, 8, 1, 10], [8, 0, 7, 1], [9, 7, 7, 6],
[1, 7, 5, 4], [3, 8, 8, 5], [3, 5, 8, 6], [7, 8, 8, 8], [7, 0, 10, 9], [7, 0, 6, 2], [9, 1, 3, 7], [8, 8, 1, 9], [2, 6, 1, 5], [3, 7, 8, 4],
[1, 4, 8, 8], [1, 5, 3, 8], [6, 2, 5, 0], [1, 9, 2, 10], [10, 5, 5, 8], [2, 6, 4, 4], [10, 3, 8, 3], [10, 3, 5, 9], [7, 3, 4, 7], [8, 6, 2, 1],
[8, 5, 1, 7], [4, 3, 5, 1], [6, 10, 7, 6], [5, 1, 9, 4], [2, 4, 5, 0], [7, 0, 9, 2], [1, 1, 7, 9], [7, 9, 9, 2], [4, 10, 10, 6]]
[1, 0.5, 0.5, 0.25, 0.25, 0.125, 0.125, 0.0625, 0.0625, 0.03125,
0.03125, 0.015625, 0.015625, 0.0078125, 0.0078125, 0.00390625, 0.00390625, 0.00195312, 0.00195312, 0.000976562,
0.000976562, 0.000488281, 0.000488281, 0.000244141, 0.000244141, 0.00012207, 0.00012207, 6.10352e-05, 6.10352e-05, 3.05176e-05,
3.05176e-05, 1.52588e-05, 1.52588e-05, 7.62939e-06, 7.62939e-06, 3.8147e-06, 3.8147e-06, 1.90735e-06, 1.90735e-06]
[2, 7, 5, 10, 1, 8, 7, 10, 6, 6,
3, 6, 3, 8, 10, 4, 8, 1, 0, 10,
4, 5, 8, 4, 0, 9, 2, 2, 3, 9,
2, 1, 0, 0, 0, 10, 4, 1, 6]
------------------------------------------------------- 
# stage = 20	# children c = 2	length of each stage p = 1	nodes = 38	# items I = 1
