[46, 90, 47, 32, 96, 38, 19, 16, 6, 84,
8, 58, 14, 62, 96, 82, 67, 78, 71, 7,
72, 15, 13, 3, 40, 69, 70, 26, 99, 26,
96, 44, 83, 43, 42, 44, 47, 62, 60]
[[1831, 98, 1869], [238, 847, 1439], [1347, 1908, 906], [795, 349, 915], [1765, 1429, 1948], [1080, 953, 1568], [938, 1208, 1330], [778, 456, 1309], [211, 118, 1312], [1567, 394, 1159],
[690, 266, 835], [178, 504, 1682], [1618, 1429, 1210], [565, 265, 1559], [1058, 1608, 607], [1048, 729, 1560], [657, 1245, 388], [28, 65, 844], [915, 276, 540], [1806, 1422, 934],
[1006, 1690, 1200], [1419, 1868, 1282], [1142, 1527, 752], [393, 133, 595], [1530, 1192, 244], [179, 1818, 552], [1317, 516, 1797], [1283, 122, 1440], [1705, 1038, 1295], [286, 885, 758],
[798, 1469, 67], [1576, 929, 1935], [899, 1649, 1504], [1229, 1621, 1215], [1402, 1192, 26], [1225, 949, 1844], [1777, 1845, 1938], [1193, 1169, 102], [675, 916, 718]]
[[5, 3, 4, 1], [1, 8, 10, 3], [9, 4, 0, 6], [1, 2, 9, 9], [9, 8, 6, 4], [9, 9, 9, 9], [0, 7, 8, 7], [8, 1, 7, 2], [2, 0, 4, 3], [9, 1, 7, 5],
[6, 5, 9, 7], [5, 7, 5, 4], [2, 0, 8, 1], [7, 4, 8, 7], [1, 5, 2, 7], [7, 7, 10, 7], [7, 1, 0, 3], [2, 5, 6, 8], [8, 5, 2, 0], [10, 7, 4, 2],
[8, 10, 1, 2], [4, 9, 10, 3], [3, 10, 10, 8], [6, 7, 5, 0], [6, 3, 4, 7], [6, 8, 2, 1], [2, 5, 1, 0], [1, 4, 2, 9], [3, 1, 1, 5], [10, 9, 6, 0],
[8, 4, 7, 1], [9, 10, 1, 5], [0, 3, 1, 6], [1, 3, 7, 1], [8, 8, 1, 8], [1, 3, 4, 3], [2, 3, 6, 1], [1, 0, 0, 7], [4, 7, 8, 2]]
[1, 0.5, 0.5, 0.25, 0.25, 0.125, 0.125, 0.0625, 0.0625, 0.03125,
0.03125, 0.015625, 0.015625, 0.0078125, 0.0078125, 0.00390625, 0.00390625, 0.00195312, 0.00195312, 0.000976562,
0.000976562, 0.000488281, 0.000488281, 0.000244141, 0.000244141, 0.00012207, 0.00012207, 6.10352e-05, 6.10352e-05, 3.05176e-05,
3.05176e-05, 1.52588e-05, 1.52588e-05, 7.62939e-06, 7.62939e-06, 3.8147e-06, 3.8147e-06, 1.90735e-06, 1.90735e-06]
[9, 7, 6, 1, 0, 14, 3, 6, 17, 5,
19, 18, 6, 4, 18, 14, 16, 18, 19, 17,
6, 1, 18, 19, 8, 1, 0, 9, 4, 16,
6, 10, 4, 17, 12, 8, 19, 12, 1]
------------------------------------------------------- 
# stage = 20	# children c = 2	length of each stage p = 1	nodes = 38	# items I = 1
