[69, 69, 35, 88, 11, 37, 44, 84, 95, 13,
9, 85, 94, 40, 10, 39, 85, 38, 73, 76,
26, 63, 72, 54, 30, 4, 94, 17, 23, 11,
18, 58, 46, 20, 11, 23, 23, 55, 6]
[[297, 366, 1639], [491, 582, 1419], [145, 188, 473], [812, 1088, 10], [768, 1813, 1541], [1407, 203, 683], [1646, 449, 1183], [128, 230, 215], [1418, 1397, 1627], [838, 226, 1362],
[1571, 523, 1814], [1384, 1100, 571], [1063, 1331, 845], [1623, 317, 107], [1633, 1086, 94], [1348, 667, 384], [205, 574, 833], [1474, 702, 1149], [1776, 294, 806], [1577, 1218, 1032],
[1199, 1049, 1641], [1187, 607, 916], [18, 1756, 421], [864, 1553, 825], [1057, 1360, 171], [1152, 968, 924], [1536, 1259, 1498], [629, 908, 460], [38, 858, 840], [930, 695, 318],
[136, 68, 1367], [1777, 1341, 234], [953, 1446, 165], [1461, 484, 1804], [460, 1541, 1339], [631, 953, 481], [1641, 749, 1], [1314, 1378, 909], [34, 1502, 27]]
[[10, 3, 6, 10], [1, 0, 1, 6], [10, 5, 3, 10], [4, 10, 7, 6], [0, 3, 6, 10], [7, 2, 10, 10], [7, 2, 1, 9], [4, 4, 6, 1], [8, 10, 0, 7], [10, 1, 0, 8],
[4, 1, 5, 9], [0, 1, 2, 9], [3, 8, 8, 8], [0, 8, 8, 5], [8, 7, 2, 1], [0, 8, 0, 6], [5, 1, 2, 4], [0, 2, 10, 5], [1, 4, 1, 1], [6, 3, 0, 7],
[9, 6, 4, 7], [1, 10, 0, 8], [4, 2, 7, 5], [8, 8, 0, 2], [9, 1, 4, 9], [1, 4, 1, 3], [8, 0, 4, 1], [1, 2, 8, 0], [7, 0, 5, 6], [8, 5, 3, 2],
[7, 0, 7, 4], [8, 5, 4, 4], [6, 9, 0, 8], [2, 0, 9, 10], [0, 0, 1, 2], [3, 7, 2, 8], [5, 5, 1, 1], [0, 5, 3, 5], [3, 8, 10, 9]]
[1, 0.5, 0.5, 0.25, 0.25, 0.125, 0.125, 0.0625, 0.0625, 0.03125,
0.03125, 0.015625, 0.015625, 0.0078125, 0.0078125, 0.00390625, 0.00390625, 0.00195312, 0.00195312, 0.000976562,
0.000976562, 0.000488281, 0.000488281, 0.000244141, 0.000244141, 0.00012207, 0.00012207, 6.10352e-05, 6.10352e-05, 3.05176e-05,
3.05176e-05, 1.52588e-05, 1.52588e-05, 7.62939e-06, 7.62939e-06, 3.8147e-06, 3.8147e-06, 1.90735e-06, 1.90735e-06]
[3, 10, 4, 0, 4, 6, 11, 3, 10, 14,
14, 17, 6, 4, 17, 7, 6, 11, 18, 1,
1, 2, 2, 18, 2, 12, 16, 8, 6, 14,
12, 2, 2, 10, 5, 17, 15, 14, 18]
------------------------------------------------------- 
# stage = 20	# children c = 2	length of each stage p = 1	nodes = 38	# items I = 1
