[66, 6, 29, 14, 69, 33, 34, 41, 46, 86,
85, 86, 95, 62, 1, 97, 86, 67, 90, 88,
21, 20, 82, 1, 86, 94, 21, 84, 43, 86,
69, 76, 58, 64, 56, 27, 63, 56, 34, 9,
41, 18, 95, 36, 46, 62, 32, 98, 29, 88,
85, 16, 75, 66, 17, 60, 25, 4]
[[1683, 847, 148], [1352, 2220, 1047], [1197, 1852, 346], [849, 1237, 41], [913, 1551, 1875], [1014, 1605, 1254], [1307, 1703, 1596], [2061, 1370, 1076], [178, 1714, 1128], [1635, 1555, 1110],
[950, 48, 988], [129, 1400, 987], [207, 1629, 619], [554, 257, 887], [1847, 201, 217], [1501, 1215, 854], [534, 302, 336], [1162, 1394, 737], [17, 603, 231], [176, 17, 817],
[1286, 2219, 865], [53, 1379, 44], [71, 1587, 704], [690, 2141, 2214], [609, 798, 194], [826, 78, 1410], [1680, 1864, 743], [1048, 805, 2137], [1785, 2074, 519], [2016, 29, 1789],
[612, 346, 1787], [1477, 399, 946], [553, 1723, 312], [1257, 192, 1484], [281, 2053, 61], [476, 659, 1391], [917, 1370, 65], [1660, 197, 2123], [607, 1983, 1976], [157, 809, 1037],
[1946, 1422, 1383], [1513, 1930, 814], [1490, 262, 316], [1802, 551, 1760], [96, 832, 1593], [1409, 1308, 1283], [579, 4, 1684], [1896, 695, 913], [1798, 1302, 675], [585, 1460, 1484],
[1622, 1185, 1937], [784, 1729, 1647], [629, 998, 1909], [945, 1831, 1491], [1737, 1927, 103], [140, 146, 442], [1423, 1977, 1699], [2138, 1653, 173]]
[[6, 1, 4, 6], [1, 8, 6, 0], [10, 10, 6, 8], [0, 3, 7, 10], [7, 1, 6, 9], [2, 5, 2, 1], [6, 1, 9, 3], [0, 6, 5, 6], [7, 7, 10, 6], [3, 3, 6, 2],
[1, 1, 9, 1], [2, 3, 10, 8], [5, 5, 4, 5], [10, 6, 6, 3], [7, 5, 6, 5], [9, 9, 9, 5], [6, 7, 0, 7], [10, 4, 9, 0], [3, 5, 2, 3], [9, 1, 0, 1],
[4, 5, 6, 3], [9, 0, 6, 6], [3, 10, 9, 1], [8, 8, 4, 1], [2, 2, 8, 1], [6, 5, 0, 7], [10, 0, 10, 6], [1, 9, 7, 5], [3, 1, 6, 1], [10, 1, 5, 2],
[0, 2, 3, 6], [8, 5, 8, 10], [7, 3, 9, 0], [8, 9, 7, 6], [9, 4, 1, 8], [2, 7, 0, 3], [6, 6, 3, 5], [5, 8, 7, 3], [10, 8, 10, 7], [2, 5, 4, 9],
[8, 3, 7, 4], [10, 3, 10, 9], [5, 9, 4, 6], [5, 5, 9, 0], [9, 1, 3, 4], [8, 10, 7, 5], [7, 4, 0, 7], [7, 4, 3, 5], [7, 10, 9, 7], [0, 8, 3, 6],
[6, 7, 1, 10], [10, 8, 8, 9], [8, 1, 0, 5], [0, 5, 10, 6], [8, 10, 2, 4], [4, 4, 9, 9], [3, 5, 3, 4], [0, 6, 10, 5]]
[1, 0.333333, 0.333333, 0.333333, 0.111111, 0.111111, 0.111111, 0.037037, 0.037037, 0.037037,
0.0123457, 0.0123457, 0.0123457, 0.00411523, 0.00411523, 0.00411523, 0.00137174, 0.00137174, 0.00137174, 0.000457247,
0.000457247, 0.000457247, 0.000152416, 0.000152416, 0.000152416, 5.08053e-05, 5.08053e-05, 5.08053e-05, 1.69351e-05, 1.69351e-05,
1.69351e-05, 5.64503e-06, 5.64503e-06, 5.64503e-06, 1.88168e-06, 1.88168e-06, 1.88168e-06, 6.27225e-07, 6.27225e-07, 6.27225e-07,
2.09075e-07, 2.09075e-07, 2.09075e-07, 6.96917e-08, 6.96917e-08, 6.96917e-08, 2.32306e-08, 2.32306e-08, 2.32306e-08, 7.74352e-09,
7.74352e-09, 7.74352e-09, 2.58117e-09, 2.58117e-09, 2.58117e-09, 8.60392e-10, 8.60392e-10, 8.60392e-10]
[16, 1, 18, 19, 1, 11, 11, 20, 2, 8,
19, 4, 21, 11, 0, 20, 13, 20, 18, 16,
20, 11, 11, 4, 3, 17, 18, 6, 3, 20,
22, 9, 9, 3, 5, 13, 0, 5, 21, 19,
4, 17, 5, 16, 18, 0, 18, 12, 4, 20,
11, 6, 0, 16, 8, 16, 13, 6]
------------------------------------------------------- 
# stage = 20	# children c = 3	length of each stage p = 1	nodes = 57	# items I = 1
