[8, 87, 29, 62, 15, 44, 45, 76, 45, 63,
27, 88, 82, 41, 5, 63, 4, 73, 11, 7,
81, 82, 8, 53, 69, 89, 16, 98, 93, 93,
84, 68, 79, 12, 29, 95, 22, 40, 36, 68,
3, 63, 21, 85, 70, 27, 47, 74, 66, 24,
82, 12, 72, 56, 65, 41, 45, 47]
[[1185, 46, 320], [1536, 1856, 169], [1816, 168, 1334], [1424, 282, 1762], [1694, 2088, 1499], [237, 1471, 2109], [1623, 1186, 2114], [1428, 1487, 1250], [1930, 103, 723], [416, 2264, 230],
[151, 1167, 31], [471, 175, 1887], [395, 1991, 1810], [1729, 887, 2092], [964, 298, 1653], [180, 291, 841], [2044, 1669, 1782], [1630, 815, 986], [353, 217, 844], [1076, 633, 826],
[1306, 784, 1748], [1092, 1010, 1923], [697, 1405, 1386], [2262, 607, 2028], [1827, 1571, 2082], [1197, 1506, 90], [1793, 1267, 1759], [1293, 370, 46], [2034, 723, 264], [596, 1799, 652],
[1177, 577, 1192], [397, 1669, 2202], [2075, 2121, 1080], [1178, 2101, 1687], [678, 1645, 730], [477, 314, 2236], [567, 2107, 975], [2082, 872, 1345], [2128, 624, 2068], [2147, 1220, 1339],
[272, 2152, 1916], [1464, 266, 1058], [1138, 58, 651], [2218, 991, 224], [1622, 1669, 1869], [2107, 1902, 1938], [2060, 186, 1518], [508, 2023, 107], [1853, 1869, 731], [1394, 1488, 1706],
[450, 1760, 1330], [2122, 696, 1596], [652, 1835, 1409], [1303, 1770, 2155], [1528, 865, 1297], [869, 689, 916], [525, 222, 857], [2043, 730, 598]]
[[8, 5, 8, 3], [3, 1, 3, 9], [3, 10, 3, 5], [10, 4, 3, 3], [9, 6, 7, 7], [1, 4, 0, 2], [1, 9, 5, 10], [1, 2, 3, 7], [8, 9, 10, 0], [8, 2, 8, 9],
[0, 0, 1, 10], [2, 4, 0, 9], [9, 5, 5, 10], [10, 5, 1, 9], [3, 4, 8, 2], [7, 9, 7, 2], [8, 7, 2, 3], [7, 8, 2, 7], [6, 3, 5, 8], [6, 3, 6, 4],
[9, 9, 1, 6], [4, 0, 4, 5], [4, 1, 6, 9], [9, 2, 0, 6], [9, 1, 7, 4], [7, 9, 0, 3], [0, 3, 0, 6], [7, 5, 8, 5], [3, 9, 9, 5], [7, 0, 9, 9],
[10, 4, 8, 8], [4, 6, 3, 1], [5, 9, 5, 2], [7, 5, 3, 7], [9, 3, 2, 3], [6, 8, 6, 8], [6, 4, 0, 2], [4, 9, 10, 3], [0, 7, 10, 5], [0, 0, 6, 6],
[9, 0, 6, 6], [3, 9, 0, 10], [10, 3, 2, 4], [9, 8, 1, 5], [1, 1, 5, 3], [9, 4, 5, 9], [9, 4, 1, 10], [4, 7, 3, 3], [5, 7, 7, 7], [5, 7, 6, 2],
[8, 9, 6, 7], [4, 5, 10, 4], [7, 2, 5, 3], [7, 10, 10, 3], [1, 1, 0, 4], [6, 1, 5, 10], [8, 1, 6, 0], [6, 10, 1, 4]]
[1, 0.333333, 0.333333, 0.333333, 0.111111, 0.111111, 0.111111, 0.037037, 0.037037, 0.037037,
0.0123457, 0.0123457, 0.0123457, 0.00411523, 0.00411523, 0.00411523, 0.00137174, 0.00137174, 0.00137174, 0.000457247,
0.000457247, 0.000457247, 0.000152416, 0.000152416, 0.000152416, 5.08053e-05, 5.08053e-05, 5.08053e-05, 1.69351e-05, 1.69351e-05,
1.69351e-05, 5.64503e-06, 5.64503e-06, 5.64503e-06, 1.88168e-06, 1.88168e-06, 1.88168e-06, 6.27225e-07, 6.27225e-07, 6.27225e-07,
2.09075e-07, 2.09075e-07, 2.09075e-07, 6.96917e-08, 6.96917e-08, 6.96917e-08, 2.32306e-08, 2.32306e-08, 2.32306e-08, 7.74352e-09,
7.74352e-09, 7.74352e-09, 2.58117e-09, 2.58117e-09, 2.58117e-09, 8.60392e-10, 8.60392e-10, 8.60392e-10]
[10, 6, 3, 2, 5, 9, 5, 10, 5, 2,
7, 0, 0, 0, 8, 8, 10, 2, 7, 5,
0, 5, 7, 5, 1, 7, 11, 3, 6, 2,
0, 2, 5, 7, 5, 8, 0, 11, 9, 4,
7, 3, 11, 2, 5, 5, 8, 11, 7, 10,
11, 6, 4, 3, 5, 8, 10, 3]
------------------------------------------------------- 
# stage = 20	# children c = 3	length of each stage p = 1	nodes = 57	# items I = 1
