[55, 80, 83, 6, 61, 72, 8, 84, 41, 79,
52, 88, 58, 72, 0, 5, 15, 41, 88, 26,
26, 47, 6, 71, 99, 11, 63, 23, 24, 97,
14, 45, 42, 64, 17, 69, 35, 92, 52, 43,
36, 70, 30, 94, 7, 97, 100, 22, 37, 53,
15, 63, 66, 21, 0, 30, 32, 63]
[[1050, 340, 795], [71, 1318, 1622], [1384, 1123, 1650], [1629, 504, 172], [616, 1158, 1285], [822, 780, 751], [427, 1591, 1780], [822, 1244, 1], [547, 389, 409], [1027, 284, 1037],
[1428, 262, 304], [1150, 333, 1622], [985, 645, 1672], [1562, 1201, 389], [1734, 30, 474], [159, 1567, 182], [910, 207, 700], [903, 1744, 157], [1619, 504, 1260], [955, 1532, 1545],
[919, 100, 20], [1224, 1250, 1067], [1773, 1162, 639], [1659, 937, 53], [975, 884, 798], [1450, 1043, 578], [1632, 880, 1499], [1259, 710, 1456], [1416, 542, 888], [890, 425, 633],
[1362, 1344, 1447], [309, 781, 1624], [1376, 1482, 999], [943, 281, 863], [996, 1256, 1747], [7, 1633, 1717], [585, 405, 1524], [1012, 1664, 447], [681, 221, 1704], [1569, 38, 342],
[1129, 1400, 613], [1503, 636, 322], [1340, 225, 17], [1266, 95, 298], [342, 1092, 481], [1016, 1099, 328], [1660, 612, 1447], [1397, 1624, 1325], [772, 1232, 1546], [689, 1015, 1584],
[1745, 1071, 124], [571, 788, 760], [893, 1055, 1699], [910, 535, 8], [135, 1591, 1100], [617, 821, 1126], [1659, 1408, 665], [1319, 1019, 1216]]
[[0, 6, 1, 7], [2, 1, 2, 0], [4, 1, 9, 3], [3, 6, 5, 2], [4, 3, 9, 3], [5, 10, 8, 9], [4, 0, 9, 10], [6, 5, 6, 6], [0, 5, 0, 1], [6, 0, 1, 10],
[2, 8, 2, 3], [3, 6, 5, 8], [9, 4, 9, 1], [3, 7, 0, 5], [7, 7, 5, 0], [2, 9, 5, 0], [4, 5, 1, 10], [6, 0, 8, 6], [9, 10, 9, 10], [5, 2, 7, 1],
[6, 4, 3, 7], [9, 1, 10, 3], [8, 2, 4, 8], [1, 9, 9, 3], [1, 8, 2, 7], [7, 8, 0, 3], [6, 8, 2, 9], [10, 8, 0, 3], [1, 1, 10, 10], [0, 9, 0, 6],
[1, 2, 4, 0], [0, 2, 3, 0], [8, 3, 5, 4], [1, 6, 5, 5], [3, 8, 3, 2], [5, 1, 5, 4], [2, 2, 1, 0], [9, 1, 7, 8], [4, 0, 8, 2], [0, 9, 2, 8],
[2, 8, 0, 1], [1, 5, 6, 4], [0, 9, 4, 5], [0, 7, 7, 0], [9, 8, 10, 5], [8, 6, 3, 10], [6, 9, 1, 4], [8, 2, 10, 10], [8, 10, 0, 9], [3, 4, 0, 3],
[2, 2, 7, 0], [9, 1, 10, 7], [10, 9, 10, 5], [4, 2, 4, 8], [1, 3, 1, 9], [3, 0, 6, 0], [9, 6, 7, 10], [10, 5, 2, 10]]
[1, 0.333333, 0.333333, 0.333333, 0.111111, 0.111111, 0.111111, 0.037037, 0.037037, 0.037037,
0.0123457, 0.0123457, 0.0123457, 0.00411523, 0.00411523, 0.00411523, 0.00137174, 0.00137174, 0.00137174, 0.000457247,
0.000457247, 0.000457247, 0.000152416, 0.000152416, 0.000152416, 5.08053e-05, 5.08053e-05, 5.08053e-05, 1.69351e-05, 1.69351e-05,
1.69351e-05, 5.64503e-06, 5.64503e-06, 5.64503e-06, 1.88168e-06, 1.88168e-06, 1.88168e-06, 6.27225e-07, 6.27225e-07, 6.27225e-07,
2.09075e-07, 2.09075e-07, 2.09075e-07, 6.96917e-08, 6.96917e-08, 6.96917e-08, 2.32306e-08, 2.32306e-08, 2.32306e-08, 7.74352e-09,
7.74352e-09, 7.74352e-09, 2.58117e-09, 2.58117e-09, 2.58117e-09, 8.60392e-10, 8.60392e-10, 8.60392e-10]
[6, 17, 5, 7, 2, 10, 5, 3, 17, 5,
11, 10, 11, 1, 17, 11, 1, 3, 7, 13,
13, 10, 15, 15, 8, 4, 14, 14, 6, 14,
6, 6, 16, 12, 15, 12, 8, 9, 15, 0,
4, 2, 13, 3, 12, 3, 5, 6, 15, 8,
3, 3, 5, 15, 13, 6, 16, 14]
------------------------------------------------------- 
# stage = 20	# children c = 3	length of each stage p = 1	nodes = 57	# items I = 1
