[70, 33, 63, 50, 93, 11, 91, 98, 40, 26,
73, 34, 56, 10, 94, 23, 3, 76, 51, 25,
13, 98, 55, 48, 60, 29, 82, 19, 5, 36,
8, 41, 69, 37, 91, 61, 48, 48, 24, 54,
74, 63, 55, 96, 40, 48, 19, 43, 90, 36,
35, 2, 100, 56, 50, 60, 85, 98]
[[894, 203, 928], [829, 705, 605], [349, 611, 386], [555, 884, 236], [750, 518, 573], [748, 604, 724], [816, 141, 369], [742, 482, 459], [925, 408, 800], [916, 299, 961],
[189, 561, 178], [130, 759, 251], [103, 121, 230], [844, 44, 483], [93, 162, 14], [34, 911, 619], [126, 108, 128], [851, 850, 611], [323, 156, 32], [492, 85, 686],
[466, 629, 261], [12, 127, 33], [264, 585, 509], [849, 442, 908], [345, 891, 83], [715, 925, 7], [347, 420, 470], [830, 284, 333], [454, 962, 845], [487, 467, 930],
[541, 934, 928], [802, 946, 68], [203, 578, 22], [712, 796, 464], [633, 154, 723], [85, 237, 662], [447, 584, 450], [918, 428, 102], [619, 250, 77], [477, 105, 900],
[776, 647, 215], [717, 462, 529], [153, 34, 121], [175, 746, 285], [8, 748, 794], [731, 833, 45], [761, 648, 984], [579, 579, 780], [681, 212, 44], [759, 689, 149],
[672, 478, 796], [887, 563, 627], [784, 717, 661], [905, 260, 775], [558, 623, 891], [366, 368, 737], [411, 497, 754], [408, 90, 346]]
[[0, 10, 2, 1], [7, 8, 3, 9], [6, 0, 3, 7], [10, 3, 8, 10], [5, 2, 3, 10], [9, 8, 0, 9], [0, 6, 2, 10], [4, 9, 0, 2], [7, 2, 4, 3], [0, 5, 1, 4],
[3, 3, 9, 3], [6, 4, 0, 0], [6, 4, 8, 3], [10, 7, 10, 0], [2, 2, 8, 4], [9, 8, 6, 5], [9, 8, 8, 7], [1, 8, 9, 2], [0, 7, 3, 4], [1, 4, 3, 5],
[6, 0, 8, 5], [5, 8, 3, 7], [10, 0, 9, 8], [7, 3, 1, 3], [9, 9, 8, 10], [6, 6, 2, 4], [0, 5, 7, 10], [7, 10, 3, 2], [8, 0, 6, 3], [6, 9, 8, 3],
[8, 7, 10, 2], [8, 0, 3, 6], [9, 0, 4, 3], [4, 6, 5, 4], [9, 1, 2, 4], [0, 5, 6, 9], [3, 10, 10, 10], [9, 7, 0, 4], [1, 10, 4, 9], [8, 7, 3, 5],
[5, 7, 8, 9], [0, 2, 0, 9], [4, 0, 0, 2], [5, 5, 9, 9], [4, 8, 6, 0], [3, 4, 4, 2], [4, 6, 10, 10], [2, 2, 4, 5], [9, 10, 1, 9], [0, 0, 5, 2],
[0, 6, 4, 6], [0, 1, 2, 4], [9, 6, 5, 10], [10, 7, 2, 1], [3, 1, 1, 3], [1, 3, 7, 10], [1, 8, 6, 1], [8, 0, 3, 7]]
[1, 0.333333, 0.333333, 0.333333, 0.111111, 0.111111, 0.111111, 0.037037, 0.037037, 0.037037,
0.0123457, 0.0123457, 0.0123457, 0.00411523, 0.00411523, 0.00411523, 0.00137174, 0.00137174, 0.00137174, 0.000457247,
0.000457247, 0.000457247, 0.000152416, 0.000152416, 0.000152416, 5.08053e-05, 5.08053e-05, 5.08053e-05, 1.69351e-05, 1.69351e-05,
1.69351e-05, 5.64503e-06, 5.64503e-06, 5.64503e-06, 1.88168e-06, 1.88168e-06, 1.88168e-06, 6.27225e-07, 6.27225e-07, 6.27225e-07,
2.09075e-07, 2.09075e-07, 2.09075e-07, 6.96917e-08, 6.96917e-08, 6.96917e-08, 2.32306e-08, 2.32306e-08, 2.32306e-08, 7.74352e-09,
7.74352e-09, 7.74352e-09, 2.58117e-09, 2.58117e-09, 2.58117e-09, 8.60392e-10, 8.60392e-10, 8.60392e-10]
[15, 9, 17, 9, 10, 11, 12, 1, 0, 4,
17, 16, 11, 16, 7, 2, 0, 8, 10, 1,
13, 15, 2, 11, 14, 6, 4, 10, 12, 0,
8, 6, 18, 18, 5, 8, 11, 0, 3, 0,
18, 1, 1, 17, 18, 8, 4, 7, 2, 3,
17, 1, 19, 6, 12, 5, 5, 4]
------------------------------------------------------- 
# stage = 20	# children c = 3	length of each stage p = 1	nodes = 57	# items I = 1
