[12, 56, 11, 51, 12, 71, 33, 69, 21, 64,
78, 14, 13, 0, 70, 73, 68, 8, 68, 21,
13, 13, 83, 72, 88, 62, 49, 49, 79, 38,
45, 91, 61, 22, 7, 39, 93, 6, 7, 14,
70, 85, 28, 83, 85, 64, 21, 19, 72, 90,
6, 51, 69, 89, 90, 23, 50, 38]
[[1015, 267, 754], [124, 102, 726], [655, 794, 898], [25, 288, 1010], [286, 42, 32], [997, 794, 222], [749, 832, 130], [634, 69, 302], [224, 14, 292], [108, 9, 909],
[351, 3, 155], [84, 128, 203], [757, 729, 997], [634, 701, 211], [569, 987, 253], [601, 963, 27], [769, 638, 805], [900, 251, 821], [181, 475, 835], [419, 530, 844],
[307, 827, 794], [409, 911, 868], [612, 593, 522], [535, 153, 202], [746, 722, 168], [999, 249, 111], [972, 1018, 695], [703, 897, 946], [503, 3, 401], [263, 369, 877],
[32, 676, 683], [826, 10, 519], [673, 623, 92], [121, 137, 245], [323, 829, 913], [492, 753, 87], [549, 705, 85], [223, 333, 928], [148, 782, 878], [495, 24, 226],
[351, 56, 848], [13, 829, 859], [533, 427, 461], [571, 548, 544], [762, 872, 298], [654, 289, 30], [742, 838, 681], [773, 1007, 1014], [626, 134, 775], [483, 576, 745],
[655, 873, 748], [483, 833, 556], [321, 291, 983], [728, 862, 511], [197, 603, 308], [495, 182, 597], [471, 870, 414], [132, 622, 346]]
[[9, 6, 8, 8], [2, 6, 2, 0], [3, 1, 6, 3], [3, 5, 3, 3], [3, 3, 8, 2], [1, 4, 5, 9], [10, 0, 7, 1], [4, 2, 8, 0], [6, 5, 8, 6], [9, 8, 7, 1],
[9, 2, 2, 0], [5, 3, 1, 8], [6, 10, 9, 5], [3, 1, 3, 0], [1, 10, 0, 3], [10, 8, 3, 4], [0, 0, 10, 9], [6, 6, 8, 5], [6, 8, 3, 1], [0, 4, 7, 5],
[3, 3, 10, 4], [5, 1, 3, 4], [9, 1, 8, 7], [9, 0, 0, 7], [10, 8, 3, 5], [2, 9, 8, 8], [6, 0, 7, 4], [5, 2, 9, 6], [5, 7, 9, 10], [8, 10, 2, 4],
[0, 10, 0, 7], [10, 9, 3, 7], [7, 4, 0, 9], [2, 8, 6, 6], [9, 1, 10, 1], [3, 7, 5, 6], [3, 3, 4, 9], [0, 6, 2, 0], [5, 3, 7, 2], [1, 8, 8, 6],
[10, 8, 4, 1], [5, 9, 5, 1], [8, 5, 2, 9], [10, 8, 4, 2], [9, 8, 0, 8], [1, 0, 8, 4], [3, 3, 5, 3], [9, 2, 7, 9], [10, 1, 8, 4], [8, 3, 4, 5],
[6, 6, 3, 5], [1, 5, 5, 9], [1, 3, 6, 2], [3, 3, 7, 7], [4, 1, 8, 3], [1, 4, 10, 0], [3, 5, 2, 9], [6, 6, 3, 10]]
[1, 0.333333, 0.333333, 0.333333, 0.111111, 0.111111, 0.111111, 0.037037, 0.037037, 0.037037,
0.0123457, 0.0123457, 0.0123457, 0.00411523, 0.00411523, 0.00411523, 0.00137174, 0.00137174, 0.00137174, 0.000457247,
0.000457247, 0.000457247, 0.000152416, 0.000152416, 0.000152416, 5.08053e-05, 5.08053e-05, 5.08053e-05, 1.69351e-05, 1.69351e-05,
1.69351e-05, 5.64503e-06, 5.64503e-06, 5.64503e-06, 1.88168e-06, 1.88168e-06, 1.88168e-06, 6.27225e-07, 6.27225e-07, 6.27225e-07,
2.09075e-07, 2.09075e-07, 2.09075e-07, 6.96917e-08, 6.96917e-08, 6.96917e-08, 2.32306e-08, 2.32306e-08, 2.32306e-08, 7.74352e-09,
7.74352e-09, 7.74352e-09, 2.58117e-09, 2.58117e-09, 2.58117e-09, 8.60392e-10, 8.60392e-10, 8.60392e-10]
[3, 1, 15, 2, 3, 15, 14, 9, 19, 7,
8, 6, 0, 11, 17, 6, 13, 6, 16, 2,
1, 5, 18, 9, 10, 4, 3, 12, 4, 12,
2, 19, 4, 1, 6, 13, 18, 18, 10, 8,
20, 16, 16, 4, 6, 20, 11, 0, 19, 8,
2, 8, 20, 10, 10, 7, 3, 8]
------------------------------------------------------- 
# stage = 20	# children c = 3	length of each stage p = 1	nodes = 57	# items I = 1
