[64, 66, 41, 38, 83, 15, 26, 60, 28, 98,
34, 66, 23, 0, 55, 90, 30, 18, 87, 99,
93, 34, 63, 52, 100, 41, 55, 12, 75, 26,
34, 38, 58, 42, 43, 40, 57, 69, 67]
[[979, 1304, 1718], [1685, 1244, 924], [74, 1137, 791], [720, 1071, 1504], [1468, 954, 1292], [1938, 1312, 1680], [811, 1205, 1648], [1860, 327, 1767], [121, 1831, 46], [1466, 1029, 1537],
[21, 49, 882], [1740, 1313, 1705], [283, 965, 461], [1075, 1264, 1533], [198, 773, 528], [1490, 331, 1840], [789, 720, 665], [56, 621, 570], [1824, 320, 443], [1870, 1786, 1472],
[1026, 1807, 1100], [1486, 1166, 32], [1232, 1450, 575], [1694, 144, 1839], [846, 342, 232], [1374, 1410, 563], [834, 240, 861], [1077, 297, 1482], [1647, 1699, 1802], [131, 1610, 1207],
[1182, 255, 1055], [1860, 1741, 263], [1892, 1015, 1291], [508, 328, 1435], [1926, 1174, 1355], [199, 589, 806], [340, 1001, 624], [1201, 119, 499], [302, 1767, 239]]
[[0, 9, 1, 10], [0, 9, 10, 8], [9, 1, 9, 6], [2, 3, 5, 5], [8, 8, 0, 3], [2, 1, 0, 0], [0, 5, 9, 10], [8, 10, 4, 6], [8, 4, 5, 6], [2, 2, 1, 9],
[3, 10, 4, 5], [2, 8, 8, 9], [5, 9, 10, 6], [8, 10, 6, 8], [4, 2, 8, 10], [10, 1, 3, 6], [5, 7, 1, 5], [9, 3, 1, 2], [2, 6, 5, 3], [3, 3, 1, 6],
[10, 9, 1, 7], [9, 5, 3, 0], [5, 0, 0, 5], [10, 1, 0, 3], [8, 1, 8, 7], [2, 10, 7, 5], [3, 1, 8, 4], [2, 7, 10, 1], [5, 10, 7, 1], [2, 10, 2, 8],
[8, 0, 0, 7], [1, 9, 10, 10], [8, 6, 4, 0], [3, 0, 5, 6], [10, 0, 10, 0], [5, 7, 1, 8], [6, 6, 10, 9], [3, 1, 4, 0], [1, 4, 6, 2]]
[1, 0.5, 0.5, 0.25, 0.25, 0.125, 0.125, 0.0625, 0.0625, 0.03125,
0.03125, 0.015625, 0.015625, 0.0078125, 0.0078125, 0.00390625, 0.00390625, 0.00195312, 0.00195312, 0.000976562,
0.000976562, 0.000488281, 0.000488281, 0.000244141, 0.000244141, 0.00012207, 0.00012207, 6.10352e-05, 6.10352e-05, 3.05176e-05,
3.05176e-05, 1.52588e-05, 1.52588e-05, 7.62939e-06, 7.62939e-06, 3.8147e-06, 3.8147e-06, 1.90735e-06, 1.90735e-06]
[4, 7, 0, 5, 3, 16, 5, 6, 6, 12,
17, 19, 2, 18, 4, 17, 9, 4, 3, 15,
4, 16, 16, 12, 8, 17, 9, 5, 17, 8,
7, 2, 1, 19, 1, 4, 9, 19, 7]
------------------------------------------------------- 
# stage = 20	# children c = 2	length of each stage p = 1	nodes = 38	# items I = 1
