[68, 11, 31, 1, 41, 59, 20, 47, 40, 40,
71, 6, 10, 44, 41, 46, 5, 71, 45, 25,
38, 13, 47, 58, 94, 7, 50, 1, 79, 29,
54, 46, 40, 51, 13, 47, 76, 0, 94, 16,
40, 30, 89, 17, 74, 29, 63, 46, 100, 74,
71, 4, 88, 84, 28, 81, 58, 45]
[[696, 1078, 791], [1089, 830, 516], [676, 415, 926], [436, 468, 314], [1147, 110, 582], [149, 1069, 75], [7, 832, 837], [108, 339, 225], [707, 381, 136], [603, 112, 905],
[908, 1021, 1039], [543, 10, 713], [115, 686, 1128], [98, 178, 653], [412, 381, 975], [50, 530, 1100], [337, 538, 776], [18, 858, 1115], [455, 621, 341], [592, 281, 665],
[553, 33, 742], [437, 788, 752], [206, 1115, 282], [391, 269, 673], [100, 681, 1054], [131, 944, 429], [75, 125, 23], [1064, 144, 881], [79, 811, 346], [632, 247, 627],
[354, 1013, 872], [1096, 506, 716], [693, 924, 676], [31, 159, 945], [704, 471, 683], [815, 602, 683], [88, 890, 808], [323, 1010, 8], [48, 1089, 820], [606, 778, 123],
[290, 1132, 1136], [6, 128, 698], [723, 1033, 467], [455, 1065, 626], [456, 825, 1098], [1139, 484, 756], [878, 784, 490], [531, 1107, 344], [539, 211, 490], [415, 818, 112],
[539, 1108, 300], [731, 170, 640], [274, 1105, 518], [741, 404, 427], [423, 861, 308], [577, 1056, 1005], [178, 779, 633], [880, 154, 797]]
[[3, 2, 6, 5], [9, 6, 2, 8], [9, 8, 10, 3], [10, 5, 5, 10], [5, 5, 3, 7], [6, 0, 3, 1], [1, 10, 0, 10], [0, 3, 9, 3], [4, 2, 7, 2], [8, 9, 8, 4],
[4, 8, 6, 4], [2, 0, 3, 5], [3, 4, 1, 10], [4, 2, 9, 3], [1, 7, 3, 1], [9, 10, 5, 2], [2, 1, 2, 8], [8, 8, 0, 1], [3, 6, 3, 3], [4, 6, 8, 7],
[9, 8, 4, 2], [10, 2, 4, 10], [8, 7, 9, 6], [4, 1, 8, 4], [0, 8, 0, 6], [5, 0, 8, 9], [6, 0, 10, 8], [5, 8, 4, 1], [3, 7, 1, 0], [9, 5, 10, 4],
[10, 7, 10, 4], [8, 5, 6, 7], [2, 6, 2, 6], [6, 8, 2, 10], [9, 1, 7, 1], [7, 10, 2, 10], [6, 3, 0, 2], [9, 8, 7, 8], [2, 4, 10, 9], [10, 6, 5, 10],
[10, 7, 5, 6], [5, 7, 3, 1], [7, 9, 0, 3], [6, 0, 1, 10], [3, 1, 1, 10], [7, 6, 6, 10], [9, 3, 6, 8], [7, 0, 7, 7], [5, 0, 0, 8], [5, 3, 9, 1],
[10, 7, 3, 5], [7, 4, 4, 9], [3, 4, 6, 10], [8, 1, 7, 6], [3, 2, 3, 10], [0, 9, 6, 6], [9, 6, 3, 3], [8, 0, 3, 7]]
[1, 0.333333, 0.333333, 0.333333, 0.111111, 0.111111, 0.111111, 0.037037, 0.037037, 0.037037,
0.0123457, 0.0123457, 0.0123457, 0.00411523, 0.00411523, 0.00411523, 0.00137174, 0.00137174, 0.00137174, 0.000457247,
0.000457247, 0.000457247, 0.000152416, 0.000152416, 0.000152416, 5.08053e-05, 5.08053e-05, 5.08053e-05, 1.69351e-05, 1.69351e-05,
1.69351e-05, 5.64503e-06, 5.64503e-06, 5.64503e-06, 1.88168e-06, 1.88168e-06, 1.88168e-06, 6.27225e-07, 6.27225e-07, 6.27225e-07,
2.09075e-07, 2.09075e-07, 2.09075e-07, 6.96917e-08, 6.96917e-08, 6.96917e-08, 2.32306e-08, 2.32306e-08, 2.32306e-08, 7.74352e-09,
7.74352e-09, 7.74352e-09, 2.58117e-09, 2.58117e-09, 2.58117e-09, 8.60392e-10, 8.60392e-10, 8.60392e-10]
[21, 11, 18, 0, 23, 17, 17, 1, 19, 14,
1, 12, 17, 11, 9, 19, 13, 12, 1, 14,
15, 15, 13, 11, 17, 8, 5, 16, 4, 8,
8, 13, 17, 21, 5, 10, 10, 21, 3, 16,
2, 23, 5, 22, 11, 16, 2, 9, 22, 6,
9, 15, 2, 3, 14, 18, 3, 8]
------------------------------------------------------- 
# stage = 20	# children c = 3	length of each stage p = 1	nodes = 57	# items I = 1
