[51, 38, 7, 70, 91, 23, 74, 44, 44, 58,
51, 88, 44, 39, 99, 19, 1, 8, 2, 42,
16, 7, 2, 8, 9, 49, 30, 74, 20, 27,
18, 37, 66, 25, 6, 22, 14, 80, 66]
[[370, 677, 630], [91, 118, 674], [400, 140, 962], [902, 50, 790], [701, 983, 177], [678, 802, 525], [959, 387, 79], [295, 257, 256], [488, 491, 555], [689, 516, 328],
[709, 887, 608], [349, 580, 328], [625, 980, 468], [597, 495, 120], [989, 206, 705], [176, 486, 518], [303, 455, 507], [382, 353, 764], [240, 443, 857], [795, 142, 384],
[726, 453, 281], [936, 802, 861], [274, 437, 453], [344, 636, 948], [66, 635, 757], [772, 811, 253], [892, 716, 311], [409, 109, 266], [184, 349, 709], [51, 747, 453],
[37, 85, 907], [318, 623, 321], [781, 499, 361], [245, 445, 7], [795, 511, 643], [562, 293, 66], [816, 195, 783], [729, 605, 494], [5, 391, 445]]
[[2, 2, 7, 6], [5, 5, 7, 2], [3, 8, 6, 2], [0, 2, 3, 0], [4, 3, 4, 10], [4, 1, 7, 2], [5, 4, 9, 2], [0, 5, 9, 2], [7, 6, 6, 1], [9, 0, 1, 0],
[8, 8, 2, 6], [8, 3, 7, 10], [6, 0, 9, 10], [10, 6, 10, 5], [10, 9, 7, 8], [3, 5, 0, 8], [9, 4, 8, 6], [5, 9, 6, 0], [4, 6, 7, 1], [9, 3, 0, 3],
[1, 8, 0, 0], [3, 0, 3, 0], [7, 8, 9, 8], [1, 9, 5, 10], [0, 2, 3, 5], [10, 7, 6, 3], [2, 0, 3, 10], [3, 1, 0, 2], [9, 9, 2, 1], [9, 6, 0, 3],
[3, 9, 0, 4], [5, 4, 2, 5], [6, 3, 0, 3], [0, 4, 7, 0], [4, 10, 8, 5], [9, 6, 7, 8], [5, 7, 7, 1], [0, 7, 5, 2], [5, 3, 4, 10]]
[1, 0.5, 0.5, 0.25, 0.25, 0.125, 0.125, 0.0625, 0.0625, 0.03125,
0.03125, 0.015625, 0.015625, 0.0078125, 0.0078125, 0.00390625, 0.00390625, 0.00195312, 0.00195312, 0.000976562,
0.000976562, 0.000488281, 0.000488281, 0.000244141, 0.000244141, 0.00012207, 0.00012207, 6.10352e-05, 6.10352e-05, 3.05176e-05,
3.05176e-05, 1.52588e-05, 1.52588e-05, 7.62939e-06, 7.62939e-06, 3.8147e-06, 3.8147e-06, 1.90735e-06, 1.90735e-06]
[4, 9, 9, 2, 0, 5, 3, 0, 4, 1,
2, 5, 8, 1, 5, 1, 3, 5, 1, 9,
6, 4, 7, 7, 0, 0, 7, 1, 9, 0,
2, 8, 4, 0, 5, 0, 7, 2, 2]
------------------------------------------------------- 
# stage = 20	# children c = 2	length of each stage p = 1	nodes = 38	# items I = 1
