[93, 28, 99, 39, 86, 53, 38, 43, 71, 40,
45, 32, 16, 88, 96, 13, 82, 0, 30, 6,
53, 86, 75, 68, 96, 27, 21, 15, 73, 78,
77, 32, 5, 75, 71, 57, 27, 75, 0, 64,
14, 11, 97, 97, 65, 58, 76, 13, 24, 5,
19, 44, 57, 94, 11, 18, 87, 100]
[[366, 630, 1103], [49, 1824, 304], [871, 1700, 1444], [664, 2132, 1940], [830, 1014, 1938], [83, 619, 562], [1169, 7, 60], [967, 1921, 2122], [1741, 2121, 1722], [956, 1173, 1952],
[1465, 1785, 669], [656, 1835, 581], [960, 547, 122], [492, 1212, 341], [273, 129, 1355], [298, 212, 61], [1106, 1628, 314], [1166, 436, 77], [1375, 264, 285], [939, 1220, 1704],
[978, 772, 1330], [1648, 1428, 1006], [70, 476, 1800], [438, 968, 1099], [1025, 1241, 1474], [467, 1785, 1932], [528, 732, 1401], [843, 2144, 2083], [1166, 1360, 188], [1697, 386, 1654],
[1242, 1365, 268], [413, 1100, 1942], [1666, 1416, 259], [1307, 1854, 1227], [493, 720, 555], [1967, 1433, 427], [1740, 1961, 1159], [1229, 891, 1144], [1399, 144, 592], [1834, 1841, 978],
[1329, 924, 184], [1843, 1584, 1284], [1627, 1091, 541], [1886, 239, 482], [1201, 732, 1448], [1756, 786, 722], [271, 613, 771], [1430, 2088, 1908], [662, 1329, 2053], [1254, 1004, 1735],
[73, 420, 747], [504, 105, 172], [2034, 1732, 1263], [663, 1705, 1748], [1145, 747, 321], [681, 591, 1353], [1649, 862, 1966], [261, 379, 2142]]
[[5, 4, 10, 7], [5, 8, 1, 8], [9, 10, 6, 6], [7, 3, 6, 3], [10, 9, 8, 3], [9, 1, 2, 3], [10, 3, 9, 8], [8, 4, 10, 0], [8, 9, 7, 0], [4, 6, 8, 2],
[5, 1, 7, 0], [2, 0, 3, 1], [9, 9, 2, 6], [0, 4, 9, 10], [7, 8, 5, 2], [1, 4, 2, 7], [0, 7, 5, 2], [2, 0, 5, 6], [1, 1, 6, 3], [10, 9, 4, 8],
[8, 4, 3, 6], [8, 2, 5, 2], [8, 9, 4, 7], [2, 4, 3, 1], [9, 6, 3, 0], [6, 6, 4, 7], [7, 10, 10, 4], [9, 1, 2, 4], [5, 3, 10, 2], [3, 2, 2, 0],
[0, 6, 7, 1], [8, 8, 2, 6], [3, 3, 4, 9], [10, 9, 3, 4], [8, 2, 9, 4], [1, 9, 6, 4], [1, 3, 6, 5], [6, 6, 3, 6], [1, 9, 5, 7], [6, 7, 2, 8],
[9, 5, 4, 8], [3, 8, 10, 9], [8, 8, 3, 10], [6, 7, 3, 6], [0, 8, 0, 6], [3, 3, 10, 3], [1, 5, 8, 6], [10, 9, 1, 8], [3, 3, 3, 6], [0, 1, 2, 7],
[9, 5, 4, 3], [2, 5, 9, 0], [2, 7, 6, 4], [8, 5, 5, 8], [8, 0, 1, 8], [9, 2, 3, 1], [5, 5, 5, 4], [6, 8, 0, 2]]
[1, 0.333333, 0.333333, 0.333333, 0.111111, 0.111111, 0.111111, 0.037037, 0.037037, 0.037037,
0.0123457, 0.0123457, 0.0123457, 0.00411523, 0.00411523, 0.00411523, 0.00137174, 0.00137174, 0.00137174, 0.000457247,
0.000457247, 0.000457247, 0.000152416, 0.000152416, 0.000152416, 5.08053e-05, 5.08053e-05, 5.08053e-05, 1.69351e-05, 1.69351e-05,
1.69351e-05, 5.64503e-06, 5.64503e-06, 5.64503e-06, 1.88168e-06, 1.88168e-06, 1.88168e-06, 6.27225e-07, 6.27225e-07, 6.27225e-07,
2.09075e-07, 2.09075e-07, 2.09075e-07, 6.96917e-08, 6.96917e-08, 6.96917e-08, 2.32306e-08, 2.32306e-08, 2.32306e-08, 7.74352e-09,
7.74352e-09, 7.74352e-09, 2.58117e-09, 2.58117e-09, 2.58117e-09, 8.60392e-10, 8.60392e-10, 8.60392e-10]
[3, 0, 2, 6, 5, 4, 5, 0, 2, 7,
6, 2, 0, 2, 5, 5, 6, 9, 2, 1,
7, 3, 9, 0, 7, 6, 2, 1, 1, 3,
3, 10, 0, 0, 10, 7, 6, 6, 1, 1,
0, 10, 4, 2, 0, 7, 10, 9, 0, 10,
9, 4, 3, 7, 1, 3, 2, 3]
------------------------------------------------------- 
# stage = 20	# children c = 3	length of each stage p = 1	nodes = 57	# items I = 1
