[54, 87, 70, 15, 40, 86, 63, 95, 61, 59,
22, 93, 13, 54, 16, 38, 10, 18, 89, 82,
74, 54, 27, 59, 82, 1, 79, 40, 98, 23,
76, 18, 76, 11, 100, 16, 97, 63, 10, 57,
88, 100, 15, 67, 19, 99, 71, 30, 83, 60,
78, 57, 13, 5, 82, 61, 73, 60]
[[677, 530, 630], [56, 565, 237], [468, 917, 636], [205, 651, 416], [82, 578, 831], [217, 611, 359], [277, 511, 748], [299, 807, 358], [354, 411, 254], [664, 454, 233],
[941, 51, 635], [619, 107, 120], [856, 447, 86], [412, 525, 737], [828, 607, 235], [579, 696, 719], [811, 22, 150], [607, 193, 829], [14, 419, 288], [140, 131, 743],
[246, 120, 794], [753, 611, 774], [874, 387, 269], [832, 799, 794], [489, 548, 450], [725, 175, 194], [364, 34, 88], [514, 642, 281], [263, 528, 701], [552, 668, 832],
[343, 914, 825], [57, 588, 484], [831, 510, 744], [21, 390, 463], [687, 879, 59], [57, 524, 235], [124, 888, 269], [212, 322, 783], [494, 586, 359], [115, 58, 76],
[819, 401, 862], [692, 330, 498], [97, 82, 56], [713, 103, 318], [224, 662, 118], [284, 720, 642], [519, 716, 451], [660, 800, 645], [492, 214, 151], [851, 329, 209],
[927, 197, 482], [710, 761, 813], [256, 730, 895], [185, 491, 870], [375, 716, 452], [493, 48, 92], [56, 439, 808], [507, 147, 657]]
[[2, 0, 10, 8], [8, 5, 7, 4], [4, 0, 5, 5], [4, 8, 8, 1], [7, 5, 3, 9], [7, 1, 6, 3], [0, 4, 7, 0], [5, 6, 5, 5], [4, 4, 2, 1], [7, 8, 4, 1],
[8, 9, 6, 10], [5, 1, 0, 1], [4, 1, 8, 10], [3, 3, 2, 1], [7, 9, 2, 10], [2, 7, 5, 7], [9, 7, 6, 5], [4, 10, 6, 10], [7, 10, 10, 1], [0, 10, 2, 3],
[1, 9, 2, 2], [1, 4, 3, 7], [0, 5, 6, 0], [10, 9, 5, 8], [6, 10, 3, 8], [9, 7, 8, 5], [5, 7, 4, 5], [4, 7, 6, 3], [3, 8, 5, 4], [10, 7, 9, 8],
[10, 3, 7, 10], [1, 1, 7, 5], [0, 8, 1, 8], [3, 9, 0, 8], [3, 5, 0, 5], [10, 7, 9, 2], [2, 3, 6, 0], [8, 3, 8, 8], [6, 4, 7, 5], [4, 1, 0, 2],
[8, 1, 10, 0], [8, 0, 6, 9], [5, 6, 3, 2], [0, 1, 4, 3], [3, 8, 3, 0], [0, 9, 8, 4], [1, 2, 10, 5], [2, 8, 7, 10], [7, 5, 8, 2], [5, 3, 0, 8],
[9, 3, 10, 10], [3, 1, 0, 4], [9, 1, 2, 8], [10, 9, 1, 9], [0, 9, 1, 0], [4, 7, 10, 0], [1, 5, 2, 4], [8, 0, 10, 7]]
[1, 0.333333, 0.333333, 0.333333, 0.111111, 0.111111, 0.111111, 0.037037, 0.037037, 0.037037,
0.0123457, 0.0123457, 0.0123457, 0.00411523, 0.00411523, 0.00411523, 0.00137174, 0.00137174, 0.00137174, 0.000457247,
0.000457247, 0.000457247, 0.000152416, 0.000152416, 0.000152416, 5.08053e-05, 5.08053e-05, 5.08053e-05, 1.69351e-05, 1.69351e-05,
1.69351e-05, 5.64503e-06, 5.64503e-06, 5.64503e-06, 1.88168e-06, 1.88168e-06, 1.88168e-06, 6.27225e-07, 6.27225e-07, 6.27225e-07,
2.09075e-07, 2.09075e-07, 2.09075e-07, 6.96917e-08, 6.96917e-08, 6.96917e-08, 2.32306e-08, 2.32306e-08, 2.32306e-08, 7.74352e-09,
7.74352e-09, 7.74352e-09, 2.58117e-09, 2.58117e-09, 2.58117e-09, 8.60392e-10, 8.60392e-10, 8.60392e-10]
[15, 4, 9, 6, 0, 3, 1, 4, 13, 13,
6, 17, 11, 3, 8, 10, 16, 2, 16, 3,
17, 17, 8, 16, 19, 11, 17, 8, 5, 6,
4, 1, 15, 17, 16, 19, 3, 16, 1, 5,
7, 9, 18, 4, 2, 1, 10, 19, 9, 0,
13, 4, 19, 19, 17, 12, 2, 0]
------------------------------------------------------- 
# stage = 20	# children c = 3	length of each stage p = 1	nodes = 57	# items I = 1
