[32, 4, 50, 96, 37, 64, 71, 35, 88, 10,
100, 91, 23, 81, 90, 35, 100, 17, 63, 22,
40, 67, 83, 33, 51, 43, 80, 46, 88, 13,
61, 20, 84, 78, 15, 20, 41, 53, 21]
[[791, 1800, 434], [645, 1342, 1922], [1510, 723, 438], [715, 2081, 2118], [1355, 1594, 498], [994, 1293, 1408], [157, 1450, 478], [1130, 1052, 1520], [1998, 1981, 1726], [2069, 1392, 1669],
[1236, 2003, 1233], [1670, 232, 339], [1177, 1743, 883], [1615, 42, 548], [1497, 1398, 1962], [1995, 2212, 839], [987, 134, 2109], [1466, 1084, 926], [570, 847, 491], [2116, 500, 1883],
[1550, 1736, 1470], [367, 991, 1523], [707, 1988, 1030], [1410, 1367, 1072], [1778, 448, 54], [1504, 28, 31], [2163, 1015, 2221], [2037, 65, 889], [547, 635, 1736], [1038, 516, 2057],
[505, 1886, 1377], [1975, 17, 132], [1262, 544, 2120], [2112, 1774, 1071], [769, 1316, 1340], [823, 404, 1188], [674, 332, 2203], [479, 133, 2089], [1369, 500, 308]]
[[10, 1, 5, 6], [8, 5, 2, 5], [5, 8, 2, 4], [0, 6, 1, 10], [9, 2, 3, 3], [3, 6, 4, 9], [8, 7, 7, 5], [9, 0, 1, 6], [2, 6, 1, 10], [0, 3, 3, 4],
[10, 3, 6, 8], [10, 7, 7, 8], [9, 10, 1, 10], [5, 3, 8, 2], [10, 5, 7, 6], [3, 6, 1, 5], [0, 1, 3, 9], [4, 6, 2, 1], [9, 6, 9, 8], [2, 6, 4, 10],
[5, 3, 9, 9], [4, 5, 9, 1], [8, 6, 7, 0], [10, 8, 6, 10], [7, 9, 7, 1], [2, 7, 0, 0], [3, 10, 7, 3], [3, 9, 2, 6], [10, 10, 4, 3], [2, 3, 2, 10],
[7, 9, 10, 4], [4, 5, 2, 1], [1, 9, 0, 1], [5, 0, 0, 8], [10, 5, 10, 0], [1, 10, 7, 0], [9, 0, 1, 9], [1, 3, 8, 8], [10, 8, 2, 3]]
[1, 0.5, 0.5, 0.25, 0.25, 0.125, 0.125, 0.0625, 0.0625, 0.03125,
0.03125, 0.015625, 0.015625, 0.0078125, 0.0078125, 0.00390625, 0.00390625, 0.00195312, 0.00195312, 0.000976562,
0.000976562, 0.000488281, 0.000488281, 0.000244141, 0.000244141, 0.00012207, 0.00012207, 6.10352e-05, 6.10352e-05, 3.05176e-05,
3.05176e-05, 1.52588e-05, 1.52588e-05, 7.62939e-06, 7.62939e-06, 3.8147e-06, 3.8147e-06, 1.90735e-06, 1.90735e-06]
[2, 6, 10, 10, 8, 8, 5, 0, 7, 10,
8, 0, 4, 9, 1, 10, 6, 10, 9, 8,
5, 6, 8, 9, 11, 11, 8, 8, 4, 1,
6, 0, 0, 1, 11, 3, 10, 7, 8]
------------------------------------------------------- 
# stage = 20	# children c = 2	length of each stage p = 1	nodes = 38	# items I = 1
