[35, 12, 6, 37, 16, 0, 16, 80, 77, 45,
20, 41, 71, 25, 67, 31, 79, 15, 25, 94,
24, 85, 51, 93, 54, 66, 2, 5, 80, 74,
42, 81, 86, 14, 84, 69, 14, 66, 14, 58,
10, 1, 99, 47, 93, 31, 45, 71, 12, 70,
30, 36, 21, 82, 29, 41, 13, 31]
[[66, 80, 288], [693, 718, 180], [962, 174, 289], [771, 226, 177], [295, 423, 784], [1031, 553, 423], [544, 764, 500], [397, 772, 587], [422, 380, 926], [304, 345, 185],
[706, 403, 265], [986, 56, 975], [126, 1018, 110], [415, 750, 336], [584, 13, 760], [336, 13, 281], [760, 549, 5], [220, 947, 778], [807, 329, 126], [694, 633, 463],
[879, 299, 858], [112, 245, 906], [47, 371, 893], [157, 779, 611], [486, 331, 616], [206, 668, 629], [479, 388, 139], [485, 608, 54], [231, 375, 375], [349, 37, 1008],
[805, 916, 268], [631, 1020, 505], [506, 36, 869], [359, 185, 616], [962, 671, 947], [546, 877, 575], [136, 325, 955], [275, 810, 531], [321, 1, 899], [696, 350, 936],
[664, 115, 821], [932, 747, 801], [398, 213, 837], [235, 564, 1015], [851, 486, 654], [758, 1024, 492], [294, 128, 817], [217, 395, 587], [741, 716, 580], [608, 380, 922],
[504, 13, 6], [285, 937, 745], [55, 303, 950], [884, 530, 482], [867, 349, 960], [490, 68, 952], [974, 354, 41], [751, 571, 436]]
[[6, 7, 0, 6], [8, 8, 0, 5], [7, 7, 6, 2], [7, 0, 3, 8], [0, 6, 4, 0], [1, 5, 8, 1], [0, 7, 8, 9], [6, 8, 3, 10], [2, 2, 5, 10], [10, 3, 2, 4],
[10, 9, 6, 5], [7, 8, 2, 5], [3, 7, 4, 3], [10, 1, 4, 8], [8, 1, 7, 1], [7, 8, 9, 7], [10, 3, 4, 7], [6, 7, 0, 3], [3, 5, 8, 10], [2, 0, 4, 3],
[5, 8, 6, 2], [7, 10, 10, 2], [9, 4, 1, 3], [2, 10, 10, 10], [0, 4, 7, 4], [9, 5, 8, 1], [8, 3, 9, 10], [1, 0, 1, 4], [7, 7, 6, 3], [5, 6, 4, 1],
[8, 5, 5, 8], [3, 2, 8, 3], [4, 2, 8, 2], [7, 3, 1, 5], [6, 10, 2, 6], [0, 3, 10, 7], [9, 6, 8, 1], [10, 10, 2, 5], [5, 5, 3, 8], [6, 0, 9, 10],
[2, 6, 0, 7], [7, 1, 10, 3], [10, 2, 9, 8], [3, 6, 2, 10], [1, 10, 0, 9], [10, 1, 4, 2], [4, 7, 8, 10], [5, 6, 8, 5], [0, 6, 1, 7], [7, 10, 8, 4],
[1, 4, 1, 2], [0, 3, 2, 10], [3, 2, 7, 0], [1, 0, 0, 6], [5, 6, 3, 8], [10, 0, 2, 10], [6, 1, 5, 1], [0, 0, 5, 10]]
[1, 0.333333, 0.333333, 0.333333, 0.111111, 0.111111, 0.111111, 0.037037, 0.037037, 0.037037,
0.0123457, 0.0123457, 0.0123457, 0.00411523, 0.00411523, 0.00411523, 0.00137174, 0.00137174, 0.00137174, 0.000457247,
0.000457247, 0.000457247, 0.000152416, 0.000152416, 0.000152416, 5.08053e-05, 5.08053e-05, 5.08053e-05, 1.69351e-05, 1.69351e-05,
1.69351e-05, 5.64503e-06, 5.64503e-06, 5.64503e-06, 1.88168e-06, 1.88168e-06, 1.88168e-06, 6.27225e-07, 6.27225e-07, 6.27225e-07,
2.09075e-07, 2.09075e-07, 2.09075e-07, 6.96917e-08, 6.96917e-08, 6.96917e-08, 2.32306e-08, 2.32306e-08, 2.32306e-08, 7.74352e-09,
7.74352e-09, 7.74352e-09, 2.58117e-09, 2.58117e-09, 2.58117e-09, 8.60392e-10, 8.60392e-10, 8.60392e-10]
[0, 0, 1, 2, 0, 4, 7, 8, 10, 3,
7, 3, 4, 10, 2, 2, 5, 4, 6, 4,
6, 6, 7, 4, 7, 6, 8, 10, 1, 7,
3, 2, 10, 2, 6, 9, 2, 2, 4, 2,
1, 1, 4, 8, 8, 5, 1, 7, 9, 5,
1, 3, 6, 9, 10, 6, 8, 7]
------------------------------------------------------- 
# stage = 20	# children c = 3	length of each stage p = 1	nodes = 57	# items I = 1
