[41, 84, 51, 74, 87, 19, 28, 38, 46, 13,
48, 68, 32, 30, 65, 71, 32, 30, 78, 46,
33, 25, 3, 13, 62, 49, 69, 61, 46, 50,
84, 53, 33, 0, 93, 19, 86, 20, 24]
[[698, 448, 400], [528, 857, 536], [491, 220, 960], [676, 783, 1066], [223, 386, 339], [165, 1070, 957], [153, 422, 729], [885, 778, 278], [252, 363, 561], [719, 301, 437],
[23, 32, 1010], [548, 560, 899], [1084, 1051, 26], [1076, 759, 934], [1049, 14, 228], [420, 304, 205], [410, 457, 753], [171, 250, 438], [450, 627, 801], [43, 254, 134],
[605, 402, 166], [522, 950, 851], [329, 1066, 809], [480, 1049, 600], [322, 37, 614], [675, 457, 919], [880, 867, 408], [665, 1039, 783], [135, 521, 318], [1061, 689, 697],
[228, 202, 131], [394, 849, 1081], [153, 85, 86], [1087, 566, 42], [720, 1013, 79], [241, 595, 661], [192, 507, 436], [726, 80, 507], [416, 340, 60]]
[[6, 8, 0, 10], [9, 9, 9, 5], [3, 10, 3, 2], [7, 6, 0, 10], [0, 7, 6, 7], [7, 6, 3, 3], [7, 2, 5, 2], [9, 4, 5, 3], [1, 4, 2, 8], [2, 1, 1, 6],
[9, 4, 6, 3], [8, 6, 2, 8], [3, 6, 5, 8], [1, 8, 1, 6], [10, 4, 9, 7], [7, 1, 8, 8], [5, 10, 4, 6], [9, 3, 10, 5], [7, 5, 9, 3], [10, 9, 0, 0],
[5, 5, 8, 4], [1, 7, 0, 9], [1, 7, 5, 8], [6, 2, 3, 10], [0, 5, 5, 7], [8, 4, 0, 3], [7, 9, 6, 4], [5, 4, 4, 10], [10, 0, 4, 0], [7, 2, 9, 6],
[7, 2, 1, 2], [2, 3, 1, 2], [8, 4, 8, 4], [8, 8, 5, 3], [4, 0, 7, 9], [4, 1, 9, 1], [1, 0, 10, 6], [2, 7, 0, 7], [7, 1, 9, 9]]
[1, 0.5, 0.5, 0.25, 0.25, 0.125, 0.125, 0.0625, 0.0625, 0.03125,
0.03125, 0.015625, 0.015625, 0.0078125, 0.0078125, 0.00390625, 0.00390625, 0.00195312, 0.00195312, 0.000976562,
0.000976562, 0.000488281, 0.000488281, 0.000244141, 0.000244141, 0.00012207, 0.00012207, 6.10352e-05, 6.10352e-05, 3.05176e-05,
3.05176e-05, 1.52588e-05, 1.52588e-05, 7.62939e-06, 7.62939e-06, 3.8147e-06, 3.8147e-06, 1.90735e-06, 1.90735e-06]
[8, 6, 2, 10, 10, 5, 9, 9, 1, 4,
1, 7, 3, 1, 4, 0, 0, 7, 3, 2,
2, 9, 0, 3, 6, 3, 0, 0, 6, 8,
7, 10, 2, 6, 0, 5, 1, 10, 5]
------------------------------------------------------- 
# stage = 20	# children c = 2	length of each stage p = 1	nodes = 38	# items I = 1
