[72, 41, 10, 91, 60, 25, 59, 5, 7, 17,
1, 85, 10, 76, 77, 45, 78, 57, 91, 9,
21, 6, 30, 90, 46, 46, 47, 95, 50, 32,
80, 88, 39, 90, 45, 65, 14, 3, 36, 88,
88, 37, 39, 98, 12, 82, 43, 56, 38, 100,
31, 60, 72, 61, 15, 18, 73, 62]
[[653, 362, 649], [715, 371, 182], [973, 349, 296], [1004, 654, 827], [398, 486, 483], [559, 256, 1014], [642, 699, 591], [319, 570, 56], [273, 772, 1017], [79, 882, 516],
[262, 202, 590], [624, 629, 962], [806, 557, 1023], [57, 517, 345], [884, 627, 831], [35, 141, 799], [761, 783, 454], [308, 815, 736], [364, 43, 175], [48, 122, 769],
[565, 97, 971], [110, 721, 267], [784, 482, 825], [475, 251, 9], [820, 91, 636], [606, 883, 489], [72, 599, 984], [526, 907, 754], [974, 984, 510], [861, 1032, 632],
[585, 552, 729], [511, 375, 117], [779, 871, 599], [271, 301, 851], [1037, 833, 654], [340, 106, 492], [829, 179, 803], [480, 417, 378], [190, 59, 317], [700, 920, 304],
[1044, 461, 569], [441, 684, 656], [558, 130, 482], [870, 113, 496], [676, 105, 1041], [1042, 445, 103], [201, 986, 1039], [1004, 422, 411], [49, 324, 182], [366, 736, 58],
[383, 735, 231], [664, 888, 915], [275, 114, 1], [469, 984, 114], [965, 327, 977], [674, 36, 377], [777, 237, 31], [771, 953, 453]]
[[1, 5, 4, 4], [4, 7, 9, 7], [5, 3, 5, 1], [5, 9, 7, 4], [3, 2, 0, 8], [8, 8, 7, 4], [4, 2, 4, 10], [7, 9, 1, 9], [4, 5, 0, 6], [0, 9, 2, 5],
[10, 7, 7, 3], [6, 1, 5, 7], [2, 3, 4, 8], [1, 9, 1, 5], [9, 5, 3, 6], [2, 4, 2, 6], [7, 2, 10, 7], [9, 1, 0, 9], [6, 5, 10, 10], [4, 4, 4, 6],
[8, 6, 3, 9], [4, 3, 1, 3], [8, 4, 9, 8], [6, 9, 3, 3], [0, 0, 8, 7], [10, 6, 3, 6], [9, 2, 3, 3], [7, 8, 7, 4], [1, 0, 0, 6], [1, 10, 9, 9],
[2, 5, 7, 8], [1, 8, 9, 10], [7, 5, 6, 6], [9, 10, 10, 8], [10, 3, 0, 6], [9, 7, 8, 8], [5, 6, 3, 6], [6, 10, 3, 6], [2, 8, 3, 3], [3, 0, 2, 10],
[3, 7, 4, 1], [4, 3, 7, 3], [4, 7, 10, 0], [2, 5, 9, 5], [1, 1, 10, 5], [10, 0, 0, 1], [6, 1, 3, 7], [10, 3, 5, 2], [10, 9, 2, 3], [10, 9, 7, 4],
[4, 4, 2, 4], [7, 0, 7, 6], [0, 4, 0, 10], [4, 9, 9, 8], [9, 1, 5, 8], [5, 8, 9, 2], [4, 9, 6, 3], [5, 0, 7, 7]]
[1, 0.333333, 0.333333, 0.333333, 0.111111, 0.111111, 0.111111, 0.037037, 0.037037, 0.037037,
0.0123457, 0.0123457, 0.0123457, 0.00411523, 0.00411523, 0.00411523, 0.00137174, 0.00137174, 0.00137174, 0.000457247,
0.000457247, 0.000457247, 0.000152416, 0.000152416, 0.000152416, 5.08053e-05, 5.08053e-05, 5.08053e-05, 1.69351e-05, 1.69351e-05,
1.69351e-05, 5.64503e-06, 5.64503e-06, 5.64503e-06, 1.88168e-06, 1.88168e-06, 1.88168e-06, 6.27225e-07, 6.27225e-07, 6.27225e-07,
2.09075e-07, 2.09075e-07, 2.09075e-07, 6.96917e-08, 6.96917e-08, 6.96917e-08, 2.32306e-08, 2.32306e-08, 2.32306e-08, 7.74352e-09,
7.74352e-09, 7.74352e-09, 2.58117e-09, 2.58117e-09, 2.58117e-09, 8.60392e-10, 8.60392e-10, 8.60392e-10]
[2, 10, 4, 1, 2, 9, 3, 1, 3, 6,
2, 1, 3, 1, 3, 6, 6, 9, 5, 0,
3, 5, 7, 4, 0, 8, 9, 1, 3, 4,
2, 10, 2, 6, 3, 8, 9, 9, 8, 2,
2, 6, 6, 10, 8, 3, 10, 5, 4, 5,
3, 10, 1, 5, 8, 4, 5, 6]
------------------------------------------------------- 
# stage = 20	# children c = 3	length of each stage p = 1	nodes = 57	# items I = 1
