[54, 67, 30, 44, 35, 19, 9, 96, 95, 98,
9, 88, 28, 76, 59, 86, 50, 79, 84, 52,
50, 84, 54, 57, 95, 11, 91, 70, 97, 54,
97, 16, 87, 26, 27, 21, 12, 36, 16, 6,
34, 93, 60, 28, 68, 85, 80, 84, 64, 63,
35, 80, 12, 89, 2, 73, 67, 93]
[[1773, 1720, 540], [513, 1273, 1535], [1090, 1900, 1729], [55, 479, 295], [1259, 1025, 1723], [530, 1688, 1355], [1054, 1206, 547], [178, 786, 69], [1849, 403, 602], [1957, 24, 1860],
[19, 404, 1608], [559, 917, 1488], [701, 34, 22], [458, 670, 501], [1333, 536, 133], [1083, 1066, 429], [1045, 148, 242], [199, 906, 1028], [269, 1363, 1431], [1451, 1927, 62],
[1338, 1946, 466], [1553, 1113, 1964], [1069, 421, 605], [1671, 1459, 1855], [200, 819, 999], [913, 509, 92], [1342, 1555, 820], [1585, 1754, 334], [1220, 630, 304], [679, 108, 258],
[741, 1447, 812], [1788, 1607, 532], [386, 1283, 953], [991, 982, 440], [874, 1762, 1259], [1873, 702, 1769], [572, 652, 1931], [0, 844, 1712], [334, 91, 370], [638, 1350, 1058],
[1476, 699, 532], [315, 1094, 747], [847, 1480, 57], [1801, 498, 1039], [848, 1952, 828], [134, 459, 138], [510, 1032, 1370], [468, 1032, 241], [788, 1946, 912], [1738, 1191, 290],
[823, 694, 1569], [1936, 1590, 690], [710, 464, 197], [1347, 872, 1275], [414, 1720, 1255], [1822, 462, 1714], [567, 972, 1353], [1937, 48, 992]]
[[4, 8, 0, 7], [6, 0, 3, 1], [3, 9, 10, 6], [2, 6, 3, 4], [6, 10, 6, 5], [0, 3, 0, 7], [4, 1, 1, 1], [10, 9, 4, 3], [7, 3, 10, 0], [3, 3, 1, 5],
[1, 9, 0, 4], [5, 1, 6, 9], [9, 1, 2, 9], [3, 2, 5, 7], [3, 4, 8, 1], [1, 0, 4, 6], [3, 2, 6, 4], [5, 7, 9, 4], [5, 7, 6, 8], [6, 1, 7, 4],
[1, 9, 2, 4], [9, 5, 9, 0], [8, 7, 1, 9], [5, 3, 4, 6], [5, 10, 10, 8], [4, 7, 2, 7], [3, 6, 5, 10], [6, 10, 1, 7], [6, 4, 9, 2], [7, 7, 2, 2],
[1, 1, 0, 6], [3, 2, 10, 8], [10, 10, 6, 3], [6, 6, 9, 7], [1, 3, 4, 7], [0, 6, 1, 6], [8, 10, 6, 2], [5, 7, 5, 4], [8, 3, 9, 0], [6, 8, 7, 3],
[5, 2, 7, 9], [8, 3, 6, 7], [4, 8, 2, 4], [1, 3, 8, 7], [1, 3, 10, 4], [10, 2, 8, 6], [5, 4, 4, 9], [2, 0, 2, 7], [0, 7, 6, 6], [10, 10, 3, 3],
[5, 3, 5, 5], [6, 2, 10, 5], [3, 7, 9, 3], [9, 5, 7, 2], [7, 0, 0, 9], [10, 0, 4, 10], [7, 8, 6, 4], [5, 7, 7, 8]]
[1, 0.333333, 0.333333, 0.333333, 0.111111, 0.111111, 0.111111, 0.037037, 0.037037, 0.037037,
0.0123457, 0.0123457, 0.0123457, 0.00411523, 0.00411523, 0.00411523, 0.00137174, 0.00137174, 0.00137174, 0.000457247,
0.000457247, 0.000457247, 0.000152416, 0.000152416, 0.000152416, 5.08053e-05, 5.08053e-05, 5.08053e-05, 1.69351e-05, 1.69351e-05,
1.69351e-05, 5.64503e-06, 5.64503e-06, 5.64503e-06, 1.88168e-06, 1.88168e-06, 1.88168e-06, 6.27225e-07, 6.27225e-07, 6.27225e-07,
2.09075e-07, 2.09075e-07, 2.09075e-07, 6.96917e-08, 6.96917e-08, 6.96917e-08, 2.32306e-08, 2.32306e-08, 2.32306e-08, 7.74352e-09,
7.74352e-09, 7.74352e-09, 2.58117e-09, 2.58117e-09, 2.58117e-09, 8.60392e-10, 8.60392e-10, 8.60392e-10]
[8, 3, 14, 2, 4, 14, 18, 13, 4, 19,
19, 2, 4, 6, 8, 5, 3, 11, 13, 18,
10, 6, 12, 3, 4, 3, 16, 14, 4, 8,
6, 0, 13, 12, 9, 7, 14, 11, 16, 15,
9, 17, 7, 9, 11, 8, 3, 12, 4, 15,
6, 16, 12, 18, 7, 14, 3, 6]
------------------------------------------------------- 
# stage = 20	# children c = 3	length of each stage p = 1	nodes = 57	# items I = 1
