[31, 53, 94, 52, 6, 90, 34, 28, 28, 81,
86, 67, 7, 25, 46, 61, 38, 82, 69, 24,
9, 32, 57, 50, 83, 35, 23, 37, 4, 24,
94, 36, 77, 87, 54, 83, 76, 89, 77]
[[955, 178, 572], [523, 1030, 26], [77, 179, 768], [484, 459, 641], [732, 659, 948], [670, 285, 498], [513, 992, 488], [615, 652, 316], [297, 615, 40], [197, 196, 434],
[469, 311, 612], [201, 1037, 600], [227, 274, 982], [996, 758, 399], [797, 650, 16], [703, 278, 503], [362, 993, 655], [10, 566, 265], [326, 23, 40], [568, 220, 439],
[1002, 891, 952], [572, 50, 947], [332, 278, 179], [474, 434, 98], [874, 189, 748], [50, 52, 187], [756, 616, 138], [369, 626, 907], [837, 952, 930], [877, 478, 311],
[476, 640, 160], [387, 372, 211], [292, 907, 691], [674, 339, 285], [974, 171, 474], [680, 424, 728], [27, 138, 303], [166, 507, 89], [233, 504, 0]]
[[9, 2, 3, 0], [10, 6, 9, 3], [0, 10, 0, 8], [2, 3, 1, 5], [6, 5, 7, 8], [10, 4, 8, 10], [5, 4, 7, 5], [2, 10, 0, 0], [0, 1, 9, 10], [7, 5, 3, 7],
[4, 1, 2, 5], [2, 2, 10, 8], [7, 5, 6, 6], [7, 1, 5, 0], [6, 0, 5, 6], [10, 3, 4, 10], [3, 2, 8, 10], [7, 0, 5, 10], [10, 7, 4, 1], [9, 1, 7, 4],
[6, 2, 10, 1], [2, 3, 1, 6], [3, 4, 1, 2], [8, 5, 0, 9], [7, 8, 6, 1], [6, 0, 0, 3], [6, 2, 4, 2], [4, 0, 6, 8], [1, 6, 9, 1], [7, 10, 7, 10],
[4, 8, 10, 10], [2, 10, 8, 7], [5, 1, 8, 9], [2, 7, 1, 6], [7, 3, 6, 0], [2, 0, 9, 3], [4, 5, 4, 0], [5, 9, 10, 7], [6, 7, 4, 6]]
[1, 0.5, 0.5, 0.25, 0.25, 0.125, 0.125, 0.0625, 0.0625, 0.03125,
0.03125, 0.015625, 0.015625, 0.0078125, 0.0078125, 0.00390625, 0.00390625, 0.00195312, 0.00195312, 0.000976562,
0.000976562, 0.000488281, 0.000488281, 0.000244141, 0.000244141, 0.00012207, 0.00012207, 6.10352e-05, 6.10352e-05, 3.05176e-05,
3.05176e-05, 1.52588e-05, 1.52588e-05, 7.62939e-06, 7.62939e-06, 3.8147e-06, 3.8147e-06, 1.90735e-06, 1.90735e-06]
[0, 0, 4, 8, 3, 10, 6, 10, 8, 9,
7, 8, 1, 10, 8, 7, 8, 0, 10, 4,
9, 0, 1, 9, 3, 4, 4, 1, 5, 1,
6, 7, 3, 1, 0, 4, 4, 1, 10]
------------------------------------------------------- 
# stage = 20	# children c = 2	length of each stage p = 1	nodes = 38	# items I = 1
