[38, 65, 52, 34, 65, 23, 73, 80, 87, 98,
24, 80, 20, 13, 31, 79, 34, 80, 2, 43,
33, 53, 20, 13, 29, 53, 45, 44, 92, 80,
3, 29, 10, 21, 29, 75, 44, 1, 54, 30,
100, 44, 9, 86, 24, 6, 30, 58, 86, 33,
0, 86, 52, 21, 99, 47, 40, 43]
[[653, 771, 73], [810, 97, 539], [876, 928, 566], [263, 319, 168], [785, 679, 709], [474, 838, 306], [880, 652, 725], [214, 414, 690], [441, 199, 353], [323, 553, 787],
[921, 823, 206], [25, 282, 889], [181, 189, 849], [748, 452, 199], [533, 854, 878], [859, 946, 747], [196, 857, 48], [922, 103, 462], [643, 161, 278], [613, 101, 832],
[431, 53, 303], [255, 664, 585], [175, 845, 774], [55, 241, 843], [841, 774, 346], [367, 665, 323], [732, 478, 211], [780, 431, 900], [273, 691, 92], [551, 336, 193],
[31, 384, 832], [335, 639, 527], [920, 815, 21], [343, 487, 262], [803, 359, 654], [180, 344, 936], [120, 107, 445], [918, 887, 494], [849, 191, 216], [559, 359, 169],
[369, 8, 554], [233, 343, 224], [377, 880, 656], [398, 254, 761], [278, 675, 737], [932, 472, 112], [899, 593, 219], [961, 542, 137], [486, 39, 914], [703, 598, 891],
[489, 968, 899], [74, 818, 859], [885, 812, 770], [572, 242, 642], [364, 137, 348], [133, 100, 820], [245, 616, 61], [82, 225, 603]]
[[2, 7, 8, 4], [1, 4, 5, 2], [1, 9, 7, 3], [2, 1, 0, 10], [2, 3, 5, 6], [4, 3, 3, 8], [2, 7, 3, 4], [0, 2, 3, 2], [7, 9, 4, 7], [2, 8, 9, 1],
[4, 3, 5, 4], [5, 3, 3, 5], [6, 7, 0, 8], [8, 2, 3, 10], [9, 7, 1, 9], [7, 4, 10, 3], [0, 1, 8, 2], [7, 6, 4, 0], [10, 7, 5, 2], [10, 6, 5, 3],
[0, 5, 0, 8], [5, 3, 7, 4], [8, 6, 0, 4], [8, 8, 6, 8], [8, 3, 9, 4], [8, 0, 3, 7], [7, 6, 7, 6], [1, 1, 9, 0], [4, 7, 8, 10], [10, 3, 1, 8],
[9, 1, 10, 7], [8, 3, 4, 5], [5, 0, 9, 2], [0, 10, 7, 7], [5, 3, 0, 5], [2, 7, 5, 4], [3, 0, 1, 3], [1, 2, 9, 0], [2, 6, 5, 10], [10, 7, 4, 4],
[8, 0, 6, 8], [0, 0, 3, 3], [1, 3, 6, 3], [9, 9, 5, 1], [10, 7, 2, 0], [9, 9, 9, 0], [5, 1, 10, 4], [9, 1, 6, 6], [2, 10, 1, 0], [10, 2, 3, 0],
[4, 10, 1, 2], [6, 6, 3, 5], [2, 4, 4, 1], [2, 0, 10, 7], [2, 10, 9, 0], [0, 4, 4, 0], [3, 3, 0, 0], [6, 4, 0, 10]]
[1, 0.333333, 0.333333, 0.333333, 0.111111, 0.111111, 0.111111, 0.037037, 0.037037, 0.037037,
0.0123457, 0.0123457, 0.0123457, 0.00411523, 0.00411523, 0.00411523, 0.00137174, 0.00137174, 0.00137174, 0.000457247,
0.000457247, 0.000457247, 0.000152416, 0.000152416, 0.000152416, 5.08053e-05, 5.08053e-05, 5.08053e-05, 1.69351e-05, 1.69351e-05,
1.69351e-05, 5.64503e-06, 5.64503e-06, 5.64503e-06, 1.88168e-06, 1.88168e-06, 1.88168e-06, 6.27225e-07, 6.27225e-07, 6.27225e-07,
2.09075e-07, 2.09075e-07, 2.09075e-07, 6.96917e-08, 6.96917e-08, 6.96917e-08, 2.32306e-08, 2.32306e-08, 2.32306e-08, 7.74352e-09,
7.74352e-09, 7.74352e-09, 2.58117e-09, 2.58117e-09, 2.58117e-09, 8.60392e-10, 8.60392e-10, 8.60392e-10]
[3, 8, 9, 9, 6, 0, 4, 0, 4, 4,
3, 3, 7, 2, 5, 8, 4, 9, 5, 1,
8, 8, 2, 4, 4, 2, 7, 7, 8, 5,
2, 6, 1, 3, 9, 9, 8, 3, 8, 1,
8, 1, 3, 2, 3, 9, 3, 3, 6, 3,
3, 2, 0, 5, 4, 2, 4, 0]
------------------------------------------------------- 
# stage = 20	# children c = 3	length of each stage p = 1	nodes = 57	# items I = 1
