[58, 0, 53, 86, 12, 96, 28, 66, 5, 74,
84, 73, 76, 25, 38, 47, 88, 100, 72, 40,
68, 100, 60, 32, 89, 1, 27, 22, 79, 87,
70, 2, 53, 22, 54, 66, 84, 83, 98]
[[98, 1743, 1560], [606, 1428, 790], [1254, 203, 1775], [570, 1326, 1105], [421, 1013, 1864], [87, 1567, 751], [1566, 274, 1224], [221, 702, 307], [1589, 984, 853], [1307, 1863, 144],
[155, 1457, 1384], [1715, 1559, 441], [638, 946, 644], [42, 1012, 1466], [644, 929, 612], [641, 1016, 313], [889, 211, 83], [246, 432, 281], [50, 1518, 1265], [903, 958, 757],
[544, 1113, 1710], [61, 457, 898], [1865, 591, 1844], [642, 633, 485], [1604, 1277, 1415], [349, 1415, 564], [662, 1800, 776], [745, 179, 704], [1027, 1592, 355], [1788, 629, 1313],
[175, 1173, 55], [1381, 730, 8], [413, 728, 599], [1753, 866, 1233], [372, 603, 139], [1787, 448, 1050], [484, 607, 983], [756, 848, 659], [1461, 1371, 384]]
[[4, 0, 10, 2], [3, 6, 5, 6], [5, 3, 8, 1], [4, 1, 0, 8], [9, 10, 1, 1], [5, 7, 10, 0], [4, 4, 8, 7], [5, 4, 9, 7], [4, 8, 7, 5], [2, 1, 0, 7],
[3, 7, 6, 7], [8, 4, 2, 5], [1, 3, 4, 7], [0, 1, 5, 4], [5, 2, 9, 8], [6, 5, 4, 9], [2, 0, 1, 2], [10, 2, 7, 2], [7, 2, 8, 2], [4, 10, 7, 6],
[1, 9, 0, 10], [10, 3, 1, 4], [6, 8, 1, 10], [2, 3, 6, 2], [3, 8, 5, 1], [8, 1, 3, 4], [2, 9, 6, 6], [7, 1, 10, 8], [10, 10, 5, 8], [3, 6, 10, 7],
[3, 1, 4, 5], [2, 0, 7, 6], [6, 10, 7, 3], [1, 8, 5, 3], [7, 9, 7, 1], [8, 7, 9, 6], [4, 3, 3, 5], [7, 2, 1, 10], [1, 4, 2, 2]]
[1, 0.5, 0.5, 0.25, 0.25, 0.125, 0.125, 0.0625, 0.0625, 0.03125,
0.03125, 0.015625, 0.015625, 0.0078125, 0.0078125, 0.00390625, 0.00390625, 0.00195312, 0.00195312, 0.000976562,
0.000976562, 0.000488281, 0.000488281, 0.000244141, 0.000244141, 0.00012207, 0.00012207, 6.10352e-05, 6.10352e-05, 3.05176e-05,
3.05176e-05, 1.52588e-05, 1.52588e-05, 7.62939e-06, 7.62939e-06, 3.8147e-06, 3.8147e-06, 1.90735e-06, 1.90735e-06]
[5, 9, 7, 6, 4, 3, 1, 1, 6, 0,
7, 6, 7, 7, 3, 1, 9, 3, 5, 6,
2, 1, 2, 9, 7, 3, 3, 3, 8, 5,
3, 1, 1, 2, 7, 9, 0, 4, 6]
------------------------------------------------------- 
# stage = 20	# children c = 2	length of each stage p = 1	nodes = 38	# items I = 1
