[40, 39, 22, 16, 73, 68, 20, 88, 5, 73,
47, 39, 52, 94, 15, 3, 35, 84, 27, 33,
59, 93, 22, 63, 97, 11, 13, 66, 84, 78,
96, 91, 83, 85, 6, 21, 52, 93, 9, 23,
32, 22, 62, 84, 15, 44, 53, 50, 27, 46,
49, 52, 38, 71, 81, 1, 48, 61]
[[408, 967, 8], [756, 825, 1054], [318, 424, 166], [773, 599, 585], [198, 1107, 843], [1001, 630, 229], [1105, 191, 578], [742, 1120, 1123], [609, 835, 880], [670, 443, 1104],
[554, 851, 944], [1058, 975, 9], [984, 661, 433], [519, 307, 400], [1104, 1001, 875], [187, 243, 378], [416, 220, 569], [363, 330, 1057], [358, 939, 132], [110, 977, 575],
[582, 403, 795], [398, 829, 10], [903, 54, 672], [208, 573, 347], [1104, 1045, 220], [852, 104, 463], [102, 1017, 51], [39, 252, 381], [465, 1106, 688], [597, 584, 538],
[541, 38, 309], [208, 933, 507], [714, 708, 561], [258, 285, 502], [605, 261, 419], [194, 1113, 1019], [25, 583, 276], [77, 1119, 1024], [954, 456, 1002], [515, 421, 954],
[421, 962, 993], [98, 538, 166], [605, 125, 874], [38, 879, 31], [540, 357, 293], [327, 551, 774], [715, 1072, 230], [991, 21, 221], [888, 344, 677], [130, 227, 466],
[1085, 648, 301], [318, 114, 839], [484, 88, 332], [726, 622, 84], [758, 531, 937], [419, 858, 856], [65, 941, 800], [791, 805, 190]]
[[9, 9, 6, 0], [5, 9, 7, 10], [10, 7, 0, 9], [10, 9, 3, 8], [10, 9, 6, 5], [1, 4, 1, 7], [10, 3, 7, 2], [7, 3, 5, 5], [1, 0, 3, 4], [7, 0, 4, 6],
[5, 4, 5, 2], [0, 6, 0, 10], [4, 4, 2, 5], [8, 4, 2, 8], [7, 9, 8, 3], [1, 2, 6, 1], [0, 9, 5, 7], [7, 7, 0, 2], [9, 3, 4, 9], [9, 2, 7, 3],
[7, 9, 8, 4], [0, 8, 10, 7], [6, 7, 8, 6], [7, 1, 5, 5], [9, 10, 10, 5], [5, 0, 5, 3], [3, 10, 2, 0], [10, 9, 3, 6], [5, 9, 9, 6], [7, 8, 0, 0],
[3, 7, 4, 8], [8, 9, 3, 4], [7, 2, 8, 1], [0, 2, 4, 4], [10, 4, 4, 10], [2, 5, 5, 6], [3, 1, 1, 10], [10, 1, 9, 0], [6, 2, 8, 2], [10, 9, 6, 6],
[1, 3, 5, 1], [4, 9, 3, 3], [3, 5, 2, 3], [10, 6, 9, 1], [7, 8, 9, 4], [8, 7, 4, 3], [8, 0, 3, 7], [9, 10, 0, 8], [0, 5, 8, 4], [1, 9, 6, 2],
[4, 8, 6, 1], [3, 2, 2, 9], [9, 1, 2, 6], [6, 5, 7, 3], [3, 0, 10, 10], [8, 10, 8, 8], [4, 3, 0, 6], [1, 6, 8, 5]]
[1, 0.333333, 0.333333, 0.333333, 0.111111, 0.111111, 0.111111, 0.037037, 0.037037, 0.037037,
0.0123457, 0.0123457, 0.0123457, 0.00411523, 0.00411523, 0.00411523, 0.00137174, 0.00137174, 0.00137174, 0.000457247,
0.000457247, 0.000457247, 0.000152416, 0.000152416, 0.000152416, 5.08053e-05, 5.08053e-05, 5.08053e-05, 1.69351e-05, 1.69351e-05,
1.69351e-05, 5.64503e-06, 5.64503e-06, 5.64503e-06, 1.88168e-06, 1.88168e-06, 1.88168e-06, 6.27225e-07, 6.27225e-07, 6.27225e-07,
2.09075e-07, 2.09075e-07, 2.09075e-07, 6.96917e-08, 6.96917e-08, 6.96917e-08, 2.32306e-08, 2.32306e-08, 2.32306e-08, 7.74352e-09,
7.74352e-09, 7.74352e-09, 2.58117e-09, 2.58117e-09, 2.58117e-09, 8.60392e-10, 8.60392e-10, 8.60392e-10]
[5, 1, 5, 0, 5, 7, 10, 5, 10, 11,
6, 11, 11, 10, 10, 3, 2, 6, 1, 8,
5, 2, 7, 5, 4, 10, 10, 0, 7, 8,
11, 0, 5, 9, 9, 0, 2, 11, 2, 11,
4, 9, 11, 11, 4, 7, 4, 2, 10, 7,
9, 2, 1, 9, 1, 10, 9, 7]
------------------------------------------------------- 
# stage = 20	# children c = 3	length of each stage p = 1	nodes = 57	# items I = 1
