[51, 45, 27, 85, 32, 13, 48, 27, 79, 5,
85, 95, 96, 98, 94, 76, 72, 74, 98, 94,
50, 23, 39, 71, 25, 52, 18, 99, 11, 37,
66, 28, 49, 93, 13, 81, 73, 27, 74]
[[669, 414, 853], [1061, 514, 1008], [453, 768, 20], [357, 57, 819], [467, 149, 946], [276, 838, 651], [435, 500, 499], [613, 355, 664], [913, 641, 213], [228, 834, 72],
[310, 410, 487], [195, 379, 33], [235, 957, 926], [381, 221, 16], [107, 813, 165], [1053, 1090, 1004], [737, 432, 411], [268, 1045, 891], [932, 991, 564], [52, 251, 305],
[250, 686, 716], [862, 882, 127], [1020, 24, 1084], [854, 405, 337], [870, 637, 58], [67, 723, 55], [103, 367, 612], [640, 635, 689], [438, 474, 712], [35, 527, 964],
[340, 902, 682], [1056, 671, 471], [215, 598, 621], [206, 484, 58], [544, 386, 696], [602, 454, 326], [782, 682, 693], [426, 229, 235], [147, 793, 834]]
[[4, 8, 0, 7], [8, 6, 3, 7], [5, 5, 0, 9], [0, 10, 9, 1], [4, 10, 2, 7], [8, 3, 9, 7], [7, 9, 1, 6], [1, 7, 0, 6], [4, 1, 2, 0], [5, 3, 7, 10],
[8, 5, 9, 6], [4, 5, 8, 7], [2, 8, 3, 10], [0, 10, 4, 5], [8, 3, 0, 8], [10, 10, 3, 2], [9, 3, 0, 3], [4, 5, 0, 10], [10, 7, 6, 4], [10, 1, 0, 1],
[9, 1, 10, 8], [9, 3, 2, 4], [7, 1, 1, 4], [0, 2, 4, 7], [3, 4, 8, 7], [9, 6, 7, 9], [3, 0, 0, 2], [1, 9, 2, 8], [8, 1, 5, 6], [2, 6, 8, 7],
[7, 10, 1, 5], [10, 5, 10, 3], [8, 7, 8, 6], [2, 2, 2, 5], [2, 2, 6, 1], [0, 8, 10, 8], [7, 4, 1, 9], [8, 10, 6, 4], [7, 5, 7, 4]]
[1, 0.5, 0.5, 0.25, 0.25, 0.125, 0.125, 0.0625, 0.0625, 0.03125,
0.03125, 0.015625, 0.015625, 0.0078125, 0.0078125, 0.00390625, 0.00390625, 0.00195312, 0.00195312, 0.000976562,
0.000976562, 0.000488281, 0.000488281, 0.000244141, 0.000244141, 0.00012207, 0.00012207, 6.10352e-05, 6.10352e-05, 3.05176e-05,
3.05176e-05, 1.52588e-05, 1.52588e-05, 7.62939e-06, 7.62939e-06, 3.8147e-06, 3.8147e-06, 1.90735e-06, 1.90735e-06]
[6, 4, 4, 6, 2, 1, 3, 1, 0, 2,
3, 0, 1, 6, 3, 5, 7, 0, 5, 9,
7, 0, 0, 8, 2, 6, 6, 10, 5, 1,
7, 2, 3, 3, 7, 0, 10, 0, 9]
------------------------------------------------------- 
# stage = 20	# children c = 2	length of each stage p = 1	nodes = 38	# items I = 1
