[56, 44, 70, 30, 47, 52, 46, 24, 68, 80,
58, 71, 17, 65, 53, 60, 58, 65, 82, 60,
11, 24, 95, 9, 2, 2, 39, 95, 3, 99,
71, 26, 42, 40, 56, 55, 58, 1, 79]
[[293, 1692, 1784], [304, 666, 1658], [1586, 574, 506], [201, 379, 766], [1279, 940, 1038], [1378, 1570, 1965], [343, 1334, 1490], [986, 1409, 651], [1879, 4, 32], [520, 744, 1234],
[1162, 885, 710], [730, 1189, 1225], [20, 407, 1799], [375, 609, 2026], [1141, 1736, 750], [2028, 746, 104], [1777, 1089, 1286], [899, 1923, 327], [1550, 1434, 331], [1582, 1954, 923],
[448, 748, 1657], [1007, 1326, 630], [16, 1347, 886], [1663, 1722, 1495], [1473, 495, 863], [2071, 307, 1609], [2023, 1932, 330], [1094, 463, 2102], [1421, 2013, 1320], [1601, 1228, 1059],
[156, 1524, 1655], [1813, 315, 766], [76, 179, 2113], [962, 1842, 1467], [89, 1099, 1962], [952, 954, 2118], [193, 762, 1834], [371, 1704, 82], [257, 757, 1943]]
[[0, 9, 9, 9], [8, 6, 4, 5], [4, 10, 1, 7], [7, 5, 5, 4], [8, 6, 6, 8], [2, 1, 6, 10], [8, 0, 1, 6], [9, 6, 0, 7], [5, 9, 5, 0], [2, 9, 3, 6],
[6, 4, 0, 0], [9, 5, 4, 5], [10, 8, 0, 1], [9, 6, 9, 6], [5, 8, 0, 3], [3, 0, 10, 6], [7, 3, 4, 10], [10, 7, 3, 6], [1, 4, 6, 8], [7, 9, 0, 6],
[6, 10, 5, 5], [3, 1, 9, 8], [9, 9, 0, 0], [7, 9, 4, 4], [1, 9, 1, 9], [5, 4, 4, 4], [8, 9, 0, 3], [7, 0, 9, 2], [8, 4, 5, 1], [5, 4, 9, 2],
[2, 8, 2, 8], [6, 6, 10, 5], [2, 0, 3, 8], [4, 6, 1, 0], [2, 10, 3, 9], [9, 1, 9, 6], [3, 4, 7, 9], [8, 4, 9, 8], [1, 9, 5, 5]]
[1, 0.5, 0.5, 0.25, 0.25, 0.125, 0.125, 0.0625, 0.0625, 0.03125,
0.03125, 0.015625, 0.015625, 0.0078125, 0.0078125, 0.00390625, 0.00390625, 0.00195312, 0.00195312, 0.000976562,
0.000976562, 0.000488281, 0.000488281, 0.000244141, 0.000244141, 0.00012207, 0.00012207, 6.10352e-05, 6.10352e-05, 3.05176e-05,
3.05176e-05, 1.52588e-05, 1.52588e-05, 7.62939e-06, 7.62939e-06, 3.8147e-06, 3.8147e-06, 1.90735e-06, 1.90735e-06]
[9, 13, 10, 11, 21, 17, 12, 21, 17, 7,
12, 12, 4, 9, 7, 17, 12, 11, 2, 5,
15, 16, 3, 10, 13, 4, 20, 19, 4, 22,
2, 15, 12, 19, 4, 2, 11, 12, 21]
------------------------------------------------------- 
# stage = 20	# children c = 2	length of each stage p = 1	nodes = 38	# items I = 1
