[20, 99, 26, 67, 51, 74, 32, 46, 15, 76,
62, 67, 89, 53, 81, 69, 74, 3, 38, 87,
87, 63, 4, 75, 6, 62, 20, 18, 84, 51,
99, 70, 49, 91, 36, 67, 31, 68, 12]
[[4, 773, 317], [672, 25, 569], [261, 862, 1005], [708, 823, 396], [240, 816, 521], [640, 522, 121], [717, 1067, 765], [67, 492, 650], [755, 403, 1098], [539, 848, 121],
[674, 488, 894], [991, 796, 920], [37, 1057, 623], [1042, 606, 288], [1075, 483, 1104], [437, 1123, 467], [194, 317, 11], [959, 21, 503], [450, 776, 542], [25, 157, 232],
[147, 467, 720], [1041, 1094, 358], [438, 1131, 1051], [698, 651, 499], [986, 567, 618], [567, 640, 218], [670, 834, 171], [681, 635, 192], [25, 721, 969], [204, 383, 762],
[436, 530, 865], [792, 48, 800], [786, 123, 408], [679, 821, 1059], [814, 648, 103], [273, 851, 379], [127, 362, 850], [298, 679, 1121], [491, 704, 683]]
[[5, 3, 7, 7], [3, 4, 0, 5], [7, 9, 0, 2], [9, 4, 2, 1], [6, 8, 9, 9], [4, 9, 2, 2], [9, 5, 10, 8], [6, 10, 1, 1], [3, 6, 8, 4], [10, 6, 9, 6],
[3, 7, 7, 1], [0, 9, 0, 5], [4, 9, 1, 8], [7, 1, 0, 3], [5, 8, 10, 0], [5, 0, 1, 6], [6, 7, 0, 6], [3, 7, 10, 6], [4, 4, 5, 2], [2, 5, 5, 7],
[1, 7, 2, 8], [8, 2, 9, 0], [8, 8, 1, 3], [6, 0, 7, 2], [8, 7, 6, 9], [4, 3, 2, 6], [8, 7, 8, 8], [10, 3, 2, 9], [8, 5, 4, 3], [5, 2, 4, 1],
[9, 5, 2, 2], [5, 9, 2, 0], [4, 8, 7, 6], [10, 9, 1, 7], [3, 7, 2, 0], [10, 5, 9, 5], [10, 2, 9, 2], [3, 2, 3, 10], [5, 5, 1, 8]]
[1, 0.5, 0.5, 0.25, 0.25, 0.125, 0.125, 0.0625, 0.0625, 0.03125,
0.03125, 0.015625, 0.015625, 0.0078125, 0.0078125, 0.00390625, 0.00390625, 0.00195312, 0.00195312, 0.000976562,
0.000976562, 0.000488281, 0.000488281, 0.000244141, 0.000244141, 0.00012207, 0.00012207, 6.10352e-05, 6.10352e-05, 3.05176e-05,
3.05176e-05, 1.52588e-05, 1.52588e-05, 7.62939e-06, 7.62939e-06, 3.8147e-06, 3.8147e-06, 1.90735e-06, 1.90735e-06]
[10, 15, 18, 21, 17, 21, 11, 2, 14, 4,
15, 15, 4, 3, 4, 18, 19, 16, 12, 2,
22, 4, 9, 1, 19, 6, 23, 16, 18, 13,
19, 14, 8, 12, 4, 17, 6, 3, 12]
------------------------------------------------------- 
# stage = 20	# children c = 2	length of each stage p = 1	nodes = 38	# items I = 1
