[4, 22, 30, 45, 17, 84, 68, 40, 100, 66,
89, 20, 10, 97, 6, 9, 88, 50, 84, 15,
29, 82, 75, 71, 10, 69, 89, 59, 42, 27,
8, 47, 49, 4, 58, 33, 88, 25, 73]
[[254, 885, 618], [589, 542, 73], [533, 680, 626], [419, 969, 420], [488, 923, 936], [171, 912, 84], [783, 112, 523], [104, 82, 387], [388, 268, 462], [778, 227, 527],
[900, 482, 765], [870, 423, 337], [943, 956, 47], [921, 405, 368], [372, 245, 644], [660, 416, 586], [745, 552, 699], [620, 656, 133], [38, 397, 723], [822, 527, 303],
[702, 457, 785], [497, 357, 560], [186, 652, 868], [555, 604, 625], [923, 328, 870], [597, 18, 638], [536, 115, 542], [587, 88, 551], [72, 448, 948], [795, 622, 827],
[128, 354, 315], [265, 203, 24], [177, 389, 677], [75, 944, 633], [700, 250, 961], [922, 847, 331], [913, 735, 769], [485, 352, 209], [66, 424, 657]]
[[9, 3, 1, 6], [1, 10, 6, 4], [9, 2, 2, 2], [5, 0, 1, 10], [3, 9, 0, 2], [7, 9, 2, 10], [7, 3, 2, 10], [5, 5, 6, 1], [8, 7, 6, 7], [7, 10, 9, 3],
[1, 1, 3, 5], [1, 5, 2, 4], [1, 2, 4, 8], [1, 6, 5, 6], [7, 8, 5, 0], [0, 9, 10, 6], [5, 5, 3, 10], [4, 1, 0, 4], [0, 2, 9, 2], [7, 0, 4, 6],
[1, 9, 2, 2], [2, 7, 6, 8], [2, 9, 8, 2], [7, 7, 9, 10], [0, 10, 8, 2], [9, 8, 6, 8], [10, 2, 10, 4], [1, 1, 9, 2], [8, 0, 2, 9], [7, 8, 6, 10],
[4, 1, 10, 9], [6, 6, 6, 6], [5, 3, 9, 2], [10, 2, 10, 7], [5, 7, 10, 6], [6, 8, 6, 4], [8, 8, 2, 2], [3, 6, 10, 7], [7, 10, 3, 2]]
[1, 0.5, 0.5, 0.25, 0.25, 0.125, 0.125, 0.0625, 0.0625, 0.03125,
0.03125, 0.015625, 0.015625, 0.0078125, 0.0078125, 0.00390625, 0.00390625, 0.00195312, 0.00195312, 0.000976562,
0.000976562, 0.000488281, 0.000488281, 0.000244141, 0.000244141, 0.00012207, 0.00012207, 6.10352e-05, 6.10352e-05, 3.05176e-05,
3.05176e-05, 1.52588e-05, 1.52588e-05, 7.62939e-06, 7.62939e-06, 3.8147e-06, 3.8147e-06, 1.90735e-06, 1.90735e-06]
[2, 4, 6, 0, 5, 1, 5, 7, 17, 0,
2, 12, 18, 12, 3, 13, 14, 10, 8, 2,
19, 8, 2, 2, 6, 17, 17, 13, 8, 14,
0, 9, 5, 7, 1, 0, 16, 17, 4]
------------------------------------------------------- 
# stage = 20	# children c = 2	length of each stage p = 1	nodes = 38	# items I = 1
