[99, 45, 91, 92, 14, 33, 24, 15, 33, 62,
73, 46, 15, 77, 34, 36, 99, 95, 9, 62,
64, 21, 76, 94, 98, 28, 36, 76, 58, 82,
74, 56, 26, 64, 14, 40, 64, 38, 21, 63,
66, 94, 8, 47, 70, 42, 83, 35, 37, 92,
97, 67, 79, 38, 60, 76, 33, 62]
[[757, 360, 380], [963, 157, 631], [744, 350, 33], [287, 440, 605], [50, 1011, 536], [1008, 5, 844], [621, 212, 152], [321, 425, 11], [441, 845, 937], [568, 595, 419],
[795, 909, 779], [733, 394, 936], [329, 695, 252], [955, 982, 249], [525, 1033, 817], [618, 563, 379], [427, 150, 591], [137, 28, 573], [148, 469, 383], [50, 3, 535],
[27, 355, 1001], [806, 53, 361], [265, 975, 21], [74, 895, 561], [323, 977, 559], [697, 118, 679], [41, 102, 386], [189, 239, 415], [762, 979, 884], [702, 587, 444],
[794, 614, 800], [760, 977, 853], [678, 207, 350], [257, 281, 210], [818, 161, 153], [934, 858, 863], [578, 456, 965], [965, 645, 762], [345, 964, 706], [786, 631, 850],
[196, 982, 429], [553, 265, 964], [963, 943, 728], [279, 165, 1010], [489, 540, 728], [199, 439, 109], [27, 575, 565], [550, 505, 176], [277, 407, 697], [983, 750, 294],
[356, 946, 833], [342, 21, 63], [271, 985, 564], [1000, 229, 729], [532, 275, 827], [817, 475, 823], [926, 59, 363], [14, 609, 425]]
[[5, 3, 6, 2], [7, 10, 4, 5], [10, 5, 6, 10], [2, 8, 1, 8], [5, 4, 5, 10], [3, 2, 3, 10], [1, 10, 7, 1], [3, 4, 6, 7], [7, 2, 7, 1], [10, 9, 4, 8],
[3, 10, 5, 3], [5, 7, 0, 10], [9, 4, 7, 1], [6, 10, 0, 6], [7, 5, 5, 0], [9, 0, 5, 4], [0, 10, 5, 9], [9, 10, 4, 10], [7, 9, 3, 2], [3, 1, 1, 1],
[5, 9, 2, 10], [6, 1, 5, 3], [4, 10, 1, 3], [8, 4, 7, 7], [3, 10, 3, 1], [9, 7, 1, 6], [3, 2, 6, 7], [3, 7, 8, 9], [3, 9, 8, 10], [8, 0, 0, 1],
[8, 1, 2, 5], [5, 7, 10, 6], [7, 0, 6, 3], [7, 5, 7, 0], [7, 2, 5, 10], [8, 0, 6, 0], [7, 3, 8, 2], [3, 8, 2, 0], [7, 4, 4, 10], [1, 1, 6, 8],
[2, 1, 0, 9], [6, 8, 7, 2], [8, 10, 10, 5], [0, 6, 4, 5], [9, 1, 8, 0], [8, 10, 9, 2], [1, 2, 2, 2], [2, 8, 8, 4], [7, 7, 0, 2], [2, 6, 2, 10],
[5, 1, 5, 3], [7, 7, 7, 6], [8, 4, 4, 3], [1, 2, 4, 2], [3, 6, 3, 5], [1, 0, 7, 8], [7, 7, 8, 9], [0, 10, 7, 4]]
[1, 0.333333, 0.333333, 0.333333, 0.111111, 0.111111, 0.111111, 0.037037, 0.037037, 0.037037,
0.0123457, 0.0123457, 0.0123457, 0.00411523, 0.00411523, 0.00411523, 0.00137174, 0.00137174, 0.00137174, 0.000457247,
0.000457247, 0.000457247, 0.000152416, 0.000152416, 0.000152416, 5.08053e-05, 5.08053e-05, 5.08053e-05, 1.69351e-05, 1.69351e-05,
1.69351e-05, 5.64503e-06, 5.64503e-06, 5.64503e-06, 1.88168e-06, 1.88168e-06, 1.88168e-06, 6.27225e-07, 6.27225e-07, 6.27225e-07,
2.09075e-07, 2.09075e-07, 2.09075e-07, 6.96917e-08, 6.96917e-08, 6.96917e-08, 2.32306e-08, 2.32306e-08, 2.32306e-08, 7.74352e-09,
7.74352e-09, 7.74352e-09, 2.58117e-09, 2.58117e-09, 2.58117e-09, 8.60392e-10, 8.60392e-10, 8.60392e-10]
[10, 6, 7, 0, 1, 4, 8, 2, 5, 8,
3, 3, 9, 2, 4, 9, 4, 4, 7, 3,
6, 5, 3, 10, 3, 3, 9, 10, 7, 3,
0, 3, 5, 2, 9, 7, 0, 2, 6, 10,
5, 2, 4, 8, 1, 0, 8, 3, 6, 0,
8, 4, 7, 8, 4, 9, 5, 8]
------------------------------------------------------- 
# stage = 20	# children c = 3	length of each stage p = 1	nodes = 57	# items I = 1
