[72, 13, 89, 22, 8, 32, 24, 43, 35, 20,
41, 51, 17, 69, 31, 37, 49, 12, 5, 43,
35, 45, 22, 55, 22, 47, 46, 28, 76, 16,
81, 14, 96, 69, 36, 3, 68, 60, 13, 2,
80, 54, 19, 63, 89, 16, 66, 37, 28, 71,
46, 30, 16, 68, 85, 4, 81, 97]
[[456, 548, 93], [151, 238, 724], [398, 229, 263], [812, 37, 669], [109, 218, 218], [223, 704, 694], [436, 694, 103], [207, 725, 350], [42, 640, 505], [480, 776, 540],
[416, 136, 859], [509, 58, 231], [367, 456, 460], [400, 402, 267], [204, 511, 255], [422, 504, 730], [20, 710, 558], [759, 688, 187], [13, 730, 827], [519, 115, 507],
[193, 531, 414], [186, 174, 472], [417, 312, 62], [647, 712, 464], [684, 686, 745], [74, 12, 154], [574, 668, 634], [266, 561, 456], [223, 345, 91], [821, 864, 206],
[462, 191, 737], [10, 148, 681], [252, 565, 127], [314, 117, 610], [548, 801, 200], [198, 645, 213], [122, 353, 15], [756, 389, 347], [117, 383, 462], [208, 338, 460],
[414, 800, 421], [285, 581, 569], [736, 833, 39], [634, 52, 792], [148, 370, 497], [348, 568, 47], [331, 690, 170], [347, 351, 560], [464, 468, 77], [60, 676, 185],
[290, 860, 119], [481, 49, 470], [821, 785, 208], [860, 553, 30], [556, 701, 400], [187, 184, 739], [4, 515, 333], [175, 632, 684]]
[[9, 1, 8, 0], [5, 3, 0, 3], [0, 7, 2, 4], [10, 7, 1, 3], [4, 4, 0, 5], [0, 0, 1, 2], [8, 2, 8, 4], [10, 10, 3, 6], [9, 0, 6, 3], [2, 5, 4, 0],
[1, 6, 2, 9], [1, 3, 2, 5], [5, 2, 10, 3], [0, 9, 6, 9], [0, 1, 0, 0], [0, 3, 4, 10], [2, 0, 0, 4], [5, 5, 2, 4], [9, 4, 1, 10], [5, 3, 4, 10],
[3, 2, 3, 3], [0, 7, 10, 10], [8, 0, 8, 6], [3, 1, 3, 3], [10, 2, 7, 2], [7, 9, 5, 5], [0, 6, 3, 5], [7, 7, 3, 10], [7, 4, 0, 6], [0, 0, 5, 6],
[9, 2, 10, 10], [1, 3, 3, 1], [5, 8, 3, 10], [7, 6, 2, 5], [1, 5, 0, 8], [2, 3, 7, 7], [7, 6, 2, 5], [6, 5, 0, 4], [7, 10, 3, 7], [0, 6, 8, 5],
[4, 9, 4, 9], [5, 7, 3, 4], [10, 1, 2, 10], [4, 7, 7, 9], [2, 7, 3, 8], [2, 3, 10, 7], [1, 1, 3, 10], [7, 9, 5, 9], [8, 7, 5, 0], [1, 9, 4, 1],
[10, 4, 0, 2], [1, 5, 0, 3], [2, 4, 10, 4], [5, 7, 9, 4], [8, 2, 4, 3], [0, 7, 1, 6], [3, 7, 4, 3], [3, 9, 2, 0]]
[1, 0.333333, 0.333333, 0.333333, 0.111111, 0.111111, 0.111111, 0.037037, 0.037037, 0.037037,
0.0123457, 0.0123457, 0.0123457, 0.00411523, 0.00411523, 0.00411523, 0.00137174, 0.00137174, 0.00137174, 0.000457247,
0.000457247, 0.000457247, 0.000152416, 0.000152416, 0.000152416, 5.08053e-05, 5.08053e-05, 5.08053e-05, 1.69351e-05, 1.69351e-05,
1.69351e-05, 5.64503e-06, 5.64503e-06, 5.64503e-06, 1.88168e-06, 1.88168e-06, 1.88168e-06, 6.27225e-07, 6.27225e-07, 6.27225e-07,
2.09075e-07, 2.09075e-07, 2.09075e-07, 6.96917e-08, 6.96917e-08, 6.96917e-08, 2.32306e-08, 2.32306e-08, 2.32306e-08, 7.74352e-09,
7.74352e-09, 7.74352e-09, 2.58117e-09, 2.58117e-09, 2.58117e-09, 8.60392e-10, 8.60392e-10, 8.60392e-10]
[0, 6, 6, 16, 2, 7, 17, 15, 16, 3,
5, 8, 5, 4, 2, 3, 17, 15, 16, 4,
1, 9, 2, 5, 11, 7, 17, 11, 4, 16,
16, 7, 4, 16, 13, 0, 12, 13, 10, 13,
7, 1, 15, 6, 8, 6, 17, 17, 13, 3,
16, 4, 8, 6, 16, 2, 2, 8]
------------------------------------------------------- 
# stage = 20	# children c = 3	length of each stage p = 1	nodes = 57	# items I = 1
