[78, 38, 16, 86, 12, 73, 58, 46, 67, 71,
19, 74, 79, 91, 2, 79, 52, 62, 38, 54,
17, 40, 81, 59, 45, 7, 52, 85, 2, 66,
59, 80, 71, 41, 32, 83, 81, 90, 95]
[[141, 2242, 1247], [1956, 648, 1934], [850, 1758, 966], [2038, 2281, 569], [1954, 2031, 224], [1656, 689, 700], [1738, 1179, 286], [1268, 360, 1337], [1375, 2156, 1167], [1814, 966, 967],
[1169, 2186, 1959], [87, 563, 1357], [2022, 163, 786], [1738, 2201, 1817], [2308, 1826, 270], [1282, 1154, 2038], [1983, 1642, 888], [2269, 1660, 2327], [28, 1785, 905], [1195, 1271, 1871],
[912, 111, 479], [1622, 199, 1042], [650, 971, 1206], [187, 380, 1078], [2004, 1438, 1655], [1024, 392, 1559], [733, 1125, 1951], [371, 2144, 1283], [1449, 2172, 739], [25, 2118, 2010],
[646, 701, 872], [1125, 1073, 1071], [918, 1724, 2042], [2124, 1911, 1172], [1952, 336, 282], [28, 111, 1753], [1587, 1923, 549], [2289, 1045, 364], [1243, 165, 1287]]
[[4, 4, 2, 1], [10, 0, 6, 5], [1, 10, 10, 2], [0, 2, 3, 1], [3, 2, 10, 1], [8, 8, 10, 8], [4, 6, 9, 8], [6, 7, 9, 8], [10, 9, 9, 9], [8, 2, 2, 9],
[0, 1, 9, 0], [1, 2, 10, 2], [2, 8, 3, 10], [5, 3, 5, 7], [9, 4, 2, 4], [9, 9, 1, 8], [6, 8, 5, 3], [9, 7, 10, 7], [6, 8, 7, 5], [10, 5, 7, 10],
[2, 0, 7, 5], [1, 2, 1, 10], [6, 3, 1, 2], [1, 0, 0, 7], [6, 5, 8, 4], [10, 7, 9, 3], [5, 4, 8, 2], [9, 2, 2, 9], [0, 9, 3, 1], [9, 4, 9, 4],
[7, 8, 7, 6], [8, 5, 1, 2], [8, 9, 4, 5], [6, 3, 8, 9], [7, 3, 0, 5], [5, 0, 3, 6], [8, 6, 5, 6], [8, 2, 9, 2], [10, 3, 8, 6]]
[1, 0.5, 0.5, 0.25, 0.25, 0.125, 0.125, 0.0625, 0.0625, 0.03125,
0.03125, 0.015625, 0.015625, 0.0078125, 0.0078125, 0.00390625, 0.00390625, 0.00195312, 0.00195312, 0.000976562,
0.000976562, 0.000488281, 0.000488281, 0.000244141, 0.000244141, 0.00012207, 0.00012207, 6.10352e-05, 6.10352e-05, 3.05176e-05,
3.05176e-05, 1.52588e-05, 1.52588e-05, 7.62939e-06, 7.62939e-06, 3.8147e-06, 3.8147e-06, 1.90735e-06, 1.90735e-06]
[2, 2, 11, 4, 8, 9, 9, 3, 11, 5,
5, 6, 0, 4, 10, 0, 6, 11, 7, 9,
8, 10, 0, 8, 1, 3, 6, 0, 6, 10,
10, 8, 8, 5, 11, 10, 5, 5, 6]
------------------------------------------------------- 
# stage = 20	# children c = 2	length of each stage p = 1	nodes = 38	# items I = 1
