[94, 62, 92, 73, 7, 60, 76, 90, 5, 90,
31, 8, 14, 41, 72, 61, 62, 89, 79, 98,
62, 93, 51, 24, 42, 36, 16, 32, 92, 26,
93, 85, 88, 50, 24, 61, 76, 66, 51]
[[632, 693, 666], [966, 64, 90], [572, 311, 777], [44, 142, 770], [913, 533, 1051], [532, 855, 183], [320, 811, 703], [736, 964, 672], [267, 545, 468], [1018, 259, 1045],
[378, 889, 679], [1044, 798, 744], [76, 312, 1055], [853, 354, 140], [564, 210, 671], [556, 740, 469], [740, 4, 222], [384, 738, 129], [1055, 1005, 673], [466, 965, 930],
[452, 286, 763], [75, 271, 502], [817, 347, 814], [815, 141, 109], [953, 705, 320], [567, 205, 1], [1034, 943, 5], [199, 270, 743], [329, 268, 690], [1002, 733, 596],
[875, 126, 882], [579, 199, 96], [25, 1016, 444], [837, 772, 583], [947, 668, 232], [208, 176, 437], [209, 154, 321], [213, 353, 591], [954, 680, 858]]
[[9, 3, 3, 8], [4, 1, 4, 10], [8, 0, 4, 3], [2, 5, 1, 5], [3, 2, 1, 0], [10, 3, 7, 0], [2, 2, 4, 2], [10, 10, 1, 7], [1, 2, 2, 3], [3, 4, 2, 1],
[4, 5, 4, 4], [10, 3, 10, 1], [4, 9, 1, 1], [1, 8, 1, 1], [8, 3, 2, 5], [1, 3, 10, 2], [4, 1, 5, 7], [5, 5, 6, 7], [10, 0, 1, 8], [1, 9, 9, 5],
[5, 8, 7, 6], [3, 6, 6, 0], [8, 8, 3, 9], [9, 3, 9, 2], [2, 1, 10, 6], [6, 3, 0, 6], [1, 1, 1, 3], [8, 10, 6, 2], [7, 0, 7, 10], [5, 2, 8, 2],
[10, 0, 9, 8], [1, 7, 0, 2], [8, 8, 8, 1], [9, 8, 5, 0], [8, 6, 1, 3], [5, 7, 6, 10], [6, 0, 9, 0], [2, 4, 2, 1], [3, 9, 7, 4]]
[1, 0.5, 0.5, 0.25, 0.25, 0.125, 0.125, 0.0625, 0.0625, 0.03125,
0.03125, 0.015625, 0.015625, 0.0078125, 0.0078125, 0.00390625, 0.00390625, 0.00195312, 0.00195312, 0.000976562,
0.000976562, 0.000488281, 0.000488281, 0.000244141, 0.000244141, 0.00012207, 0.00012207, 6.10352e-05, 6.10352e-05, 3.05176e-05,
3.05176e-05, 1.52588e-05, 1.52588e-05, 7.62939e-06, 7.62939e-06, 3.8147e-06, 3.8147e-06, 1.90735e-06, 1.90735e-06]
[7, 17, 17, 14, 4, 7, 3, 17, 21, 14,
11, 20, 7, 2, 13, 12, 3, 8, 10, 20,
11, 11, 14, 6, 15, 15, 6, 8, 18, 17,
15, 3, 14, 15, 11, 13, 13, 13, 5]
------------------------------------------------------- 
# stage = 20	# children c = 2	length of each stage p = 1	nodes = 38	# items I = 1
