[60, 71, 57, 96, 30, 70, 85, 9, 15, 90,
59, 64, 13, 46, 24, 15, 46, 88, 79, 50,
36, 45, 92, 16, 30, 32, 51, 34, 100, 52,
12, 25, 90, 35, 20, 86, 4, 71, 96, 19,
60, 20, 84, 40, 67, 74, 55, 12, 61, 100,
28, 97, 10, 19, 79, 41, 51, 96]
[[1621, 881, 1160], [1529, 1872, 879], [1594, 1049, 1854], [1864, 135, 119], [133, 2098, 1612], [1266, 1921, 649], [141, 325, 1288], [1943, 90, 1562], [93, 908, 1349], [1957, 1878, 1994],
[1222, 1305, 681], [188, 1999, 1717], [232, 1399, 1930], [2086, 234, 2066], [11, 1725, 1134], [788, 797, 26], [1437, 102, 351], [1889, 2046, 441], [421, 2139, 513], [1771, 1066, 1556],
[1571, 95, 667], [1417, 1641, 1830], [104, 1873, 1036], [2035, 930, 1270], [1071, 105, 801], [11, 893, 762], [37, 1495, 864], [1746, 1190, 716], [2188, 776, 662], [1865, 353, 1728],
[1227, 1088, 987], [1059, 1669, 435], [695, 1774, 1472], [895, 1615, 208], [1329, 492, 314], [2130, 1861, 371], [698, 1899, 1866], [1563, 615, 27], [1443, 1967, 803], [1269, 1639, 320],
[2162, 2030, 572], [955, 895, 48], [554, 755, 1822], [2027, 1650, 407], [1399, 786, 899], [1713, 2080, 1924], [2085, 1943, 793], [921, 476, 1409], [948, 1083, 1182], [915, 159, 1985],
[399, 127, 1822], [972, 1082, 523], [1020, 801, 442], [2006, 634, 2093], [1577, 2033, 2043], [282, 717, 1093], [12, 608, 6], [2164, 693, 482]]
[[10, 4, 6, 3], [1, 4, 6, 3], [9, 5, 6, 6], [3, 1, 6, 6], [6, 3, 5, 3], [9, 0, 6, 0], [3, 5, 10, 6], [4, 10, 3, 4], [2, 7, 5, 3], [9, 10, 7, 6],
[4, 0, 1, 7], [1, 5, 1, 7], [6, 6, 9, 4], [4, 4, 3, 8], [9, 0, 1, 3], [10, 2, 5, 1], [10, 10, 5, 8], [9, 10, 1, 2], [10, 3, 8, 1], [8, 9, 6, 4],
[2, 2, 6, 7], [6, 7, 2, 3], [7, 3, 4, 7], [5, 9, 8, 2], [6, 0, 9, 5], [10, 10, 5, 10], [2, 0, 9, 9], [7, 2, 0, 10], [5, 4, 4, 9], [1, 6, 10, 8],
[9, 3, 2, 3], [10, 0, 6, 6], [9, 4, 9, 9], [1, 3, 6, 4], [4, 2, 0, 9], [4, 9, 8, 7], [2, 1, 6, 3], [5, 5, 10, 3], [9, 1, 5, 6], [10, 9, 1, 9],
[0, 10, 5, 1], [1, 0, 3, 3], [2, 1, 1, 6], [10, 8, 3, 2], [7, 7, 3, 2], [1, 2, 3, 8], [2, 8, 2, 1], [4, 3, 10, 4], [1, 4, 4, 0], [4, 7, 3, 4],
[7, 4, 9, 6], [1, 1, 6, 9], [6, 10, 9, 5], [10, 1, 3, 1], [8, 5, 3, 1], [6, 0, 4, 5], [5, 8, 5, 7], [2, 6, 1, 9]]
[1, 0.333333, 0.333333, 0.333333, 0.111111, 0.111111, 0.111111, 0.037037, 0.037037, 0.037037,
0.0123457, 0.0123457, 0.0123457, 0.00411523, 0.00411523, 0.00411523, 0.00137174, 0.00137174, 0.00137174, 0.000457247,
0.000457247, 0.000457247, 0.000152416, 0.000152416, 0.000152416, 5.08053e-05, 5.08053e-05, 5.08053e-05, 1.69351e-05, 1.69351e-05,
1.69351e-05, 5.64503e-06, 5.64503e-06, 5.64503e-06, 1.88168e-06, 1.88168e-06, 1.88168e-06, 6.27225e-07, 6.27225e-07, 6.27225e-07,
2.09075e-07, 2.09075e-07, 2.09075e-07, 6.96917e-08, 6.96917e-08, 6.96917e-08, 2.32306e-08, 2.32306e-08, 2.32306e-08, 7.74352e-09,
7.74352e-09, 7.74352e-09, 2.58117e-09, 2.58117e-09, 2.58117e-09, 8.60392e-10, 8.60392e-10, 8.60392e-10]
[0, 2, 0, 5, 4, 10, 3, 7, 4, 2,
5, 0, 1, 4, 10, 3, 2, 0, 2, 2,
5, 6, 7, 0, 8, 7, 7, 4, 7, 7,
0, 2, 5, 1, 3, 0, 0, 3, 7, 4,
3, 3, 5, 3, 2, 4, 8, 2, 4, 8,
1, 2, 2, 7, 6, 9, 10, 2]
------------------------------------------------------- 
# stage = 20	# children c = 3	length of each stage p = 1	nodes = 57	# items I = 1
