[18, 95, 4, 59, 27, 3, 6, 94, 44, 9,
79, 56, 38, 52, 32, 26, 19, 84, 94, 31,
13, 97, 16, 85, 40, 52, 41, 80, 12, 26,
88, 97, 88, 92, 55, 14, 61, 61, 75, 4,
36, 53, 60, 41, 4, 59, 67, 91, 42, 26,
21, 55, 22, 37, 6, 28, 55, 13]
[[261, 330, 1398], [1577, 561, 416], [479, 531, 548], [1666, 109, 1119], [2185, 489, 997], [605, 403, 1126], [600, 1936, 1290], [1427, 357, 1334], [1639, 492, 2187], [1382, 472, 2170],
[941, 1091, 616], [97, 427, 1177], [871, 906, 2066], [1420, 688, 2175], [655, 632, 423], [1652, 1595, 1184], [894, 2195, 878], [301, 1381, 1236], [1635, 1136, 1728], [1580, 276, 317],
[1508, 1217, 1408], [2124, 1672, 1835], [1417, 660, 858], [1241, 196, 1546], [1533, 851, 2178], [1956, 620, 1889], [1256, 1514, 1843], [250, 1815, 1340], [1844, 1208, 234], [1689, 904, 868],
[2006, 528, 202], [1172, 768, 1874], [766, 2185, 650], [1982, 1185, 846], [1286, 834, 2056], [1581, 906, 434], [1228, 2162, 1948], [1187, 528, 1880], [643, 131, 1204], [1235, 1820, 2109],
[2104, 1584, 395], [64, 514, 1164], [54, 1638, 1107], [1063, 1378, 408], [1909, 781, 1600], [2081, 478, 264], [273, 1706, 542], [338, 1010, 1071], [2218, 1653, 1202], [1180, 647, 1138],
[1405, 867, 480], [1801, 1289, 1352], [1081, 1343, 1107], [304, 164, 601], [1071, 190, 1740], [429, 29, 2218], [694, 661, 1683], [1236, 1357, 809]]
[[5, 7, 4, 7], [4, 3, 2, 4], [6, 2, 7, 5], [8, 4, 4, 8], [9, 7, 3, 10], [4, 10, 9, 3], [2, 2, 5, 5], [3, 1, 9, 7], [8, 1, 1, 10], [4, 4, 4, 8],
[4, 9, 2, 0], [2, 5, 8, 1], [10, 9, 9, 1], [6, 6, 4, 8], [8, 7, 1, 10], [8, 8, 4, 3], [9, 5, 3, 1], [7, 5, 9, 10], [3, 10, 10, 3], [2, 7, 2, 1],
[5, 1, 2, 0], [7, 4, 6, 2], [0, 7, 10, 6], [5, 3, 9, 1], [7, 1, 2, 1], [4, 10, 0, 5], [9, 10, 9, 0], [4, 9, 10, 7], [10, 10, 7, 4], [1, 1, 5, 1],
[6, 4, 7, 0], [6, 3, 0, 0], [3, 0, 1, 7], [10, 0, 2, 6], [8, 9, 4, 2], [7, 3, 7, 5], [0, 4, 9, 1], [3, 3, 2, 9], [6, 7, 8, 1], [0, 8, 10, 3],
[6, 9, 8, 6], [9, 10, 10, 7], [6, 4, 7, 3], [5, 3, 8, 6], [5, 4, 7, 6], [8, 8, 5, 1], [4, 0, 0, 2], [8, 10, 3, 1], [8, 1, 5, 5], [9, 5, 10, 5],
[9, 6, 6, 3], [7, 1, 7, 0], [5, 4, 6, 0], [1, 0, 1, 5], [0, 1, 6, 6], [9, 9, 8, 7], [8, 2, 10, 5], [5, 9, 8, 3]]
[1, 0.333333, 0.333333, 0.333333, 0.111111, 0.111111, 0.111111, 0.037037, 0.037037, 0.037037,
0.0123457, 0.0123457, 0.0123457, 0.00411523, 0.00411523, 0.00411523, 0.00137174, 0.00137174, 0.00137174, 0.000457247,
0.000457247, 0.000457247, 0.000152416, 0.000152416, 0.000152416, 5.08053e-05, 5.08053e-05, 5.08053e-05, 1.69351e-05, 1.69351e-05,
1.69351e-05, 5.64503e-06, 5.64503e-06, 5.64503e-06, 1.88168e-06, 1.88168e-06, 1.88168e-06, 6.27225e-07, 6.27225e-07, 6.27225e-07,
2.09075e-07, 2.09075e-07, 2.09075e-07, 6.96917e-08, 6.96917e-08, 6.96917e-08, 2.32306e-08, 2.32306e-08, 2.32306e-08, 7.74352e-09,
7.74352e-09, 7.74352e-09, 2.58117e-09, 2.58117e-09, 2.58117e-09, 8.60392e-10, 8.60392e-10, 8.60392e-10]
[1, 9, 3, 11, 9, 1, 9, 1, 1, 6,
7, 1, 10, 6, 5, 6, 8, 1, 9, 4,
6, 0, 0, 3, 4, 7, 9, 4, 2, 2,
0, 9, 3, 4, 7, 7, 9, 9, 5, 4,
2, 0, 8, 11, 11, 10, 1, 4, 2, 9,
0, 0, 11, 0, 2, 5, 11, 11]
------------------------------------------------------- 
# stage = 20	# children c = 3	length of each stage p = 1	nodes = 57	# items I = 1
